Date,Open,High,Low,Close,Volume
2016-03-14,10.0,11.64,7.32,7.38,1024946
2016-03-15,7.34,8.2,7.19,7.43,644743
2016-03-16,7.22,7.63,6.57,6.61,359451
2016-03-17,6.36,6.89,5.91,5.97,246576
2016-03-18,5.97,5.97,4.02,4.3,1542740
2016-03-21,4.3,5.78,4.3,4.89,1034774
2016-03-22,4.79,5.39,4.79,4.95,408408
2016-03-23,5.0,5.13,4.7,4.8,371178
2016-03-24,4.56,4.94,4.56,4.64,154947
2016-03-28,4.64,4.75,4.5,4.56,431924
2016-03-29,4.45,4.55,4.17,4.41,443356
2016-03-30,4.34,4.65,4.34,4.58,240340
2016-03-31,4.56,5.5,4.55,5.41,664741
2016-04-01,5.46,6.25,5.11,6.21,498282
2016-04-04,6.15,7.33,6.15,6.96,470414
2016-04-05,6.97,7.45,6.6,6.69,190020
2016-04-06,6.69,6.92,6.12,6.22,145142
2016-04-07,6.17,6.78,6.0,6.15,224417
2016-04-08,6.24,6.95,6.01,6.87,218865
2016-04-11,7.04,7.67,6.74,6.86,275328
2016-04-12,6.88,7.27,6.88,7.08,502026
2016-04-13,7.24,8.1,7.15,8.01,357542
2016-04-14,8.42,8.95,8.32,8.74,469352
2016-04-15,8.95,8.95,8.5,8.7,463007
2016-04-18,8.6,9.43,8.5,8.95,367393
2016-04-19,9.16,9.25,8.59,8.84,278772
2016-04-20,9.0,9.5,8.78,9.42,263458
2016-04-21,9.62,9.62,8.61,8.91,167789
2016-04-22,8.91,9.55,8.83,9.43,157930
2016-04-25,9.48,9.95,9.22,9.39,313600
2016-04-26,9.32,9.47,8.44,8.51,415475
2016-04-27,8.53,8.53,8.21,8.25,108669
2016-04-28,8.23,8.89,8.23,8.72,222182
2016-04-29,8.62,8.67,8.16,8.4,92047
2016-05-02,8.4,8.56,7.91,7.98,180139
2016-05-03,7.9,8.13,7.48,8.06,129081
2016-05-04,8.07,8.37,7.77,8.09,35040
2016-05-05,8.0,8.0,7.51,7.76,86841
2016-05-06,7.65,7.65,5.98,6.52,857495
2016-05-09,6.5,6.91,6.5,6.74,94768
2016-05-10,6.65,7.73,6.65,7.6,178560
2016-05-11,7.52,8.16,7.22,8.08,254521
2016-05-12,7.4,8.0,6.83,7.1,329501
2016-05-13,7.16,7.43,6.9,7.21,106109
2016-05-16,7.11,7.73,6.96,7.55,196838
2016-05-17,7.57,7.58,7.17,7.32,118513
2016-05-18,7.28,7.53,6.85,7.4,77807
2016-05-19,7.32,7.88,7.3,7.78,123782
2016-05-20,7.89,8.0,7.68,7.79,472755
2016-05-23,7.81,8.05,7.4,7.73,216463
2016-05-24,7.83,8.03,7.43,8.0,146912
2016-05-25,8.0,8.24,7.89,8.15,223547
2016-05-26,8.19,8.59,7.95,8.5,199273
2016-05-27,8.57,9.2,8.45,9.1,219315
2016-05-31,9.12,9.45,8.45,9.0,170175
2016-06-01,9.04,9.6,9.04,9.5,191232
2016-06-02,9.38,9.75,9.0,9.23,312225
2016-06-03,9.35,9.55,9.0,9.38,222863
2016-06-06,9.39,9.81,9.34,9.75,155973
2016-06-07,9.87,9.92,9.35,9.48,240943
2016-06-08,9.6,9.66,8.92,9.21,111611
2016-06-09,9.24,9.24,8.72,8.78,141183
2016-06-10,8.78,8.78,8.3,8.3,112131
2016-06-13,8.3,8.46,8.18,8.26,62748
2016-06-14,8.17,8.74,8.02,8.14,66368
2016-06-15,8.13,8.4,7.9,7.98,75729
2016-06-16,7.92,7.98,7.51,7.65,83416
2016-06-17,7.68,7.79,7.26,7.35,290754
2016-06-20,7.45,7.55,7.11,7.29,144146
2016-06-21,7.34,7.51,7.15,7.24,125297
2016-06-22,7.24,7.61,7.15,7.22,118888
2016-06-23,7.53,7.53,7.17,7.37,250412
2016-06-24,7.0,7.44,7.0,7.37,913971
2016-06-27,7.29,7.44,6.98,7.01,157793
2016-06-28,7.16,7.62,7.03,7.37,85056
2016-06-29,7.42,7.69,7.28,7.64,47774
2016-06-30,7.63,7.75,7.26,7.4,79968
2016-07-01,7.4,7.64,7.18,7.5,42515
2016-07-05,7.45,7.5,6.85,7.01,149125
2016-07-06,7.0,7.33,7.0,7.27,42432
2016-07-07,7.35,7.5,7.09,7.24,89108
2016-07-08,7.32,7.35,7.22,7.3,24063
2016-07-11,7.3,7.65,7.25,7.34,86456
2016-07-12,7.42,7.63,7.2,7.31,92719
2016-07-13,7.32,7.42,7.09,7.25,85579
2016-07-14,7.25,7.4,7.03,7.1,89539
2016-07-15,7.17,7.29,6.86,7.0,92532
2016-07-18,7.0,7.14,6.9,7.02,42881
2016-07-19,6.98,7.08,6.91,6.96,55949
2016-07-20,7.04,7.04,6.63,6.74,101373
2016-07-21,6.78,6.96,6.6,6.62,99762
2016-07-22,6.68,6.71,6.6,6.62,45627
2016-07-25,6.6,6.64,6.5,6.5,49351
2016-07-26,6.51,6.51,6.24,6.3,72225
2016-07-27,6.49,6.49,6.26,6.39,25240
2016-07-28,6.41,6.7,6.39,6.57,39388
2016-07-29,6.54,6.76,6.36,6.61,28439
2016-08-01,6.65,6.78,6.4,6.44,124579
2016-08-02,6.64,6.64,6.31,6.32,58792
2016-08-03,6.36,6.39,6.15,6.29,111720
2016-08-04,6.09,6.49,6.09,6.27,64188
2016-08-05,6.36,6.38,5.92,6.22,99907
2016-08-08,6.28,6.57,6.28,6.49,93272
2016-08-09,6.61,6.91,6.4,6.83,53112
2016-08-10,6.91,7.05,6.56,6.64,42836
2016-08-11,6.58,7.45,6.58,7.23,118297
2016-08-12,7.24,7.24,6.9,6.97,32825
2016-08-15,7.23,7.32,7.18,7.23,32974
2016-08-16,7.23,7.23,6.97,7.04,19043
2016-08-17,7.05,8.0,6.9,7.92,177217
2016-08-18,7.94,7.94,7.61,7.71,30850
2016-08-19,7.7,7.82,7.2,7.23,76571
2016-08-22,7.43,7.43,7.02,7.35,49632
2016-08-23,7.25,7.25,6.98,7.01,58177
2016-08-24,7.52,7.52,6.95,7.02,72135
2016-08-25,6.96,7.01,6.67,6.88,29521
2016-08-26,7.0,7.01,6.76,6.79,35475
2016-08-29,6.83,6.94,6.8,6.93,20563
2016-08-30,6.83,6.98,6.76,6.84,67218
2016-08-31,6.77,6.9,6.71,6.85,24257
2016-09-01,6.81,6.96,6.7,6.85,41074
2016-09-02,6.87,6.95,6.82,6.94,10085
2016-09-06,6.9,6.9,6.7,6.84,70692
2016-09-07,6.83,6.93,6.79,6.89,46310
2016-09-08,6.87,7.23,6.87,7.09,109647
2016-09-09,7.0,7.06,6.82,6.84,67726
2016-09-12,6.8,6.8,6.61,6.67,40052
2016-09-13,6.64,6.64,6.25,6.5,31035
2016-09-14,6.48,6.67,6.4,6.41,21827
2016-09-15,6.33,6.42,6.3,6.3,21466
2016-09-16,6.34,6.75,6.34,6.67,251228
2016-09-19,6.75,6.76,6.51,6.61,44722
2016-09-20,6.63,7.0,6.55,6.96,128704
2016-09-21,6.98,7.19,6.86,6.97,60152
2016-09-22,7.0,7.0,6.75,6.85,28543
2016-09-23,6.83,7.07,6.65,6.93,84213
2016-09-26,6.96,6.96,6.62,6.92,26808
2016-09-27,6.88,7.01,6.74,6.9,49260
2016-09-28,6.93,7.0,6.58,6.81,100464
2016-09-29,6.73,6.87,6.51,6.62,55673
2016-09-30,6.62,6.99,6.53,6.92,99500
2016-10-03,6.78,6.79,6.52,6.59,54335
2016-10-04,6.52,6.74,6.52,6.66,55584
2016-10-05,6.56,6.8,6.56,6.66,31625
2016-10-06,6.61,6.67,6.51,6.57,34287
2016-10-07,6.51,6.6,6.41,6.53,37696
2016-10-10,6.5,6.63,6.5,6.58,7353
2016-10-11,6.55,6.56,6.46,6.54,15629
2016-10-12,6.62,6.69,6.45,6.59,21994
2016-10-13,6.55,6.58,6.33,6.44,28083
2016-10-14,6.44,6.58,6.25,6.29,17527
2016-10-17,6.31,6.4,6.25,6.3,38830
2016-10-18,6.36,6.41,6.3,6.33,25411
2016-10-19,6.36,6.37,6.26,6.29,17791
2016-10-20,6.38,6.38,6.16,6.16,10859
2016-10-21,6.22,6.62,5.95,5.97,49347
2016-10-24,6.0,6.0,5.7,5.77,56920
2016-10-25,5.74,5.74,4.97,5.4,75450
2016-10-26,5.61,5.72,5.47,5.52,50857
2016-10-27,5.57,5.66,5.46,5.55,38301
2016-10-28,5.5,5.5,5.3,5.43,32544
2016-10-31,5.35,5.41,5.17,5.37,71725
2016-11-01,5.32,5.4,5.25,5.31,39726
2016-11-02,5.3,5.43,4.95,5.05,100059
2016-11-03,5.09,5.33,4.74,4.92,35829
2016-11-04,5.02,5.13,5.02,5.04,23841
2016-11-07,5.2,5.25,5.09,5.13,58937
2016-11-08,5.2,5.2,4.91,4.98,48615
2016-11-09,5.17,5.35,4.8,5.07,58537
2016-11-10,4.99,5.29,4.84,4.92,164478
2016-11-11,4.92,5.08,4.84,4.85,63833
2016-11-14,4.99,5.09,4.63,4.74,197852
2016-11-15,4.72,4.99,4.7,4.88,45855
2016-11-16,4.89,5.01,4.78,4.95,36616
2016-11-17,5.0,5.5,4.9,5.48,49809
2016-11-18,5.53,5.76,5.34,5.72,72783
2016-11-21,5.75,5.94,5.62,5.65,43966
2016-11-22,5.61,5.61,5.51,5.52,28617
2016-11-23,5.52,5.86,5.52,5.79,26814
2016-11-25,5.71,5.9,5.7,5.85,14791
2016-11-28,5.86,6.03,5.86,5.88,51176
2016-11-29,5.86,6.01,5.83,5.87,30770
2016-11-30,5.94,5.94,5.68,5.74,15870
2016-12-01,5.78,5.9,5.74,5.8,25078
2016-12-02,5.81,5.97,5.71,5.88,37286
2016-12-05,6.1,6.15,5.92,6.01,38907
2016-12-06,6.1,6.1,5.92,5.97,14611
2016-12-07,5.94,5.99,5.81,5.86,33649
2016-12-08,5.89,5.91,5.64,5.65,61467
2016-12-09,5.66,5.81,5.54,5.57,39523
2016-12-12,5.55,5.92,5.55,5.84,56601
2016-12-13,5.81,5.87,5.67,5.71,51624
2016-12-14,5.66,5.66,5.46,5.51,27435
2016-12-15,5.56,5.56,5.11,5.18,51746
2016-12-16,5.16,5.4,5.11,5.33,31505
2016-12-19,5.31,5.42,5.24,5.31,40928
2016-12-20,5.28,5.35,5.17,5.22,10640
2016-12-21,5.21,5.26,5.12,5.15,73961
2016-12-22,5.15,5.17,5.01,5.04,36286
2016-12-23,5.09,5.1,5.0,5.03,18308
2016-12-27,5.0,5.06,4.97,5.01,27793
2016-12-28,5.03,5.19,5.0,5.03,64397
2016-12-29,5.0,5.18,5.0,5.06,52615
2016-12-30,5.08,5.1,4.9,5.03,152862
2017-01-03,5.02,5.05,4.91,5.01,59022
2017-01-04,5.09,5.48,5.05,5.47,90779
2017-01-05,5.97,5.97,5.34,5.48,19057
2017-01-06,5.66,5.69,5.36,5.58,28126
2017-01-09,5.61,5.61,5.39,5.44,33553
2017-01-10,5.6,5.89,5.52,5.85,79509
2017-01-11,5.92,6.3,5.92,6.29,110105
2017-01-12,6.39,6.97,6.31,6.4,225024
2017-01-13,6.42,6.42,6.25,6.29,23696
2017-01-17,6.26,6.45,6.08,6.45,33982
2017-01-18,6.5,6.66,6.17,6.3,195284
2017-01-19,6.35,6.46,6.2,6.28,99936
2017-01-20,6.25,6.34,6.21,6.31,36364
2017-01-23,6.28,6.3,6.06,6.11,83668
2017-01-24,6.06,6.5,5.94,6.37,50517
2017-01-25,6.29,6.6,6.2,6.55,70067
2017-01-26,6.59,6.65,6.47,6.61,50194
2017-01-27,6.63,7.0,6.63,7.0,70790
2017-01-30,7.0,7.69,6.96,7.67,149806
2017-01-31,7.62,7.79,7.3,7.78,115384
2017-02-01,7.8,8.17,7.68,7.83,197595
2017-02-02,7.96,8.0,7.66,7.77,69218
2017-02-03,7.97,8.5,7.8,7.94,55090
2017-02-06,7.94,8.09,7.72,8.02,80669
2017-02-07,8.0,8.0,7.51,7.55,42525
2017-02-08,7.53,7.58,7.13,7.5,54151
2017-02-09,7.53,7.61,7.21,7.61,48231
2017-02-10,7.78,7.86,7.45,7.61,35712
2017-02-13,7.63,7.7,7.3,7.3,47249
2017-02-14,7.34,7.48,7.16,7.43,44954
2017-02-15,7.49,7.55,7.3,7.44,64588
2017-02-16,7.25,7.56,7.25,7.51,61333
2017-02-17,7.5,7.85,7.47,7.85,37809
2017-02-21,7.94,7.94,7.8,7.85,24303
2017-02-22,8.0,8.0,7.81,7.89,12525
2017-02-23,7.95,7.95,7.51,7.66,15054
2017-02-24,7.47,7.75,7.42,7.66,9920
2017-02-27,7.68,7.76,7.57,7.76,20922
2017-02-28,7.75,7.75,7.38,7.42,64219
2017-03-01,7.52,7.6,7.42,7.54,19186
2017-03-02,7.64,7.64,7.43,7.51,18349
2017-03-03,7.42,7.49,7.25,7.34,31341
2017-03-06,7.39,7.6,7.26,7.51,47848
2017-03-07,7.43,7.43,6.25,7.01,306906
2017-03-08,6.96,6.96,6.25,6.3,77999
2017-03-09,6.36,6.36,5.98,6.12,73908
2017-03-10,6.16,6.58,5.98,6.46,124277
2017-03-13,6.55,6.61,6.14,6.34,65923
2017-03-14,6.34,6.37,5.9,5.94,195590
2017-03-15,5.99,6.22,5.76,6.06,60519
2017-03-16,6.1,6.52,5.94,6.46,170037
2017-03-17,6.54,6.79,6.27,6.35,72386
2017-03-20,6.36,6.42,6.08,6.29,38700
2017-03-21,6.34,6.46,6.3,6.33,69946
2017-03-22,6.64,6.64,6.16,6.3,113194
2017-03-23,6.27,6.49,6.15,6.15,84035
2017-03-24,6.19,6.44,6.19,6.43,26136
2017-03-27,6.32,6.83,6.32,6.79,44882
2017-03-28,6.74,7.08,6.68,7.02,32339
2017-03-29,6.96,7.17,6.95,6.95,17448
2017-03-30,6.98,6.98,6.76,6.9,21077
2017-03-31,6.84,6.93,6.7,6.83,25882
2017-04-03,6.84,6.84,6.62,6.68,25530
2017-04-04,6.66,6.74,6.5,6.55,27512
2017-04-05,6.54,6.6,6.42,6.51,16635
2017-04-06,6.45,6.5,6.45,6.45,10393
2017-04-07,6.5,6.5,6.33,6.36,8823
2017-04-10,6.36,6.64,6.31,6.48,20331
2017-04-11,6.45,6.55,6.4,6.53,26049
2017-04-12,6.57,6.71,6.42,6.61,21616
2017-04-13,6.6,6.69,6.54,6.69,41580
2017-04-17,6.64,7.14,6.5,7.02,36861
2017-04-18,7.03,7.14,6.95,7.06,100695
2017-04-19,7.1,7.1,6.96,7.1,102093
2017-04-20,7.16,7.72,7.11,7.71,89528
2017-04-21,7.5,7.7,7.41,7.52,93499
2017-04-24,7.45,7.55,7.21,7.47,103952
2017-04-25,7.46,7.78,7.4,7.65,128885
2017-04-26,7.74,7.78,7.64,7.72,74698
2017-04-27,7.8,7.94,7.74,7.87,34022
2017-04-28,7.87,8.2,7.87,8.18,74643
2017-05-01,8.23,8.24,8.06,8.19,22879
2017-05-02,8.15,8.19,7.79,7.98,55240
2017-05-03,8.02,8.14,7.85,7.93,20993
2017-05-04,7.98,8.14,7.92,7.96,14708
2017-05-05,8.0,8.07,7.92,7.94,8596
2017-05-08,8.03,8.24,8.0,8.13,34882
2017-05-09,8.13,8.15,7.82,7.95,52517
2017-05-10,8.0,8.79,8.0,8.49,144291
2017-05-11,8.49,9.02,8.38,8.86,60797
2017-05-12,8.89,8.89,8.58,8.65,20540
2017-05-15,8.57,8.98,8.51,8.9,48989
2017-05-16,8.98,9.2,8.7,9.11,65853
2017-05-17,9.11,9.16,8.89,9.0,36818
2017-05-18,8.94,9.25,8.9,9.25,27430
2017-05-19,9.1,9.47,9.1,9.4,68380
2017-05-22,9.44,9.87,9.39,9.71,108130
2017-05-23,9.7,9.9,9.46,9.85,73507
2017-05-24,9.89,10.08,9.76,9.99,70797
2017-05-25,10.05,10.28,9.89,10.09,96133
2017-05-26,10.0,10.9,10.0,10.81,100300
2017-05-30,10.76,10.81,10.05,10.08,49867
2017-05-31,10.19,10.3,9.5,9.64,79887
2017-06-01,9.7,10.09,9.53,9.79,47948
2017-06-02,10.0,10.58,9.9,9.92,103881
2017-06-05,9.93,10.3,9.82,9.97,26089
2017-06-06,9.97,10.44,9.85,10.29,28662
2017-06-07,10.29,10.64,10.12,10.58,26036
2017-06-08,10.6,11.21,10.58,11.2,60368
2017-06-09,11.34,11.6,11.26,11.56,114935
2017-06-12,11.56,11.67,10.91,11.19,160731
2017-06-13,11.16,11.55,10.93,11.5,28915
2017-06-14,11.5,11.79,11.41,11.72,37084
2017-06-15,11.62,12.25,11.6,12.0,96281
2017-06-16,12.15,13.27,12.07,12.81,171945
2017-06-19,12.88,13.45,12.83,13.43,115551
2017-06-20,13.44,15.0,13.44,13.89,151578
2017-06-21,14.32,14.48,13.71,13.81,91826
2017-06-22,13.84,14.01,12.9,13.48,70953
2017-06-23,13.54,13.54,12.33,12.87,81227
2017-06-26,12.74,13.16,11.76,12.87,74788
2017-06-27,13.01,13.1,12.47,12.5,25132
2017-06-28,12.58,13.16,12.58,12.99,25789
2017-06-29,13.1,13.6,13.1,13.58,81930
2017-06-30,13.58,13.72,12.92,13.28,39504
2017-07-03,13.28,13.47,12.98,13.12,10698
2017-07-05,13.26,13.28,12.86,12.86,23729
2017-07-06,13.07,13.07,12.09,12.71,106922
2017-07-07,12.71,13.0,12.45,13.0,37740
2017-07-10,12.87,13.38,12.71,12.73,112204
2017-07-11,12.64,13.15,12.64,13.0,90424
2017-07-12,13.01,13.5,12.54,12.61,122075
2017-07-13,12.61,12.96,12.55,12.9,46704
2017-07-14,13.2,13.2,12.6,12.71,23347
2017-07-17,12.76,12.76,12.26,12.45,25434
2017-07-18,12.62,12.82,12.23,12.37,35126
2017-07-19,12.45,12.52,12.27,12.27,15394
2017-07-20,12.27,12.55,12.16,12.37,19057
2017-07-21,12.24,12.37,12.0,12.2,32853
2017-07-24,12.31,12.57,12.02,12.1,71123
2017-07-25,12.26,12.28,11.9,11.92,35285
2017-07-26,11.97,12.25,11.76,11.82,59514
2017-07-27,11.9,12.12,11.7,11.77,22064
2017-07-28,11.77,11.95,11.52,11.87,32160
2017-07-31,11.77,11.99,11.52,11.66,21398
2017-08-01,11.59,11.76,11.56,11.76,12911
