Date,Open,High,Low,Close,Volume
2009-12-18,11.0,11.35,10.9,11.35,17007784
2009-12-21,11.25,11.33,11.23,11.25,2110469
2009-12-22,11.25,11.45,11.11,11.41,3077815
2009-12-23,11.45,11.48,11.3,11.31,1485969
2009-12-24,11.2,11.37,10.95,11.3,779420
2009-12-28,11.35,11.35,11.2,11.28,767943
2009-12-29,11.3,11.31,11.21,11.22,1219622
2009-12-30,11.24,11.25,11.02,11.14,2004784
2009-12-31,11.12,11.34,11.09,11.27,2398160
2010-01-04,11.33,11.45,11.3,11.4,2027024
2010-01-05,11.4,11.4,11.18,11.27,1291971
2010-01-06,11.39,11.4,11.18,11.3,982829
2010-01-07,11.3,11.43,11.21,11.43,1292969
2010-01-08,11.41,11.44,11.31,11.39,1416268
2010-01-11,11.42,11.42,11.23,11.25,862748
2010-01-12,11.2,11.3,11.2,11.25,1140328
2010-01-13,11.3,11.4,11.25,11.4,1024779
2010-01-14,11.37,11.58,11.31,11.54,1415187
2010-01-15,11.55,11.6,11.35,11.4,882033
2010-01-19,11.41,11.55,11.41,11.49,706618
2010-01-20,11.44,11.5,11.35,11.47,926863
2010-01-21,11.5,11.5,11.35,11.44,1349870
2010-01-22,11.44,11.58,11.42,11.54,1657428
2010-01-25,11.59,11.59,11.45,11.57,660775
2010-01-26,11.71,11.99,11.61,11.85,2479343
2010-01-27,11.98,11.99,11.77,11.93,1330306
2010-01-28,11.89,11.89,11.46,11.5,1732917
2010-01-29,11.51,11.79,11.51,11.71,1606326
2010-02-01,11.71,11.84,11.47,11.71,770206
2010-02-02,11.64,11.84,11.51,11.58,946583
2010-02-03,11.58,11.69,11.39,11.41,922662
2010-02-04,11.35,11.51,11.15,11.31,1314794
2010-02-05,11.31,11.49,11.16,11.36,1138373
2010-02-08,11.31,11.55,11.2,11.47,853949
2010-02-09,11.67,11.78,11.6,11.73,2113199
2010-02-10,11.75,11.81,11.66,11.81,718694
2010-02-11,11.76,11.85,11.7,11.84,652195
2010-02-12,11.81,11.81,11.73,11.81,464411
2010-02-16,11.88,11.92,11.77,11.92,454123
2010-02-17,11.93,11.97,11.88,11.97,684852
2010-02-18,11.99,12.02,11.93,12.0,964290
2010-02-19,12.0,12.03,11.88,11.89,785247
2010-02-22,11.95,12.0,11.89,11.91,440569
2010-02-23,11.95,12.0,11.83,11.85,531394
2010-02-24,11.94,12.03,11.84,12.02,585281
2010-02-25,11.91,12.04,11.91,12.0,497002
2010-02-26,12.0,12.0,11.81,11.82,454942
2010-03-01,11.84,11.9,11.74,11.82,473341
2010-03-02,11.82,11.9,11.8,11.87,256810
2010-03-03,11.9,11.9,11.73,11.76,308940
2010-03-04,11.82,11.85,11.68,11.79,371959
2010-03-05,11.85,11.9,11.74,11.89,337882
2010-03-08,11.84,11.88,11.75,11.78,458931
2010-03-09,11.79,11.86,11.7,11.78,312561
2010-03-10,11.69,11.82,11.69,11.8,367870
2010-03-11,11.76,11.91,11.76,11.9,278212
2010-03-12,11.92,11.94,11.77,11.84,178805
2010-03-15,11.86,11.88,11.72,11.79,214252
2010-03-16,11.85,11.86,11.75,11.81,414237
2010-03-17,11.82,11.82,11.73,11.8,337728
2010-03-18,11.82,11.85,11.74,11.82,330122
2010-03-19,11.85,11.91,11.73,11.91,875105
2010-03-22,11.85,11.9,11.74,11.85,434771
2010-03-23,11.83,11.91,11.73,11.88,639032
2010-03-24,11.88,11.9,11.8,11.84,589563
2010-03-25,11.8,11.9,11.77,11.79,542296
2010-03-26,11.77,11.84,11.58,11.68,464947
2010-03-29,11.75,11.79,11.55,11.59,555487
2010-03-30,11.66,11.88,11.64,11.79,1024545
2010-03-31,11.72,11.87,11.69,11.73,784715
2010-04-05,11.85,11.86,11.7,11.77,430868
2010-04-06,11.67,11.86,11.67,11.86,455044
2010-04-07,11.81,11.87,11.75,11.87,567583
2010-04-08,11.87,11.89,11.78,11.88,320347
2010-04-09,11.87,11.87,11.76,11.85,340162
2010-04-12,11.82,11.9,11.8,11.87,162185
2010-04-13,11.82,11.92,11.8,11.91,324505
2010-04-14,11.9,11.92,11.85,11.92,514990
2010-04-15,11.88,11.94,11.82,11.91,477913
2010-04-16,11.9,11.91,11.79,11.8,483645
2010-04-19,11.8,11.83,11.66,11.73,433613
2010-04-20,11.75,11.82,11.69,11.81,294298
2010-04-21,11.79,11.91,11.75,11.91,499479
2010-04-22,11.91,12.55,11.79,12.5,1170082
2010-04-23,12.6,12.79,12.51,12.76,1039317
2010-04-26,12.76,12.79,12.56,12.6,549330
2010-04-27,12.53,12.73,12.39,12.39,903213
2010-04-28,12.42,12.48,12.22,12.24,362626
2010-04-29,12.33,12.65,12.21,12.63,707918
2010-04-30,12.63,12.63,12.46,12.48,585706
2010-05-03,12.54,12.77,12.48,12.72,666738
2010-05-04,12.59,12.67,12.42,12.48,693317
2010-05-05,12.35,12.39,12.1,12.18,631501
2010-05-06,12.11,12.25,11.46,12.01,786447
2010-05-07,12.01,12.12,11.68,11.68,784278
2010-05-10,12.06,12.15,11.84,12.02,452867
2010-05-11,11.92,12.15,11.85,12.11,270212
2010-05-12,12.12,12.31,11.92,12.25,432738
2010-05-13,12.3,12.48,12.1,12.4,511337
2010-05-14,12.34,12.35,12.18,12.32,359107
2010-05-17,12.37,12.44,12.12,12.34,344046
2010-05-18,12.44,12.45,12.15,12.18,429330
2010-05-19,12.12,12.17,11.75,11.8,673461
2010-05-20,11.67,11.7,11.33,11.39,540074
2010-05-21,11.33,11.68,11.26,11.67,785936
2010-05-24,11.58,11.62,11.49,11.5,414715
2010-05-25,11.27,11.48,11.27,11.48,591681
2010-05-26,11.51,11.69,11.51,11.67,821349
2010-05-27,11.82,11.82,11.68,11.8,244040
2010-05-28,11.78,11.78,11.61,11.63,317843
2010-06-01,11.59,11.7,11.3,11.3,766708
2010-06-02,11.34,11.57,11.1,11.57,866085
2010-06-03,11.63,11.63,11.47,11.6,372819
2010-06-04,11.38,11.54,11.3,11.32,566012
2010-06-07,11.36,11.53,11.32,11.36,623632
2010-06-08,11.39,11.45,11.23,11.43,524252
2010-06-09,11.55,11.55,11.26,11.31,303981
2010-06-10,11.37,11.53,11.36,11.52,352214
2010-06-11,11.43,11.54,11.38,11.48,213090
2010-06-14,11.54,11.63,11.49,11.57,402252
2010-06-15,11.56,11.72,11.53,11.69,716494
2010-06-16,11.57,11.8,11.57,11.73,404833
2010-06-17,11.76,11.92,11.69,11.89,779369
2010-06-18,11.92,11.95,11.78,11.92,812626
2010-06-21,12.0,12.0,11.71,11.78,775273
2010-06-22,11.85,11.98,11.75,11.75,672239
2010-06-23,11.77,11.88,11.74,11.8,494021
2010-06-24,11.75,11.85,11.66,11.74,822128
2010-06-25,11.78,12.09,11.74,12.06,9955952
2010-06-28,12.02,12.04,11.8,11.91,991888
2010-06-29,11.84,11.84,11.62,11.69,811505
2010-06-30,11.72,11.94,11.43,11.47,708822
2010-07-01,11.62,11.62,11.23,11.55,899408
2010-07-02,11.61,11.68,11.35,11.41,467207
2010-07-06,11.51,11.56,11.29,11.3,652064
2010-07-07,11.37,11.48,11.26,11.48,807462
2010-07-08,11.56,11.63,11.47,11.6,704425
2010-07-09,11.62,11.71,11.6,11.69,397357
2010-07-12,11.69,11.86,11.67,11.72,388330
2010-07-13,11.81,11.94,11.74,11.93,736506
2010-07-14,11.87,11.91,11.76,11.85,431370
2010-07-15,11.84,11.86,11.6,11.82,414443
2010-07-16,11.74,11.77,11.38,11.39,500728
2010-07-19,11.44,11.49,11.21,11.31,621950
2010-07-20,11.16,11.37,11.1,11.36,620786
2010-07-21,11.48,11.56,11.15,11.19,807270
2010-07-22,11.33,11.56,11.18,11.53,768071
2010-07-23,11.45,11.82,11.34,11.8,799610
2010-07-26,11.87,12.04,11.74,12.02,854104
2010-07-27,12.1,12.1,11.97,11.99,516355
2010-07-28,12.05,12.1,11.97,12.02,606423
2010-07-29,12.08,12.1,11.91,12.09,365187
2010-07-30,11.92,12.15,11.87,12.13,448681
2010-08-02,12.21,12.3,12.0,12.1,524252
2010-08-03,12.0,12.0,11.82,11.86,941717
2010-08-04,11.85,12.04,11.85,11.97,768154
2010-08-05,11.87,11.98,11.77,11.77,305368
2010-08-06,11.64,11.77,11.4,11.57,771498
2010-08-09,11.67,11.72,11.48,11.6,376896
2010-08-10,11.46,11.52,11.37,11.41,654691
2010-08-11,11.29,11.38,11.04,11.04,835658
2010-08-12,10.94,11.09,10.91,10.94,542161
2010-08-13,10.9,11.01,10.88,10.88,277689
2010-08-16,10.79,11.03,10.79,11.03,391445
2010-08-17,11.16,11.36,11.05,11.22,554364
2010-08-18,11.24,11.3,11.01,11.22,443956
2010-08-19,11.18,11.26,10.95,10.95,685802
2010-08-20,10.9,11.02,10.79,10.96,308192
2010-08-23,11.03,11.03,10.82,10.83,353419
2010-08-24,10.68,10.92,10.68,10.84,667834
2010-08-25,10.79,10.89,10.72,10.84,448528
2010-08-26,10.84,10.92,10.75,10.81,334169
2010-08-27,10.94,11.03,10.73,11.03,375576
2010-08-30,10.96,10.96,10.55,10.56,378781
2010-08-31,10.61,10.89,10.61,10.75,616505
2010-09-01,10.91,11.05,10.89,11.0,594019
2010-09-02,11.03,11.17,10.93,11.17,363717
2010-09-03,11.25,11.38,11.24,11.37,291500
2010-09-07,11.36,11.37,11.11,11.17,509183
2010-09-08,11.23,11.32,11.15,11.17,256402
2010-09-09,11.33,11.33,11.19,11.29,399098
2010-09-10,11.29,11.32,11.22,11.24,542775
2010-09-13,11.33,11.6,11.29,11.58,507204
2010-09-14,11.59,11.61,11.44,11.47,331344
2010-09-15,11.42,11.62,11.32,11.47,771101
2010-09-16,11.43,11.57,11.22,11.26,341712
2010-09-17,11.4,11.46,11.12,11.45,644176
2010-09-20,11.45,11.62,11.34,11.6,658676
2010-09-21,11.58,11.59,11.32,11.33,757903
2010-09-22,11.05,11.36,11.05,11.12,502464
2010-09-23,11.06,11.23,10.95,10.95,491059
2010-09-24,11.11,11.22,10.95,11.18,536603
2010-09-27,11.23,11.25,11.0,11.09,447924
2010-09-28,11.15,11.25,11.01,11.21,646802
2010-09-29,11.15,11.24,11.12,11.17,547768
2010-09-30,11.25,11.34,11.09,11.18,672121
2010-10-01,11.29,11.3,11.09,11.23,462104
2010-10-04,11.2,11.24,10.73,10.83,1104202
2010-10-05,10.94,11.14,10.86,11.04,1072946
2010-10-06,11.05,11.23,11.05,11.18,904127
2010-10-07,11.28,11.34,11.15,11.24,706502
2010-10-08,11.21,11.37,11.11,11.26,566646
2010-10-11,11.23,11.3,11.18,11.23,351234
2010-10-12,11.23,11.38,11.15,11.31,748928
2010-10-13,11.33,11.44,11.19,11.35,848180
2010-10-14,11.31,11.43,11.26,11.35,538571
2010-10-15,11.47,11.49,11.13,11.15,774850
2010-10-18,11.21,11.4,11.16,11.4,256188
2010-10-19,11.23,11.49,11.23,11.3,456965
2010-10-20,11.38,11.47,11.26,11.4,700462
2010-10-21,11.4,11.49,11.2,11.32,538873
2010-10-22,11.35,11.41,11.23,11.33,529281
2010-10-25,11.37,11.43,11.24,11.28,477670
2010-10-26,11.25,11.35,11.18,11.26,319723
2010-10-27,11.25,11.37,11.15,11.34,588929
2010-10-28,11.37,11.4,11.24,11.34,445403
2010-10-29,11.29,11.4,11.26,11.34,271617
2010-11-01,11.38,11.4,11.17,11.33,581655
2010-11-02,11.35,11.35,11.22,11.24,609003
2010-11-03,11.29,11.3,11.13,11.25,435482
2010-11-04,11.39,11.48,11.25,11.32,1060664
2010-11-05,11.31,11.41,11.26,11.33,768911
2010-11-08,11.35,11.41,11.17,11.21,1164808
2010-11-09,11.16,11.2,10.92,10.96,1130003
2010-11-10,10.99,11.02,10.95,10.97,1196844
2010-11-11,10.92,11.0,10.89,10.91,709808
2010-11-12,10.87,10.95,10.85,10.87,958497
2010-11-15,10.93,10.97,10.88,10.9,481787
2010-11-16,10.86,10.89,10.74,10.74,660412
2010-11-17,10.77,10.8,10.65,10.73,490153
2010-11-18,10.88,10.91,10.71,10.79,1644322
2010-11-19,10.79,10.79,10.63,10.68,1126114
2010-11-22,10.65,10.7,10.54,10.59,589490
2010-11-23,10.51,10.6,10.4,10.43,1561893
2010-11-24,10.51,10.6,10.42,10.5,1795867
2010-11-26,10.43,10.54,10.43,10.44,239558
2010-11-29,10.4,10.52,10.39,10.49,907156
2010-11-30,10.42,10.49,10.24,10.26,1478619
2010-12-01,10.44,10.5,10.3,10.42,3327840
2010-12-02,10.45,10.81,10.43,10.78,4868235
2010-12-03,10.78,10.97,10.61,10.92,1778225
2010-12-06,10.87,10.9,10.73,10.81,1168695
2010-12-07,10.91,10.95,10.85,10.9,899446
2010-12-08,10.94,11.18,10.88,11.11,935598
2010-12-09,11.19,11.31,11.12,11.28,926483
2010-12-10,11.33,11.36,11.2,11.34,678901
2010-12-13,11.36,11.39,11.27,11.29,663616
2010-12-14,11.32,11.33,11.22,11.24,964529
2010-12-15,11.18,11.38,11.17,11.31,745470
2010-12-16,11.35,11.41,11.26,11.34,393667
2010-12-17,11.31,11.4,11.28,11.3,1273854
2010-12-20,11.37,11.49,11.26,11.45,709645
2010-12-21,11.45,11.71,11.35,11.6,820664
2010-12-22,11.63,11.79,11.56,11.73,1128140
2010-12-23,11.76,11.78,11.67,11.73,328581
2010-12-27,11.72,11.82,11.65,11.79,225561
2010-12-28,11.75,11.83,11.71,11.82,420231
2010-12-29,11.88,11.9,11.73,11.74,240595
2010-12-30,11.73,11.83,11.73,11.78,405456
2010-12-31,11.76,11.83,11.73,11.78,444651
2011-01-03,11.83,11.89,11.76,11.82,607106
2011-01-04,11.87,11.87,11.47,11.54,1436801
2011-01-05,11.53,11.75,11.5,11.72,515752
2011-01-06,11.7,11.75,11.58,11.64,1175185
2011-01-07,11.7,11.93,11.65,11.93,1626486
2011-01-10,11.86,11.89,11.66,11.76,900913
2011-01-11,11.83,11.88,11.69,11.81,973371
2011-01-12,11.92,11.93,11.82,11.92,872834
2011-01-13,11.93,11.99,11.82,11.9,531762
2011-01-14,11.95,12.08,11.81,12.04,805381
2011-01-18,11.98,12.13,11.86,12.12,851072
2011-01-19,12.08,12.1,11.93,11.94,905528
2011-01-20,11.96,12.05,11.88,11.9,1080365
2011-01-21,12.0,12.03,11.94,11.99,1157699
2011-01-24,12.01,12.04,11.9,11.94,731425
2011-01-25,11.99,12.05,11.87,11.98,1204985
2011-01-26,11.95,12.02,11.9,11.98,1820771
2011-01-27,11.98,12.01,11.83,11.84,1628519
2011-01-28,11.85,11.89,11.69,11.71,933210
2011-01-31,11.79,11.8,11.67,11.72,726003
2011-02-01,11.76,11.94,11.76,11.84,1310742
2011-02-02,11.67,12.02,11.67,11.85,1401748
2011-02-03,11.8,12.19,11.74,12.01,1491147
2011-02-04,12.04,12.08,11.93,12.0,632603
2011-02-07,11.98,12.08,11.94,12.07,859504
2011-02-08,12.1,12.2,12.04,12.2,728538
2011-02-09,12.13,12.21,12.08,12.18,572304
2011-02-10,12.15,12.18,12.0,12.15,1255558
2011-02-11,12.08,12.47,12.08,12.47,935651
2011-02-14,12.4,12.49,12.34,12.41,889971
2011-02-15,12.4,12.47,12.39,12.42,445968
2011-02-16,12.42,12.53,12.35,12.52,600244
2011-02-17,12.51,12.52,12.36,12.5,454127
2011-02-18,12.5,12.5,12.35,12.4,702866
2011-02-22,12.3,12.37,12.03,12.09,963572
2011-02-23,12.12,12.23,11.98,11.99,663697
2011-02-24,12.04,12.08,11.94,11.98,799235
2011-02-25,11.99,12.19,11.99,12.18,433238
2011-02-28,12.25,12.27,12.11,12.14,505315
2011-03-01,12.13,12.13,12.03,12.08,776111
2011-03-02,12.06,12.12,11.98,12.07,760926
2011-03-03,12.2,12.44,12.2,12.4,847397
2011-03-04,12.45,12.45,12.2,12.3,961259
2011-03-07,12.39,12.44,12.1,12.19,448266
2011-03-08,12.22,12.48,12.11,12.42,578611
2011-03-09,12.43,12.46,12.31,12.42,317897
2011-03-10,12.31,12.36,12.08,12.12,547738
2011-03-11,12.11,12.23,12.05,12.18,676154
2011-03-14,12.1,12.16,12.04,12.11,298815
2011-03-15,11.88,12.5,11.88,12.28,1716477
2011-03-16,12.28,12.54,12.21,12.33,1559881
2011-03-17,12.47,12.48,12.26,12.28,527436
2011-03-18,12.36,12.39,12.24,12.24,1145123
2011-03-21,12.34,12.39,12.26,12.35,547145
2011-03-22,12.31,12.39,12.3,12.3,231009
2011-03-23,12.26,12.33,12.17,12.28,561173
2011-03-24,12.33,12.37,12.2,12.28,666535
2011-03-25,12.33,12.48,12.24,12.29,544469
2011-03-28,12.29,12.37,12.25,12.29,398885
2011-03-29,12.31,12.36,12.3,12.33,306803
2011-03-30,12.38,12.5,12.31,12.47,429510
2011-03-31,12.43,12.59,12.33,12.54,575184
2011-04-01,12.59,12.59,12.41,12.44,603337
2011-04-04,12.53,12.57,12.37,12.41,550599
2011-04-05,12.39,12.45,12.32,12.37,449467
2011-04-06,12.39,12.48,12.29,12.46,517975
2011-04-07,12.49,12.52,12.4,12.42,380020
2011-04-08,12.42,12.44,12.26,12.29,562310
2011-04-11,12.26,12.37,12.26,12.28,342867
2011-04-12,12.25,12.32,12.22,12.22,395596
2011-04-13,12.25,12.3,12.17,12.2,553778
2011-04-14,12.12,12.31,12.12,12.3,479956
2011-04-15,12.24,12.36,12.17,12.34,525255
2011-04-18,12.25,12.28,12.15,12.23,475162
2011-04-19,12.28,12.34,12.17,12.17,430606
2011-04-20,12.29,12.38,12.26,12.33,457860
2011-04-21,12.41,12.41,12.28,12.34,262668
2011-04-25,12.3,12.45,12.3,12.38,418872
2011-04-26,12.43,12.67,12.39,12.49,749816
2011-04-27,12.22,12.51,12.22,12.43,1773278
2011-04-28,12.43,12.51,12.29,12.5,368875
2011-04-29,12.5,12.6,12.41,12.58,480513
2011-05-02,12.61,12.61,12.42,12.48,618775
2011-05-03,12.41,12.54,12.29,12.38,726056
2011-05-04,12.36,12.42,12.26,12.3,601919
2011-05-05,12.3,12.45,12.17,12.24,1245530
2011-05-06,12.35,12.42,12.2,12.23,578595
2011-05-09,12.2,12.3,12.05,12.25,1193453
2011-05-10,12.33,12.41,12.26,12.38,313613
2011-05-11,12.39,12.39,12.19,12.24,603287
2011-05-12,12.19,12.36,12.13,12.34,365622
2011-05-13,12.36,12.42,12.1,12.18,505205
2011-05-16,12.1,12.3,12.1,12.21,875193
2011-05-17,12.2,12.34,12.12,12.32,828670
2011-05-18,12.31,12.35,12.24,12.34,445105
2011-05-19,12.44,12.45,12.29,12.39,518445
2011-05-20,12.31,12.4,12.27,12.29,485303
2011-05-23,12.19,12.37,12.18,12.25,471563
2011-05-24,12.25,12.32,12.1,12.13,550105
2011-05-25,12.08,12.27,12.08,12.2,363031
2011-05-26,12.16,12.3,12.07,12.23,522275
2011-05-27,12.26,12.34,12.24,12.3,322210
2011-05-31,12.39,12.56,12.2,12.55,835507
2011-06-01,12.51,12.51,12.05,12.07,710133
2011-06-02,12.1,12.27,12.05,12.19,512903
2011-06-03,12.13,12.17,12.05,12.05,477340
2011-06-06,12.0,12.15,12.0,12.02,563022
2011-06-07,12.12,12.18,12.04,12.05,316321
2011-06-08,11.99,12.16,11.98,12.09,533630
2011-06-09,12.1,12.1,12.01,12.06,556305
2011-06-10,11.99,12.08,11.9,11.95,442046
2011-06-13,12.02,12.03,11.91,11.96,530024
2011-06-14,12.0,12.16,11.97,12.12,511107
2011-06-15,12.05,12.1,11.94,11.97,547097
2011-06-16,11.99,12.24,11.98,12.18,613664
2011-06-17,12.23,12.32,12.17,12.25,696054
2011-06-20,12.2,12.4,12.14,12.29,368855
2011-06-21,12.35,12.37,12.21,12.33,421366
2011-06-22,12.25,12.29,12.18,12.18,269495
2011-06-23,12.08,12.18,12.0,12.08,549630
2011-06-24,12.09,12.22,12.06,12.14,1827423
2011-06-27,12.14,12.28,12.12,12.19,375617
2011-06-28,12.49,12.65,12.37,12.53,3571648
2011-06-29,12.58,12.58,12.41,12.49,1249676
2011-06-30,12.5,12.6,12.4,12.58,1138082
2011-07-01,12.6,12.93,12.53,12.83,12752506
2011-07-05,12.84,12.88,12.7,12.85,1353820
2011-07-06,12.84,13.16,12.66,13.04,1581214
2011-07-07,13.12,13.36,13.07,13.18,1432492
2011-07-08,13.01,13.13,12.95,12.97,662135
2011-07-11,12.89,12.91,12.78,12.82,670571
2011-07-12,12.75,13.0,12.65,12.9,582256
2011-07-13,12.94,13.06,12.9,12.97,627063
2011-07-14,12.95,12.96,12.83,12.85,654156
2011-07-15,12.86,12.93,12.69,12.74,621715
2011-07-18,12.65,12.68,12.48,12.55,739479
2011-07-19,12.63,12.69,12.5,12.68,712970
2011-07-20,12.72,12.75,12.57,12.72,516242
2011-07-21,12.77,12.86,12.68,12.8,439398
2011-07-22,12.82,12.85,12.66,12.81,639089
2011-07-25,12.66,12.82,12.52,12.63,825011
2011-07-26,12.59,12.68,12.28,12.28,795806
2011-07-27,12.25,12.25,12.08,12.1,964629
2011-07-28,12.15,12.22,12.1,12.11,570416
2011-07-29,12.04,12.5,12.04,12.29,825184
2011-08-01,12.41,12.45,12.12,12.26,1010527
2011-08-02,12.11,12.31,11.99,12.15,1271865
2011-08-03,12.15,12.35,11.99,12.24,780595
2011-08-04,12.14,12.24,11.91,11.92,956688
2011-08-05,11.98,12.19,11.69,11.85,1476008
2011-08-08,11.61,11.94,11.01,11.01,1746288
2011-08-09,11.22,11.6,10.88,11.59,2395244
2011-08-10,11.36,11.56,10.91,11.02,2375129
2011-08-11,11.08,11.64,11.01,11.52,1257725
2011-08-12,11.58,11.72,11.41,11.47,824031
2011-08-15,11.56,11.81,11.56,11.8,553665
2011-08-16,11.69,11.71,11.46,11.53,884411
2011-08-17,11.56,11.64,11.4,11.5,941332
2011-08-18,11.32,11.34,10.99,11.02,1126899
2011-08-19,10.9,11.31,10.76,10.95,1041786
2011-08-22,11.2,11.43,10.74,10.84,598476
2011-08-23,10.83,11.34,10.8,11.33,1083980
2011-08-24,11.33,11.7,11.19,11.67,885541
2011-08-25,11.72,11.97,11.36,11.46,960767
2011-08-26,11.41,11.78,11.28,11.73,860202
2011-08-29,11.82,12.09,11.82,12.0,623422
2011-08-30,11.89,12.0,11.68,11.92,728186
2011-08-31,11.94,12.1,11.73,11.92,1094719
2011-09-01,11.89,12.05,11.57,11.61,814741
2011-09-02,11.41,11.62,11.23,11.23,1004097
2011-09-06,10.98,11.62,10.98,11.58,1456907
2011-09-07,11.75,12.0,11.38,11.97,1216825
2011-09-08,11.89,12.05,11.85,11.98,1311758
2011-09-09,11.87,12.04,11.73,11.85,1236610
2011-09-12,11.68,12.19,11.67,12.17,980879
2011-09-13,12.19,12.36,12.09,12.31,937474
2011-09-14,12.38,12.42,12.15,12.3,1189135
2011-09-15,12.39,12.55,12.2,12.55,677045
2011-09-16,12.64,12.64,12.26,12.53,1922807
2011-09-19,12.31,12.47,12.16,12.27,647992
2011-09-20,12.3,12.48,12.12,12.15,760272
2011-09-21,12.17,12.25,11.71,11.74,993351
2011-09-22,11.45,11.76,11.45,11.58,1161081
2011-09-23,11.55,11.7,11.48,11.63,813522
2011-09-26,11.74,11.91,11.56,11.81,1309788
2011-09-27,12.04,12.23,11.83,11.93,973124
2011-09-28,11.89,12.14,11.62,11.63,868776
2011-09-29,11.86,12.42,11.67,12.12,1168591
2011-09-30,11.98,12.2,11.75,11.91,927385
2011-10-03,11.79,12.11,11.41,11.41,784211
2011-10-04,11.33,12.12,11.33,12.08,1099426
2011-10-05,12.07,12.19,11.83,12.07,624453
2011-10-06,12.02,12.35,11.99,12.33,900018
2011-10-07,12.33,12.33,11.91,11.93,694522
2011-10-10,12.07,12.32,12.05,12.32,641105
2011-10-11,12.22,12.45,12.13,12.42,745556
2011-10-12,12.47,12.59,12.42,12.47,880629
2011-10-13,12.38,12.44,12.15,12.31,427274
2011-10-14,12.39,12.58,12.08,12.37,591255
2011-10-17,12.25,12.45,11.98,12.02,541658
2011-10-18,12.04,12.55,11.87,12.44,788626
2011-10-19,12.41,12.57,12.25,12.3,555749
2011-10-20,12.27,12.34,11.89,12.12,863861
2011-10-21,12.38,12.63,12.19,12.48,620786
2011-10-24,12.48,12.64,12.33,12.58,680679
2011-10-25,12.4,12.57,12.13,12.14,769513
2011-10-26,12.32,12.44,12.18,12.33,860834
2011-10-27,12.64,12.93,12.13,12.76,1372104
2011-10-28,12.72,12.84,12.55,12.75,671100
2011-10-31,12.57,12.75,12.44,12.47,572732
2011-11-01,12.0,12.26,11.89,11.94,731960
2011-11-02,12.12,12.31,12.07,12.23,502291
2011-11-03,12.38,12.44,12.1,12.3,679487
2011-11-04,12.22,12.31,12.11,12.25,383619
2011-11-07,12.23,12.3,12.02,12.26,277639
2011-11-08,12.29,12.46,12.1,12.42,433707
2011-11-09,12.15,12.28,11.89,11.9,554023
2011-11-10,12.07,12.11,11.9,12.06,515321
2011-11-11,12.19,12.34,12.14,12.32,417091
2011-11-14,12.31,12.39,12.02,12.12,458445
2011-11-15,12.04,12.3,12.04,12.26,440813
2011-11-16,12.12,12.3,11.97,12.05,1023112
2011-11-17,12.07,12.24,12.0,12.07,417013
2011-11-18,12.05,12.2,12.03,12.06,400417
2011-11-21,11.93,11.99,11.78,11.83,382039
2011-11-22,11.81,11.93,11.63,11.64,411003
2011-11-23,11.58,11.6,11.35,11.38,381810
2011-11-25,11.38,11.62,11.38,11.44,350404
2011-11-28,11.67,11.77,11.5,11.77,679380
2011-11-29,11.75,11.95,11.56,11.89,716826
2011-11-30,12.26,12.44,12.01,12.42,1032760
2011-12-01,12.35,12.45,12.17,12.22,473437
2011-12-02,12.37,12.45,12.28,12.36,361537
2011-12-05,12.47,12.5,12.3,12.4,703213
2011-12-06,12.39,12.51,12.31,12.44,382076
2011-12-07,12.41,12.43,12.09,12.39,443606
2011-12-08,12.33,12.33,12.0,12.0,371355
2011-12-09,12.06,12.47,12.02,12.42,369926
2011-12-12,12.28,12.38,12.12,12.36,419718
2011-12-13,12.48,12.58,12.08,12.14,596764
2011-12-14,12.02,12.22,11.98,12.0,456456
2011-12-15,12.16,12.26,12.07,12.15,452804
2011-12-16,12.24,12.44,12.11,12.17,1962652
2011-12-19,12.25,12.38,12.0,12.01,968760
2011-12-20,12.23,12.46,12.22,12.44,507996
2011-12-21,12.44,12.57,12.23,12.54,808918
2011-12-22,12.53,12.67,12.42,12.58,533430
2011-12-23,12.64,12.66,12.52,12.58,199960
2011-12-27,12.52,12.66,12.42,12.61,341508
2011-12-28,12.62,12.62,12.41,12.42,333159
2011-12-29,12.44,12.64,12.39,12.64,341836
2011-12-30,12.58,12.75,12.44,12.44,334653
2012-01-03,12.66,12.69,12.55,12.63,524395
2012-01-04,12.53,12.69,12.46,12.68,451456
2012-01-05,12.6,12.75,12.47,12.71,518716
2012-01-06,12.73,12.75,12.55,12.69,119927
2012-01-09,12.75,12.75,12.57,12.68,297542
2012-01-10,12.79,12.82,12.69,12.75,335509
2012-01-11,12.74,12.8,12.57,12.78,343935
2012-01-12,12.77,12.8,12.56,12.8,312456
2012-01-13,12.65,12.77,12.62,12.71,253080
2012-01-17,12.8,12.8,12.53,12.55,514718
2012-01-18,12.56,12.67,12.42,12.67,538984
2012-01-19,12.69,12.84,12.43,12.5,766895
2012-01-20,12.47,12.79,12.46,12.74,437681
2012-01-23,12.76,12.8,12.56,12.64,213317
2012-01-24,12.57,12.62,12.48,12.56,388452
2012-01-25,12.53,12.63,12.38,12.56,640573
2012-01-26,12.6,12.6,12.37,12.43,589957
2012-01-27,12.43,12.66,12.43,12.58,736456
2012-01-30,12.48,12.54,12.4,12.43,467994
2012-01-31,12.4,12.44,12.27,12.32,415735
2012-02-01,12.39,12.54,12.28,12.48,657543
2012-02-02,12.45,12.63,12.4,12.57,412504
2012-02-03,12.78,12.92,12.66,12.82,424694
2012-02-06,12.8,12.8,12.59,12.62,270667
2012-02-07,12.59,12.73,12.56,12.57,242434
2012-02-08,12.61,12.78,12.56,12.74,306081
2012-02-09,12.76,12.83,12.62,12.64,239380
2012-02-10,12.51,12.66,12.51,12.53,361153
2012-02-13,12.68,12.71,12.56,12.64,242594
2012-02-14,12.59,12.62,12.42,12.54,217992
2012-02-15,12.55,12.7,12.4,12.45,368695
2012-02-16,12.5,12.61,12.4,12.59,768704
2012-02-17,12.67,12.78,12.54,12.66,268348
2012-02-21,12.64,12.75,12.54,12.68,441137
2012-02-22,12.63,12.71,12.14,12.5,273187
2012-02-23,12.51,12.78,12.48,12.77,273312
2012-02-24,12.76,12.8,12.63,12.64,151763
2012-02-27,12.56,12.88,12.48,12.75,274161
2012-02-28,12.75,12.88,12.7,12.72,413587
2012-02-29,12.74,12.87,12.57,12.62,818410
2012-03-01,12.67,12.74,12.5,12.5,456624
2012-03-02,12.53,12.59,12.3,12.34,475697
2012-03-05,12.3,12.52,12.3,12.48,416603
2012-03-06,12.36,12.45,12.24,12.26,290796
2012-03-07,12.34,12.38,12.25,12.33,183798
2012-03-08,12.38,12.44,12.17,12.31,213671
2012-03-09,12.33,12.59,12.3,12.53,241622
2012-03-12,12.55,12.55,12.3,12.35,392034
2012-03-13,12.46,12.62,12.36,12.61,693906
2012-03-14,12.6,12.66,12.47,12.55,269346
2012-03-15,12.58,12.78,12.51,12.75,236293
2012-03-16,12.79,12.8,12.66,12.75,643402
2012-03-19,12.72,12.93,12.64,12.9,645733
2012-03-20,12.82,12.94,12.76,12.91,330132
2012-03-21,12.81,12.93,12.79,12.83,219916
2012-03-22,12.71,12.76,12.59,12.71,225077
2012-03-23,12.67,12.81,12.63,12.8,460076
2012-03-26,12.88,13.0,12.83,12.94,308279
2012-03-27,12.96,12.98,12.84,12.84,232733
2012-03-28,12.84,13.03,12.83,13.02,273181
2012-03-29,12.91,13.0,12.7,12.79,446623
2012-03-30,12.9,13.08,12.7,12.7,442815
2012-04-02,12.69,12.96,12.6,12.93,430240
2012-04-03,12.89,13.0,12.76,12.94,346238
2012-04-04,12.8,12.83,12.65,12.72,259898
2012-04-05,12.65,12.67,12.6,12.63,282107
2012-04-09,12.51,12.61,12.43,12.48,266149
2012-04-10,12.48,12.56,12.25,12.27,384005
2012-04-11,12.4,12.53,12.31,12.53,375432
2012-04-12,12.51,12.63,12.46,12.59,222197
2012-04-13,12.51,12.51,12.25,12.26,287184
2012-04-16,12.28,12.49,12.24,12.43,223842
2012-04-17,12.54,12.72,12.46,12.65,361601
2012-04-18,12.57,12.6,12.38,12.48,201736
2012-04-19,12.44,12.51,12.29,12.44,441031
2012-04-20,12.69,12.69,12.32,12.53,297694
2012-04-23,12.34,12.45,12.25,12.3,311295
2012-04-24,12.33,12.4,12.19,12.34,504821
2012-04-25,12.46,12.49,12.3,12.36,460809
2012-04-26,12.29,12.38,12.24,12.37,242036
2012-04-27,12.34,12.5,12.3,12.46,236387
2012-04-30,12.5,12.54,12.29,12.32,321670
2012-05-01,12.16,12.35,12.12,12.15,436231
2012-05-02,12.11,12.22,12.04,12.17,347965
2012-05-03,12.13,12.22,11.89,12.02,1014863
2012-05-04,11.97,12.11,11.88,12.03,586877
2012-05-07,12.03,12.18,12.0,12.12,525016
2012-05-08,12.06,12.2,12.02,12.11,560628
2012-05-09,12.02,12.12,11.95,11.99,453627
2012-05-10,12.05,12.19,12.0,12.12,300324
2012-05-11,12.0,12.1,11.95,12.0,451267
2012-05-14,11.92,12.0,11.86,11.87,540509
2012-05-15,11.85,12.06,11.85,12.02,632470
2012-05-16,12.03,12.11,11.94,11.94,262601
2012-05-17,12.01,12.1,11.88,11.9,416315
2012-05-18,11.87,11.97,11.76,11.78,394786
2012-05-21,11.8,11.94,11.76,11.82,524917
2012-05-22,11.84,11.9,11.63,11.7,331066
2012-05-23,11.63,11.69,11.43,11.64,633093
2012-05-24,11.65,11.73,11.48,11.73,383495
2012-05-25,11.75,11.79,11.67,11.74,292689
2012-05-29,11.85,11.86,11.69,11.78,167424
2012-05-30,11.68,11.71,11.54,11.54,252282
2012-05-31,11.53,11.54,11.44,11.47,422901
2012-06-01,11.27,11.37,11.13,11.14,327722
2012-06-04,11.14,11.22,11.03,11.21,463010
2012-06-05,11.23,11.37,11.15,11.3,657881
2012-06-06,11.33,11.47,11.29,11.46,379301
2012-06-07,11.59,11.59,11.42,11.44,368057
2012-06-08,11.4,11.64,11.36,11.58,217036
2012-06-11,11.7,11.72,11.07,11.09,1039397
2012-06-12,11.14,11.31,11.12,11.28,321215
2012-06-13,11.23,11.4,11.08,11.2,319309
2012-06-14,11.19,11.33,11.19,11.31,239824
2012-06-15,11.28,11.33,11.12,11.14,1090133
2012-06-18,11.08,11.18,11.08,11.11,411019
2012-06-19,11.14,11.33,11.1,11.25,441262
2012-06-20,11.21,11.44,11.21,11.31,379011
2012-06-21,11.36,11.37,11.2,11.33,580924
2012-06-22,11.41,11.54,11.34,11.51,554677
2012-06-25,11.4,11.44,11.33,11.37,323073
2012-06-26,11.36,11.46,11.34,11.39,284876
2012-06-27,11.39,11.56,11.35,11.52,267903
2012-06-28,11.44,11.5,11.26,11.44,283598
2012-06-29,11.66,11.71,11.52,11.71,410174
2012-07-02,11.7,11.87,11.67,11.87,306974
2012-07-03,11.91,11.97,11.86,11.94,191328
2012-07-05,11.87,11.95,11.84,11.89,535224
2012-07-06,11.76,11.96,11.76,11.93,231098
2012-07-09,12.02,12.02,11.87,11.89,412642
2012-07-10,11.99,11.99,11.64,11.83,688340
2012-07-11,11.82,11.87,11.78,11.84,344743
2012-07-12,11.78,11.84,11.66,11.78,250803
2012-07-13,11.78,11.93,11.65,11.91,639700
2012-07-16,11.84,11.9,11.71,11.81,546758
2012-07-17,11.89,11.94,11.68,11.89,386040
2012-07-18,11.87,11.97,11.83,11.86,654476
2012-07-19,11.86,11.89,11.66,11.69,452141
2012-07-20,11.6,11.63,11.45,11.46,554222
2012-07-23,11.31,11.43,11.22,11.31,316252
2012-07-24,11.36,11.45,11.26,11.43,538335
2012-07-25,11.49,11.6,11.45,11.53,414080
2012-07-26,11.66,11.66,11.36,11.44,804797
2012-07-27,11.46,11.77,11.29,11.65,575901
2012-07-30,11.66,11.76,11.58,11.74,400597
2012-07-31,11.6,11.71,11.54,11.65,327538
2012-08-01,11.67,11.72,11.56,11.63,452004
2012-08-02,11.58,11.63,11.52,11.58,370922
2012-08-03,11.67,11.94,11.67,11.85,622640
2012-08-06,11.82,11.93,11.78,11.86,432808
2012-08-07,11.89,12.02,11.77,11.93,299021
2012-08-08,11.91,11.95,11.84,11.93,302034
2012-08-09,11.9,11.95,11.87,11.88,151692
2012-08-10,11.86,11.91,11.79,11.85,173796
2012-08-13,11.87,11.92,11.67,11.76,269303
2012-08-14,11.83,11.86,11.65,11.68,446259
2012-08-15,11.67,11.8,11.65,11.74,430496
2012-08-16,11.79,11.84,11.62,11.83,696814
2012-08-17,11.78,11.95,11.77,11.93,280365
2012-08-20,11.89,12.03,11.89,12.02,238781
2012-08-21,12.05,12.24,12.03,12.04,334331
2012-08-22,12.0,12.06,11.93,11.97,231223
2012-08-23,11.92,12.03,11.81,11.93,342063
2012-08-24,11.87,12.02,11.77,11.96,245701
2012-08-27,11.97,12.12,11.95,11.99,180837
2012-08-28,11.97,12.1,11.92,12.0,278905
2012-08-29,12.0,12.09,11.99,12.08,163626
2012-08-30,12.04,12.05,11.95,12.03,303163
2012-08-31,12.07,12.12,12.02,12.08,415424
2012-09-04,12.08,12.24,12.01,12.21,280255
2012-09-05,12.28,12.29,12.15,12.25,337386
2012-09-06,12.29,12.48,12.17,12.39,437538
2012-09-07,12.45,12.46,12.04,12.18,1177089
2012-09-10,12.18,12.25,12.13,12.14,338441
2012-09-11,12.18,12.23,12.13,12.19,318718
2012-09-12,12.23,12.26,12.17,12.22,193034
2012-09-13,12.19,12.45,12.15,12.36,410294
2012-09-14,12.44,12.53,12.38,12.45,448829
2012-09-17,12.38,12.44,12.24,12.26,329075
2012-09-18,12.21,12.34,12.21,12.29,234918
2012-09-19,12.28,12.43,12.28,12.4,394536
2012-09-20,12.31,12.52,12.23,12.48,476082
2012-09-21,12.63,12.63,12.45,12.46,624561
2012-09-24,12.56,12.63,12.32,12.59,254779
2012-09-25,12.63,12.7,12.37,12.39,391738
2012-09-26,12.38,12.51,12.26,12.31,225293
2012-09-27,12.35,12.49,12.17,12.33,268191
2012-09-28,12.26,12.31,12.21,12.23,267965
2012-10-01,12.28,12.5,12.2,12.22,294655
2012-10-02,12.31,12.42,12.2,12.34,311102
2012-10-03,12.38,12.38,12.24,12.27,250076
2012-10-04,12.33,12.4,12.2,12.38,335542
2012-10-05,12.42,12.47,12.18,12.33,568849
2012-10-08,12.26,12.38,12.26,12.31,342319
2012-10-09,12.33,12.46,12.2,12.25,258395
2012-10-10,12.26,12.34,12.21,12.33,246466
2012-10-11,12.39,12.41,12.34,12.37,187385
2012-10-12,12.34,12.34,12.12,12.16,234428
2012-10-15,12.2,12.29,12.16,12.22,224684
2012-10-16,12.29,12.35,12.15,12.18,210227
2012-10-17,12.18,12.34,12.18,12.34,195955
2012-10-18,12.3,12.38,12.14,12.14,319651
2012-10-19,12.11,12.23,12.05,12.19,498350
2012-10-22,12.2,12.24,12.09,12.22,267010
2012-10-23,11.89,11.99,11.58,11.78,758438
2012-10-24,11.8,11.81,11.63,11.76,538168
2012-10-25,11.85,11.94,11.77,11.92,391477
2012-10-26,11.95,11.97,11.82,11.91,424446
2012-10-31,11.78,11.99,11.78,11.9,351417
2012-11-01,11.92,12.04,11.87,11.91,450353
2012-11-02,11.94,11.94,11.69,11.71,403308
2012-11-05,11.73,11.85,11.62,11.75,298496
2012-11-06,11.82,12.0,11.81,11.85,415990
2012-11-07,11.75,11.77,11.46,11.46,446390
2012-11-08,11.46,11.53,11.33,11.35,362694
2012-11-09,11.27,11.48,11.15,11.38,310138
2012-11-12,11.44,11.48,11.28,11.4,206767
2012-11-13,11.32,11.45,11.27,11.35,257286
2012-11-14,11.33,11.44,11.25,11.28,328247
2012-11-15,11.32,11.41,11.18,11.28,462177
2012-11-16,11.24,11.42,11.11,11.38,466602
2012-11-19,11.46,11.58,11.38,11.43,470787
2012-11-20,11.38,11.55,11.32,11.5,379922
2012-11-21,11.5,11.57,11.41,11.55,271570
2012-11-23,11.57,11.8,11.57,11.78,232413
2012-11-26,11.77,11.86,11.6,11.83,316550
2012-11-27,11.85,11.9,11.67,11.82,397767
2012-11-28,11.76,11.79,11.61,11.78,459023
2012-11-29,11.82,11.94,11.74,11.9,303396
2012-11-30,11.94,11.98,11.79,11.93,507245
2012-12-03,11.99,11.99,11.87,11.94,212647
2012-12-04,11.91,11.96,11.8,11.96,488590
2012-12-05,11.96,11.98,11.86,11.95,396580
2012-12-06,11.92,11.99,11.88,11.92,432554
2012-12-07,11.99,11.99,11.81,11.93,373171
2012-12-10,11.95,11.97,11.9,11.95,376846
2012-12-11,12.0,12.04,11.91,12.04,513184
2012-12-12,12.03,12.09,11.93,11.96,432292
2012-12-13,11.78,12.0,11.78,11.93,454378
2012-12-14,11.91,11.97,11.83,11.88,191902
2012-12-17,11.93,12.22,11.88,12.05,1360304
2012-12-18,12.04,12.12,12.0,12.12,415038
2012-12-19,12.12,12.2,12.07,12.07,470874
2012-12-20,12.11,12.12,12.0,12.09,451750
2012-12-21,12.02,12.16,11.99,12.15,1343344
2012-12-24,12.2,12.2,11.91,12.08,299253
2012-12-26,12.12,12.23,12.0,12.03,331381
2012-12-27,12.07,12.2,11.94,12.12,664109
2012-12-28,12.05,12.13,11.99,12.04,465841
2012-12-31,12.02,12.15,11.99,12.14,386727
2013-01-02,12.25,12.47,12.2,12.44,836463
2013-01-03,12.46,12.46,12.35,12.39,405891
2013-01-04,12.45,12.48,12.35,12.42,308913
2013-01-07,12.35,12.4,12.32,12.38,269467
2013-01-08,12.36,12.42,12.26,12.37,270518
2013-01-09,12.38,12.45,12.35,12.41,339444
2013-01-10,12.44,12.44,12.36,12.42,142819
2013-01-11,12.45,12.45,12.29,12.4,276382
2013-01-14,12.37,12.4,12.31,12.37,359955
2013-01-15,12.33,12.35,12.27,12.3,492960
2013-01-16,12.29,12.31,12.22,12.23,388350
2013-01-17,12.25,12.31,12.22,12.29,757166
2013-01-18,12.25,12.33,12.18,12.18,600741
2013-01-22,12.21,12.39,12.19,12.37,737256
2013-01-23,12.4,12.4,12.25,12.31,397604
2013-01-24,12.3,12.41,12.22,12.31,860822
2013-01-25,12.36,12.4,12.3,12.31,590133
2013-01-28,12.33,12.35,12.21,12.28,519877
2013-01-29,12.26,12.34,12.22,12.24,465915
2013-01-30,12.26,12.28,12.04,12.1,787152
2013-01-31,12.11,12.21,12.06,12.2,1063303
2013-02-01,12.23,12.27,12.17,12.19,1070978
2013-02-04,12.16,12.2,12.05,12.07,497249
2013-02-05,12.11,12.27,12.08,12.25,1203444
2013-02-06,12.19,12.35,12.19,12.35,494322
2013-02-07,12.37,12.38,12.28,12.31,411454
2013-02-08,12.35,12.4,12.32,12.35,358624
2013-02-11,12.38,12.4,12.35,12.38,250653
2013-02-12,12.38,12.44,12.26,12.4,458428
2013-02-13,12.39,12.5,12.31,12.49,314821
2013-02-14,12.44,12.56,12.25,12.48,336954
2013-02-15,12.55,12.62,12.47,12.58,526142
2013-02-19,12.63,12.95,12.59,12.9,915701
2013-02-20,12.9,12.9,12.66,12.68,515489
2013-02-21,12.69,12.73,12.56,12.61,378198
2013-02-22,12.69,12.71,12.61,12.7,263498
2013-02-25,12.76,12.79,12.43,12.43,419592
2013-02-26,12.5,12.53,12.4,12.47,288228
2013-02-27,12.49,12.6,12.41,12.53,428484
2013-02-28,12.54,12.6,12.44,12.5,367463
2013-03-01,12.39,12.58,12.31,12.55,366593
2013-03-04,12.49,12.68,12.46,12.6,487276
2013-03-05,12.63,12.76,12.47,12.57,362794
2013-03-06,12.57,12.69,12.46,12.52,286664
2013-03-07,12.5,12.6,12.49,12.55,249924
2013-03-08,12.69,12.7,12.56,12.57,368413
2013-03-11,12.53,12.6,12.43,12.51,446494
2013-03-12,12.51,12.54,12.38,12.41,483818
2013-03-13,12.45,12.54,12.37,12.52,313214
2013-03-14,12.54,12.65,12.43,12.61,440352
2013-03-15,12.64,12.79,12.59,12.71,1532489
2013-03-18,12.64,12.75,12.6,12.69,285460
2013-03-19,12.75,12.81,12.59,12.6,643622
2013-03-20,12.69,12.77,12.66,12.72,316064
2013-03-21,12.65,12.79,12.5,12.51,989444
2013-03-22,12.58,12.59,12.49,12.53,813777
2013-03-25,12.65,12.65,12.46,12.48,1184699
2013-03-26,12.56,12.65,12.5,12.63,393857
2013-03-27,12.6,12.73,12.5,12.7,416708
2013-03-28,12.75,12.75,12.65,12.68,304073
2013-04-01,12.72,12.72,12.48,12.53,440735
2013-04-02,12.61,12.62,12.41,12.42,279322
2013-04-03,12.49,12.49,12.29,12.3,430718
2013-04-04,12.3,12.45,12.3,12.44,356749
2013-04-05,12.27,12.42,12.27,12.42,280096
2013-04-08,12.41,12.47,12.3,12.47,249856
2013-04-09,12.45,12.52,12.33,12.34,385993
2013-04-10,12.35,12.59,12.35,12.57,369307
2013-04-11,12.55,12.57,12.44,12.46,374228
2013-04-12,12.43,12.47,12.35,12.37,324049
2013-04-15,12.29,12.33,12.0,12.01,847464
2013-04-16,12.14,12.16,12.03,12.1,892064
2013-04-17,12.07,12.26,11.98,12.25,1435919
2013-04-18,12.24,12.25,12.1,12.21,507624
2013-04-19,12.2,12.36,12.16,12.33,439478
2013-04-22,12.55,12.61,12.26,12.56,870769
2013-04-23,12.58,12.59,12.38,12.47,607807
2013-04-24,12.44,12.54,12.42,12.53,460894
2013-04-25,12.54,12.6,12.49,12.51,743509
2013-04-26,12.51,12.54,12.38,12.5,634693
2013-04-29,12.52,12.59,12.42,12.53,522804
2013-04-30,12.34,12.35,12.23,12.25,676716
2013-05-01,12.2,12.27,11.98,11.99,1189123
2013-05-02,12.05,12.26,11.98,12.1,903149
2013-05-03,12.24,12.35,12.15,12.27,629908
2013-05-06,12.24,12.32,12.19,12.3,536784
2013-05-07,12.3,12.42,12.26,12.41,457602
2013-05-08,12.42,12.42,12.29,12.37,358952
2013-05-09,12.32,12.34,12.22,12.24,875736
2013-05-10,12.28,12.28,12.22,12.25,339942
2013-05-13,12.27,12.28,12.21,12.24,493621
2013-05-14,12.23,12.45,12.23,12.44,760505
2013-05-15,12.44,12.56,12.38,12.55,719914
2013-05-16,12.58,12.71,12.5,12.62,703139
2013-05-17,12.68,12.73,12.62,12.72,493145
2013-05-20,12.68,12.8,12.63,12.75,362934
2013-05-21,12.78,12.84,12.68,12.8,395611
2013-05-22,12.78,12.95,12.56,12.64,632554
2013-05-23,12.59,12.73,12.51,12.63,397095
2013-05-24,12.53,12.64,12.49,12.64,279931
2013-05-28,12.7,12.9,12.59,12.63,524522
2013-05-29,12.53,12.6,12.42,12.46,382768
2013-05-30,12.47,12.56,12.45,12.54,330459
2013-05-31,12.51,12.54,12.39,12.4,398984
2013-06-03,12.38,12.54,12.28,12.52,792007
2013-06-04,12.55,12.63,12.39,12.49,450090
2013-06-05,12.44,12.58,12.37,12.42,478669
2013-06-06,12.39,12.5,12.28,12.5,420860
2013-06-07,12.58,12.58,12.42,12.54,332313
2013-06-10,12.55,12.66,12.5,12.57,333653
2013-06-11,12.49,12.61,12.39,12.41,417040
2013-06-12,12.45,12.49,12.28,12.33,495968
2013-06-13,12.31,12.56,12.3,12.5,353188
2013-06-14,12.52,12.59,12.34,12.39,502903
2013-06-17,12.45,12.58,12.41,12.53,466536
2013-06-18,12.51,12.69,12.47,12.64,581411
2013-06-19,12.65,12.65,12.51,12.56,472801
2013-06-20,12.43,12.63,12.43,12.5,667963
2013-06-21,12.56,12.97,12.54,12.92,2612607
2013-06-24,12.86,13.09,12.77,12.98,1011937
2013-06-25,13.02,13.34,13.0,13.29,1038246
2013-06-26,13.42,13.45,13.17,13.18,923141
2013-06-27,13.21,13.32,13.21,13.23,563394
2013-06-28,13.3,13.58,13.15,13.51,1916746
2013-07-01,13.6,13.85,13.55,13.8,650428
2013-07-02,13.73,13.92,13.73,13.91,706601
2013-07-03,13.83,14.0,13.78,13.99,329156
2013-07-05,14.06,14.27,13.97,14.26,521853
2013-07-08,14.24,14.44,14.23,14.29,448958
2013-07-09,14.33,14.43,14.18,14.33,891951
2013-07-10,14.34,14.34,14.2,14.26,550781
2013-07-11,14.35,14.37,13.99,14.09,1054742
2013-07-12,14.05,14.21,14.05,14.19,564416
2013-07-15,14.18,14.32,14.16,14.29,373996
2013-07-16,14.32,14.53,14.18,14.23,505007
2013-07-17,14.32,14.57,14.22,14.27,343695
2013-07-18,14.27,14.42,14.27,14.37,413206
2013-07-19,14.33,14.42,14.28,14.39,385906
2013-07-22,14.29,14.45,14.25,14.37,396548
2013-07-23,13.58,14.28,13.25,14.22,1095339
2013-07-24,14.22,14.37,14.15,14.19,699623
2013-07-25,14.16,14.43,14.1,14.31,489655
2013-07-26,14.21,14.43,14.11,14.18,348311
2013-07-29,14.16,14.21,14.01,14.04,530829
2013-07-30,13.97,14.04,13.87,13.91,468018
2013-07-31,13.91,14.0,13.82,13.82,428901
2013-08-01,13.94,14.01,13.9,13.99,579137
2013-08-02,13.99,14.0,13.89,14.0,362416
2013-08-05,13.99,14.11,13.87,14.07,411728
2013-08-06,14.01,14.1,13.91,13.98,338915
2013-08-07,13.96,13.99,13.76,13.78,517900
2013-08-08,13.8,13.86,13.75,13.8,546436
2013-08-09,13.75,14.01,13.72,13.76,456574
2013-08-12,13.67,13.85,13.64,13.83,670823
2013-08-13,13.86,13.94,13.75,13.81,516859
2013-08-14,13.8,13.92,13.7,13.77,809163
2013-08-15,13.71,13.8,13.64,13.65,857796
2013-08-16,13.59,13.75,13.58,13.67,455811
2013-08-19,13.61,13.66,13.53,13.58,634250
2013-08-20,13.6,13.81,13.51,13.77,383751
2013-08-21,13.7,13.74,13.6,13.61,457278
2013-08-22,13.63,13.82,13.61,13.81,363680
2013-08-23,13.8,13.86,13.73,13.81,333490
2013-08-26,13.81,13.87,13.7,13.75,274914
2013-08-27,13.59,13.66,13.3,13.31,502661
2013-08-28,13.34,13.48,13.3,13.41,408683
2013-08-29,13.38,13.52,13.38,13.5,358598
2013-08-30,13.45,13.49,13.26,13.34,576811
2013-09-03,13.49,13.63,13.34,13.43,961519
2013-09-04,13.4,13.6,13.4,13.45,364578
2013-09-05,13.49,13.57,13.41,13.51,333552
2013-09-06,13.52,13.52,13.3,13.42,466542
2013-09-09,13.44,13.56,13.4,13.55,363245
2013-09-10,13.63,13.67,13.52,13.67,384000
2013-09-11,13.62,13.7,13.56,13.6,391883
2013-09-12,13.59,13.65,13.46,13.48,388877
2013-09-13,13.55,13.72,13.43,13.49,278784
2013-09-16,13.65,13.74,13.47,13.53,766464
2013-09-17,13.5,13.66,13.46,13.66,420019
2013-09-18,13.63,13.8,13.53,13.6,535242
2013-09-19,13.6,13.62,13.1,13.26,1558890
2013-09-20,13.26,13.36,13.15,13.28,1231232
2013-09-23,13.31,13.32,13.11,13.14,945242
2013-09-24,13.14,13.22,13.1,13.14,880938
2013-09-25,13.18,13.28,12.96,13.03,959992
2013-09-26,13.03,13.34,12.88,13.21,1797712
2013-09-27,13.15,13.26,13.13,13.15,461285
2013-09-30,13.08,13.24,13.0,13.21,637530
2013-10-01,13.18,13.39,13.18,13.39,741176
2013-10-02,13.3,13.39,13.22,13.31,642942
2013-10-03,13.27,13.36,13.16,13.28,825394
2013-10-04,13.25,13.46,13.25,13.45,474413
2013-10-07,13.38,13.42,13.24,13.24,470708
2013-10-08,13.23,13.31,13.19,13.21,515720
2013-10-09,13.29,13.31,13.15,13.19,648238
2013-10-10,13.34,13.47,13.31,13.47,398940
2013-10-11,13.44,13.66,13.37,13.66,369706
2013-10-14,13.56,13.78,13.5,13.78,591929
2013-10-15,13.75,13.8,13.7,13.76,772290
2013-10-16,13.82,13.91,13.75,13.82,469069
2013-10-17,13.78,13.95,13.73,13.95,584003
2013-10-18,14.0,14.05,13.79,13.97,686069
2013-10-21,14.02,14.13,13.9,14.08,522742
2013-10-22,14.1,14.44,14.05,14.41,734152
2013-10-23,14.37,14.49,14.24,14.41,699800
2013-10-24,14.41,14.49,14.37,14.46,476232
2013-10-25,14.51,14.58,14.43,14.57,702500
2013-10-28,14.6,14.61,14.44,14.49,673555
2013-10-29,14.42,14.43,14.17,14.36,412581
2013-10-30,14.29,14.35,14.16,14.18,517198
2013-10-31,14.15,14.16,13.98,13.99,574369
2013-11-01,13.96,13.98,13.72,13.79,992165
2013-11-04,13.86,13.91,13.71,13.79,702202
2013-11-05,13.72,13.83,13.69,13.75,536021
2013-11-06,13.85,13.98,13.68,13.85,510119
2013-11-07,13.92,14.0,13.46,13.59,4772233
2013-11-08,13.61,14.14,13.56,14.1,987944
2013-11-11,14.11,14.16,13.92,13.92,357850
2013-11-12,13.92,13.97,13.79,13.84,350531
2013-11-13,13.79,13.99,13.76,13.99,352583
2013-11-14,14.04,14.04,13.92,13.98,289506
2013-11-15,13.95,14.02,13.83,13.98,540184
2013-11-18,13.98,14.07,13.86,13.88,443681
2013-11-19,13.91,14.01,13.87,13.88,332865
2013-11-20,13.96,13.98,13.85,13.89,323697
2013-11-21,13.96,14.24,13.91,14.2,550836
2013-11-22,14.23,14.41,14.1,14.39,522121
2013-11-25,14.37,14.9,14.37,14.71,1795907
2013-11-26,14.77,14.86,14.7,14.82,1485787
2013-11-27,14.8,14.97,14.78,14.94,578313
2013-11-29,15.02,15.03,14.85,14.94,326726
2013-12-02,14.9,15.03,14.79,14.95,1285498
2013-12-03,14.97,15.05,14.75,14.88,1166639
2013-12-04,14.84,14.95,14.69,14.79,508243
2013-12-05,14.75,14.75,14.65,14.73,230927
2013-12-06,14.86,15.0,14.73,14.97,415356
2013-12-09,14.94,14.99,14.75,14.83,493212
2013-12-10,14.76,14.83,14.6,14.67,412251
2013-12-11,14.66,14.68,14.43,14.48,512343
2013-12-12,14.46,14.63,14.44,14.55,315719
2013-12-13,14.58,14.64,14.47,14.59,305638
2013-12-16,14.63,14.69,14.5,14.69,466737
2013-12-17,14.71,14.71,14.56,14.58,443055
2013-12-18,14.62,14.74,14.48,14.73,411845
2013-12-19,14.73,14.73,14.52,14.52,296654
2013-12-20,14.58,14.79,14.54,14.74,894625
2013-12-23,14.83,14.93,14.8,14.88,412236
2013-12-24,14.85,15.0,14.81,14.94,228641
2013-12-26,14.99,15.0,14.86,14.87,193209
2013-12-27,14.94,14.94,14.78,14.83,237987
2013-12-30,14.82,14.84,14.74,14.77,292986
2013-12-31,14.79,14.94,14.73,14.78,376563
2014-01-02,14.71,14.79,14.57,14.71,504272
2014-01-03,14.7,14.75,14.6,14.74,359997
2014-01-06,14.76,14.76,14.46,14.55,533017
2014-01-07,14.62,14.76,14.6,14.72,345842
2014-01-08,14.72,14.86,14.66,14.85,877939
2014-01-09,14.86,14.99,14.8,14.84,357733
2014-01-10,14.87,14.87,14.69,14.77,336539
2014-01-13,14.71,14.74,14.52,14.65,368343
2014-01-14,14.67,14.83,14.61,14.69,339009
2014-01-15,14.68,14.85,14.64,14.75,401557
2014-01-16,14.76,14.81,14.58,14.65,256280
2014-01-17,14.67,14.72,14.56,14.63,271318
2014-01-21,14.75,14.89,14.73,14.89,353714
2014-01-22,14.9,14.9,14.79,14.87,195971
2014-01-23,14.78,14.84,14.71,14.81,430279
2014-01-24,14.7,14.94,14.55,14.66,737694
2014-01-27,14.75,14.85,14.66,14.66,697907
2014-01-28,14.73,14.85,14.61,14.81,613579
2014-01-29,14.67,14.87,14.46,14.47,591716
2014-01-30,14.39,14.63,14.17,14.32,470375
2014-01-31,14.08,14.49,14.03,14.06,695031
2014-02-03,14.0,14.22,13.72,13.76,962053
2014-02-04,13.8,14.1,13.66,13.89,758690
2014-02-05,13.86,13.97,13.82,13.88,613803
2014-02-06,13.92,14.1,13.86,13.92,535528
2014-02-07,13.96,14.04,13.84,13.88,421253
2014-02-10,13.89,13.95,13.76,13.93,649038
2014-02-11,13.91,14.19,13.88,14.12,464670
2014-02-12,14.15,14.27,14.04,14.09,308753
2014-02-13,14.05,14.25,13.9,14.22,442377
2014-02-14,14.25,14.36,14.09,14.27,396652
2014-02-18,14.29,14.4,14.19,14.3,237830
2014-02-19,14.23,14.31,13.93,13.98,542195
2014-02-20,13.97,14.1,13.86,14.02,517443
2014-02-21,14.09,14.18,13.99,14.15,409286
2014-02-24,14.19,14.51,14.19,14.32,962146
2014-02-25,14.33,14.37,14.18,14.23,502104
2014-02-26,14.18,14.41,14.14,14.25,514005
2014-02-27,14.21,14.31,14.14,14.28,480068
2014-02-28,14.32,14.46,14.26,14.35,743727
2014-03-03,14.23,14.29,14.14,14.2,370010
2014-03-04,14.35,14.64,14.23,14.43,1813101
2014-03-05,14.39,14.52,14.33,14.45,390016
2014-03-06,14.48,14.59,14.43,14.56,496814
2014-03-07,14.59,14.62,14.47,14.48,470591
2014-03-10,14.47,14.55,14.4,14.51,390733
2014-03-11,14.5,14.51,14.34,14.38,356659
2014-03-12,14.35,14.39,14.14,14.26,478125
2014-03-13,14.26,14.34,14.15,14.19,444064
2014-03-14,14.04,14.38,14.01,14.31,544707
2014-03-17,14.41,14.52,14.38,14.51,418028
2014-03-18,14.5,14.7,14.4,14.7,638928
2014-03-19,14.69,14.76,14.55,14.65,405163
2014-03-20,14.6,14.99,14.6,14.93,682965
2014-03-21,15.0,15.07,14.7,14.7,915866
2014-03-24,14.73,14.85,14.59,14.69,446731
2014-03-25,14.77,14.82,14.57,14.71,564559
2014-03-26,14.83,14.86,14.52,14.52,455516
2014-03-27,14.48,14.63,14.33,14.36,524134
2014-03-28,14.43,14.64,14.36,14.4,382497
2014-03-31,14.47,14.63,14.42,14.6,506884
2014-04-01,14.64,14.79,14.51,14.79,438225
2014-04-02,14.8,14.81,14.67,14.73,330081
2014-04-03,14.69,14.79,14.65,14.73,241581
2014-04-04,14.83,14.83,14.39,14.5,525829
2014-04-07,14.44,14.58,14.27,14.52,484930
2014-04-08,14.52,14.73,14.43,14.63,526507
2014-04-09,14.67,14.67,14.48,14.57,267874
2014-04-10,14.55,14.62,14.26,14.29,503605
2014-04-11,14.17,14.36,14.16,14.23,442227
2014-04-14,14.42,14.64,14.41,14.6,781837
2014-04-15,14.68,14.83,14.55,14.82,1009060
2014-04-16,14.89,14.89,14.69,14.86,581897
2014-04-17,14.85,15.11,14.8,14.94,626092
2014-04-21,14.97,15.01,14.38,14.58,1020175
2014-04-22,14.51,14.81,14.51,14.71,961865
2014-04-23,14.72,14.82,14.51,14.63,676171
2014-04-24,14.7,14.7,14.49,14.56,495588
2014-04-25,14.47,14.59,14.37,14.44,726628
2014-04-28,14.45,14.45,14.22,14.34,1424612
2014-04-29,13.24,13.43,13.19,13.3,1078112
2014-04-30,13.25,13.32,13.05,13.29,715271
2014-05-01,13.25,13.38,13.0,13.33,1059775
2014-05-02,13.38,13.48,13.2,13.28,741534
2014-05-05,13.22,13.26,13.1,13.15,762075
2014-05-06,13.15,13.2,13.0,13.0,575534
2014-05-07,13.05,13.14,12.96,13.14,711280
2014-05-08,13.15,13.2,12.99,13.02,452741
2014-05-09,12.95,13.2,12.93,13.19,353328
2014-05-12,13.28,13.44,13.19,13.36,576901
2014-05-13,13.36,13.43,13.16,13.17,517115
2014-05-14,13.13,13.13,12.93,12.96,483363
2014-05-15,13.02,13.23,12.77,13.2,1031786
2014-05-16,13.2,13.28,13.13,13.26,693291
2014-05-19,13.25,13.45,13.23,13.34,504516
2014-05-20,13.29,13.48,13.12,13.15,789138
2014-05-21,13.2,13.32,13.01,13.22,475549
2014-05-22,13.25,13.29,13.2,13.26,274146
2014-05-23,13.3,13.37,13.23,13.35,258895
2014-05-27,13.45,13.5,13.3,13.47,317936
2014-05-28,13.43,13.43,13.3,13.33,364523
2014-05-29,13.36,13.42,13.18,13.42,419529
2014-05-30,13.44,13.48,13.28,13.31,391005
2014-06-02,13.31,13.36,13.15,13.3,458549
2014-06-03,13.28,13.43,13.23,13.27,284493
2014-06-04,13.2,13.32,13.16,13.27,316030
2014-06-05,13.38,13.6,13.2,13.54,540370
2014-06-06,13.62,13.66,13.52,13.59,455294
2014-06-09,13.57,13.67,13.45,13.62,444299
2014-06-10,13.61,13.63,13.43,13.59,462636
2014-06-11,13.52,13.57,13.42,13.5,474334
2014-06-12,13.45,13.46,13.33,13.36,459515
2014-06-13,13.42,13.43,13.26,13.33,375785
2014-06-16,13.29,13.32,13.18,13.27,350414
2014-06-17,13.26,13.5,13.16,13.46,523156
2014-06-18,13.43,13.53,13.34,13.49,320169
2014-06-19,13.5,13.54,13.37,13.37,285264
2014-06-20,13.44,13.54,13.32,13.49,882697
2014-06-23,13.46,13.47,13.35,13.44,281262
2014-06-24,13.37,13.59,13.37,13.41,403725
2014-06-25,13.32,13.53,13.27,13.52,299231
2014-06-26,13.48,13.6,13.37,13.54,233626
2014-06-27,13.46,13.61,13.46,13.6,644005
2014-06-30,13.54,13.58,13.43,13.57,322511
2014-07-01,13.56,13.86,13.56,13.68,481672
2014-07-02,13.66,13.71,13.52,13.56,389273
2014-07-03,13.62,13.74,13.6,13.7,261041
2014-07-07,13.65,13.65,13.52,13.54,356873
2014-07-08,13.5,13.64,13.43,13.48,297755
2014-07-09,13.49,13.56,13.43,13.47,290242
2014-07-10,13.28,13.39,13.24,13.32,261013
2014-07-11,13.3,13.34,13.22,13.28,250225
2014-07-14,13.4,13.44,13.28,13.3,245485
2014-07-15,13.34,13.43,13.2,13.31,306307
2014-07-16,13.38,13.38,13.15,13.16,280891
2014-07-17,13.13,13.14,12.95,12.99,446370
2014-07-18,12.95,13.18,12.95,13.14,387593
2014-07-21,13.05,13.13,12.93,13.01,520931
2014-07-22,13.0,13.1,12.65,12.69,790840
2014-07-23,12.69,12.79,12.63,12.67,506093
2014-07-24,12.68,12.86,12.64,12.75,345326
2014-07-25,12.65,12.76,12.6,12.69,367268
2014-07-28,12.67,12.69,12.58,12.64,340562
2014-07-29,12.49,12.6,12.43,12.53,412252
2014-07-30,12.6,12.75,12.55,12.6,435291
2014-07-31,12.5,12.6,12.4,12.4,392890
2014-08-01,12.43,12.5,12.25,12.3,423619
2014-08-04,12.36,12.4,12.22,12.35,362969
2014-08-05,12.29,12.43,12.26,12.28,448798
2014-08-06,12.26,12.4,12.26,12.36,344605
2014-08-07,12.38,12.41,12.17,12.26,347010
2014-08-08,12.24,12.41,12.24,12.33,302048
2014-08-11,12.38,12.53,12.34,12.39,368968
2014-08-12,12.34,12.42,12.29,12.33,335614
2014-08-13,12.4,12.51,12.36,12.38,268702
2014-08-14,12.44,12.51,12.34,12.48,425771
2014-08-15,12.59,12.59,12.29,12.36,393510
2014-08-18,12.44,12.54,12.42,12.5,338166
2014-08-19,12.5,12.63,12.42,12.51,462948
2014-08-20,12.48,12.53,12.43,12.48,344826
2014-08-21,12.47,12.68,12.42,12.65,398535
2014-08-22,12.66,12.74,12.57,12.58,331875
2014-08-25,12.63,12.7,12.46,12.55,386257
2014-08-26,12.59,12.69,12.59,12.65,283694
2014-08-27,12.65,12.69,12.57,12.65,452923
2014-08-28,12.58,12.66,12.51,12.54,527909
2014-08-29,12.6,12.64,12.53,12.61,185588
2014-09-02,12.64,12.67,12.47,12.6,522806
2014-09-03,12.63,12.66,12.48,12.52,338958
2014-09-04,12.53,12.63,12.46,12.47,192098
2014-09-05,12.43,12.45,12.33,12.44,222395
2014-09-08,12.41,12.46,12.36,12.45,197479
2014-09-09,12.4,12.4,12.26,12.3,302243
2014-09-10,12.29,12.47,12.29,12.44,239248
2014-09-11,12.36,12.54,12.36,12.52,188832
2014-09-12,12.54,12.56,12.39,12.52,381540
2014-09-15,12.49,12.56,12.41,12.42,263875
2014-09-16,12.4,12.44,12.3,12.36,298303
2014-09-17,12.34,12.54,12.29,12.42,415379
2014-09-18,12.47,12.57,12.43,12.49,299049
2014-09-19,12.5,12.64,12.38,12.4,673207
2014-09-22,12.37,12.52,12.29,12.29,263255
2014-09-23,12.29,12.33,12.12,12.12,269362
2014-09-24,12.12,12.2,12.07,12.17,332244
2014-09-25,12.12,12.21,11.99,12.09,615268
2014-09-26,12.09,12.18,12.02,12.08,412111
2014-09-29,12.0,12.1,11.99,12.03,278901
2014-09-30,12.26,12.33,12.05,12.1,877290
2014-10-01,12.1,12.3,12.05,12.1,649586
2014-10-02,12.07,12.25,12.05,12.18,323161
2014-10-03,12.31,12.34,12.13,12.2,236409
2014-10-06,12.22,12.22,12.06,12.07,336933
2014-10-07,11.98,12.1,11.96,11.96,268580
2014-10-08,11.95,12.22,11.95,12.19,376543
2014-10-09,12.2,12.24,11.92,11.93,479661
2014-10-10,11.86,12.08,11.86,11.96,593466
2014-10-13,11.98,12.23,11.95,12.12,418512
2014-10-14,12.24,12.34,12.1,12.26,530314
2014-10-15,12.09,12.31,11.93,12.07,686440
2014-10-16,11.94,12.3,11.92,12.22,600497
2014-10-17,12.41,12.47,12.02,12.03,445773
2014-10-20,12.02,12.21,12.01,12.15,681717
2014-10-21,12.29,12.43,12.07,12.42,931443
2014-10-22,12.47,12.57,12.38,12.4,463774
2014-10-23,12.38,12.46,12.3,12.32,669001
2014-10-24,12.34,12.34,12.2,12.32,472523
2014-10-27,12.24,12.35,12.24,12.34,417923
2014-10-28,12.38,12.63,12.38,12.63,413200
2014-10-29,12.63,12.71,12.5,12.71,410956
2014-10-30,12.64,12.73,12.53,12.7,659731
2014-10-31,12.89,12.89,12.56,12.83,473569
2014-11-03,12.82,12.92,12.77,12.83,360366
2014-11-04,12.81,12.87,12.71,12.86,370984
2014-11-05,12.96,12.99,12.84,12.9,314504
2014-11-06,12.89,12.97,12.86,12.94,210573
2014-11-07,12.92,12.97,12.81,12.96,284824
2014-11-10,13.01,13.14,12.84,13.13,551208
2014-11-11,13.13,13.14,13.0,13.03,265217
2014-11-12,12.99,13.28,12.55,13.27,651849
2014-11-13,13.3,13.3,13.08,13.09,363957
2014-11-14,13.1,13.19,12.97,13.04,377175
2014-11-17,13.04,13.08,12.91,12.93,227405
2014-11-18,12.96,13.04,12.85,12.88,252013
2014-11-19,12.86,12.89,12.59,12.72,346571
2014-11-20,12.67,12.81,12.61,12.8,280554
2014-11-21,12.93,12.93,12.61,12.66,379053
2014-11-24,12.71,12.87,12.67,12.86,255670
2014-11-25,12.9,12.9,12.79,12.88,162910
2014-11-26,12.86,12.9,12.72,12.89,192412
2014-11-28,12.88,12.94,12.55,12.59,411268
2014-12-01,12.52,12.64,12.46,12.46,502768
2014-12-02,12.46,12.79,12.46,12.55,623840
2014-12-03,12.58,12.74,12.55,12.69,518043
2014-12-04,12.69,12.7,12.57,12.67,374376
2014-12-05,12.67,12.88,12.67,12.88,319494
2014-12-08,12.84,12.96,12.64,12.72,376350
2014-12-09,12.57,12.87,12.54,12.87,530968
2014-12-10,12.86,12.93,12.49,12.5,604649
2014-12-11,12.56,12.67,12.5,12.51,585145
2014-12-12,12.36,12.54,12.28,12.37,991032
2014-12-15,12.43,12.56,12.25,12.35,740871
2014-12-16,12.31,12.34,11.88,11.91,1516489
2014-12-17,11.88,12.13,11.87,12.13,1278147
2014-12-18,12.29,12.31,12.09,12.22,809468
2014-12-19,12.22,12.34,12.16,12.26,2435252
2014-12-22,12.25,12.46,12.19,12.45,492760
2014-12-23,12.52,12.58,12.45,12.47,370816
2014-12-24,12.51,12.58,12.46,12.53,173768
2014-12-26,12.55,12.62,12.51,12.54,253039
2014-12-29,12.57,12.72,12.55,12.66,407777
2014-12-30,12.6,12.74,12.56,12.64,261750
2014-12-31,12.65,12.72,12.52,12.53,362941
2015-01-02,12.62,12.62,12.3,12.49,463496
2015-01-05,12.47,12.5,12.29,12.32,602599
2015-01-06,12.32,12.44,12.0,12.09,707468
2015-01-07,12.12,12.38,12.02,12.1,618095
2015-01-08,12.2,12.4,12.08,12.3,534261
2015-01-09,12.3,12.3,12.02,12.04,338620
2015-01-12,12.04,12.1,11.94,12.01,500415
2015-01-13,12.12,12.24,11.91,12.06,648037
2015-01-14,11.93,11.99,11.82,11.96,440680
2015-01-15,11.94,11.96,11.78,11.87,644707
2015-01-16,11.83,12.05,11.8,12.0,848129
2015-01-20,12.05,12.09,11.87,11.91,567726
2015-01-21,11.91,12.0,11.73,11.78,455775
2015-01-22,11.88,12.12,11.78,12.09,750316
2015-01-23,12.09,12.14,11.96,11.99,301838
2015-01-26,11.95,12.18,11.8,12.17,623013
2015-01-27,12.1,12.12,11.95,12.02,597535
2015-01-28,12.13,12.19,11.81,11.83,530050
2015-01-29,11.82,12.11,11.76,12.1,725250
2015-01-30,12.02,12.18,11.8,11.8,653929
2015-02-02,11.87,12.02,11.76,11.99,573012
2015-02-03,11.88,12.03,11.82,11.85,1275435
2015-02-04,11.85,11.93,11.75,11.77,904067
2015-02-05,11.79,11.86,11.78,11.85,774036
2015-02-06,11.86,11.91,11.84,11.85,3015677
2015-02-09,11.86,11.89,11.78,11.83,1070823
2015-02-10,11.94,11.97,11.77,11.82,1042520
2015-02-11,11.82,11.9,11.73,11.74,756116
2015-02-12,11.86,11.86,11.75,11.83,1272068
2015-02-13,11.9,11.95,11.84,11.91,1071843
2015-02-17,11.91,11.94,11.77,11.81,1197856
2015-02-18,11.81,11.82,11.71,11.76,669847
2015-02-19,11.74,11.8,11.67,11.68,1198203
2015-02-20,11.71,11.77,11.52,11.76,703818
2015-02-23,11.76,11.85,11.7,11.79,1554716
2015-02-24,11.83,11.87,11.78,11.79,1050880
2015-02-25,11.78,11.93,11.72,11.77,400178
2015-02-26,11.79,11.84,11.74,11.77,572638
2015-02-27,11.78,11.88,11.73,11.82,997323
2015-03-02,11.85,11.91,11.8,11.84,460480
2015-03-03,11.84,11.87,11.8,11.8,442510
2015-03-04,11.78,11.8,11.72,11.73,342159
2015-03-05,11.76,11.83,11.62,11.7,342187
2015-03-06,11.7,11.87,11.69,11.71,580922
2015-03-09,11.75,11.89,11.72,11.83,511187
2015-03-10,11.76,11.78,11.68,11.7,452394
2015-03-11,11.73,11.73,11.56,11.66,513662
2015-03-12,11.75,11.9,11.68,11.9,447480
2015-03-13,11.89,11.89,11.7,11.88,415016
2015-03-16,11.91,11.95,11.79,11.85,359995
2015-03-17,11.85,12.03,11.79,12.0,679560
2015-03-18,12.0,12.01,11.82,11.86,462062
2015-03-19,11.86,11.96,11.72,11.81,296376
2015-03-20,11.84,11.99,11.75,11.97,928986
2015-03-23,11.96,12.03,11.92,11.97,367567
2015-03-24,11.98,11.99,11.84,11.86,420730
2015-03-25,11.86,11.92,11.67,11.69,529688
2015-03-26,11.72,11.76,11.62,11.69,376186
2015-03-27,11.7,11.74,11.55,11.72,483262
2015-03-30,11.83,11.97,11.75,11.91,588313
2015-03-31,11.88,11.89,11.75,11.85,566256
2015-04-01,11.8,11.88,11.71,11.83,432764
2015-04-02,11.85,11.98,11.79,11.95,542709
2015-04-06,11.91,11.98,11.78,11.86,446883
2015-04-07,11.9,11.99,11.85,11.86,379973
2015-04-08,11.89,11.98,11.78,11.83,461561
2015-04-09,11.87,11.95,11.77,11.87,571460
2015-04-10,11.95,12.02,11.84,11.98,575214
2015-04-13,11.99,12.11,11.91,12.11,455782
2015-04-14,12.12,12.18,11.99,12.07,703579
2015-04-15,12.11,12.24,12.02,12.21,554934
2015-04-16,12.22,12.25,12.11,12.22,440971
2015-04-17,12.15,12.25,12.01,12.05,563034
2015-04-20,12.08,12.31,12.05,12.25,1029683
2015-04-21,12.33,12.54,12.24,12.47,958395
2015-04-22,12.48,12.5,12.32,12.42,521027
2015-04-23,12.41,12.5,12.32,12.45,443016
2015-04-24,12.42,12.48,12.35,12.45,522664
2015-04-27,12.49,12.55,12.36,12.49,810603
2015-04-28,12.4,12.5,12.37,12.48,663337
2015-04-29,12.48,12.56,12.4,12.42,492426
2015-04-30,12.37,12.44,12.26,12.31,819313
2015-05-01,12.32,12.41,12.2,12.26,477372
2015-05-04,12.27,12.37,12.22,12.27,384840
2015-05-05,12.21,12.36,12.11,12.18,602165
2015-05-06,12.25,12.36,12.11,12.28,552900
2015-05-07,12.28,12.34,12.13,12.18,305969
2015-05-08,12.27,12.34,12.15,12.24,289488
2015-05-11,12.28,12.38,12.19,12.23,672619
2015-05-12,12.19,12.36,12.13,12.35,440389
2015-05-13,12.36,12.43,12.22,12.35,359506
2015-05-14,12.35,12.43,12.24,12.39,562495
2015-05-15,12.4,12.4,12.16,12.21,347402
2015-05-18,12.18,12.38,12.16,12.36,403194
2015-05-19,12.4,12.41,12.3,12.37,604010
2015-05-20,12.39,12.39,12.25,12.31,466488
2015-05-21,12.33,12.33,12.19,12.21,876435
2015-05-22,12.21,12.24,12.12,12.19,503005
2015-05-26,12.14,12.19,11.95,12.03,1372397
2015-05-27,12.08,12.13,11.98,12.04,1895365
2015-05-28,12.04,12.21,12.04,12.19,626885
2015-05-29,12.2,12.25,12.06,12.1,859925
2015-06-01,12.19,12.2,12.03,12.13,547084
2015-06-02,12.13,12.32,12.01,12.27,523321
2015-06-03,12.34,12.39,12.13,12.34,388529
2015-06-04,12.31,12.35,12.16,12.23,509163
2015-06-05,12.25,12.41,12.22,12.38,434675
2015-06-08,12.39,12.4,12.3,12.37,410674
2015-06-09,12.36,12.46,12.29,12.39,402338
2015-06-10,12.44,12.59,12.4,12.5,467101
2015-06-11,12.56,12.56,12.43,12.49,432784
2015-06-12,12.47,12.53,12.4,12.52,361678
2015-06-15,12.52,12.59,12.42,12.53,474019
2015-06-16,12.53,12.65,12.39,12.62,455441
2015-06-17,12.65,12.65,12.45,12.51,508113
2015-06-18,12.56,12.65,12.5,12.61,447446
2015-06-19,12.62,12.67,12.56,12.65,708436
2015-06-22,12.68,12.77,12.58,12.69,776671
2015-06-23,12.69,12.82,12.61,12.81,596358
2015-06-24,12.78,12.93,12.75,12.84,936668
2015-06-25,12.91,12.95,12.8,12.9,578977
2015-06-26,12.9,13.0,12.82,12.99,1070368
2015-06-29,13.0,13.03,12.73,12.75,740505
2015-06-30,12.84,12.9,12.74,12.82,713236
2015-07-01,12.93,13.04,12.84,13.03,763779
2015-07-02,12.98,12.99,12.74,12.75,632859
2015-07-06,12.69,12.79,12.59,12.77,463186
2015-07-07,12.75,12.75,12.58,12.64,610687
2015-07-08,12.57,12.8,12.55,12.73,1324866
2015-07-09,12.91,12.99,12.79,12.88,966573
2015-07-10,12.99,13.07,12.96,12.98,814452
2015-07-13,13.05,13.1,13.0,13.08,455924
2015-07-14,13.1,13.15,13.01,13.11,506848
2015-07-15,13.13,13.15,13.08,13.11,376230
2015-07-16,13.21,13.21,13.03,13.05,593253
2015-07-17,13.11,13.2,12.85,12.92,681494
2015-07-20,12.96,13.01,12.79,12.85,508104
2015-07-21,12.82,12.98,12.81,12.87,624898
2015-07-22,12.88,13.03,12.88,12.98,538840
2015-07-23,13.02,13.04,12.77,12.77,612045
2015-07-24,12.77,12.8,12.65,12.66,456526
2015-07-27,12.68,12.76,12.54,12.62,479297
2015-07-28,12.52,12.57,12.43,12.55,683359
2015-07-29,12.57,12.64,12.49,12.54,389519
2015-07-30,12.5,12.66,12.5,12.63,487676
2015-07-31,12.65,12.75,12.59,12.69,585093
2015-08-03,12.7,12.75,12.58,12.67,496542
2015-08-04,12.68,12.85,12.63,12.65,476370
2015-08-05,12.7,12.8,12.63,12.7,403735
2015-08-06,12.72,12.77,12.62,12.72,575059
2015-08-07,12.63,12.74,12.57,12.68,564573
2015-08-10,12.76,12.83,12.7,12.76,694444
2015-08-11,12.73,12.82,12.59,12.68,472600
2015-08-12,12.67,12.67,12.36,12.47,636179
2015-08-13,12.5,12.72,12.41,12.58,1322134
2015-08-14,12.58,12.86,12.55,12.84,1802580
2015-08-17,12.88,12.93,12.71,12.86,737628
2015-08-18,12.8,12.92,12.77,12.84,600311
2015-08-19,12.82,12.98,12.75,12.83,667764
2015-08-20,12.72,12.91,12.66,12.74,973251
2015-08-21,12.54,12.84,12.54,12.75,1387262
2015-08-24,12.44,12.7,12.36,12.41,1614918
2015-08-25,12.59,12.82,12.32,12.33,1065795
2015-08-26,12.52,12.61,12.36,12.6,932019
2015-08-27,12.65,12.8,12.54,12.71,944376
2015-08-28,12.64,12.8,12.6,12.77,671389
2015-08-31,12.7,12.86,12.67,12.84,571007
2015-09-01,12.66,12.7,12.41,12.43,944204
2015-09-02,12.54,12.58,12.38,12.44,879170
2015-09-03,12.46,12.57,12.42,12.53,546907
2015-09-04,12.41,12.49,12.34,12.46,493825
2015-09-08,12.56,12.67,12.5,12.66,671518
2015-09-09,12.77,12.86,12.61,12.65,575531
2015-09-10,12.62,12.79,12.58,12.73,541851
2015-09-11,12.66,12.77,12.62,12.74,443048
2015-09-14,12.73,12.86,12.72,12.82,312952
2015-09-15,12.84,12.96,12.84,12.95,456667
2015-09-16,12.92,13.0,12.87,12.99,410193
2015-09-17,12.94,13.08,12.69,12.7,754281
2015-09-18,12.56,12.64,12.53,12.61,1748032
2015-09-21,12.65,12.83,12.63,12.8,565156
2015-09-22,12.68,12.81,12.64,12.69,493450
2015-09-23,12.72,12.83,12.69,12.78,395088
2015-09-24,12.71,12.87,12.69,12.86,565289
2015-09-25,12.97,13.1,12.94,13.0,677524
2015-09-28,12.94,13.05,12.89,12.93,622919
2015-09-29,12.98,13.0,12.86,12.94,768993
2015-09-30,13.0,13.04,12.9,13.0,785635
2015-10-01,13.0,13.02,12.79,12.97,998480
2015-10-02,12.82,12.92,12.55,12.85,604187
2015-10-05,12.86,13.02,12.6,13.01,531974
2015-10-06,13.01,13.04,12.88,12.96,487160
2015-10-07,13.02,13.1,12.92,13.09,707028
2015-10-08,13.03,13.2,13.0,13.17,978801
2015-10-09,13.23,13.23,13.01,13.05,449964
2015-10-12,13.07,13.28,13.02,13.26,580568
2015-10-13,13.18,13.3,13.12,13.19,318167
2015-10-14,13.16,13.29,12.83,12.85,502475
2015-10-15,12.94,13.19,12.82,13.19,765268
2015-10-16,13.19,13.28,12.96,13.16,378313
2015-10-19,13.11,13.25,13.11,13.17,289639
2015-10-20,13.2,13.34,13.15,13.32,374020
2015-10-21,13.31,13.43,13.16,13.2,489686
2015-10-22,13.2,13.53,13.2,13.49,546660
2015-10-23,13.56,13.64,13.44,13.64,478957
2015-10-26,13.68,13.68,13.48,13.59,411207
2015-10-27,13.61,13.83,13.48,13.64,705909
2015-10-28,13.71,14.06,13.68,14.04,977260
2015-10-29,14.02,14.02,13.69,13.74,776370
2015-10-30,13.69,13.73,13.34,13.46,734595
2015-11-02,13.5,13.54,13.33,13.47,589473
2015-11-03,13.28,13.42,13.21,13.35,502442
2015-11-04,13.4,13.41,13.26,13.4,431091
2015-11-05,13.43,13.58,13.38,13.52,580203
2015-11-06,13.58,13.84,13.56,13.8,529788
2015-11-09,13.79,13.8,13.61,13.67,520607
2015-11-10,13.7,13.85,13.64,13.77,599112
2015-11-11,13.82,13.94,13.73,13.77,527626
2015-11-12,13.66,13.74,13.44,13.46,472062
2015-11-13,13.41,13.59,13.31,13.34,468202
2015-11-16,13.35,13.42,13.22,13.41,359045
2015-11-17,13.42,13.55,13.32,13.47,454663
2015-11-18,13.53,13.65,13.37,13.62,741034
2015-11-19,13.65,13.71,13.54,13.65,653968
2015-11-20,13.66,13.79,13.63,13.75,786539
2015-11-23,13.78,13.96,13.67,13.91,645924
2015-11-24,13.8,13.85,13.69,13.84,507785
2015-11-25,13.83,13.92,13.78,13.9,395164
2015-11-27,13.9,13.96,13.85,13.92,119589
2015-11-30,13.94,14.06,13.86,13.94,480539
2015-12-01,14.04,14.11,13.87,13.98,482840
2015-12-02,13.99,14.06,13.85,13.86,482038
2015-12-03,13.95,13.99,13.71,13.73,408992
2015-12-04,13.73,13.92,13.69,13.87,460599
2015-12-07,13.89,13.89,13.68,13.76,510729
2015-12-08,13.7,13.77,13.52,13.55,478341
2015-12-09,13.55,13.61,13.37,13.42,460017
2015-12-10,13.41,13.53,13.37,13.48,396012
2015-12-11,13.3,13.51,13.26,13.32,562381
2015-12-14,13.29,13.42,13.2,13.31,560575
2015-12-15,13.43,13.68,13.31,13.59,545464
2015-12-16,13.62,13.71,13.46,13.66,488819
2015-12-17,13.68,13.8,13.5,13.52,524036
2015-12-18,13.18,13.51,13.13,13.15,1942888
2015-12-21,13.24,13.32,13.15,13.29,449663
2015-12-22,13.34,13.37,13.13,13.33,366021
2015-12-23,13.36,13.54,13.3,13.52,430088
2015-12-24,13.55,13.61,13.44,13.55,186110
2015-12-28,13.51,13.61,13.42,13.55,286872
2015-12-29,13.61,13.76,13.52,13.76,352049
2015-12-30,13.76,13.76,13.48,13.64,319104
2015-12-31,13.56,13.62,13.39,13.39,383354
2016-01-04,13.23,13.33,13.05,13.1,694093
2016-01-05,13.11,13.24,13.1,13.17,525179
2016-01-06,13.03,13.17,13.03,13.08,504915
2016-01-07,12.93,13.04,12.86,12.9,593643
2016-01-08,12.96,13.09,12.65,12.66,585370
2016-01-11,12.67,12.8,12.61,12.71,412832
2016-01-12,12.78,12.97,12.58,12.72,495819
2016-01-13,12.73,12.97,12.32,12.38,545768
2016-01-14,12.39,12.52,12.33,12.34,648992
2016-01-15,12.05,12.29,12.01,12.29,801469
2016-01-19,12.4,12.5,12.19,12.28,536637
2016-01-20,12.06,12.35,11.99,12.26,640532
2016-01-21,12.26,12.27,12.02,12.03,509173
2016-01-22,12.14,12.22,12.0,12.18,550473
2016-01-25,12.16,12.16,11.82,11.84,628806
2016-01-26,11.87,12.42,11.87,12.42,1269206
2016-01-27,12.36,12.6,12.35,12.47,1368639
2016-01-28,12.57,12.65,12.51,12.56,679999
2016-01-29,12.59,12.59,12.43,12.57,1043208
2016-02-01,12.53,12.56,12.35,12.43,681441
2016-02-02,12.16,12.25,11.96,12.05,478176
2016-02-03,12.17,12.24,11.92,12.11,739808
2016-02-04,12.1,12.29,11.9,12.06,436494
2016-02-05,12.13,12.28,12.05,12.05,722750
2016-02-08,12.0,12.24,11.86,12.18,647087
2016-02-09,12.08,12.21,12.06,12.1,458018
2016-02-10,12.15,12.29,12.06,12.07,584612
2016-02-11,11.93,12.0,11.78,11.87,478994
2016-02-12,11.96,12.13,11.93,12.1,851933
2016-02-16,12.21,12.39,12.09,12.3,511949
2016-02-17,12.41,12.56,12.32,12.34,531442
2016-02-18,12.4,12.48,12.3,12.39,631228
2016-02-19,12.39,12.59,12.36,12.47,565639
2016-02-22,12.59,12.67,12.46,12.49,516355
2016-02-23,12.44,12.61,12.38,12.4,372430
2016-02-24,12.27,12.48,12.23,12.44,415953
2016-02-25,12.44,12.69,12.44,12.67,321320
2016-02-26,12.7,12.78,12.62,12.73,433512
2016-02-29,12.73,12.76,12.58,12.59,457033
2016-03-01,12.63,12.94,12.59,12.91,593654
2016-03-02,12.9,12.94,12.76,12.94,407811
2016-03-03,12.89,13.05,12.86,13.04,599915
2016-03-04,13.06,13.19,12.76,13.14,468486
2016-03-07,13.1,13.26,13.06,13.22,473386
2016-03-08,13.11,13.3,13.09,13.15,444527
2016-03-09,13.21,13.24,13.04,13.1,282098
2016-03-10,13.12,13.2,12.93,13.08,489643
2016-03-11,13.14,13.29,13.12,13.28,288182
2016-03-14,13.27,13.33,13.19,13.24,366721
2016-03-15,13.13,13.3,13.07,13.21,359871
2016-03-16,13.16,13.3,13.14,13.22,347665
2016-03-17,13.15,13.5,13.06,13.46,668810
2016-03-18,13.51,13.65,13.4,13.57,1133763
2016-03-21,13.57,13.66,13.27,13.43,660905
2016-03-22,13.34,13.47,13.29,13.41,357243
2016-03-23,13.39,13.49,13.31,13.31,555502
2016-03-24,13.26,13.38,13.17,13.38,417332
2016-03-28,13.38,13.48,13.33,13.39,585647
2016-03-29,13.33,13.59,13.2,13.59,533718
2016-03-30,13.6,13.71,13.58,13.64,458384
2016-03-31,13.6,13.69,13.51,13.51,643234
2016-04-01,13.53,13.67,13.42,13.62,507156
2016-04-04,13.66,13.68,13.54,13.63,457108
2016-04-05,13.55,13.62,13.41,13.41,490317
2016-04-06,13.43,13.51,13.33,13.48,343813
2016-04-07,13.37,13.38,13.09,13.15,514893
2016-04-08,13.2,13.36,13.18,13.26,359166
2016-04-11,13.16,13.46,13.16,13.37,475188
2016-04-12,13.37,13.46,13.32,13.42,400848
2016-04-13,13.5,13.75,13.48,13.75,578698
2016-04-14,13.68,13.86,13.51,13.72,422103
2016-04-15,13.68,13.81,13.65,13.73,392188
2016-04-18,13.67,13.75,13.58,13.69,538298
2016-04-19,13.78,13.78,13.64,13.72,406640
2016-04-20,13.69,13.74,13.63,13.72,440111
2016-04-21,13.71,13.81,13.52,13.55,536999
2016-04-22,13.57,13.72,13.57,13.63,507283
2016-04-25,13.56,13.8,13.5,13.67,537611
2016-04-26,13.75,13.87,13.68,13.83,434848
2016-04-27,13.82,13.86,13.52,13.66,556745
2016-04-28,13.41,13.67,13.4,13.59,656188
2016-04-29,13.85,14.07,13.63,14.02,1231559
2016-05-02,14.13,14.18,13.98,14.1,733185
2016-05-03,13.77,13.99,13.67,13.97,883164
2016-05-04,13.84,14.02,13.76,13.95,614401
2016-05-05,14.0,14.11,13.94,13.96,597909
2016-05-06,13.83,14.04,13.83,14.03,591776
2016-05-09,14.0,14.09,13.92,14.0,435753
2016-05-10,14.05,14.3,14.02,14.26,604553
2016-05-11,14.27,14.4,14.18,14.2,602017
2016-05-12,14.26,14.36,14.16,14.28,527372
2016-05-13,14.26,14.39,14.11,14.17,380419
2016-05-16,14.24,14.53,14.1,14.48,945430
2016-05-17,14.46,14.48,14.09,14.15,653013
2016-05-18,14.1,14.52,14.07,14.51,514722
2016-05-19,14.43,14.52,14.28,14.38,409394
2016-05-20,14.39,14.54,14.39,14.5,503094
2016-05-23,14.51,14.53,14.44,14.5,326619
2016-05-24,14.51,14.75,14.36,14.74,668355
2016-05-25,14.73,14.87,14.7,14.77,488638
2016-05-26,14.8,14.88,14.69,14.71,477722
2016-05-27,14.71,14.79,14.67,14.79,442909
2016-05-31,14.79,14.84,14.71,14.81,741551
2016-06-01,14.76,14.89,14.65,14.87,609407
2016-06-02,14.77,14.82,14.57,14.82,612685
2016-06-03,14.73,14.73,14.42,14.66,507243
2016-06-06,14.67,14.82,14.67,14.77,399353
2016-06-07,14.81,14.84,14.68,14.77,370796
2016-06-08,14.77,14.86,14.69,14.83,353549
2016-06-09,14.78,14.79,14.64,14.74,457033
2016-06-10,14.68,14.72,14.56,14.7,434174
2016-06-13,14.62,14.66,14.43,14.49,496989
2016-06-14,14.42,14.53,14.28,14.32,374631
2016-06-15,14.34,14.44,14.28,14.29,319688
2016-06-16,14.21,14.27,14.12,14.22,359288
2016-06-17,14.24,14.33,14.06,14.12,1190310
2016-06-20,14.26,14.49,14.26,14.36,352027
2016-06-21,14.36,14.49,14.25,14.43,404542
2016-06-22,14.46,14.62,14.46,14.49,384388
2016-06-23,14.65,14.78,14.63,14.78,438950
2016-06-24,14.05,14.52,14.05,14.21,1153079
2016-06-27,14.08,14.1,13.91,13.96,809057
2016-06-28,14.14,14.36,13.99,14.18,603262
2016-06-29,14.31,14.33,14.16,14.32,452381
2016-06-30,14.34,14.83,14.31,14.83,806784
2016-07-01,14.78,14.81,14.62,14.69,781365
2016-07-05,14.58,14.64,14.48,14.57,920177
2016-07-06,14.53,14.69,14.47,14.64,415577
2016-07-07,14.68,14.82,14.58,14.69,373876
2016-07-08,14.8,14.88,14.77,14.81,466763
2016-07-11,14.82,14.98,14.8,14.96,559750
2016-07-12,15.0,15.15,15.0,15.1,766057
2016-07-13,15.1,15.14,15.02,15.09,392052
2016-07-14,15.15,15.22,15.0,15.02,437293
2016-07-15,15.12,15.16,15.02,15.12,381775
2016-07-18,15.08,15.16,15.06,15.07,230958
2016-07-19,15.0,15.14,14.97,15.03,278591
2016-07-20,15.06,15.11,14.91,14.97,402147
2016-07-21,14.9,14.96,14.82,14.89,260741
2016-07-22,14.92,15.1,14.82,15.08,261827
2016-07-25,15.02,15.08,14.93,14.97,459944
2016-07-26,15.1,15.1,14.88,14.99,422416
2016-07-27,14.94,14.94,14.8,14.87,606839
2016-07-28,14.83,14.98,14.77,14.93,354216
2016-07-29,14.87,15.03,14.86,14.91,520849
2016-08-01,15.0,15.09,14.85,14.9,465974
2016-08-02,14.73,14.84,14.65,14.68,370157
2016-08-03,14.72,14.83,14.65,14.81,407493
2016-08-04,14.78,14.89,14.78,14.84,400426
2016-08-05,14.89,15.18,14.85,15.1,677202
2016-08-08,15.1,15.12,15.02,15.08,389479
2016-08-09,15.12,15.19,15.1,15.14,283772
2016-08-10,15.15,15.2,15.05,15.09,402796
2016-08-11,15.11,15.21,15.08,15.14,354417
2016-08-12,15.1,15.1,14.97,15.06,259497
2016-08-15,15.12,15.19,14.95,15.12,331598
2016-08-16,15.03,15.19,14.98,15.05,276988
2016-08-17,15.05,15.09,14.95,15.08,307186
2016-08-18,15.13,15.2,15.06,15.19,491003
2016-08-19,15.18,15.29,15.14,15.26,584987
2016-08-22,15.19,15.3,15.07,15.28,319995
2016-08-23,15.28,15.35,15.25,15.28,198897
2016-08-24,15.27,15.32,15.23,15.31,270071
2016-08-25,15.25,15.36,15.21,15.36,572522
2016-08-26,15.39,15.45,15.29,15.34,519287
2016-08-29,15.31,15.41,15.25,15.37,245358
2016-08-30,15.4,15.5,15.38,15.5,251132
2016-08-31,15.5,15.54,15.39,15.52,443588
2016-09-01,15.55,15.55,15.34,15.47,340822
2016-09-02,15.52,15.6,15.4,15.56,355196
2016-09-06,15.5,15.58,15.43,15.5,406202
2016-09-07,15.52,15.65,15.48,15.64,336044
2016-09-08,15.67,15.69,15.55,15.58,309997
2016-09-09,15.55,15.6,15.41,15.42,299327
2016-09-12,15.33,15.5,15.24,15.5,329070
2016-09-13,15.46,15.54,15.37,15.47,635097
2016-09-14,15.44,15.49,15.19,15.2,348241
2016-09-15,15.22,15.3,15.15,15.28,233108
2016-09-16,15.32,15.39,15.14,15.32,783087
2016-09-19,15.33,15.46,15.31,15.38,268203
2016-09-20,15.43,15.49,15.4,15.4,226146
2016-09-21,15.47,15.52,15.41,15.51,378131
2016-09-22,15.55,15.7,15.54,15.69,566827
2016-09-23,15.69,15.73,15.62,15.64,302474
2016-09-26,15.63,15.74,15.56,15.56,1033486
2016-09-27,15.55,15.64,15.46,15.63,698464
2016-09-28,15.69,15.72,15.54,15.68,481856
2016-09-29,15.72,15.74,15.46,15.47,488679
2016-09-30,15.5,15.75,15.5,15.71,535309
2016-10-03,15.63,15.74,15.59,15.67,424483
2016-10-04,15.67,15.7,15.47,15.59,451231
2016-10-05,15.67,15.79,15.65,15.69,532504
2016-10-06,15.72,15.75,15.56,15.7,325010
2016-10-07,15.7,15.7,15.5,15.63,492001
2016-10-10,15.6,15.8,15.6,15.71,359215
2016-10-11,15.72,15.79,15.51,15.53,407113
2016-10-12,15.51,15.63,15.51,15.54,256194
2016-10-13,15.5,15.52,15.26,15.34,490551
2016-10-14,15.43,15.51,15.37,15.44,469314
2016-10-17,15.5,15.66,15.48,15.5,577172
2016-10-18,15.64,15.64,15.55,15.6,407366
2016-10-19,15.59,15.95,15.56,15.78,481633
2016-10-20,15.79,15.85,15.65,15.76,295176
2016-10-21,15.66,15.72,15.58,15.58,405012
2016-10-24,15.7,15.89,15.5,15.58,792251
2016-10-25,15.5,15.64,15.5,15.62,448172
2016-10-26,15.63,15.75,15.59,15.75,556472
2016-10-27,15.79,15.86,15.66,15.71,526626
2016-10-28,15.67,15.74,15.44,15.51,391644
2016-10-31,15.6,15.79,15.45,15.74,891676
2016-11-01,15.58,15.6,15.41,15.52,614120
2016-11-02,15.46,15.49,15.35,15.39,312204
2016-11-03,15.46,15.54,15.4,15.51,413032
2016-11-04,15.48,15.68,15.44,15.57,492290
2016-11-07,15.8,15.86,15.71,15.85,414424
2016-11-08,15.78,15.88,15.75,15.81,288270
2016-11-09,15.86,16.62,15.82,16.57,786620
2016-11-10,16.66,17.15,16.58,17.08,1026067
2016-11-11,17.08,17.65,17.08,17.61,932181
2016-11-14,17.62,18.15,17.15,17.86,894449
2016-11-15,17.8,17.96,17.55,17.89,634222
2016-11-16,17.89,17.97,17.73,17.79,568545
2016-11-17,17.92,17.98,17.8,17.96,594170
2016-11-18,17.96,18.1,17.9,18.04,685070
2016-11-21,18.0,18.01,17.77,17.85,609454
2016-11-22,17.89,18.22,17.83,18.2,473844
2016-11-23,18.25,18.29,18.07,18.25,523678
2016-11-25,18.24,18.38,18.23,18.37,222437
2016-11-28,18.28,18.32,18.1,18.16,580966
2016-11-29,18.25,18.38,18.15,18.18,530396
2016-11-30,18.36,18.44,18.11,18.17,509022
2016-12-01,18.27,18.37,18.15,18.22,653844
2016-12-02,18.21,18.26,18.11,18.14,395827
2016-12-05,18.12,18.39,17.92,18.14,1154249
2016-12-06,18.17,18.52,18.07,18.49,634236
2016-12-07,18.52,18.74,18.39,18.68,479760
2016-12-08,18.69,19.01,18.58,19.0,590801
2016-12-09,19.1,19.1,18.92,19.08,514193
2016-12-12,19.0,19.02,18.57,18.64,562893
2016-12-13,18.61,18.69,18.3,18.51,1301129
2016-12-14,18.41,18.62,18.29,18.45,1029881
2016-12-15,18.54,18.71,18.38,18.65,828871
2016-12-16,18.7,18.8,18.44,18.49,2975599
2016-12-19,18.14,18.35,17.76,18.28,1301454
2016-12-20,18.19,18.36,18.02,18.12,1469487
2016-12-21,18.19,18.22,18.06,18.08,654113
2016-12-22,18.13,18.2,18.01,18.15,370954
2016-12-23,18.1,18.34,18.02,18.05,292653
2016-12-27,18.07,18.26,18.02,18.25,260551
2016-12-28,18.27,18.34,18.12,18.19,339646
2016-12-29,18.19,18.3,17.98,18.1,355183
2016-12-30,18.06,18.13,17.97,18.03,362172
2017-01-03,18.21,18.36,18.05,18.2,628797
2017-01-04,18.23,18.44,18.22,18.38,526653
2017-01-05,18.35,18.36,18.1,18.18,418137
2017-01-06,18.13,18.18,18.0,18.06,479394
2017-01-09,18.0,18.16,17.8,17.88,473457
2017-01-10,17.9,18.07,17.76,18.06,375146
2017-01-11,18.06,18.19,17.91,18.13,397281
2017-01-12,18.03,18.03,17.58,17.76,485915
2017-01-13,17.88,18.04,17.72,17.85,505123
2017-01-17,17.71,17.71,17.39,17.43,435931
2017-01-18,17.5,17.71,17.41,17.61,392739
2017-01-19,17.63,17.66,17.41,17.47,311260
2017-01-20,17.47,17.62,17.45,17.5,433043
2017-01-23,17.46,17.5,17.28,17.4,571006
2017-01-24,17.58,17.72,17.32,17.6,758429
2017-01-25,17.68,17.73,17.49,17.55,766946
2017-01-26,17.54,17.64,17.4,17.43,426877
2017-01-27,17.41,17.42,17.2,17.23,468100
2017-01-30,17.16,17.18,16.86,17.16,732022
2017-01-31,16.99,17.08,16.88,17.07,870553
2017-02-01,17.17,17.27,16.93,16.98,767623
2017-02-02,16.89,16.95,16.7,16.75,690147
2017-02-03,16.87,17.19,16.87,17.04,520316
2017-02-06,16.92,17.08,16.82,16.87,424841
2017-02-07,16.91,16.97,16.82,16.91,517012
2017-02-08,16.79,16.94,16.73,16.93,482446
2017-02-09,16.94,17.19,16.94,17.19,527588
2017-02-10,17.22,17.33,17.13,17.31,504741
2017-02-13,17.45,17.58,17.43,17.48,372840
2017-02-14,17.44,17.66,17.35,17.59,365944
2017-02-15,17.61,17.75,17.58,17.7,409920
2017-02-16,17.74,17.87,17.64,17.86,590495
2017-02-17,17.84,17.97,17.4,17.96,913593
2017-02-21,17.98,18.11,17.97,18.1,654211
2017-02-22,18.04,18.29,17.98,18.28,689860
2017-02-23,18.25,18.45,18.18,18.45,1027882
2017-02-24,18.28,18.63,17.99,18.59,1194781
2017-02-27,18.54,18.6,18.3,18.33,668063
2017-02-28,18.25,18.29,18.07,18.14,456602
2017-03-01,18.53,18.62,18.38,18.56,713576
2017-03-02,18.52,18.52,18.07,18.08,430851
2017-03-03,18.08,18.23,17.71,18.04,442649
2017-03-06,17.95,18.08,17.86,17.93,373857
2017-03-07,17.89,17.98,17.77,17.79,428780
2017-03-08,17.76,17.91,17.47,17.48,475857
2017-03-09,17.49,17.67,17.47,17.5,382852
2017-03-10,17.55,17.64,17.4,17.46,456715
2017-03-13,17.43,17.58,17.39,17.47,236290
2017-03-14,17.41,17.54,17.24,17.4,429350
2017-03-15,17.42,17.6,17.39,17.42,481307
2017-03-16,17.48,17.59,17.46,17.54,300395
2017-03-17,17.45,17.76,17.37,17.7,1071231
2017-03-20,17.69,17.69,17.44,17.46,343591
2017-03-21,17.58,17.58,16.78,16.78,427824
2017-03-22,16.68,16.78,16.5,16.57,730451
2017-03-23,16.6,16.86,16.6,16.77,429756
2017-03-24,16.8,16.91,16.56,16.66,841549
2017-03-27,16.39,16.58,16.21,16.57,628578
2017-03-28,16.55,16.8,16.52,16.78,541423
2017-03-29,16.76,16.76,16.54,16.59,662791
2017-03-30,16.62,17.04,16.6,16.94,555182
2017-03-31,16.92,17.02,16.82,16.84,576084
2017-04-03,16.9,16.9,16.52,16.65,559614
2017-04-04,16.57,16.8,16.57,16.67,744189
2017-04-05,16.78,16.8,16.39,16.39,554633
2017-04-06,16.37,16.52,16.28,16.45,595390
2017-04-07,16.39,16.55,16.36,16.5,571968
2017-04-10,16.5,16.64,16.38,16.48,324400
2017-04-11,16.38,16.74,16.38,16.72,577524
2017-04-12,16.71,16.72,16.49,16.52,310522
2017-04-13,16.49,16.5,16.24,16.25,434700
2017-04-17,16.25,16.53,16.24,16.53,331113
2017-04-18,16.44,16.59,16.36,16.53,332650
2017-04-19,16.57,16.84,16.57,16.65,427776
2017-04-20,16.73,16.96,16.73,16.95,433008
2017-04-21,16.94,17.07,16.73,16.94,576902
2017-04-24,17.27,17.39,17.14,17.24,545354
2017-04-25,16.96,16.97,16.53,16.8,1404392
2017-04-26,16.7,16.88,16.5,16.54,1108764
2017-04-27,16.55,16.61,16.34,16.44,710222
2017-04-28,16.43,16.46,16.13,16.14,655646
2017-05-01,16.16,16.25,15.94,16.1,563999
2017-05-02,16.0,16.03,15.83,15.95,480710
2017-05-03,15.83,16.07,15.67,16.07,417255
2017-05-04,16.14,16.27,15.96,16.06,395934
2017-05-05,16.11,16.12,15.99,16.08,414283
2017-05-08,16.07,16.14,15.95,16.04,434316
2017-05-09,16.04,16.11,15.84,15.89,380879
2017-05-10,15.86,15.97,15.81,15.94,305530
2017-05-11,15.88,15.9,15.67,15.69,293353
2017-05-12,15.58,15.66,15.47,15.57,296416
2017-05-15,15.63,15.77,15.57,15.7,345654
2017-05-16,15.72,15.74,15.54,15.57,469858
2017-05-17,15.29,15.41,15.14,15.24,656300
2017-05-18,15.26,15.45,15.14,15.36,714423
2017-05-19,15.34,15.56,15.32,15.37,710096
2017-05-22,15.4,15.42,15.24,15.28,401449
2017-05-23,15.35,15.44,15.24,15.43,639681
2017-05-24,15.48,15.53,15.21,15.27,515330
2017-05-25,15.3,15.42,15.21,15.38,391475
2017-05-26,15.37,15.45,15.3,15.37,463256
2017-05-30,15.26,15.37,15.25,15.34,404990
2017-05-31,15.35,15.44,15.18,15.39,422821
2017-06-01,15.45,15.47,15.31,15.44,668275
2017-06-02,15.36,15.53,15.3,15.33,516685
2017-06-05,15.32,15.42,15.26,15.28,507408
2017-06-06,15.14,15.22,14.95,15.13,646791
2017-06-07,15.17,15.32,15.06,15.22,393202
2017-06-08,15.25,15.74,15.11,15.53,386437
2017-06-09,15.63,16.27,15.6,16.22,646052
2017-06-12,16.23,16.51,16.06,16.27,532787
2017-06-13,16.31,16.42,16.21,16.3,513199
2017-06-14,16.17,16.37,16.04,16.32,637312
2017-06-15,16.23,16.42,16.22,16.3,437705
2017-06-16,16.22,16.26,16.12,16.2,1170429
2017-06-19,16.25,16.31,15.96,15.97,446196
2017-06-20,15.9,15.98,15.69,15.73,359433
2017-06-21,15.73,15.73,15.41,15.48,473639
2017-06-22,15.47,15.54,15.17,15.24,673055
2017-06-23,15.29,15.41,15.16,15.33,1114312
2017-06-26,15.3,15.41,15.12,15.35,676173
2017-06-27,15.39,15.53,15.29,15.47,429259
2017-06-28,15.61,15.79,15.55,15.59,719990
2017-06-29,15.83,15.86,15.45,15.59,559196
2017-06-30,15.62,15.77,15.47,15.61,509682
2017-07-03,15.66,16.01,15.66,15.93,291125
2017-07-05,15.94,16.09,15.68,15.83,403441
2017-07-06,15.82,15.9,15.5,15.53,492020
2017-07-07,15.56,15.68,15.48,15.65,269004
2017-07-10,15.6,15.82,15.49,15.57,365476
2017-07-11,15.62,15.62,15.35,15.53,384584
2017-07-12,15.54,15.72,15.49,15.55,237559
2017-07-13,15.56,15.65,15.35,15.48,364957
2017-07-14,15.39,15.5,15.29,15.45,313588
2017-07-17,15.39,15.45,15.29,15.37,386662
2017-07-18,15.3,15.43,15.22,15.37,232046
2017-07-19,15.4,15.52,15.31,15.36,172576
2017-07-20,15.36,15.45,15.28,15.39,264890
2017-07-21,15.82,15.9,15.42,15.46,456136
2017-07-24,15.45,15.83,15.28,15.79,660978
2017-07-25,16.0,16.46,15.92,16.24,898378
2017-07-26,16.24,16.27,15.96,15.99,860369
2017-07-27,16.01,16.28,15.91,16.07,386001
2017-07-28,16.04,16.14,15.97,16.06,320872
2017-07-31,16.11,16.25,16.06,16.1,459045
2017-08-01,16.08,16.08,15.88,16.03,329721
