Date,Open,High,Low,Close,Volume
2014-06-26,15.02,15.05,15.02,15.04,1323
2014-06-27,15.07,15.11,14.85,14.96,5164
2014-06-30,14.72,15.12,14.72,15.12,4390
2014-07-02,15.03,15.12,14.97,15.12,10912
2014-07-03,14.98,14.98,14.98,14.98,141
2014-07-07,15.07,15.13,15.07,15.12,1467
2014-07-08,14.74,14.74,14.74,14.74,629
2014-07-10,15.29,15.29,14.73,14.77,2580
2014-07-11,14.73,14.73,14.73,14.73,670
2014-07-14,14.79,15.07,14.79,14.96,2364
2014-07-15,14.57,14.64,14.56,14.64,1627
2014-07-16,14.65,14.71,14.65,14.71,1002
2014-07-17,14.87,14.92,14.85,14.92,874
2014-07-18,14.94,15.0,14.79,14.95,17388
2014-07-21,14.81,14.81,14.81,14.81,327
2014-07-23,14.52,14.52,14.52,14.52,408
2014-07-24,14.49,14.49,14.44,14.45,2780
2014-07-25,14.45,14.47,14.45,14.47,1449
2014-07-29,14.81,14.87,14.81,14.86,775
2014-07-30,14.72,14.76,14.56,14.56,1189
2014-07-31,14.62,14.62,14.34,14.34,1515
2014-08-01,14.34,14.34,14.34,14.34,668
2014-08-05,14.36,14.36,14.36,14.36,895
2014-08-08,14.35,14.4,14.35,14.4,1000
2014-08-11,14.43,14.45,14.41,14.41,775
2014-08-12,14.51,14.53,14.51,14.52,2394
2014-08-13,14.48,14.48,14.48,14.48,463
2014-08-14,14.33,14.54,14.33,14.54,871
2014-08-18,14.45,14.45,14.45,14.45,276
2014-08-21,14.15,14.15,13.73,13.73,4008
2014-08-26,13.64,13.69,13.64,13.69,7522
2014-08-27,13.87,13.87,13.87,13.87,739
2014-09-02,13.59,13.59,13.59,13.59,500
2014-09-03,13.68,13.74,13.68,13.74,2060
2014-09-04,13.83,13.83,13.83,13.83,207
2014-09-05,13.86,13.86,13.86,13.86,590
2014-09-08,13.76,13.77,13.53,13.59,2210
2014-09-10,13.58,13.58,13.58,13.58,567
2014-09-11,13.31,13.36,13.03,13.03,1548
2014-09-12,13.31,13.5,13.31,13.5,2675
2014-09-16,13.78,13.79,13.78,13.79,781
2014-09-18,13.76,13.77,13.76,13.77,1194
2014-09-19,13.21,13.21,13.17,13.18,435
2014-09-22,12.92,12.92,12.74,12.8,3532
2014-09-23,12.85,12.85,12.8,12.8,2091
2014-09-24,12.78,12.98,12.78,12.92,3280
2014-09-25,12.85,13.05,12.85,13.05,3356
2014-09-29,13.11,13.11,13.11,13.11,544
2014-10-01,12.55,12.55,12.55,12.55,400
2014-10-02,12.81,12.81,12.8,12.8,270
2014-10-03,12.56,12.63,12.46,12.47,3385
2014-10-06,12.4,12.51,12.4,12.51,2897
2014-10-08,12.52,12.58,12.52,12.58,670
2014-10-09,13.06,13.06,13.06,13.06,405
2014-10-10,13.03,13.04,13.03,13.04,12410
2014-10-14,13.36,13.36,13.31,13.31,9376
2014-10-15,13.52,13.52,13.5,13.51,1246
2014-10-16,13.33,13.54,13.33,13.54,8284
2014-10-20,13.81,13.84,13.81,13.84,5125
2014-10-21,13.94,14.02,13.91,13.91,1300
2014-10-22,13.62,13.63,13.62,13.63,1500
2014-10-23,13.24,13.24,12.96,12.96,387
2014-10-28,13.61,13.61,13.61,13.61,237
2014-10-29,13.8,13.8,13.8,13.8,620
2014-10-30,12.9,12.9,12.55,12.77,3100
2014-10-31,12.56,12.63,12.42,12.47,10261
2014-11-03,12.36,12.49,12.36,12.49,4315
2014-11-04,12.39,12.45,12.36,12.44,5600
2014-11-05,12.41,12.52,12.27,12.27,4312
2014-11-07,12.46,12.59,12.46,12.59,7000
2014-11-10,12.63,12.8,12.48,12.8,5412
2014-11-11,13.47,13.64,13.47,13.62,16300
2014-11-12,13.51,13.65,13.5,13.65,3300
2014-11-13,13.59,13.81,13.48,13.52,3600
2014-11-14,13.63,13.68,13.63,13.65,1740
2014-11-17,13.07,13.58,13.06,13.18,7033
2014-11-18,13.29,13.38,13.23,13.25,2082
2014-11-19,13.23,13.23,12.52,12.55,6200
2014-11-20,12.72,12.72,12.68,12.69,1540
2014-11-21,13.01,13.01,12.75,12.79,6564
2014-11-24,12.93,12.93,12.87,12.87,1315
2014-11-25,12.96,12.96,12.84,12.84,9237
2014-11-28,12.32,12.42,12.26,12.26,1443
2014-12-01,12.25,12.29,12.22,12.29,1578
2014-12-02,12.59,12.59,12.59,12.59,1042
2014-12-04,12.98,12.98,12.91,12.95,3170
2014-12-05,13.34,13.34,13.01,13.02,102040
2014-12-08,13.14,13.17,12.94,12.99,34709
2014-12-09,13.18,13.53,13.12,13.48,14863
2014-12-10,13.63,13.77,13.27,13.33,28969
2014-12-11,13.34,13.39,13.03,13.03,8511
2014-12-12,13.01,13.02,12.9,12.91,3831
2014-12-15,12.92,12.92,11.96,11.99,21051
2014-12-16,12.15,12.23,12.09,12.15,6803
2014-12-17,12.26,12.66,12.26,12.54,10369
2014-12-18,12.97,13.19,12.65,13.13,15647
2014-12-19,13.22,13.37,13.14,13.28,12983
2014-12-22,13.55,13.55,13.15,13.16,42561
2014-12-23,13.12,13.21,13.0,13.0,12135
2014-12-24,13.12,13.48,13.07,13.48,20407
2014-12-26,13.38,13.6,13.38,13.6,1001
2014-12-29,13.6,13.85,13.6,13.65,46678
2014-12-30,13.79,14.04,13.7,13.99,39965
2014-12-31,14.09,14.15,13.85,14.09,36340
2015-01-02,14.01,14.09,13.88,14.09,7016
2015-01-05,14.35,14.38,14.26,14.38,12135
2015-01-06,14.49,14.63,14.33,14.56,14654
2015-01-07,14.55,14.56,13.42,13.42,24358
2015-01-08,14.42,14.47,13.94,13.94,28962
2015-01-09,13.99,14.31,13.99,14.15,13358
2015-01-12,14.21,14.25,14.14,14.14,29957
2015-01-13,14.15,14.17,13.82,13.86,14553
2015-01-14,13.94,13.96,13.65,13.96,18887
2015-01-15,14.05,14.68,14.05,14.66,9452
2015-01-16,14.69,15.26,14.65,14.94,17874
2015-01-20,15.27,15.56,15.07,15.5,26049
2015-01-21,14.92,14.93,13.86,13.95,55188
2015-01-22,14.06,14.14,13.97,13.97,20279
2015-01-23,14.0,14.02,13.91,13.95,6990
2015-01-26,13.94,13.94,13.54,13.54,33831
2015-01-27,13.7,13.78,13.44,13.7,19664
2015-01-28,13.66,13.73,13.34,13.37,17800
2015-01-29,13.31,13.31,12.9,13.18,14344
2015-01-30,13.07,13.46,12.99,13.4,19141
2015-02-02,13.46,13.54,13.38,13.54,4450
2015-02-03,13.57,13.57,13.06,13.1,28886
2015-02-04,13.1,13.1,12.87,12.88,14708
2015-02-05,12.89,13.19,12.88,13.03,14870
2015-02-06,12.98,12.98,12.43,12.68,31374
2015-02-09,12.86,12.95,12.84,12.84,4676
2015-02-10,12.66,12.76,12.63,12.63,22004
2015-02-11,12.62,12.72,12.41,12.7,10615
2015-02-12,12.96,13.31,12.83,13.24,5438
2015-02-13,13.4,13.44,13.15,13.15,7456
2015-02-17,13.05,13.06,12.92,12.94,10387
2015-02-18,12.84,13.02,12.84,13.01,9250
2015-02-19,13.1,13.76,13.1,13.44,7112
2015-02-20,13.55,13.55,13.07,13.08,5590
2015-02-23,13.36,13.49,13.18,13.42,8774
2015-02-24,13.44,13.73,13.43,13.73,4890
2015-02-25,13.74,13.87,13.74,13.87,14757
2015-02-26,13.84,14.0,13.79,13.84,14604
2015-02-27,13.99,14.28,13.99,14.23,14269
2015-03-02,14.31,14.46,14.18,14.2,20360
2015-03-03,14.23,14.27,14.04,14.06,3576
2015-03-04,14.08,14.12,13.94,14.04,6611
2015-03-05,14.09,14.44,14.09,14.38,4713
2015-03-06,13.97,13.97,13.26,13.52,24670
2015-03-09,13.48,13.51,12.74,12.79,22980
2015-03-10,12.7,12.81,12.17,12.19,16617
2015-03-11,12.18,12.23,12.0,12.14,15354
2015-03-12,12.32,12.49,12.17,12.48,11102
2015-03-13,12.4,12.82,12.36,12.77,5332
2015-03-16,13.32,13.32,12.95,13.24,20658
2015-03-17,13.09,13.24,13.0,13.17,15717
2015-03-18,13.12,13.55,13.0,13.53,9548
2015-03-19,13.26,13.32,13.09,13.23,3928
2015-03-20,13.61,13.81,13.55,13.55,3507
2015-03-23,13.55,13.9,13.54,13.77,5611
2015-03-24,13.71,13.85,13.68,13.85,4136
2015-03-25,13.93,13.93,13.75,13.86,9294
2015-03-26,13.98,14.02,13.45,13.49,7230
2015-03-27,13.46,13.63,13.42,13.63,1401
2015-03-30,13.2,13.23,13.17,13.23,8167
2015-03-31,13.22,13.22,12.9,13.16,5974
2015-04-01,13.23,13.28,13.14,13.28,1950
2015-04-02,13.68,13.68,13.27,13.62,846
2015-04-06,13.91,14.17,13.91,14.06,6891
2015-04-07,14.05,14.05,13.8,13.86,4682
2015-04-08,13.96,13.96,13.56,13.6,1975
2015-04-09,13.75,13.86,13.73,13.86,1847
2015-04-10,13.92,14.17,13.92,14.02,198430
2015-04-13,13.97,14.09,13.97,14.05,2201
2015-04-14,14.05,14.07,13.71,13.75,3684
2015-04-15,13.65,13.94,13.65,13.88,4418
2015-04-16,13.97,14.05,13.8,14.02,4004
2015-04-17,14.1,15.13,14.1,14.75,22660
2015-04-20,14.67,14.68,14.0,14.28,5947
2015-04-21,14.21,14.44,14.12,14.27,40125
2015-04-22,14.33,14.33,13.49,13.49,7815
2015-04-23,13.35,13.69,13.29,13.51,6616
2015-04-24,13.39,13.39,13.09,13.09,6284
2015-04-27,13.22,13.62,13.15,13.62,4353
2015-04-28,13.62,13.62,13.52,13.52,2815
2015-04-29,13.58,13.66,13.29,13.4,6293
2015-04-30,13.29,13.45,12.93,13.33,5435
2015-05-01,13.31,13.46,13.06,13.46,6322
2015-05-04,13.72,13.72,13.52,13.63,3881
2015-05-05,13.74,13.74,13.04,13.15,3082
2015-05-06,13.19,13.19,12.92,13.15,19808
2015-05-07,13.16,13.44,13.04,13.42,3740
2015-05-08,13.69,13.82,13.56,13.6,2923
2015-05-11,13.71,13.83,13.64,13.65,4276
2015-05-12,13.73,13.73,13.68,13.73,3033
2015-05-13,13.79,14.19,13.79,14.15,2650
2015-05-14,14.02,14.15,13.96,13.96,1770
2015-05-15,13.71,14.2,13.68,14.14,2273
2015-05-18,14.4,14.4,14.38,14.4,674
2015-05-19,13.64,14.45,13.64,14.31,4873
2015-05-20,14.39,14.75,14.39,14.75,9444
2015-05-21,14.71,14.75,14.53,14.59,7219
2015-05-22,14.61,14.63,14.48,14.48,4709
2015-05-26,14.32,14.44,14.32,14.41,6859
2015-05-27,14.43,14.44,14.33,14.33,2666
2015-05-28,14.23,14.56,14.23,14.5,2540
2015-05-29,14.55,14.67,14.53,14.59,9588
2015-06-01,14.62,14.75,14.62,14.75,5440
2015-06-02,14.81,14.95,14.8,14.81,3966
2015-06-03,14.8,14.97,14.68,14.68,51945
2015-06-04,14.57,14.57,14.29,14.29,63633
2015-06-05,14.28,14.44,14.14,14.14,21787
2015-06-08,14.12,14.44,14.1,14.35,6759
2015-06-09,14.0,14.0,13.82,13.89,4977
2015-06-10,13.86,14.01,13.86,13.86,4309
2015-06-11,13.74,13.74,13.61,13.72,3505
2015-06-12,13.51,13.67,13.36,13.46,3341
2015-06-15,13.47,13.49,13.15,13.18,11100
2015-06-16,13.23,13.61,13.23,13.4,23865
2015-06-17,13.43,13.5,12.99,13.5,3969
2015-06-18,13.91,13.91,13.75,13.78,2721
2015-06-19,13.68,14.26,13.5,14.26,12268
2015-06-22,14.31,14.31,14.0,14.07,1395
2015-06-23,14.04,14.04,13.53,13.53,1261
2015-06-24,13.42,13.42,13.24,13.32,4105
2015-06-25,13.37,13.37,12.95,13.0,5314
2015-06-26,13.0,13.18,13.0,13.13,6671
2015-06-29,13.15,13.15,12.69,12.69,15252
2015-06-30,12.69,12.74,12.48,12.58,7237
2015-07-02,12.43,13.01,12.43,12.69,8331
2015-07-06,12.68,13.17,12.68,13.17,6350
2015-07-07,,,11.81,11.9,18661
2015-07-08,11.94,12.18,11.91,12.18,6359
2015-07-09,12.2,12.26,12.05,12.26,3018
2015-07-10,12.34,12.38,12.14,12.38,5598
2015-07-13,12.38,12.38,12.22,12.25,2462
2015-07-14,12.17,12.2,12.12,12.18,4238
2015-07-15,12.09,12.09,11.8,11.81,12255
2015-07-16,11.73,12.09,11.73,11.96,12181
2015-07-17,11.73,11.73,10.95,11.23,34032
2015-07-20,10.89,10.9,9.75,9.75,26340
2015-07-21,10.41,10.93,10.02,10.54,21601
2015-07-22,10.42,10.61,10.31,10.5,9706
2015-07-23,10.75,10.76,10.33,10.5,17702
2015-07-24,10.32,10.82,10.07,10.79,19237
2015-07-27,10.92,11.2,10.76,10.83,41637
2015-07-28,11.1,11.17,11.09,11.1,15885
2015-07-29,11.14,11.25,10.65,11.2,6937
2015-07-30,11.05,11.1,10.9,10.99,3411
2015-07-31,11.1,11.19,10.93,11.0,7752
2015-08-03,10.68,11.1,10.68,11.1,1143
2015-08-04,10.83,10.86,10.66,10.73,18458
2015-08-05,10.97,10.97,10.58,10.58,5992
2015-08-06,10.64,10.93,10.57,10.66,23264
2015-08-07,10.54,11.01,10.48,10.48,3905
2015-08-10,10.59,10.92,10.58,10.9,12067
2015-08-11,10.95,11.33,10.95,11.29,7330
2015-08-12,11.71,12.07,11.71,12.07,21949
2015-08-13,11.95,11.95,11.69,11.77,4201
2015-08-14,11.57,11.62,11.5,11.58,3712
2015-08-17,11.98,12.08,11.79,12.0,7867
2015-08-18,11.77,11.85,11.68,11.83,6080
2015-08-19,12.16,12.16,11.94,11.94,20980
2015-08-20,12.28,12.58,12.28,12.53,36384
2015-08-21,12.64,12.68,11.86,11.86,10150
2015-08-24,11.66,11.67,11.16,11.41,18682
2015-08-25,11.25,11.29,10.69,11.24,14390
2015-08-26,10.72,10.83,10.67,10.74,9511
2015-08-27,10.78,11.25,10.76,10.94,10485
2015-08-28,11.04,11.6,11.04,11.6,3332
2015-08-31,11.16,11.55,10.99,11.55,3893
2015-09-01,11.65,11.79,11.35,11.35,5998
2015-09-02,11.26,11.45,11.05,11.24,4610
2015-09-03,11.19,11.37,10.89,10.92,2115
2015-09-04,10.87,11.02,10.86,11.02,10430
2015-09-08,11.24,11.24,11.16,11.23,5340
2015-09-09,11.0,11.0,10.8,10.81,4770
2015-09-10,11.16,11.16,11.1,11.15,1984
2015-09-11,10.78,10.94,10.74,10.85,3298
2015-09-14,10.9,11.38,10.9,11.24,11475
2015-09-15,11.25,11.25,10.82,10.82,1609
2015-09-16,11.21,11.29,11.09,11.29,6037
2015-09-17,11.05,11.61,11.05,11.61,1416
2015-09-18,11.8,11.83,11.42,11.42,21709
2015-09-21,11.15,11.29,11.15,11.29,1275
2015-09-22,11.17,11.17,10.9,10.9,3445
2015-09-23,11.01,11.02,11.01,11.02,504
2015-09-24,11.0,11.41,11.0,11.31,3951
2015-09-25,11.13,11.13,10.96,11.05,6286
2015-09-28,10.86,11.11,10.68,10.72,11039
2015-09-29,10.81,10.81,10.63,10.68,9803
2015-09-30,10.46,10.54,10.27,10.46,11830
2015-10-01,10.53,10.53,10.49,10.52,1525
2015-10-02,10.58,10.86,10.58,10.86,5680
2015-10-05,10.91,11.4,10.9,11.27,6186
2015-10-06,11.27,11.29,11.17,11.28,9530
2015-10-07,11.06,11.06,10.78,10.97,3855
2015-10-08,10.94,11.19,10.88,11.06,2424
2015-10-09,11.0,11.03,10.96,11.01,6902
2015-10-13,10.9,10.91,10.68,10.72,15358
2015-10-14,10.96,11.05,10.83,10.99,5988
2015-10-15,10.85,11.15,10.85,11.05,3438
2015-10-16,11.0,11.05,10.95,10.95,4134
2015-10-19,10.84,10.84,10.3,10.39,10603
2015-10-20,10.43,10.98,10.43,10.95,3028
2015-10-21,10.96,10.96,10.66,10.7,2785
2015-10-22,10.97,10.97,10.76,10.84,2658
2015-10-23,10.86,11.25,10.66,11.25,29870
2015-10-26,11.1,11.13,10.9,10.9,2180
2015-10-27,10.94,10.94,10.71,10.71,26610
2015-10-28,10.89,11.18,10.64,10.64,4352
2015-10-29,10.65,10.65,10.5,10.53,6323
2015-10-30,10.51,10.53,10.34,10.4,4271
2015-11-02,10.34,10.39,10.16,10.37,8723
2015-11-03,10.14,10.44,10.14,10.44,3295
2015-11-04,10.51,10.51,10.48,10.48,2547
2015-11-05,10.63,10.63,10.07,10.15,1772
2015-11-06,9.97,10.37,9.96,10.21,16102
2015-11-09,10.19,10.37,10.14,10.3,9631
2015-11-10,10.18,10.19,9.97,10.0,11689
2015-11-11,10.15,10.4,10.14,10.4,3885
2015-11-12,10.13,10.39,10.11,10.34,1301
2015-11-13,10.47,10.47,10.45,10.45,2960
2015-11-16,10.42,10.65,10.38,10.43,19070
2015-11-17,10.42,10.42,10.27,10.27,940
2015-11-18,10.24,10.46,10.24,10.45,7300
2015-11-19,10.45,10.55,10.44,10.44,27193
2015-11-20,10.46,10.48,10.4,10.46,3734
2015-11-23,10.36,10.44,10.36,10.38,5575
2015-11-24,10.61,10.83,10.59,10.79,3515
2015-11-25,10.64,10.75,10.62,10.7,8597
2015-11-27,10.45,10.56,10.41,10.41,1834
2015-11-30,10.45,10.67,10.45,10.58,25934
2015-12-01,10.63,10.63,10.21,10.26,10387
2015-12-02,10.15,10.19,10.13,10.13,6057
2015-12-03,10.22,10.27,10.02,10.19,6068
2015-12-04,10.19,10.35,10.04,10.3,14832
2015-12-07,10.24,10.32,10.0,10.25,3771
2015-12-08,10.25,10.25,10.02,10.09,4793
2015-12-09,10.26,10.39,10.26,10.32,3472
2015-12-10,10.16,10.3,10.16,10.29,1715
2015-12-11,10.13,10.43,10.05,10.37,20060
2015-12-14,10.34,10.35,9.84,9.84,13378
2015-12-15,9.99,9.99,9.75,9.89,7934
2015-12-16,10.15,10.24,10.14,10.24,31470
2015-12-17,10.06,10.06,9.8,9.8,12870
2015-12-18,9.83,10.0,9.83,9.94,277866
2015-12-21,9.89,10.07,9.87,9.94,21600
2015-12-22,9.92,9.92,9.83,9.87,13710
2015-12-23,9.99,10.11,9.96,10.04,7490
2015-12-24,10.2,10.28,10.2,10.27,8726
2015-12-29,10.27,10.27,10.05,10.1,21562
2015-12-30,9.98,10.0,9.88,9.93,19971
2015-12-31,9.94,9.94,9.79,9.84,15770
2016-01-04,10.01,10.1,9.81,10.1,3142
2016-01-05,10.22,10.25,10.14,10.17,6152
2016-01-06,10.25,10.33,10.23,10.33,4012
2016-01-07,10.36,10.42,10.28,10.34,22640
2016-01-08,10.31,10.31,10.18,10.28,40980
2016-01-11,10.39,10.39,9.98,10.12,31061
2016-01-12,9.97,10.23,9.75,10.23,11361
2016-01-13,10.19,10.23,9.97,10.01,6354
2016-01-14,9.89,9.9,9.71,9.83,4860
2016-01-15,9.83,9.83,9.6,9.6,2423
2016-01-19,9.37,9.37,9.04,9.11,8849
2016-01-20,9.2,9.21,8.88,9.08,28002
2016-01-21,9.09,9.21,9.07,9.15,1010
2016-01-22,9.16,9.48,9.07,9.16,6670
2016-01-25,9.39,9.66,9.34,9.52,5399
2016-01-26,9.81,10.0,9.81,9.85,5323
2016-01-27,9.85,10.09,9.69,10.04,2715
2016-01-28,10.1,10.1,9.86,9.86,6358
2016-01-29,9.86,10.06,9.82,10.0,3185
2016-02-01,10.47,10.47,10.29,10.4,5959
2016-02-02,10.34,10.4,10.0,10.21,5460
2016-02-03,10.2,10.46,10.2,10.43,18069
2016-02-04,10.65,11.01,10.65,11.01,57703
2016-02-05,10.9,11.28,10.51,11.28,32044
2016-02-08,11.44,11.58,11.24,11.4,61535
2016-02-09,10.17,10.38,10.0,10.12,44666
2016-02-10,10.05,10.05,9.65,9.78,14341
2016-02-11,10.28,10.34,10.07,10.29,18219
2016-02-12,10.46,10.49,10.43,10.43,2380
2016-02-16,10.2,10.42,9.86,9.86,9830
2016-02-17,9.92,10.05,9.81,9.94,6468
2016-02-18,9.93,10.13,9.93,10.08,3533
2016-02-19,10.42,10.51,10.36,10.38,15216
2016-02-22,10.37,10.57,10.22,10.53,4444
2016-02-23,10.4,10.53,10.26,10.36,9911
2016-02-24,10.41,10.63,10.14,10.24,16917
2016-02-25,10.44,10.5,10.44,10.48,3990
2016-02-26,10.45,10.45,10.13,10.21,6910
2016-02-29,10.29,10.41,10.26,10.34,15293
2016-03-01,10.22,10.22,10.03,10.21,2978
2016-03-02,10.18,10.23,10.12,10.15,4770
2016-03-03,10.12,10.36,10.07,10.31,18261
2016-03-04,10.3,10.73,10.3,10.49,12852
2016-03-07,10.57,11.12,10.57,11.12,11074
2016-03-08,11.21,11.21,10.58,10.58,27419
2016-03-09,10.45,10.65,10.29,10.48,16744
2016-03-10,10.57,10.84,10.56,10.8,8615
2016-03-11,10.94,11.0,10.7,10.71,17246
2016-03-14,11.05,11.05,10.44,10.56,8933
2016-03-15,10.5,10.5,10.08,10.43,10347
2016-03-16,10.33,10.77,9.97,10.75,24622
2016-03-17,11.03,11.03,10.42,10.42,18782
2016-03-18,10.6,10.6,10.24,10.24,25308
2016-03-21,10.2,10.49,10.16,10.48,16422
2016-03-22,10.47,10.5,10.33,10.36,9696
2016-03-23,10.06,10.16,9.98,10.03,21763
2016-03-24,9.84,9.99,9.72,9.72,31223
2016-03-28,9.79,9.91,9.58,9.78,13011
2016-03-29,9.85,10.57,9.85,10.5,16491
2016-03-30,10.5,10.77,10.5,10.53,9963
2016-03-31,10.8,10.8,10.6,10.68,4209
2016-04-01,10.5,10.58,10.1,10.58,5044
2016-04-04,10.68,10.68,10.35,10.47,35096
2016-04-05,10.39,10.7,10.36,10.6,12923
2016-04-06,10.56,10.75,10.56,10.6,8555
2016-04-07,10.81,10.82,10.63,10.63,28392
2016-04-08,10.72,10.97,10.67,10.92,20148
2016-04-11,11.16,11.49,11.03,11.41,33573
2016-04-12,11.45,11.64,11.26,11.49,19346
2016-04-13,11.4,11.52,11.29,11.39,13088
2016-04-14,11.34,11.39,11.05,11.25,17591
2016-04-15,11.15,11.4,11.09,11.3,8455
2016-04-18,11.4,11.46,11.34,11.42,9236
2016-04-19,11.62,11.96,11.62,11.96,20443
2016-04-20,11.9,12.44,11.88,12.08,21060
2016-04-21,12.35,12.35,12.08,12.21,15590
2016-04-22,12.35,12.56,12.01,12.16,19250
2016-04-25,12.0,12.0,11.78,11.85,5650
2016-04-26,11.85,12.22,11.85,12.22,9401
2016-04-27,12.35,12.39,12.2,12.3,7462
2016-04-28,12.3,13.1,12.18,12.82,20775
2016-04-29,13.19,13.46,13.07,13.36,32577
2016-05-02,13.47,13.49,13.08,13.25,19100
2016-05-03,13.15,13.31,12.9,12.91,21010
2016-05-04,12.78,12.9,12.25,12.44,13888
2016-05-05,12.64,12.74,12.39,12.5,31039
2016-05-06,12.9,13.24,12.9,13.04,18850
2016-05-09,13.02,13.02,12.3,12.35,25790
2016-05-10,12.29,12.6,12.1,12.6,9121
2016-05-11,12.74,12.74,12.05,12.56,13694
2016-05-12,12.53,12.54,12.45,12.45,12277
2016-05-13,12.34,12.56,12.2,12.33,12996
2016-05-16,12.62,12.84,12.5,12.65,22407
2016-05-17,12.65,13.23,12.5,12.91,17993
2016-05-18,13.05,13.13,12.19,12.21,31373
2016-05-19,12.0,12.42,11.8,12.33,14391
2016-05-20,12.6,12.6,12.22,12.49,9433
2016-05-23,12.43,12.43,12.25,12.25,5105
2016-05-24,12.47,12.47,11.67,11.7,48398
2016-05-25,11.5,11.88,11.4,11.86,16058
2016-05-26,12.23,12.25,11.6,11.71,14909
2016-05-27,11.6,11.79,11.32,11.39,16856
2016-05-31,11.46,11.86,11.36,11.86,16868
2016-06-01,11.91,11.92,11.64,11.85,8632
2016-06-02,11.75,11.83,11.62,11.69,15088
2016-06-03,12.15,13.21,12.15,13.21,41440
2016-06-06,13.18,13.35,12.94,13.35,16544
2016-06-07,13.31,13.31,13.13,13.13,8604
2016-06-08,13.44,13.56,13.05,13.17,25904
2016-06-09,13.1,13.43,13.1,13.4,4945
2016-06-10,13.39,13.5,12.91,13.05,9388
2016-06-13,13.11,13.21,12.76,12.94,9213
2016-06-14,12.93,12.93,12.42,12.58,20983
2016-06-15,12.61,13.01,12.51,12.83,6022
2016-06-16,13.08,13.08,12.62,12.62,11444
2016-06-17,12.74,12.93,12.42,12.92,1183960
2016-06-20,12.83,13.16,12.83,13.08,11452
2016-06-21,13.0,13.1,12.8,12.82,7049
2016-06-22,12.85,12.85,12.7,12.74,5765
2016-06-23,12.76,12.76,12.67,12.69,5626
2016-06-24,13.31,13.5,12.81,12.92,49643
2016-06-27,12.9,13.01,12.69,12.86,21612
2016-06-28,12.76,12.92,12.68,12.69,28221
2016-06-29,12.96,13.18,12.89,13.1,19699
2016-06-30,13.09,13.13,12.92,13.04,12897
2016-07-01,13.62,13.62,13.13,13.5,12326
2016-07-05,13.5,13.51,13.2,13.27,21495
2016-07-07,13.65,13.8,13.27,13.3,51454
2016-07-08,13.32,13.71,12.91,13.62,36280
2016-07-11,13.65,13.65,13.28,13.38,55678
2016-07-12,13.4,13.52,13.0,13.04,52004
2016-07-13,13.24,13.56,13.16,13.35,35416
2016-07-14,13.33,13.62,13.19,13.61,32320
2016-07-15,13.35,13.51,13.18,13.25,44309
2016-07-18,13.25,13.32,13.13,13.3,15609
2016-07-19,13.06,13.34,12.88,13.03,57169
2016-07-20,12.89,13.03,12.55,12.6,65208
2016-07-21,12.6,12.86,12.6,12.76,42634
2016-07-22,12.68,12.68,12.48,12.55,17233
2016-07-25,12.32,12.32,11.98,12.03,145969
2016-07-26,12.35,12.69,12.13,12.53,331548
2016-07-27,12.76,12.91,12.23,12.81,151616
2016-07-28,12.97,13.11,12.73,12.98,105533
2016-07-29,13.25,13.43,13.2,13.28,197908
2016-08-01,13.66,14.62,13.66,14.49,108716
2016-08-02,13.9,14.74,13.7,13.9,228250
2016-08-03,13.96,13.96,13.55,13.65,83526
2016-08-04,13.84,13.99,13.55,13.56,176362
2016-08-05,13.49,13.62,13.14,13.21,146400
2016-08-08,13.65,13.65,13.08,13.08,108887
2016-08-09,13.25,13.28,13.07,13.17,113797
2016-08-10,13.38,13.48,13.18,13.2,114686
2016-08-11,13.27,13.34,13.01,13.05,124748
2016-08-12,13.27,13.3,13.0,13.11,118231
2016-08-15,13.13,13.35,13.08,13.11,115283
2016-08-16,13.24,13.24,12.69,12.77,176403
2016-08-17,12.77,12.84,12.51,12.67,151695
2016-08-18,12.78,13.0,12.63,12.96,230527
2016-08-19,12.92,13.0,12.6,12.7,198484
2016-08-22,12.9,12.93,12.5,12.71,221112
2016-08-23,12.98,12.98,12.56,12.6,121055
2016-08-24,12.6,12.6,12.04,12.08,192791
2016-08-25,12.04,12.51,11.9,12.19,132263
2016-08-26,12.3,12.51,11.78,12.0,139918
2016-08-29,11.93,12.38,11.81,11.98,169597
2016-08-30,11.98,12.0,11.38,11.43,172536
2016-08-31,11.42,11.42,11.05,11.29,150239
2016-09-01,11.3,12.14,11.2,12.11,101434
2016-09-02,12.38,12.53,12.21,12.34,103256
2016-09-06,12.69,12.78,12.5,12.65,156516
2016-09-07,12.8,12.8,12.29,12.38,54762
2016-09-08,12.38,12.39,11.95,12.03,123510
2016-09-09,11.93,11.94,11.38,11.49,126130
2016-09-12,11.48,12.1,11.29,12.01,162713
2016-09-13,11.97,12.05,11.55,11.74,82895
2016-09-14,11.8,11.89,11.5,11.51,47456
2016-09-15,11.53,11.9,11.45,11.72,61445
2016-09-16,11.66,11.79,10.92,10.96,207514
2016-09-19,11.15,11.28,11.09,11.19,72127
2016-09-20,11.18,11.38,11.12,11.22,41628
2016-09-21,11.41,11.78,11.31,11.72,71298
2016-09-22,11.9,12.01,11.56,11.68,100766
2016-09-23,11.69,11.7,11.3,11.33,80643
2016-09-26,11.45,11.49,11.16,11.23,44683
2016-09-27,11.26,11.26,10.95,11.05,92077
2016-09-28,10.96,11.25,10.82,11.07,64458
2016-09-29,11.05,11.17,10.84,11.01,74934
2016-09-30,11.45,11.45,10.87,10.94,95029
2016-10-03,10.98,10.98,10.3,10.45,122091
2016-10-04,10.22,10.22,9.6,9.74,251206
2016-10-05,9.83,9.91,9.38,9.81,177891
2016-10-06,9.61,9.96,9.54,9.91,141423
2016-10-07,10.03,10.28,9.93,10.11,80931
2016-10-10,10.2,10.29,10.15,10.21,24408
2016-10-11,10.19,10.25,9.92,10.01,55745
2016-10-12,9.98,10.2,9.92,10.14,28317
2016-10-13,10.27,10.58,10.04,10.32,65243
2016-10-14,10.3,10.39,9.98,10.01,91963
2016-10-17,10.19,10.3,10.08,10.26,56394
2016-10-18,10.3,10.48,10.19,10.45,60090
2016-10-19,10.63,10.78,10.38,10.58,111015
2016-10-20,10.61,10.61,10.22,10.32,92977
2016-10-21,10.27,10.32,10.13,10.26,47027
2016-10-24,10.35,10.4,9.95,10.09,68727
2016-10-25,10.19,10.53,10.15,10.5,130168
2016-10-26,10.58,10.61,10.4,10.56,85960
2016-10-27,10.64,10.64,10.41,10.46,53074
2016-10-28,10.45,10.72,10.32,10.49,47582
2016-10-31,10.58,10.61,10.33,10.53,44896
2016-11-01,10.71,10.95,10.67,10.78,98561
2016-11-02,11.01,11.13,10.54,10.68,172688
2016-11-03,10.56,10.71,10.45,10.62,78626
2016-11-04,10.63,10.74,10.39,10.42,55817
2016-11-07,10.4,10.4,10.07,10.28,104411
2016-11-08,10.42,10.42,10.0,10.11,123489
2016-11-09,10.41,10.49,9.73,9.87,156694
2016-11-10,9.88,10.2,9.49,9.54,133862
2016-11-11,9.52,9.65,9.14,9.43,291008
2016-11-14,9.4,9.71,9.1,9.65,175636
2016-11-15,9.49,10.18,9.44,10.09,99650
2016-11-16,10.14,10.25,9.85,10.0,164205
2016-11-17,9.92,10.15,9.59,9.73,127302
2016-11-18,9.7,9.89,9.58,9.84,45803
2016-11-21,9.9,10.02,9.64,9.73,124756
2016-11-22,9.68,9.87,9.6,9.77,66183
2016-11-23,9.55,9.71,9.33,9.53,92333
2016-11-25,9.56,9.63,9.45,9.6,38311
2016-11-28,9.74,9.85,9.58,9.81,86370
2016-11-29,9.69,9.91,9.68,9.85,52592
2016-11-30,9.85,9.91,9.66,9.8,138517
2016-12-01,9.79,9.98,9.75,9.85,53013
2016-12-02,9.91,10.13,9.87,10.0,90814
2016-12-05,10.0,10.17,9.85,10.03,110197
2016-12-06,10.0,10.21,9.94,10.09,60195
2016-12-07,10.3,10.35,10.01,10.14,69633
2016-12-08,10.18,10.21,10.08,10.2,62400
2016-12-09,10.18,10.2,9.95,10.0,94298
2016-12-12,10.15,10.15,9.9,9.95,484629
2016-12-13,9.88,9.9,9.63,9.81,459557
2016-12-14,9.8,10.0,9.36,9.38,408150
2016-12-15,9.27,9.28,8.96,9.11,953120
2016-12-16,9.09,9.37,8.92,8.93,3454875
2016-12-19,9.1,9.24,9.08,9.09,355891
2016-12-20,8.96,9.15,8.88,9.11,436508
2016-12-21,9.07,9.1,8.92,9.0,246937
2016-12-22,8.92,9.07,8.9,8.97,121623
2016-12-23,8.92,9.13,8.92,9.04,97336
2016-12-27,9.03,9.25,9.01,9.21,144990
2016-12-28,9.07,9.45,9.03,9.42,302249
2016-12-29,9.49,9.92,9.39,9.91,306962
2016-12-30,9.95,10.09,9.69,9.72,199652
2017-01-03,9.75,9.95,9.64,9.95,261057
2017-01-04,10.02,10.12,9.87,10.04,290310
2017-01-05,10.1,10.74,10.06,10.68,391390
2017-01-06,10.5,10.85,10.32,10.45,277097
2017-01-09,10.56,10.77,10.45,10.66,252514
2017-01-10,10.64,10.89,10.61,10.7,281374
2017-01-11,10.7,10.91,10.54,10.85,317686
2017-01-12,11.03,11.05,10.66,10.71,217381
2017-01-13,10.71,10.72,10.46,10.65,192017
2017-01-17,10.88,10.98,10.69,10.76,208984
2017-01-18,10.8,10.8,10.41,10.52,185725
2017-01-19,10.46,10.58,10.29,10.49,198169
2017-01-20,10.52,10.58,10.35,10.49,230965
2017-01-23,10.62,10.72,10.5,10.64,159685
2017-01-24,10.69,10.88,10.55,10.61,256239
2017-01-25,10.51,10.72,10.51,10.71,175475
2017-01-26,10.49,10.74,10.45,10.63,172188
2017-01-27,10.66,10.79,10.57,10.78,170393
2017-01-30,10.78,10.91,10.74,10.81,160576
2017-01-31,11.0,11.07,10.87,11.0,327824
2017-02-01,10.87,11.21,10.81,11.19,236901
2017-02-02,11.26,11.36,11.17,11.24,161661
2017-02-03,11.18,11.38,11.15,11.36,134212
2017-02-06,11.39,11.73,11.3,11.72,232494
2017-02-07,11.65,11.87,11.6,11.83,248329
2017-02-08,11.86,12.07,11.84,11.93,345125
2017-02-09,11.9,11.94,11.57,11.61,246901
2017-02-10,11.5,11.78,11.45,11.71,243424
2017-02-13,11.61,11.69,11.56,11.58,156058
2017-02-14,11.73,11.82,11.39,11.57,354776
2017-02-15,11.47,11.66,11.39,11.63,245622
2017-02-16,11.66,11.95,11.64,11.89,290228
2017-02-17,11.93,11.95,11.66,11.73,220651
2017-02-21,11.6,11.74,11.45,11.51,249029
2017-02-22,11.45,11.6,11.26,11.43,455285
2017-02-23,11.6,11.7,11.44,11.44,417024
2017-02-24,11.56,11.58,11.22,11.27,312283
2017-02-27,11.23,11.41,10.76,10.8,459081
2017-02-28,10.9,11.15,10.82,10.98,377295
2017-03-01,10.84,11.35,10.84,11.2,341868
2017-03-02,11.13,11.2,10.81,10.83,428804
2017-03-03,10.78,11.02,10.68,10.96,464260
2017-03-06,10.94,10.94,10.42,10.59,365923
2017-03-07,10.44,10.78,10.33,10.52,258916
2017-03-08,10.38,10.58,10.35,10.43,287908
2017-03-09,10.39,10.48,10.32,10.36,156196
2017-03-10,10.4,10.79,10.38,10.64,346756
2017-03-13,10.77,10.99,10.63,10.92,946592
2017-03-14,10.81,11.0,10.67,10.71,1042038
2017-03-15,10.74,11.25,10.63,11.15,995145
2017-03-16,11.31,11.48,11.14,11.28,557781
2017-03-17,11.33,11.43,10.94,10.94,2651363
2017-03-20,11.04,11.35,11.04,11.3,523783
2017-03-21,11.14,11.64,11.09,11.32,793015
2017-03-22,11.39,11.47,11.26,11.37,530324
2017-03-23,11.38,11.49,10.99,11.27,812052
2017-03-24,11.19,11.32,11.07,11.19,443195
2017-03-27,11.4,11.54,11.24,11.51,464131
2017-03-28,11.57,11.57,11.06,11.24,714559
2017-03-29,11.27,11.31,11.08,11.22,446913
2017-03-30,11.13,11.24,11.08,11.13,296021
2017-03-31,11.12,11.25,11.02,11.1,433692
2017-04-03,11.09,11.32,11.04,11.09,344992
2017-04-04,11.15,11.19,11.03,11.17,323178
2017-04-05,11.11,11.31,10.99,11.27,441489
2017-04-06,11.2,11.31,11.17,11.29,281812
2017-04-07,11.43,11.43,11.03,11.18,469193
2017-04-10,11.08,11.24,11.03,11.21,378223
2017-04-11,11.31,11.5,11.2,11.34,693870
2017-04-12,11.35,11.5,11.24,11.5,598660
2017-04-13,11.39,11.46,11.19,11.27,835960
2017-04-17,11.41,11.48,11.13,11.27,991888
2017-04-18,11.25,11.54,11.2,11.51,899449
2017-04-19,11.37,11.4,11.0,11.23,1390580
2017-04-20,11.17,11.2,11.06,11.19,560768
2017-04-21,11.13,11.24,11.06,11.12,678527
2017-04-24,10.99,11.01,10.79,10.97,674167
2017-04-25,10.81,10.84,10.3,10.5,1394908
2017-04-26,10.42,10.63,10.19,10.49,1522517
2017-04-27,10.41,10.56,10.24,10.56,998286
2017-04-28,10.53,10.73,10.42,10.67,803463
2017-05-01,10.61,10.69,10.38,10.57,842630
2017-05-02,10.47,10.67,10.39,10.47,1018001
2017-05-03,10.45,10.58,10.34,10.45,940639
2017-05-04,10.3,10.33,10.02,10.12,855971
2017-05-05,10.15,10.37,10.05,10.26,649935
2017-05-08,10.3,10.3,10.08,10.27,699838
2017-05-09,10.15,10.28,10.07,10.22,640807
2017-05-10,10.29,10.37,10.18,10.24,635446
2017-05-11,10.25,10.65,10.22,10.65,922309
2017-05-12,10.73,10.9,10.7,10.83,788548
2017-05-15,10.93,10.99,10.7,10.89,545618
2017-05-16,11.08,11.15,11.02,11.09,702508
2017-05-17,11.34,11.34,11.07,11.14,919923
2017-05-18,11.14,11.19,10.89,11.01,944122
2017-05-19,11.13,11.13,10.99,11.12,502982
2017-05-22,11.14,11.88,11.14,11.83,727412
2017-05-23,11.65,11.65,10.95,11.09,1837494
2017-05-24,11.19,11.19,10.63,10.82,1315402
2017-05-25,10.76,10.81,10.56,10.68,904641
2017-05-26,10.83,10.83,10.56,10.61,398574
2017-05-30,10.52,10.54,10.41,10.51,548286
2017-05-31,10.47,10.64,10.47,10.56,475106
2017-06-01,10.5,10.65,10.41,10.65,501406
2017-06-02,10.76,10.84,10.64,10.67,358908
2017-06-05,11.15,12.22,11.15,12.17,1555573
2017-06-06,12.3,12.43,12.11,12.43,1283972
2017-06-07,12.43,12.86,12.39,12.81,1470526
2017-06-08,12.81,12.85,12.53,12.63,937892
2017-06-09,12.64,12.73,12.46,12.6,767159
2017-06-12,12.6,12.85,12.5,12.68,1508748
2017-06-13,12.7,12.71,12.62,12.69,1424590
2017-06-14,12.81,12.89,12.05,12.16,2170358
2017-06-15,12.01,12.25,12.0,12.19,1478926
2017-06-16,12.24,12.3,12.0,12.0,9296158
2017-06-19,12.11,12.4,12.1,12.2,718582
2017-06-20,12.16,12.3,12.05,12.26,542275
2017-06-21,12.3,12.37,12.17,12.33,588081
2017-06-22,12.47,12.51,12.34,12.46,694805
2017-06-23,12.5,12.5,12.24,12.45,769460
2017-06-26,12.34,12.39,12.18,12.25,403251
2017-06-27,12.44,12.44,12.16,12.34,704945
2017-06-28,12.36,12.52,12.19,12.51,487668
2017-06-29,12.37,12.42,12.21,12.28,562466
2017-06-30,12.32,12.32,12.14,12.22,531642
2017-07-03,12.06,12.28,11.98,12.03,241251
2017-07-05,11.92,12.15,11.81,12.14,617182
2017-07-06,12.01,12.26,11.98,12.03,439563
2017-07-07,12.01,12.09,11.9,11.94,514717
2017-07-10,11.93,12.38,11.88,12.37,779370
2017-07-11,12.31,12.34,12.09,12.31,606145
2017-07-12,12.35,12.43,12.24,12.31,523884
2017-07-13,12.26,12.3,12.08,12.14,354960
2017-07-14,12.28,12.36,12.24,12.27,371673
2017-07-17,12.36,12.44,12.3,12.38,330671
2017-07-18,12.42,12.59,12.41,12.52,397839
2017-07-19,12.57,12.64,12.45,12.6,275583
2017-07-20,12.62,12.74,12.51,12.69,310395
2017-07-21,12.75,12.78,12.62,12.7,334761
2017-07-24,12.72,12.73,12.56,12.67,319169
2017-07-25,12.69,12.77,12.38,12.53,351897
2017-07-26,12.49,12.78,12.44,12.72,509816
2017-07-27,12.7,12.72,12.4,12.44,479377
2017-07-28,12.47,12.78,12.47,12.7,373371
2017-07-31,,13.01,,12.85,422303
2017-08-01,12.66,13.02,12.63,12.7,556253
