Date,Open,High,Low,Close,Volume
2016-07-21,18.0,18.44,16.36,17.97,4750072
2016-07-22,18.07,19.9,18.0,19.56,741281
2016-07-25,20.13,21.38,19.6,19.73,383070
2016-07-26,19.82,20.04,18.42,18.61,237454
2016-07-27,19.0,19.2,18.05,18.1,153264
2016-07-28,18.0,18.73,18.0,18.49,104913
2016-07-29,18.6,19.29,18.2,18.41,262641
2016-08-01,18.95,21.0,18.74,19.72,413514
2016-08-02,19.87,20.4,19.0,19.4,159355
2016-08-03,19.32,19.58,18.35,18.83,259968
2016-08-04,19.0,19.5,18.61,19.33,90307
2016-08-05,19.91,19.91,18.91,19.22,39063
2016-08-08,19.0,19.91,18.75,19.81,130201
2016-08-09,19.89,20.4,19.57,19.76,75705
2016-08-10,20.0,20.07,19.85,20.0,65854
2016-08-11,20.32,20.48,19.79,19.99,84483
2016-08-12,19.87,20.19,19.78,19.97,85238
2016-08-15,20.45,21.99,20.36,21.7,557696
2016-08-16,22.0,22.62,20.32,20.95,344896
2016-08-17,21.22,23.84,20.9,23.47,464936
2016-08-18,23.83,24.93,22.36,22.56,393166
2016-08-19,22.4,23.37,21.6,21.97,178307
2016-08-22,21.7,22.19,20.67,21.29,197507
2016-08-23,21.63,22.77,21.35,21.81,242937
2016-08-24,21.29,21.93,20.81,21.16,151184
2016-08-25,20.97,21.48,20.5,20.85,119875
2016-08-26,20.77,21.43,19.55,20.0,314627
2016-08-29,20.13,23.33,20.13,22.79,620680
2016-08-30,22.92,23.8,22.1,22.75,269235
2016-08-31,22.83,24.5,22.5,22.82,856830
2016-09-01,26.52,27.92,24.65,27.57,2120764
2016-09-02,27.87,33.6,27.75,32.67,3454496
2016-09-06,33.2,34.9,32.38,33.7,1561726
2016-09-07,33.7,34.72,32.1,34.6,1025415
2016-09-08,34.64,35.88,34.2,35.25,873909
2016-09-09,34.89,34.89,31.31,32.55,790493
2016-09-12,31.34,34.28,31.1,34.01,385130
2016-09-13,34.01,36.97,33.56,35.6,1193199
2016-09-14,36.13,37.86,35.53,36.65,935608
2016-09-15,37.12,37.85,36.25,37.07,571009
2016-09-16,36.8,37.55,36.42,36.97,735368
2016-09-19,37.49,37.5,36.25,36.33,436364
2016-09-20,36.42,36.62,32.93,33.35,994045
2016-09-21,33.24,34.87,32.55,34.32,674222
2016-09-22,34.36,35.28,33.51,33.85,496856
2016-09-23,34.02,34.36,33.38,34.24,298265
2016-09-26,34.38,34.5,32.01,32.13,503690
2016-09-27,32.14,35.71,31.58,35.68,662707
2016-09-28,35.78,36.4,34.28,35.91,398685
2016-09-29,36.15,38.43,35.5,36.55,928642
2016-09-30,36.75,38.05,36.6,37.42,996958
2016-10-03,37.77,37.94,35.93,36.0,532839
2016-10-04,35.86,35.87,32.84,33.32,570250
2016-10-05,33.64,35.26,32.43,32.51,766381
2016-10-06,33.16,35.16,32.75,34.25,579781
2016-10-07,34.04,34.34,33.26,33.44,176477
2016-10-10,33.24,33.96,31.95,32.51,305192
2016-10-11,32.51,32.97,27.52,28.21,1581143
2016-10-12,28.75,29.89,27.76,28.24,1015073
2016-10-13,27.51,28.5,26.63,28.24,523463
2016-10-14,28.42,29.37,27.4,27.51,359818
2016-10-17,27.26,28.1,27.22,27.59,244248
2016-10-18,27.93,28.39,27.35,27.96,313144
2016-10-19,27.79,29.1,27.51,28.1,297438
2016-10-20,28.12,28.5,27.25,27.46,162768
2016-10-21,27.17,27.43,26.7,26.8,248509
2016-10-24,26.6,28.21,26.55,27.93,365657
2016-10-25,27.78,27.78,26.95,27.02,204242
2016-10-26,26.65,27.29,26.58,26.7,134735
2016-10-27,26.85,27.17,25.55,25.75,342104
2016-10-28,25.75,26.0,25.11,25.15,159748
2016-10-31,25.26,25.49,24.18,24.69,276141
2016-11-01,24.57,24.8,24.17,24.42,300286
2016-11-02,24.44,25.2,23.55,25.09,446242
2016-11-03,25.19,26.1,24.54,25.3,572744
2016-11-04,27.7,28.67,26.01,27.52,1683469
2016-11-07,28.4,28.54,26.05,26.47,739008
2016-11-08,26.35,28.0,25.58,27.81,521817
2016-11-09,26.76,31.08,26.59,30.95,635306
2016-11-10,31.26,31.77,29.59,30.55,443183
2016-11-11,30.4,31.32,30.01,30.77,241785
2016-11-14,30.85,32.25,30.81,32.05,304636
2016-11-15,32.3,33.48,31.43,33.32,280182
2016-11-16,33.15,33.25,30.78,32.14,464650
2016-11-17,32.2,33.2,32.2,32.83,371240
2016-11-18,31.43,31.94,28.75,29.83,625507
2016-11-21,30.0,31.3,29.29,29.6,381129
2016-11-22,29.62,29.79,29.07,29.38,146454
2016-11-23,29.25,29.34,28.0,28.8,372573
2016-11-25,28.97,28.97,28.4,28.6,217363
2016-11-28,28.65,28.67,26.23,26.57,627010
2016-11-29,25.25,27.67,23.8,27.25,1246671
2016-11-30,27.68,28.35,27.12,27.31,389083
2016-12-01,27.42,28.09,26.9,27.71,469482
2016-12-02,29.0,29.5,26.4,26.72,3052299
2016-12-05,26.83,27.61,26.65,27.48,492976
2016-12-06,27.93,29.88,27.51,29.58,854415
2016-12-07,30.53,37.7,29.57,36.83,2285216
2016-12-08,35.35,35.75,33.34,34.2,1309812
2016-12-09,34.24,34.58,31.7,31.89,1113986
2016-12-12,31.92,33.36,31.56,32.88,328990
2016-12-13,33.09,34.77,32.76,33.37,467973
2016-12-14,33.34,33.76,31.4,32.07,347670
2016-12-15,32.2,33.79,32.2,32.67,227706
2016-12-16,32.9,34.6,32.9,34.04,423868
2016-12-19,34.56,36.58,34.31,35.33,639615
2016-12-20,35.74,39.99,35.71,39.9,1177141
2016-12-21,40.79,41.62,38.2,38.33,739727
2016-12-22,39.93,41.91,38.83,39.24,985749
2016-12-23,40.56,40.56,38.05,38.65,592179
2016-12-27,39.33,40.39,38.51,39.27,623121
2016-12-28,39.18,39.69,35.01,35.64,1009416
2016-12-29,35.58,35.76,34.56,35.16,648281
2016-12-30,35.04,36.97,35.04,35.34,318371
2017-01-03,36.88,36.93,34.14,35.35,500349
2017-01-04,36.03,36.03,34.0,34.23,605250
2017-01-05,34.45,34.59,31.55,33.16,841458
2017-01-06,32.95,34.0,32.23,32.36,353110
2017-01-09,32.67,33.5,32.07,32.25,411225
2017-01-10,32.38,35.08,32.3,34.91,802778
2017-01-11,35.03,35.03,32.55,33.53,866502
2017-01-12,33.73,34.42,32.5,33.87,455409
2017-01-13,34.25,34.55,33.11,33.53,386298
2017-01-17,33.53,33.93,31.25,31.71,546214
2017-01-18,31.55,31.99,29.36,30.64,1279688
2017-01-19,30.52,31.38,29.8,30.41,975499
2017-01-20,30.5,31.79,30.5,31.13,646342
2017-01-23,31.45,34.0,31.15,33.61,1102244
2017-01-24,33.6,33.73,32.47,33.38,539853
2017-01-25,33.8,35.32,33.26,35.05,736108
2017-01-26,35.06,36.23,34.99,35.38,483924
2017-01-27,35.6,35.66,34.78,35.4,309194
2017-01-30,35.34,36.45,34.5,35.37,590702
2017-01-31,35.38,35.94,34.95,35.21,627440
2017-02-01,35.2,35.46,34.43,34.74,473251
2017-02-02,34.7,34.8,33.76,34.12,633006
2017-02-03,34.03,34.62,34.0,34.41,546325
2017-02-06,34.43,34.65,33.81,34.2,301453
2017-02-07,34.17,34.45,33.1,33.38,348659
2017-02-08,34.35,34.5,33.63,34.0,578988
2017-02-09,34.02,34.34,33.56,33.83,470862
2017-02-10,34.01,34.24,32.02,33.19,482258
2017-02-13,33.44,33.65,32.91,33.52,628757
2017-02-14,33.69,35.44,33.6,34.73,676127
2017-02-15,34.95,36.68,34.9,36.49,1418208
2017-02-16,36.64,37.42,34.78,35.36,2366132
2017-02-17,33.06,33.46,30.37,31.17,3381623
2017-02-21,30.7,31.3,28.32,28.83,3013929
2017-02-22,29.14,29.49,28.35,28.49,1052822
2017-02-23,29.13,31.07,29.1,30.94,1467251
2017-02-24,30.72,30.79,29.4,29.99,965384
2017-02-27,29.68,29.84,29.01,29.12,668539
2017-02-28,29.19,29.29,28.33,28.36,745860
2017-03-01,28.63,29.94,28.48,29.37,1127235
2017-03-02,29.27,29.77,28.85,29.09,641477
2017-03-03,29.05,29.33,28.34,29.14,830080
2017-03-06,28.92,28.97,27.4,28.2,863781
2017-03-07,28.1,28.1,26.69,27.36,1130426
2017-03-08,27.48,28.1,27.41,27.58,401959
2017-03-09,27.71,28.44,27.55,28.28,378226
2017-03-10,28.73,28.95,27.61,27.95,605748
2017-03-13,27.92,29.01,27.81,28.98,571024
2017-03-14,28.82,29.0,27.9,28.02,723865
2017-03-15,28.26,28.94,27.9,28.43,567411
2017-03-16,28.61,28.91,28.15,28.54,374519
2017-03-17,28.83,29.17,28.35,28.73,678218
2017-03-20,28.82,28.9,28.25,28.8,502404
2017-03-21,28.95,29.45,28.36,28.7,980914
2017-03-22,28.53,28.83,27.56,28.11,804579
2017-03-23,28.04,29.0,27.87,28.12,651512
2017-03-24,28.23,28.45,27.78,28.14,395630
2017-03-27,27.79,29.16,27.76,29.03,518855
2017-03-28,29.07,29.95,28.8,29.78,649159
2017-03-29,29.87,30.8,29.58,30.26,871815
2017-03-30,30.27,30.8,29.82,30.47,461490
2017-03-31,30.48,30.5,30.13,30.27,303700
2017-04-03,30.42,30.48,28.44,28.68,779203
2017-04-04,28.58,28.76,28.0,28.62,366540
2017-04-05,28.83,29.16,28.3,28.8,371241
2017-04-06,28.8,30.28,28.35,29.96,426396
2017-04-07,29.67,30.52,29.28,29.52,470205
2017-04-10,29.67,30.55,29.55,30.44,450342
2017-04-11,30.5,31.15,29.94,31.04,449719
2017-04-12,31.11,31.61,30.78,31.39,228563
2017-04-13,31.4,32.49,31.4,31.89,341912
2017-04-17,32.17,32.64,31.8,31.99,361934
2017-04-18,32.0,33.5,32.0,33.15,647243
2017-04-19,33.46,34.99,33.15,34.49,546243
2017-04-20,34.66,36.36,34.55,35.67,746166
2017-04-21,35.7,37.27,35.45,36.24,792734
2017-04-24,36.5,37.02,36.25,36.77,763333
2017-04-25,36.98,38.0,36.51,37.46,848085
2017-04-26,37.42,37.93,35.82,37.57,487836
2017-04-27,37.5,39.5,37.48,39.02,598423
2017-04-28,38.92,40.0,37.36,37.48,676272
2017-05-01,37.71,38.11,35.36,35.53,1076697
2017-05-02,35.36,37.98,35.23,36.8,656692
2017-05-03,36.52,36.8,35.87,36.51,610241
2017-05-04,36.74,38.12,36.36,37.84,1005248
2017-05-05,35.0,43.93,34.0,41.12,2498262
2017-05-08,40.41,40.69,38.02,38.13,1226070
2017-05-09,38.09,39.74,37.18,38.89,916971
2017-05-10,38.89,40.3,38.5,39.42,623512
2017-05-11,39.05,39.59,38.15,39.21,503695
2017-05-12,38.9,39.61,38.9,39.45,282486
2017-05-15,39.59,42.99,39.23,42.31,993233
2017-05-16,42.53,43.68,39.82,40.58,1028482
2017-05-17,39.61,41.56,38.5,41.39,827167
2017-05-18,41.16,41.99,40.47,40.73,364539
2017-05-19,40.64,41.35,40.14,40.96,270258
2017-05-22,42.96,46.22,41.96,44.38,1701331
2017-05-23,44.38,44.75,43.32,43.82,460534
2017-05-24,44.04,47.86,43.89,45.8,965729
2017-05-25,45.85,47.5,45.7,46.01,481248
2017-05-26,46.01,46.7,44.54,44.83,449890
2017-05-30,45.71,46.04,44.56,45.27,279480
2017-05-31,45.55,45.71,43.0,43.65,502833
2017-06-01,43.52,46.0,43.27,45.83,396608
2017-06-02,45.91,47.18,45.56,45.77,341134
2017-06-05,45.48,46.69,45.03,46.27,233146
2017-06-06,46.29,49.17,46.29,47.96,712017
2017-06-07,47.79,49.05,47.47,48.26,367825
2017-06-08,49.45,49.69,47.76,49.14,430769
2017-06-09,49.5,49.8,41.52,42.64,1256716
2017-06-12,42.0,46.34,40.4,45.75,894391
2017-06-13,46.5,48.5,46.16,46.49,550164
2017-06-14,46.46,47.94,45.26,46.54,369670
2017-06-15,45.56,48.2,45.0,46.77,401352
2017-06-16,49.0,55.96,48.4,55.71,2241238
2017-06-19,53.8,57.15,53.5,55.85,1212359
2017-06-20,55.37,56.97,53.17,54.68,776881
2017-06-21,54.76,55.7,54.0,54.66,487096
2017-06-22,55.0,56.2,53.3,54.65,737204
2017-06-23,55.27,58.85,54.8,58.79,2486293
2017-06-26,60.25,60.85,57.15,59.37,800079
2017-06-27,56.8,57.5,51.33,53.15,1557180
2017-06-28,53.69,54.95,52.47,54.86,732741
2017-06-29,53.8,56.01,49.7,51.18,1057298
2017-06-30,51.07,51.98,48.6,48.65,921124
2017-07-03,48.8,50.99,47.75,47.84,514301
2017-07-05,47.83,50.5,46.77,49.84,676582
2017-07-06,49.22,51.25,47.91,49.37,489215
2017-07-07,49.22,51.34,48.89,51.15,449561
2017-07-10,51.13,53.29,50.06,51.43,494149
2017-07-11,50.81,53.49,50.65,52.5,414669
2017-07-12,53.07,54.88,52.5,52.73,569092
2017-07-13,53.45,53.99,51.56,53.47,378267
2017-07-14,53.35,53.87,51.81,52.62,439645
2017-07-17,52.81,55.12,52.46,54.22,557615
2017-07-18,54.29,55.9,51.88,52.41,830332
2017-07-19,52.14,53.4,50.39,51.25,586258
2017-07-20,50.5,54.4,48.9,54.0,1524029
2017-07-21,54.37,54.37,51.77,52.41,592745
2017-07-24,52.4,54.0,51.57,53.15,557892
2017-07-25,53.09,53.09,51.63,52.35,420773
2017-07-26,52.46,54.0,52.0,53.01,495164
2017-07-27,53.01,55.68,49.7,50.33,1173352
2017-07-28,49.86,51.49,49.2,50.77,715533
2017-07-31,51.07,51.3,48.9,49.14,498662
2017-08-01,48.93,50.43,48.37,50.09,414637
