Date,Open,High,Low,Close,Volume
2010-04-07,25.33,25.39,25.32,25.38,2800
2010-04-08,25.16,25.34,25.16,25.33,1800
2010-04-09,25.27,25.27,25.21,25.25,2250
2010-04-12,25.41,25.48,25.38,25.48,2296
2010-04-13,,,,25.48,0
2010-04-14,25.87,25.87,25.87,25.87,100
2010-04-15,25.93,26.05,25.93,26.05,1100
2010-04-16,26.11,26.11,25.92,25.92,1253
2010-04-19,,,,25.92,0
2010-04-20,26.06,26.06,25.99,26.05,4100
2010-04-21,26.11,26.34,26.11,26.34,6300
2010-04-22,26.03,26.79,26.03,26.79,4150
2010-04-23,26.9,27.06,26.9,27.06,1244
2010-04-26,27.31,27.31,27.2,27.24,3580
2010-04-27,26.96,27.2,26.5,26.5,37872
2010-04-28,26.63,26.72,26.63,26.67,3288
2010-04-29,26.7,27.1,26.66,27.08,21114
2010-04-30,27.19,27.19,26.52,26.52,7665
2010-05-03,26.73,27.15,26.68,27.15,19369
2010-05-04,26.76,26.76,26.31,26.31,500
2010-05-05,25.97,26.05,25.86,25.86,600
2010-05-06,25.9,26.13,11.0,24.92,21163
2010-05-07,24.91,24.96,24.26,24.33,4727
2010-05-10,25.4,25.53,25.27,25.53,5900
2010-05-11,25.22,25.87,25.22,25.87,1000
2010-05-12,26.27,26.63,26.2,26.61,1716
2010-05-13,26.68,26.76,26.62,26.62,1310
2010-05-14,25.94,25.94,25.94,25.94,100
2010-05-17,26.15,26.21,25.67,26.21,4805
2010-05-18,26.52,26.52,25.75,25.75,9200
2010-05-19,25.7,25.7,24.95,25.13,3400
2010-05-20,24.03,24.63,23.85,23.85,30847
2010-05-21,23.02,24.06,23.02,24.06,378
2010-05-24,23.92,23.96,23.73,23.73,1900
2010-05-25,23.0,23.44,23.0,23.44,1800
2010-05-26,24.1,24.1,23.66,23.66,600
2010-05-27,,,,23.66,0
2010-05-28,24.19,24.44,24.19,24.35,2648
2010-06-01,23.7,24.12,23.5,23.58,3500
2010-06-02,23.83,24.15,23.83,24.12,700
2010-06-03,24.47,24.47,24.47,24.47,100
2010-06-04,,,,24.47,0
2010-06-07,23.74,23.74,22.64,22.64,2000
2010-06-08,,,,22.64,0
2010-06-09,22.83,22.83,22.83,22.83,100
2010-06-10,23.15,23.48,23.14,23.48,700
2010-06-11,23.67,23.7,23.55,23.7,550
2010-06-14,23.98,23.98,23.98,23.98,900
2010-06-15,24.05,24.55,24.05,24.55,3400
2010-06-16,24.4,24.4,24.4,24.4,200
2010-06-17,,,,24.4,0
2010-06-18,24.36,24.45,24.36,24.45,1200
2010-06-21,24.29,24.29,24.29,24.29,100
2010-06-22,24.35,24.35,24.35,24.35,391
2010-06-23,,,,24.35,0
2010-06-24,23.87,23.87,23.87,23.87,1000
2010-06-25,,,,23.87,0
2010-06-28,,,,23.87,0
2010-06-29,23.35,23.35,23.01,23.01,1985
2010-06-30,,,,23.01,0
2010-07-01,,,,23.01,0
2010-07-02,,,,23.01,0
2010-07-06,,,,23.01,0
2010-07-07,,,,23.01,0
2010-07-08,22.85,22.85,22.85,22.85,153
2010-07-09,23.11,23.12,23.11,23.12,4920
2010-07-12,22.95,22.95,22.95,22.95,217
2010-07-13,,,,22.95,0
2010-07-14,,,,22.95,0
2010-07-15,,,,22.95,0
2010-07-16,22.79,22.79,22.63,22.63,16806
2010-07-19,22.76,22.76,22.76,22.76,3000
2010-07-20,22.66,23.28,22.66,23.28,27406
2010-07-21,,,,23.28,0
2010-07-22,23.81,23.81,23.75,23.75,1400
2010-07-23,,,,23.75,0
2010-07-26,24.83,24.83,24.81,24.81,907
2010-07-27,25.22,25.22,24.92,24.92,1218
2010-07-28,,,,24.92,0
2010-07-29,24.71,24.71,24.65,24.65,1500
2010-07-30,,,,24.65,0
2010-08-02,24.92,24.92,24.92,24.92,100
2010-08-05,24.52,24.52,24.5,24.5,2000
2010-08-09,24.44,24.44,24.44,24.44,300
2010-08-10,23.96,24.26,23.96,24.08,3020
2010-08-11,23.88,23.88,23.03,23.03,786764
2010-08-12,22.66,22.98,22.66,22.85,16554
2010-08-13,22.82,22.85,22.66,22.79,21045
2010-08-16,22.61,22.89,22.5,22.8,20256
2010-08-17,23.06,23.5,23.05,23.35,22286
2010-08-18,23.11,23.4,23.06,23.35,2721
2010-08-19,23.02,23.02,22.64,22.64,5284
2010-08-20,22.33,22.47,22.19,22.47,21469
2010-08-23,22.26,22.33,22.1,22.12,5615
2010-08-24,22.01,22.02,21.88,21.88,1288
2010-08-25,21.68,22.13,21.64,22.13,2222
2010-08-26,22.23,22.27,21.99,22.06,5362
2010-08-27,22.08,22.62,21.94,22.62,2864
2010-08-30,22.29,22.29,22.06,22.06,698
2010-08-31,22.14,22.14,21.91,21.91,882
2010-09-01,22.41,22.98,22.41,22.98,1833
2010-09-02,23.06,23.26,22.97,23.26,8991
2010-09-03,24.25,24.25,23.44,23.71,7754
2010-09-07,23.35,23.35,23.15,23.15,829
2010-09-08,23.51,23.51,23.36,23.36,2233
2010-09-09,23.52,23.56,23.26,23.41,4230
2010-09-10,23.47,23.64,23.4,23.47,5402
2010-09-13,24.0,24.0,24.0,24.0,135
2010-09-14,23.81,24.02,23.81,23.97,4615
2010-09-15,23.68,23.98,23.68,23.97,761
2010-09-16,23.94,23.94,23.53,23.73,448
2010-09-17,23.78,23.9,23.78,23.9,650
2010-09-20,24.24,24.56,24.22,24.54,1411
2010-09-21,24.47,24.59,24.44,24.59,5157
2010-09-22,23.98,23.98,23.98,23.98,100
2010-09-23,23.95,24.12,23.93,24.12,982
2010-09-24,24.05,24.52,24.05,24.52,2059
2010-09-27,24.35,24.37,24.35,24.37,553
2010-09-28,24.43,24.69,24.11,24.69,5537
2010-09-29,24.66,24.79,24.57,24.79,1358
2010-09-30,25.12,25.12,24.39,24.75,5082
2010-10-01,24.8,24.8,24.66,24.71,1381
2010-10-04,24.18,24.18,24.18,24.18,100
2010-10-05,24.57,24.95,24.57,24.95,950
2010-10-06,25.11,25.11,24.92,24.92,542
2010-10-07,25.07,25.09,24.98,25.09,959
2010-10-08,25.04,25.39,25.01,25.39,2816
2010-10-11,25.47,25.47,25.29,25.29,1669
2010-10-12,25.03,25.32,25.03,25.32,272
2010-10-13,25.46,25.93,25.46,25.85,1563
2010-10-14,25.75,25.86,25.73,25.73,667
2010-10-15,26.0,26.0,25.62,25.67,2896
2010-10-18,25.83,25.83,25.71,25.71,1246
2010-10-19,25.52,25.65,25.24,25.24,1171
2010-10-20,25.5,25.83,25.5,25.83,2807
2010-10-21,25.92,25.92,25.63,25.88,4421
2010-10-22,25.96,26.03,25.91,26.03,7043
2010-10-25,26.22,26.44,26.22,26.3,1419
2010-10-26,26.06,26.06,26.06,26.06,104
2010-10-27,25.78,25.8,25.55,25.8,1442
2010-10-28,26.09,26.09,25.77,25.77,1286
2010-10-29,25.92,25.92,25.88,25.88,1144
2010-11-01,26.18,26.18,26.18,26.18,400
2010-11-03,26.36,26.51,26.15,26.39,9616
2010-11-04,27.04,27.11,27.04,27.11,665
2010-11-05,27.21,27.22,27.19,27.19,4000
2010-11-08,27.16,27.22,27.16,27.2,589
2010-11-09,27.16,27.16,26.9,26.9,9935
2010-11-10,26.73,27.13,26.73,27.13,900
2010-11-11,26.96,27.05,26.91,27.02,1136
2010-11-12,26.7,26.82,26.57,26.57,5608
2010-11-15,26.69,26.79,26.49,26.72,992
2010-11-16,26.21,26.21,26.21,26.21,272
2010-11-17,26.06,26.11,26.0,26.03,1592
2010-11-18,26.67,26.67,26.53,26.53,1297
2010-11-19,26.4,26.54,26.4,26.52,783
2010-11-22,26.54,26.59,26.29,26.56,3014
2010-11-23,26.39,26.44,26.21,26.44,101904
2010-11-24,27.03,27.13,26.99,27.13,1691
2010-11-26,27.19,27.19,27.07,27.09,2051
2010-11-29,26.65,27.03,26.61,26.97,9008
2010-11-30,26.64,26.92,26.63,26.83,6500
2010-12-01,27.64,27.74,27.64,27.74,350
2010-12-02,28.12,28.14,27.7,28.12,7518
2010-12-03,27.97,28.33,27.97,28.33,205432
2010-12-06,28.29,28.63,28.28,28.58,27705
2010-12-07,29.08,29.08,28.8,28.8,14510
2010-12-08,28.9,28.95,28.9,28.94,1361
2010-12-09,28.97,28.97,28.85,28.86,1450
2010-12-10,28.99,29.33,28.99,29.3,9837
2010-12-13,29.36,29.43,29.25,29.26,3071
2010-12-14,29.31,29.38,29.28,29.28,11452
2010-12-15,29.36,29.53,29.22,29.28,3618
2010-12-16,29.17,29.52,29.17,29.45,8547
2010-12-17,29.16,29.34,29.09,29.3,2324
2010-12-20,29.32,29.49,29.32,29.35,9741
2010-12-21,29.47,29.6,29.47,29.54,5903
2010-12-22,29.51,29.59,29.43,29.52,8561
2010-12-23,29.45,29.57,29.44,29.49,13735
2010-12-27,29.32,29.62,29.28,29.6,4453
2010-12-28,29.42,29.53,29.39,29.49,6987
2010-12-29,29.93,29.93,29.45,29.54,14578
2010-12-30,29.51,29.54,29.49,29.51,5081
2010-12-31,29.51,29.51,29.31,29.31,1315
2011-01-03,29.73,29.85,29.72,29.75,5743
2011-01-04,29.64,29.64,28.94,29.19,2109
2011-01-05,29.39,29.44,29.19,29.44,9954
2011-01-06,29.44,29.44,29.27,29.37,3930
2011-01-07,29.44,29.44,28.93,29.02,1091
2011-01-10,29.0,29.21,28.92,29.21,1422
2011-01-11,29.42,29.42,29.35,29.35,495
2011-01-12,29.58,29.74,29.58,29.64,2956
2011-01-13,29.56,29.71,29.56,29.6,10185
2011-01-14,29.89,29.89,29.55,29.82,3992
2011-01-18,29.57,29.88,29.57,29.88,8533
2011-01-19,29.99,29.99,29.2,29.22,6140
2011-01-20,29.08,29.21,28.94,29.04,4205
2011-01-21,28.85,28.85,28.84,28.84,450
2011-01-24,28.87,29.06,28.87,28.91,2234
2011-01-25,28.76,29.19,28.76,29.19,3289
2011-01-26,29.67,29.92,29.66,29.83,7573
2011-01-27,29.61,29.92,29.6,29.87,4721
2011-01-28,29.86,29.86,28.93,28.96,3902
2011-01-31,29.48,29.48,28.83,29.16,6372
2011-02-01,29.17,29.83,29.11,29.7,27261
2011-02-02,29.91,29.91,29.64,29.65,4359
2011-02-03,29.41,29.65,29.2,29.5,21223
2011-02-04,29.68,29.73,29.54,29.67,8781
2011-02-07,29.81,30.2,29.81,30.04,3718
2011-02-08,30.2,30.2,29.92,30.06,6585
2011-02-09,30.0,30.12,29.91,29.91,4021
2011-02-10,30.02,30.06,29.89,29.94,7131
2011-02-11,29.95,30.37,29.95,30.34,4796
2011-02-14,30.49,30.49,30.29,30.42,10284
2011-02-15,30.32,30.45,30.26,30.31,6073
2011-02-16,30.28,30.38,30.19,30.38,1209
2011-02-17,30.44,30.65,30.37,30.65,2023
2011-02-18,30.65,30.81,30.63,30.63,1893
2011-02-22,30.18,30.18,29.76,29.76,1952
2011-02-23,29.76,29.76,28.88,29.17,6305
2011-02-24,29.17,29.31,28.88,29.24,8543
2011-02-25,29.53,29.77,29.53,29.68,1707
2011-02-28,30.04,30.13,29.8,29.83,2517
2011-03-01,29.94,30.0,29.31,29.31,3100
2011-03-02,29.41,29.53,29.24,29.29,4528
2011-03-03,30.3,30.46,30.27,30.37,2899
2011-03-04,29.92,30.02,29.83,30.02,1888
2011-03-07,29.48,29.71,29.45,29.71,1474
2011-03-08,29.94,30.36,29.94,30.36,401
2011-03-09,30.35,30.54,30.31,30.4,1809
2011-03-10,29.69,29.69,29.46,29.46,1983
2011-03-11,29.45,29.56,29.21,29.56,3143
2011-03-14,29.17,29.2,28.96,29.2,6740
2011-03-15,28.14,29.07,28.02,29.07,6552
2011-03-16,28.78,28.92,28.78,28.89,843
2011-03-17,29.15,29.15,28.98,28.98,1135
2011-03-18,29.27,29.35,29.18,29.21,4209
2011-03-21,29.97,29.97,29.83,29.93,2451
2011-03-22,29.95,29.97,29.88,29.88,3321
2011-03-23,29.75,30.03,29.54,30.0,2964
2011-03-24,30.52,30.52,29.95,30.02,3876
2011-03-25,30.49,30.62,30.41,30.41,113835
2011-03-28,30.25,30.25,30.22,30.24,1261
2011-03-29,30.09,30.3,30.09,30.27,3002
2011-03-30,30.46,30.71,30.46,30.66,16460
2011-03-31,30.86,30.97,30.82,30.97,1282
2011-04-01,31.16,31.32,30.94,30.99,5096
2011-04-04,31.18,31.22,31.15,31.18,2915
2011-04-05,31.06,31.44,31.06,31.29,2062
2011-04-06,31.54,31.54,31.25,31.33,2940
2011-04-07,31.22,31.36,31.1,31.1,4043
2011-04-08,31.12,31.12,30.41,30.52,12522
2011-04-11,30.51,30.57,30.31,30.44,3717
2011-04-12,30.05,30.17,29.97,29.99,3078
2011-04-13,30.0,30.0,29.56,29.68,4259
2011-04-14,29.56,29.72,29.52,29.64,1256
2011-04-15,29.76,30.1,29.7,30.04,5320
2011-04-18,29.81,29.81,29.45,29.46,3515
2011-04-19,29.8,29.8,29.37,29.48,6007
2011-04-20,30.0,30.07,29.83,30.07,1604
2011-04-21,30.12,30.19,30.12,30.14,1744
2011-04-25,30.09,30.09,29.96,29.96,958
2011-04-26,30.32,30.66,30.32,30.66,1553
2011-04-27,30.54,30.59,30.5,30.59,1180
2011-04-28,30.6,30.7,30.6,30.7,2083
2011-04-29,30.94,30.97,30.88,30.93,1726
2011-05-02,30.87,31.0,30.77,30.77,2059
2011-05-03,30.59,30.62,30.27,30.36,6727
2011-05-04,30.15,30.19,29.94,30.06,1959
2011-05-05,29.78,29.96,29.78,29.96,849
2011-05-06,30.32,30.4,30.11,30.11,1746
2011-05-09,30.06,30.37,30.06,30.36,1917
2011-05-10,30.82,30.93,30.82,30.84,2902
2011-05-11,30.79,30.85,30.33,30.36,5009
2011-05-12,30.22,30.65,30.13,30.56,2820
2011-05-13,30.38,30.4,30.0,30.11,1360
2011-05-16,29.87,30.05,29.77,29.84,5698
2011-05-17,29.49,29.61,29.4,29.45,4174
2011-05-18,29.55,29.79,29.55,29.79,2759
2011-05-19,30.19,30.19,29.77,29.91,1477
2011-05-20,29.65,29.8,29.54,29.8,2792
2011-05-23,29.12,29.24,28.9,29.21,8419
2011-05-24,29.18,29.18,28.92,29.05,1977
2011-05-25,29.07,29.27,29.05,29.27,2529
2011-05-26,29.11,29.5,29.03,29.5,4724
2011-05-27,29.72,29.72,29.63,29.63,1324
2011-05-31,29.77,30.17,29.77,30.17,1283
2011-06-01,29.79,29.79,29.32,29.32,1541
2011-06-02,29.24,29.3,29.08,29.19,1988
2011-06-03,28.59,28.8,28.44,28.6,2402
2011-06-06,28.27,28.54,28.27,28.32,6196
2011-06-07,28.37,28.49,28.37,28.49,1654
2011-06-08,28.0,28.29,28.0,28.07,2688
2011-06-09,28.2,28.22,28.13,28.13,1783
2011-06-10,27.65,27.88,27.65,27.83,3277
2011-06-13,27.85,27.85,27.73,27.73,505
2011-06-14,28.31,28.4,28.29,28.38,1476
2011-06-15,28.09,28.28,27.93,28.04,1438
2011-06-16,28.09,28.29,28.09,28.2,4832
2011-06-17,28.29,28.44,28.03,28.03,3645
2011-06-20,27.98,28.42,27.98,28.19,1005
2011-06-21,28.89,28.89,28.68,28.84,2049
2011-06-22,28.86,28.89,28.86,28.89,706
2011-06-23,28.49,28.66,28.22,28.66,12633
2011-06-24,28.64,28.64,28.49,28.52,1424
2011-06-27,28.62,28.82,28.62,28.82,1870
2011-06-28,28.96,29.08,28.96,29.07,229770
2011-06-29,29.08,29.27,29.01,29.27,20482
2011-06-30,29.64,29.76,29.62,29.76,11308
2011-07-01,29.73,30.37,29.73,30.37,6273
2011-07-05,30.38,30.43,30.25,30.4,5659
2011-07-06,30.44,30.66,30.33,30.63,3709
2011-07-07,30.94,31.19,30.94,31.19,3540
2011-07-08,30.75,30.83,30.6,30.83,2542
2011-07-11,30.45,30.58,30.17,30.24,4489
2011-07-12,30.27,30.41,30.26,30.41,406
2011-07-13,30.41,30.5,30.41,30.48,1651
2011-07-14,30.56,30.56,29.87,29.87,2471
2011-07-15,29.92,29.98,29.91,29.91,1785
2011-07-18,29.71,29.71,29.38,29.46,3843
2011-07-19,29.66,29.92,29.66,29.92,1622
2011-07-20,30.04,30.04,29.88,29.94,2007
2011-07-21,30.15,30.53,30.15,30.49,2328
2011-07-22,30.34,30.53,30.34,30.53,2163
2011-07-25,30.04,30.39,30.04,30.15,4712
2011-07-26,29.8,29.8,29.56,29.68,9059
2011-07-27,29.42,29.42,28.74,28.81,6392
2011-07-28,28.96,29.04,28.63,28.63,2445
2011-07-29,28.2,28.85,28.18,28.78,3592
2011-08-01,28.96,28.96,28.38,28.57,1644
2011-08-02,28.41,27.0,26.88,26.88,2400
2011-08-03,27.63,27.63,26.88,27.61,1443
2011-08-04,27.1,27.22,26.32,26.34,11204
2011-08-05,26.61,26.61,25.85,26.21,2443
2011-08-08,24.72,25.66,24.65,24.91,7213
2011-08-09,24.44,25.04,23.65,25.04,8223
2011-08-10,24.59,24.63,24.19,24.19,3066
2011-08-11,24.41,25.23,23.71,24.97,8446
2011-08-12,25.15,25.21,24.67,25.08,3573
2011-08-15,25.43,25.68,25.37,25.68,1644
2011-08-16,25.5,25.53,25.25,25.53,1015
2011-08-17,25.61,25.61,25.13,25.22,1905
2011-08-18,24.23,24.23,23.57,23.64,1596
2011-08-19,23.21,23.83,23.21,23.35,4340
2011-08-22,23.9,23.9,23.38,23.43,1462
2011-08-23,23.61,24.51,23.61,24.51,2703
2011-08-24,24.41,25.06,24.41,25.05,3360
2011-08-25,25.02,25.02,24.46,24.48,1440
2011-08-26,24.06,25.16,24.06,25.16,2813
2011-08-29,25.94,26.37,25.71,26.37,1763
2011-08-30,26.41,26.79,26.25,26.79,1666
2011-08-31,26.7,27.02,26.61,26.61,1175
2011-09-01,26.78,26.78,25.83,25.83,1680
2011-09-02,25.45,25.45,24.84,24.84,3432
2011-09-06,23.91,24.67,23.91,24.67,1107
2011-09-07,25.01,25.59,25.01,25.59,2676
2011-09-08,25.38,25.48,25.11,25.11,493
2011-09-09,24.7,24.77,24.16,24.25,1355
2011-09-12,23.88,24.47,23.77,24.4,8593
2011-09-13,24.95,24.98,24.52,24.98,6322
2011-09-14,24.88,25.74,24.88,25.48,1143
2011-09-15,25.62,25.69,25.52,25.66,624
2011-09-16,25.82,25.95,25.49,25.49,3168
2011-09-19,24.84,25.11,24.84,24.92,1310
2011-09-20,25.2,25.28,24.62,24.62,3226
2011-09-21,24.23,24.3,23.48,23.51,1554
2011-09-22,22.29,22.91,22.29,22.54,3484
2011-09-23,22.69,23.05,22.69,23.01,1547
2011-09-26,23.22,23.56,22.87,23.56,3711
2011-09-27,24.67,24.87,24.32,24.32,2690
2011-09-28,23.75,23.87,23.36,23.36,5484
2011-09-29,23.48,24.04,23.25,23.84,5209
2011-09-30,23.73,23.73,23.17,23.17,2153
2011-10-03,23.04,23.09,22.06,22.06,1898
2011-10-04,21.78,23.35,21.78,23.35,3955
2011-10-05,23.63,24.06,23.63,24.05,3297
2011-10-06,24.69,24.69,23.9,24.44,2381
2011-10-07,24.68,24.68,23.77,24.17,608
2011-10-10,24.49,24.83,24.49,24.61,1782
2011-10-11,25.08,25.2,24.96,25.2,2064
2011-10-12,25.52,25.6,25.52,25.6,1513
2011-10-13,25.74,25.74,25.13,25.28,6272
2011-10-14,26.0,26.03,25.67,26.03,3425
2011-10-17,25.87,25.87,25.17,25.28,1553
2011-10-18,24.93,26.07,24.92,26.07,715
2011-10-19,25.81,25.93,25.4,25.4,933
2011-10-20,25.42,25.42,24.74,25.3,1381
2011-10-21,25.85,25.85,25.63,25.63,2028
2011-10-24,26.47,26.73,26.47,26.73,1351
2011-10-25,26.08,26.31,26.08,26.23,2627
2011-10-26,26.41,26.41,25.96,26.38,2505
2011-10-27,27.43,28.3,27.39,28.08,3029
2011-10-28,28.14,28.17,27.8,27.92,4910
2011-10-31,27.43,27.47,27.28,27.28,1545
2011-11-01,26.22,26.39,25.83,26.16,5411
2011-11-02,26.53,26.53,26.53,26.53,117
2011-11-03,26.95,27.56,26.95,27.56,1882
2011-11-04,27.26,27.28,27.0,27.28,1014
2011-11-07,26.87,26.87,26.82,26.83,2213
2011-11-08,27.52,27.67,27.02,27.67,1841
2011-11-09,26.87,26.96,26.52,26.52,3713
2011-11-10,26.76,26.76,26.49,26.49,1762
2011-11-11,27.43,27.46,27.35,27.38,1653
2011-11-14,27.19,27.19,26.92,26.92,531
2011-11-15,26.84,27.49,26.84,27.45,783
2011-11-16,27.08,27.42,26.92,26.92,2723
2011-11-17,26.82,26.84,26.55,26.55,991
2011-11-18,26.48,26.64,26.38,26.63,1017
2011-11-21,25.99,25.99,25.72,25.8,2510
2011-11-22,25.86,25.86,25.4,25.49,2058
2011-11-23,25.06,25.1,24.72,24.82,5413
2011-11-25,24.96,24.96,24.77,24.77,410
2011-11-28,25.3,25.59,25.3,25.36,1084
2011-11-29,26.0,26.0,25.5,25.63,4255
2011-11-30,27.11,27.11,26.91,26.91,1147
2011-12-01,27.21,27.29,27.05,27.05,4751
2011-12-02,27.53,27.53,27.11,27.13,3557
2011-12-05,27.61,27.65,27.34,27.37,1994
2011-12-06,27.48,27.48,27.45,27.45,1117
2011-12-07,27.06,27.56,27.06,27.56,718
2011-12-08,27.45,27.45,26.91,26.91,1973
2011-12-09,26.78,27.5,26.78,27.48,1255
2011-12-12,27.01,27.01,26.8,26.82,972
2011-12-13,27.19,27.38,26.47,26.47,4465
2011-12-14,26.15,26.24,26.06,26.11,1794
2011-12-15,26.21,26.34,26.21,26.3,767
2011-12-16,26.93,26.93,26.39,26.39,1867
2011-12-19,26.79,26.79,26.07,26.07,2853
2011-12-20,26.65,27.22,26.65,27.21,2356
2011-12-21,27.0,27.52,26.81,27.52,3252
2011-12-22,27.64,27.78,27.61,27.61,1174
2011-12-23,27.64,27.66,27.64,27.65,1242
2011-12-27,27.5,27.85,27.5,27.85,98628
2011-12-28,27.68,27.68,27.13,27.13,1709
2011-12-29,27.43,27.58,27.43,27.58,5684
2011-12-30,27.58,27.64,27.38,27.38,1219
2012-01-03,27.96,28.07,27.87,28.0,4637
2012-01-04,27.77,27.77,27.67,27.77,2486
2012-01-05,27.94,27.94,27.49,27.83,5149
2012-01-06,27.83,27.96,27.83,27.86,1900
2012-01-09,27.92,27.92,27.84,27.92,3715
2012-01-10,28.34,28.46,28.3,28.4,2840
2012-01-11,28.38,28.54,28.38,28.54,3131
2012-01-12,28.45,28.79,28.45,28.79,1089
2012-01-13,28.46,28.58,28.45,28.45,2241
2012-01-17,28.65,28.75,28.5,28.5,1925
2012-01-18,28.69,28.82,28.69,28.82,201
2012-01-19,29.13,29.14,29.09,29.09,1372
2012-01-20,29.09,29.09,28.98,28.98,1923
2012-01-23,28.73,28.91,28.73,28.88,855
2012-01-24,28.94,29.13,28.94,29.13,3710
2012-01-25,29.04,29.27,29.04,29.18,1811
2012-01-26,29.3,29.3,29.1,29.14,1707
2012-01-27,29.13,29.41,29.13,29.41,321050
2012-01-30,29.19,29.28,28.98,29.22,33314
2012-01-31,29.44,29.44,28.95,29.27,4878
2012-02-01,29.38,29.91,29.38,29.89,1109
2012-02-02,30.14,30.18,30.09,30.11,2059
2012-02-03,30.59,31.04,30.52,30.94,4126
2012-02-06,30.92,30.92,30.71,30.71,10357
2012-02-07,30.6,30.84,30.6,30.74,3240
2012-02-08,30.74,30.76,30.6,30.76,1095
2012-02-09,30.66,30.76,30.66,30.76,552
2012-02-10,30.48,30.48,30.32,30.33,3362
2012-02-13,30.68,30.68,30.43,30.64,2066
2012-02-14,30.31,30.43,30.31,30.43,1149
2012-02-15,30.25,30.44,30.08,30.08,2236
2012-02-16,30.53,30.58,30.44,30.54,5883
2012-02-17,30.68,30.68,30.62,30.64,2929
2012-02-21,30.55,30.79,30.41,30.41,2049
2012-02-22,30.47,30.47,30.3,30.42,1498
2012-02-23,30.48,30.57,30.42,30.56,3564
2012-02-24,30.51,30.51,30.31,30.31,1546
2012-02-27,29.98,30.38,29.98,30.35,1234
2012-02-28,30.19,30.25,30.0,30.04,1455
2012-02-29,30.39,30.39,29.75,29.75,1907
2012-03-01,29.94,30.16,29.83,29.83,1783
2012-03-02,29.76,29.76,29.28,29.3,2177
2012-03-05,29.49,29.49,29.11,29.36,3678
2012-03-06,29.06,29.06,28.69,28.69,3012
2012-03-07,28.84,28.94,28.83,28.9,2035
2012-03-08,29.07,29.41,28.92,29.37,3435
2012-03-09,29.95,30.02,29.75,29.75,1865
2012-03-12,29.73,29.79,29.63,29.74,4264
2012-03-13,29.96,30.03,29.89,29.98,2208
2012-03-14,30.23,30.33,30.04,30.04,2552
2012-03-15,30.22,30.53,30.13,30.53,2580
2012-03-16,30.39,30.52,30.31,30.35,1261
2012-03-19,30.44,30.88,30.44,30.88,1496
2012-03-20,30.25,30.28,30.16,30.16,2014
2012-03-21,30.24,30.33,30.24,30.27,1794
2012-03-22,29.67,29.83,29.64,29.7,2170
2012-03-23,29.7,30.13,29.7,30.13,2458
2012-03-26,30.66,30.9,30.65,30.86,1354
2012-03-27,30.89,30.91,30.89,30.91,226
2012-03-28,30.6,30.6,30.42,30.59,2039
2012-03-29,30.35,30.71,30.3,30.71,1791
2012-03-30,30.53,30.7,30.47,30.65,1336
2012-04-02,30.56,30.84,30.56,30.83,1299
2012-04-03,30.74,30.76,30.56,30.66,2061
2012-04-04,30.31,30.31,30.12,30.25,3096
2012-04-05,30.2,30.2,30.2,30.2,117
2012-04-09,29.38,29.62,29.38,29.62,1639
2012-04-10,29.26,29.26,28.96,28.96,1013
2012-04-11,29.29,29.3,29.23,29.24,1006
2012-04-12,29.96,30.02,29.95,29.96,1289
2012-04-13,29.54,29.66,29.5,29.5,7545
2012-04-16,29.56,29.78,29.5,29.6,1853
2012-04-17,30.24,30.26,30.18,30.18,494
2012-04-18,29.71,29.86,29.7,29.86,1497
2012-04-19,30.29,30.29,29.58,29.58,9306
2012-04-20,29.69,30.01,29.69,29.86,1610
2012-04-23,28.96,29.04,28.96,29.04,1540
2012-04-24,29.31,29.46,29.23,29.23,967
2012-04-25,29.63,29.71,29.63,29.69,1762
2012-04-26,29.69,29.84,29.69,29.77,1777
2012-04-27,29.87,30.16,29.87,30.14,1740
2012-04-30,29.79,29.82,29.67,29.67,4544
2012-05-01,30.06,30.11,29.99,30.03,1475
2012-05-02,29.57,29.67,29.57,29.67,2872
2012-05-03,29.48,29.54,29.44,29.44,844
2012-05-04,28.74,28.83,28.66,28.83,1445
2012-05-07,28.18,28.91,28.18,28.8,7160
2012-05-08,28.55,28.69,28.55,28.62,2043
2012-05-09,28.51,28.75,28.51,28.64,1162
2012-05-10,28.59,28.76,28.59,28.67,1234
2012-05-11,28.64,28.74,28.64,28.65,761
2012-05-14,28.09,28.48,28.09,28.48,1724
2012-05-15,28.2,28.56,28.2,28.56,1831
2012-05-16,28.47,28.49,28.32,28.32,2622
2012-05-17,28.0,28.0,27.67,27.74,1775
2012-05-18,27.62,27.62,27.23,27.23,3050
2012-05-21,27.52,27.76,27.52,27.68,998
2012-05-22,27.78,27.78,27.36,27.36,1847
2012-05-23,27.1,27.58,27.07,27.58,1439
2012-05-24,27.76,27.76,27.49,27.74,2007
2012-05-25,27.78,27.84,27.74,27.76,1233
2012-05-29,27.94,28.07,27.9,28.07,1576
2012-05-30,27.72,27.77,27.64,27.71,2687
2012-05-31,27.62,27.67,27.24,27.67,2937
2012-06-01,26.98,26.98,26.8,26.86,2321
2012-06-04,26.65,26.65,26.46,26.65,2165
2012-06-05,26.71,26.71,26.63,26.63,442
2012-06-06,26.95,27.49,26.95,27.49,2905
2012-06-07,27.88,27.88,27.58,27.58,3089
2012-06-08,27.86,27.87,27.86,27.87,266
2012-06-11,27.68,27.68,27.46,27.46,1046
2012-06-12,27.37,27.53,27.14,27.53,3365
2012-06-13,27.28,27.62,27.12,27.14,1080
2012-06-14,27.52,27.53,27.32,27.53,796
2012-06-15,27.45,27.6,27.45,27.6,2689
2012-06-18,27.43,27.64,27.43,27.58,9096
2012-06-19,28.18,28.39,28.17,28.39,21756
2012-06-20,28.12,28.44,28.02,28.03,6549
2012-06-21,28.01,28.01,27.44,27.47,2003
2012-06-22,27.46,27.46,27.46,27.46,547
2012-06-25,27.08,27.09,27.05,27.05,1256
2012-06-26,27.05,27.06,26.75,26.95,557587
2012-06-27,27.32,27.46,27.32,27.42,23256
2012-06-28,27.21,27.44,27.14,27.44,975
2012-06-29,28.18,28.52,28.18,28.52,1080
2012-07-02,28.33,28.39,28.28,28.39,4335
2012-07-03,28.66,29.02,28.66,29.01,3040
2012-07-05,29.15,29.24,29.15,29.18,700
2012-07-06,28.73,28.85,28.72,28.72,728
2012-07-09,28.63,28.63,28.63,28.63,200
2012-07-10,28.73,28.73,28.44,28.44,694
2012-07-11,,,,28.28,0
2012-07-12,27.87,28.23,27.81,28.23,608
2012-07-13,28.59,28.69,28.59,28.69,867
2012-07-16,28.54,28.54,28.46,28.46,1500
2012-07-17,28.3,28.48,28.3,28.48,300
2012-07-18,28.97,28.97,28.85,28.85,471
2012-07-19,28.95,28.95,28.93,28.93,551
2012-07-20,28.41,28.41,28.41,28.41,204
2012-07-23,27.7,27.99,27.7,27.99,504
2012-07-24,27.57,27.57,27.41,27.41,561
2012-07-25,27.34,27.39,27.34,27.37,407
2012-07-26,27.42,27.53,27.42,27.53,5233
2012-07-27,27.77,28.37,27.77,28.28,3133
2012-07-30,28.19,28.21,28.09,28.09,897
2012-07-31,28.14,28.14,28.1,28.1,414
2012-08-01,27.79,27.82,27.42,27.42,8881
2012-08-02,27.38,27.63,27.34,27.63,17425
2012-08-03,28.57,28.65,28.54,28.54,1645
2012-08-06,28.73,28.74,28.69,28.69,649
2012-08-07,,,,28.54,0
2012-08-08,28.78,28.98,28.76,28.98,1306
2012-08-09,29.0,29.29,28.98,29.24,4747
2012-08-10,29.51,29.51,29.1,29.24,1466
2012-08-13,28.98,28.99,28.85,28.99,456
2012-08-14,29.21,29.21,29.19,29.19,859
2012-08-15,29.2,29.28,29.14,29.28,882
2012-08-16,29.13,29.68,29.13,29.68,2516
2012-08-17,29.71,29.9,29.71,29.9,1558
2012-08-20,29.77,29.77,29.77,29.77,157
2012-08-21,30.18,30.18,29.71,29.71,742
2012-08-22,29.6,29.6,29.54,29.56,623
2012-08-23,29.25,29.28,29.24,29.24,853
2012-08-24,29.35,29.35,29.35,29.35,190
2012-08-27,29.24,29.38,29.2,29.2,340
2012-08-28,29.34,29.34,29.29,29.3,696
2012-08-29,29.36,29.42,29.35,29.35,1420
2012-08-30,29.13,29.13,29.1,29.1,400
2012-08-31,28.93,29.26,28.93,29.13,815
2012-09-04,29.0,29.22,29.0,29.22,300
2012-09-05,29.62,29.62,29.49,29.49,839
2012-09-06,29.63,30.14,29.63,30.1,1901
2012-09-07,30.25,30.31,30.24,30.31,1790
2012-09-10,30.34,30.34,30.32,30.32,2167
2012-09-11,30.5,30.52,30.46,30.46,1474
2012-09-12,30.51,30.52,30.51,30.52,264
2012-09-13,30.44,31.04,30.44,31.04,541
2012-09-14,31.12,31.21,31.11,31.11,1177
2012-09-17,30.87,30.91,30.82,30.82,1501
2012-09-18,30.95,30.98,30.89,30.95,8441
2012-09-19,31.0,31.15,31.0,31.1,639
2012-09-20,30.98,30.94,30.94,30.94,200
2012-09-21,31.05,31.05,30.93,30.93,1436
2012-09-24,30.77,31.02,30.77,30.8,17871
2012-09-25,30.81,30.81,30.4,30.4,1362
2012-09-26,30.41,30.41,30.16,30.16,1849
2012-09-27,30.24,30.35,30.24,30.35,356
2012-09-28,30.41,30.44,30.27,30.27,1277
2012-10-01,30.41,30.63,30.41,30.63,1172
2012-10-02,30.5,30.5,30.5,30.5,209
2012-10-03,30.66,30.73,30.66,30.73,302
2012-10-04,30.52,30.72,30.52,30.72,853
2012-10-05,30.97,31.09,30.97,30.99,1108
2012-10-08,,,,31.09,0
2012-10-09,30.21,30.26,30.19,30.19,1325
2012-10-10,30.02,30.02,30.02,30.02,124
2012-10-11,30.27,30.42,30.27,30.4,785
2012-10-12,30.04,30.04,29.99,29.99,400
2012-10-15,30.07,30.23,30.06,30.19,2302
2012-10-16,30.48,30.51,30.48,30.48,915
2012-10-17,30.67,30.69,30.62,30.62,673
2012-10-18,30.69,30.78,30.69,30.72,1091
2012-10-19,30.13,30.13,30.13,30.13,115
2012-10-22,30.05,30.11,30.04,30.11,600
2012-10-23,29.81,30.08,29.81,30.05,837
2012-10-24,30.07,30.07,30.0,30.04,711
2012-10-25,30.05,30.19,30.04,30.14,3172
2012-10-26,30.28,30.28,30.0,30.06,3970
2012-10-31,30.42,30.42,30.28,30.3,1573
2012-11-01,30.94,30.94,30.94,30.94,292
2012-11-02,30.78,30.79,30.78,30.79,348
2012-11-05,30.58,30.81,30.58,30.81,279
2012-11-06,30.86,31.24,30.86,31.22,1514
2012-11-07,30.55,30.58,30.36,30.51,1629
2012-11-08,30.26,30.26,30.2,30.2,466
2012-11-09,30.2,30.31,30.2,30.31,91119
2012-11-12,29.98,30.18,29.98,30.07,8909
2012-11-13,29.82,30.12,29.82,29.86,4966
2012-11-14,29.7,29.72,29.39,29.39,3864
2012-11-15,29.16,29.22,29.06,29.22,3528
2012-11-16,29.05,29.35,28.93,29.28,7404
2012-11-19,29.78,29.78,29.68,29.73,476
2012-11-20,29.8,29.96,29.8,29.96,469
2012-11-21,30.01,30.19,30.01,30.11,921
2012-11-23,30.41,30.41,30.41,30.41,128
2012-11-26,30.48,30.52,30.41,30.52,431
2012-11-27,30.81,30.81,30.81,30.81,165
2012-11-28,30.44,30.77,30.41,30.77,3020
2012-11-29,31.14,31.2,31.03,31.13,1390
2012-11-30,31.21,31.27,31.15,31.16,861
2012-12-03,31.23,31.23,31.06,31.19,1194
2012-12-04,31.37,31.37,31.11,31.11,3657
2012-12-05,31.35,31.42,31.16,31.31,832
2012-12-06,31.31,31.31,31.16,31.25,1713
2012-12-07,31.55,31.55,31.23,31.32,2545
2012-12-10,31.5,31.64,31.5,31.64,257
2012-12-11,32.01,32.02,31.83,31.96,6210
2012-12-12,32.0,32.1,31.67,31.71,2602
2012-12-13,31.66,31.69,31.41,31.59,1224
2012-12-14,31.55,31.55,31.53,31.53,910
2012-12-17,31.63,31.92,31.63,31.83,4554
2012-12-18,32.11,32.52,32.1,32.52,3375
2012-12-19,32.51,32.74,32.51,32.59,2121
2012-12-20,32.83,32.83,32.57,32.68,3150
2012-12-21,32.03,32.04,31.82,32.0,6974
2012-12-24,31.83,32.0,31.83,31.94,2191
2012-12-26,31.99,32.09,31.81,31.89,6072
2012-12-27,31.52,31.8,31.51,31.77,4444
2012-12-28,31.77,31.9,31.77,31.8,2856
2012-12-31,31.93,32.05,31.93,32.03,2837
2013-01-02,33.06,33.29,33.04,33.18,2330
2013-01-03,33.14,33.5,33.08,33.11,4591
2013-01-04,33.47,33.55,33.41,33.52,27750
2013-01-07,33.32,33.35,33.24,33.35,10772
2013-01-08,33.15,33.15,33.15,33.15,531
2013-01-09,33.39,33.54,33.39,33.54,7871
2013-01-10,33.32,33.55,30.0,33.55,5144
2013-01-11,33.46,33.51,33.4,33.51,6277
2013-01-14,33.51,33.51,33.25,33.37,4807
2013-01-15,33.46,33.48,33.45,33.45,2082
2013-01-16,33.46,33.46,33.27,33.4,23709
2013-01-17,33.59,33.87,33.59,33.87,7644
2013-01-18,33.77,33.94,33.75,33.93,10323
2013-01-22,33.87,34.19,33.87,34.19,93367
2013-01-23,34.54,34.54,34.0,34.0,12508
2013-01-24,34.28,34.58,34.28,34.51,3734
2013-01-25,34.82,34.82,34.47,34.6,9787
2013-01-28,34.64,34.73,34.51,34.69,6640
2013-01-29,34.65,34.8,34.54,34.8,9917
2013-01-30,34.75,34.75,34.25,34.25,2806
2013-01-31,34.46,34.5,34.3,34.39,15532
2013-02-01,34.88,34.88,34.64,34.77,9842
2013-02-04,34.67,34.67,34.14,34.14,9668
2013-02-05,34.57,34.62,34.44,34.54,36752
2013-02-06,34.42,34.59,34.39,34.54,15933
2013-02-07,34.34,34.47,34.26,34.44,26180
2013-02-08,36.24,36.24,34.55,34.67,17775
2013-02-11,34.52,34.63,34.44,34.63,9164
2013-02-12,35.07,35.07,34.73,34.81,13091
2013-02-13,35.06,35.07,34.89,35.07,4289
2013-02-14,35.01,35.15,35.01,35.15,14020
2013-02-15,35.15,35.31,35.13,35.21,26482
2013-02-19,35.44,35.57,35.4,35.57,39859
2013-02-20,35.78,35.78,34.88,34.88,11691
2013-02-21,34.82,34.82,34.4,34.41,12289
2013-02-22,34.82,34.99,34.82,34.97,14674
2013-02-25,34.86,34.86,34.6,34.6,697
2013-02-26,34.16,34.4,34.08,34.3,19802
2013-02-27,34.44,34.91,34.44,34.91,7496
2013-02-28,34.93,35.01,34.77,34.9,27815
2013-03-01,34.7,34.95,34.62,34.88,7870
2013-03-04,35.44,35.44,34.64,34.72,8904
2013-03-05,35.4,35.43,35.23,35.33,7025
2013-03-06,35.9,35.9,35.31,35.46,6421
2013-03-07,35.9,35.9,35.33,35.44,13338
2013-03-08,36.08,36.08,35.6,35.75,9531
2013-03-11,35.73,35.83,35.73,35.8,1044
2013-03-12,35.85,35.85,35.66,35.68,5037
2013-03-13,35.77,36.05,35.76,36.05,6094
2013-03-14,36.19,36.29,36.14,36.27,4258
2013-03-15,36.25,36.45,36.22,36.4,8039
2013-03-18,36.09,36.34,36.09,36.23,3582
2013-03-19,36.46,36.46,35.86,36.13,4266
2013-03-20,36.28,36.48,36.28,36.48,3733
2013-03-21,36.42,36.42,35.95,35.95,12781
2013-03-22,36.46,36.46,36.17,36.21,7602
2013-03-25,36.48,36.48,36.04,36.07,3275
2013-03-26,36.26,36.32,36.13,36.21,55824
2013-03-27,36.22,36.28,35.87,36.19,6220
2013-03-28,36.1,36.15,36.02,36.1,6072
2013-04-01,36.09,36.15,35.42,35.49,41485
2013-04-02,35.68,35.68,35.15,35.17,12239
2013-04-03,35.18,35.18,34.56,34.58,3270
2013-04-04,34.6,34.72,34.6,34.65,903
2013-04-05,34.44,34.56,34.12,34.53,14810
2013-04-08,34.65,34.83,34.48,34.83,3440
2013-04-09,34.85,34.85,34.66,34.68,5106
2013-04-10,34.75,35.35,34.75,35.35,7580
2013-04-11,35.27,35.38,35.23,35.28,8730
2013-04-12,35.91,35.91,34.98,35.07,3664
2013-04-15,34.85,34.85,33.61,33.61,7804
2013-04-16,34.23,34.36,34.04,34.36,7891
2013-04-17,33.84,33.84,33.37,33.6,7150
2013-04-18,33.75,33.75,33.18,33.31,12986
2013-04-19,33.14,33.65,33.14,33.47,2277
2013-04-22,33.16,33.72,33.11,33.72,4856
2013-04-23,34.0,34.09,33.94,34.02,5957
2013-04-24,34.05,34.4,34.05,34.38,3426
2013-04-25,34.72,34.79,34.6,34.6,4336
2013-04-26,34.53,34.53,34.19,34.2,5476
2013-04-29,34.41,34.57,34.41,34.52,2137
2013-04-30,34.52,34.63,34.38,34.58,2591
2013-05-01,33.95,33.97,33.6,33.72,2329
2013-05-02,34.38,34.38,33.81,34.14,1905
2013-05-03,34.58,35.17,34.58,35.03,8334
2013-05-06,35.14,35.28,35.14,35.17,23704
2013-05-07,35.17,35.56,35.17,35.56,1528
2013-05-08,35.52,35.7,35.52,35.7,1867
2013-05-09,35.85,35.85,35.75,35.75,676
2013-05-10,35.93,36.06,35.9,36.06,3969
2013-05-13,35.89,36.0,35.81,35.84,7113
2013-05-14,36.14,36.42,36.14,36.38,8543
2013-05-15,36.37,36.83,36.37,36.75,5355
2013-05-16,36.72,36.77,36.58,36.58,4683
2013-05-17,36.82,37.02,36.75,37.02,4548
2013-05-20,37.02,37.19,36.94,37.19,2252
2013-05-21,37.11,37.18,37.1,37.17,3516
2013-05-22,37.33,37.34,36.45,36.64,5150
2013-05-23,38.59,38.59,36.46,36.62,64770
2013-05-24,36.35,36.67,36.24,36.67,3748
2013-05-28,37.43,37.43,36.98,37.19,2215
2013-05-29,37.0,37.0,36.72,36.81,5098
2013-05-30,36.96,36.98,36.88,36.98,6022
2013-05-31,36.9,37.09,36.88,36.89,3692
2013-06-03,36.85,36.95,36.43,36.95,8507
2013-06-04,36.8,36.8,36.44,36.6,4255
2013-06-05,36.38,36.43,36.14,36.15,3155
2013-06-06,36.44,36.44,36.01,36.38,3062
2013-06-07,36.49,36.8,36.49,36.54,2427
2013-06-10,37.39,37.39,36.61,36.78,8461
2013-06-11,36.49,36.88,36.34,36.53,9166
2013-06-12,36.6,36.6,36.11,36.18,3693
2013-06-13,36.27,36.72,36.27,36.72,5950
2013-06-14,36.82,36.82,36.23,36.33,24081
2013-06-17,36.53,36.54,36.38,36.42,1445
2013-06-18,36.8,37.27,36.74,37.22,8688
2013-06-19,37.12,37.12,36.77,36.88,17184
2013-06-20,36.05,36.06,35.72,35.75,7898
2013-06-21,36.62,36.62,35.46,35.97,6234
2013-06-24,35.47,35.56,35.17,35.38,7554
2013-06-25,35.68,35.72,35.45,35.45,9103
2013-06-26,35.76,36.01,35.5,35.73,34389
2013-06-27,35.77,36.35,35.77,36.35,2572
2013-06-28,36.18,36.39,36.18,36.25,2802
2013-07-01,36.74,36.92,36.72,36.84,3974
2013-07-02,36.87,36.87,36.64,36.64,1405
2013-07-03,37.02,37.02,36.62,36.87,2342
2013-07-05,37.1,37.28,37.05,37.28,2018
2013-07-08,37.7,37.7,37.49,37.57,1545
2013-07-09,38.2,38.2,37.88,38.07,7333
2013-07-10,38.19,38.19,37.92,38.07,8765
2013-07-11,38.69,38.69,38.46,38.55,15615
2013-07-12,38.55,38.74,38.52,38.59,11922
2013-07-15,38.81,38.81,38.65,38.73,3224
2013-07-16,38.92,38.92,38.47,38.47,4576
2013-07-17,38.54,38.76,38.52,38.57,6904
2013-07-18,38.73,39.03,38.71,39.0,9052
2013-07-19,38.93,39.14,38.9,39.08,12858
2013-07-22,39.23,39.26,39.11,39.15,15027
2013-07-23,39.1,39.12,39.03,39.03,7026
2013-07-24,39.24,39.24,38.74,38.82,5384
2013-07-25,38.92,39.17,38.86,39.17,9578
2013-07-26,39.0,39.05,38.76,38.92,27724
2013-07-29,38.74,38.75,38.53,38.59,32737
2013-07-30,38.7,38.77,38.55,38.6,20839
2013-07-31,38.85,39.05,38.78,39.01,18579
2013-08-01,39.43,39.5,38.93,39.5,9876
2013-08-02,39.46,39.55,39.27,39.55,9052
2013-08-05,39.45,39.61,39.45,39.53,9495
2013-08-06,39.37,39.38,39.11,39.11,37520
2013-08-07,39.54,39.54,38.82,38.9,40502
2013-08-08,39.8,39.8,38.96,39.18,2969
2013-08-09,39.14,39.2,38.91,39.16,2795
2013-08-12,38.86,39.35,38.86,39.34,6224
2013-08-13,39.25,39.37,39.07,39.29,3557
2013-08-14,40.9,40.9,39.03,39.03,20389
2013-08-15,38.75,38.75,38.31,38.41,6044
2013-08-16,38.43,38.58,38.31,38.44,6513
2013-08-19,38.32,38.39,38.13,38.13,2086
2013-08-20,38.56,38.71,38.56,38.71,8343
2013-08-21,38.53,38.53,38.41,38.51,2444
2013-08-22,38.9,39.15,38.9,39.07,1172
2013-08-23,39.03,39.05,38.96,39.04,14289
2013-08-26,39.1,39.35,39.1,39.34,8178
2013-08-27,38.83,38.83,38.14,38.2,10738
2013-08-28,38.11,38.23,38.04,38.04,4275
2013-08-29,38.34,38.51,38.09,38.35,3610
2013-08-30,38.57,38.57,37.86,37.89,3509
2013-09-03,38.45,38.45,37.88,37.88,1989
2013-09-04,38.18,38.34,38.18,38.33,5500
2013-09-05,38.58,38.72,38.57,38.72,3782
2013-09-06,38.92,38.97,38.31,38.85,4085
2013-09-09,39.08,39.46,39.08,39.46,9669
2013-09-10,39.83,40.08,39.74,40.08,8503
2013-09-11,40.12,40.19,39.93,40.11,12652
2013-09-12,40.49,40.49,39.79,39.79,12424
2013-09-13,40.19,40.19,39.71,39.93,24483
2013-09-16,40.94,40.94,40.06,40.1,17335
2013-09-17,40.39,40.47,40.1,40.47,8079
2013-09-18,40.84,41.04,40.16,41.03,12744
2013-09-19,40.97,41.19,40.97,41.06,4733
2013-09-20,41.09,41.16,41.03,41.03,5416
2013-09-23,41.27,41.27,40.73,40.92,4225
2013-09-24,40.87,41.36,40.79,41.06,8252
2013-09-25,41.0,41.21,40.94,41.01,78890
2013-09-26,41.15,41.32,41.03,41.05,13669
2013-09-27,40.76,41.11,40.76,41.06,11753
2013-09-30,41.0,41.15,40.64,41.15,10999
2013-10-01,41.0,41.52,41.0,41.48,8221
2013-10-02,41.23,41.25,41.06,41.06,10563
2013-10-03,45.46,45.46,40.3,40.55,10794
2013-10-04,40.89,40.91,40.56,40.88,8728
2013-10-07,40.4,40.47,40.3,40.3,6437
2013-10-08,40.14,40.23,39.76,39.77,8324
2013-10-09,39.54,39.94,39.52,39.76,3900
2013-10-10,40.47,40.54,40.21,40.54,9251
2013-10-11,40.53,41.23,40.53,41.14,7585
2013-10-14,41.0,41.57,41.0,41.47,31975
2013-10-15,42.06,42.06,41.03,41.18,10922
2013-10-16,41.35,41.47,41.35,41.47,9464
2013-10-17,41.44,43.16,41.3,41.87,34977
2013-10-18,42.4,42.47,42.18,42.42,19762
2013-10-21,46.89,46.89,42.52,42.67,16620
2013-10-22,43.08,43.09,42.73,42.87,26514
2013-10-23,42.83,42.83,42.48,42.61,21861
2013-10-24,42.6,42.84,42.49,42.81,58511
2013-10-25,42.8,42.8,42.56,42.64,5706
2013-10-28,42.68,42.93,42.68,42.76,6674
2013-10-29,43.39,43.39,42.77,42.92,12624
2013-10-30,43.13,43.13,42.44,42.56,20559
2013-10-31,42.4,42.7,42.22,42.43,8713
2013-11-01,42.22,42.3,41.95,42.3,3958
2013-11-04,42.72,42.76,42.38,42.75,12117
2013-11-05,42.8,42.8,42.4,42.63,13148
2013-11-06,42.73,42.85,42.53,42.68,10860
2013-11-07,42.81,42.88,41.81,41.81,14633
2013-11-08,41.8,42.57,41.79,42.57,4845
2013-11-11,42.52,42.6,42.35,42.6,1381
2013-11-12,42.48,42.73,42.47,42.69,6553
2013-11-13,42.38,42.94,42.38,42.94,7768
2013-11-14,42.93,43.08,42.93,43.08,16079
2013-11-15,42.91,43.31,42.91,43.29,26054
2013-11-18,43.43,43.62,43.06,43.21,29980
2013-11-19,43.32,43.39,42.92,42.98,37886
2013-11-20,43.19,43.19,42.59,42.66,5978
2013-11-21,43.17,43.57,43.17,43.57,11051
2013-11-22,43.45,43.8,43.45,43.8,10097
2013-11-25,44.4,44.4,43.8,43.82,7487
2013-11-26,43.84,44.36,43.84,44.25,9697
2013-11-27,44.6,44.8,44.46,44.5,13668
2013-11-29,44.78,44.97,44.69,44.81,9749
2013-12-02,45.12,45.12,43.96,44.2,14718
2013-12-03,44.13,44.18,43.65,43.89,10063
2013-12-04,43.92,44.13,43.32,43.71,3410
2013-12-05,43.77,43.87,43.42,43.64,11412
2013-12-06,46.5,46.5,43.84,44.16,14822
2013-12-09,44.34,44.34,43.87,44.12,6739
2013-12-10,43.73,44.02,43.53,43.58,3422
2013-12-11,43.53,43.53,43.04,43.04,15766
2013-12-12,43.11,43.47,42.9,43.47,18432
2013-12-13,43.44,43.93,43.13,43.59,18659
2013-12-16,43.81,44.2,43.78,44.11,14076
2013-12-17,44.21,44.21,43.8,44.06,7940
2013-12-18,44.11,44.53,43.57,44.53,26509
2013-12-19,44.43,44.44,44.05,44.31,16151
2013-12-20,44.74,45.26,44.05,45.26,25156
2013-12-23,47.52,47.52,45.0,45.42,29795
2013-12-24,45.42,45.82,45.42,45.73,8937
2013-12-26,45.95,45.95,45.68,45.91,10321
2013-12-27,46.09,46.09,45.5,45.5,8565
2013-12-30,45.81,45.81,45.51,45.65,15471
2013-12-31,46.0,46.13,45.54,45.72,15868
2014-01-02,45.39,45.39,44.83,45.02,19408
2014-01-03,45.23,45.26,45.06,45.18,38498
2014-01-06,45.28,45.28,44.74,44.74,20824
2014-01-07,44.93,45.72,44.93,45.18,20946
2014-01-08,45.19,45.21,44.76,44.96,26655
2014-01-09,44.95,45.09,44.72,45.02,15530
2014-01-10,45.1,45.38,45.02,45.38,5815
2014-01-13,45.41,45.53,44.77,44.77,13786
2014-01-14,45.47,45.74,45.0,45.61,23975
2014-01-15,45.76,46.16,45.76,46.16,34036
2014-01-16,46.19,46.52,45.96,46.21,111473
2014-01-17,45.91,46.04,45.83,45.86,30694
2014-01-21,46.32,46.34,45.92,46.34,17036
2014-01-22,46.37,46.53,46.2,46.51,69016
2014-01-23,46.44,46.77,45.78,46.11,31556
2014-01-24,45.79,46.27,44.44,44.6,30906
2014-01-27,44.62,44.71,43.69,44.2,21641
2014-01-28,43.9,44.29,43.9,44.24,12805
2014-01-29,44.53,44.53,43.45,43.45,50989
2014-01-30,43.83,44.28,43.77,44.2,7346
2014-01-31,44.05,44.05,43.28,43.76,16087
2014-02-03,43.52,43.79,42.05,42.37,21387
2014-02-04,42.44,42.78,42.01,42.61,12626
2014-02-05,42.39,42.39,41.69,42.16,7383
2014-02-06,42.17,42.71,42.17,42.65,9775
2014-02-07,42.86,43.24,42.64,43.12,11240
2014-02-10,43.09,43.09,42.46,42.78,11737
2014-02-11,42.78,43.05,42.64,43.04,5566
2014-02-12,42.92,43.4,42.79,43.27,13310
2014-02-13,42.98,44.02,42.98,44.0,6357
2014-02-14,44.31,44.32,43.86,44.19,20766
2014-02-18,44.45,44.65,44.1,44.5,13642
2014-02-19,44.46,44.55,43.85,43.94,7473
2014-02-20,43.76,44.51,43.76,44.5,9107
2014-02-21,44.55,44.62,44.32,44.41,9272
2014-02-24,44.39,44.95,44.39,44.54,18298
2014-02-25,44.45,44.65,44.23,44.45,13860
2014-02-26,44.41,45.2,44.4,44.69,44136
2014-02-27,44.65,45.24,44.65,45.15,8073
2014-02-28,45.42,45.63,45.37,45.48,9883
2014-03-03,45.4,45.4,44.55,45.04,11005
2014-03-04,45.39,46.6,45.39,46.44,11762
2014-03-05,46.18,46.3,46.03,46.14,7743
2014-03-06,46.41,46.65,46.3,46.65,13848
2014-03-07,46.87,47.05,46.57,46.62,18973
2014-03-10,46.67,46.74,46.38,46.65,13700
2014-03-11,46.39,46.72,45.95,45.95,5557
2014-03-12,45.86,45.98,45.75,45.94,6797
2014-03-13,46.07,46.07,45.15,45.36,6307
2014-03-14,45.06,45.65,45.04,45.38,3689
2014-03-17,46.13,46.13,45.54,45.77,5688
2014-03-18,45.76,46.23,45.76,45.98,22202
2014-03-19,46.2,46.25,45.91,45.91,8849
2014-03-20,46.1,46.27,45.99,46.12,5591
2014-03-21,46.43,46.6,46.07,46.07,4557
2014-03-24,46.1,46.42,45.44,45.87,3229
2014-03-25,45.82,46.28,45.75,45.86,6109
2014-03-26,45.92,45.92,44.77,44.77,7252
2014-03-27,44.88,44.88,44.42,44.5,3765
2014-03-28,45.18,45.4,44.65,44.65,2926
2014-03-31,44.73,45.95,44.73,45.91,9896
2014-04-01,45.9,46.48,45.9,46.48,6104
2014-04-02,46.5,46.59,46.46,46.48,29216
2014-04-03,46.68,46.68,45.98,46.33,15346
2014-04-04,46.5,46.5,44.98,45.26,9345
2014-04-07,44.61,44.8,44.21,44.36,6160
2014-04-08,44.18,44.72,44.18,44.4,5463
2014-04-09,44.57,45.3,44.57,45.28,3669
2014-04-10,45.38,45.38,44.11,44.2,3979
2014-04-11,43.95,44.1,42.67,43.72,31652
2014-04-14,44.56,44.58,43.79,43.8,12360
2014-04-15,44.13,44.13,43.2,43.77,29588
2014-04-16,44.27,44.52,44.24,44.49,3893
2014-04-17,44.78,45.21,44.56,45.1,48297
2014-04-21,45.18,45.25,44.86,45.18,18602
2014-04-22,45.17,45.72,45.17,45.65,19011
2014-04-23,45.65,45.65,45.21,45.32,14459
2014-04-24,44.94,45.15,44.78,44.85,6698
2014-04-25,44.95,44.95,44.22,44.45,13033
2014-04-28,44.39,44.65,43.59,44.15,16727
2014-04-29,44.45,44.78,44.3,44.33,20005
2014-04-30,44.06,44.48,43.84,44.41,9870
2014-05-01,44.03,44.82,44.02,44.23,15268
2014-05-02,44.58,44.97,44.51,44.54,9766
2014-05-05,44.44,44.62,44.05,44.48,25298
2014-05-06,44.31,44.35,43.84,44.0,7450
2014-05-07,43.61,43.93,43.56,43.9,2062
2014-05-08,43.86,44.48,43.82,43.93,3420
2014-05-09,43.53,44.05,43.53,44.0,19143
2014-05-12,45.12,45.5,45.12,45.44,16470
2014-05-13,45.42,45.42,44.79,44.82,3688
2014-05-14,44.66,44.66,43.78,43.79,15437
2014-05-15,43.27,43.39,42.73,43.28,17962
2014-05-16,43.09,43.42,42.98,43.42,1911
2014-05-19,43.12,43.98,43.12,43.83,2764
2014-05-20,43.32,43.32,42.82,43.15,5801
2014-05-21,43.3,43.31,43.0,43.22,2967
2014-05-22,43.38,43.7,43.37,43.7,12904
2014-05-23,44.02,44.29,43.99,44.29,3489
2014-05-27,44.45,45.13,44.45,44.95,83826
2014-05-28,44.77,44.78,44.62,44.75,8073
2014-05-29,44.72,44.75,44.54,44.58,3673
2014-05-30,44.7,44.7,44.35,44.45,9479
2014-06-02,44.43,44.43,43.95,44.29,4364
2014-06-03,44.11,44.15,43.75,44.08,6609
2014-06-04,43.98,44.24,43.98,44.17,8265
2014-06-05,44.28,45.22,44.28,45.16,4531
2014-06-06,45.32,45.89,45.32,45.89,8508
2014-06-09,46.0,46.5,46.0,46.4,6330
2014-06-10,46.41,46.41,46.04,46.27,3603
2014-06-11,46.1,46.1,45.76,45.76,10389
2014-06-12,45.45,45.56,45.25,45.25,5381
2014-06-13,45.1,45.53,45.1,45.34,5212
2014-06-16,45.18,45.18,44.96,45.08,6260
2014-06-17,45.35,45.4,45.24,45.27,21873
2014-06-18,45.13,45.42,44.94,45.41,10300
2014-06-19,45.36,45.52,45.26,45.52,3634
2014-06-20,45.34,45.55,45.34,45.45,7152
2014-06-23,45.38,45.38,45.11,45.29,6686
2014-06-24,45.22,45.68,45.22,45.25,2835
2014-06-25,44.89,45.23,44.8,45.23,11400
2014-06-26,44.91,45.18,44.91,45.09,3284
2014-06-27,44.61,45.38,44.61,45.15,2192
2014-06-30,45.31,45.64,45.21,45.61,3580
2014-07-01,45.63,46.44,45.63,46.27,5059
2014-07-02,46.06,46.06,45.79,45.81,10793
2014-07-03,46.23,46.34,46.11,46.34,1517
2014-07-07,46.23,46.23,45.72,45.72,1173
2014-07-08,45.31,45.31,45.0,45.11,6781
2014-07-09,45.19,45.32,45.1,45.12,4081
2014-07-10,44.48,44.79,43.87,44.6,4752
2014-07-11,44.5,44.51,44.28,44.44,4663
2014-07-14,44.79,44.82,44.73,44.74,3458
2014-07-15,44.82,44.82,44.58,44.58,1112
2014-07-16,44.48,44.8,44.34,44.6,8451
2014-07-17,44.21,44.32,43.82,43.83,15104
2014-07-18,44.12,44.5,44.12,44.45,5136
2014-07-21,44.01,44.31,43.97,44.26,45956
2014-07-22,44.75,44.92,44.73,44.81,4086
2014-07-23,44.55,44.87,44.55,44.67,1734
2014-07-24,44.83,44.83,44.2,44.32,6202
2014-07-25,44.13,44.13,43.63,43.67,3720
2014-07-28,43.55,43.55,43.1,43.37,3821
2014-07-29,43.55,43.55,43.32,43.33,3246
2014-07-30,43.3,43.5,43.15,43.5,4063
2014-07-31,42.94,42.94,42.21,42.21,12646
2014-08-01,42.15,42.15,41.86,42.04,7900
2014-08-04,42.11,42.16,41.7,42.16,33006
2014-08-05,42.04,42.48,41.98,42.26,12574
2014-08-06,42.21,42.55,42.21,42.5,4116
2014-08-07,42.19,42.3,42.1,42.16,6007
2014-08-08,42.28,42.69,42.27,42.69,7785
2014-08-11,43.12,43.46,43.12,43.22,6375
2014-08-12,43.11,43.22,42.76,42.86,2258
2014-08-13,43.05,43.23,42.99,43.04,11302
2014-08-14,42.98,43.28,42.98,43.26,2429
2014-08-15,43.54,43.54,42.85,43.18,4879
2014-08-18,43.58,44.0,43.58,43.95,2936
2014-08-19,44.22,44.29,44.19,44.29,2788
2014-08-20,43.95,43.99,43.79,43.89,4986
2014-08-21,43.9,44.14,43.61,44.11,10420
2014-08-22,44.02,44.14,43.79,44.14,2332
2014-08-25,44.15,44.31,44.1,44.11,1511
2014-08-26,44.25,44.3,44.16,44.26,3876
2014-08-27,44.25,44.25,44.12,44.15,3947
2014-08-28,43.81,43.95,43.79,43.79,17904
2014-08-29,43.67,44.01,43.67,44.01,5939
2014-09-02,44.07,44.44,44.05,44.44,3783
2014-09-03,44.52,44.52,44.24,44.36,2715
2014-09-04,44.71,44.81,44.43,44.43,3870
2014-09-05,44.42,44.52,44.21,44.52,7409
2014-09-08,44.65,44.65,44.49,44.58,3865
2014-09-09,44.33,44.39,44.09,44.09,6636
2014-09-10,44.1,44.15,43.94,44.15,7525
2014-09-11,43.94,44.56,43.94,44.43,6432
2014-09-12,44.33,44.33,43.99,44.12,21607
2014-09-15,43.74,43.92,43.62,43.81,66440
2014-09-16,43.76,43.86,43.54,43.81,7413
2014-09-17,43.76,44.16,43.76,43.95,9230
2014-09-18,44.15,44.23,44.09,44.17,5783
2014-09-19,44.49,44.49,43.52,43.68,5444
2014-09-22,43.42,43.42,43.08,43.1,1775
2014-09-23,43.1,43.1,42.68,42.69,6888
2014-09-24,42.76,43.12,42.54,42.92,3923
2014-09-25,42.8,42.8,42.17,42.33,8000
2014-09-26,42.27,42.43,42.2,42.43,4227
2014-09-29,42.15,42.33,42.08,42.18,12549
2014-09-30,42.14,42.17,41.75,41.83,31330
2014-10-01,41.52,41.52,40.74,40.82,111182
2014-10-02,41.0,41.33,40.65,41.24,33876
2014-10-03,41.5,41.63,41.45,41.59,8658
2014-10-06,41.44,41.49,41.29,41.29,3047
2014-10-07,40.72,40.96,40.65,40.68,3449
2014-10-08,40.45,40.85,40.11,40.84,27162
2014-10-09,41.19,41.19,40.25,40.27,62951
2014-10-10,40.07,40.54,39.96,40.0,5333
2014-10-13,39.93,40.39,39.8,39.83,12821
2014-10-14,39.91,40.9,39.91,40.48,7766
2014-10-15,39.95,40.89,39.09,40.89,31194
2014-10-16,40.51,41.44,40.51,41.35,14395
2014-10-17,41.36,41.7,41.17,41.4,12643
2014-10-20,41.33,41.54,41.24,41.52,13397
2014-10-21,41.77,42.51,41.77,42.43,9144
2014-10-22,42.67,42.82,42.02,42.02,4690
2014-10-23,40.99,43.05,40.96,42.74,5194
2014-10-24,42.75,42.99,42.54,42.76,5499
2014-10-27,42.32,42.51,42.31,42.47,1887
2014-10-28,42.88,44.1,42.88,44.1,10988
2014-10-29,44.31,44.31,43.63,43.68,4526
2014-10-30,43.66,44.16,43.6,44.06,4409
2014-10-31,44.68,44.86,44.6,44.86,4837
2014-11-03,45.04,45.05,44.73,44.75,5785
2014-11-04,45.05,45.05,44.66,44.74,3206
2014-11-05,44.92,44.92,44.7,44.79,3267
2014-11-06,44.95,45.13,44.82,45.07,4577
2014-11-07,45.11,45.11,45.06,45.06,2102
2014-11-10,45.23,45.32,45.09,45.28,10546
2014-11-11,45.57,45.57,45.22,45.33,5141
2014-11-12,45.56,45.67,45.56,45.67,1010
2014-11-13,45.75,45.75,45.32,45.32,4058
2014-11-14,45.2,45.47,45.12,45.24,5529
2014-11-17,45.14,45.14,44.76,44.76,5910
2014-11-18,45.09,45.25,45.06,45.06,2315
2014-11-19,44.68,44.68,44.33,44.62,1335
2014-11-20,44.44,45.02,44.44,45.02,2026
2014-11-21,45.53,45.53,45.04,45.09,5478
2014-11-24,45.09,45.43,45.09,45.43,1933
2014-11-25,45.56,45.91,45.44,45.53,8947
2014-11-26,45.38,45.77,45.38,45.52,5017
2014-11-28,45.45,45.52,45.25,45.25,2987
2014-12-01,44.82,44.82,44.43,44.53,2798
2014-12-02,44.5,45.08,44.5,44.78,3257
2014-12-03,44.72,45.52,44.72,45.52,3219
2014-12-04,45.4,45.4,44.97,45.2,78838
2014-12-05,45.19,45.64,45.19,45.64,5955
2014-12-08,45.42,45.51,44.72,44.83,4034
2014-12-09,44.39,45.45,44.02,45.45,113587
2014-12-10,45.02,45.06,44.49,44.63,1657
2014-12-11,44.98,45.1,44.79,45.04,3444
2014-12-12,43.93,43.99,43.59,43.59,16599
2014-12-15,43.85,43.85,43.38,43.47,7362
2014-12-16,43.45,43.84,43.44,43.44,2682
2014-12-17,43.61,44.32,43.28,44.32,15070
2014-12-18,45.14,45.14,44.52,45.03,3339
2014-12-19,44.57,44.99,44.57,44.88,2482
2014-12-22,45.02,45.45,45.01,45.45,8212
2014-12-23,45.55,46.04,45.54,45.98,12064
2014-12-24,46.2,46.2,46.02,46.13,1923
2014-12-26,46.38,46.6,46.38,46.6,2958
2014-12-29,46.64,46.75,46.6,46.64,6231
2014-12-30,46.7,46.7,46.51,46.59,1879
2014-12-31,46.39,46.8,46.39,46.69,1862
2015-01-02,46.55,46.55,45.11,45.17,6623
2015-01-05,45.55,45.55,44.47,44.47,20731
2015-01-06,44.69,44.69,43.46,43.81,24814
2015-01-07,44.81,44.81,43.6,43.67,8976
2015-01-08,44.47,44.69,44.44,44.65,39040
2015-01-09,44.57,44.57,44.3,44.36,39542
2015-01-12,43.52,44.12,43.52,43.78,10172
2015-01-13,44.42,44.91,43.8,44.14,3741
2015-01-14,44.17,44.17,43.63,44.01,4031
2015-01-15,43.73,43.94,43.3,43.55,2397
2015-01-16,43.35,43.58,43.34,43.55,3454
2015-01-20,43.42,43.8,43.36,43.8,2018
2015-01-21,43.76,43.79,43.31,43.53,3482
2015-01-22,43.61,44.55,43.61,44.55,28320
2015-01-23,44.65,44.88,44.34,44.69,20878
2015-01-26,44.78,44.94,44.78,44.87,6030
2015-01-27,44.36,44.74,44.25,44.68,5698
2015-01-28,44.73,44.77,43.94,43.94,2441
2015-01-29,43.75,44.51,43.75,44.51,106955
2015-01-30,44.29,44.29,43.46,43.46,5792
2015-02-02,43.57,43.92,43.48,43.66,2909
2015-02-03,44.29,45.06,44.29,45.02,16373
2015-02-04,45.05,45.16,44.9,44.9,4182
2015-02-05,45.11,45.43,45.08,45.43,1449
2015-02-06,45.41,45.8,45.41,45.6,14758
2015-02-09,45.79,45.79,45.47,45.47,3497
2015-02-10,45.49,45.49,45.17,45.48,1261
2015-02-11,45.5,45.78,45.5,45.6,1780
2015-02-12,45.88,46.14,45.88,46.14,8416
2015-02-13,46.35,46.61,46.3,46.58,11424
2015-02-17,46.44,46.67,46.34,46.39,2737
2015-02-18,46.56,46.68,46.32,46.68,3605
2015-02-19,46.61,46.82,46.55,46.8,5698
2015-02-20,46.83,46.85,46.47,46.85,19938
2015-02-23,46.91,46.91,46.7,46.7,5531
2015-02-24,46.82,47.24,46.82,47.21,7063
2015-02-25,47.28,47.5,47.12,47.12,48731
2015-02-26,47.17,47.48,47.17,47.43,17672
2015-02-27,47.37,47.51,47.25,47.28,5604
2015-03-02,47.68,47.81,47.37,47.71,25914
2015-03-03,47.72,47.72,47.29,47.41,17931
2015-03-04,47.13,47.13,46.81,46.83,2324
2015-03-05,46.87,47.05,46.86,46.91,1991
2015-03-06,46.65,46.75,46.49,46.5,13038
2015-03-09,46.45,46.97,46.45,46.94,1805
2015-03-10,46.15,46.29,46.14,46.14,19107
2015-03-11,46.34,46.37,46.2,46.23,5148
2015-03-12,46.57,47.42,46.57,47.42,4072
2015-03-13,47.46,47.46,46.7,47.01,6712
2015-03-16,47.3,47.4,47.19,47.28,9021
2015-03-17,47.33,47.55,47.16,47.55,17093
2015-03-18,47.41,48.01,47.32,47.93,3453
2015-03-19,47.77,47.9,47.68,47.83,3667
2015-03-20,47.9,48.28,47.9,48.28,2729
2015-03-23,48.44,48.52,48.28,48.31,4098
2015-03-24,48.15,48.36,48.15,48.31,8893
2015-03-25,48.35,48.35,47.61,47.61,1879
2015-03-26,47.2,47.34,47.02,47.3,4076
2015-03-27,47.17,47.41,47.13,47.3,5433
2015-03-30,47.39,48.01,47.39,48.0,7921
2015-03-31,47.87,47.87,47.61,47.62,4706
2015-04-01,47.58,47.58,47.23,47.33,4210
2015-04-02,47.73,47.77,47.23,47.29,8091
2015-04-06,47.12,47.56,47.12,47.46,5506
2015-04-07,47.28,47.42,47.19,47.19,2578
2015-04-08,47.28,47.43,47.07,47.23,7040
2015-04-09,47.25,47.32,47.1,47.1,1748
2015-04-10,47.33,47.42,47.17,47.42,8983
2015-04-13,47.69,47.74,47.45,47.45,2742
2015-04-14,47.24,47.57,47.24,47.47,2363
2015-04-15,47.43,48.06,47.43,48.06,4488
2015-04-16,47.69,47.9,47.69,47.71,2830
2015-04-17,47.1,47.1,46.8,46.85,8740
2015-04-20,47.08,47.71,47.08,47.58,5035
2015-04-21,47.59,47.59,47.43,47.46,937
2015-04-22,47.26,47.57,47.26,47.51,22108
2015-04-23,47.39,47.69,47.39,47.68,2726
2015-04-24,47.63,47.69,47.61,47.61,5391
2015-04-27,47.78,48.07,47.17,47.38,22893
2015-04-28,47.38,47.79,47.38,47.65,7690
2015-04-29,47.18,47.18,47.04,47.1,2923
2015-04-30,46.78,46.78,46.28,46.28,2283
2015-05-01,46.66,46.74,46.39,46.73,18249
2015-05-04,46.72,47.04,46.72,46.92,2472
2015-05-05,46.86,46.86,46.21,46.21,1420
2015-05-06,46.04,46.36,46.01,46.14,17433
2015-05-07,46.43,46.88,46.43,46.7,2788
2015-05-08,47.0,47.02,46.96,46.97,1502
2015-05-11,47.07,47.33,47.0,47.0,1575
2015-05-12,46.67,47.06,46.41,46.87,2558
2015-05-13,46.79,46.99,46.79,46.99,3838
2015-05-14,47.37,47.72,47.37,47.63,3634
2015-05-15,47.46,47.54,47.42,47.42,1928
2015-05-18,47.33,47.83,46.9,47.77,10682
2015-05-19,47.65,47.73,47.47,47.73,12407
2015-05-20,47.69,47.77,47.53,47.77,2045
2015-05-21,47.92,48.09,47.79,47.95,1779
2015-05-22,47.77,47.96,47.4,47.4,1765
2015-05-26,47.4,47.4,46.34,46.66,1935
2015-05-27,47.0,47.37,46.71,47.35,3435
2015-05-28,47.4,47.4,47.0,47.16,2104
2015-05-29,46.73,46.87,46.57,46.84,1709
2015-06-01,46.56,46.95,46.47,46.93,3387
2015-06-02,47.19,47.39,47.0,47.01,2975
2015-06-03,47.01,47.81,47.01,47.63,10536
2015-06-04,47.59,47.59,47.18,47.22,3506
2015-06-05,47.23,47.58,47.19,47.57,7136
2015-06-08,47.28,47.28,47.22,47.25,1360
2015-06-09,47.11,47.11,46.94,46.94,1424
2015-06-10,47.81,48.16,47.79,47.99,6455
2015-06-11,47.91,47.99,47.88,47.99,3358
2015-06-12,47.7,47.75,47.7,47.75,33458
2015-06-15,47.43,47.59,47.35,47.53,1486
2015-06-16,47.53,47.72,47.53,47.59,2243
2015-06-17,47.61,47.84,47.5,47.54,2855
2015-06-18,47.58,48.31,47.58,48.31,4408
2015-06-19,48.25,48.35,48.25,48.35,2860
2015-06-22,48.5,48.64,48.5,48.52,4226
2015-06-23,48.53,48.56,48.37,48.41,1938
2015-06-24,48.37,48.37,48.15,48.25,1538
2015-06-25,48.29,48.33,48.14,48.32,1735
2015-06-26,48.25,48.25,48.04,48.18,1271
2015-06-29,47.94,47.94,46.95,46.95,3411
2015-06-30,47.27,47.48,47.12,47.33,43454
2015-07-01,46.89,47.81,46.89,47.5,2031
2015-07-02,47.57,47.59,47.07,47.07,5055
2015-07-06,47.37,47.37,47.13,47.13,778
2015-07-07,46.57,46.97,46.35,46.97,10551
2015-07-08,46.42,46.43,46.26,46.28,1421
2015-07-09,46.67,46.81,46.5,46.52,4068
2015-07-10,46.99,47.16,46.91,47.05,3762
2015-07-13,47.4,47.69,47.4,47.54,1922
2015-07-14,47.45,47.65,47.44,47.64,2512
2015-07-15,47.17,47.32,47.06,47.06,1556
2015-07-16,47.63,47.63,47.56,47.56,1522
2015-07-17,47.51,47.51,47.14,47.28,1052
2015-07-20,47.06,47.1,46.95,46.96,3680
2015-07-21,47.09,47.09,46.72,46.81,844
2015-07-22,46.54,46.72,46.52,46.72,3088
2015-07-23,46.75,46.81,46.24,46.24,2084
2015-07-24,45.45,45.45,45.18,45.18,1075
2015-07-27,44.54,44.99,44.33,44.68,11893
2015-07-28,44.39,45.16,44.39,45.11,7474
2015-07-29,45.35,45.63,45.35,45.63,892
2015-07-30,45.89,45.89,45.81,45.81,1959
2015-07-31,46.34,46.46,46.3,46.4,6296
2015-08-03,46.19,46.19,46.1,46.1,695
2015-08-04,46.21,46.21,45.86,45.99,1806
2015-08-05,46.11,46.43,46.04,46.1,3044
2015-08-06,46.09,46.09,46.05,46.05,582
2015-08-07,45.6,45.72,45.31,45.31,3348
2015-08-10,45.84,46.19,45.84,46.19,2165
2015-08-11,46.03,46.03,45.93,45.93,830
2015-08-12,45.18,45.71,45.18,45.71,2244
2015-08-13,45.98,46.04,45.83,45.83,1086
2015-08-17,45.95,46.46,45.89,46.45,3545
2015-08-18,46.5,46.5,46.18,46.22,2206
2015-08-19,45.96,45.99,45.58,45.88,1682
2015-08-20,45.64,45.64,44.86,44.86,5784
2015-08-21,44.43,44.66,44.09,44.3,30153
2015-08-24,42.49,43.98,41.94,42.78,10008
2015-08-25,43.77,43.77,42.29,42.47,7170
2015-08-26,42.92,42.92,42.2,42.54,2731
2015-08-27,42.77,43.59,42.77,43.36,4956
2015-08-28,43.4,43.92,43.39,43.89,2802
2015-08-31,43.65,44.06,43.65,44.03,15460
2015-09-01,43.39,43.39,42.65,42.65,12044
2015-09-02,42.85,43.17,42.83,43.17,2062
2015-09-03,43.57,43.63,43.5,43.5,2035
2015-09-04,43.1,43.27,42.96,42.99,3432
2015-09-08,43.53,43.9,43.53,43.9,5930
2015-09-09,43.99,44.04,43.68,43.68,5831
2015-09-10,43.62,43.64,43.62,43.64,761
2015-09-11,43.62,43.62,43.6,43.6,6150
2015-09-14,43.47,43.55,43.32,43.32,8975
2015-09-15,43.6,44.12,43.58,44.12,12904
2015-09-16,44.23,44.48,44.23,44.47,2930
2015-09-17,44.4,45.03,44.32,44.42,1700
2015-09-18,43.73,43.73,43.27,43.27,3619
2015-09-21,43.51,43.8,43.27,43.34,18132
2015-09-22,42.84,42.84,42.47,42.6,24126
2015-09-23,42.75,42.75,42.29,42.42,7405
2015-09-24,41.8,42.13,41.72,42.13,3083
2015-09-25,42.27,42.27,42.09,42.09,1313
2015-09-28,41.59,41.6,41.4,41.49,13564
2015-09-29,41.04,41.14,41.04,41.07,1967
2015-09-30,41.5,41.54,41.29,41.54,4832
2015-10-01,41.7,41.7,41.44,41.44,8211
2015-10-02,40.97,41.68,40.86,41.68,2407
2015-10-05,42.24,43.5,42.24,43.5,5559
2015-10-06,43.28,43.28,43.28,43.28,753
2015-10-07,44.08,44.08,44.08,44.08,706
2015-10-08,44.49,45.1,44.49,45.1,4557
2015-10-09,45.24,45.53,45.24,45.36,3047
2015-10-12,45.28,45.46,45.28,45.36,42876
2015-10-13,45.28,45.4,44.6,44.6,2206
2015-10-14,44.94,44.94,44.51,44.59,3912
2015-10-15,44.5,44.7,44.27,44.7,1426
2015-10-16,45.1,45.1,44.56,44.93,10733
2015-10-19,44.68,45.07,44.68,44.98,4362
2015-10-20,45.0,45.17,45.0,45.16,6446
2015-10-21,45.53,45.53,44.79,44.79,1179
2015-10-22,45.14,45.51,45.14,45.28,1492
2015-10-23,45.86,45.88,45.57,45.87,5754
2015-10-26,45.83,45.88,45.46,45.52,7247
2015-10-27,45.27,45.27,44.55,44.55,704
2015-10-28,44.69,45.63,44.69,45.44,3031
2015-10-29,45.72,45.72,45.45,45.49,1885
2015-10-30,45.75,45.75,45.61,45.61,1321
2015-11-02,45.94,46.7,45.94,46.53,6664
2015-11-03,46.64,46.73,46.56,46.56,3658
2015-11-04,46.27,46.5,46.26,46.36,7305
2015-11-06,46.32,46.84,46.07,46.84,18965
2015-11-09,46.76,46.76,45.88,45.99,3050
2015-11-10,45.81,46.14,45.81,46.14,1382
2015-11-11,46.0,46.0,45.96,45.99,895
2015-11-12,45.24,45.24,45.24,45.24,745
2015-11-13,44.62,45.2,44.57,44.81,13794
2015-11-16,44.98,45.24,44.98,45.24,5724
2015-11-17,45.16,45.61,45.16,45.26,5798
2015-11-18,45.38,45.81,45.38,45.8,1530
2015-11-19,45.99,45.99,45.81,45.84,1407
2015-11-20,46.06,46.41,46.06,46.31,2566
2015-11-23,46.21,46.48,46.21,46.31,10788
2015-11-24,46.23,46.58,46.15,46.56,1697
2015-11-25,46.94,46.94,46.84,46.93,1688
2015-11-27,47.13,47.13,47.13,47.13,673
2015-11-30,47.09,47.09,46.86,46.89,1654
2015-12-01,46.78,47.27,46.76,47.27,2438
2015-12-02,47.21,47.3,46.77,46.86,2262
2015-12-03,46.61,46.97,46.07,46.07,2362
2015-12-04,45.98,46.5,45.98,46.5,6262
2015-12-07,46.01,46.01,45.61,45.68,5056
2015-12-08,44.92,45.04,44.89,45.02,2116
2015-12-09,44.5,44.5,44.5,44.5,513
2015-12-10,44.55,44.76,44.54,44.54,3599
2015-12-11,44.06,44.18,43.59,43.59,4621
2015-12-14,43.72,43.72,43.2,43.37,9187
2015-12-15,43.92,43.92,43.49,43.73,3323
2015-12-16,44.24,44.36,43.76,44.14,1366
2015-12-17,44.33,44.33,43.96,43.98,12166
2015-12-18,43.51,43.51,42.66,42.66,6441
2015-12-21,42.92,43.16,42.75,42.87,2821
2015-12-22,43.03,43.44,42.81,43.44,6795
2015-12-23,43.76,44.0,43.76,43.94,1152
2015-12-24,44.06,44.1,44.01,44.1,629
2015-12-28,43.69,43.77,43.67,43.77,3903
2015-12-29,43.88,45.23,43.7,44.07,34295
2015-12-30,44.06,44.06,43.74,43.79,4144
2015-12-31,43.63,43.63,43.23,43.23,1133
2016-01-04,42.09,42.12,41.89,41.95,29624
2016-01-05,41.97,42.11,41.88,42.11,1526
2016-01-06,41.9,42.02,41.77,41.77,2721
2016-01-07,40.9,41.05,40.42,40.47,4602
2016-01-08,40.53,40.53,39.9,39.91,14564
2016-01-11,39.63,39.78,39.43,39.78,4297
2016-01-12,39.82,39.92,39.34,39.79,5087
2016-01-13,39.54,39.75,38.49,38.73,33481
2016-01-14,38.44,39.25,38.44,38.78,2267
2016-01-15,38.29,38.58,38.01,38.58,6147
2016-01-19,38.77,38.97,38.02,38.32,8629
2016-01-20,37.85,38.69,37.13,38.62,5147
2016-01-21,38.39,38.88,38.39,38.7,1739
2016-01-22,39.05,39.06,38.85,39.04,5556
2016-01-25,38.62,38.68,38.52,38.6,92991
2016-01-26,38.68,39.51,38.68,39.33,7993
2016-01-27,39.34,39.48,39.01,39.03,3114
2016-01-28,39.25,39.29,38.92,39.08,27407
2016-01-29,39.6,40.37,39.6,40.37,3896
2016-02-01,39.92,40.09,39.9,40.02,6795
2016-02-02,39.11,39.25,38.89,38.95,1801
2016-02-03,39.14,39.14,38.24,38.84,1612
2016-02-04,39.25,39.7,39.25,39.38,2283
2016-02-05,38.89,39.0,38.68,38.68,2085
2016-02-08,38.12,38.55,37.94,38.55,7786
2016-02-09,38.64,38.74,38.47,38.47,2605
2016-02-10,38.46,39.02,38.24,38.24,27531
2016-02-11,37.55,38.18,37.54,37.97,4581
2016-02-12,38.41,38.79,38.41,38.79,6739
2016-02-16,38.98,39.4,38.9,39.35,11225
2016-02-17,40.08,40.08,39.74,39.74,1402
2016-02-18,40.0,40.06,39.84,39.84,4129
2016-02-19,39.64,39.98,39.64,39.96,3255
2016-02-22,40.85,40.85,40.56,40.64,2678
2016-02-23,40.33,40.54,40.33,40.35,2959
2016-02-24,39.85,40.74,39.8,40.74,7788
2016-02-25,40.94,40.95,40.67,40.9,2382
2016-02-26,41.06,41.26,41.04,41.22,2127
2016-02-29,41.32,41.52,41.21,41.27,4093
2016-03-01,41.58,42.02,41.51,42.02,6303
2016-03-02,41.82,42.05,41.82,42.05,20384
2016-03-03,42.3,42.59,42.3,42.59,2597
2016-03-04,42.86,43.21,42.86,42.95,2522
2016-03-07,43.04,43.41,43.04,43.41,3116
2016-03-08,42.95,42.95,42.55,42.82,22363
2016-03-09,42.63,42.76,42.38,42.65,3809
2016-03-10,42.62,42.62,41.98,42.12,3033
2016-03-11,42.66,42.93,42.64,42.93,2420
2016-03-14,42.63,42.93,42.63,42.92,3807
2016-03-15,42.31,42.48,42.31,42.38,3083
2016-03-16,42.64,42.88,42.62,42.86,2643
2016-03-17,43.48,43.79,43.48,43.79,1782
2016-03-18,44.22,44.55,44.22,44.55,4490
2016-03-21,44.37,44.49,44.28,44.46,13070
2016-03-22,44.32,44.51,44.23,44.3,6573
2016-03-23,44.27,44.27,43.73,43.73,3901
2016-03-24,43.41,43.75,43.39,43.75,2364
2016-03-28,43.42,43.85,43.4,43.77,9818
2016-03-29,43.88,44.89,43.88,44.89,2078
2016-03-30,44.95,45.03,44.79,45.02,3795
2016-03-31,44.85,45.01,44.85,44.98,2698
2016-04-01,44.44,45.03,44.44,45.03,1979
2016-04-04,44.65,44.65,44.38,44.38,2755
2016-04-05,44.05,44.3,44.05,44.14,1754
2016-04-06,43.74,44.11,43.6,44.11,1619
2016-04-07,43.76,43.93,43.7,43.7,7914
2016-04-08,44.4,44.4,44.01,44.03,2144
2016-04-11,44.25,44.25,44.12,44.12,1356
2016-04-12,44.13,44.62,44.06,44.37,5640
2016-04-13,44.59,45.54,44.58,45.54,11666
2016-04-14,45.43,45.56,45.43,45.56,1634
2016-04-15,45.51,45.77,45.51,45.63,3190
2016-04-18,45.49,45.86,45.29,45.8,3236
2016-04-19,46.26,46.31,46.0,46.12,4617
2016-04-20,46.15,46.29,46.06,46.15,95616
2016-04-21,46.01,46.01,45.46,45.62,3003
2016-04-22,45.84,45.95,45.68,45.92,12504
2016-04-25,45.53,45.53,45.1,45.13,5272
2016-04-26,45.54,45.73,45.24,45.73,1797
2016-04-27,45.98,46.0,45.68,45.74,1987
2016-04-28,45.87,45.87,45.69,45.69,1851
2016-04-29,45.21,45.21,44.84,44.85,1856
2016-05-02,45.0,45.35,45.0,45.32,195656
2016-05-03,45.1,45.1,44.13,44.43,14697
2016-05-04,44.36,44.55,44.02,44.2,4513
2016-05-05,44.45,44.45,44.05,44.24,3218
2016-05-06,44.08,44.38,44.02,44.38,1684
2016-05-09,44.45,44.48,44.33,44.42,1458
2016-05-10,44.71,44.95,44.62,44.95,1084
2016-05-11,44.75,44.97,44.68,44.82,4223
2016-05-12,44.75,44.75,44.18,44.18,2191
2016-05-13,44.14,44.14,44.1,44.1,811
2016-05-16,44.1,44.45,44.1,44.36,1250
2016-05-17,44.11,44.52,43.62,43.62,1953
2016-05-18,43.47,44.03,43.47,43.79,4562
2016-05-19,43.49,43.8,43.22,43.61,6499
2016-05-20,44.2,44.25,44.19,44.25,3359
2016-05-23,44.18,44.36,44.18,44.36,1570
2016-05-24,44.87,45.02,44.87,45.02,852
2016-05-25,45.64,45.71,45.54,45.54,2826
2016-05-26,45.69,45.69,45.47,45.67,1389
2016-05-27,45.83,45.94,45.73,45.86,3233
2016-05-31,45.87,46.09,45.87,46.0,1936
2016-06-01,45.82,46.3,45.82,46.3,1918
2016-06-02,46.32,46.32,46.19,46.19,1078
2016-06-03,46.07,46.17,46.02,46.15,2115
2016-06-06,46.41,46.77,46.41,46.77,21132
2016-06-07,46.91,47.1,46.91,47.1,1217
2016-06-08,47.41,47.41,47.41,47.41,1202
2016-06-09,47.16,47.31,47.16,47.21,1601
2016-06-10,46.88,46.88,46.42,46.5,2503
2016-06-13,46.34,46.34,45.88,45.88,1746
2016-06-14,45.89,45.95,45.63,45.84,2691
2016-06-15,46.0,46.19,45.89,45.89,2190
2016-06-16,45.09,45.64,45.07,45.64,1894
2016-06-17,45.76,45.76,45.76,45.76,343
2016-06-20,46.58,46.58,46.28,46.32,1447
2016-06-21,46.3,46.3,45.98,45.98,604
2016-06-22,46.16,46.16,45.85,45.85,1572
2016-06-23,46.55,46.55,46.55,46.55,707
2016-06-24,45.09,45.1,44.47,44.5,1681
2016-06-27,43.5,43.54,43.17,43.25,1955
2016-06-28,43.62,43.62,43.48,43.48,1245
2016-06-29,44.27,44.5,44.26,44.5,1429
2016-06-30,44.66,45.5,44.66,45.5,1941
2016-07-01,46.01,46.01,45.77,45.84,6166
2016-07-05,45.13,45.13,45.02,45.02,867
2016-07-06,45.09,45.45,45.09,45.45,7297
2016-07-07,45.81,46.03,45.51,45.65,13049
2016-07-08,46.24,46.88,46.24,46.88,2537
2016-07-11,47.21,47.55,47.21,47.55,2689
2016-07-12,47.42,48.26,47.42,48.12,12388
2016-07-13,48.25,48.25,47.88,48.08,3205
2016-07-14,48.33,48.42,48.15,48.15,3090
2016-07-15,48.22,48.28,48.2,48.21,1989
2016-07-18,48.47,48.49,48.22,48.31,2113
2016-07-19,48.14,48.14,47.89,47.93,1184
2016-07-20,48.12,48.2,48.06,48.06,1193
2016-07-21,47.83,47.83,47.64,47.64,736
2016-07-22,47.67,48.03,47.64,47.96,1305
2016-07-25,48.05,48.05,48.05,48.05,752
2016-07-26,48.46,48.55,48.46,48.55,2032
2016-07-27,48.6,48.7,48.41,48.61,2531
2016-07-28,48.31,48.32,48.19,48.32,1421
2016-07-29,48.47,48.47,48.15,48.18,3874
2016-08-02,48.35,48.35,47.6,47.6,1248
2016-08-03,47.61,47.85,47.61,47.73,2882
2016-08-04,48.04,48.06,48.04,48.06,639
2016-08-05,48.35,48.77,48.35,48.77,1045
2016-08-08,48.83,48.84,48.54,48.54,4209
2016-08-09,48.53,48.53,48.44,48.5,2931
2016-08-10,48.39,48.39,48.39,48.39,503
2016-08-11,48.57,48.84,48.57,48.81,2181
2016-08-12,48.72,48.72,48.47,48.58,803
2016-08-15,48.91,49.14,48.91,49.09,1674
2016-08-16,49.01,49.12,48.96,48.96,46267
2016-08-17,48.9,48.94,48.84,48.9,1628
2016-08-18,48.74,49.28,48.74,49.27,66975
2016-08-19,49.34,49.34,49.34,49.34,638
2016-08-22,49.23,49.51,49.23,49.51,1443
2016-08-23,49.42,50.12,49.42,50.0,2728
2016-08-24,50.04,50.16,49.85,49.9,2159
2016-08-25,49.8,50.02,49.8,49.92,1386
2016-08-26,50.13,50.13,49.45,49.45,2657
2016-08-29,49.92,49.92,49.89,49.89,994
2016-08-30,49.82,50.16,49.82,50.02,33171
2016-08-31,49.64,49.69,49.42,49.64,4052
2016-09-01,49.69,49.89,49.27,49.89,31989
2016-09-02,50.18,50.18,50.18,50.18,1976
2016-09-06,49.97,50.23,49.97,50.16,4339
2016-09-07,50.18,50.45,50.13,50.45,1319
2016-09-08,50.2,50.32,50.2,50.26,1143
2016-09-09,49.47,49.47,48.72,48.77,4437
2016-09-12,48.2,49.08,48.2,48.97,2175
2016-09-13,48.5,48.5,48.0,48.0,2975
2016-09-14,48.22,48.22,47.75,47.75,776
2016-09-15,48.2,48.22,48.2,48.22,567
2016-09-16,48.06,48.19,47.98,48.07,1300
2016-09-19,48.16,48.67,48.16,48.49,2432
2016-09-20,48.37,48.57,48.29,48.29,1587
2016-09-21,48.52,48.87,48.47,48.87,2523
2016-09-22,49.33,49.55,49.33,49.52,2262
2016-09-23,49.4,49.4,49.3,49.32,2101
2016-09-26,48.95,49.12,48.88,48.88,1062
2016-09-27,48.82,49.07,48.82,49.03,1656
2016-09-28,49.53,49.53,49.53,49.53,583
2016-09-29,49.56,49.61,49.23,49.25,5968
2016-09-30,49.34,49.75,49.34,49.75,1925
2016-10-03,49.34,49.66,49.34,49.63,3665
2016-10-04,49.77,49.77,49.36,49.36,4222
2016-10-05,49.86,49.89,49.69,49.69,3380
2016-10-06,49.59,49.81,49.34,49.81,6528
2016-10-07,49.62,49.62,48.98,49.12,16019
2016-10-10,49.51,49.51,49.41,49.44,1186
2016-10-11,48.65,48.65,48.36,48.48,1527
2016-10-12,48.49,48.75,48.49,48.69,1337
2016-10-13,48.0,48.25,48.0,48.25,1507
2016-10-14,48.35,48.46,48.35,48.41,1466
2016-10-17,48.15,48.15,48.04,48.04,1165
2016-10-18,48.55,48.55,48.1,48.26,2955
2016-10-19,48.05,48.32,48.05,48.26,93520
2016-10-20,47.79,48.01,47.79,47.96,1476
2016-10-21,47.62,47.83,47.52,47.83,5846
2016-10-24,48.2,48.25,48.0,48.18,10623
2016-10-25,48.11,48.11,47.45,47.53,71806
2016-10-26,47.49,47.87,47.39,47.41,4210
2016-10-27,47.41,47.45,46.89,46.89,4320
2016-10-28,47.15,47.34,46.96,47.04,1759
2016-10-31,47.02,47.54,47.02,47.54,2509
2016-11-01,47.5,47.5,46.58,46.74,10898
2016-11-02,46.83,46.83,46.44,46.59,33955
2016-11-03,46.6,46.64,46.43,46.43,1656
2016-11-04,46.75,46.96,46.72,46.73,1703
2016-11-07,47.8,47.91,47.76,47.9,6966
2016-11-08,47.66,48.26,47.57,48.18,3657
2016-11-09,49.84,50.15,48.14,50.15,14688
2016-11-10,50.81,51.91,50.81,51.8,38820
2016-11-11,52.23,53.05,52.18,52.77,18725
2016-11-14,53.73,54.15,53.36,53.72,34188
2016-11-15,54.4,54.4,53.34,53.86,16129
2016-11-16,53.66,53.89,53.5,53.89,10362
2016-11-17,54.5,54.5,53.96,54.05,17542
2016-11-18,54.19,54.49,54.08,54.45,19425
2016-11-21,54.79,54.79,54.2,54.4,60303
2016-11-22,55.04,55.33,54.76,55.33,10337
2016-11-23,55.39,55.87,55.35,55.87,8824
2016-11-25,56.15,56.19,55.75,56.11,6971
2016-11-28,56.55,56.55,55.43,55.48,6699
2016-11-29,55.47,55.51,55.09,55.18,6178
2016-11-30,55.66,56.46,54.83,55.0,9511
2016-12-01,55.27,57.43,54.82,55.03,46261
2016-12-02,54.71,55.08,54.66,54.82,11289
2016-12-05,54.9,55.72,54.9,55.6,21740
2016-12-06,56.24,56.77,55.44,56.33,64386
2016-12-07,56.66,57.15,55.93,57.02,21078
2016-12-08,57.38,57.63,56.95,57.63,14556
2016-12-09,57.92,57.92,57.4,57.57,9188
2016-12-12,57.57,57.9,56.99,57.18,18177
2016-12-13,57.69,57.69,56.52,56.77,15497
2016-12-14,56.88,56.88,56.0,56.04,5439
2016-12-15,56.09,56.93,55.86,56.56,23822
2016-12-16,56.48,56.71,55.93,55.95,11945
2016-12-19,56.06,56.24,55.82,55.95,16385
2016-12-20,56.42,56.78,56.28,56.78,16910
2016-12-21,57.02,57.02,56.37,56.55,7245
2016-12-22,56.35,56.35,55.64,55.88,8385
2016-12-23,55.88,56.08,55.81,55.96,3548
2016-12-27,56.47,56.47,56.22,56.42,9660
2016-12-28,56.59,56.67,55.54,55.57,16888
2016-12-29,55.92,55.92,55.5,55.82,36377
2016-12-30,55.59,55.67,55.32,55.32,27129
2017-01-03,56.24,56.24,55.45,55.96,12503
2017-01-04,56.28,56.55,56.12,56.51,13596
2017-01-05,56.5,56.5,55.48,55.62,7811
2017-01-06,55.79,55.79,55.25,55.25,15925
2017-01-09,55.06,55.06,54.59,54.61,8140
2017-01-10,55.05,55.58,55.05,55.53,5859
2017-01-11,55.32,55.96,55.32,55.96,4866
2017-01-12,56.45,56.45,54.64,55.33,9095
2017-01-13,56.06,56.19,55.85,55.97,7163
2017-01-17,56.42,56.42,54.97,55.05,16795
2017-01-18,55.24,55.36,55.12,55.36,10814
2017-01-19,55.38,55.38,54.75,54.77,6011
2017-01-20,54.76,55.23,54.76,54.91,7984
2017-01-23,54.59,55.01,54.41,54.76,10297
2017-01-24,55.23,56.04,55.08,55.9,7684
2017-01-25,56.43,56.75,56.43,56.66,12293
2017-01-26,56.7,56.7,56.1,56.15,6490
2017-01-27,56.39,56.39,55.82,56.02,12836
2017-01-30,55.06,55.49,55.0,55.35,5506
2017-01-31,55.01,55.53,54.89,55.53,3337
2017-02-01,55.85,55.85,55.31,55.35,5459
2017-02-02,55.55,55.55,54.94,54.94,7434
2017-02-03,55.48,56.16,55.48,56.16,12020
2017-02-06,56.05,56.05,55.48,55.53,2959
2017-02-07,55.64,55.8,55.25,55.25,26444
2017-02-08,55.43,55.43,54.61,55.04,10769
2017-02-09,54.9,56.16,54.9,55.99,8030
2017-02-10,56.77,56.77,56.15,56.61,14028
2017-02-13,56.58,57.14,56.58,56.8,15758
2017-02-14,56.36,56.61,56.27,56.5,9396
2017-02-15,56.7,57.08,56.53,56.88,8049
2017-02-16,57.08,57.08,56.39,56.98,7514
2017-02-17,56.5,56.75,56.38,56.67,6320
2017-02-21,56.4,57.17,56.4,57.17,5123
2017-02-22,56.78,56.8,56.44,56.57,37248
2017-02-23,56.6,56.6,55.71,55.99,10469
2017-02-24,55.55,56.53,55.55,56.53,2575
2017-02-27,56.53,57.26,56.53,57.26,3467
2017-02-28,56.67,56.74,56.18,56.18,6632
2017-03-01,57.34,57.69,57.34,57.66,74805
2017-03-02,57.33,57.4,56.61,56.61,4748
2017-03-03,56.34,56.55,56.34,56.4,2396
2017-03-06,56.21,56.21,55.93,55.93,4712
2017-03-07,55.73,55.97,55.58,55.58,20023
2017-03-08,55.84,56.13,55.2,55.2,16145
2017-03-09,55.2,55.22,54.59,54.62,9263
2017-03-10,55.02,55.32,54.73,55.15,7254
2017-03-13,54.98,55.6,54.98,55.43,206301
2017-03-14,55.15,55.35,54.66,55.05,32400
2017-03-15,55.25,56.22,55.25,56.09,40855
2017-03-16,56.12,56.22,55.82,55.87,22602
2017-03-17,56.27,56.59,55.94,56.53,12161
2017-03-20,56.33,56.33,55.94,56.0,12298
2017-03-21,56.08,56.08,54.64,54.64,20311
2017-03-22,54.5,54.73,53.92,54.37,22645
2017-03-23,54.36,54.98,54.36,54.69,10410
2017-03-24,54.72,54.96,54.12,54.45,4576
2017-03-27,54.06,55.43,53.5,54.26,24179
2017-03-28,53.9,54.75,53.83,54.66,9066
2017-03-29,54.61,54.87,54.52,54.87,3562
2017-03-30,55.13,55.41,55.01,55.41,3764
2017-03-31,55.38,55.96,55.38,55.81,4915
2017-04-03,55.83,55.83,54.49,54.7,4237
2017-04-04,54.53,54.73,54.29,54.45,2484
2017-04-05,54.87,54.87,54.03,54.03,12105
2017-04-06,54.07,54.47,53.89,54.33,3414
2017-04-07,54.28,54.62,54.26,54.45,5244
2017-04-10,55.11,55.11,54.8,55.01,4773
2017-04-11,54.9,55.29,54.62,55.23,4910
2017-04-12,55.16,55.16,54.14,54.24,6574
2017-04-13,54.2,54.2,53.38,53.52,13662
2017-04-17,53.77,54.13,53.57,54.13,46627
2017-04-18,53.76,54.34,53.76,54.34,10797
2017-04-19,54.34,54.93,54.34,54.68,3153
2017-04-20,55.26,55.56,54.79,55.45,7145
2017-04-21,55.7,55.8,55.4,55.64,5254
2017-04-24,56.88,56.88,56.37,56.6,6126
2017-04-25,57.1,57.52,57.1,57.13,6999
2017-04-26,57.14,57.75,56.97,57.33,6886
2017-04-27,57.75,57.82,57.58,57.8,26581
2017-04-28,57.76,57.76,57.02,57.09,6861
2017-05-01,56.8,57.2,56.8,57.2,6000
2017-05-02,57.24,57.27,56.81,56.92,9810
2017-05-03,56.61,56.67,56.34,56.57,7996
2017-05-04,56.76,56.76,56.14,56.37,1856
2017-05-05,56.34,56.46,56.23,56.34,4630
2017-05-08,56.58,56.58,56.05,56.1,4265
2017-05-09,56.18,56.22,55.78,56.0,5640
2017-05-10,56.04,56.17,55.5,56.13,8511
2017-05-11,55.28,55.83,55.12,55.83,3234
2017-05-12,55.36,55.36,54.89,55.1,28489
2017-05-15,54.78,55.68,54.78,55.46,6767
2017-05-16,55.29,55.53,55.11,55.53,4153
2017-05-17,54.72,54.73,53.96,54.0,5850
2017-05-18,53.63,54.13,53.62,54.05,4194
2017-05-19,53.89,54.78,53.89,54.47,9980
2017-05-22,54.63,54.7,54.37,54.56,10342
2017-05-23,54.73,55.08,54.5,54.87,5029
2017-05-24,54.94,55.48,54.81,55.0,8044
2017-05-25,55.15,55.5,54.98,55.5,5913
2017-05-26,55.31,55.38,55.07,55.22,2211
2017-05-30,54.98,55.12,54.95,55.01,2477
2017-05-31,54.96,55.18,54.3,55.14,2644
2017-06-01,55.19,56.03,55.19,55.95,8242
2017-06-02,56.4,57.38,56.4,57.16,3698
2017-06-05,56.89,56.89,56.53,56.61,2540
2017-06-06,56.13,56.24,55.85,56.21,4171
2017-06-07,56.2,56.26,55.94,56.26,3733
2017-06-08,56.45,57.15,56.45,57.06,22106
2017-06-09,57.32,57.8,57.3,57.52,51148
2017-06-12,57.48,57.97,57.11,57.24,8141
2017-06-13,57.75,57.85,57.29,57.29,3536
2017-06-14,56.99,57.01,56.66,56.66,2727
2017-06-15,56.72,57.09,56.71,57.09,23109
2017-06-16,56.45,56.63,56.29,56.63,6328
2017-06-19,56.62,56.92,56.46,56.92,1714
2017-06-20,56.16,56.34,56.14,56.16,3723
2017-06-21,55.97,56.1,55.52,55.6,4305
2017-06-22,55.28,55.81,55.28,55.69,4393
2017-06-23,55.82,56.12,55.69,56.12,11470
2017-06-26,56.18,56.31,55.81,55.95,5796
2017-06-27,55.89,55.99,55.46,55.49,2108
2017-06-28,55.41,56.55,55.41,56.55,815
2017-06-29,56.38,56.38,55.72,55.94,2118
2017-06-30,56.28,56.65,56.25,56.57,3560
2017-07-03,56.44,57.27,56.44,57.27,1996
2017-07-05,56.81,56.9,56.57,56.9,1568
2017-07-06,56.44,56.6,55.84,55.84,3383
2017-07-07,56.03,56.84,56.03,56.71,3518
2017-07-10,56.33,56.77,56.18,56.44,5170
2017-07-11,56.21,56.54,55.9,56.54,2538
2017-07-12,56.57,57.06,56.57,56.83,12733
2017-07-13,56.73,57.09,56.38,56.83,3814
2017-07-14,56.63,57.18,56.63,57.01,4302
2017-07-17,56.87,57.38,56.87,57.2,11315
2017-07-18,56.98,57.14,56.84,56.94,4396
2017-07-19,57.57,57.63,57.39,57.58,3824
2017-07-20,57.64,57.87,57.45,57.63,4087
2017-07-21,57.41,57.51,57.21,57.21,1644
2017-07-24,56.92,57.1,56.82,57.09,2437
2017-07-25,57.39,59.44,57.17,57.49,2320
2017-07-26,57.52,57.56,56.9,57.04,2540
2017-07-27,56.74,56.77,56.28,56.28,8839
2017-07-28,56.16,56.44,56.15,56.44,3793
2017-07-31,56.24,56.44,56.21,56.44,3321
2017-08-01,56.37,56.61,56.27,56.44,5612
