Date,Open,High,Low,Close,Volume
2014-03-21,20.8,21.18,18.0,18.12,255110
2014-03-24,18.5,18.75,16.88,16.9,44861
2014-03-25,18.1,18.22,17.5,17.82,37733
2014-03-26,17.88,18.1,17.0,17.32,22537
2014-03-27,18.1,18.1,16.88,16.88,28318
2014-03-28,16.92,17.62,16.63,17.3,26262
2014-03-31,17.48,17.62,17.0,17.1,8744
2014-04-01,16.98,17.12,16.28,16.88,32336
2014-04-02,16.88,17.5,16.88,17.5,16782
2014-04-03,17.65,17.72,17.02,17.48,16337
2014-04-04,17.3,17.45,17.0,17.25,6438
2014-04-07,17.88,17.88,17.0,17.22,6755
2014-04-08,16.95,17.6,16.95,17.48,7593
2014-04-09,17.22,17.88,17.22,17.85,23186
2014-04-10,17.8,17.82,16.95,17.62,9507
2014-04-11,17.42,17.88,17.42,17.88,7344
2014-04-14,17.82,17.88,17.42,17.58,4430
2014-04-15,17.35,17.48,17.0,17.11,20196
2014-04-16,17.08,17.6,16.62,16.9,17328
2014-04-17,17.08,17.55,16.88,17.5,11192
2014-04-21,17.1,17.35,17.0,17.32,8276
2014-04-22,17.15,17.2,17.0,17.18,5791
2014-04-23,17.18,17.48,17.18,17.48,4500
2014-04-24,17.49,17.49,17.12,17.4,5246
2014-04-25,17.2,17.35,17.0,17.35,10605
2014-04-28,17.08,17.42,16.75,17.42,9408
2014-04-29,17.02,17.32,16.9,17.28,7247
2014-04-30,17.0,17.25,16.68,17.12,56964
2014-05-01,17.45,17.45,16.08,16.85,9820
2014-05-02,17.12,17.12,16.0,16.12,10590
2014-05-05,16.58,16.58,15.78,15.88,3675
2014-05-06,15.98,16.5,15.98,16.1,2990
2014-05-07,16.0,16.0,15.5,15.7,4462
2014-05-08,15.18,15.62,14.92,15.48,8386
2014-05-09,15.55,16.03,15.3,15.75,4385
2014-05-12,15.75,16.32,15.75,15.92,1980
2014-05-13,16.0,16.05,15.38,15.75,1452
2014-05-14,15.95,17.25,15.38,16.6,26216
2014-05-15,16.75,17.38,16.62,16.75,12200
2014-05-16,17.12,17.12,16.5,16.5,6397
2014-05-19,16.38,16.65,16.38,16.38,7638
2014-05-20,16.5,16.5,16.38,16.4,1952
2014-05-21,16.4,17.08,16.38,17.08,9364
2014-05-22,16.75,16.75,15.85,15.85,1506
2014-05-23,16.3,16.4,15.78,15.78,9446
2014-05-27,15.9,15.9,15.25,15.72,8625
2014-05-28,15.8,15.8,14.92,15.15,16896
2014-05-29,15.12,15.82,15.12,15.8,10646
2014-05-30,16.12,16.12,15.88,15.88,2278
2014-06-02,15.78,16.55,15.78,16.28,1660
2014-06-03,16.38,16.98,16.38,16.62,2028
2014-06-04,16.4,16.85,15.65,15.68,8064
2014-06-05,15.92,15.92,15.8,15.89,1805
2014-06-06,15.9,16.82,15.9,16.05,3183
2014-06-09,15.75,16.76,15.75,16.45,4693
2014-06-10,15.78,17.0,15.78,16.95,3014
2014-06-11,16.85,16.85,16.3,16.7,594
2014-06-12,16.8,17.12,16.58,16.88,4535
2014-06-13,15.78,16.99,15.78,16.85,6272
2014-06-16,17.12,17.12,16.25,17.1,4948
2014-06-17,16.9,16.9,16.25,16.6,3854
2014-06-18,17.12,17.12,15.91,16.35,8667
2014-06-19,16.88,16.88,16.25,16.52,7438
2014-06-20,16.25,16.58,14.38,14.38,20967
2014-06-23,15.5,15.68,14.75,15.0,15178
2014-06-24,15.38,16.2,15.0,15.54,4940
2014-06-25,15.72,16.12,15.0,15.22,9063
2014-06-26,16.12,16.25,15.75,16.18,4768
2014-06-27,16.18,16.25,15.68,15.68,9672
2014-06-30,16.22,16.22,14.9,14.98,12854
2014-07-01,15.82,15.82,15.02,15.32,730
2014-07-02,14.98,15.38,14.98,15.0,2540
2014-07-03,14.95,15.42,14.95,15.42,132
2014-07-07,15.52,15.55,15.5,15.5,604
2014-07-08,15.45,15.5,15.0,15.0,2438
2014-07-09,14.98,15.15,14.88,14.88,616
2014-07-10,15.0,15.0,14.5,14.5,4216
2014-07-11,14.58,15.22,14.58,14.75,7230
2014-07-14,15.0,16.22,14.62,14.68,8289
2014-07-15,14.92,15.5,14.38,14.38,8443
2014-07-16,15.95,15.95,14.5,15.0,4377
2014-07-17,15.0,15.08,14.52,14.55,4597
2014-07-18,14.82,14.82,13.8,13.8,24755
2014-07-21,13.82,13.83,13.12,13.52,4211
2014-07-22,13.75,13.75,13.12,13.22,9648
2014-07-23,13.1,13.3,12.5,12.62,19543
2014-07-24,12.58,14.95,12.58,13.55,4648
2014-07-25,14.38,15.32,14.38,15.05,10605
2014-07-28,15.88,15.88,14.0,14.08,3377
2014-07-29,14.05,15.4,14.0,15.4,6589
2014-07-30,15.13,15.2,14.25,14.25,3354
2014-07-31,13.75,14.22,13.5,13.52,3555
2014-08-01,13.75,14.38,13.6,14.0,3268
2014-08-04,14.65,14.75,13.5,13.92,2398
2014-08-05,13.5,14.27,13.0,13.0,8389
2014-08-06,14.38,14.6,13.12,13.25,11885
2014-08-07,13.1,14.4,13.08,13.32,715
2014-08-08,13.05,13.38,13.0,13.0,16648
2014-08-11,13.28,13.55,13.28,13.55,316
2014-08-12,13.5,13.55,13.12,13.5,1938
2014-08-13,13.3,13.98,12.9,12.9,3346
2014-08-14,13.62,13.88,13.25,13.32,2518
2014-08-15,13.3,13.5,13.12,13.5,5700
2014-08-18,13.12,13.62,13.12,13.4,3557
2014-08-19,13.28,13.67,13.12,13.58,7416
2014-08-20,13.4,14.42,13.39,14.0,12857
2014-08-21,13.92,13.92,13.02,13.65,10875
2014-08-22,13.98,14.04,13.02,13.1,13564
2014-08-25,13.7,13.74,12.65,13.02,6012
2014-08-26,13.15,13.38,12.72,13.0,5226
2014-08-27,13.28,13.28,12.55,12.55,8468
2014-08-28,12.98,12.98,12.5,12.65,6545
2014-08-29,12.85,13.75,12.68,13.0,15349
2014-09-02,13.42,14.38,13.42,14.38,10353
2014-09-03,14.45,14.45,13.8,14.35,9273
2014-09-04,14.38,14.38,13.22,13.22,4038
2014-09-05,13.8,13.8,13.15,13.5,2760
2014-09-08,13.68,13.68,13.22,13.4,704
2014-09-09,13.55,13.7,13.22,13.65,2677
2014-09-10,13.7,13.7,13.12,13.12,3057
2014-09-11,13.2,13.65,13.02,13.25,5406
2014-09-12,12.4,13.5,12.12,12.65,18559
2014-09-15,12.58,12.7,12.45,12.45,1249
2014-09-16,12.2,12.35,11.75,11.75,11342
2014-09-17,12.0,12.18,11.3,11.5,5203
2014-09-18,10.12,12.08,10.12,11.5,4850
2014-09-19,10.9,12.0,10.9,11.5,4084
2014-09-22,12.02,12.5,11.58,11.82,13574
2014-09-23,12.62,12.62,11.5,11.5,3779
2014-09-24,11.75,12.35,11.0,12.32,1670
2014-09-25,12.6,12.6,12.08,12.5,2545
2014-09-26,12.5,12.5,11.63,12.05,2321
2014-09-29,11.72,11.75,11.52,11.6,737
2014-09-30,11.58,12.18,11.58,12.1,1914
2014-10-01,12.6,14.12,12.6,14.12,23757
2014-10-02,14.25,14.25,13.44,13.75,10483
2014-10-03,12.05,14.12,12.05,13.72,13393
2014-10-06,14.05,14.05,12.5,12.5,4980
2014-10-07,12.38,12.62,11.58,11.82,3896
2014-10-08,11.22,12.62,11.12,12.13,11283
2014-10-09,12.45,12.45,10.7,11.7,9343
2014-10-10,11.25,11.55,10.8,11.15,9340
2014-10-13,11.22,13.72,11.22,12.25,52346
2014-10-14,13.38,13.38,10.9,11.15,22691
2014-10-15,10.8,11.25,10.08,10.82,13378
2014-10-16,10.38,11.8,10.38,11.78,6698
2014-10-17,11.32,11.82,10.6,10.6,5672
2014-10-20,10.62,12.15,10.51,11.48,6760
2014-10-21,10.75,12.5,10.75,12.35,7133
2014-10-22,11.58,12.25,11.32,11.82,4869
2014-10-23,11.37,12.18,11.36,11.58,2490
2014-10-24,11.65,12.25,11.58,11.7,2935
2014-10-27,11.75,11.8,11.58,11.6,2776
2014-10-28,11.58,11.88,10.87,10.9,10788
2014-10-29,10.5,11.08,10.3,10.58,17960
2014-10-30,10.27,11.12,10.05,10.7,4644
2014-10-31,10.8,10.98,10.25,10.64,2454
2014-11-03,10.5,10.85,10.15,10.45,1456
2014-11-04,10.98,10.98,10.5,10.62,2498
2014-11-05,10.65,10.9,10.65,10.88,1962
2014-11-06,10.5,11.0,10.5,10.78,1890
2014-11-07,10.58,10.95,10.57,10.72,6540
2014-11-10,10.65,10.9,10.62,10.88,4741
2014-11-11,10.72,10.94,10.52,10.8,5371
2014-11-12,10.88,13.4,10.8,12.08,51848
2014-11-13,11.4,11.48,10.5,11.0,21471
2014-11-14,10.7,11.2,10.5,10.98,15586
2014-11-17,10.85,11.18,10.85,11.18,7052
2014-11-18,11.25,11.38,11.08,11.28,2280
2014-11-19,10.78,11.38,10.7,11.38,2008
2014-11-20,10.88,10.88,10.22,10.35,7775
2014-11-21,10.15,10.32,9.78,10.02,6049
2014-11-24,9.9,10.25,9.9,10.2,6301
2014-11-25,10.12,10.32,10.0,10.0,9642
2014-11-26,10.0,10.32,9.78,9.98,24800
2014-11-28,10.0,10.22,9.75,10.2,7632
2014-12-01,10.17,10.5,9.82,10.42,22582
2014-12-02,10.22,10.41,10.18,10.25,1187
2014-12-03,10.32,10.5,10.2,10.32,2510
2014-12-04,10.13,10.28,10.12,10.12,1382
2014-12-05,10.38,10.42,9.95,10.12,6270
2014-12-08,10.6,10.6,10.05,10.25,2141
2014-12-09,10.48,10.48,10.0,10.35,1160
2014-12-10,10.0,10.19,10.0,10.08,560
2014-12-11,10.05,10.42,10.0,10.0,6082
2014-12-12,10.0,10.08,9.58,9.58,9291
2014-12-15,9.82,10.22,9.25,9.42,4846
2014-12-16,9.45,9.45,8.52,8.92,5280
2014-12-17,8.88,9.08,8.88,9.08,992
2014-12-18,8.8,8.82,8.78,8.81,761
2014-12-19,9.05,9.18,8.75,8.8,2461
2014-12-22,8.82,9.15,8.8,8.8,2136
2014-12-23,8.85,8.89,8.8,8.87,1087
2014-12-24,8.9,9.12,8.52,9.12,9318
2014-12-26,8.45,9.1,8.28,8.4,19159
2014-12-29,8.4,8.85,8.4,8.55,5296
2014-12-30,8.68,8.75,8.6,8.7,1967
2014-12-31,8.75,9.1,8.75,8.75,14826
2015-01-02,8.78,8.8,8.78,8.8,3329
2015-01-05,8.75,8.98,8.75,8.8,2768
2015-01-06,8.9,8.97,8.9,8.9,2400
2015-01-07,8.78,8.98,8.78,8.82,2421
2015-01-08,8.93,8.93,8.88,8.88,160
2015-01-09,8.82,9.12,8.82,9.08,8115
2015-01-12,9.0,9.08,8.98,8.98,2366
2015-01-13,9.02,9.02,8.96,8.98,6743
2015-01-14,9.02,9.2,9.0,9.2,3397
2015-01-15,9.22,9.65,9.18,9.18,5480
2015-01-16,8.94,10.32,8.94,9.65,1510
2015-01-20,9.8,10.0,8.9,9.85,4968
2015-01-21,9.5,10.12,9.29,9.38,7778
2015-01-22,9.42,10.4,9.02,10.4,5636
2015-01-23,9.78,10.3,9.2,10.3,5607
2015-01-26,9.95,10.68,9.92,10.5,2015
2015-01-27,10.12,11.25,10.0,10.82,5576
2015-01-28,11.25,11.25,9.92,10.65,20869
2015-01-29,10.25,10.75,10.18,10.25,4808
2015-01-30,10.75,10.78,9.98,10.22,4974
2015-02-02,9.68,10.5,9.68,9.92,5456
2015-02-03,10.02,10.22,9.95,10.22,2758
2015-02-04,10.02,11.18,10.0,11.18,12310
2015-02-05,11.18,11.18,10.62,10.68,2400
2015-02-06,10.12,10.92,10.12,10.2,1854
2015-02-09,10.02,10.15,10.02,10.02,760
2015-02-10,10.22,10.55,9.9,10.5,978
2015-02-11,10.12,10.12,10.1,10.1,160
2015-02-12,10.02,10.3,10.02,10.3,706
2015-02-13,10.5,10.5,10.5,10.5,460
2015-02-17,10.3,10.3,9.8,9.8,200
2015-02-18,10.2,10.2,9.75,9.75,5104
2015-02-19,9.88,11.6,9.88,10.22,41450
2015-02-20,10.38,10.47,9.82,10.15,5540
2015-02-23,10.38,10.45,10.15,10.42,596
2015-02-24,10.5,10.5,10.0,10.05,4300
2015-02-25,9.78,10.19,9.78,10.0,3799
2015-02-26,9.95,9.95,9.8,9.82,2285
2015-02-27,9.88,9.9,9.62,9.68,3960
2015-03-02,11.2,11.2,9.82,9.82,443
2015-03-03,9.78,9.78,9.68,9.68,1042
2015-03-04,9.74,9.74,9.4,9.48,751
2015-03-05,9.5,11.08,9.5,9.85,2815
2015-03-06,10.5,10.52,10.02,10.19,3681
2015-03-09,10.08,10.1,9.45,9.97,8918
2015-03-10,9.88,9.88,9.13,9.5,1885
2015-03-11,9.48,9.6,9.18,9.18,656
2015-03-12,9.15,9.6,9.15,9.5,3287
2015-03-13,9.8,9.85,9.78,9.78,960
2015-03-16,11.38,11.38,10.0,10.82,12020
2015-03-17,10.55,10.96,10.52,10.6,3474
2015-03-18,10.61,10.75,9.52,10.0,4251
2015-03-19,10.05,10.18,10.05,10.05,2262
2015-03-20,10.48,10.5,10.18,10.25,4734
2015-03-23,10.55,10.62,10.25,10.58,3632
2015-03-24,10.3,10.6,10.28,10.6,220
2015-03-25,10.28,10.28,9.08,9.08,7037
2015-03-26,9.12,9.53,8.65,9.42,2570
2015-03-27,9.0,9.02,8.38,8.52,6856
2015-03-30,8.25,8.75,8.12,8.5,4371
2015-03-31,8.48,8.68,8.25,8.6,5942
2015-04-01,8.28,8.4,8.28,8.38,320
2015-04-02,8.57,8.62,8.5,8.62,1069
2015-04-06,8.6,8.6,7.92,8.03,960
2015-04-07,8.13,8.13,7.25,8.0,2442
2015-04-08,8.1,8.38,8.1,8.22,958
2015-04-09,8.32,9.22,8.15,8.22,2590
2015-04-10,9.1,9.1,8.55,9.0,484
2015-04-13,8.55,8.6,8.22,8.38,2480
2015-04-14,8.08,8.08,8.08,8.08,400
2015-04-15,8.38,9.85,8.35,8.75,7984
2015-04-16,8.9,9.65,8.9,9.35,3778
2015-04-17,9.2,9.2,9.0,9.0,320
2015-04-20,8.72,9.48,8.72,9.48,2251
2015-04-21,9.58,9.85,8.58,9.85,5083
2015-04-22,9.88,10.7,8.78,9.18,6643
2015-04-23,9.2,9.22,8.68,9.22,560
2015-04-24,9.25,9.47,9.15,9.22,2954
2015-04-27,9.48,9.48,9.17,9.2,1399
2015-04-28,8.82,8.85,8.6,8.65,4256
2015-04-29,9.0,9.0,8.8,8.8,280
2015-04-30,8.68,8.75,8.38,8.38,1414
2015-05-01,8.88,9.0,8.5,8.75,1953
2015-05-04,8.98,9.7,8.98,9.32,2268
2015-05-05,9.52,10.11,9.28,10.0,6363
2015-05-06,9.78,10.0,9.0,9.7,7904
2015-05-07,9.15,9.48,8.75,9.0,6544
2015-05-08,9.62,9.95,9.12,9.12,802
2015-05-11,9.55,10.12,9.38,9.62,3073
2015-05-12,9.25,9.3,9.12,9.25,2365
2015-05-13,9.88,10.3,9.75,10.3,8830
2015-05-14,10.18,10.25,9.52,10.05,3360
2015-05-15,10.18,10.18,10.1,10.1,432
2015-05-18,9.8,9.88,9.62,9.62,620
2015-05-19,9.42,9.93,9.15,9.32,1604
2015-05-20,9.82,10.0,9.55,9.62,943
2015-05-21,10.25,10.25,9.92,9.98,2720
2015-05-22,10.04,10.04,10.0,10.02,280
2015-05-26,10.0,10.25,9.78,10.18,3581
2015-05-27,10.15,10.15,9.18,9.25,4731
2015-05-28,9.5,10.38,9.5,10.08,4480
2015-05-29,10.18,10.18,9.38,9.92,2678
2015-06-01,10.02,10.02,9.35,10.0,856
2015-06-02,9.38,10.6,9.38,10.12,3957
2015-06-03,10.47,10.5,9.4,9.52,18958
2015-06-04,10.15,12.12,10.0,10.52,96234
2015-06-05,11.5,11.72,10.15,10.5,27754
2015-06-08,10.6,11.25,10.6,10.86,8201
2015-06-09,10.65,10.95,10.1,10.35,9675
2015-06-10,10.33,10.55,10.2,10.2,4298
2015-06-11,10.18,10.5,9.7,9.7,4988
2015-06-12,10.28,10.5,10.0,10.12,14186
2015-06-15,11.08,12.82,10.72,12.65,237460
2015-06-16,14.55,14.55,11.41,11.8,126562
2015-06-17,12.45,12.45,11.08,11.95,48932
2015-06-18,12.84,12.84,11.12,11.21,32540
2015-06-19,11.6,11.6,10.2,10.35,34923
2015-06-22,10.03,10.96,9.62,10.86,87202
2015-06-23,10.8,10.9,10.51,10.87,24424
2015-06-24,10.69,11.39,10.69,11.0,45101
2015-06-25,11.2,11.38,10.21,11.0,34914
2015-06-26,11.0,11.0,9.75,9.75,52407
2015-06-29,9.77,10.16,9.15,9.36,20646
2015-06-30,9.72,9.79,8.04,9.6,57761
2015-07-01,9.41,9.83,9.15,9.15,8169
2015-07-02,9.49,9.61,8.34,8.34,17779
2015-07-06,9.13,9.13,8.65,9.05,3807
2015-07-07,9.09,9.1,8.29,8.82,13175
2015-07-08,8.87,8.87,8.4,8.41,4362
2015-07-09,8.4,8.4,8.05,8.05,18976
2015-07-10,8.22,8.4,7.81,8.4,48687
2015-07-13,8.22,8.5,8.14,8.44,4916
2015-07-14,8.31,8.6,7.76,8.59,17372
2015-07-15,8.45,8.45,8.15,8.17,1984
2015-07-16,8.22,8.22,8.16,8.22,1251
2015-07-17,8.1,8.1,7.71,7.75,6327
2015-07-20,7.75,7.78,6.88,7.2,13911
2015-07-21,6.84,7.2,6.55,6.83,22297
2015-07-22,6.6,6.6,5.52,6.58,38077
2015-07-23,6.4,6.4,5.75,5.98,30869
2015-07-24,6.0,6.31,5.65,5.84,20754
2015-07-27,5.83,6.4,5.2,6.4,15224
2015-07-28,6.5,6.6,6.41,6.46,12633
2015-07-29,6.4,6.6,6.4,6.6,5276
2015-07-30,6.35,6.55,5.63,6.54,13825
2015-07-31,6.52,6.8,6.41,6.8,22110
2015-08-03,6.78,6.78,6.61,6.61,876
2015-08-04,6.61,6.99,6.51,6.83,6047
2015-08-05,6.52,6.84,6.51,6.8,3935
2015-08-06,6.55,6.79,6.55,6.75,1668
2015-08-07,6.52,6.79,6.51,6.79,5538
2015-08-10,6.53,6.6,6.42,6.51,1697
2015-08-11,6.65,6.66,5.88,6.22,10350
2015-08-12,6.49,6.49,5.94,5.95,8877
2015-08-13,5.75,6.5,5.43,5.91,7120
2015-08-14,6.15,6.38,5.56,5.79,11443
2015-08-17,5.58,6.1,5.51,5.81,6079
2015-08-18,6.01,6.9,5.56,6.3,21041
2015-08-19,6.4,6.44,6.12,6.24,6304
2015-08-20,6.6,6.6,6.06,6.06,5422
2015-08-21,6.06,6.06,5.5,5.76,14313
2015-08-24,5.13,5.13,4.3,4.3,19520
2015-08-25,4.51,4.96,4.5,4.96,6913
2015-08-26,4.5,5.0,4.32,5.0,3654
2015-08-27,5.0,5.98,4.9,5.5,10013
2015-08-28,5.53,5.63,5.25,5.63,9473
2015-08-31,5.55,5.69,5.22,5.69,3130
2015-09-01,5.31,5.69,5.31,5.69,1643
2015-09-02,5.66,5.7,5.28,5.32,16003
2015-09-03,5.58,5.58,5.15,5.55,8064
2015-09-04,5.5,5.52,5.13,5.5,2719
2015-09-08,5.48,5.67,5.4,5.51,4052
2015-09-09,5.55,5.7,5.36,5.7,6027
2015-09-10,5.69,6.34,5.5,5.7,20213
2015-09-11,5.95,5.98,5.4,5.49,9656
2015-09-14,5.25,5.85,5.25,5.5,2708
2015-09-15,5.31,5.92,5.31,5.74,4567
2015-09-16,5.64,5.88,5.41,5.58,6338
2015-09-17,5.64,5.65,4.96,5.09,15294
2015-09-18,5.1,5.47,4.85,4.85,24461
2015-09-21,5.11,5.3,5.09,5.09,1887
2015-09-22,5.1,5.34,5.01,5.01,1928
2015-09-23,4.98,5.33,4.98,5.21,5776
2015-09-24,5.15,5.15,5.0,5.15,4028
2015-09-25,4.94,5.43,4.75,4.79,2694
2015-09-28,4.79,4.91,4.32,4.91,3168
2015-09-29,4.84,4.95,4.3,4.53,18558
2015-09-30,4.33,6.14,4.33,4.91,76231
2015-10-01,5.1,5.1,4.69,4.98,6760
2015-10-02,4.74,4.87,4.7,4.87,3065
2015-10-05,4.74,5.26,4.73,5.03,8619
2015-10-06,4.73,4.98,4.7,4.8,6092
2015-10-07,4.95,4.95,4.8,4.95,4158
2015-10-08,4.9,4.9,4.9,4.9,2210
2015-10-09,4.84,5.0,4.75,4.75,6090
2015-10-12,4.66,4.66,4.51,4.52,1526
2015-10-13,4.33,4.5,4.14,4.22,4864
2015-10-14,4.37,4.37,3.87,4.36,4060
2015-10-15,4.15,4.5,4.1,4.5,3167
2015-10-16,4.51,4.9,4.5,4.9,2529
2015-10-19,5.0,5.0,4.4,4.8,26995
2015-10-20,4.72,4.8,4.5,4.75,8465
2015-10-21,4.74,4.74,4.56,4.58,2572
2015-10-22,4.65,4.65,4.02,4.24,9029
2015-10-23,4.48,4.48,4.0,4.47,35515
2015-10-26,4.24,4.24,3.85,3.86,8199
2015-10-27,3.87,3.89,3.45,3.47,7600
2015-10-28,3.42,3.45,3.3,3.41,10543
2015-10-29,3.38,3.97,3.38,3.66,20185
2015-10-30,3.84,3.85,3.65,3.7,1530
2015-11-02,3.5,4.02,3.48,4.0,10536
2015-11-03,4.13,4.13,4.0,4.1,1480
2015-11-04,4.12,4.12,3.59,3.91,3923
2015-11-05,4.1,4.1,4.1,4.1,1400
2015-11-06,3.91,4.25,3.9,4.25,5156
2015-11-09,4.25,4.25,4.0,4.0,2040
2015-11-10,3.84,3.85,3.65,3.7,5463
2015-11-11,3.72,4.87,3.7,4.63,33988
2015-11-12,4.5,4.63,4.45,4.6,12343
2015-11-13,4.52,4.75,4.5,4.7,17403
2015-11-16,4.7,5.35,4.7,5.0,43453
2015-11-17,5.13,5.23,4.58,5.2,16432
2015-11-18,5.25,5.3,5.0,5.0,11889
2015-11-19,5.0,5.45,4.99,5.37,16559
2015-11-20,5.45,5.56,4.92,5.39,27342
2015-11-23,5.01,5.28,5.0,5.26,8824
2015-11-24,5.15,5.23,4.91,4.96,22800
2015-11-25,5.36,5.4,4.89,5.4,8470
2015-11-27,5.19,5.19,5.0,5.05,1119
2015-11-30,5.09,5.28,4.74,5.04,7810
2015-12-01,5.19,5.19,4.86,5.01,4920
2015-12-02,5.09,5.15,5.0,5.05,11898
2015-12-03,5.05,5.14,4.72,5.0,11811
2015-12-04,5.11,5.11,4.8,5.09,10054
2015-12-07,4.95,5.18,4.5,4.65,10925
2015-12-08,4.89,5.1,4.75,4.75,16539
2015-12-09,5.0,5.0,4.65,4.65,13812
2015-12-10,4.95,5.07,4.75,4.8,12766
2015-12-11,4.75,4.75,4.33,4.6,4784
2015-12-14,4.7,4.7,3.82,3.82,32606
2015-12-15,3.77,4.0,3.71,3.75,4828
2015-12-16,3.74,4.6,3.54,4.01,12014
2015-12-17,4.25,4.57,4.0,4.33,13948
2015-12-18,4.47,4.84,4.26,4.72,12837
2015-12-21,4.54,4.76,4.5,4.5,5802
2015-12-22,4.95,4.95,4.33,4.36,11904
2015-12-23,4.66,4.66,4.48,4.5,3502
2015-12-24,4.51,4.54,4.5,4.54,1314
2015-12-28,4.45,4.5,3.8,3.93,23819
2015-12-29,3.92,3.92,3.66,3.7,81913
2015-12-30,3.65,4.41,3.65,3.96,15501
2015-12-31,3.87,4.43,3.5,4.2,11786
2016-01-04,4.38,4.38,3.58,3.83,12934
2016-01-05,3.7,4.25,3.65,4.25,10495
2016-01-06,4.94,4.94,3.91,4.0,31543
2016-01-07,3.74,3.74,3.5,3.55,9012
2016-01-08,3.96,4.07,3.66,3.85,8975
2016-01-11,3.9,3.9,3.64,3.84,7072
2016-01-12,3.65,3.7,3.65,3.7,302
2016-01-13,3.72,3.75,3.15,3.4,10783
2016-01-14,3.33,3.42,3.16,3.42,28021
2016-01-15,3.25,3.3,3.13,3.13,4862
2016-01-19,3.24,3.34,2.9,2.9,23569
2016-01-20,2.92,2.97,2.73,2.73,11844
2016-01-21,3.1,3.26,2.83,3.04,39930
2016-01-22,3.04,3.24,3.01,3.15,11465
2016-01-25,3.19,3.22,2.94,3.16,5940
2016-01-26,2.87,2.99,2.82,2.9,6695
2016-01-27,3.2,3.2,2.87,2.88,3901
2016-01-28,2.98,3.1,2.69,2.74,40658
2016-01-29,2.75,3.18,2.72,2.85,12174
2016-02-01,3.18,3.18,2.9,2.95,7669
2016-02-02,2.9,2.9,2.81,2.82,904
2016-02-03,2.78,2.8,2.7,2.8,2746
2016-02-04,2.8,2.85,2.8,2.85,3026
2016-02-05,2.99,2.99,2.81,2.95,13647
2016-02-09,2.9,3.14,2.49,2.6,6803
2016-02-10,2.4,2.77,2.4,2.51,14335
2016-02-11,2.5,2.55,2.42,2.43,12152
2016-02-12,2.42,2.71,2.42,2.45,2400
2016-02-16,2.42,2.46,2.42,2.46,439
2016-02-17,2.37,2.43,2.3,2.3,9816
2016-02-18,2.31,2.32,2.3,2.3,1840
2016-02-19,2.26,2.27,2.14,2.14,2813
2016-02-22,2.13,2.14,1.92,2.02,14456
2016-02-23,2.13,2.41,2.01,2.32,28120
2016-02-24,2.42,2.56,2.4,2.52,16936
2016-02-25,2.45,2.55,2.35,2.55,4465
2016-02-26,2.55,2.9,2.54,2.73,16690
2016-02-29,2.82,2.9,2.82,2.85,15697
2016-03-01,2.9,2.9,2.88,2.9,4130
2016-03-02,2.59,2.9,2.59,2.9,6418
2016-03-03,2.9,2.97,2.68,2.88,4259
2016-03-04,2.89,3.89,2.88,3.21,77662
2016-03-07,3.17,3.17,2.95,2.95,8130
2016-03-08,2.94,3.1,2.81,2.9,16705
2016-03-09,2.93,3.5,2.93,2.98,13506
2016-03-10,2.99,2.99,2.86,2.86,10264
2016-03-11,2.94,3.14,2.8,2.8,28103
2016-03-14,3.05,3.07,2.75,2.85,5787
2016-03-15,3.05,3.12,2.92,2.96,8169
2016-03-16,2.95,3.03,2.9,2.99,7532
2016-03-17,3.03,3.03,2.8,2.96,9370
2016-03-18,2.95,3.0,2.84,3.0,12444
2016-03-21,3.03,3.03,2.97,2.97,2511
2016-03-22,2.92,2.96,2.88,2.88,4025
2016-03-23,3.0,3.08,2.89,2.9,56510
2016-03-24,2.95,3.0,2.8,2.98,25068
2016-03-28,2.9,3.05,2.79,2.79,70291
2016-03-29,2.96,3.0,2.79,2.91,14159
2016-03-30,2.78,2.98,2.78,2.93,1374
2016-04-01,2.93,3.0,2.84,2.94,3825
2016-04-04,2.97,2.97,2.77,2.77,13074
2016-04-05,2.78,2.97,2.78,2.97,10017
2016-04-06,3.0,3.0,2.9,3.0,7334
2016-04-07,2.98,3.2,2.98,3.0,71056
2016-04-08,2.96,3.13,2.93,2.93,12430
2016-04-11,2.93,3.01,2.82,2.89,6481
2016-04-12,2.9,3.0,2.79,2.8,10132
2016-04-13,2.85,2.98,2.85,2.95,5825
2016-04-14,2.89,3.5,2.88,3.46,13196
2016-04-15,3.47,3.5,3.11,3.47,45245
2016-04-18,3.42,3.49,3.28,3.49,35488
2016-04-19,3.38,3.42,3.3,3.34,9836
2016-04-20,3.3,3.49,3.21,3.37,22337
2016-04-21,3.28,3.41,3.1,3.2,22676
2016-04-22,3.12,3.39,3.12,3.31,22708
2016-04-25,3.3,3.49,3.3,3.4,16008
2016-04-26,3.32,3.45,3.32,3.41,11501
2016-04-27,3.48,3.49,3.32,3.33,10310
2016-04-28,3.35,3.35,3.2,3.24,3408
2016-04-29,3.43,3.43,3.1,3.32,8621
2016-05-02,3.26,3.26,2.91,2.92,14011
2016-05-03,3.0,3.0,2.7,2.88,9228
2016-05-04,2.85,2.85,2.73,2.75,3810
2016-05-05,2.9,2.9,2.5,2.55,16430
2016-05-06,2.55,2.55,2.5,2.5,8031
2016-05-09,2.51,2.63,2.51,2.58,6330
2016-05-10,2.58,2.6,2.58,2.6,3600
2016-05-11,2.62,2.62,2.55,2.55,377
2016-05-12,2.74,2.75,2.6,2.6,18719
2016-05-13,2.57,2.63,2.43,2.43,11820
2016-05-16,2.37,2.37,2.15,2.15,13365
2016-05-17,2.33,2.46,2.22,2.22,12154
2016-05-18,2.4,2.55,2.19,2.23,13555
2016-05-19,2.31,2.45,2.3,2.4,2917
2016-05-20,2.24,2.53,2.21,2.49,5968
2016-05-23,2.43,2.62,2.3,2.4,39312
2016-05-24,2.41,2.54,2.36,2.37,29139
2016-05-25,2.37,2.46,2.25,2.26,23104
2016-05-26,2.31,2.37,2.21,2.24,2117
2016-05-27,2.16,2.52,2.16,2.35,1968
2016-05-31,2.42,2.42,2.42,2.42,306
2016-06-01,2.51,2.51,2.51,2.51,719
2016-06-02,2.44,2.52,2.39,2.39,3965
2016-06-03,2.39,2.44,2.39,2.39,1695
2016-06-06,2.45,2.47,2.38,2.46,1625
2016-06-07,2.39,2.49,2.38,2.46,4817
2016-06-08,2.39,2.55,2.39,2.47,8600
2016-06-09,2.55,2.55,2.26,2.32,16591
2016-06-10,2.3,2.35,2.3,2.31,13814
2016-06-13,2.25,2.31,1.97,2.0,66823
2016-06-14,2.12,2.12,1.84,1.89,51167
2016-06-15,1.95,3.59,1.89,2.32,548343
2016-06-16,2.45,3.44,2.4,2.5,1683737
2016-06-17,2.57,2.65,2.11,2.31,143757
2016-06-20,2.28,2.34,2.03,2.19,133801
2016-06-21,2.17,2.17,1.94,2.14,87954
2016-06-22,2.21,2.21,2.01,2.11,65763
2016-06-23,2.1,2.47,2.06,2.43,88268
2016-06-24,2.4,2.46,2.17,2.25,140902
2016-06-27,2.23,2.28,2.05,2.14,98520
2016-06-28,2.12,2.18,1.89,1.96,103155
2016-06-29,1.95,2.01,1.91,1.94,37492
2016-06-30,1.93,2.0,1.88,1.96,28791
2016-07-01,2.01,2.17,1.95,2.08,19384
2016-07-05,2.09,2.1,1.88,1.97,64755
2016-07-06,1.96,2.2,1.88,2.1,57129
2016-07-07,2.0,2.21,2.0,2.16,28788
2016-07-08,2.11,2.15,2.06,2.08,33881
2016-07-11,2.07,2.2,2.06,2.06,49243
2016-07-12,2.09,2.15,2.06,2.15,87642
2016-07-13,2.1,2.3,2.1,2.19,68143
2016-07-14,2.18,2.3,2.16,2.18,46586
2016-07-15,2.21,2.3,2.16,2.25,100538
2016-07-18,2.2,2.3,2.16,2.21,70653
2016-07-19,2.26,2.63,2.16,2.23,836059
2016-07-20,2.28,2.28,1.81,2.08,211176
2016-07-21,2.08,2.23,1.96,2.18,63850
2016-07-22,2.16,2.25,2.11,2.16,10487
2016-07-25,2.14,2.25,2.1,2.14,15122
2016-07-26,2.12,2.21,1.95,2.07,140362
2016-07-27,2.11,2.26,1.96,2.25,86548
2016-07-28,2.23,2.45,2.08,2.17,208740
2016-07-29,2.11,2.27,2.03,2.12,42216
2016-08-01,2.15,2.16,2.02,2.07,18721
2016-08-02,2.03,2.07,2.0,2.0,42195
2016-08-03,2.03,2.07,1.95,2.04,12870
2016-08-04,2.01,2.07,1.85,1.98,116093
2016-08-05,1.99,2.04,1.9,1.99,41399
2016-08-08,1.88,2.0,1.88,1.96,19195
2016-08-09,1.96,1.97,1.89,1.97,29089
2016-08-10,1.82,1.94,1.82,1.94,32353
2016-08-11,1.88,1.97,1.85,1.92,44760
2016-08-12,1.94,2.08,1.9,1.96,88329
2016-08-15,2.08,2.08,1.83,1.88,41293
2016-08-16,1.94,1.94,1.86,1.91,7655
2016-08-17,1.94,2.35,1.84,1.99,933327
2016-08-18,2.1,2.1,1.89,1.93,113519
2016-08-19,1.91,1.97,1.88,1.92,81146
2016-08-22,1.9,1.94,1.82,1.87,68757
2016-08-23,1.86,1.95,1.82,1.88,22123
2016-08-24,1.9,1.91,1.77,1.82,64218
2016-08-25,1.8,1.81,1.7,1.79,76266
2016-08-26,1.77,1.77,1.63,1.66,113437
2016-08-29,1.74,1.74,1.62,1.69,51422
2016-08-30,1.63,1.64,1.61,1.61,25069
2016-08-31,1.61,1.66,1.47,1.54,101010
2016-09-01,1.56,1.59,1.4,1.58,118040
2016-09-02,1.55,1.73,1.55,1.65,239128
2016-09-06,1.65,1.8,1.56,1.57,139068
2016-09-07,1.52,1.71,1.51,1.51,48200
2016-09-08,1.55,1.6,1.51,1.54,34328
2016-09-09,1.5,1.65,1.37,1.58,171276
2016-09-12,1.65,1.71,1.6,1.69,31985
2016-09-13,1.7,1.79,1.55,1.66,123299
2016-09-14,1.64,1.7,1.58,1.66,62613
2016-09-15,1.63,1.73,1.57,1.6,51076
2016-09-16,1.6,1.65,1.51,1.59,127258
2016-09-19,1.58,1.65,1.54,1.6,20887
2016-09-20,1.58,1.64,1.47,1.55,86312
2016-09-21,1.54,1.61,1.54,1.6,50377
2016-09-22,1.52,1.6,1.52,1.56,7637
2016-09-23,1.62,1.71,1.59,1.63,64829
2016-09-26,1.63,1.63,1.55,1.55,29388
2016-09-27,1.58,1.67,1.56,1.67,15469
2016-09-28,1.67,1.68,1.55,1.57,20030
2016-09-29,1.55,1.57,1.54,1.54,9890
2016-09-30,1.54,1.67,1.41,1.65,277363
2016-10-03,1.61,1.64,1.51,1.64,19537
2016-10-04,1.68,1.81,1.61,1.64,96823
2016-10-05,1.69,1.75,1.65,1.69,57241
2016-10-06,1.73,1.76,1.68,1.71,58049
2016-10-07,1.77,1.8,1.55,1.71,313209
2016-10-10,1.59,1.67,1.53,1.56,59865
2016-10-11,1.56,1.8,1.5,1.6,1198160
2016-10-12,1.62,1.62,1.41,1.48,168433
2016-10-13,1.45,1.48,1.35,1.47,86356
2016-10-14,1.46,1.48,1.32,1.38,74909
2016-10-17,1.4,1.4,1.23,1.32,196523
2016-10-18,1.32,1.39,1.2,1.37,69225
2016-10-19,1.36,1.38,1.31,1.38,2189
2016-10-20,1.37,1.39,1.28,1.39,24197
2016-10-21,1.37,1.43,1.32,1.36,20611
2016-10-24,1.35,1.44,1.35,1.4,35171
2016-10-25,1.41,1.53,1.36,1.52,38104
2016-10-26,1.54,1.58,1.4,1.45,72705
2016-10-27,1.45,1.46,1.35,1.43,54827
2016-10-28,1.4,1.44,1.24,1.27,51781
2016-10-31,1.29,1.33,1.23,1.28,66167
2016-11-01,1.28,1.44,1.12,1.2,281039
2016-11-02,1.2,1.21,1.03,1.09,90619
2016-11-03,1.1,1.13,1.01,1.03,15058
2016-11-04,1.03,1.03,0.83,0.95,89754
2016-11-07,0.94,0.97,0.76,0.83,105673
2016-11-08,0.83,0.91,0.81,0.91,47443
2016-11-09,0.97,1.04,0.87,0.95,42426
2016-11-10,0.93,0.93,0.85,0.92,18098
2016-11-11,0.92,0.93,0.86,0.91,11711
2016-11-14,0.95,0.95,0.85,0.91,24392
2016-11-15,0.92,0.94,0.81,0.9,54540
2016-11-16,0.83,0.89,0.76,0.87,35382
2016-11-17,0.84,0.88,0.75,0.75,36602
2016-11-18,0.77,0.84,0.76,0.78,39517
2016-11-21,0.78,0.8,0.7,0.7,43232
2016-11-22,0.7,0.78,0.7,0.78,25555
2016-11-23,0.78,0.78,0.71,0.77,43506
2016-11-25,0.78,0.78,0.7,0.7,10595
2016-11-28,0.72,0.78,0.68,0.71,26024
2016-11-29,0.65,0.73,0.65,0.68,20722
2016-11-30,0.65,0.67,0.6,0.6,50552
2016-12-01,0.6,0.6,0.53,0.6,76739
2016-12-02,0.6,0.61,0.6,0.61,7746
2016-12-05,0.69,0.7,0.62,0.65,25238
2016-12-06,0.66,0.69,0.62,0.62,9506
2016-12-07,0.64,0.71,0.63,0.67,28342
2016-12-08,0.7,0.83,0.67,0.69,117275
2016-12-09,0.68,0.73,0.64,0.65,64471
2016-12-12,0.63,0.69,0.62,0.63,29846
2016-12-13,0.63,0.65,0.59,0.62,45066
2016-12-14,0.63,0.63,0.57,0.62,8191
2016-12-15,0.59,0.65,0.57,0.62,50120
2016-12-16,0.59,0.6,0.55,0.56,63326
2016-12-19,0.63,0.84,0.6,0.66,425940
2016-12-20,0.72,0.78,0.61,0.62,70585
2016-12-21,0.59,0.68,0.57,0.59,47671
2016-12-22,0.65,0.65,0.57,0.6,7845
2016-12-23,0.6,0.63,0.59,0.62,15040
2016-12-27,0.62,0.75,0.62,0.62,13786
2016-12-28,0.62,0.65,0.6,0.6,14487
2016-12-29,0.6,0.6,0.56,0.58,55553
2016-12-30,0.6,0.6,0.5,0.59,37842
2017-01-03,0.56,0.6,0.56,0.6,3097
2017-01-04,0.66,0.66,0.6,0.61,12314
2017-01-05,0.59,0.65,0.57,0.59,8851
2017-01-06,0.6,0.69,0.6,0.64,14952
2017-01-09,0.67,0.67,0.56,0.6,23407
2017-01-10,0.64,0.64,0.55,0.55,51873
2017-01-11,0.65,0.7,0.55,0.66,92599
2017-01-12,0.69,0.69,0.62,0.67,15577
2017-01-13,0.65,0.68,0.63,0.68,21029
2017-01-17,0.7,1.88,0.7,1.55,17489900
2017-01-18,1.21,1.32,0.98,1.01,2710951
2017-01-19,1.01,1.08,0.9,0.92,604061
2017-01-20,0.97,1.31,0.88,1.15,2440347
2017-01-23,1.14,1.16,1.03,1.04,558685
2017-01-24,1.0,1.28,1.0,1.11,842955
2017-01-25,1.12,2.03,1.12,1.64,13443752
2017-01-26,1.5,2.59,1.42,2.22,20316035
2017-01-27,2.3,3.4,2.27,3.37,26142948
2017-01-30,2.83,2.86,2.27,2.65,10517480
2017-01-31,2.5,2.55,2.0,2.15,3692874
2017-02-01,2.25,4.4,2.2,3.73,29593048
2017-02-02,3.79,6.98,3.71,5.1,52497887
2017-02-03,6.13,6.4,3.55,3.86,17104017
2017-02-06,4.25,5.45,4.12,4.98,18998901
2017-02-07,5.29,5.38,4.32,4.92,6821664
2017-02-08,4.51,5.24,4.4,4.93,6659193
2017-02-09,5.06,5.34,4.84,4.95,4144620
2017-02-10,5.1,5.1,4.61,4.68,1925835
2017-02-13,4.65,4.65,4.27,4.34,1809059
2017-02-14,4.18,4.35,3.96,4.1,2185100
2017-02-15,4.05,4.44,4.05,4.11,2242506
2017-02-16,4.05,4.43,4.05,4.2,1068171
2017-02-17,4.15,4.32,3.98,4.01,1008706
2017-02-21,4.04,4.09,3.58,3.59,1604802
2017-02-22,3.59,3.61,3.32,3.5,1139879
2017-02-23,3.48,4.2,3.23,4.0,2849544
2017-02-24,4.2,4.62,3.86,4.14,4869187
2017-02-27,4.15,4.58,3.71,4.58,1404096
2017-02-28,4.38,4.75,4.07,4.1,1410170
2017-03-01,4.17,4.34,3.95,4.08,629866
2017-03-02,4.32,4.32,3.9,4.16,737968
2017-03-03,4.19,4.19,3.93,3.93,477887
2017-03-06,4.03,4.03,3.68,3.7,640780
2017-03-07,3.69,3.8,3.34,3.57,927183
2017-03-08,3.55,3.79,3.42,3.55,651941
2017-03-09,3.52,3.62,3.39,3.5,372751
2017-03-10,3.54,3.75,3.24,3.35,800386
2017-03-13,3.33,3.33,3.0,3.22,715423
2017-03-14,3.06,3.1,2.64,2.76,1076655
2017-03-15,2.75,2.8,2.42,2.52,1378312
2017-03-16,2.54,2.67,2.27,2.34,1937851
2017-03-17,2.35,3.77,2.32,3.09,20901492
2017-03-20,2.7,2.99,2.68,2.78,2220175
2017-03-21,2.83,4.1,2.77,3.88,22843967
2017-03-22,4.44,4.59,3.83,3.9,13789850
2017-03-23,3.8,3.84,3.49,3.6,3118755
2017-03-24,3.55,3.72,3.41,3.54,1946870
2017-03-27,3.54,3.75,3.42,3.47,1341758
2017-03-28,3.46,3.46,3.18,3.2,1285635
2017-03-29,3.22,3.53,3.03,3.23,3626287
2017-03-30,3.4,3.49,3.26,3.39,1029246
2017-03-31,3.43,3.6,3.35,3.49,3775625
2017-04-03,3.51,3.57,3.3,3.3,1228353
2017-04-04,3.32,3.4,3.1,3.12,995178
2017-04-05,3.09,3.14,3.0,3.02,665585
2017-04-06,3.05,3.07,2.81,3.04,816619
2017-04-07,3.02,3.03,2.93,3.0,264220
2017-04-10,2.97,3.38,2.94,3.08,1537634
2017-04-11,3.0,3.14,2.98,3.1,747434
2017-04-12,3.1,3.1,3.02,3.07,263450
2017-04-13,3.07,3.07,3.01,3.03,270732
2017-04-17,3.05,3.12,2.99,3.01,237360
2017-04-18,3.04,3.04,2.8,2.85,486972
2017-04-19,2.85,3.02,2.85,2.88,355158
2017-04-20,2.91,2.98,2.87,2.92,230947
2017-04-21,2.9,2.92,2.85,2.86,255852
2017-04-24,2.88,2.9,2.75,2.76,286424
2017-04-25,2.75,2.79,2.6,2.68,323411
2017-04-26,2.68,3.02,2.64,2.89,1373955
2017-04-27,2.91,2.96,2.78,2.83,320078
2017-04-28,2.83,2.83,2.68,2.76,233387
2017-05-01,2.77,2.85,2.69,2.7,186331
2017-05-02,2.7,2.78,2.67,2.73,190687
2017-05-03,2.73,3.03,2.66,2.85,715951
2017-05-04,2.86,2.96,2.84,2.91,185172
2017-05-05,2.93,2.94,2.8,2.88,112399
2017-05-08,2.89,2.89,2.71,2.81,171959
2017-05-09,2.81,3.42,2.6,2.66,3499889
2017-05-10,2.68,2.7,2.54,2.64,555800
2017-05-11,2.62,2.63,2.52,2.54,310047
2017-05-12,2.55,2.59,2.5,2.51,237662
2017-05-15,2.5,2.5,2.36,2.44,386789
2017-05-16,2.4,2.45,2.25,2.33,424887
2017-05-17,2.3,2.94,2.28,2.77,5520831
2017-05-18,2.84,3.18,2.67,2.78,4826737
2017-05-19,2.77,2.88,2.66,2.76,915740
2017-05-22,2.79,2.96,2.7,2.74,742887
2017-05-23,2.78,2.84,2.72,2.74,208831
2017-05-24,2.76,3.0,2.68,2.83,932724
2017-05-25,2.88,2.9,2.75,2.78,320644
2017-05-26,2.78,2.82,2.57,2.64,316287
2017-05-30,2.64,2.7,2.57,2.59,222008
2017-05-31,2.62,2.63,2.5,2.54,175882
2017-06-01,2.52,2.62,2.5,2.56,144560
2017-06-02,2.59,2.7,2.56,2.66,122615
2017-06-05,2.65,2.68,2.5,2.6,135600
2017-06-06,2.6,2.6,2.51,2.55,133098
2017-06-07,2.56,2.64,2.51,2.56,307699
2017-06-08,2.59,2.63,2.55,2.6,117680
2017-06-09,2.6,2.71,2.56,2.63,299164
2017-06-12,2.7,2.7,2.51,2.52,182747
2017-06-13,2.7,2.73,2.32,2.39,1260631
2017-06-14,2.42,2.54,2.39,2.46,335478
2017-06-15,2.46,2.52,2.42,2.42,176993
2017-06-16,2.43,2.47,2.4,2.4,209219
2017-06-19,2.43,2.45,2.35,2.4,162947
2017-06-20,2.4,2.45,2.35,2.45,151719
2017-06-21,2.41,2.44,2.36,2.38,181510
2017-06-22,2.38,2.5,2.37,2.49,310190
2017-06-23,2.49,2.68,2.42,2.64,772106
2017-06-26,2.68,2.68,2.47,2.5,267647
2017-06-27,2.52,2.55,2.37,2.4,293344
2017-06-28,2.41,2.5,2.4,2.43,110057
2017-06-29,2.42,2.46,2.37,2.39,141705
2017-06-30,2.44,2.44,2.34,2.38,137963
2017-07-03,2.39,2.4,2.33,2.36,55423
2017-07-05,2.37,2.53,2.37,2.4,223137
2017-07-06,2.4,2.45,2.38,2.41,97303
2017-07-07,2.39,2.4,2.33,2.36,143920
2017-07-10,2.35,2.39,2.35,2.38,97006
2017-07-11,2.36,2.38,2.35,2.35,105312
2017-07-12,2.36,2.39,2.33,2.39,120144
2017-07-13,2.36,2.4,2.3,2.39,111198
2017-07-14,2.39,2.39,2.34,2.39,89982
2017-07-17,2.38,2.44,2.35,2.42,155311
2017-07-18,2.4,2.42,2.35,2.39,53695
2017-07-19,2.36,2.44,2.35,2.42,137936
2017-07-20,2.4,2.42,2.37,2.37,63744
2017-07-21,2.36,2.42,2.36,2.4,101172
2017-07-24,2.37,2.4,2.32,2.34,143243
2017-07-25,2.34,2.38,2.26,2.34,176266
2017-07-26,2.35,2.35,2.27,2.31,115528
2017-07-27,2.33,2.33,2.26,2.32,106178
2017-07-28,2.3,2.31,2.27,2.3,106333
2017-07-31,2.27,2.3,2.27,2.28,116027
2017-08-01,2.3,2.3,1.99,2.07,462471
