Date,Open,High,Low,Close,Volume
2010-08-12,13.0,16.41,12.42,14.52,4381181
2010-08-13,14.2,15.34,14.1,15.0,519622
2010-08-16,15.95,17.0,14.58,16.25,104417
2010-08-17,16.07,16.93,15.18,16.2,607080
2010-08-18,16.2,17.19,15.98,16.74,350711
2010-08-19,16.4,17.39,16.4,17.04,231721
2010-08-20,17.19,17.54,16.85,17.09,311701
2010-08-23,17.32,18.18,16.75,17.44,119628
2010-08-24,17.5,17.5,16.34,17.0,150092
2010-08-25,17.17,17.4,16.62,17.07,51570
2010-08-26,17.0,17.05,16.82,16.9,38161
2010-08-27,16.73,17.2,16.7,16.98,94872
2010-08-30,17.0,17.25,16.87,16.93,122586
2010-08-31,16.99,17.38,16.47,16.74,60209
2010-09-01,16.85,16.86,16.41,16.62,30711
2010-09-02,16.55,17.06,16.25,16.99,43157
2010-09-03,17.03,17.33,16.79,17.17,61986
2010-09-07,17.21,17.92,16.5,17.21,87101
2010-09-08,17.35,18.15,17.31,17.59,34225
2010-09-09,17.89,17.89,16.67,17.23,28374
2010-09-10,17.14,17.2,16.26,16.45,82385
2010-09-13,16.49,16.75,15.76,16.56,93459
2010-09-14,16.19,17.94,15.93,17.75,73122
2010-09-15,17.68,18.83,17.26,18.0,127338
2010-09-16,17.99,19.23,17.99,19.05,130346
2010-09-17,19.15,19.63,18.53,19.04,122445
2010-09-20,19.2,19.58,18.9,19.38,96242
2010-09-21,19.6,19.99,19.46,19.7,214569
2010-09-22,19.78,19.8,19.25,19.72,122376
2010-09-23,19.16,19.7,18.36,19.0,119643
2010-09-24,19.03,19.24,18.01,18.73,98011
2010-09-27,18.86,18.86,18.11,18.36,141343
2010-09-28,18.67,18.77,17.42,18.27,117843
2010-09-29,18.41,19.4,18.4,19.23,75379
2010-09-30,19.2,19.34,18.53,19.08,1364384
2010-10-01,19.24,19.64,19.1,19.46,122269
2010-10-04,19.31,19.5,19.05,19.43,45462
2010-10-05,19.6,19.75,19.24,19.7,68303
2010-10-06,19.7,19.93,18.92,19.53,131502
2010-10-07,19.61,19.74,18.78,19.43,70824
2010-10-08,19.32,21.75,19.11,20.88,83256
2010-10-11,20.83,21.41,20.19,20.51,153968
2010-10-12,20.38,22.16,20.37,21.9,624714
2010-10-13,21.9,22.71,20.9,22.0,66611
2010-10-14,22.0,22.72,21.51,22.04,69556
2010-10-15,22.28,22.28,21.1,21.22,46656
2010-10-18,21.17,21.95,20.7,21.6,50691
2010-10-19,21.38,21.38,20.11,20.72,59572
2010-10-20,20.83,22.94,19.76,22.34,35314
2010-10-21,22.46,22.67,21.81,21.98,34362
2010-10-22,21.98,21.99,21.31,21.95,52385
2010-10-25,22.07,22.34,21.64,22.12,39904
2010-10-26,21.95,22.18,21.63,21.99,37669
2010-10-27,21.9,23.56,21.87,23.07,72213
2010-10-28,23.25,24.74,22.75,23.95,139136
2010-10-29,22.92,23.31,22.57,23.08,140808
2010-11-01,23.06,23.46,22.84,23.0,89145
2010-11-02,23.19,24.23,23.09,24.23,96327
2010-11-03,24.14,25.23,23.96,24.44,65535
2010-11-04,25.49,28.99,24.8,26.91,203864
2010-11-05,27.0,27.36,26.03,26.74,258367
2010-11-08,27.65,27.74,25.97,27.18,98598
2010-11-09,27.3,29.37,26.76,27.88,65401
2010-11-10,28.04,30.25,28.04,29.57,65634
2010-11-11,29.51,31.3,29.3,31.09,84655
2010-11-12,30.77,30.9,29.15,30.17,324480
2010-11-15,30.22,32.96,29.37,29.45,87414
2010-11-16,29.13,29.14,26.44,27.08,165895
2010-11-17,27.02,27.02,24.78,26.06,100444
2010-11-18,25.73,28.21,25.25,27.77,62695
2010-11-19,27.82,29.83,27.34,28.51,73714
2010-11-22,28.43,28.43,26.31,28.25,48261
2010-11-23,28.0,28.23,26.84,27.11,19907
2010-11-24,27.97,28.25,26.75,27.31,57389
2010-11-26,27.29,28.05,27.07,27.17,26566
2010-11-29,27.08,27.56,27.01,27.21,57340
2010-11-30,26.98,27.47,26.63,27.4,92321
2010-12-01,27.81,29.5,27.81,28.95,96419
2010-12-02,29.05,30.51,28.02,29.13,50041
2010-12-03,29.06,29.07,27.8,28.04,110118
2010-12-06,27.92,28.02,25.85,25.85,336423
2010-12-07,25.75,28.73,25.75,28.5,3165920
2010-12-08,28.32,29.62,27.25,28.48,397043
2010-12-09,28.52,31.71,28.13,30.72,327920
2010-12-10,31.32,31.95,28.65,28.83,330896
2010-12-13,28.9,28.9,27.13,28.0,295561
2010-12-14,28.0,28.81,27.75,27.9,87098
2010-12-15,28.01,29.46,26.82,29.06,175583
2010-12-16,28.62,29.7,28.62,29.08,174841
2010-12-17,28.42,30.87,28.41,30.67,399654
2010-12-20,30.71,34.19,30.65,32.64,146762
2010-12-21,32.85,33.41,31.54,32.76,130787
2010-12-22,32.66,33.0,31.96,32.8,121656
2010-12-23,32.67,32.77,31.81,32.51,121259
2010-12-27,32.25,32.89,31.38,32.17,71557
2010-12-28,31.8,31.92,30.69,31.07,52213
2010-12-29,31.11,32.0,29.67,30.06,55774
2010-12-30,29.86,30.05,29.07,29.63,60464
2010-12-31,30.04,31.06,28.51,30.93,186654
2011-01-03,31.0,31.0,30.11,30.11,178468
2011-01-04,30.31,30.31,29.13,29.75,303270
2011-01-05,29.61,29.75,28.39,29.7,363365
2011-01-06,29.59,29.59,28.78,29.34,95695
2011-01-07,29.45,29.45,28.94,29.45,151975
2011-01-10,29.22,29.57,28.69,29.0,61480
2011-01-11,29.12,29.38,27.71,29.29,66100
2011-01-12,29.58,29.99,28.7,28.99,40851
2011-01-13,29.09,29.09,27.27,28.02,132213
2011-01-14,28.07,28.96,27.1,27.67,134499
2011-01-18,27.5,28.1,26.79,27.36,167348
2011-01-19,27.39,28.35,27.39,27.85,115593
2011-01-20,27.78,27.78,26.0,26.21,143330
2011-01-21,26.48,28.31,25.82,26.4,202804
2011-01-24,26.4,26.81,25.58,26.68,163538
2011-01-25,26.51,27.34,26.51,27.04,200894
2011-01-26,27.14,28.2,27.14,27.97,62650
2011-01-27,28.02,28.37,27.22,28.29,76137
2011-01-28,28.23,29.22,27.17,27.2,144385
2011-01-31,27.43,27.54,26.39,27.39,180427
2011-02-01,27.5,27.52,26.64,27.32,110490
2011-02-02,27.28,27.93,26.97,27.11,49621
2011-02-03,28.53,28.53,26.83,27.16,37920
2011-02-04,27.26,27.74,27.01,27.48,148689
2011-02-07,27.45,27.54,26.38,26.41,177525
2011-02-08,26.34,27.84,26.03,27.46,183698
2011-02-09,27.41,27.41,26.56,27.05,53464
2011-02-10,26.88,27.83,26.88,27.53,183470
2011-02-11,28.0,28.66,27.24,28.53,264146
2011-02-14,28.99,29.42,28.29,28.72,198911
2011-02-15,28.7,28.7,27.61,27.71,298231
2011-02-16,27.7,28.04,27.01,27.11,59302
2011-02-17,27.05,27.75,26.02,27.68,179717
2011-02-18,27.86,28.05,27.28,27.85,226167
2011-02-22,27.54,28.0,27.01,27.59,201051
2011-02-23,27.65,27.84,26.11,26.52,127864
2011-02-24,26.51,27.24,26.42,27.03,109344
2011-02-25,27.49,27.49,24.03,24.64,805313
2011-02-28,24.64,24.89,22.88,24.8,900243
2011-03-01,24.18,24.46,23.56,24.03,604282
2011-03-02,23.72,24.21,22.91,23.26,249319
2011-03-03,23.47,24.0,23.23,23.99,430551
2011-03-04,23.65,24.59,23.65,24.39,220759
2011-03-07,24.49,24.65,23.09,23.78,186409
2011-03-08,23.5,25.27,23.5,25.01,364157
2011-03-09,24.94,25.09,24.42,25.0,210611
2011-03-10,24.69,24.99,24.52,24.71,198967
2011-03-11,24.59,25.0,24.06,24.76,377620
2011-03-14,24.37,24.94,24.37,24.42,175642
2011-03-15,23.55,24.57,22.0,24.47,140191
2011-03-16,24.49,25.18,24.02,24.3,163789
2011-03-17,24.69,24.84,23.97,24.0,260737
2011-03-18,24.28,24.28,23.51,23.97,255285
2011-03-21,24.12,25.38,23.78,25.38,353577
2011-03-22,25.52,26.09,24.67,25.87,167172
2011-03-23,25.82,25.96,24.87,25.62,124437
2011-03-24,25.75,25.75,25.17,25.44,115729
2011-03-25,25.47,26.65,25.32,26.19,138459
2011-03-28,26.4,26.98,25.8,26.92,135463
2011-03-29,26.78,28.08,26.51,27.93,368079
2011-03-30,28.06,28.9,27.77,28.0,236335
2011-03-31,27.91,28.29,27.42,27.73,97859
2011-04-01,27.94,28.6,27.65,28.52,150448
2011-04-04,28.65,28.65,28.11,28.42,144180
2011-04-05,28.27,28.44,27.71,27.94,79120
2011-04-06,28.1,28.56,26.98,27.67,137184
2011-04-07,27.68,28.15,27.55,27.67,100322
2011-04-08,27.9,27.97,26.74,27.0,55105
2011-04-11,26.99,27.98,26.43,26.69,230283
2011-04-12,26.68,27.02,26.44,26.79,155573
2011-04-13,26.89,27.66,26.75,27.29,119307
2011-04-14,27.19,28.45,26.51,28.25,147267
2011-04-15,28.1,28.74,27.51,28.38,159409
2011-04-18,28.01,29.27,27.66,28.06,122742
2011-04-19,28.08,29.35,28.06,28.8,221000
2011-04-20,29.09,30.15,29.0,30.09,214886
2011-04-21,30.4,31.85,30.16,31.73,164121
2011-04-25,31.65,32.73,30.31,31.76,249473
2011-04-26,31.99,32.2,30.83,31.83,126524
2011-04-27,31.75,32.06,31.3,31.86,195469
2011-04-28,31.74,32.39,31.46,31.68,346658
2011-04-29,31.85,32.83,31.81,31.9,176440
2011-05-02,32.05,32.19,30.88,30.97,113378
2011-05-03,30.88,30.88,29.2,29.6,270967
2011-05-04,29.57,30.64,29.06,29.95,154268
2011-05-05,29.75,29.98,28.93,29.46,95910
2011-05-06,30.32,31.14,29.55,30.92,222209
2011-05-09,30.84,30.84,28.36,29.42,442252
2011-05-10,29.5,29.72,29.0,29.5,325048
2011-05-11,29.45,29.45,27.91,28.76,161315
2011-05-12,28.51,28.95,28.51,28.95,221767
2011-05-13,29.0,29.49,28.82,29.42,219411
2011-05-16,29.02,29.64,28.57,28.81,207448
2011-05-17,28.75,29.89,28.75,29.27,378263
2011-05-18,29.24,29.68,28.93,29.4,308306
2011-05-19,29.57,29.57,28.79,29.01,150971
2011-05-20,28.83,29.25,28.73,29.03,180890
2011-05-23,28.47,29.26,28.11,29.22,209613
2011-05-24,28.71,29.14,27.4,27.79,236951
2011-05-25,27.62,28.65,27.5,28.47,240225
2011-05-26,28.32,28.75,27.81,27.99,209563
2011-05-27,28.15,28.99,27.98,28.57,190464
2011-05-31,28.81,29.5,28.24,29.45,1780090
2011-06-01,29.48,29.68,27.32,27.43,218323
2011-06-02,27.4,28.2,26.87,27.27,267236
2011-06-03,27.0,27.06,26.32,26.6,192161
2011-06-06,26.38,27.03,25.79,26.02,172381
2011-06-07,26.22,26.35,25.7,25.82,226054
2011-06-08,25.67,25.77,24.82,25.16,136555
2011-06-09,25.22,25.98,24.69,24.79,144945
2011-06-10,24.71,25.59,24.32,24.82,189008
2011-06-13,25.03,25.62,24.64,24.87,186552
2011-06-14,25.13,25.41,24.52,24.97,287119
2011-06-15,24.78,25.19,24.76,25.07,276235
2011-06-16,24.99,25.5,24.47,24.88,201673
2011-06-17,24.94,25.29,24.1,24.5,351394
2011-06-20,24.52,25.45,24.18,24.4,212483
2011-06-21,24.56,25.67,24.48,25.64,712390
2011-06-22,25.48,26.99,25.48,25.69,319108
2011-06-23,25.42,25.63,24.65,25.25,278615
2011-06-24,25.35,25.72,24.71,24.92,2485881
2011-06-27,25.04,27.07,24.33,26.14,353946
2011-06-28,26.14,26.94,25.92,26.79,218322
2011-06-29,26.85,27.59,26.45,26.79,240687
2011-06-30,26.79,27.4,26.33,26.47,189861
2011-07-01,26.5,26.69,25.55,26.5,324208
2011-07-05,26.5,26.71,25.25,25.31,312959
2011-07-06,25.36,26.32,25.28,26.09,150857
2011-07-07,26.45,26.68,25.64,26.13,155612
2011-07-08,25.87,26.58,25.87,26.4,76888
2011-07-11,26.12,26.28,25.34,25.63,172250
2011-07-12,25.61,25.91,24.8,24.81,273740
2011-07-13,24.9,26.32,24.82,25.98,199453
2011-07-14,25.98,26.13,24.94,25.33,160835
2011-07-15,25.46,26.29,25.0,25.51,311888
2011-07-18,25.46,25.69,24.59,25.15,195672
2011-07-19,25.27,26.14,24.8,25.01,118618
2011-07-20,25.12,25.12,24.16,24.5,532548
2011-07-21,24.5,25.28,24.48,24.96,493916
2011-07-22,25.01,25.52,24.84,25.31,223870
2011-07-25,25.11,25.38,24.75,25.03,124777
2011-07-26,24.98,25.39,24.53,24.79,155335
2011-07-27,24.63,24.93,23.79,23.86,392672
2011-07-28,23.97,24.72,23.97,24.42,124392
2011-07-29,24.23,24.37,23.72,24.05,124503
2011-08-01,24.42,24.42,23.06,23.69,255868
2011-08-02,23.63,23.95,23.15,23.92,602581
2011-08-03,23.89,24.58,23.15,24.25,488399
2011-08-04,23.73,23.99,22.2,22.26,329800
2011-08-05,22.32,22.64,19.31,21.0,393481
2011-08-08,20.29,21.75,19.84,21.32,521974
2011-08-09,21.93,24.17,21.46,24.03,934320
2011-08-10,23.26,24.11,22.78,23.5,363315
2011-08-11,23.52,24.69,23.31,24.34,294458
2011-08-12,24.54,24.97,23.85,24.44,287495
2011-08-15,24.57,25.27,24.11,25.24,128571
2011-08-16,25.04,25.35,24.07,24.29,205416
2011-08-17,24.39,24.59,23.58,24.0,169230
2011-08-18,23.3,24.4,21.65,23.3,527227
2011-08-19,22.86,23.67,21.57,21.64,168111
2011-08-22,22.16,23.33,21.15,21.25,192897
2011-08-23,21.23,21.23,18.19,18.82,2189925
2011-08-24,19.0,20.13,18.63,20.01,1038284
2011-08-25,20.15,21.73,18.47,18.98,350284
2011-08-26,18.84,20.02,18.47,19.8,555254
2011-08-29,19.22,19.9,19.22,19.73,257798
2011-08-30,19.66,20.59,18.8,20.36,592549
2011-08-31,20.79,21.19,20.43,20.82,361409
2011-09-01,20.89,21.15,19.72,20.03,307352
2011-09-02,19.58,19.85,19.23,19.51,217167
2011-09-06,18.87,20.49,18.87,20.35,433192
2011-09-07,20.64,21.41,20.42,21.36,288962
2011-09-08,21.32,21.32,19.22,19.52,387543
2011-09-09,19.05,19.87,18.3,18.57,482846
2011-09-12,18.34,19.15,18.17,19.11,360627
2011-09-13,19.13,19.69,18.59,19.6,244547
2011-09-14,19.72,20.57,19.36,20.54,333993
2011-09-15,20.67,21.28,19.83,21.24,170239
2011-09-16,21.38,21.41,20.72,21.03,221746
2011-09-19,20.56,20.61,19.82,20.07,176895
2011-09-20,20.15,20.43,19.25,19.5,216397
2011-09-21,19.54,19.82,18.8,18.93,363672
2011-09-22,18.77,19.43,18.33,19.05,337801
2011-09-23,19.1,19.72,19.0,19.7,219756
2011-09-26,19.89,20.24,19.33,20.06,201036
2011-09-27,20.45,21.83,20.3,20.77,188559
2011-09-28,20.81,21.15,20.28,20.43,241603
2011-09-29,20.87,21.75,20.26,20.75,311424
2011-09-30,20.45,21.5,19.74,20.45,334459
2011-10-03,20.31,20.66,19.33,19.6,323789
2011-10-04,19.42,21.32,19.42,20.99,276430
2011-10-05,21.06,22.0,20.65,21.75,185759
2011-10-06,21.77,22.35,21.27,21.92,431240
2011-10-07,22.1,22.1,21.0,21.16,231482
2011-10-10,21.68,22.55,21.59,21.89,291621
2011-10-11,21.83,22.52,21.79,21.98,226521
2011-10-12,22.28,23.0,22.26,22.77,225043
2011-10-13,22.73,22.99,22.53,22.86,288014
2011-10-14,23.17,24.17,22.97,24.02,174665
2011-10-17,24.15,24.39,23.45,23.54,218290
2011-10-18,23.63,24.18,22.96,23.98,232080
2011-10-19,24.0,24.41,23.22,23.43,189250
2011-10-20,23.37,23.57,22.56,23.16,165001
2011-10-21,23.61,24.39,23.1,24.32,134995
2011-10-24,24.44,26.23,24.4,26.11,255196
2011-10-25,25.96,26.42,25.41,25.89,148090
2011-10-26,26.24,26.6,25.52,26.48,203645
2011-10-27,27.32,27.74,26.75,27.08,344912
2011-10-28,27.05,28.08,27.05,27.91,156589
2011-10-31,27.32,27.9,26.24,26.35,282697
2011-11-01,24.26,25.8,24.25,25.0,388168
2011-11-02,24.47,25.02,23.0,24.97,389609
2011-11-03,25.24,25.53,24.95,25.08,376245
2011-11-04,24.79,25.29,24.79,25.24,242954
2011-11-07,25.15,25.6,24.7,25.29,346908
2011-11-08,25.43,25.9,24.91,25.8,167075
2011-11-09,25.51,25.6,24.62,24.66,194257
2011-11-10,24.99,24.99,24.06,24.21,102088
2011-11-11,24.44,24.81,24.35,24.64,187818
2011-11-14,24.64,25.16,24.64,25.02,165780
2011-11-15,25.02,25.39,24.55,25.31,134735
2011-11-16,25.12,25.68,24.86,25.2,203561
2011-11-17,25.14,25.44,24.47,25.11,187509
2011-11-18,25.1,25.1,24.25,24.44,122756
2011-11-21,24.08,24.24,22.77,23.11,162248
2011-11-22,23.22,23.71,22.97,23.06,155973
2011-11-23,23.0,23.06,21.81,22.11,162921
2011-11-25,21.98,22.29,21.94,22.18,99468
2011-11-28,22.97,23.72,22.97,23.72,191348
2011-11-29,23.67,24.01,23.02,23.77,202066
2011-11-30,24.68,25.23,24.59,25.03,420206
2011-12-01,24.95,25.06,23.73,24.68,176270
2011-12-02,25.01,25.25,24.76,24.97,177032
2011-12-05,25.32,26.1,25.15,25.76,215639
2011-12-06,25.73,26.22,25.57,25.94,229203
2011-12-07,25.84,26.02,25.4,25.91,75412
2011-12-08,25.67,26.04,25.47,25.63,205371
2011-12-09,25.65,26.24,25.14,25.98,169291
2011-12-12,25.53,25.87,25.25,25.81,88025
2011-12-13,25.93,26.26,25.34,25.52,179334
2011-12-14,25.35,25.52,24.36,24.93,289271
2011-12-15,25.16,25.32,24.49,25.18,128466
2011-12-16,25.43,25.97,24.79,25.49,231855
2011-12-19,25.59,26.2,24.54,24.83,164712
2011-12-20,25.3,26.05,25.16,26.01,222374
2011-12-21,26.9,27.47,24.83,25.5,191416
2011-12-22,25.63,25.92,25.13,25.58,90621
2011-12-23,25.73,25.73,25.21,25.59,46688
2011-12-27,25.64,26.0,25.56,25.77,96110
2011-12-28,25.73,25.75,25.18,25.29,85432
2011-12-29,25.41,25.6,25.2,25.37,148240
2011-12-30,25.33,25.6,25.22,25.27,142290
2012-01-03,25.91,26.27,24.53,25.78,155849
2012-01-04,25.57,25.75,25.15,25.33,182043
2012-01-05,25.16,25.29,24.69,25.13,209493
2012-01-06,25.14,25.14,24.6,25.04,87189
2012-01-09,25.45,25.64,24.92,25.29,115454
2012-01-10,25.61,25.62,25.24,25.42,114023
2012-01-11,25.41,25.5,25.21,25.5,96664
2012-01-12,25.63,25.84,25.27,25.81,98544
2012-01-13,25.62,25.78,25.37,25.63,85340
2012-01-17,25.82,26.24,25.81,26.18,168519
2012-01-18,26.2,27.07,25.88,26.89,167820
2012-01-19,27.11,27.58,26.91,27.2,260698
2012-01-20,27.32,27.4,26.79,27.02,205878
2012-01-23,27.16,27.46,26.71,27.33,154376
2012-01-24,27.22,27.54,27.11,27.3,164718
2012-01-25,27.42,27.53,26.97,27.42,256623
2012-01-26,27.65,27.93,27.05,27.15,177151
2012-01-27,27.1,28.14,27.1,27.51,126164
2012-01-30,27.37,27.37,26.11,26.25,123697
2012-01-31,26.28,26.38,25.62,25.72,121941
2012-02-01,25.81,26.1,25.51,26.07,282096
2012-02-02,26.21,27.45,26.03,27.44,155737
2012-02-03,27.89,28.97,27.47,28.66,243006
2012-02-06,28.61,28.91,28.17,28.53,75491
2012-02-07,28.54,28.54,27.98,28.11,81860
2012-02-08,28.24,28.24,26.89,27.06,97570
2012-02-09,27.21,27.39,26.95,27.07,109492
2012-02-10,26.86,27.92,26.66,27.1,121189
2012-02-13,27.26,27.81,26.99,27.23,118902
2012-02-14,27.23,27.92,26.7,26.9,154744
2012-02-15,27.09,27.34,26.32,26.63,152517
2012-02-16,25.28,25.87,23.58,24.19,1414819
2012-02-17,21.57,22.02,18.43,20.71,4200584
2012-02-21,20.72,20.99,19.9,20.53,1901144
2012-02-22,20.0,20.3,19.78,20.01,762842
2012-02-23,19.98,20.41,19.78,20.38,629997
2012-02-24,20.32,20.56,20.11,20.3,403016
2012-02-27,20.22,20.64,20.22,20.46,367317
2012-02-28,20.54,20.58,20.09,20.09,357574
2012-02-29,20.18,20.24,19.82,19.83,405876
2012-03-01,19.97,20.22,19.89,20.06,513356
2012-03-02,20.1,20.19,19.8,19.9,298697
2012-03-05,19.8,19.8,19.21,19.67,329420
2012-03-06,20.07,20.47,19.51,19.87,1036249
2012-03-07,19.93,19.97,19.52,19.74,198212
2012-03-08,19.76,20.19,19.5,20.15,413858
2012-03-09,20.05,21.77,20.05,21.56,571433
2012-03-12,21.54,21.79,21.3,21.52,341718
2012-03-13,21.61,21.91,21.26,21.87,565518
2012-03-14,21.77,21.89,20.73,20.85,690631
2012-03-15,20.9,21.34,20.44,21.22,842482
2012-03-16,21.18,21.53,19.64,20.38,736583
2012-03-19,20.35,20.48,19.34,19.77,574232
2012-03-20,19.63,19.85,18.82,19.28,707447
2012-03-21,19.26,19.37,18.66,18.82,479336
2012-03-22,18.68,18.82,18.31,18.66,778621
2012-03-23,18.74,18.95,18.31,18.64,246604
2012-03-26,18.81,19.14,18.73,19.13,317032
2012-03-27,19.13,19.45,18.92,19.14,358135
2012-03-28,19.19,19.36,18.72,19.13,218293
2012-03-29,18.96,19.18,18.81,19.09,174870
2012-03-30,19.25,19.25,18.99,19.17,201656
2012-04-02,19.1,19.25,18.88,19.02,358244
2012-04-03,18.92,19.31,18.51,18.59,1051668
2012-04-04,18.46,18.46,17.95,18.08,332281
2012-04-05,18.38,18.46,17.85,18.42,367750
2012-04-09,18.08,18.26,17.51,18.11,319221
2012-04-10,18.07,18.27,17.82,18.15,608881
2012-04-11,18.28,18.57,17.97,18.56,526880
2012-04-12,18.62,18.92,18.59,18.69,890894
2012-04-13,18.6,18.77,18.6,18.6,516885
2012-04-16,18.65,18.66,18.07,18.15,295764
2012-04-17,18.33,18.8,18.27,18.74,334710
2012-04-18,18.71,18.71,17.98,18.03,351050
2012-04-19,17.98,18.32,17.4,17.85,251717
2012-04-20,18.08,18.08,17.29,17.54,290779
2012-04-23,17.36,17.71,17.11,17.61,423068
2012-04-24,17.57,17.94,17.38,17.82,234294
2012-04-25,18.09,18.2,17.64,17.9,304442
2012-04-26,17.93,18.18,17.89,18.03,128171
2012-04-27,18.0,18.14,17.82,17.99,209748
2012-04-30,17.98,18.33,17.81,18.15,429716
2012-05-01,18.12,18.8,18.12,18.51,397283
2012-05-02,18.41,18.71,18.27,18.62,314514
2012-05-03,18.58,18.58,17.25,17.38,668117
2012-05-04,17.39,17.98,16.03,17.7,1435973
2012-05-07,17.54,18.0,17.54,17.96,326374
2012-05-08,17.8,18.14,17.35,18.1,328747
2012-05-09,17.98,18.24,17.74,18.12,288230
2012-05-10,18.17,18.47,17.92,18.41,246865
2012-05-11,18.25,19.07,18.25,18.64,352389
2012-05-14,18.42,18.55,18.14,18.4,249276
2012-05-15,18.39,18.69,18.25,18.3,173600
2012-05-16,18.34,18.75,18.18,18.29,247471
2012-05-17,18.34,18.76,18.02,18.28,247168
2012-05-18,18.3,18.71,18.05,18.4,268937
2012-05-21,18.39,18.97,18.16,18.91,208865
2012-05-22,18.88,18.95,18.5,18.66,401241
2012-05-23,18.53,19.6,18.5,19.4,402983
2012-05-24,19.4,19.6,18.63,19.01,305176
2012-05-25,18.97,19.09,18.7,18.88,173899
2012-05-29,18.96,18.98,18.19,18.58,223198
2012-05-30,18.38,18.64,18.0,18.05,153682
2012-05-31,18.02,18.05,17.49,17.85,356981
2012-06-01,17.55,17.85,17.13,17.33,263300
2012-06-04,17.44,18.01,17.24,17.78,432989
2012-06-05,17.77,18.25,17.54,18.17,174256
2012-06-06,18.27,18.64,17.04,17.26,705830
2012-06-07,17.48,17.68,16.88,16.92,390819
2012-06-08,16.91,17.27,16.85,17.12,297967
2012-06-11,17.25,17.3,16.99,17.04,184772
2012-06-12,17.05,17.83,16.53,17.68,426188
2012-06-13,17.7,18.16,17.24,17.91,381265
2012-06-14,17.82,17.94,17.44,17.72,526149
2012-06-15,17.64,18.97,17.53,18.92,410768
2012-06-18,18.8,19.2,18.58,19.12,196709
2012-06-19,19.14,20.2,19.14,20.0,992296
2012-06-20,20.0,20.2,19.79,20.11,500672
2012-06-21,20.14,20.44,19.95,20.16,358632
2012-06-22,20.29,21.11,20.14,21.01,992715
2012-06-25,20.74,21.16,20.62,21.02,361891
2012-06-26,21.06,21.76,20.97,21.66,339993
2012-06-27,21.75,22.15,21.56,21.68,395256
2012-06-28,21.57,22.02,21.36,21.79,315958
2012-06-29,22.21,23.37,22.07,23.16,434574
2012-07-02,23.26,23.42,22.89,23.1,343655
2012-07-03,23.11,23.34,22.7,22.92,188370
2012-07-05,22.81,23.16,22.8,22.92,125068
2012-07-06,22.67,22.79,21.95,22.26,293468
2012-07-09,22.27,22.38,21.73,21.8,238731
2012-07-10,21.92,22.06,20.96,21.04,248545
2012-07-11,21.19,21.33,20.97,21.26,115363
2012-07-12,21.11,21.24,20.65,21.17,122547
2012-07-13,21.22,21.88,21.16,21.77,125206
2012-07-16,21.67,22.11,21.61,21.69,195124
2012-07-17,21.85,22.54,21.33,22.47,179974
2012-07-18,22.46,23.24,22.29,22.82,369720
2012-07-19,22.8,22.91,22.06,22.21,422842
2012-07-20,22.26,22.26,21.42,21.59,325497
2012-07-23,21.23,21.61,20.55,21.41,329106
2012-07-24,21.47,21.53,20.76,20.81,373451
2012-07-25,20.97,21.17,20.85,21.02,501586
2012-07-26,21.35,21.99,21.25,21.68,1123953
2012-07-27,21.87,22.4,21.75,22.26,250532
2012-07-30,22.28,22.42,21.87,21.98,212647
2012-07-31,22.0,22.51,22.0,22.22,196742
2012-08-01,22.32,22.42,21.98,22.0,282812
2012-08-02,21.96,22.26,21.85,22.23,262428
2012-08-03,23.25,24.23,20.91,24.01,491129
2012-08-06,24.42,24.76,23.79,24.51,677765
2012-08-07,24.5,24.74,24.22,24.64,342759
2012-08-08,24.43,24.98,24.43,24.94,452896
2012-08-09,24.89,25.45,24.86,25.33,403996
2012-08-10,25.0,25.6,24.83,25.53,183726
2012-08-13,25.42,25.48,24.94,25.16,109478
2012-08-14,25.23,25.38,24.97,25.19,314614
2012-08-15,25.16,25.57,25.16,25.49,258518
2012-08-16,25.42,25.9,25.42,25.8,153529
2012-08-17,25.71,25.88,25.7,25.8,166917
2012-08-20,25.97,25.98,25.44,25.58,412762
2012-08-21,25.75,25.75,25.19,25.48,199062
2012-08-22,25.47,25.71,25.19,25.49,193795
2012-08-23,25.46,25.65,25.03,25.54,169308
2012-08-24,25.41,26.13,25.04,26.06,356839
2012-08-27,26.1,26.52,25.66,25.73,165771
2012-08-28,25.67,25.9,25.4,25.59,255887
2012-08-29,25.56,25.79,25.29,25.45,936681
2012-08-30,25.39,25.39,24.4,24.92,368953
2012-08-31,25.16,25.6,24.88,25.51,176387
2012-09-04,25.5,25.74,25.03,25.52,142268
2012-09-05,26.54,26.54,25.08,25.48,197751
2012-09-06,25.66,25.85,25.45,25.63,229839
2012-09-07,25.76,25.81,25.06,25.24,207323
2012-09-10,25.23,25.48,24.82,25.05,352859
2012-09-11,25.15,25.52,24.86,25.5,369922
2012-09-12,25.56,26.37,25.52,26.26,407426
2012-09-13,26.39,26.99,25.94,26.01,412228
2012-09-14,24.73,25.47,23.93,24.13,1636564
2012-09-17,24.02,24.54,24.0,24.41,512006
2012-09-18,24.35,24.5,23.82,24.39,423294
2012-09-19,24.34,24.5,24.23,24.29,262246
2012-09-20,24.11,24.28,23.66,23.71,281866
2012-09-21,23.98,24.12,23.7,23.92,455953
2012-09-24,23.73,23.92,23.23,23.4,282140
2012-09-25,23.54,23.55,22.82,22.87,416110
2012-09-26,22.86,23.09,22.41,23.02,495563
2012-09-27,23.12,23.34,22.8,23.0,238450
2012-09-28,22.87,23.17,22.45,22.6,223972
2012-10-01,22.32,22.6,21.89,22.33,359294
2012-10-02,22.41,22.6,21.98,22.56,288754
2012-10-03,22.55,23.1,22.36,23.0,408497
2012-10-04,23.01,23.1,22.65,23.1,202278
2012-10-05,23.12,23.3,22.89,23.0,243113
2012-10-08,22.85,23.01,22.61,22.79,91686
2012-10-09,22.74,22.74,22.22,22.31,151083
2012-10-10,22.38,22.79,22.21,22.77,421459
2012-10-11,22.97,23.06,22.84,22.94,880804
2012-10-12,22.95,23.13,22.67,22.74,163020
2012-10-15,22.83,23.1,22.53,23.02,351872
2012-10-16,23.2,23.25,22.86,23.15,242520
2012-10-17,23.12,23.15,22.51,22.69,146404
2012-10-18,22.72,22.85,22.1,22.29,390988
2012-10-19,22.14,22.15,21.07,21.33,221541
2012-10-22,21.33,21.98,20.93,20.99,135464
2012-10-23,20.87,21.44,20.5,21.4,282948
2012-10-24,21.5,21.56,21.0,21.04,104825
2012-10-25,21.18,21.24,21.0,21.18,89118
2012-10-26,21.12,21.22,20.68,20.99,127789
2012-10-31,20.94,21.93,20.94,21.83,237659
2012-11-01,21.84,23.96,21.8,21.85,426190
2012-11-02,21.96,21.96,21.39,21.57,162750
2012-11-05,21.56,21.7,21.15,21.24,92054
2012-11-06,21.29,21.32,20.7,20.78,120613
2012-11-07,20.55,20.69,20.12,20.29,212410
2012-11-08,18.66,19.19,16.92,18.71,1043497
2012-11-09,18.5,18.95,18.25,18.91,254410
2012-11-12,18.92,19.0,17.3,17.49,516310
2012-11-13,17.42,17.99,17.36,17.67,354985
2012-11-14,17.76,17.83,17.6,17.8,330056
2012-11-15,17.8,18.59,17.8,18.57,462176
2012-11-16,18.51,19.17,18.51,19.12,626837
2012-11-19,19.35,19.84,19.31,19.38,310605
2012-11-20,19.32,19.49,18.31,19.3,217493
2012-11-21,19.29,19.38,19.0,19.35,123527
2012-11-23,19.45,19.68,18.8,19.51,72121
2012-11-26,19.51,19.69,19.34,19.67,329487
2012-11-27,19.65,19.85,19.5,19.54,284377
2012-11-28,19.5,19.71,19.5,19.65,474333
2012-11-29,19.82,20.09,19.71,20.07,575149
2012-11-30,20.1,20.24,19.49,19.79,411144
2012-12-03,19.95,19.95,19.5,19.66,169606
2012-12-04,19.66,19.94,19.46,19.52,563138
2012-12-05,19.55,20.01,19.5,19.85,268887
2012-12-06,19.78,20.0,19.69,19.87,136163
2012-12-07,19.98,19.98,19.62,19.87,165478
2012-12-10,19.84,20.0,19.17,19.85,347155
2012-12-11,19.91,20.1,19.81,20.06,436352
2012-12-12,20.1,20.37,19.93,20.14,308604
2012-12-13,20.16,20.84,20.03,20.51,249582
2012-12-14,20.4,20.6,20.17,20.37,234171
2012-12-17,20.41,20.7,20.32,20.61,189353
2012-12-18,20.7,21.26,20.67,21.26,202760
2012-12-19,21.19,21.43,20.88,21.0,252174
2012-12-20,21.01,21.66,20.98,21.61,634490
2012-12-21,21.49,21.76,21.47,21.57,482511
2012-12-24,21.5,21.7,21.4,21.61,180338
2012-12-26,21.73,21.94,21.41,21.52,201712
2012-12-27,21.5,21.8,21.2,21.56,265986
2012-12-28,21.4,22.08,21.04,21.13,531184
2012-12-31,21.09,21.93,21.09,21.57,281967
2013-01-02,22.08,22.08,21.18,21.76,400122
2013-01-03,21.73,21.87,21.35,21.45,232922
2013-01-04,21.58,22.03,21.34,21.75,208783
2013-01-07,21.57,21.8,21.22,21.56,269629
2013-01-08,21.48,21.74,21.35,21.43,290659
2013-01-09,21.47,21.6,21.35,21.6,215141
2013-01-10,21.68,21.68,21.47,21.55,140585
2013-01-11,21.59,22.04,21.51,22.04,110012
2013-01-14,21.92,22.74,21.72,22.43,235526
2013-01-15,22.32,22.43,21.9,22.27,134410
2013-01-16,22.18,22.2,21.84,21.92,80774
2013-01-17,22.06,22.25,21.92,22.16,86238
2013-01-18,22.11,22.6,22.1,22.52,125813
2013-01-22,22.57,23.05,22.4,23.04,182261
2013-01-23,23.06,23.12,22.84,23.01,144364
2013-01-24,22.96,23.25,22.85,23.22,161418
2013-01-25,23.25,23.49,22.87,23.06,274562
2013-01-28,23.07,23.28,22.68,22.82,159472
2013-01-29,22.77,23.0,22.59,22.93,111462
2013-01-30,22.83,23.05,22.65,22.98,213339
2013-01-31,22.92,23.5,22.44,23.34,415628
2013-02-01,23.47,23.8,22.46,23.65,421558
2013-02-04,23.49,23.56,22.73,23.22,368012
2013-02-05,23.34,23.58,23.27,23.42,115442
2013-02-06,23.32,23.54,23.13,23.47,91193
2013-02-07,23.53,23.53,22.92,23.36,160984
2013-02-08,23.4,23.6,23.35,23.47,99176
2013-02-11,23.5,23.53,22.0,23.37,112803
2013-02-12,23.33,23.98,23.29,23.81,165600
2013-02-13,23.87,23.99,23.71,23.85,115339
2013-02-14,23.87,24.33,23.86,23.96,249557
2013-02-15,24.11,24.54,23.48,23.61,141439
2013-02-19,23.71,23.9,22.39,22.48,547522
2013-02-20,22.51,22.57,21.01,21.17,865514
2013-02-21,21.18,21.19,20.07,20.83,670872
2013-02-22,20.91,21.7,20.86,21.68,341935
2013-02-25,21.79,21.91,21.54,21.6,313388
2013-02-26,21.68,21.76,21.08,21.39,253162
2013-02-27,21.43,21.75,21.4,21.49,222694
2013-02-28,21.49,21.83,21.4,21.66,249455
2013-03-01,21.47,21.66,21.18,21.3,226597
2013-03-04,21.19,21.49,20.85,20.95,401011
2013-03-05,21.08,21.22,20.92,21.08,333389
2013-03-06,21.17,21.34,21.08,21.19,191315
2013-03-07,21.13,21.15,20.67,20.7,205615
2013-03-08,20.89,20.92,20.63,20.77,427289
2013-03-11,20.78,21.41,20.77,21.0,273095
2013-03-12,20.19,20.29,19.9,19.94,932653
2013-03-13,20.01,20.01,19.57,19.78,330270
2013-03-14,19.79,19.88,19.54,19.82,250542
2013-03-15,19.87,19.87,19.46,19.5,256598
2013-03-18,19.29,19.51,19.24,19.39,249142
2013-03-19,19.47,19.5,19.27,19.39,430040
2013-03-20,19.54,19.92,19.31,19.88,229867
2013-03-21,19.77,20.08,19.73,20.03,197752
2013-03-22,20.07,20.13,19.95,20.04,380905
2013-03-25,20.05,20.06,19.93,20.05,283074
2013-03-26,20.13,20.31,19.96,20.28,221673
2013-03-27,20.22,20.42,19.97,20.4,171123
2013-03-28,20.44,20.93,20.29,20.71,302515
2013-04-01,20.66,20.93,20.19,20.37,175514
2013-04-02,20.38,20.46,20.2,20.34,123179
2013-04-03,20.42,20.42,19.93,19.96,151740
2013-04-04,19.95,19.98,19.63,19.96,125861
2013-04-05,19.62,20.06,19.43,19.99,98458
2013-04-08,19.82,19.96,19.5,19.69,135902
2013-04-09,19.73,19.97,19.63,19.84,122295
2013-04-10,19.91,20.58,19.87,20.42,254046
2013-04-11,20.46,20.46,20.04,20.07,151568
2013-04-12,20.01,20.04,19.4,19.98,86142
2013-04-15,19.74,19.78,19.21,19.48,188401
2013-04-16,19.66,20.26,19.34,20.18,280412
2013-04-17,20.08,20.08,19.5,19.86,366367
2013-04-18,19.95,20.03,19.44,19.57,292465
2013-04-19,19.6,19.98,19.42,19.75,123148
2013-04-22,19.77,19.99,19.56,19.74,90448
2013-04-23,19.87,20.35,19.8,20.09,115813
2013-04-24,20.07,20.24,19.95,20.13,84031
2013-04-25,20.2,20.81,20.13,20.34,257219
2013-04-26,20.34,20.77,20.24,20.45,150112
2013-04-29,20.54,20.7,20.18,20.34,207313
2013-04-30,20.29,21.65,20.1,20.4,129484
2013-05-01,20.34,20.41,19.55,19.6,242137
2013-05-02,19.6,20.03,19.57,19.75,403088
2013-05-03,19.33,19.6,17.43,19.1,1789756
2013-05-06,19.12,19.45,19.06,19.42,269677
2013-05-07,19.43,19.8,19.31,19.78,161933
2013-05-08,19.75,20.4,19.37,19.72,226986
2013-05-09,19.64,19.64,19.41,19.51,165295
2013-05-10,19.48,20.06,19.48,20.01,233600
2013-05-13,20.04,20.04,19.65,19.81,219048
2013-05-14,19.89,20.37,19.88,20.35,182753
2013-05-15,19.45,19.52,19.16,19.32,511273
2013-05-16,19.33,19.56,19.24,19.36,262186
2013-05-17,19.47,19.56,19.3,19.5,240653
2013-05-20,19.5,19.5,19.19,19.36,157403
2013-05-21,19.41,19.59,19.22,19.52,133830
2013-05-22,19.6,19.7,19.04,19.27,278597
2013-05-23,19.08,19.71,19.01,19.66,133590
2013-05-24,19.5,19.9,19.32,19.69,135219
2013-05-28,19.87,20.04,19.27,19.39,167973
2013-05-29,19.29,19.35,18.92,19.13,104370
2013-05-30,19.25,19.87,19.01,19.24,131800
2013-05-31,19.09,19.32,18.98,19.04,552841
2013-06-03,19.03,19.07,18.36,18.64,527236
2013-06-04,18.61,18.75,18.27,18.39,210527
2013-06-05,18.0,18.55,17.54,17.73,540087
2013-06-06,17.7,17.95,17.4,17.61,239464
2013-06-07,17.67,18.1,17.19,17.24,380709
2013-06-10,17.25,17.51,17.12,17.21,326666
2013-06-11,17.0,17.24,16.88,17.06,143383
2013-06-12,17.22,17.35,16.89,17.17,213474
2013-06-13,17.2,17.93,17.06,17.46,488232
2013-06-14,17.49,17.67,17.16,17.18,140878
2013-06-17,17.37,17.47,17.25,17.32,237637
2013-06-18,17.38,17.65,17.08,17.57,398552
2013-06-19,17.59,18.1,17.54,17.9,351257
2013-06-20,17.68,18.32,17.68,18.25,297956
2013-06-21,18.32,18.39,17.84,18.19,607443
2013-06-24,18.06,18.18,17.72,18.01,620915
2013-06-25,18.23,18.23,17.82,17.96,218008
2013-06-26,18.05,18.17,17.99,18.11,306424
2013-06-27,18.18,18.75,18.03,18.73,261325
2013-06-28,18.71,18.82,18.23,18.34,1577248
2013-07-01,18.35,18.75,18.22,18.71,218006
2013-07-02,18.73,18.88,18.44,18.82,267168
2013-07-03,18.68,18.88,18.25,18.51,250384
2013-07-05,18.99,18.99,18.39,18.72,262933
2013-07-08,18.81,19.42,18.52,19.37,310929
2013-07-09,19.5,19.91,19.49,19.67,542142
2013-07-10,19.65,19.82,19.61,19.8,260502
2013-07-11,20.02,20.09,19.76,20.01,211316
2013-07-12,19.95,20.24,19.88,20.16,253479
2013-07-15,20.17,20.37,20.03,20.27,145466
2013-07-16,20.23,20.89,19.98,20.07,237420
2013-07-17,20.15,20.39,19.93,20.38,295624
2013-07-18,20.44,20.48,20.02,20.17,169104
2013-07-19,20.05,20.53,20.0,20.38,213639
2013-07-22,20.26,20.5,20.09,20.3,250484
2013-07-23,20.3,20.61,20.15,20.22,257737
2013-07-24,20.42,20.79,20.03,20.17,229043
2013-07-25,20.09,20.47,20.09,20.3,383338
2013-07-26,20.16,20.35,20.06,20.15,234120
2013-07-29,20.05,20.15,19.88,19.91,116169
2013-07-30,20.02,20.3,19.83,20.08,234031
2013-07-31,20.15,20.26,20.02,20.16,236026
2013-08-01,20.29,20.57,20.13,20.54,460035
2013-08-02,21.21,23.38,21.21,21.92,686204
2013-08-05,21.84,21.86,20.18,21.41,948009
2013-08-06,21.31,21.34,21.01,21.11,612907
2013-08-07,21.0,21.11,20.77,20.98,514955
2013-08-08,21.01,21.09,20.86,21.0,487082
2013-08-09,20.92,21.15,20.92,21.1,274333
2013-08-12,21.03,21.4,20.72,20.82,476395
2013-08-13,20.79,21.25,20.61,20.82,421662
2013-08-14,20.83,20.96,20.5,20.68,221099
2013-08-15,20.46,20.47,20.02,20.22,547939
2013-08-16,20.14,20.32,19.89,19.96,336764
2013-08-19,19.74,20.29,19.73,19.87,432685
2013-08-20,19.95,20.39,19.83,20.34,324662
2013-08-21,20.26,20.48,19.85,20.33,176094
2013-08-22,20.44,20.84,19.73,20.69,381344
2013-08-23,20.67,21.28,20.5,20.66,160722
2013-08-26,20.68,20.93,20.48,20.89,446752
2013-08-27,20.65,20.99,20.41,20.49,224715
2013-08-28,20.46,20.98,20.29,20.77,427808
2013-08-29,20.68,21.19,20.51,20.86,244477
2013-08-30,20.79,21.01,20.65,20.71,201731
2013-09-03,20.96,21.09,20.7,20.91,224634
2013-09-04,20.91,21.17,20.8,20.95,220981
2013-09-05,20.92,21.02,20.7,20.9,270002
2013-09-06,20.94,21.17,20.67,21.1,384214
2013-09-09,21.1,21.51,21.02,21.44,226430
2013-09-10,21.47,21.89,21.47,21.88,202090
2013-09-11,21.78,21.97,21.65,21.89,146182
2013-09-12,21.91,22.39,21.84,22.19,219839
2013-09-13,22.28,22.34,22.0,22.24,186484
2013-09-16,22.46,22.46,22.02,22.16,168189
2013-09-17,22.16,23.29,22.05,23.06,349574
2013-09-18,23.12,23.83,22.79,23.81,352798
2013-09-19,23.92,23.98,23.26,23.36,211810
2013-09-20,23.36,23.58,23.08,23.39,722010
2013-09-23,23.35,23.5,23.16,23.36,378738
2013-09-24,23.42,23.57,23.0,23.38,227481
2013-09-25,23.34,23.62,23.14,23.18,194480
2013-09-26,23.17,23.4,23.17,23.35,170098
2013-09-27,23.18,23.47,22.94,23.4,461485
2013-09-30,22.29,23.31,21.94,23.11,840128
2013-10-01,23.05,24.58,22.99,24.36,585339
2013-10-02,24.32,24.9,24.23,24.77,607892
2013-10-03,24.76,24.79,23.86,24.4,479174
2013-10-04,24.33,25.0,24.33,24.7,365426
2013-10-07,24.4,24.46,23.95,24.26,491603
2013-10-08,24.31,24.41,23.72,23.97,596481
2013-10-09,24.0,24.14,23.74,23.83,248268
2013-10-10,24.11,24.17,23.83,24.03,266739
2013-10-11,23.92,24.59,23.92,24.43,314674
2013-10-14,24.32,24.7,24.19,24.7,177049
2013-10-15,24.66,24.71,23.8,24.39,233983
2013-10-16,24.6,24.88,24.59,24.85,186901
2013-10-17,24.7,25.33,24.44,25.29,247009
2013-10-18,25.46,26.01,25.25,25.66,388575
2013-10-21,25.65,25.82,25.25,25.29,262280
2013-10-22,25.42,26.34,24.96,25.29,317195
2013-10-23,25.17,25.42,24.32,24.91,429391
2013-10-24,25.02,25.6,24.67,25.39,224717
2013-10-25,25.49,25.78,25.16,25.18,173521
2013-10-28,25.23,25.52,24.97,25.22,218137
2013-10-29,25.23,25.7,24.87,25.14,139752
2013-10-30,25.22,25.29,24.54,24.74,207188
2013-10-31,24.74,24.92,24.52,24.53,178445
2013-11-01,24.5,24.86,23.72,23.98,304370
2013-11-04,24.22,25.32,23.41,24.34,334921
2013-11-05,24.26,24.31,23.96,24.08,341935
2013-11-06,24.29,24.73,24.11,24.46,219689
2013-11-07,24.63,24.63,23.8,24.04,154765
2013-11-08,23.87,26.02,23.41,25.89,478242
2013-11-11,25.77,25.9,25.1,25.64,386846
2013-11-12,25.49,25.8,25.33,25.7,171485
2013-11-13,25.48,25.83,25.35,25.78,203886
2013-11-14,25.71,25.71,25.31,25.41,129927
2013-11-15,25.35,25.76,25.04,25.74,347904
2013-11-18,25.71,25.73,24.62,24.72,364570
2013-11-19,24.67,24.73,24.05,24.11,207094
2013-11-20,24.27,24.43,24.04,24.12,235520
2013-11-21,24.24,24.44,23.74,24.3,390415
2013-11-22,24.28,24.34,23.95,24.0,439697
2013-11-25,24.07,24.07,23.15,23.2,401408
2013-11-26,23.15,23.27,22.74,22.75,319551
2013-11-27,22.77,22.77,22.42,22.46,325763
2013-11-29,22.59,22.77,22.31,22.41,226043
2013-12-02,22.41,22.44,21.96,21.98,676669
2013-12-03,21.91,22.1,21.79,21.99,977377
2013-12-04,21.89,22.08,21.68,21.89,258454
2013-12-05,21.84,22.05,21.76,21.85,159139
2013-12-06,22.08,22.42,21.6,21.71,350672
2013-12-09,21.75,21.8,21.5,21.79,613491
2013-12-10,21.8,21.81,21.2,21.41,380465
2013-12-11,21.45,21.64,21.25,21.27,424541
2013-12-12,21.35,21.52,21.06,21.22,608204
2013-12-13,21.23,21.84,21.23,21.74,297392
2013-12-16,21.77,22.57,21.77,22.17,264250
2013-12-17,22.12,22.3,21.96,22.26,332657
2013-12-18,22.34,22.81,22.02,22.48,370110
2013-12-19,22.51,22.54,22.06,22.18,328333
2013-12-20,22.29,22.75,22.1,22.61,645069
2013-12-23,22.78,22.9,22.49,22.71,410251
2013-12-24,22.8,22.94,22.42,22.68,108800
2013-12-26,22.72,22.95,22.32,22.59,182460
2013-12-27,22.67,22.94,22.47,22.64,151242
2013-12-30,22.56,23.06,22.46,22.65,716997
2013-12-31,22.63,23.55,22.5,23.38,486202
2014-01-02,23.21,23.45,22.29,22.4,413189
2014-01-03,22.4,22.67,22.06,22.46,141023
2014-01-06,22.52,22.64,21.92,21.95,297666
2014-01-07,22.0,22.23,21.81,22.18,265933
2014-01-08,22.09,22.15,21.59,21.7,213019
2014-01-09,21.84,21.84,21.2,21.4,219110
2014-01-10,21.46,21.59,20.92,21.14,177929
2014-01-13,21.01,21.35,20.13,20.54,301692
2014-01-14,20.61,20.89,20.2,20.71,331491
2014-01-15,20.83,21.37,20.65,21.31,522006
2014-01-16,21.2,21.44,20.83,21.02,218507
2014-01-17,21.0,21.79,21.0,21.64,270999
2014-01-21,21.79,21.83,21.39,21.61,199071
2014-01-22,21.6,22.12,21.54,21.89,199177
2014-01-23,21.83,21.9,21.66,21.87,327073
2014-01-24,21.69,21.81,21.32,21.44,300041
2014-01-27,21.57,21.57,21.16,21.34,343591
2014-01-28,21.31,21.68,21.22,21.6,258765
2014-01-29,21.45,21.77,21.15,21.49,258974
2014-01-30,21.76,22.34,21.74,22.15,288627
2014-01-31,21.75,22.86,21.54,22.48,449971
2014-02-03,22.5,22.69,21.37,21.51,699808
2014-02-04,21.6,22.02,20.94,20.95,313604
2014-02-05,20.84,20.84,20.13,20.6,242788
2014-02-06,20.6,20.76,20.47,20.73,211911
2014-02-07,20.76,21.01,20.45,20.91,183409
2014-02-10,20.98,21.15,20.65,21.05,200542
2014-02-11,21.04,21.53,20.98,21.07,122254
2014-02-12,21.05,21.33,20.62,21.24,620187
2014-02-13,20.99,21.64,20.94,21.63,278541
2014-02-14,21.6,21.75,21.3,21.5,162955
2014-02-18,21.55,21.78,21.19,21.3,236998
2014-02-19,21.16,21.29,20.51,20.6,262484
2014-02-20,20.6,20.6,20.21,20.42,318143
2014-02-21,20.53,21.01,20.42,20.7,369671
2014-02-24,20.66,21.53,20.66,20.72,546157
2014-02-25,15.5,16.36,15.4,16.03,12288386
2014-02-26,16.48,16.92,15.92,16.31,2849055
2014-02-27,16.8,17.75,16.74,17.75,2458307
2014-02-28,17.83,17.83,17.26,17.7,1180523
2014-03-03,17.56,18.13,17.38,18.07,1148155
2014-03-04,18.32,18.94,18.19,18.68,1309156
2014-03-05,18.65,18.7,18.05,18.36,1636830
2014-03-06,18.35,18.61,18.05,18.48,924487
2014-03-07,18.64,18.64,18.23,18.46,665373
2014-03-10,18.36,18.52,18.22,18.49,822960
2014-03-11,18.46,18.6,18.2,18.48,974843
2014-03-12,18.31,18.7,18.3,18.65,530184
2014-03-13,18.71,18.71,18.45,18.53,695173
2014-03-14,18.45,18.79,18.45,18.77,735699
2014-03-17,18.93,19.14,18.79,18.9,466704
2014-03-18,18.87,19.14,18.75,19.08,278961
2014-03-19,19.03,19.16,18.98,19.02,306968
2014-03-20,18.97,19.24,18.97,19.07,189036
2014-03-21,19.12,19.12,18.64,18.71,829461
2014-03-24,18.7,18.78,18.22,18.47,1153199
2014-03-25,18.62,18.85,17.98,18.25,1463885
2014-03-26,18.39,18.45,17.98,18.1,682567
2014-03-27,18.07,18.15,17.74,17.88,601983
2014-03-28,17.86,18.09,17.68,17.87,472984
2014-03-31,17.91,18.27,17.89,18.16,381007
2014-04-01,18.24,18.41,18.16,18.39,338583
2014-04-02,18.48,18.48,18.15,18.26,247165
2014-04-03,18.3,18.35,18.03,18.15,307291
2014-04-04,18.3,18.3,17.42,17.44,627070
2014-04-07,17.32,17.57,17.2,17.42,480239
2014-04-08,17.39,17.84,17.32,17.68,264287
2014-04-09,17.8,18.19,17.74,18.14,354377
2014-04-10,18.08,18.21,17.44,17.56,384138
2014-04-11,17.38,17.82,17.0,17.14,425217
2014-04-14,17.36,17.53,17.12,17.42,254935
2014-04-15,17.49,17.85,17.38,17.8,353751
2014-04-16,17.96,18.17,17.79,18.08,381902
2014-04-17,18.05,18.22,17.95,18.09,378629
2014-04-21,18.15,18.25,18.0,18.14,183400
2014-04-22,18.13,18.46,18.09,18.45,225949
2014-04-23,18.41,18.41,18.05,18.32,177140
2014-04-24,18.41,18.41,17.99,18.22,307664
2014-04-25,18.09,18.09,17.36,17.52,725520
2014-04-28,17.55,17.76,17.25,17.51,512766
2014-04-29,17.66,18.06,17.51,17.78,419816
2014-04-30,17.65,17.78,17.47,17.75,351804
2014-05-01,17.67,17.84,17.29,17.65,443170
2014-05-02,17.76,18.04,17.46,17.51,629320
2014-05-05,17.29,17.61,17.25,17.59,547033
2014-05-06,17.59,17.59,17.3,17.37,580937
2014-05-07,18.26,18.81,17.51,18.53,1108737
2014-05-08,18.4,18.89,18.29,18.46,373891
2014-05-09,18.34,18.79,18.22,18.71,259904
2014-05-12,18.78,19.44,18.78,19.25,408287
2014-05-13,19.22,19.42,18.88,18.93,449427
2014-05-14,18.85,19.03,18.67,18.73,218255
2014-05-15,18.56,19.14,18.37,18.96,429220
2014-05-16,18.93,19.46,18.88,19.46,297031
2014-05-19,19.38,20.02,19.34,20.02,412638
2014-05-20,20.03,20.34,19.79,20.32,1541962
2014-05-21,20.49,20.65,20.14,20.61,747729
2014-05-22,20.6,21.17,20.49,21.01,394520
2014-05-23,20.95,21.2,20.88,21.09,289659
2014-05-27,21.24,22.1,21.06,21.72,1177312
2014-05-28,21.71,21.89,21.11,21.38,323082
2014-05-29,21.35,21.63,21.11,21.35,352662
2014-05-30,21.41,21.45,20.91,21.21,334828
2014-06-02,21.17,21.18,20.74,21.07,244297
2014-06-03,20.94,21.78,20.92,21.69,436734
2014-06-04,21.63,21.78,21.03,21.32,868169
2014-06-05,21.3,21.59,21.08,21.43,454488
2014-06-06,21.45,21.77,21.33,21.76,675209
2014-06-09,21.69,21.87,21.44,21.48,398780
2014-06-10,21.46,21.52,21.22,21.42,209415
2014-06-11,21.3,21.56,21.19,21.38,340762
2014-06-12,21.35,21.35,21.0,21.18,388634
2014-06-13,21.3,21.45,20.87,21.22,703880
2014-06-16,21.24,22.05,21.22,21.95,528162
2014-06-17,21.98,22.02,21.71,21.8,407420
2014-06-18,21.84,21.94,21.62,21.86,630580
2014-06-19,21.93,22.05,21.65,21.94,787752
2014-06-20,22.0,22.26,21.73,22.16,1337478
2014-06-23,22.15,22.34,21.96,22.03,232545
2014-06-24,21.96,21.96,21.62,21.68,269064
2014-06-25,21.51,21.88,21.38,21.79,472985
2014-06-26,21.8,22.05,21.53,22.0,217888
2014-06-27,21.86,22.46,21.69,22.36,896052
2014-06-30,22.21,22.56,22.11,22.48,381855
2014-07-01,22.6,22.81,22.33,22.67,448667
2014-07-02,22.71,22.99,22.45,22.63,502612
2014-07-03,22.71,22.94,22.65,22.82,89428
2014-07-07,22.52,22.55,22.25,22.29,300011
2014-07-08,22.26,22.38,21.95,22.32,275276
2014-07-09,22.42,22.79,22.35,22.55,325453
2014-07-10,22.01,22.44,21.76,22.12,311374
2014-07-11,22.01,22.08,21.55,21.71,381947
2014-07-14,21.89,22.35,21.69,22.09,249159
2014-07-15,22.14,22.33,21.88,22.17,382241
2014-07-16,22.3,22.45,21.96,22.06,137297
2014-07-17,21.88,22.03,21.41,21.42,290425
2014-07-18,15.82,17.55,15.71,16.68,9272911
2014-07-21,16.74,16.94,16.4,16.48,2565079
2014-07-22,16.52,16.74,16.29,16.37,1240032
2014-07-23,16.38,16.48,16.17,16.44,1214957
2014-07-24,16.49,16.62,16.28,16.48,874867
2014-07-25,16.38,16.54,16.3,16.37,841481
2014-07-28,16.34,16.4,16.14,16.21,480741
2014-07-29,16.22,16.32,16.08,16.25,612899
2014-07-30,16.33,16.4,16.22,16.31,454925
2014-07-31,16.15,16.28,15.96,16.1,912272
2014-08-01,16.11,16.17,15.82,15.94,560708
2014-08-04,15.96,16.03,15.82,15.92,933363
2014-08-05,15.5,15.72,14.95,15.0,1765969
2014-08-06,14.91,15.4,14.87,15.29,1437606
2014-08-07,15.38,15.57,15.0,15.19,633908
2014-08-08,15.14,15.69,15.14,15.52,478835
2014-08-11,15.55,15.9,15.54,15.66,338716
2014-08-12,15.6,15.82,15.44,15.58,591159
2014-08-13,15.61,15.88,15.54,15.71,445140
2014-08-14,15.67,16.03,15.67,15.72,296914
2014-08-15,15.86,15.97,15.31,15.54,338477
2014-08-18,15.66,16.18,15.57,16.1,326354
2014-08-19,16.16,16.22,16.0,16.13,300838
2014-08-20,16.09,16.18,15.78,15.85,392217
2014-08-21,15.81,16.06,15.81,16.05,226004
2014-08-22,16.06,16.15,15.97,16.1,372781
2014-08-25,16.14,16.15,15.54,15.9,471401
2014-08-26,15.96,16.34,15.91,16.32,438116
2014-08-27,16.33,16.48,16.11,16.38,237816
2014-08-28,16.33,16.33,15.91,15.92,156288
2014-08-29,15.92,16.25,15.83,16.12,175289
2014-09-02,16.23,16.23,15.95,16.06,215418
2014-09-03,16.11,16.31,15.92,16.0,159011
2014-09-04,16.07,16.19,15.9,15.91,115992
2014-09-05,15.85,16.01,15.79,15.87,183259
2014-09-08,15.86,16.11,15.86,15.89,319857
2014-09-09,15.91,16.22,15.8,15.81,473573
2014-09-10,15.83,16.03,15.81,16.03,170344
2014-09-11,15.92,16.16,15.79,16.07,198077
2014-09-12,16.11,16.12,15.75,15.9,218943
2014-09-15,15.88,15.89,15.51,15.61,136765
2014-09-16,15.6,15.72,15.33,15.46,180918
2014-09-17,15.42,15.7,15.42,15.57,141503
2014-09-18,15.61,15.85,15.61,15.72,99192
2014-09-19,15.6,15.7,15.09,15.41,814203
2014-09-22,15.32,15.56,15.09,15.41,309618
2014-09-23,15.39,15.87,15.24,15.3,279469
2014-09-24,15.33,15.45,15.15,15.42,196195
2014-09-25,15.36,15.39,15.0,15.26,202555
2014-09-26,15.29,15.45,14.92,15.44,151948
2014-09-29,15.26,15.56,15.25,15.49,114833
2014-09-30,15.53,15.64,15.47,15.5,321642
2014-10-01,15.55,15.66,15.34,15.51,426565
2014-10-02,15.54,16.4,15.47,16.33,323309
2014-10-03,16.5,16.56,16.17,16.27,325291
2014-10-06,16.31,16.44,16.09,16.3,341933
2014-10-07,16.17,16.17,15.56,15.69,328102
2014-10-08,15.69,16.27,15.45,16.23,319634
2014-10-09,16.17,16.32,15.81,15.86,382135
2014-10-10,15.75,16.15,15.37,15.66,446322
2014-10-13,15.66,15.92,15.47,15.75,746650
2014-10-14,15.93,16.32,15.93,16.21,415227
2014-10-15,15.97,16.83,15.86,16.74,544367
2014-10-16,16.52,17.0,16.37,16.7,341300
2014-10-17,16.93,16.93,16.19,16.29,361858
2014-10-20,16.17,16.36,16.07,16.27,304656
2014-10-21,16.31,16.66,16.23,16.27,319752
2014-10-22,16.36,16.38,15.84,15.86,308491
2014-10-23,16.07,16.35,16.02,16.12,319444
2014-10-24,17.97,19.06,17.84,18.35,1073899
2014-10-27,18.17,18.21,17.81,17.91,614941
2014-10-28,17.96,18.26,17.86,18.04,533594
2014-10-29,18.01,18.27,17.8,17.99,493542
2014-10-30,17.88,18.16,17.77,18.1,346415
2014-10-31,18.34,21.88,17.93,19.87,3428485
2014-11-03,20.5,21.3,19.95,20.84,2192872
2014-11-04,20.89,21.13,20.72,20.8,787472
2014-11-05,21.01,21.84,20.55,21.75,857760
2014-11-06,21.67,21.84,20.79,21.36,1026004
2014-11-07,21.29,21.66,21.05,21.54,734386
2014-11-10,21.51,21.83,21.25,21.51,492929
2014-11-11,21.55,22.62,21.53,22.47,479250
2014-11-12,22.47,22.8,22.11,22.46,442095
2014-11-13,22.46,22.75,21.64,21.75,367208
2014-11-14,21.7,22.03,21.4,21.98,460916
2014-11-17,21.9,22.12,21.6,21.69,318246
2014-11-18,21.79,21.95,21.17,21.27,300661
2014-11-19,21.19,21.32,20.79,20.94,261962
2014-11-20,20.83,21.54,20.83,21.52,183977
2014-11-21,21.89,21.89,21.06,21.08,144831
2014-11-24,21.07,21.65,20.88,20.96,338319
2014-11-25,21.02,21.12,20.76,20.86,364627
2014-11-26,20.84,21.0,20.23,20.5,354626
2014-11-28,20.51,20.82,20.47,20.56,148411
2014-12-01,20.52,21.0,20.28,20.85,333712
2014-12-02,20.84,21.3,20.17,21.15,326620
2014-12-03,21.22,21.43,21.05,21.2,320848
2014-12-04,21.23,21.32,20.83,20.91,265882
2014-12-05,20.9,21.28,20.8,21.01,211286
2014-12-08,20.93,21.34,20.68,21.0,175467
2014-12-09,20.81,21.58,20.76,21.47,193315
2014-12-10,21.45,21.55,21.18,21.23,157563
2014-12-11,21.35,21.7,21.31,21.5,327718
2014-12-12,21.23,21.88,21.23,21.51,281486
2014-12-15,21.64,21.76,21.28,21.5,257067
2014-12-16,21.5,21.99,21.49,21.55,191044
2014-12-17,21.55,22.4,21.24,22.38,258544
2014-12-18,22.74,23.11,22.43,22.92,202779
2014-12-19,22.79,22.96,22.43,22.5,346076
2014-12-22,22.51,22.7,22.01,22.19,124300
2014-12-23,22.21,22.5,22.04,22.37,136829
2014-12-24,22.47,22.74,22.39,22.51,55941
2014-12-26,22.5,22.76,22.49,22.67,51182
2014-12-29,22.61,22.82,22.27,22.36,215352
2014-12-30,22.32,22.59,21.54,21.72,99188
2014-12-31,21.82,22.28,21.7,21.96,157791
2015-01-02,22.1,22.58,21.4,21.5,126761
2015-01-05,21.33,21.76,20.92,21.19,130996
2015-01-06,21.19,21.7,20.38,20.46,140625
2015-01-07,20.66,21.07,20.09,20.22,132433
2015-01-08,20.28,20.69,20.0,20.49,108266
2015-01-09,20.44,20.52,19.99,20.12,106137
2015-01-12,20.11,20.11,19.61,19.62,79465
2015-01-13,19.82,20.21,19.25,19.58,194674
2015-01-14,19.41,19.57,19.18,19.3,136908
2015-01-15,19.02,19.81,19.0,19.57,440074
2015-01-16,19.5,20.08,19.5,20.03,226005
2015-01-20,20.09,20.5,19.82,20.25,189525
2015-01-21,20.15,20.34,19.42,19.76,222051
2015-01-22,19.85,20.34,19.6,20.33,132967
2015-01-23,20.35,20.81,20.29,20.37,72643
2015-01-26,20.24,20.24,19.93,20.0,84396
2015-01-27,19.81,19.81,19.08,19.16,239034
2015-01-28,19.25,19.62,18.37,18.54,293257
2015-01-29,18.52,18.59,18.21,18.59,242567
2015-01-30,18.42,18.9,17.97,18.01,363184
2015-02-02,18.09,19.1,17.9,19.1,167070
2015-02-03,19.25,20.12,19.18,19.9,458384
2015-02-04,19.75,19.98,19.7,19.85,252076
2015-02-05,19.97,20.0,19.29,19.62,181031
2015-02-06,19.55,19.93,19.22,19.6,244922
2015-02-09,19.48,19.68,18.74,19.46,107455
2015-02-10,19.65,19.69,19.32,19.52,74984
2015-02-11,19.45,19.57,18.97,18.99,59485
2015-02-12,19.04,19.14,18.77,18.81,136756
2015-02-13,18.87,19.36,18.69,19.3,226129
2015-02-17,19.38,19.67,18.96,19.44,109401
2015-02-18,19.44,19.55,19.38,19.4,183902
2015-02-19,19.31,19.62,19.31,19.41,100746
2015-02-20,19.45,19.75,19.25,19.7,102436
2015-02-23,19.6,19.6,19.01,19.49,124261
2015-02-24,19.57,20.13,19.19,19.74,191244
2015-02-25,19.79,20.13,19.48,19.66,114304
2015-02-26,19.57,19.94,19.52,19.66,123011
2015-02-27,19.65,20.78,19.6,20.23,578697
2015-03-02,20.27,20.46,19.93,19.94,382635
2015-03-03,19.82,20.95,19.56,19.76,205347
2015-03-04,19.6,20.12,19.6,19.78,251678
2015-03-05,19.78,20.12,19.67,19.92,178326
2015-03-06,19.78,20.24,19.78,19.85,217690
2015-03-09,19.95,20.13,19.52,19.68,313757
2015-03-10,19.58,20.04,19.14,19.92,122595
2015-03-11,19.9,20.19,19.7,20.05,183266
2015-03-12,20.18,20.18,19.18,19.29,3472399
2015-03-13,19.32,19.5,18.91,19.26,588872
2015-03-16,19.38,20.04,19.32,19.98,99159
2015-03-17,20.07,20.2,19.76,20.08,208563
2015-03-18,20.1,20.4,19.77,20.22,451163
2015-03-19,20.43,20.57,20.09,20.24,119094
2015-03-20,20.25,20.31,20.12,20.25,246068
2015-03-23,19.74,20.32,19.74,20.17,129083
2015-03-24,19.7,20.42,19.58,20.15,103064
2015-03-25,20.2,20.2,19.35,19.35,124499
2015-03-26,19.34,19.76,19.26,19.61,102181
2015-03-27,19.56,20.03,19.56,19.95,100651
2015-03-30,20.09,20.51,19.92,20.25,97627
2015-03-31,20.11,20.37,19.85,20.14,130702
2015-04-01,20.16,20.31,19.53,19.91,357014
2015-04-02,19.92,20.1,19.72,19.8,71349
2015-04-06,19.66,19.93,19.66,19.85,75529
2015-04-07,19.82,19.83,19.54,19.59,181947
2015-04-08,19.56,19.93,19.5,19.64,104889
2015-04-09,19.6,19.77,19.05,19.38,99604
2015-04-10,19.49,19.6,19.15,19.2,68219
2015-04-13,19.17,19.25,19.09,19.13,83928
2015-04-14,19.14,19.34,18.97,19.06,113016
2015-04-15,19.14,19.19,19.01,19.14,172123
2015-04-16,19.12,19.24,19.06,19.11,101796
2015-04-17,18.86,18.94,18.22,18.46,251602
2015-04-20,18.66,19.1,18.6,18.92,205992
2015-04-21,19.02,19.08,18.98,19.03,105576
2015-04-22,19.04,19.14,18.84,19.0,151549
2015-04-23,18.9,19.55,18.75,19.52,107024
2015-04-24,19.34,19.76,19.34,19.76,74663
2015-04-27,19.78,20.2,19.78,19.99,125781
2015-04-28,20.01,20.41,19.74,20.28,95008
2015-04-29,20.22,20.5,19.97,20.25,67775
2015-04-30,20.05,20.25,19.64,19.84,164629
2015-05-01,19.86,20.13,19.3,19.31,86812
2015-05-04,19.4,19.64,19.0,19.02,86183
2015-05-05,18.9,19.02,18.47,18.93,164498
2015-05-06,20.98,20.98,19.66,19.9,331157
2015-05-07,19.91,20.11,19.64,19.89,239654
2015-05-08,20.0,20.25,19.83,19.84,174018
2015-05-11,19.91,19.98,19.6,19.66,241515
2015-05-12,19.66,19.74,19.13,19.54,180727
2015-05-13,19.61,19.9,19.38,19.5,219630
2015-05-14,19.53,19.77,18.64,19.6,231028
2015-05-15,19.51,19.71,19.21,19.31,84652
2015-05-18,19.18,19.39,18.97,19.38,247453
2015-05-19,19.31,19.61,19.23,19.59,172302
2015-05-20,19.65,19.77,19.2,19.54,505327
2015-05-21,19.54,19.57,19.18,19.27,164977
2015-05-22,19.25,19.25,18.8,18.87,130302
2015-05-26,18.78,18.98,18.41,18.5,187979
2015-05-27,18.5,19.08,18.3,18.98,156240
2015-05-28,18.92,19.09,18.68,19.03,127369
2015-05-29,18.99,19.02,18.25,18.26,204461
2015-06-01,18.41,18.55,17.94,18.28,182792
2015-06-02,18.22,18.28,17.66,17.75,229087
2015-06-03,17.87,18.56,17.75,18.41,310015
2015-06-04,18.34,18.8,18.02,18.64,1054435
2015-06-05,18.59,19.23,18.5,19.19,215791
2015-06-08,19.11,19.18,18.77,19.01,216095
2015-06-09,18.96,19.07,18.83,18.94,272469
2015-06-10,18.99,19.35,18.89,19.1,173017
2015-06-11,19.11,19.4,19.01,19.35,132606
2015-06-12,19.25,19.46,19.08,19.45,153993
2015-06-15,19.36,19.53,19.1,19.45,103204
2015-06-16,19.36,19.93,19.36,19.83,112972
2015-06-17,19.86,20.3,19.8,19.94,1039561
2015-06-18,20.01,20.29,19.86,20.12,145315
2015-06-19,20.14,20.32,19.85,20.09,228025
2015-06-22,20.26,20.37,20.04,20.19,98317
2015-06-23,20.36,20.36,20.06,20.22,253168
2015-06-24,20.12,20.23,19.66,19.84,212824
2015-06-25,19.97,19.97,19.52,19.63,247690
2015-06-26,19.6,19.75,19.25,19.43,216658
2015-06-29,19.29,19.49,19.0,19.04,166102
2015-06-30,19.25,19.28,18.96,19.07,132311
2015-07-01,19.26,19.36,19.02,19.16,125871
2015-07-02,19.22,19.26,18.79,19.15,120939
2015-07-06,19.02,19.25,18.88,19.11,92581
2015-07-07,19.1,19.39,18.98,19.31,128830
2015-07-08,19.42,19.42,18.98,19.24,594235
2015-07-09,19.44,19.44,19.0,19.04,354123
2015-07-10,19.21,19.32,19.03,19.23,233048
2015-07-13,19.21,19.53,19.21,19.31,128598
2015-07-14,19.32,19.73,19.28,19.48,356110
2015-07-15,19.44,19.59,19.24,19.27,63860
2015-07-16,19.38,19.51,19.25,19.35,59107
2015-07-17,19.43,19.43,18.9,19.09,167954
2015-07-20,19.05,19.14,18.96,19.0,106806
2015-07-21,18.95,19.27,18.88,19.22,167730
2015-07-22,19.11,19.4,19.11,19.32,124681
2015-07-23,19.39,19.48,18.93,19.01,159413
2015-07-24,19.01,19.33,18.83,19.16,186423
2015-07-27,19.05,19.05,18.89,18.99,112760
2015-07-28,19.02,19.06,18.45,18.98,242652
2015-07-29,18.96,19.2,18.71,19.01,139486
2015-07-30,18.88,19.48,18.85,19.23,155703
2015-07-31,19.24,19.5,19.11,19.2,212866
2015-08-03,19.26,19.43,18.94,19.28,175571
2015-08-04,19.26,19.45,19.08,19.38,145902
2015-08-05,19.47,19.82,19.29,19.38,235138
2015-08-06,19.72,20.0,19.13,19.3,729925
2015-08-07,19.16,19.94,18.24,18.35,266580
2015-08-10,18.41,18.9,18.3,18.79,293224
2015-08-11,18.63,19.4,18.63,18.96,262063
2015-08-12,18.79,19.13,18.79,19.11,261215
2015-08-13,19.06,19.27,18.98,19.0,178233
2015-08-14,19.0,19.35,18.8,19.31,165694
2015-08-17,19.19,19.77,19.04,19.71,272672
2015-08-18,19.66,19.7,19.28,19.31,186919
2015-08-19,19.19,19.57,19.02,19.35,193782
2015-08-20,19.16,19.39,19.0,19.0,219176
2015-08-21,18.66,19.27,18.66,18.88,227066
2015-08-24,18.54,19.08,18.04,18.3,367832
2015-08-25,18.82,18.84,17.96,18.05,331494
2015-08-26,18.42,18.66,18.02,18.4,332201
2015-08-27,18.47,18.74,18.2,18.58,349329
2015-08-28,18.58,18.86,18.42,18.72,435159
2015-08-31,18.62,18.69,18.26,18.41,147356
2015-09-01,18.07,18.16,17.59,17.66,186428
2015-09-02,17.88,18.0,17.35,17.9,396913
2015-09-03,17.91,18.01,17.77,17.8,192321
2015-09-04,17.56,17.97,17.56,17.63,152952
2015-09-08,17.85,18.01,17.73,17.96,123786
2015-09-09,18.09,18.21,17.75,17.82,212333
2015-09-10,17.73,18.05,17.52,17.98,320287
2015-09-11,17.84,18.04,17.71,18.0,169939
2015-09-14,18.0,18.25,17.89,18.13,231200
2015-09-15,18.1,18.47,17.92,18.33,313419
2015-09-16,18.37,18.44,17.86,18.0,120796
2015-09-17,17.96,18.22,17.79,17.87,149863
2015-09-18,17.57,17.99,17.3,17.64,208034
2015-09-21,17.78,17.95,17.48,17.56,139497
2015-09-22,17.39,17.55,17.22,17.49,182261
2015-09-23,17.49,17.51,17.18,17.28,99208
2015-09-24,17.16,17.3,16.92,17.2,110755
2015-09-25,17.35,17.41,16.74,17.13,416409
2015-09-28,17.1,17.27,16.93,17.2,207391
2015-09-29,17.2,17.2,16.75,16.81,122871
2015-09-30,16.95,17.11,16.55,16.62,185570
2015-10-01,16.67,16.76,16.36,16.57,331393
2015-10-02,16.44,16.98,16.31,16.96,247108
2015-10-05,17.03,17.41,16.96,17.39,125643
2015-10-06,17.39,17.5,17.18,17.34,91085
2015-10-07,17.41,17.59,17.07,17.41,168110
2015-10-08,17.34,17.9,17.17,17.85,158626
2015-10-09,17.89,17.99,17.56,17.94,49235
2015-10-12,17.96,18.15,17.7,17.88,94814
2015-10-13,17.79,18.09,17.27,17.69,98720
2015-10-14,17.02,17.81,17.02,17.22,93998
2015-10-15,17.3,17.93,17.2,17.92,103088
2015-10-16,17.99,17.99,17.4,17.72,94206
2015-10-19,17.63,17.9,17.42,17.8,92926
2015-10-20,16.87,17.77,16.87,17.69,110009
2015-10-21,17.71,17.82,17.29,17.49,124876
2015-10-22,17.6,18.32,17.32,18.14,111813
2015-10-23,18.36,18.74,16.62,18.23,91126
2015-10-26,18.16,18.16,17.84,17.89,1177612
2015-10-27,17.86,18.45,16.39,17.24,111613
2015-10-28,17.29,17.5,17.06,17.34,279969
2015-10-29,17.33,17.8,16.23,17.24,131091
2015-10-30,17.31,17.45,16.89,16.9,134292
2015-11-02,16.91,17.75,16.91,17.6,215306
2015-11-03,17.52,17.78,17.22,17.71,235475
2015-11-04,19.48,20.33,19.39,20.0,1091018
2015-11-05,20.0,20.0,19.73,19.92,475677
2015-11-06,19.71,20.5,19.69,20.34,2279125
2015-11-09,20.25,20.57,20.15,20.3,373721
2015-11-10,18.42,20.55,18.42,20.35,496289
2015-11-11,20.53,21.06,20.2,20.85,370899
2015-11-12,20.78,21.19,20.69,20.78,208521
2015-11-13,20.62,21.09,20.58,20.83,247564
2015-11-16,20.76,21.11,20.46,21.09,396537
2015-11-17,21.13,21.5,20.96,21.23,264364
2015-11-18,21.27,21.45,21.09,21.43,215570
2015-11-19,21.25,21.38,21.02,21.25,245672
2015-11-20,21.39,21.74,21.1,21.3,231544
2015-11-23,21.19,21.36,19.56,21.19,201388
2015-11-24,21.16,21.32,20.97,21.21,165814
2015-11-25,21.2,21.66,21.2,21.55,121847
2015-11-27,21.54,22.03,21.54,21.83,104346
2015-11-30,21.84,22.48,21.56,22.21,367093
2015-12-01,22.2,22.36,21.85,22.2,263157
2015-12-02,22.13,22.4,22.06,22.3,228951
2015-12-03,22.31,22.7,22.07,22.29,407773
2015-12-04,22.25,23.14,22.25,22.89,603267
2015-12-07,22.91,23.25,22.71,23.12,499625
2015-12-08,22.84,23.5,22.57,23.29,513561
2015-12-09,23.33,23.76,23.21,23.29,619213
2015-12-10,23.25,23.37,22.99,23.1,362050
2015-12-11,22.7,23.22,22.04,23.06,319759
2015-12-14,23.0,23.17,22.78,22.88,510988
2015-12-15,23.11,23.5,22.9,23.45,324029
2015-12-16,23.51,23.79,23.32,23.56,261269
2015-12-17,23.69,23.77,23.08,23.21,164983
2015-12-18,23.11,23.29,22.63,22.69,352188
2015-12-21,22.79,23.86,22.6,22.91,174243
2015-12-22,22.99,22.99,22.49,22.84,168884
2015-12-23,22.94,22.94,22.47,22.78,164139
2015-12-24,22.79,23.98,22.13,22.86,65086
2015-12-28,22.73,23.03,22.35,22.55,174878
2015-12-29,22.65,22.93,22.5,22.65,182071
2015-12-30,22.6,22.84,22.42,22.44,104567
2015-12-31,22.42,22.81,22.25,22.45,195680
2016-01-04,22.09,22.35,21.48,22.1,371574
2016-01-05,22.23,22.36,21.75,22.28,466040
2016-01-06,21.94,22.09,21.79,22.07,211792
2016-01-07,21.75,22.25,21.51,21.75,264557
2016-01-08,21.96,22.18,21.83,21.96,385692
2016-01-11,22.04,22.21,21.89,22.06,262238
2016-01-12,22.08,22.37,21.84,22.19,272924
2016-01-13,22.3,22.51,20.99,21.33,273400
2016-01-14,21.43,21.84,21.12,21.67,228379
2016-01-15,21.12,21.18,20.26,20.74,287247
2016-01-19,20.94,21.02,20.21,20.51,180030
2016-01-20,20.26,20.93,19.84,20.59,231577
2016-01-21,20.6,20.6,19.98,20.05,170127
2016-01-22,20.46,20.46,20.01,20.21,234593
2016-01-25,20.06,20.43,19.78,19.84,209168
2016-01-26,19.96,20.17,19.82,19.92,248867
2016-01-27,19.83,19.93,19.28,19.3,171225
2016-01-28,19.48,21.79,19.06,19.24,167645
2016-01-29,19.35,19.6,19.2,19.29,195534
2016-02-01,19.18,19.46,18.81,19.35,332525
2016-02-02,19.22,19.25,18.64,18.66,129467
2016-02-03,18.78,19.03,18.17,18.3,158269
2016-02-04,18.27,18.6,18.03,18.36,383388
2016-02-05,18.25,18.29,17.86,17.96,390406
2016-02-08,17.75,18.47,17.11,17.25,282774
2016-02-09,17.01,17.16,16.54,16.65,162165
2016-02-10,16.81,16.97,16.5,16.54,302358
2016-02-11,16.45,16.59,16.06,16.31,214224
2016-02-12,16.49,16.67,16.12,16.46,128150
2016-02-16,16.56,17.23,16.52,16.81,220942
2016-02-17,16.94,17.03,16.1,17.0,368214
2016-02-18,17.04,17.27,16.63,16.82,294760
2016-02-19,16.79,17.46,16.79,17.23,264472
2016-02-22,17.43,18.29,17.43,18.09,332874
2016-02-23,18.07,18.96,17.71,17.91,340490
2016-02-24,18.42,19.86,18.3,19.77,656878
2016-02-25,19.88,20.19,19.17,19.57,215437
2016-02-26,19.66,19.98,19.38,19.84,259699
2016-02-29,19.98,20.71,19.83,20.05,520011
2016-03-01,20.12,21.13,20.12,20.82,788460
2016-03-02,20.85,21.08,20.64,20.85,474703
2016-03-03,20.84,20.99,18.95,20.5,292250
2016-03-04,20.51,21.1,20.23,20.87,423019
2016-03-07,20.83,21.82,20.65,21.26,587987
2016-03-08,21.09,21.23,20.48,20.48,216070
2016-03-09,20.52,20.71,20.2,20.35,358780
2016-03-10,20.35,20.88,20.29,20.51,441833
2016-03-11,20.57,20.99,20.52,20.96,459657
2016-03-14,20.89,21.57,20.89,21.25,268260
2016-03-15,21.19,21.43,20.52,20.55,131523
2016-03-16,20.47,20.63,20.13,20.49,116902
2016-03-17,20.42,20.72,20.29,20.46,172424
2016-03-18,20.6,20.86,20.16,20.66,262812
2016-03-21,20.66,21.0,20.16,20.39,207750
2016-03-22,20.35,20.51,20.2,20.38,147312
2016-03-23,20.35,20.54,19.89,19.99,152405
2016-03-24,19.86,20.04,19.17,19.97,112267
2016-03-28,20.05,20.23,19.68,20.06,139383
2016-03-29,20.04,20.6,19.62,20.6,204574
2016-03-30,20.73,20.96,20.56,20.79,284044
2016-03-31,20.62,21.02,20.22,20.84,205926
2016-04-01,20.68,20.85,20.4,20.77,202288
2016-04-04,20.74,20.96,20.51,20.57,163360
2016-04-05,20.41,20.7,20.36,20.64,170758
2016-04-06,20.52,20.72,20.43,20.57,91430
2016-04-07,20.41,20.66,20.06,20.19,182208
2016-04-08,20.3,20.46,19.94,20.28,151198
2016-04-11,20.35,20.52,19.7,19.81,208104
2016-04-12,19.82,20.09,19.54,20.02,251321
2016-04-13,20.09,20.33,19.95,20.24,189791
2016-04-14,20.29,20.29,20.0,20.04,66047
2016-04-15,19.96,20.21,19.94,20.13,72459
2016-04-18,20.04,20.71,20.0,20.66,238900
2016-04-19,20.7,20.72,20.32,20.53,174533
2016-04-20,20.57,20.91,20.37,20.71,147883
2016-04-21,20.75,21.14,20.74,21.12,431603
2016-04-22,21.05,21.47,21.05,21.37,327508
2016-04-25,21.38,21.65,21.26,21.56,375026
2016-04-26,21.64,21.73,21.01,21.72,200467
2016-04-27,21.61,22.19,21.18,22.06,294001
2016-04-28,22.06,22.28,21.85,22.18,167317
2016-04-29,22.14,22.35,21.89,21.99,199916
2016-05-02,21.96,22.64,21.87,22.54,249718
2016-05-03,22.34,22.7,21.12,21.51,184261
2016-05-04,21.47,21.91,21.27,21.82,279004
2016-05-05,22.27,22.74,21.49,22.03,343581
2016-05-06,21.91,21.91,20.61,20.78,224704
2016-05-09,20.69,22.19,20.69,21.99,258957
2016-05-10,21.97,22.04,21.75,21.99,274793
2016-05-11,21.88,22.04,21.71,21.72,124020
2016-05-12,21.79,21.93,21.48,21.69,164070
2016-05-13,21.64,22.07,21.64,21.74,289248
2016-05-16,21.73,21.85,21.59,21.6,205890
2016-05-17,21.56,21.67,21.0,21.05,188732
2016-05-18,20.97,21.54,20.97,21.34,223682
2016-05-19,21.24,21.64,20.99,21.16,129741
2016-05-20,21.3,21.44,21.1,21.21,156111
2016-05-23,21.16,21.34,21.01,21.19,174476
2016-05-24,21.22,21.74,21.06,21.68,512338
2016-05-25,21.76,21.85,21.46,21.5,211680
2016-05-26,21.46,21.66,21.45,21.57,163662
2016-05-27,21.53,21.6,20.01,21.45,317393
2016-05-31,21.42,21.78,21.4,21.75,903137
2016-06-01,21.78,21.85,21.57,21.75,588930
2016-06-02,21.69,22.93,21.52,22.79,833789
2016-06-03,22.78,23.04,22.48,22.7,402755
2016-06-06,22.66,23.1,22.66,22.79,347643
2016-06-07,22.84,22.84,22.51,22.55,506980
2016-06-08,23.13,23.55,23.02,23.27,1244957
2016-06-09,23.27,23.33,23.02,23.03,140667
2016-06-10,22.77,23.08,22.56,22.75,168392
2016-06-13,22.62,23.03,22.62,22.9,522986
2016-06-14,23.0,23.29,22.53,22.84,290065
2016-06-15,22.89,23.22,22.81,22.95,298266
2016-06-16,22.86,23.2,22.43,22.75,321596
2016-06-17,22.77,23.21,22.23,22.25,491248
2016-06-20,22.56,22.78,22.29,22.49,345829
2016-06-21,22.58,22.73,22.36,22.52,272899
2016-06-22,22.64,22.68,22.21,22.23,321342
2016-06-23,22.34,22.63,22.29,22.59,501485
2016-06-24,21.85,22.12,21.48,22.03,559839
2016-06-27,21.82,21.94,21.04,21.18,417175
2016-06-28,21.72,22.51,21.38,21.74,407934
2016-06-29,22.01,22.6,21.77,22.0,357258
2016-06-30,22.2,22.42,21.93,22.33,330870
2016-07-01,22.27,22.5,22.1,22.21,228271
2016-07-05,22.22,22.22,21.66,21.96,234508
2016-07-06,21.97,22.38,21.62,22.18,207232
2016-07-07,22.22,22.3,22.04,22.2,196248
2016-07-08,22.31,22.56,22.17,22.2,387588
2016-07-11,22.35,22.98,22.07,22.9,630411
2016-07-12,23.14,23.5,22.91,23.46,461629
2016-07-13,23.49,24.28,23.34,23.7,524112
2016-07-14,23.85,24.01,23.82,23.99,229006
2016-07-15,24.11,24.12,23.78,23.87,169860
2016-07-18,23.85,24.01,23.62,23.63,104344
2016-07-19,23.67,24.19,23.64,24.11,241958
2016-07-20,24.18,24.83,24.1,24.76,450422
2016-07-21,24.7,24.9,24.56,24.73,374656
2016-07-22,24.67,25.22,24.53,25.09,385220
2016-07-25,25.18,25.23,24.92,25.03,205371
2016-07-26,25.12,25.29,24.78,25.02,156353
2016-07-27,25.08,25.35,24.52,25.21,222390
2016-07-28,25.25,25.3,24.98,25.06,249932
2016-07-29,25.09,25.3,24.7,25.15,345472
2016-08-01,25.15,25.39,24.94,25.19,241646
2016-08-02,25.23,25.23,24.75,24.78,268931
2016-08-03,24.65,25.04,24.38,25.03,303709
2016-08-04,25.51,26.44,24.45,24.87,457788
2016-08-05,24.94,25.24,24.65,25.2,573021
2016-08-08,25.0,25.21,24.45,24.82,578903
2016-08-09,24.73,25.76,24.54,25.43,676153
2016-08-10,25.29,25.73,24.88,24.93,233124
2016-08-11,25.07,25.07,24.67,24.76,254116
2016-08-12,24.72,25.18,24.53,25.05,568041
2016-08-15,25.03,25.42,24.98,25.18,174917
2016-08-16,25.1,25.13,24.69,24.93,287558
2016-08-17,24.87,24.95,24.7,24.83,189636
2016-08-18,24.82,25.48,24.8,25.46,356541
2016-08-19,25.48,25.68,25.26,25.41,357476
2016-08-22,25.27,25.65,24.99,25.47,407317
2016-08-23,25.41,25.91,25.38,25.91,410859
2016-08-24,26.0,26.0,25.5,25.79,247208
2016-08-25,25.79,25.79,25.4,25.56,264911
2016-08-26,25.49,25.85,24.01,25.8,262594
2016-08-29,25.8,26.27,25.68,25.95,428849
2016-08-30,25.86,26.06,25.72,25.76,318339
2016-08-31,25.76,25.99,24.01,25.74,206617
2016-09-01,25.61,26.0,24.9,25.39,1243056
2016-09-02,25.32,25.82,25.03,25.36,635040
2016-09-06,25.2,25.82,24.97,25.8,2938839
2016-09-07,25.77,25.83,25.22,25.55,387793
2016-09-08,25.55,25.85,25.39,25.83,377421
2016-09-09,25.6,25.68,25.18,25.19,293203
2016-09-12,25.01,25.14,24.74,25.14,255284
2016-09-13,25.01,25.21,24.54,24.8,267645
2016-09-14,24.74,25.22,24.54,24.63,307235
2016-09-15,24.72,24.99,24.41,24.88,182818
2016-09-16,24.93,25.22,24.76,25.21,375098
2016-09-19,25.23,25.91,24.97,25.08,109979
2016-09-20,25.23,25.28,24.89,25.23,170576
2016-09-21,25.25,25.78,25.24,25.72,214455
2016-09-22,25.91,26.43,25.75,26.41,304134
2016-09-23,26.38,26.38,25.79,25.89,220490
2016-09-26,25.76,25.86,25.49,25.55,142600
2016-09-27,25.48,25.7,25.44,25.7,145590
2016-09-28,25.71,25.84,25.52,25.8,207543
2016-09-29,25.8,25.92,25.55,25.57,98339
2016-09-30,25.68,25.91,25.39,25.7,190123
2016-10-03,25.63,25.75,25.4,25.68,139698
2016-10-04,25.62,25.69,25.21,25.26,220343
2016-10-05,25.26,25.26,24.58,24.63,433137
2016-10-06,24.66,24.67,24.27,24.45,241631
2016-10-07,24.4,24.43,24.07,24.34,327773
2016-10-10,24.53,24.82,24.53,24.78,116783
2016-10-11,24.78,24.78,24.18,24.35,464305
2016-10-12,24.29,24.45,24.01,24.3,220804
2016-10-13,24.09,24.28,23.69,24.08,138132
2016-10-14,24.12,24.29,24.0,24.26,183814
2016-10-17,24.3,24.51,24.1,24.45,178746
2016-10-18,24.6,24.85,24.3,24.6,110523
2016-10-19,24.75,25.45,24.6,25.45,226145
2016-10-20,25.35,25.55,25.05,25.45,252119
2016-10-21,25.25,26.01,25.1,25.98,182755
2016-10-24,26.2,27.55,25.95,27.5,544643
2016-10-25,27.45,27.95,27.25,27.85,543828
2016-10-26,27.85,27.85,27.35,27.5,324838
2016-10-27,27.6,27.7,26.55,26.7,420951
2016-10-28,26.75,27.1,26.45,27.0,248223
2016-10-31,27.1,27.4,26.85,27.2,193017
2016-11-01,27.5,27.85,27.15,27.7,675052
2016-11-02,27.65,27.98,27.5,27.9,731749
2016-11-03,27.9,28.35,27.7,28.0,519711
2016-11-04,28.2,28.66,27.65,27.85,735630
2016-11-07,28.5,28.5,27.4,28.2,827409
2016-11-08,27.65,28.2,27.6,27.8,482816
2016-11-09,27.4,28.45,27.15,28.1,563094
2016-11-10,28.05,28.1,27.15,27.75,545210
2016-11-11,27.75,28.3,27.5,28.3,429586
2016-11-14,28.45,29.41,28.15,28.3,528937
2016-11-15,28.2,28.55,28.1,28.15,478583
2016-11-16,28.15,28.65,28.15,28.4,364258
2016-11-17,28.0,28.8,27.2,28.8,436520
2016-11-18,28.8,29.15,28.76,28.95,527407
2016-11-21,28.9,29.75,28.89,29.45,586261
2016-11-22,29.4,29.6,28.95,29.35,338135
2016-11-23,29.0,29.3,28.55,29.05,186607
2016-11-25,29.15,29.2,28.65,28.7,120000
2016-11-28,28.6,29.2,28.6,28.8,261619
2016-11-29,28.95,29.65,28.8,29.4,736871
2016-11-30,29.5,29.5,28.4,28.6,335465
2016-12-01,28.7,28.92,28.05,28.45,404772
2016-12-02,28.3,28.7,28.0,28.55,321942
2016-12-05,28.8,29.15,28.7,28.8,309452
2016-12-06,28.9,29.5,28.75,29.35,256910
2016-12-07,29.3,29.88,29.1,29.75,388042
2016-12-08,29.65,30.55,29.6,30.55,504576
2016-12-09,30.45,30.8,30.3,30.5,311901
2016-12-12,30.45,30.55,29.55,29.75,359064
2016-12-13,29.7,30.1,29.65,29.65,564384
2016-12-14,29.7,29.85,28.88,29.05,501319
2016-12-15,29.25,29.6,29.0,29.45,694587
2016-12-16,29.6,29.6,29.05,29.35,671035
2016-12-19,29.45,30.2,29.2,29.95,868008
2016-12-20,30.1,30.32,29.65,30.15,267306
2016-12-21,30.2,30.7,30.05,30.45,425853
2016-12-22,30.4,30.45,30.1,30.35,371147
2016-12-23,30.45,30.65,30.3,30.65,157084
2016-12-27,30.6,30.85,30.5,30.75,171659
2016-12-28,30.75,30.75,29.85,29.85,154763
2016-12-29,30.0,30.18,29.85,29.95,134349
2016-12-30,29.9,30.08,29.7,30.0,184381
2017-01-03,30.0,30.45,29.0,29.75,650475
2017-01-04,30.0,30.5,29.75,29.95,406849
2017-01-05,30.0,30.05,29.25,29.3,382931
2017-01-06,29.45,29.65,28.95,29.2,637809
2017-01-09,29.15,29.33,28.8,29.05,371552
2017-01-10,29.1,29.3,28.85,29.1,253624
2017-01-11,29.15,29.25,28.8,29.05,235900
2017-01-12,28.95,29.08,28.15,28.55,402610
2017-01-13,28.7,29.35,28.7,29.05,266247
2017-01-17,29.0,29.08,28.25,28.25,285601
2017-01-18,28.25,28.52,28.2,28.45,173827
2017-01-19,28.5,28.8,28.0,28.25,355247
2017-01-20,28.3,29.0,28.3,28.9,394990
2017-01-23,28.85,29.0,28.6,28.85,221997
2017-01-24,28.95,30.1,28.95,29.9,1458568
2017-01-25,30.2,30.6,30.0,30.5,328765
2017-01-26,30.6,30.65,30.1,30.45,264584
2017-01-27,30.4,30.7,30.2,30.4,287458
2017-01-30,30.25,30.4,29.8,30.25,258665
2017-01-31,30.15,30.65,30.05,30.6,367751
2017-02-01,30.85,31.3,30.8,31.0,408624
2017-02-02,31.0,31.49,30.5,31.35,451281
2017-02-03,31.6,31.7,31.26,31.6,271147
2017-02-06,31.5,32.08,31.35,31.9,416256
2017-02-07,32.0,32.3,31.9,32.1,517988
2017-02-08,32.1,32.2,31.7,32.15,246629
2017-02-09,32.2,32.84,32.2,32.35,535727
2017-02-10,32.5,32.7,32.15,32.3,499101
2017-02-13,32.55,33.25,32.25,33.15,458549
2017-02-14,33.15,33.6,32.75,33.55,379144
2017-02-15,33.45,33.95,33.25,33.75,428469
2017-02-16,33.75,34.28,33.6,34.05,538246
2017-02-17,34.15,34.55,33.9,34.55,418970
2017-02-21,34.65,34.8,34.0,34.35,260910
2017-02-22,34.35,34.55,34.05,34.2,214120
2017-02-23,34.25,34.35,33.65,33.7,300024
2017-02-24,33.6,33.75,32.7,33.5,653782
2017-02-27,33.5,33.7,33.25,33.5,629181
2017-02-28,34.25,34.8,33.55,33.75,1231416
2017-03-01,34.1,35.35,34.0,35.3,1480576
2017-03-02,34.9,35.75,34.7,35.6,690196
2017-03-03,35.45,35.55,34.95,35.15,442941
2017-03-06,34.85,35.2,34.55,34.7,470306
2017-03-07,34.35,35.1,34.15,34.8,454026
2017-03-08,34.65,35.05,34.55,34.7,507219
2017-03-09,34.6,34.9,34.1,34.2,410854
2017-03-10,34.2,34.85,34.17,34.75,332157
2017-03-13,34.6,35.3,34.6,35.15,295457
2017-03-14,34.75,35.85,34.6,35.55,502943
2017-03-15,35.65,36.48,35.4,36.2,548591
2017-03-16,36.3,37.4,36.24,36.9,1057318
2017-03-17,36.8,37.15,36.6,36.8,512838
2017-03-20,36.8,37.05,36.2,36.45,305536
2017-03-21,36.6,36.62,34.95,35.1,439066
2017-03-22,35.1,35.38,34.35,35.0,731812
2017-03-23,34.95,35.2,33.82,34.9,243711
2017-03-24,35.05,35.2,34.65,34.85,186727
2017-03-27,34.5,34.92,33.2,34.8,354197
2017-03-28,34.75,35.1,34.55,34.6,392733
2017-03-29,34.55,35.0,34.45,34.6,340094
2017-03-30,34.6,34.95,34.45,34.9,446258
2017-03-31,34.9,35.2,34.7,34.9,576892
2017-04-03,35.0,35.3,34.7,34.75,342300
2017-04-04,34.7,35.3,34.7,35.3,467886
2017-04-05,35.45,36.15,35.15,35.4,388455
2017-04-06,35.55,35.8,35.3,35.65,288103
2017-04-07,35.55,35.95,35.55,35.7,422075
2017-04-10,35.7,36.25,35.55,36.15,389017
2017-04-11,36.0,36.4,35.9,36.15,212434
2017-04-12,36.1,36.35,35.75,36.15,326934
2017-04-13,36.2,36.75,35.95,35.95,285163
2017-04-17,36.15,36.65,35.9,36.65,184671
2017-04-18,36.5,37.0,36.45,36.9,273778
2017-04-19,36.95,37.15,36.72,36.75,271459
2017-04-20,36.9,37.2,36.8,37.15,255669
2017-04-21,37.1,37.65,36.9,36.95,379425
2017-04-24,37.55,37.55,36.65,36.85,378098
2017-04-25,37.05,37.2,36.8,37.0,351149
2017-04-26,36.95,37.15,36.6,36.7,384295
2017-04-27,36.8,37.0,36.55,36.85,371272
2017-04-28,36.9,37.28,36.4,37.05,378810
2017-05-01,37.2,37.55,36.92,37.4,284648
2017-05-02,37.45,37.75,37.05,37.3,382876
2017-05-03,37.2,37.4,36.5,36.75,266749
2017-05-04,36.85,37.8,36.65,37.7,457370
2017-05-05,37.25,38.25,34.7,35.65,1451247
2017-05-08,35.45,36.05,34.58,36.0,681768
2017-05-09,34.75,36.4,34.75,36.25,650659
2017-05-10,35.35,36.15,35.2,35.3,436860
2017-05-11,35.0,35.25,34.4,35.05,450547
2017-05-12,34.9,35.65,34.6,35.1,589805
2017-05-15,35.0,35.5,34.9,34.95,402043
2017-05-16,34.85,35.05,34.6,34.75,410579
2017-05-17,33.45,33.7,32.3,32.9,1768559
2017-05-18,32.75,33.7,32.45,33.5,2480862
2017-05-19,33.7,34.05,32.8,33.7,1136193
2017-05-22,33.7,34.65,33.7,34.6,616511
2017-05-23,34.55,35.2,34.38,34.6,564736
2017-05-24,34.7,34.78,33.7,33.9,721981
2017-05-25,32.8,34.85,32.8,34.65,365176
2017-05-26,34.5,35.3,34.25,35.3,574702
2017-05-30,32.5,35.3,32.5,35.15,665130
2017-05-31,34.9,35.15,34.05,34.6,611345
2017-06-01,34.65,34.9,33.92,34.35,661180
2017-06-02,34.25,35.15,34.25,35.1,594018
2017-06-05,35.0,35.8,34.8,34.9,513826
2017-06-06,34.75,35.2,34.05,34.1,728825
2017-06-07,33.75,34.5,33.75,34.2,743961
2017-06-08,34.35,35.5,34.25,35.45,692935
2017-06-09,35.4,35.75,34.6,35.0,892657
2017-06-12,34.85,35.25,34.75,34.9,853294
2017-06-13,34.9,35.45,34.9,35.1,636002
2017-06-14,34.9,35.35,34.2,34.2,547993
2017-06-15,33.95,35.7,33.85,35.4,419158
2017-06-16,34.95,35.45,34.9,35.3,720576
2017-06-19,35.75,37.3,35.5,37.1,777764
2017-06-20,37.15,37.6,36.3,36.35,1159170
2017-06-21,36.6,37.0,36.19,36.55,915547
2017-06-22,36.65,36.85,36.0,36.3,746418
2017-06-23,36.4,37.88,35.7,37.7,1488772
2017-06-26,37.9,38.0,36.62,36.9,1559387
2017-06-27,36.9,37.69,36.42,36.85,1056398
2017-06-28,36.95,37.9,36.55,37.7,861192
2017-06-29,37.75,37.75,35.75,36.05,945111
2017-06-30,36.25,36.72,35.9,35.95,683599
2017-07-03,36.15,36.15,35.3,35.85,400709
2017-07-05,36.05,36.4,35.55,36.1,582714
2017-07-06,35.8,36.75,35.0,36.65,936988
2017-07-07,36.9,38.25,36.65,38.0,800576
2017-07-10,38.0,38.0,37.15,37.7,762834
2017-07-11,37.75,38.35,36.15,38.3,849566
2017-07-12,38.65,38.65,37.7,37.85,622762
2017-07-13,37.75,38.05,36.95,37.0,486131
2017-07-14,37.15,37.55,36.7,37.45,746412
2017-07-17,37.55,37.65,37.25,37.4,263799
2017-07-18,37.4,38.85,37.0,38.8,677812
2017-07-19,38.95,40.05,38.85,39.65,726338
2017-07-20,39.7,39.8,39.35,39.65,309148
2017-07-21,40.0,40.0,39.05,39.15,324605
2017-07-24,39.1,39.35,38.6,39.3,359833
2017-07-25,39.25,39.55,39.1,39.45,223156
2017-07-26,39.55,40.1,38.65,39.95,337671
2017-07-27,40.2,40.4,38.3,38.9,645953
2017-07-28,38.55,39.3,38.55,39.0,281900
2017-07-31,39.2,39.3,38.55,38.75,362972
2017-08-01,39.1,39.1,38.42,38.55,389457
