Date,Open,High,Low,Close,Volume
2012-04-18,21.8,21.98,21.14,21.25,13108631
2012-04-19,21.55,22.02,21.31,21.75,2721246
2012-04-20,22.0,22.0,21.78,22.0,1210338
2012-04-23,22.03,22.05,21.85,22.01,901251
2012-04-24,22.04,22.05,21.91,22.0,718269
2012-04-25,22.05,22.09,22.01,22.04,811966
2012-04-26,22.08,22.85,22.04,22.82,1042335
2012-04-27,22.9,23.82,22.8,23.72,861221
2012-04-30,23.9,23.91,22.9,23.08,721827
2012-05-01,23.08,23.66,23.0,23.34,597929
2012-05-02,23.41,23.48,22.18,22.34,726609
2012-05-03,22.29,22.6,21.8,22.0,629673
2012-05-04,21.97,22.82,21.76,22.53,475616
2012-05-07,22.5,22.56,22.2,22.41,186991
2012-05-08,22.47,22.47,21.81,21.99,374762
2012-05-09,21.9,22.0,21.65,21.75,445055
2012-05-10,21.84,22.4,21.8,22.03,682140
2012-05-11,21.7,22.33,21.52,22.13,359855
2012-05-14,22.15,22.3,21.5,21.5,327737
2012-05-15,21.5,21.76,20.88,20.94,324322
2012-05-16,21.0,21.11,20.01,20.59,504387
2012-05-17,20.48,20.52,19.95,20.01,474270
2012-05-18,19.96,20.1,18.88,19.34,514773
2012-05-21,19.47,20.26,19.36,20.05,258652
2012-05-22,20.2,20.35,19.95,20.0,170668
2012-05-23,20.06,20.4,19.34,20.36,158791
2012-05-24,20.63,20.72,20.36,20.44,122701
2012-05-25,20.5,20.8,20.47,20.58,153211
2012-05-29,20.8,21.23,20.5,20.59,226990
2012-05-30,20.7,20.71,20.0,20.22,152118
2012-05-31,20.05,20.27,19.52,20.22,146500
2012-06-01,19.9,20.13,19.52,19.9,150820
2012-06-04,19.98,20.0,18.27,18.94,463298
2012-06-05,18.79,19.49,18.23,19.45,217466
2012-06-06,19.56,20.2,19.42,20.16,221466
2012-06-07,20.65,20.77,19.76,19.88,148944
2012-06-08,19.94,20.34,19.61,20.21,99193
2012-06-11,20.55,20.55,19.78,19.86,65418
2012-06-12,19.83,19.95,19.48,19.6,104462
2012-06-13,19.39,19.5,19.0,19.28,136559
2012-06-14,19.34,19.75,18.77,19.43,159267
2012-06-15,19.55,19.55,18.9,19.16,270062
2012-06-18,19.0,19.0,18.42,18.5,301624
2012-06-19,19.0,19.0,18.35,18.67,239614
2012-06-20,18.85,18.99,18.48,18.64,188652
2012-06-21,18.72,18.72,17.76,17.84,376484
2012-06-22,18.02,18.23,17.37,18.15,585842
2012-06-25,18.0,18.15,17.78,18.13,130719
2012-06-26,18.18,18.39,17.97,18.13,166682
2012-06-27,18.21,18.82,18.0,18.5,285144
2012-06-28,18.34,18.65,17.95,18.65,150788
2012-06-29,19.0,19.0,18.71,18.9,294799
2012-07-02,18.88,18.91,18.68,18.84,179283
2012-07-03,18.85,19.59,18.82,19.5,206526
2012-07-05,19.46,20.03,19.46,19.78,147130
2012-07-06,19.53,20.03,19.41,19.91,182388
2012-07-09,19.98,20.08,19.66,20.05,160402
2012-07-10,20.17,20.17,19.75,19.89,78795
2012-07-11,19.84,20.08,19.76,19.89,117452
2012-07-12,19.81,20.08,19.71,20.0,82960
2012-07-13,20.08,20.4,20.02,20.34,66114
2012-07-16,20.35,20.65,20.32,20.32,97441
2012-07-17,20.48,20.64,20.25,20.46,104899
2012-07-18,20.46,20.75,20.28,20.48,128336
2012-07-19,20.54,20.91,20.51,20.8,108240
2012-07-20,20.79,20.95,20.47,20.58,95982
2012-07-23,20.23,20.38,19.99,20.31,124052
2012-07-24,20.44,20.53,20.0,20.3,91141
2012-07-25,20.33,20.5,20.02,20.44,83871
2012-07-26,20.64,20.83,20.33,20.75,149379
2012-07-27,20.75,20.89,20.26,20.73,225364
2012-07-30,20.76,21.05,20.65,20.93,280496
2012-07-31,20.91,21.02,20.73,20.76,184822
2012-08-01,20.84,21.07,20.65,20.76,222816
2012-08-02,20.65,20.66,20.47,20.47,95914
2012-08-03,20.8,20.88,20.5,20.51,113436
2012-08-06,20.6,20.95,20.6,20.68,155395
2012-08-07,20.83,21.0,20.58,20.84,176059
2012-08-08,20.83,20.95,20.6,20.69,179391
2012-08-09,20.7,20.95,20.59,20.78,284990
2012-08-10,20.2,20.4,20.06,20.32,207093
2012-08-13,20.25,20.47,20.07,20.4,222822
2012-08-14,20.43,20.45,19.76,20.17,165328
2012-08-15,20.15,20.41,20.03,20.19,126182
2012-08-16,20.12,20.44,20.09,20.32,112393
2012-08-17,20.42,20.5,20.24,20.34,147306
2012-08-20,20.3,20.42,20.2,20.24,123928
2012-08-21,20.27,20.4,20.05,20.24,177635
2012-08-22,20.25,20.3,20.17,20.2,144282
2012-08-23,20.22,20.4,20.04,20.33,317261
2012-08-24,20.37,20.75,20.36,20.55,162981
2012-08-27,20.56,20.73,20.35,20.5,179293
2012-08-28,20.49,20.86,20.45,20.61,194262
2012-08-29,20.66,20.77,20.47,20.7,182848
2012-08-30,20.69,20.86,20.53,20.66,149454
2012-08-31,20.75,20.84,20.56,20.81,114986
2012-09-04,20.81,20.86,20.54,20.62,124741
2012-09-05,20.65,20.78,20.54,20.73,136731
2012-09-06,20.84,20.89,20.59,20.78,173028
2012-09-07,20.9,20.9,20.55,20.6,193766
2012-09-10,20.62,20.69,20.45,20.62,215969
2012-09-11,20.71,20.74,20.53,20.63,119401
2012-09-12,20.72,20.81,20.51,20.62,154939
2012-09-13,20.36,20.9,20.31,20.82,265333
2012-09-14,20.9,21.22,20.46,20.5,502166
2012-09-17,20.55,20.6,20.3,20.33,165734
2012-09-18,20.3,20.5,19.54,20.12,428846
2012-09-19,20.09,20.39,20.0,20.13,258804
2012-09-20,20.1,20.22,19.9,20.12,157536
2012-09-21,20.22,20.26,19.91,20.07,154125
2012-09-24,20.0,20.41,20.0,20.37,191711
2012-09-25,20.44,20.55,20.15,20.36,131211
2012-09-26,20.37,20.6,20.15,20.53,150488
2012-09-27,20.7,20.7,20.04,20.25,291270
2012-09-28,20.22,20.39,20.1,20.34,84813
2012-10-01,20.46,20.51,20.05,20.13,224705
2012-10-02,20.12,20.25,20.0,20.15,165635
2012-10-03,20.08,20.29,19.95,20.07,167634
2012-10-04,20.12,20.29,20.02,20.16,130620
2012-10-05,20.18,20.31,20.06,20.17,112603
2012-10-08,20.2,20.28,20.12,20.25,93303
2012-10-09,20.22,20.55,20.22,20.55,139684
2012-10-10,20.49,20.97,20.35,20.63,261944
2012-10-11,20.7,20.8,20.51,20.58,155361
2012-10-12,20.62,20.79,20.32,20.32,165777
2012-10-15,20.33,20.38,20.02,20.34,280612
2012-10-16,20.34,20.58,20.25,20.41,195575
2012-10-17,20.47,20.56,20.25,20.3,144561
2012-10-18,20.25,20.46,20.15,20.44,199576
2012-10-19,20.47,20.6,20.29,20.29,160719
2012-10-22,20.25,20.62,20.11,20.59,103653
2012-10-23,20.38,20.51,20.06,20.37,247157
2012-10-24,20.48,20.5,20.02,20.04,88525
2012-10-25,20.1,20.16,19.61,20.08,199970
2012-10-26,20.09,20.09,19.8,19.91,131272
2012-10-31,19.91,20.06,19.77,19.83,154478
2012-11-01,19.96,20.4,19.95,20.24,108050
2012-11-02,20.36,20.36,19.85,20.16,134705
2012-11-05,19.94,20.09,19.85,19.98,242496
2012-11-06,20.01,20.14,19.85,19.87,232112
2012-11-07,19.74,19.9,19.5,19.52,260286
2012-11-08,19.5,19.84,19.25,19.36,342131
2012-11-09,18.26,18.56,17.47,17.7,1065788
2012-11-12,17.7,17.93,16.99,17.07,433463
2012-11-13,16.98,16.98,16.32,16.61,637870
2012-11-14,16.69,16.88,16.19,16.45,332961
2012-11-15,16.34,16.4,15.02,15.36,877722
2012-11-16,15.69,16.48,15.33,16.25,543683
2012-11-19,16.64,17.28,16.55,17.16,366281
2012-11-20,17.26,17.49,17.11,17.15,219474
2012-11-21,17.15,17.25,16.8,16.9,228616
2012-11-23,16.99,17.39,16.97,17.38,51574
2012-11-26,17.38,17.52,16.79,16.93,131522
2012-11-27,17.0,17.1,16.56,16.75,171316
2012-11-28,16.76,16.8,16.39,16.7,203358
2012-11-29,16.84,17.1,16.56,16.65,228110
2012-11-30,16.65,17.05,16.63,16.75,268631
2012-12-03,16.75,17.27,16.75,17.08,283343
2012-12-04,17.1,18.13,17.1,17.44,697485
2012-12-05,17.4,18.13,17.22,18.0,293319
2012-12-06,18.28,18.28,17.62,17.85,247367
2012-12-07,17.77,17.83,17.15,17.41,298315
2012-12-10,17.32,17.41,16.83,16.94,162666
2012-12-11,16.95,17.11,16.32,16.47,405811
2012-12-12,16.5,16.85,16.4,16.65,240498
2012-12-13,16.6,16.6,16.04,16.16,192648
2012-12-14,16.2,16.65,16.08,16.6,188431
2012-12-17,16.68,16.78,16.27,16.37,239759
2012-12-18,16.24,16.48,16.1,16.34,295009
2012-12-19,16.38,17.09,16.06,16.72,369065
2012-12-20,16.81,17.0,16.52,16.62,203250
2012-12-21,16.43,17.03,16.31,16.85,313028
2012-12-24,16.94,17.05,16.61,16.8,236607
2012-12-26,16.93,17.15,16.64,16.95,241459
2012-12-27,16.88,16.99,16.38,16.53,183959
2012-12-28,16.39,16.57,16.15,16.25,340635
2012-12-31,16.12,16.27,15.87,16.27,649203
2013-01-02,16.43,17.09,16.4,16.7,241226
2013-01-03,16.74,17.34,16.74,17.11,198264
2013-01-04,17.27,17.94,17.14,17.71,161724
2013-01-07,17.76,17.85,17.55,17.7,126296
2013-01-08,17.7,17.77,17.62,17.68,125834
2013-01-09,17.66,17.85,17.62,17.69,100961
2013-01-10,17.75,17.95,17.7,17.8,235351
2013-01-11,17.98,18.05,17.78,17.86,219191
2013-01-14,17.95,18.19,17.92,18.02,144853
2013-01-15,18.0,18.34,17.92,18.32,216770
2013-01-16,18.35,18.59,18.25,18.45,178672
2013-01-17,18.5,18.61,18.28,18.39,138563
2013-01-18,18.44,18.5,18.14,18.19,134467
2013-01-22,18.21,18.29,18.0,18.11,235672
2013-01-23,18.11,18.4,18.08,18.37,171509
2013-01-24,18.33,18.44,18.22,18.28,139517
2013-01-25,18.28,18.39,18.14,18.34,147447
2013-01-28,18.4,18.6,18.22,18.49,140728
2013-01-29,18.41,18.64,18.3,18.48,102654
2013-01-30,18.48,18.6,18.32,18.38,227633
2013-01-31,18.39,18.95,18.31,18.91,301413
2013-02-01,16.19,16.95,15.73,16.18,2310161
2013-02-04,16.24,16.28,15.52,15.58,988371
2013-02-05,15.51,15.56,14.8,15.44,1580026
2013-02-06,14.98,15.32,14.8,14.96,1233441
2013-02-07,14.91,15.13,14.78,14.9,673711
2013-02-08,15.0,15.94,14.93,15.84,678933
2013-02-11,15.85,15.93,15.35,15.75,737318
2013-02-12,15.19,15.52,15.01,15.26,345882
2013-02-13,15.29,15.38,14.95,15.0,279174
2013-02-14,14.98,14.99,14.68,14.93,452664
2013-02-15,14.89,14.95,14.55,14.74,486273
2013-02-19,14.77,14.97,14.66,14.94,367018
2013-02-20,15.0,15.15,14.85,15.04,253456
2013-02-21,14.67,14.92,14.5,14.6,410921
2013-02-22,14.65,14.65,14.26,14.26,431451
2013-02-25,14.29,14.5,14.07,14.11,289103
2013-02-26,14.16,14.24,13.6,13.9,574937
2013-02-27,13.8,14.05,13.56,13.65,303617
2013-02-28,13.57,13.69,13.44,13.5,359720
2013-03-01,13.25,13.26,12.63,13.13,1462665
2013-03-04,13.37,13.37,12.67,12.7,732331
2013-03-05,12.7,12.7,11.96,12.25,1329482
2013-03-06,12.14,12.39,12.06,12.15,586105
2013-03-07,12.1,12.68,12.08,12.39,509721
2013-03-08,12.43,12.67,12.36,12.51,475155
2013-03-11,12.75,13.13,12.56,12.66,349012
2013-03-12,12.8,12.91,12.57,12.81,198380
2013-03-13,12.76,12.94,12.63,12.76,167542
2013-03-14,12.75,12.86,12.61,12.66,156178
2013-03-15,12.64,12.69,12.42,12.49,273188
2013-03-18,12.5,12.52,12.17,12.35,235507
2013-03-19,12.3,12.39,11.96,12.02,421112
2013-03-20,12.03,12.05,11.51,11.93,1015739
2013-03-21,11.93,12.1,11.75,12.0,399376
2013-03-22,12.0,12.26,11.96,12.13,356449
2013-03-25,12.12,12.39,12.0,12.0,262147
2013-03-26,12.0,12.36,11.87,12.23,270856
2013-03-27,12.32,12.4,12.24,12.36,199954
2013-03-28,12.42,12.5,12.2,12.24,177021
2013-04-01,12.23,12.28,12.07,12.1,163644
2013-04-02,12.11,12.19,11.95,11.96,185130
2013-04-03,12.0,12.03,11.66,11.84,282430
2013-04-04,11.82,11.9,11.52,11.65,333875
2013-04-05,11.53,11.91,11.52,11.86,194203
2013-04-08,11.94,11.99,11.77,11.89,144837
2013-04-09,11.88,11.99,11.73,11.78,319897
2013-04-10,11.81,12.23,11.78,11.78,259929
2013-04-11,11.78,11.85,11.55,11.63,354189
2013-04-12,11.63,11.87,11.61,11.76,254468
2013-04-15,11.69,11.7,11.29,11.39,408918
2013-04-16,11.47,11.66,11.2,11.29,409535
2013-04-17,11.27,11.28,10.77,10.84,852408
2013-04-18,10.94,11.0,10.52,10.87,638679
2013-04-19,10.98,10.98,10.6,10.67,501057
2013-04-22,10.7,10.86,10.5,10.79,398685
2013-04-23,10.83,10.92,10.63,10.88,358890
2013-04-24,10.87,11.44,10.87,11.35,284611
2013-04-25,11.4,11.83,11.36,11.67,415280
2013-04-26,11.92,11.92,11.5,11.69,373601
2013-04-29,11.82,12.01,11.71,11.9,256401
2013-04-30,11.96,12.4,11.94,12.33,417255
2013-05-01,12.55,12.55,12.03,12.18,452465
2013-05-02,12.48,12.79,12.33,12.64,789456
2013-05-03,12.84,12.99,12.71,12.92,595381
2013-05-06,13.16,13.32,13.05,13.31,605692
2013-05-07,13.35,13.43,13.15,13.26,439866
2013-05-08,13.31,13.31,12.94,13.03,596370
2013-05-09,13.0,13.0,12.87,12.99,397239
2013-05-10,13.0,13.0,12.82,12.82,616405
2013-05-13,12.3,12.41,12.11,12.19,391597
2013-05-14,12.23,12.25,12.11,12.23,295705
2013-05-15,12.24,12.27,12.02,12.07,290731
2013-05-16,12.1,12.18,11.76,11.81,319506
2013-05-17,11.8,12.13,11.8,12.04,212169
2013-05-20,12.14,12.49,12.1,12.42,342446
2013-05-21,12.53,12.6,12.38,12.58,277374
2013-05-22,12.6,12.71,12.25,12.31,275280
2013-05-23,12.26,12.45,12.1,12.41,285487
2013-05-24,12.42,12.65,12.28,12.58,207418
2013-05-28,12.79,13.07,12.79,12.85,411043
2013-05-29,12.77,12.85,12.61,12.81,165825
2013-05-30,12.84,12.95,12.76,12.91,222620
2013-05-31,13.33,13.35,12.61,12.65,213134
2013-06-03,12.77,13.06,12.61,13.06,383573
2013-06-04,13.07,13.87,13.07,13.71,1125165
2013-06-05,13.8,13.88,13.34,13.77,547300
2013-06-06,13.75,13.8,13.33,13.39,191645
2013-06-07,13.41,13.67,13.41,13.59,124394
2013-06-10,13.66,13.91,13.61,13.69,235261
2013-06-11,13.63,13.89,13.52,13.62,217586
2013-06-12,13.65,13.72,13.25,13.35,141299
2013-06-13,13.27,13.38,13.04,13.19,152840
2013-06-14,13.3,13.4,13.13,13.18,124457
2013-06-17,13.25,13.34,12.85,13.11,224741
2013-06-18,13.15,13.38,13.1,13.26,131179
2013-06-19,13.34,13.46,13.26,13.33,70126
2013-06-20,13.2,13.45,12.96,12.98,246744
2013-06-21,12.94,13.27,12.81,13.2,195192
2013-06-24,13.04,13.04,12.25,12.55,333330
2013-06-25,12.65,12.82,12.5,12.61,211136
2013-06-26,12.62,12.8,12.31,12.43,208930
2013-06-27,12.45,12.59,12.27,12.36,181840
2013-06-28,12.31,12.76,12.31,12.49,156180
2013-07-01,12.67,12.9,12.62,12.66,135559
2013-07-02,12.74,13.1,12.69,12.81,178177
2013-07-03,12.86,12.9,12.76,12.83,117352
2013-07-05,12.97,13.06,12.75,13.05,129130
2013-07-08,13.11,13.27,12.9,12.95,189571
2013-07-09,13.0,13.15,13.0,13.06,130745
2013-07-10,13.05,13.29,12.8,13.24,153131
2013-07-11,13.29,13.56,13.2,13.49,206167
2013-07-12,13.54,13.74,13.41,13.58,177210
2013-07-15,13.67,13.84,13.64,13.73,175075
2013-07-16,13.8,13.84,13.67,13.76,178205
2013-07-17,13.75,13.85,13.54,13.84,222039
2013-07-18,13.84,13.91,13.73,13.91,163180
2013-07-19,13.9,13.96,13.74,13.96,136365
2013-07-22,13.96,13.99,13.78,13.9,182104
2013-07-23,13.9,13.91,13.77,13.84,190779
2013-07-24,13.87,13.9,13.83,13.84,190291
2013-07-25,13.88,13.9,13.59,13.75,198432
2013-07-26,14.0,14.8,13.9,14.68,616436
2013-07-29,14.8,15.3,14.8,15.05,484060
2013-07-30,15.09,15.3,14.98,14.98,235793
2013-07-31,15.01,15.32,15.01,15.29,458082
2013-08-01,15.39,15.46,15.27,15.32,256318
2013-08-02,15.37,15.41,15.27,15.35,182453
2013-08-05,15.38,15.62,15.29,15.37,452949
2013-08-06,15.5,15.62,15.37,15.62,322912
2013-08-07,15.62,15.72,15.33,15.57,226218
2013-08-08,15.65,15.75,15.5,15.58,311508
2013-08-09,15.7,15.7,15.25,15.4,536996
2013-08-12,14.83,15.2,14.57,14.65,337608
2013-08-13,14.57,14.65,14.0,14.09,421915
2013-08-14,14.0,14.09,13.52,13.74,373065
2013-08-15,13.54,13.73,13.4,13.53,261861
2013-08-16,13.55,13.72,13.5,13.5,216501
2013-08-19,13.51,13.64,13.0,13.2,399002
2013-08-20,13.21,13.5,13.05,13.34,237936
2013-08-21,13.42,13.53,13.11,13.11,169383
2013-08-22,13.12,13.57,13.12,13.52,110033
2013-08-23,13.64,14.3,13.63,14.01,231296
2013-08-26,14.11,14.62,14.11,14.17,275622
2013-08-27,14.19,14.35,14.06,14.15,154947
2013-08-28,14.11,14.41,13.44,13.7,327340
2013-08-29,13.83,13.98,13.5,13.51,198522
2013-08-30,13.65,13.89,13.35,13.36,184906
2013-09-03,13.56,13.74,13.2,13.32,234832
2013-09-04,13.28,13.62,12.8,12.93,1859719
2013-09-05,13.2,13.35,13.0,13.04,379504
2013-09-06,13.15,13.42,13.0,13.07,209295
2013-09-09,13.14,13.58,13.05,13.28,228530
2013-09-10,12.85,13.02,12.77,12.84,830431
2013-09-11,12.87,13.0,12.85,12.93,260864
2013-09-12,12.96,13.0,12.88,12.89,162550
2013-09-13,12.9,12.95,12.8,12.87,161122
2013-09-16,12.95,12.95,12.78,12.81,233594
2013-09-17,12.84,12.91,12.71,12.83,186761
2013-09-18,12.87,12.9,12.68,12.88,247598
2013-09-19,12.99,13.02,12.81,12.98,308670
2013-09-20,13.02,13.04,12.9,12.91,168005
2013-09-23,12.99,13.05,12.88,12.99,269309
2013-09-24,13.05,13.13,12.91,13.0,294122
2013-09-25,13.08,13.13,13.01,13.1,320629
2013-09-26,13.15,13.4,13.15,13.37,337388
2013-09-27,13.4,13.42,13.06,13.06,182076
2013-09-30,13.05,13.17,13.0,13.08,161254
2013-10-01,13.16,13.21,13.1,13.15,153259
2013-10-02,13.18,13.28,13.13,13.21,233194
2013-10-03,13.25,13.55,13.2,13.51,196298
2013-10-04,13.57,13.88,13.52,13.8,305054
2013-10-07,13.8,13.94,13.49,13.5,315750
2013-10-08,13.5,13.65,13.31,13.33,147519
2013-10-09,13.35,13.51,13.25,13.43,187764
2013-10-10,13.51,13.88,13.51,13.78,228384
2013-10-11,13.81,14.25,13.8,14.19,244094
2013-10-14,14.2,14.42,14.05,14.35,203296
2013-10-15,14.3,14.68,14.29,14.44,247057
2013-10-16,14.5,14.72,14.5,14.72,146478
2013-10-17,14.77,14.96,14.73,14.92,259821
2013-10-18,15.0,15.0,14.62,14.92,277416
2013-10-21,14.96,14.96,14.8,14.82,172602
2013-10-22,14.9,14.93,14.7,14.83,169191
2013-10-23,14.86,14.86,14.58,14.64,183254
2013-10-24,14.6,14.73,14.51,14.62,245786
2013-10-25,13.0,13.1,11.59,12.18,2577469
2013-10-28,12.06,12.07,11.46,11.55,1195087
2013-10-29,11.55,12.08,11.5,11.99,434389
2013-10-30,11.95,11.96,11.57,11.6,349684
2013-10-31,11.6,11.83,11.5,11.5,283601
2013-11-01,11.58,11.74,11.5,11.5,282379
2013-11-04,11.64,11.65,11.46,11.51,364782
2013-11-05,11.52,11.59,11.42,11.48,319330
2013-11-06,11.52,11.55,11.3,11.34,330812
2013-11-07,11.35,11.49,11.25,11.29,670884
2013-11-08,11.29,11.36,11.1,11.24,474767
2013-11-11,11.24,11.36,11.13,11.25,429882
2013-11-12,10.66,10.68,10.33,10.55,634750
2013-11-13,10.49,10.63,10.35,10.36,349165
2013-11-14,10.33,10.35,10.01,10.25,771407
2013-11-15,10.21,10.22,9.77,9.98,1012150
2013-11-18,9.88,9.88,9.36,9.47,1146510
2013-11-19,9.42,9.44,9.01,9.32,1006446
2013-11-20,9.26,9.5,9.16,9.35,306556
2013-11-21,9.35,9.71,9.35,9.6,577497
2013-11-22,9.54,9.6,9.4,9.53,195025
2013-11-25,9.57,9.61,9.2,9.23,352009
2013-11-26,9.21,9.44,9.11,9.15,302943
2013-11-27,9.14,9.25,9.12,9.16,294831
2013-11-29,9.45,9.5,9.26,9.41,271765
2013-12-02,9.5,9.53,9.37,9.42,391357
2013-12-03,9.4,9.42,9.27,9.28,298707
2013-12-04,9.33,9.38,9.15,9.21,293765
2013-12-05,9.18,9.2,9.08,9.1,305313
2013-12-06,9.1,9.2,9.0,9.14,301016
2013-12-09,9.1,9.1,8.81,8.86,689817
2013-12-10,8.81,9.06,8.81,9.02,295515
2013-12-11,9.05,9.08,8.85,9.0,312136
2013-12-12,8.98,8.99,8.8,8.96,307787
2013-12-13,9.0,9.0,8.88,8.92,170755
2013-12-16,8.94,8.99,8.76,8.81,321542
2013-12-17,8.88,8.88,8.61,8.73,489988
2013-12-18,8.72,8.75,8.59,8.63,408394
2013-12-19,8.6,8.97,8.6,8.94,418512
2013-12-20,9.0,9.0,8.75,8.85,445468
2013-12-23,8.85,8.87,8.66,8.69,515547
2013-12-24,8.69,8.86,8.61,8.81,275710
2013-12-26,8.7,8.9,8.7,8.81,395664
2013-12-27,8.8,8.8,8.65,8.77,551860
2013-12-30,8.8,9.25,8.77,8.98,622805
2013-12-31,8.94,9.06,8.81,8.93,614306
2014-01-02,8.94,9.09,8.94,9.0,167313
2014-01-03,9.0,9.3,9.0,9.19,231925
2014-01-06,9.29,9.47,9.2,9.36,270393
2014-01-07,9.46,9.52,9.36,9.48,248068
2014-01-08,9.5,9.53,9.25,9.32,179734
2014-01-09,9.57,9.64,9.4,9.44,376160
2014-01-10,9.4,9.57,9.4,9.43,149370
2014-01-13,9.49,9.55,9.39,9.4,118003
2014-01-14,9.4,9.45,9.31,9.42,181688
2014-01-15,9.45,9.49,9.36,9.49,155748
2014-01-16,9.5,9.66,9.45,9.66,204381
2014-01-17,9.62,9.75,9.58,9.68,167038
2014-01-21,9.7,9.84,9.5,9.67,376006
2014-01-22,9.65,9.67,9.5,9.66,242184
2014-01-23,9.63,9.66,9.55,9.57,179792
2014-01-24,9.53,9.55,9.3,9.52,361771
2014-01-27,9.49,9.5,9.31,9.43,234745
2014-01-28,9.45,9.82,9.42,9.74,293779
2014-01-29,9.75,9.82,9.61,9.66,220421
2014-01-30,9.73,9.8,9.69,9.74,182074
2014-01-31,9.71,9.71,8.95,9.29,1061264
2014-02-03,9.27,9.45,9.02,9.35,852393
2014-02-04,9.46,9.46,9.15,9.34,341709
2014-02-05,9.29,9.44,9.24,9.39,271714
2014-02-06,9.42,9.77,9.4,9.69,857160
2014-02-07,9.79,10.12,9.71,9.94,1007648
2014-02-10,10.06,10.07,9.89,10.03,650452
2014-02-11,10.08,10.08,9.66,9.7,1215033
2014-02-12,9.23,9.4,9.02,9.21,392017
2014-02-13,9.22,9.4,9.15,9.21,344428
2014-02-14,9.22,9.4,9.09,9.12,346264
2014-02-18,9.05,9.05,8.56,8.57,993472
2014-02-19,8.55,8.62,8.31,8.38,850818
2014-02-20,8.37,8.38,8.1,8.18,532390
2014-02-21,8.17,8.46,8.11,8.29,327687
2014-02-24,8.26,8.57,8.21,8.25,532418
2014-02-25,8.26,8.35,8.05,8.1,438878
2014-02-26,8.1,8.47,8.1,8.19,460515
2014-02-27,8.23,8.35,8.15,8.3,196547
2014-02-28,8.36,8.49,8.21,8.37,285402
2014-03-03,8.39,8.59,8.37,8.52,276873
2014-03-04,8.52,8.57,8.45,8.47,174561
2014-03-05,8.45,8.47,8.32,8.36,188430
2014-03-06,8.36,8.38,8.24,8.3,248189
2014-03-07,8.27,8.35,8.22,8.22,209304
2014-03-10,8.25,8.32,8.18,8.21,204305
2014-03-11,8.21,8.29,8.2,8.28,114718
2014-03-12,8.3,8.34,8.11,8.13,275314
2014-03-13,8.15,8.19,8.04,8.06,297183
2014-03-14,8.07,8.15,7.86,8.05,578444
2014-03-17,8.05,8.15,7.9,8.05,297940
2014-03-18,8.05,8.12,7.9,7.94,324608
2014-03-19,7.9,7.94,7.38,7.63,1122485
2014-03-20,7.61,7.62,7.15,7.34,955732
2014-03-21,7.32,7.43,7.25,7.41,433070
2014-03-24,7.39,7.46,7.27,7.3,303897
2014-03-25,7.3,7.4,7.2,7.35,400450
2014-03-26,7.35,7.49,7.35,7.44,313691
2014-03-27,7.46,7.46,7.2,7.27,240672
2014-03-28,7.27,7.34,7.25,7.3,185651
2014-03-31,7.33,7.45,7.3,7.41,137153
2014-04-01,7.43,7.45,7.3,7.32,233375
2014-04-02,7.33,7.42,7.3,7.41,138446
2014-04-03,7.37,7.41,7.31,7.36,157851
2014-04-04,7.36,7.45,7.35,7.38,186973
2014-04-07,7.42,7.44,7.36,7.39,122743
2014-04-08,7.43,7.56,7.39,7.55,273365
2014-04-09,7.54,7.82,7.51,7.79,345678
2014-04-10,7.8,7.84,7.65,7.69,250910
2014-04-11,7.67,7.89,7.65,7.77,318892
2014-04-14,7.77,7.89,7.71,7.74,154916
2014-04-15,7.76,7.87,7.7,7.87,169770
2014-04-16,7.87,8.05,7.83,7.98,276473
2014-04-17,7.98,8.2,7.92,8.09,328881
2014-04-21,8.1,8.24,8.0,8.23,357982
2014-04-22,8.25,8.36,8.19,8.28,334838
2014-04-23,8.32,8.43,8.25,8.26,253377
2014-04-24,8.28,8.42,8.25,8.38,283675
2014-04-25,8.13,8.2,7.91,8.08,565824
2014-04-28,8.14,8.38,8.12,8.35,476418
2014-04-29,8.4,8.59,8.38,8.45,505852
2014-04-30,8.5,8.58,8.35,8.39,327135
2014-05-01,8.42,8.46,8.3,8.37,275107
2014-05-02,8.43,8.44,8.3,8.33,349365
2014-05-05,8.38,8.45,8.33,8.42,435195
2014-05-06,8.45,8.6,8.41,8.52,586021
2014-05-07,8.64,8.69,8.42,8.48,497697
2014-05-08,8.57,8.58,8.5,8.53,554049
2014-05-09,8.59,8.59,8.36,8.37,748893
2014-05-12,8.48,8.48,8.3,8.33,841376
2014-05-13,7.75,7.75,7.54,7.6,646552
2014-05-14,7.59,7.61,7.42,7.44,349629
2014-05-15,7.44,7.5,7.13,7.23,521112
2014-05-16,7.18,7.35,7.18,7.35,281846
2014-05-19,7.35,8.2,7.3,8.04,1051415
2014-05-20,8.03,8.09,7.67,7.7,428396
2014-05-21,7.66,7.77,7.51,7.53,225790
2014-05-22,7.55,7.74,7.54,7.66,182504
2014-05-23,7.7,7.74,7.6,7.64,163920
2014-05-27,7.66,7.88,7.66,7.77,246460
2014-05-28,7.79,7.81,7.6,7.65,137847
2014-05-29,7.64,7.79,7.62,7.78,158326
2014-05-30,7.85,7.85,7.67,7.7,442026
2014-06-02,7.75,7.77,7.65,7.68,207720
2014-06-03,7.68,7.73,7.66,7.66,152000
2014-06-04,7.66,7.76,7.66,7.68,165951
2014-06-05,7.73,7.76,7.68,7.73,132675
2014-06-06,7.76,7.78,7.58,7.61,267223
2014-06-09,7.6,7.74,7.6,7.65,227769
2014-06-10,7.67,7.75,7.65,7.65,169546
2014-06-11,7.69,7.73,7.65,7.68,149973
2014-06-12,7.72,7.79,7.7,7.79,206025
2014-06-13,7.8,7.89,7.78,7.85,268010
2014-06-16,7.9,8.13,7.82,8.09,323880
2014-06-17,8.09,8.09,7.96,7.96,217256
2014-06-18,8.02,8.02,7.8,7.93,235702
2014-06-19,7.9,7.95,7.82,7.87,185650
2014-06-20,7.85,7.9,7.8,7.8,193373
2014-06-23,7.84,8.0,7.81,7.96,236167
2014-06-24,8.0,8.05,7.94,8.0,217444
2014-06-25,8.0,8.03,7.88,7.9,195093
2014-06-26,7.88,8.03,7.88,8.02,186439
2014-06-27,8.04,8.05,8.0,8.03,155270
2014-06-30,8.04,8.04,7.99,8.03,160697
2014-07-01,8.03,8.12,8.03,8.05,191977
2014-07-02,8.05,8.15,8.01,8.14,228975
2014-07-03,8.14,8.15,8.1,8.14,90913
2014-07-07,8.15,8.2,8.13,8.2,155735
2014-07-08,8.2,8.24,8.15,8.23,207772
2014-07-09,8.24,8.33,8.23,8.27,312283
2014-07-10,8.26,8.27,8.01,8.14,245537
2014-07-11,8.14,8.25,8.11,8.16,137289
2014-07-14,8.16,8.25,8.16,8.25,166163
2014-07-15,8.25,8.25,8.13,8.22,222472
2014-07-16,8.23,8.27,8.18,8.27,149953
2014-07-17,8.3,8.35,8.25,8.32,186124
2014-07-18,8.33,8.35,8.28,8.34,152182
2014-07-21,8.35,8.36,8.3,8.34,221232
2014-07-22,8.34,8.39,8.3,8.38,148094
2014-07-23,8.4,8.4,8.35,8.4,168774
2014-07-24,8.38,8.41,8.35,8.41,144836
2014-07-25,8.41,8.41,8.23,8.29,369957
2014-07-28,8.26,8.31,8.19,8.2,288753
2014-07-29,8.25,8.34,8.21,8.26,154799
2014-07-30,8.32,8.34,8.21,8.22,231956
2014-07-31,8.22,8.32,8.18,8.22,395429
2014-08-01,8.12,8.24,7.82,7.95,750854
2014-08-04,8.0,8.07,7.91,7.98,464526
2014-08-05,8.0,8.29,7.96,8.04,644284
2014-08-06,8.1,8.18,7.9,8.02,467422
2014-08-07,8.05,8.08,7.97,8.06,597194
2014-08-08,8.07,8.07,7.98,8.01,462199
2014-08-11,8.05,8.1,7.9,8.03,883114
2014-08-12,7.46,7.58,7.36,7.37,783501
2014-08-13,7.22,7.34,7.16,7.18,793961
2014-08-14,7.22,7.28,7.15,7.16,382991
2014-08-15,7.11,7.15,6.91,7.02,629069
2014-08-18,6.99,7.05,6.55,6.59,991576
2014-08-19,6.53,6.55,6.34,6.45,1001042
2014-08-20,6.42,6.42,6.0,6.24,1479880
2014-08-21,6.2,6.46,6.12,6.4,740734
2014-08-22,6.42,6.77,6.42,6.69,600171
2014-08-25,6.74,6.82,6.5,6.55,460404
2014-08-26,6.51,6.83,6.51,6.72,347732
2014-08-27,6.73,6.75,6.65,6.71,133716
2014-08-28,6.7,6.73,6.53,6.53,378120
2014-08-29,6.57,6.59,6.33,6.41,521941
2014-09-02,6.42,6.55,6.38,6.38,469645
2014-09-03,6.39,6.48,6.34,6.34,160089
2014-09-04,6.38,6.39,6.3,6.35,152737
2014-09-05,6.37,6.38,6.26,6.33,248217
2014-09-08,6.31,6.33,6.26,6.27,176024
2014-09-09,6.23,6.33,6.23,6.24,205744
2014-09-10,6.21,6.28,6.21,6.25,160734
2014-09-11,6.25,6.3,6.22,6.28,172824
2014-09-12,6.3,6.43,6.21,6.3,546135
2014-09-15,6.32,6.34,6.26,6.29,247503
2014-09-16,6.25,6.41,6.24,6.33,194710
2014-09-17,6.3,6.37,6.3,6.3,117043
2014-09-18,6.28,6.34,6.28,6.3,193286
2014-09-19,6.29,6.33,6.25,6.29,167101
2014-09-22,6.27,6.31,6.24,6.3,262013
2014-09-23,6.24,6.33,6.2,6.33,240155
2014-09-24,6.34,6.35,6.15,6.16,324698
2014-09-25,6.16,6.2,6.13,6.18,461365
2014-09-26,6.19,6.34,6.18,6.3,209254
2014-09-29,6.3,6.32,6.2,6.31,102226
2014-09-30,6.3,6.31,6.23,6.29,193436
2014-10-01,6.29,6.29,6.12,6.2,332224
2014-10-02,6.22,6.22,5.62,6.15,806022
2014-10-03,6.14,6.14,5.92,6.02,188305
2014-10-06,6.01,6.02,5.62,5.66,519768
2014-10-07,5.63,5.7,5.39,5.42,733677
2014-10-08,5.39,5.47,4.75,5.39,1114593
2014-10-09,5.35,5.35,4.92,5.01,817147
2014-10-10,5.0,5.25,4.9,5.02,285587
2014-10-13,5.0,5.07,4.9,4.9,194473
2014-10-14,4.89,4.95,4.89,4.95,207294
2014-10-15,4.92,5.0,4.8,4.99,450779
2014-10-16,4.97,5.28,4.9,5.26,577245
2014-10-17,5.3,5.45,5.22,5.4,360553
2014-10-20,5.4,5.48,5.4,5.47,240097
2014-10-21,5.51,5.59,5.42,5.58,276098
2014-10-22,5.58,5.59,5.42,5.42,209202
2014-10-23,5.5,5.6,5.36,5.45,175331
2014-10-24,5.41,5.51,5.4,5.46,85306
2014-10-27,5.45,5.45,5.17,5.22,216731
2014-10-28,5.24,5.58,5.24,5.32,403561
2014-10-29,5.33,5.47,5.24,5.28,149587
2014-10-30,5.26,5.39,5.2,5.21,139877
2014-10-31,5.21,5.48,5.19,5.36,341511
2014-11-03,5.46,5.65,5.46,5.62,418205
2014-11-04,5.7,5.77,5.52,5.62,355879
2014-11-05,5.81,5.97,5.78,5.87,674292
2014-11-06,5.9,5.95,5.8,5.81,630631
2014-11-07,5.9,5.9,5.76,5.81,413811
2014-11-10,5.89,5.92,5.81,5.84,621857
2014-11-11,5.93,5.93,5.7,5.77,1000371
2014-11-12,5.4,5.46,5.22,5.28,518450
2014-11-13,5.24,5.25,4.92,5.03,492021
2014-11-14,5.05,5.16,5.02,5.03,250130
2014-11-17,5.03,5.08,4.9,4.99,448046
2014-11-18,5.01,5.03,4.84,4.93,342178
2014-11-19,4.95,4.98,4.82,4.85,241508
2014-11-20,4.85,5.07,4.84,5.02,259464
2014-11-21,5.08,5.2,5.05,5.15,303861
2014-11-24,5.15,5.45,5.15,5.28,323066
2014-11-25,5.29,5.36,5.09,5.12,215121
2014-11-26,5.12,5.2,5.09,5.2,160031
2014-11-28,5.12,5.17,4.99,5.02,376060
2014-12-01,5.02,5.03,4.75,4.89,558029
2014-12-02,4.9,4.92,4.75,4.79,384567
2014-12-03,4.84,5.01,4.83,4.96,260986
2014-12-04,4.91,4.95,4.83,4.84,303110
2014-12-05,4.83,4.85,4.81,4.81,251410
2014-12-08,4.81,4.81,4.25,4.33,748901
2014-12-09,4.23,4.75,4.1,4.67,602923
2014-12-10,4.67,4.83,4.45,4.69,578015
2014-12-11,4.7,4.8,4.57,4.58,383386
2014-12-12,4.47,4.62,4.4,4.51,389803
2014-12-15,4.58,4.65,4.15,4.18,493944
2014-12-16,4.13,4.38,4.12,4.25,402198
2014-12-17,4.22,4.59,4.22,4.52,462541
2014-12-18,4.69,4.93,4.51,4.51,509179
2014-12-19,4.52,4.6,4.45,4.5,452321
2014-12-22,4.5,4.57,4.32,4.37,303819
2014-12-23,4.36,4.4,4.24,4.3,365753
2014-12-24,4.29,4.3,4.21,4.27,150282
2014-12-26,4.3,4.3,4.11,4.13,517582
2014-12-29,4.13,4.15,3.91,3.95,837769
2014-12-30,3.95,3.95,3.75,3.83,676299
2014-12-31,3.65,3.97,3.6,3.97,927667
2015-01-02,3.89,4.14,3.89,4.1,217962
2015-01-05,4.08,4.09,3.86,3.98,210700
2015-01-06,4.03,4.03,3.75,3.78,305504
2015-01-07,3.78,4.01,3.78,3.89,328566
2015-01-08,3.96,4.02,3.9,3.9,221836
2015-01-09,3.95,4.05,3.9,3.91,221569
2015-01-12,3.9,3.95,3.81,3.91,153514
2015-01-13,3.94,3.97,3.84,3.94,294751
2015-01-14,3.88,4.0,3.82,3.98,266585
2015-01-15,4.04,4.04,3.96,4.0,95769
2015-01-16,4.0,4.05,3.96,4.04,118033
2015-01-20,4.05,4.09,3.95,3.97,118834
2015-01-21,4.01,4.07,4.0,4.03,149618
2015-01-22,4.06,4.06,3.98,4.06,236142
2015-01-23,4.07,4.15,4.03,4.1,184208
2015-01-26,4.15,4.3,4.1,4.3,191987
2015-01-27,4.25,4.49,4.25,4.26,354668
2015-01-28,4.3,4.43,4.26,4.31,181631
2015-01-29,4.32,4.34,4.15,4.26,184361
2015-01-30,4.36,4.54,4.34,4.5,498283
2015-02-02,4.54,4.89,4.51,4.87,463590
2015-02-03,5.0,5.08,4.87,5.02,586093
2015-02-04,5.0,5.05,4.94,5.01,348993
2015-02-05,5.01,5.08,4.96,4.98,480197
2015-02-06,4.99,5.11,4.96,5.11,412783
2015-02-09,5.18,5.33,5.17,5.3,1016904
2015-02-10,5.3,5.34,5.05,5.15,698868
2015-02-11,4.69,4.7,4.46,4.68,496178
2015-02-12,4.66,4.68,4.45,4.56,417376
2015-02-13,4.65,4.7,4.61,4.66,314771
2015-02-17,4.62,4.63,4.4,4.45,311018
2015-02-18,4.5,4.55,4.45,4.48,124262
2015-02-19,4.4,4.42,4.28,4.3,337918
2015-02-20,4.32,4.44,4.32,4.34,173809
2015-02-23,4.29,4.34,4.22,4.24,198064
2015-02-24,4.24,4.55,4.23,4.38,246409
2015-02-25,4.37,4.48,4.35,4.4,107425
2015-02-26,4.4,4.4,4.3,4.34,125039
2015-02-27,4.53,4.6,4.45,4.51,331282
2015-03-02,4.56,4.68,4.5,4.63,305402
2015-03-03,4.61,4.63,4.55,4.58,143040
2015-03-04,4.57,4.57,4.51,4.54,131650
2015-03-05,4.55,4.57,4.5,4.56,161177
2015-03-06,4.56,4.57,4.5,4.55,115634
2015-03-09,4.53,4.54,4.4,4.41,154797
2015-03-10,4.4,4.47,4.3,4.3,176191
2015-03-11,4.31,4.33,4.22,4.22,133822
2015-03-12,4.25,4.49,4.25,4.36,77534
2015-03-13,4.41,4.41,4.23,4.25,108790
2015-03-16,4.25,4.27,4.22,4.23,102551
2015-03-17,4.23,4.42,4.21,4.41,126901
2015-03-18,4.42,4.45,4.33,4.41,126993
2015-03-19,4.35,4.45,4.31,4.45,104243
2015-03-20,4.45,4.46,4.4,4.4,116349
2015-03-23,4.42,4.44,4.31,4.33,111483
2015-03-24,4.31,4.35,4.26,4.26,144385
2015-03-25,4.26,4.32,4.26,4.26,115394
2015-03-26,4.28,4.35,4.28,4.3,113233
2015-03-27,4.32,4.33,4.22,4.22,62891
2015-03-30,4.25,4.28,4.22,4.25,89733
2015-03-31,4.25,4.35,4.22,4.3,35039
2015-04-01,4.29,4.33,4.27,4.31,75791
2015-04-02,4.31,4.31,4.27,4.31,70683
2015-04-06,4.35,4.47,4.34,4.36,146391
2015-04-07,4.34,4.47,4.34,4.46,82028
2015-04-08,4.5,4.6,4.43,4.56,133519
2015-04-09,4.58,4.6,4.48,4.51,81170
2015-04-10,4.51,4.63,4.51,4.57,111000
2015-04-13,4.61,4.78,4.61,4.72,218235
2015-04-14,4.72,4.89,4.72,4.8,170233
2015-04-15,4.87,4.94,4.87,4.89,207725
2015-04-16,4.91,4.96,4.82,4.9,111567
2015-04-17,4.95,4.97,4.88,4.97,162436
2015-04-20,5.0,5.04,4.88,4.96,238668
2015-04-21,4.98,5.0,4.86,4.86,133773
2015-04-22,4.89,4.9,4.83,4.88,115109
2015-04-23,4.9,4.95,4.86,4.9,108352
2015-04-24,4.95,5.0,4.9,4.96,124380
2015-04-27,5.0,5.0,4.92,5.0,121272
2015-04-28,5.0,5.09,4.95,5.03,181013
2015-04-29,5.04,5.1,5.04,5.1,148638
2015-04-30,5.12,5.14,5.06,5.1,134840
2015-05-01,5.12,5.12,4.85,5.03,521684
2015-05-04,5.09,5.1,4.91,4.99,330808
2015-05-05,5.01,5.09,4.93,4.95,237211
2015-05-06,5.01,5.07,4.95,4.95,206699
2015-05-07,5.0,5.02,4.85,4.87,317343
2015-05-08,4.9,5.0,4.85,4.96,223047
2015-05-11,4.97,4.98,4.9,4.94,219678
2015-05-12,4.96,5.02,4.94,5.0,399004
2015-05-13,4.57,4.89,4.43,4.73,502366
2015-05-14,4.8,4.8,4.65,4.69,200925
2015-05-15,4.67,4.67,4.6,4.62,161073
2015-05-18,4.6,4.6,4.31,4.33,384081
2015-05-19,4.33,4.36,4.21,4.28,157943
2015-05-20,4.3,4.31,4.14,4.27,194052
2015-05-21,4.3,4.4,4.25,4.3,184307
2015-05-22,4.32,4.54,4.31,4.45,164478
2015-05-26,4.52,4.7,4.46,4.63,176921
2015-05-27,4.65,4.67,4.47,4.48,100393
2015-05-28,4.42,4.48,4.31,4.39,104757
2015-05-29,4.49,4.64,4.36,4.43,319866
2015-06-01,4.45,4.53,4.41,4.5,168671
2015-06-02,4.49,4.54,4.48,4.52,93145
2015-06-03,4.5,4.62,4.5,4.6,82401
2015-06-04,4.55,4.6,4.52,4.54,111625
2015-06-05,4.49,4.53,4.39,4.51,156374
2015-06-08,4.51,4.51,4.41,4.44,88857
2015-06-09,4.38,4.48,4.38,4.46,72031
2015-06-10,4.43,4.53,4.36,4.47,149717
2015-06-11,4.47,4.48,4.35,4.38,152965
2015-06-12,4.43,4.48,4.31,4.45,113882
2015-06-15,4.39,4.39,4.32,4.35,86923
2015-06-16,4.32,4.34,4.3,4.33,78112
2015-06-17,4.32,4.37,4.31,4.35,64047
2015-06-18,4.36,4.43,4.3,4.32,84908
2015-06-19,4.29,4.32,4.24,4.28,129535
2015-06-22,4.34,4.36,4.24,4.27,136595
2015-06-23,4.25,4.28,4.22,4.25,144201
2015-06-24,4.23,4.25,4.22,4.23,67558
2015-06-25,4.23,4.24,4.2,4.23,114363
2015-06-26,4.21,4.24,4.2,4.23,79860
2015-06-29,4.2,4.22,4.19,4.22,118497
2015-06-30,4.22,4.24,4.18,4.24,134843
2015-07-01,4.22,4.23,4.16,4.18,149587
2015-07-02,4.17,4.2,4.13,4.17,134863
2015-07-06,4.09,4.14,3.85,3.95,381764
2015-07-07,3.92,3.97,3.84,3.97,280405
2015-07-08,3.89,3.96,3.84,3.86,132290
2015-07-09,3.85,3.92,3.81,3.88,149102
2015-07-10,3.9,3.92,3.81,3.87,337651
2015-07-13,4.0,4.0,3.81,3.86,203670
2015-07-14,3.82,3.87,3.73,3.75,307445
2015-07-15,3.73,3.79,3.73,3.75,163439
2015-07-16,3.74,3.84,3.73,3.76,152851
2015-07-17,3.79,3.81,3.71,3.71,146104
2015-07-20,3.71,3.75,3.45,3.52,265796
2015-07-21,3.47,3.5,3.21,3.24,312591
2015-07-22,3.19,3.2,2.99,3.06,523458
2015-07-23,3.05,3.34,3.04,3.27,276122
2015-07-24,3.27,3.55,3.27,3.45,196601
2015-07-27,3.4,3.45,3.32,3.32,166993
2015-07-28,3.26,3.34,3.25,3.32,97082
2015-07-29,3.35,3.5,3.32,3.46,111157
2015-07-30,3.48,3.59,3.44,3.5,131793
2015-07-31,3.46,3.67,3.41,3.63,174836
2015-08-03,3.55,3.55,3.3,3.36,272345
2015-08-04,3.38,3.51,3.38,3.47,74990
2015-08-05,3.47,3.47,3.38,3.38,95548
2015-08-06,3.41,3.41,3.25,3.34,205079
2015-08-07,3.36,3.5,3.31,3.35,212218
2015-08-10,3.44,3.49,3.32,3.47,290055
2015-08-11,3.4,3.41,3.3,3.37,526814
2015-08-12,3.25,3.3,3.01,3.12,260949
2015-08-13,3.13,3.13,3.0,3.02,178716
2015-08-14,3.0,3.1,3.0,3.08,196205
2015-08-17,3.04,3.07,3.02,3.03,245207
2015-08-18,3.0,3.05,3.0,3.05,279997
2015-08-19,3.0,3.03,2.82,2.93,360693
2015-08-20,2.8,2.85,2.57,2.63,282614
2015-08-21,2.57,2.58,2.41,2.52,322837
2015-08-24,2.36,2.54,2.0,2.36,349234
2015-08-25,2.49,2.66,2.49,2.54,252124
2015-08-26,2.61,2.61,2.48,2.5,80106
2015-08-27,2.52,2.68,2.52,2.67,135336
2015-08-28,2.77,3.1,2.74,3.0,495720
2015-08-31,3.08,3.09,2.97,3.06,263247
2015-09-01,3.02,3.06,2.96,3.03,118500
2015-09-02,3.05,3.05,2.98,3.05,77959
2015-09-03,3.05,3.05,3.01,3.04,65810
2015-09-04,3.0,3.04,2.98,3.01,51358
2015-09-08,3.02,3.02,2.82,2.92,123968
2015-09-09,2.89,2.94,2.82,2.82,29868
2015-09-10,2.83,2.86,2.72,2.74,55102
2015-09-11,2.7,2.74,2.54,2.59,177562
2015-09-14,2.56,2.84,2.55,2.74,191298
2015-09-15,2.79,2.87,2.69,2.71,91286
2015-09-16,2.7,2.82,2.61,2.62,88182
2015-09-17,2.62,2.68,2.58,2.61,89700
2015-09-18,2.6,2.64,2.55,2.62,105265
2015-09-21,2.63,2.66,2.59,2.59,46117
2015-09-22,2.58,2.63,2.56,2.58,32052
2015-09-23,2.56,2.57,2.52,2.56,95201
2015-09-24,2.55,2.57,2.5,2.51,70800
2015-09-25,2.49,2.55,2.49,2.5,67091
2015-09-28,2.49,2.5,2.39,2.46,219340
2015-09-29,2.41,2.42,2.37,2.37,181236
2015-09-30,2.37,2.4,2.29,2.3,295356
2015-10-01,2.25,2.41,2.19,2.25,261053
2015-10-02,2.24,2.34,2.22,2.34,208998
2015-10-05,2.38,2.58,2.35,2.52,129174
2015-10-06,2.52,2.76,2.52,2.71,179445
2015-10-07,2.76,3.0,2.76,2.96,185188
2015-10-08,2.99,3.13,2.96,3.07,131390
2015-10-09,3.15,3.17,3.0,3.03,126662
2015-10-12,3.02,3.08,3.02,3.02,56054
2015-10-13,3.04,3.1,3.02,3.02,69107
2015-10-14,3.0,3.02,2.81,2.99,158363
2015-10-15,3.02,3.02,2.86,2.9,114847
2015-10-16,2.88,2.95,2.84,2.93,72802
2015-10-19,2.9,2.95,2.8,2.85,50232
2015-10-20,2.83,2.96,2.83,2.95,93126
2015-10-21,2.93,2.96,2.87,2.93,45569
2015-10-22,2.93,3.04,2.91,3.04,64187
2015-10-23,2.99,3.05,2.93,3.05,67777
2015-10-26,2.99,3.05,2.9,2.99,54702
2015-10-27,2.93,2.96,2.72,2.75,103502
2015-10-28,2.76,2.93,2.76,2.92,58846
2015-10-29,2.85,2.92,2.85,2.89,31946
2015-10-30,3.07,3.08,2.95,2.98,126707
2015-11-02,3.02,3.07,2.93,3.0,631891
2015-11-03,3.04,3.1,3.02,3.03,160552
2015-11-04,3.09,3.09,2.99,2.99,276746
2015-11-05,3.0,3.05,2.96,3.0,94663
2015-11-06,3.0,3.04,2.93,3.02,255603
2015-11-09,3.1,3.1,2.9,2.9,463572
2015-11-10,2.6,2.77,2.43,2.53,388614
2015-11-11,2.62,2.62,2.35,2.35,235752
2015-11-12,2.36,2.39,2.33,2.35,107565
2015-11-13,2.35,2.38,2.3,2.3,110748
2015-11-16,2.28,2.39,2.19,2.39,201764
2015-11-17,2.37,2.53,2.25,2.35,156679
2015-11-18,2.31,2.39,2.28,2.36,107470
2015-11-19,2.36,2.36,2.3,2.3,117485
2015-11-20,2.3,2.31,2.1,2.17,178432
2015-11-23,2.17,2.45,2.17,2.29,197724
2015-11-24,2.28,2.4,2.28,2.4,80318
2015-11-25,2.38,2.49,2.28,2.49,131078
2015-11-27,2.53,2.58,2.36,2.57,231835
2015-11-30,2.66,2.7,2.51,2.68,202936
2015-12-01,2.68,2.72,2.5,2.53,135961
2015-12-02,2.5,2.54,2.35,2.35,159653
2015-12-03,2.29,2.41,2.29,2.33,135734
2015-12-04,2.32,2.34,2.25,2.27,132940
2015-12-07,2.24,2.25,2.11,2.11,187979
2015-12-08,2.1,2.35,2.1,2.12,190839
2015-12-09,2.15,2.29,1.78,1.79,886146
2015-12-10,1.8,1.93,1.8,1.9,352937
2015-12-11,1.86,1.87,1.79,1.8,265491
2015-12-14,1.78,1.79,1.52,1.59,345809
2015-12-15,1.66,1.76,1.46,1.46,503255
2015-12-16,1.46,1.62,1.45,1.55,502113
2015-12-17,1.54,1.58,1.48,1.51,264302
2015-12-18,1.5,1.5,1.34,1.43,429401
2015-12-21,1.43,1.45,1.41,1.44,200986
2015-12-22,1.44,1.53,1.42,1.47,150286
2015-12-23,1.52,1.79,1.51,1.78,257299
2015-12-24,1.79,1.86,1.78,1.81,110785
2015-12-28,1.7,1.74,1.67,1.68,154327
2015-12-29,1.7,1.76,1.69,1.73,214681
2015-12-30,1.7,1.74,1.65,1.65,93847
2015-12-31,1.65,2.0,1.65,1.96,420668
2016-01-04,1.89,1.94,1.78,1.94,80458
2016-01-05,1.96,1.96,1.83,1.83,53209
2016-01-06,1.78,1.8,1.75,1.78,67981
2016-01-07,1.7,1.75,1.65,1.69,99438
2016-01-08,1.7,1.8,1.67,1.78,104008
2016-01-11,1.76,1.76,1.6,1.63,152379
2016-01-12,1.6,1.62,1.38,1.48,266917
2016-01-13,1.38,1.43,1.35,1.41,140589
2016-01-14,1.41,1.51,1.38,1.48,111357
2016-01-15,1.38,1.47,1.35,1.47,161174
2016-01-19,1.47,1.47,1.33,1.34,172846
2016-01-20,1.3,1.42,1.3,1.4,302656
2016-01-21,1.36,1.54,1.36,1.46,179681
2016-01-22,1.5,1.56,1.48,1.52,89159
2016-01-25,1.51,1.56,1.47,1.47,46125
2016-01-26,1.5,1.59,1.48,1.58,82568
2016-01-27,1.59,1.63,1.53,1.55,71976
2016-01-28,1.61,1.78,1.56,1.78,130373
2016-01-29,1.82,1.85,1.74,1.78,215090
2016-02-01,1.84,1.9,1.78,1.86,208183
2016-02-02,1.8,1.81,1.69,1.77,128862
2016-02-03,1.74,1.88,1.74,1.87,122032
2016-02-04,1.92,1.96,1.81,1.85,204103
2016-02-05,1.85,1.9,1.8,1.87,165635
2016-02-08,1.88,1.88,1.7,1.72,206884
2016-02-09,1.72,1.8,1.69,1.75,299180
2016-02-10,1.47,1.7,1.47,1.6,255498
2016-02-11,1.62,1.62,1.5,1.51,177305
2016-02-12,1.55,1.67,1.55,1.63,129276
2016-02-16,1.67,1.67,1.46,1.49,165159
2016-02-17,1.46,1.57,1.46,1.53,99009
2016-02-18,1.58,1.62,1.48,1.48,64696
2016-02-19,1.47,1.5,1.47,1.47,60711
2016-02-22,1.47,1.56,1.46,1.48,75592
2016-02-23,1.44,1.55,1.44,1.51,201516
2016-02-24,1.51,1.53,1.49,1.5,59063
2016-02-25,1.52,1.56,1.5,1.56,92468
2016-02-26,1.66,1.72,1.56,1.58,304020
2016-02-29,1.67,1.77,1.6,1.75,256657
2016-03-01,1.77,1.77,1.7,1.72,77968
2016-03-02,1.72,1.77,1.64,1.77,104050
2016-03-03,1.73,1.78,1.72,1.78,133232
2016-03-04,1.78,1.89,1.72,1.82,193841
2016-03-07,1.87,1.98,1.85,1.93,269025
2016-03-08,1.92,1.92,1.81,1.83,161485
2016-03-09,1.85,1.96,1.85,1.93,92381
2016-03-10,1.92,1.95,1.87,1.91,68929
2016-03-11,1.93,1.95,1.88,1.9,63286
2016-03-14,1.95,1.95,1.89,1.92,93916
2016-03-15,1.87,1.93,1.87,1.9,38813
2016-03-16,1.94,1.95,1.9,1.95,47547
2016-03-17,1.9,1.97,1.9,1.94,128973
2016-03-18,1.95,1.99,1.93,1.96,70449
2016-03-21,1.96,2.03,1.96,1.99,115599
2016-03-22,2.0,2.05,2.0,2.03,86457
2016-03-23,2.05,2.07,1.97,2.0,117427
2016-03-24,1.95,1.98,1.88,1.88,122365
2016-03-28,1.9,1.95,1.85,1.86,81760
2016-03-29,1.85,1.92,1.85,1.89,48156
2016-03-30,1.92,1.95,1.76,1.76,189615
2016-03-31,1.71,1.8,1.71,1.72,127184
2016-04-01,1.73,1.84,1.66,1.73,112149
2016-04-04,1.73,1.83,1.73,1.75,103893
2016-04-05,1.75,1.75,1.7,1.75,64340
2016-04-06,1.83,1.87,1.78,1.83,120198
2016-04-07,1.8,1.8,1.72,1.74,78421
2016-04-08,1.74,1.86,1.74,1.83,185828
2016-04-11,1.83,1.87,1.81,1.85,90556
2016-04-12,1.86,1.92,1.85,1.91,73776
2016-04-13,1.89,1.99,1.89,1.96,134637
2016-04-14,1.98,2.0,1.95,2.0,152380
2016-04-15,1.98,2.15,1.98,2.1,188033
2016-04-18,2.03,2.18,1.99,2.17,159094
2016-04-19,2.17,2.44,2.17,2.42,244760
2016-04-20,2.44,2.5,2.35,2.45,202213
2016-04-21,2.49,2.54,2.47,2.49,197721
2016-04-22,2.49,2.77,2.49,2.67,193270
2016-04-25,2.7,2.84,2.65,2.7,252160
2016-04-26,2.79,2.84,2.71,2.73,170070
2016-04-27,2.73,2.83,2.73,2.8,165869
2016-04-28,2.84,2.9,2.67,2.68,434884
2016-04-29,2.48,2.48,2.34,2.41,482137
2016-05-02,2.28,2.3,1.9,2.15,447228
2016-05-03,2.13,2.16,2.1,2.13,135087
2016-05-04,2.11,2.13,2.1,2.11,78580
2016-05-05,2.11,2.23,2.11,2.15,113214
2016-05-06,2.15,2.31,2.15,2.24,170337
2016-05-09,2.28,2.36,2.23,2.26,115791
2016-05-10,2.33,2.39,2.27,2.33,293450
2016-05-11,2.18,2.3,2.16,2.26,129447
2016-05-12,2.26,2.28,2.08,2.09,155369
2016-05-13,2.05,2.14,2.0,2.05,134154
2016-05-16,2.09,2.18,1.85,1.86,299551
2016-05-17,1.81,1.84,1.47,1.47,1036116
2016-05-18,1.39,1.47,1.35,1.44,310626
2016-05-19,1.41,1.43,1.36,1.43,154960
2016-05-20,1.45,1.5,1.44,1.48,127018
2016-05-23,1.47,1.48,1.45,1.46,69704
2016-05-24,1.46,1.63,1.45,1.61,142588
2016-05-25,1.6,1.65,1.6,1.63,82518
2016-05-26,1.65,1.7,1.64,1.7,123487
2016-05-27,1.78,1.8,1.74,1.77,157487
2016-05-31,1.82,1.85,1.77,1.82,121769
2016-06-01,1.75,1.79,1.75,1.75,122862
2016-06-02,1.76,1.81,1.75,1.75,62119
2016-06-03,1.72,1.74,1.63,1.7,118519
2016-06-06,1.68,1.75,1.66,1.69,122412
2016-06-07,1.72,1.76,1.69,1.75,68399
2016-06-08,1.75,1.83,1.74,1.82,98717
2016-06-09,1.81,1.82,1.73,1.8,70511
2016-06-10,1.75,1.8,1.73,1.73,68231
2016-06-13,1.73,1.77,1.71,1.73,62915
2016-06-14,1.72,1.73,1.65,1.67,99124
2016-06-15,1.66,1.72,1.64,1.72,24864
2016-06-16,1.72,1.72,1.66,1.68,31132
2016-06-17,1.69,1.8,1.64,1.73,155296
2016-06-20,1.75,1.79,1.73,1.76,43093
2016-06-21,1.74,1.78,1.74,1.76,38507
2016-06-22,1.78,1.8,1.73,1.76,30525
2016-06-23,1.75,1.76,1.72,1.73,69291
2016-06-24,1.7,1.73,1.66,1.68,118259
2016-06-27,1.68,1.68,1.65,1.65,90900
2016-06-28,1.7,1.75,1.66,1.68,87961
2016-06-29,1.74,1.74,1.7,1.72,43104
2016-06-30,1.74,1.74,1.67,1.71,53292
2016-07-01,1.71,1.73,1.69,1.72,53777
2016-07-05,1.71,1.73,1.69,1.71,42406
2016-07-06,1.69,1.71,1.69,1.71,37602
2016-07-07,1.72,1.72,1.68,1.68,64440
2016-07-08,1.7,1.7,1.68,1.69,52186
2016-07-11,1.7,1.71,1.69,1.69,49061
2016-07-12,1.71,1.75,1.71,1.74,49456
2016-07-13,1.75,1.8,1.75,1.8,77023
2016-07-14,1.78,1.8,1.75,1.75,63126
2016-07-15,1.78,1.8,1.75,1.8,100349
2016-07-18,1.8,1.8,1.76,1.78,81795
2016-07-19,1.8,1.84,1.78,1.79,135821
2016-07-20,1.81,1.83,1.79,1.8,64039
2016-07-21,1.8,1.84,1.8,1.84,82757
2016-07-22,1.85,1.87,1.82,1.84,93466
2016-07-25,1.86,1.9,1.85,1.9,114581
2016-07-26,1.9,1.9,1.87,1.89,112929
2016-07-27,1.9,1.92,1.85,1.86,127814
2016-07-28,1.86,1.94,1.85,1.94,121907
2016-07-29,1.87,1.89,1.54,1.62,709473
2016-08-01,1.62,1.65,1.42,1.51,375448
2016-08-02,1.51,1.55,1.39,1.39,411373
2016-08-03,1.52,1.52,1.4,1.49,201760
2016-08-04,1.52,1.55,1.49,1.53,172219
2016-08-05,1.54,1.58,1.53,1.58,106022
2016-08-08,1.65,1.7,1.6,1.69,212702
2016-08-09,1.85,1.85,1.71,1.73,280584
2016-08-10,1.67,1.69,1.54,1.55,200289
2016-08-11,1.54,1.68,1.52,1.59,172415
2016-08-12,1.58,1.6,1.53,1.57,75635
2016-08-15,1.59,1.59,1.51,1.56,96848
2016-08-16,1.54,1.57,1.53,1.54,91468
2016-08-17,1.55,1.58,1.52,1.57,62474
2016-08-18,1.6,1.6,1.5,1.53,145948
2016-08-19,1.57,1.57,1.5,1.5,65126
2016-08-22,1.5,1.55,1.49,1.49,56746
2016-08-23,1.5,1.57,1.5,1.53,137495
2016-08-24,1.51,1.52,1.48,1.49,78136
2016-08-25,1.5,1.52,1.49,1.52,75450
2016-08-26,1.53,1.53,1.49,1.51,75037
2016-08-29,1.51,1.51,1.48,1.48,119974
2016-08-30,1.48,1.5,1.48,1.49,70745
2016-08-31,1.48,1.5,1.48,1.48,58694
2016-09-01,1.48,1.49,1.46,1.47,83600
2016-09-02,1.5,1.5,1.46,1.47,51659
2016-09-06,1.48,1.5,1.48,1.5,68001
2016-09-07,1.48,1.5,1.48,1.5,75690
2016-09-08,1.47,1.5,1.47,1.5,43653
2016-09-09,1.48,1.5,1.47,1.47,64227
2016-09-12,1.42,1.48,1.41,1.45,133392
2016-09-13,1.43,1.45,1.42,1.42,40211
2016-09-14,1.41,1.44,1.41,1.42,26703
2016-09-15,1.42,1.44,1.42,1.43,24308
2016-09-16,1.46,1.46,1.42,1.42,72586
2016-09-19,1.41,1.43,1.4,1.41,141809
2016-09-20,1.41,1.49,1.41,1.41,84231
2016-09-21,1.43,1.44,1.41,1.41,76760
2016-09-22,1.41,1.43,1.37,1.39,99892
2016-09-23,1.42,1.48,1.39,1.4,156748
2016-09-26,1.38,1.44,1.38,1.39,54397
2016-09-27,1.39,1.41,1.39,1.39,25862
2016-09-28,1.39,1.39,1.31,1.37,169328
2016-09-29,1.37,1.4,1.37,1.39,84011
2016-09-30,1.41,1.41,1.36,1.37,65621
2016-10-03,1.4,1.43,1.38,1.42,64028
2016-10-04,1.4,1.44,1.4,1.41,60328
2016-10-05,1.41,1.46,1.41,1.45,93441
2016-10-06,1.44,1.46,1.44,1.46,67005
2016-10-07,1.48,1.49,1.45,1.45,107816
2016-10-10,1.45,1.49,1.41,1.49,142689
2016-10-11,1.45,1.52,1.45,1.47,207320
2016-10-12,1.46,1.53,1.44,1.49,85842
2016-10-13,1.49,1.52,1.49,1.51,45869
2016-10-14,1.51,1.52,1.48,1.51,72132
2016-10-17,1.52,1.53,1.5,1.52,57672
2016-10-18,1.53,1.53,1.49,1.51,89100
2016-10-19,1.53,1.54,1.5,1.53,182700
2016-10-20,1.55,1.55,1.48,1.5,123943
2016-10-21,1.52,1.52,1.48,1.51,98797
2016-10-24,1.5,1.51,1.48,1.5,45051
2016-10-25,1.51,1.51,1.48,1.49,83226
2016-10-26,1.49,1.49,1.47,1.47,59028
2016-10-27,1.46,1.5,1.46,1.47,52960
2016-10-28,1.51,1.52,1.46,1.49,91741
2016-10-31,1.51,1.51,1.46,1.46,72135
2016-11-01,1.45,1.49,1.45,1.46,71488
2016-11-02,1.42,1.46,1.41,1.44,98596
2016-11-03,1.44,1.48,1.43,1.47,72829
2016-11-04,1.47,1.49,1.42,1.47,120888
2016-11-07,1.45,1.47,1.44,1.45,133594
2016-11-08,1.43,1.44,1.41,1.43,74097
2016-11-09,1.4,1.45,1.4,1.45,83614
2016-11-10,1.45,1.45,1.42,1.44,82338
2016-11-11,1.42,1.44,1.38,1.38,95261
2016-11-14,1.4,1.4,1.37,1.4,73093
2016-11-15,1.4,1.44,1.38,1.4,148006
2016-11-16,1.39,1.44,1.39,1.43,118930
2016-11-17,1.41,1.44,1.39,1.43,70117
2016-11-18,1.44,1.44,1.39,1.42,90057
2016-11-21,1.41,1.43,1.39,1.39,127334
2016-11-22,1.4,1.43,1.38,1.38,94916
2016-11-23,1.38,1.42,1.37,1.42,85789
2016-11-25,1.42,1.42,1.38,1.42,56033
2016-11-28,1.38,1.42,1.38,1.38,129146
2016-11-29,1.38,1.39,1.37,1.37,80142
2016-11-30,1.39,1.42,1.38,1.39,173156
2016-12-01,1.37,1.41,1.37,1.39,194702
2016-12-02,1.4,1.41,1.36,1.39,227114
2016-12-05,1.42,1.42,1.4,1.41,145934
2016-12-06,1.41,1.41,1.4,1.4,56070
2016-12-07,1.41,1.41,1.39,1.39,77855
2016-12-08,1.4,1.4,1.38,1.39,101441
2016-12-09,1.37,1.39,1.35,1.36,259886
2016-12-12,1.37,1.42,1.36,1.39,424797
2016-12-13,1.4,1.45,1.38,1.43,297015
2016-12-14,1.41,1.44,1.41,1.44,143621
2016-12-15,1.44,1.44,1.4,1.4,128298
2016-12-16,1.41,1.44,1.4,1.42,118289
2016-12-19,1.44,1.45,1.4,1.45,231957
2016-12-20,1.45,1.45,1.4,1.43,142841
2016-12-21,1.45,1.45,1.43,1.43,78900
2016-12-22,1.43,1.44,1.4,1.4,143967
2016-12-23,1.41,1.44,1.41,1.43,78247
2016-12-27,1.43,1.44,1.4,1.4,96985
2016-12-28,1.4,1.43,1.39,1.4,113037
2016-12-29,1.38,1.45,1.38,1.43,252110
2016-12-30,1.43,1.44,1.38,1.41,175464
2017-01-03,1.44,1.47,1.4,1.43,125512
2017-01-04,1.45,1.46,1.43,1.44,88171
2017-01-05,1.45,1.46,1.42,1.43,95797
2017-01-06,1.46,1.46,1.42,1.46,89577
2017-01-09,1.47,1.55,1.46,1.55,346530
2017-01-10,1.55,1.55,1.48,1.48,114109
2017-01-11,1.52,1.6,1.5,1.54,252269
2017-01-12,1.55,1.57,1.54,1.55,142727
2017-01-13,1.55,1.56,1.54,1.54,141448
2017-01-17,1.56,1.57,1.54,1.54,122156
2017-01-18,1.55,1.56,1.54,1.54,129486
2017-01-19,1.54,1.55,1.5,1.52,95791
2017-01-20,1.54,1.56,1.52,1.55,83206
2017-01-23,1.56,1.56,1.53,1.55,128096
2017-01-24,1.55,1.56,1.53,1.56,152113
2017-01-25,1.57,1.71,1.55,1.61,609372
2017-01-26,1.65,1.73,1.65,1.69,393003
2017-01-27,1.7,1.72,1.63,1.7,291848
2017-01-30,1.71,1.73,1.61,1.61,624782
2017-01-31,1.65,1.69,1.59,1.66,456650
2017-02-01,1.7,1.75,1.67,1.7,415109
2017-02-02,1.74,1.75,1.7,1.74,350394
2017-02-03,1.76,1.76,1.71,1.72,315648
2017-02-06,1.76,1.79,1.69,1.7,671141
2017-02-07,1.65,1.71,1.59,1.59,703480
2017-02-08,1.56,1.62,1.5,1.5,349258
2017-02-09,1.56,1.59,1.48,1.5,491297
2017-02-10,1.51,1.53,1.5,1.5,249231
2017-02-13,1.5,1.54,1.45,1.46,227418
2017-02-14,1.45,1.51,1.45,1.49,206586
2017-02-15,1.5,1.51,1.48,1.49,98912
2017-02-16,1.49,1.55,1.46,1.5,161261
2017-02-17,1.5,1.52,1.48,1.5,170953
2017-02-21,1.54,1.56,1.5,1.5,200229
2017-02-22,1.51,1.55,1.5,1.5,200166
2017-02-23,1.5,1.54,1.49,1.51,116144
2017-02-24,1.52,1.52,1.48,1.48,172772
2017-02-27,1.51,1.51,1.48,1.49,212037
2017-02-28,1.5,1.52,1.49,1.5,87088
2017-03-01,1.51,1.53,1.49,1.5,130199
2017-03-02,1.48,1.51,1.48,1.5,148806
2017-03-03,1.48,1.5,1.47,1.49,190390
2017-03-06,1.5,1.5,1.48,1.49,144355
2017-03-07,1.5,1.51,1.48,1.49,152930
2017-03-08,1.48,1.5,1.47,1.47,125830
2017-03-09,1.48,1.49,1.47,1.47,200739
2017-03-10,1.47,1.48,1.46,1.46,175798
2017-03-13,1.46,1.48,1.45,1.46,139199
2017-03-14,1.47,1.47,1.41,1.41,162319
2017-03-15,1.4,1.47,1.4,1.45,199059
2017-03-16,1.48,1.5,1.47,1.48,96431
2017-03-17,1.48,1.48,1.44,1.45,125815
2017-03-20,1.45,1.46,1.43,1.44,92079
2017-03-21,1.51,1.51,1.44,1.44,135124
2017-03-22,1.44,1.44,1.42,1.43,63954
2017-03-23,1.44,1.44,1.42,1.42,40189
2017-03-24,1.43,1.44,1.41,1.42,110795
2017-03-27,1.43,1.45,1.42,1.44,113323
2017-03-28,1.42,1.45,1.42,1.43,80095
2017-03-29,1.43,1.47,1.42,1.44,144038
2017-03-30,1.48,1.49,1.45,1.45,107653
2017-03-31,1.45,1.49,1.44,1.44,65590
2017-04-03,1.45,1.47,1.43,1.43,104416
2017-04-04,1.44,1.46,1.43,1.43,118593
2017-04-05,1.45,1.48,1.43,1.44,151326
2017-04-06,1.44,1.44,1.42,1.44,103239
2017-04-07,1.46,1.46,1.43,1.44,49143
2017-04-10,1.44,1.48,1.43,1.47,165647
2017-04-11,1.5,1.52,1.47,1.49,135494
2017-04-12,1.5,1.5,1.49,1.49,44703
2017-04-13,1.49,1.5,1.47,1.47,90734
2017-04-17,1.47,1.5,1.47,1.48,65278
2017-04-18,1.49,1.5,1.48,1.5,74718
2017-04-19,1.49,1.5,1.48,1.48,108981
2017-04-20,1.48,1.5,1.48,1.5,159590
2017-04-21,1.5,1.5,1.49,1.5,50483
2017-04-24,1.5,1.51,1.49,1.5,173465
2017-04-25,1.5,1.51,1.49,1.49,100176
2017-04-26,1.5,1.5,1.49,1.49,157805
2017-04-27,1.5,1.51,1.48,1.49,138163
2017-04-28,1.51,1.53,1.49,1.5,374875
2017-05-01,1.53,1.55,1.52,1.53,281300
2017-05-02,1.53,1.55,1.53,1.55,202728
2017-05-03,1.56,1.57,1.54,1.54,211100
2017-05-04,1.52,1.57,1.5,1.5,347176
2017-05-05,1.5,1.57,1.5,1.55,416330
2017-05-08,1.57,1.59,1.54,1.56,363525
2017-05-09,1.59,1.59,1.55,1.55,471435
2017-05-10,1.52,1.54,1.5,1.52,206509
2017-05-11,1.52,1.53,1.52,1.52,117047
2017-05-12,1.51,1.52,1.47,1.48,120602
2017-05-15,1.47,1.5,1.43,1.45,158431
2017-05-16,1.46,1.48,1.44,1.45,81955
2017-05-17,1.45,1.48,1.38,1.4,300543
2017-05-18,1.4,1.44,1.4,1.4,159887
2017-05-19,1.4,1.43,1.4,1.4,69839
2017-05-22,1.41,1.45,1.41,1.43,103265
2017-05-23,1.41,1.47,1.41,1.46,126007
2017-05-24,1.46,1.47,1.41,1.42,168513
2017-05-25,1.42,1.43,1.41,1.43,129658
2017-05-26,1.46,1.47,1.43,1.43,257827
2017-05-30,1.43,1.47,1.41,1.45,149132
2017-05-31,1.45,1.46,1.42,1.43,118167
2017-06-01,1.45,1.47,1.43,1.45,89053
2017-06-02,1.43,1.47,1.43,1.43,105975
2017-06-05,1.43,1.45,1.42,1.43,96258
2017-06-06,1.42,1.45,1.42,1.43,41949
2017-06-07,1.43,1.46,1.42,1.43,66147
2017-06-08,1.42,1.43,1.41,1.41,47337
2017-06-09,1.42,1.45,1.41,1.44,53832
2017-06-12,1.45,1.45,1.44,1.44,65897
2017-06-13,1.45,1.45,1.43,1.44,65967
2017-06-14,1.44,1.46,1.42,1.42,61946
2017-06-15,1.43,1.43,1.41,1.42,88373
2017-06-16,1.41,1.44,1.41,1.43,67419
2017-06-19,1.44,1.44,1.41,1.42,89091
2017-06-20,1.42,1.44,1.41,1.41,177178
2017-06-21,1.39,1.41,1.39,1.39,214747
2017-06-22,1.4,1.41,1.38,1.41,121431
2017-06-23,1.39,1.43,1.38,1.39,118060
2017-06-26,1.42,1.43,1.39,1.4,95036
2017-06-27,1.4,1.43,1.39,1.41,71005
2017-06-28,1.4,1.42,1.4,1.4,45548
2017-06-29,1.42,1.43,1.4,1.43,55437
2017-06-30,1.42,1.44,1.42,1.43,48097
2017-07-03,1.43,1.44,1.41,1.41,39785
2017-07-05,1.42,1.44,1.41,1.42,33284
2017-07-06,1.42,1.43,1.42,1.42,88619
2017-07-07,1.42,1.44,1.41,1.43,84237
2017-07-10,1.42,1.43,1.42,1.43,50286
2017-07-11,1.43,1.44,1.42,1.43,52931
2017-07-12,1.43,1.45,1.43,1.43,41590
2017-07-13,1.43,1.45,1.43,1.44,36059
2017-07-14,1.43,1.45,1.42,1.43,92034
2017-07-17,1.43,1.45,1.43,1.44,56478
2017-07-18,1.45,1.45,1.42,1.44,109144
2017-07-19,1.43,1.45,1.43,1.44,174787
2017-07-20,1.44,1.46,1.44,1.46,105598
2017-07-21,1.46,1.48,1.45,1.48,61470
2017-07-24,1.48,1.48,1.46,1.48,39917
2017-07-25,1.48,1.49,1.47,1.47,145780
2017-07-26,1.48,1.5,1.47,1.49,123378
2017-07-27,1.5,1.51,1.49,1.49,99688
2017-07-28,1.47,1.47,1.45,1.45,126164
2017-07-31,,,1.42,1.42,199410
2017-08-01,1.45,1.49,1.43,1.44,59009
