Date,Open,High,Low,Close,Volume
2010-11-11,24.05,24.73,24.05,24.44,30300
2010-11-12,24.45,25.92,24.45,24.93,1622270
2010-11-15,25.0,27.05,25.0,25.94,282655
2010-11-16,25.85,26.24,25.85,26.0,124560
2010-11-17,26.05,26.15,25.95,26.0,222937
2010-11-18,26.05,26.3,26.05,26.25,34251
2010-11-19,26.34,27.75,26.34,27.49,1310320
2010-11-22,27.4,27.99,26.97,27.39,359228
2010-11-23,27.25,27.25,26.25,26.38,84988
2010-11-24,26.38,26.68,26.1,26.6,23888
2010-11-26,26.66,27.2,26.66,27.16,3800
2010-11-29,27.1,27.1,26.45,26.5,114745
2010-11-30,26.4,26.45,25.97,26.12,116722
2010-12-01,25.96,27.03,25.96,26.48,391029
2010-12-02,26.54,26.66,26.15,26.3,88202
2010-12-03,26.17,26.5,26.03,26.25,121903
2010-12-06,26.26,27.1,26.16,27.1,307225
2010-12-07,27.52,27.85,27.35,27.74,209510
2010-12-08,27.74,27.82,27.61,27.61,69990
2010-12-09,27.71,27.78,27.5,27.67,47233
2010-12-10,27.6,27.6,27.12,27.43,43403
2010-12-13,27.7,27.7,27.41,27.55,5266
2010-12-14,27.55,27.78,27.55,27.69,137884
2010-12-15,27.6,27.69,27.44,27.44,284082
2010-12-16,27.4,27.4,26.7,27.1,48300
2010-12-17,27.2,27.36,27.06,27.2,355402
2010-12-20,27.35,27.58,27.1,27.15,101615
2010-12-21,27.15,27.27,27.12,27.15,16512
2010-12-22,27.27,27.27,26.72,27.21,30305
2010-12-23,29.07,29.07,26.86,26.99,42684
2010-12-27,27.01,27.05,26.95,27.0,1430
2010-12-28,26.97,27.0,26.81,27.0,8370
2010-12-29,27.02,27.3,26.65,26.84,21656
2010-12-30,26.87,27.05,26.83,26.83,30673
2010-12-31,26.87,27.17,26.77,27.17,49021
2011-01-03,27.3,27.9,27.06,27.4,141278
2011-01-04,27.54,27.54,27.2,27.27,112446
2011-01-05,27.33,27.4,27.15,27.29,39452
2011-01-06,27.21,27.36,27.11,27.2,100626
2011-01-07,27.17,27.23,27.06,27.14,5533
2011-01-10,27.17,27.17,26.98,26.98,53530
2011-01-11,27.02,27.09,26.88,27.09,45585
2011-01-12,27.13,27.13,26.47,26.77,48451
2011-01-13,26.75,26.78,26.25,26.37,111173
2011-01-14,26.23,27.13,26.0,27.08,227033
2011-01-18,27.05,27.05,26.5,26.9,81536
2011-01-19,26.95,26.95,26.73,26.76,311053
2011-01-20,26.68,26.8,26.56,26.62,115279
2011-01-21,26.71,26.71,26.46,26.7,348358
2011-01-24,26.83,27.08,26.83,26.99,127800
2011-01-25,27.0,27.1,26.8,26.98,68872
2011-01-26,27.0,27.0,26.75,26.98,53550
2011-01-27,27.08,27.54,26.92,27.54,241895
2011-01-28,27.6,28.19,27.47,27.91,212865
2011-01-31,28.0,29.42,28.0,28.8,736376
2011-02-01,28.68,29.09,28.68,29.0,826561
2011-02-02,28.95,28.99,28.23,28.84,32903
2011-02-03,28.83,29.21,28.61,29.0,596233
2011-02-04,28.95,29.06,28.64,29.0,399506
2011-02-07,28.92,29.03,28.46,28.94,94266
2011-02-08,28.89,29.0,28.54,28.9,53800
2011-02-09,28.98,29.0,28.59,28.68,12300
2011-02-10,28.77,29.0,28.77,28.97,131431
2011-02-11,28.99,29.0,28.72,28.93,18254
2011-02-14,29.0,29.22,28.96,29.1,32930
2011-02-15,29.0,30.25,29.0,30.12,258787
2011-02-16,30.07,31.36,30.07,30.6,1265949
2011-02-17,30.46,30.51,29.88,30.25,761890
2011-02-18,30.23,30.91,30.23,30.79,1110528
2011-02-22,30.71,31.76,30.63,30.73,119382
2011-02-23,30.82,31.26,30.73,31.15,874440
2011-02-24,31.22,32.17,30.98,30.99,943196
2011-02-25,31.16,33.03,30.89,32.48,1122122
2011-02-28,32.53,32.74,31.9,32.11,251101
2011-03-01,32.21,32.26,31.61,32.1,423013
2011-03-02,32.3,32.37,31.96,32.05,691516
2011-03-03,32.13,32.5,32.08,32.16,565207
2011-03-04,32.02,33.02,32.02,33.0,272106
2011-03-07,33.09,33.49,33.06,33.18,212274
2011-03-08,33.06,33.64,32.93,33.27,250592
2011-03-09,33.2,33.56,32.92,33.27,355068
2011-03-10,33.18,33.51,32.44,32.45,145504
2011-03-11,32.3,32.79,32.22,32.51,278150
2011-03-14,32.45,32.5,32.25,32.42,175300
2011-03-15,31.96,32.39,31.34,31.92,219958
2011-03-16,31.76,32.33,31.76,32.14,340774
2011-03-17,32.42,32.53,32.01,32.06,472961
2011-03-18,32.21,32.53,32.03,32.45,549503
2011-03-21,32.42,32.65,32.42,32.5,186912
2011-03-22,32.5,33.06,32.5,32.99,365713
2011-03-23,33.1,34.28,33.1,33.74,546183
2011-03-24,34.02,34.02,33.56,33.6,258298
2011-03-25,33.69,33.88,33.5,33.52,204975
2011-03-28,33.72,33.72,33.26,33.37,151763
2011-03-29,33.3,33.3,32.73,32.89,493100
2011-03-30,33.0,33.0,32.37,32.47,301963
2011-03-31,32.78,33.02,27.38,28.16,4779622
2011-04-01,28.34,29.53,27.93,28.85,1900690
2011-04-04,28.96,29.25,28.75,28.88,291831
2011-04-05,28.78,28.95,26.61,27.05,1406153
2011-04-06,27.29,27.76,27.12,27.5,458278
2011-04-07,27.73,27.73,27.2,27.25,253258
2011-04-08,27.32,27.38,26.93,27.26,282175
2011-04-11,27.33,27.8,26.2,26.79,402418
2011-04-12,26.95,26.95,25.75,26.21,1213268
2011-04-13,26.38,27.0,25.88,26.69,343855
2011-04-14,26.86,27.13,26.72,27.13,380122
2011-04-15,27.02,27.4,26.82,27.0,364826
2011-04-18,26.76,27.22,26.64,27.05,195755
2011-04-19,26.93,27.38,26.9,27.07,219119
2011-04-20,27.22,27.59,27.1,27.52,359379
2011-04-21,27.6,27.86,27.41,27.86,131552
2011-04-25,27.61,27.98,27.61,27.81,102119
2011-04-26,27.71,28.02,27.66,27.83,207154
2011-04-27,27.72,28.4,27.68,28.32,146540
2011-04-28,28.18,28.33,28.09,28.15,67847
2011-04-29,28.02,28.18,27.91,28.05,113646
2011-05-02,28.2,28.62,28.11,28.25,234512
2011-05-03,28.32,28.59,27.75,27.97,179438
2011-05-04,27.97,28.03,27.37,27.64,668451
2011-05-05,27.47,27.64,27.18,27.26,227551
2011-05-06,27.49,27.65,27.25,27.32,115142
2011-05-09,27.31,27.97,27.31,27.97,225443
2011-05-10,28.09,28.45,27.87,28.28,163366
2011-05-11,28.38,28.39,27.8,27.89,213387
2011-05-12,27.72,27.76,27.5,27.61,192417
2011-05-13,27.55,27.56,27.1,27.25,228340
2011-05-16,27.0,27.04,24.37,24.48,1359987
2011-05-17,24.32,25.49,23.99,25.16,1074778
2011-05-18,25.22,25.74,24.74,25.68,868752
2011-05-19,25.69,26.18,24.94,25.48,373058
2011-05-20,25.56,25.9,25.28,25.38,340656
2011-05-23,24.99,25.67,24.87,25.49,235220
2011-05-24,25.63,25.63,24.65,25.01,519361
2011-05-25,24.91,25.19,24.76,24.97,285748
2011-05-26,24.91,25.5,24.37,25.12,278557
2011-05-27,25.26,25.98,25.22,25.42,418447
2011-05-31,25.69,25.76,25.16,25.45,1888530
2011-06-01,25.37,25.57,25.01,25.37,368333
2011-06-02,25.29,25.68,25.24,25.37,239039
2011-06-03,25.08,25.4,25.0,25.23,441749
2011-06-06,25.16,25.34,24.25,24.48,373904
2011-06-07,24.6,24.66,23.79,24.45,281567
2011-06-08,24.47,24.47,23.97,24.39,332897
2011-06-09,24.49,25.41,24.35,25.3,445788
2011-06-10,25.14,25.84,25.14,25.65,583878
2011-06-13,25.75,25.85,25.64,25.81,463454
2011-06-14,26.0,26.48,25.76,26.39,547095
2011-06-15,26.22,26.55,25.72,26.18,727087
2011-06-16,26.22,27.03,25.85,26.87,647239
2011-06-17,26.93,27.32,26.59,27.03,612289
2011-06-20,27.0,27.0,26.43,26.55,276592
2011-06-21,26.79,26.9,26.44,26.57,480633
2011-06-22,26.59,26.75,25.75,26.28,702572
2011-06-23,26.17,26.3,25.51,25.98,524381
2011-06-24,26.01,26.85,25.46,25.73,5255938
2011-06-27,25.87,26.26,25.5,26.09,447501
2011-06-28,26.14,26.52,26.06,26.3,551621
2011-06-29,26.3,26.65,26.15,26.21,288851
2011-06-30,26.28,26.87,25.6,25.67,720441
2011-07-01,25.65,25.65,24.72,25.24,702955
2011-07-05,25.28,25.28,24.85,24.95,290538
2011-07-06,24.85,25.1,24.78,24.89,292944
2011-07-07,25.05,25.13,24.82,24.9,391994
2011-07-08,24.67,25.02,24.53,24.77,353543
2011-07-11,24.61,24.74,24.02,24.13,198937
2011-07-12,24.09,24.27,24.02,24.12,240583
2011-07-13,24.21,24.45,23.92,24.12,246931
2011-07-14,24.23,24.31,23.64,23.64,167994
2011-07-15,23.89,24.13,23.61,23.87,187869
2011-07-18,23.77,24.0,23.19,23.51,143717
2011-07-19,23.65,23.97,23.59,23.77,215605
2011-07-20,23.82,23.83,23.36,23.7,101030
2011-07-21,23.71,23.82,23.59,23.7,281216
2011-07-22,23.68,23.76,23.52,23.71,138361
2011-07-25,23.6,23.73,23.48,23.57,216831
2011-07-26,23.49,23.72,23.29,23.49,153516
2011-07-27,23.38,23.38,22.94,23.17,238119
2011-07-28,23.2,23.36,23.09,23.35,216433
2011-07-29,23.18,23.38,22.95,23.28,220375
2011-08-01,23.42,23.89,22.89,23.21,261682
2011-08-02,23.21,23.37,22.13,22.15,339602
2011-08-03,22.23,22.27,21.55,22.11,191358
2011-08-04,21.93,21.93,20.05,20.07,289911
2011-08-05,20.21,20.6,20.0,20.43,601608
2011-08-08,20.07,20.47,17.54,18.19,828948
2011-08-09,18.37,18.4,16.55,18.0,1199284
2011-08-10,17.78,18.5,17.41,18.15,546114
2011-08-11,18.3,19.31,18.0,19.26,423932
2011-08-12,19.55,19.55,18.88,19.33,341036
2011-08-15,19.48,22.2,19.48,21.44,313202
2011-08-16,21.2,21.27,20.29,21.05,275870
2011-08-17,21.15,21.81,20.1,20.51,453775
2011-08-18,20.13,20.13,18.91,19.7,473076
2011-08-19,19.47,20.13,19.21,19.62,352384
2011-08-22,19.95,20.28,18.48,18.62,335665
2011-08-23,18.7,19.28,18.46,19.23,427313
2011-08-24,19.16,20.64,18.98,20.52,251776
2011-08-25,20.63,20.77,18.81,19.8,291625
2011-08-26,19.65,20.43,19.26,20.17,190182
2011-08-29,20.35,20.74,20.06,20.74,230373
2011-08-30,20.62,20.85,20.3,20.7,179822
2011-08-31,21.05,23.28,20.9,22.93,995662
2011-09-01,22.98,23.35,22.32,22.38,407754
2011-09-02,22.07,22.57,21.75,22.13,507124
2011-09-06,21.7,22.32,21.32,22.09,442567
2011-09-07,22.46,22.65,22.06,22.36,523813
2011-09-08,22.3,23.15,22.15,23.0,565234
2011-09-09,22.74,23.02,21.87,22.25,598186
2011-09-12,21.9,22.81,21.79,22.7,266681
2011-09-13,22.76,23.01,22.4,22.67,172657
2011-09-14,22.86,23.36,22.79,23.15,240863
2011-09-15,23.39,23.54,22.97,23.43,164885
2011-09-16,23.05,24.04,23.05,23.5,386861
2011-09-19,23.12,23.38,22.82,23.16,243340
2011-09-20,23.35,23.72,22.53,22.75,258619
2011-09-21,22.69,23.38,22.54,22.76,385043
2011-09-22,22.05,22.39,21.76,22.04,550042
2011-09-23,22.0,22.28,20.7,21.5,332435
2011-09-26,21.57,21.69,20.79,21.57,219697
2011-09-27,22.04,22.77,21.75,22.01,350237
2011-09-28,22.02,22.28,20.72,20.91,324244
2011-09-29,21.26,21.63,20.37,21.03,198171
2011-09-30,20.49,20.88,19.95,19.96,290002
2011-10-03,19.81,20.05,19.16,19.22,384949
2011-10-04,19.06,19.34,18.34,19.04,423154
2011-10-05,19.25,20.16,18.71,20.1,206678
2011-10-06,19.97,20.96,19.88,20.95,221254
2011-10-07,20.98,21.13,19.83,20.39,273239
2011-10-10,20.73,21.3,20.37,20.77,223314
2011-10-11,20.58,21.57,20.36,21.04,225402
2011-10-12,21.17,21.36,20.89,20.99,228924
2011-10-13,20.82,21.12,20.28,21.02,161203
2011-10-14,21.1,21.62,20.86,21.5,184364
2011-10-17,21.48,21.89,21.3,21.4,240669
2011-10-18,21.52,22.6,21.38,22.32,442578
2011-10-19,22.26,23.39,22.26,22.85,239351
2011-10-20,22.9,23.19,22.7,22.9,131059
2011-10-21,23.32,23.79,23.0,23.56,170829
2011-10-24,27.01,28.37,25.7,28.27,3492406
2011-10-25,28.12,29.37,27.94,29.0,1468120
2011-10-26,29.3,29.5,28.41,28.48,904572
2011-10-27,28.72,29.2,27.7,28.09,1331355
2011-10-28,28.03,28.55,28.0,28.32,494263
2011-10-31,28.14,28.4,27.93,27.98,478449
2011-11-01,27.5,28.21,27.4,28.07,409658
2011-11-02,28.45,28.65,27.85,27.99,605790
2011-11-03,28.29,28.42,27.69,28.23,484876
2011-11-04,27.99,28.41,27.99,28.36,794977
2011-11-07,28.19,29.16,28.19,28.95,1028435
2011-11-08,29.12,29.19,28.37,29.01,553651
2011-11-09,28.34,29.01,28.3,28.43,443431
2011-11-10,28.78,29.0,28.48,28.88,524168
2011-11-11,29.19,29.57,29.07,29.44,415795
2011-11-14,29.26,29.45,28.94,29.02,190023
2011-11-15,28.95,29.22,28.33,28.72,266104
2011-11-16,28.59,29.09,27.85,28.04,343948
2011-11-17,28.0,28.86,27.57,27.84,297650
2011-11-18,27.67,27.94,27.5,27.8,218573
2011-11-21,27.56,27.78,27.56,27.71,250323
2011-11-22,27.69,28.23,27.44,27.68,191316
2011-11-23,27.63,27.95,27.5,27.82,254071
2011-11-25,27.76,27.98,27.76,27.82,64173
2011-11-28,28.13,28.65,27.96,28.18,227226
2011-11-29,28.24,28.24,27.95,28.1,189794
2011-11-30,28.62,28.67,28.08,28.15,411054
2011-12-01,27.01,27.07,25.93,26.19,1604504
2011-12-02,26.41,26.82,25.79,25.81,254273
2011-12-05,26.38,26.38,25.84,25.98,443770
2011-12-06,25.84,27.03,25.84,26.63,426794
2011-12-07,26.52,27.21,26.45,26.8,194255
2011-12-08,26.65,26.88,26.18,26.4,182076
2011-12-09,26.51,26.77,26.36,26.46,254538
2011-12-12,26.4,26.41,26.0,26.31,140783
2011-12-13,26.44,26.69,26.02,26.07,270756
2011-12-14,25.81,25.97,25.56,25.59,298127
2011-12-15,25.84,26.0,25.6,25.77,234205
2011-12-16,25.61,25.78,24.49,25.23,509662
2011-12-19,25.26,25.49,24.64,24.75,227974
2011-12-20,24.6,26.15,24.6,26.11,251359
2011-12-21,26.08,26.45,25.76,26.41,81905
2011-12-22,26.55,26.7,26.3,26.39,97940
2011-12-23,26.47,26.56,26.3,26.39,52468
2011-12-27,26.4,26.77,26.4,26.65,72028
2011-12-28,26.62,26.64,25.77,25.83,90364
2011-12-29,25.82,26.27,25.72,26.16,85895
2011-12-30,26.16,26.27,25.77,26.06,86675
2012-01-03,26.45,26.72,26.29,26.59,119644
2012-01-04,26.41,26.97,26.17,26.27,115919
2012-01-05,26.7,28.64,25.82,26.46,946051
2012-01-06,26.52,26.85,26.36,26.51,125705
2012-01-09,26.55,26.82,26.25,26.77,115805
2012-01-10,26.98,27.12,26.85,26.91,190304
2012-01-11,26.85,27.12,26.7,27.0,458266
2012-01-12,27.12,27.12,26.57,26.67,176836
2012-01-13,26.5,26.82,26.5,26.79,51005
2012-01-17,27.03,27.85,26.81,27.16,293051
2012-01-18,27.14,27.88,27.14,27.59,194089
2012-01-19,27.59,27.76,27.02,27.09,194354
2012-01-20,27.09,27.15,26.22,26.8,916054
2012-01-23,26.77,27.21,26.76,26.77,519073
2012-01-24,26.6,27.1,26.5,26.97,195359
2012-01-25,26.89,27.05,26.8,26.95,113752
2012-01-26,27.11,27.12,26.47,26.75,286144
2012-01-27,26.63,27.14,26.62,27.11,66602
2012-01-30,26.87,27.09,26.68,26.7,111629
2012-01-31,26.88,26.92,26.4,26.47,186356
2012-02-01,26.6,26.84,26.35,26.47,873476
2012-02-02,26.5,26.88,26.09,26.36,684303
2012-02-03,26.69,26.85,26.47,26.5,341388
2012-02-06,26.37,26.59,26.31,26.54,370518
2012-02-07,26.52,27.41,26.52,27.22,267058
2012-02-08,27.32,27.45,27.09,27.12,159505
2012-02-09,27.25,27.41,26.6,27.13,180173
2012-02-10,26.85,26.85,26.62,26.75,80360
2012-02-13,27.0,27.13,26.56,27.05,61615
2012-02-14,26.98,27.23,26.8,27.03,94074
2012-02-15,27.13,27.14,26.78,27.05,168857
2012-02-16,27.01,27.43,26.96,27.37,296834
2012-02-17,27.36,27.49,27.24,27.37,169874
2012-02-21,27.32,27.65,27.26,27.5,242632
2012-02-22,27.52,27.6,27.05,27.07,87608
2012-02-23,27.03,27.4,27.01,27.26,98684
2012-02-24,27.25,27.29,26.98,27.05,168898
2012-02-27,26.94,28.41,26.84,27.97,283716
2012-02-28,27.93,28.15,27.72,28.12,563544
2012-02-29,28.13,30.13,27.95,28.37,604259
2012-03-01,28.58,28.78,28.27,28.27,454736
2012-03-02,28.28,29.02,28.28,28.51,215369
2012-03-05,28.36,29.14,28.0,29.13,124214
2012-03-06,28.87,29.04,28.26,28.4,156347
2012-03-07,28.48,28.69,28.0,28.14,409142
2012-03-08,28.32,28.58,27.96,28.55,182367
2012-03-09,28.53,29.15,28.17,28.75,351040
2012-03-12,28.64,28.96,28.54,28.66,95895
2012-03-13,28.78,29.28,28.51,28.8,193125
2012-03-14,28.73,28.96,28.55,28.62,111217
2012-03-15,28.5,28.69,28.36,28.59,96011
2012-03-16,28.58,28.73,28.25,28.72,532645
2012-03-19,28.64,29.38,28.51,29.01,267280
2012-03-20,28.92,29.6,28.91,28.99,306652
2012-03-21,29.05,29.87,28.98,29.48,309076
2012-03-22,29.26,29.64,29.11,29.17,214604
2012-03-23,29.19,29.27,28.89,29.06,137219
2012-03-26,29.22,30.0,29.17,29.92,301733
2012-03-27,29.89,30.04,29.36,29.49,207570
2012-03-28,29.47,30.02,29.47,29.68,309469
2012-03-29,29.58,29.75,29.25,29.65,227455
2012-03-30,29.85,29.94,29.03,29.14,412005
2012-04-02,29.1,29.69,28.94,29.2,845119
2012-04-03,29.17,29.75,29.01,29.25,1055135
2012-04-04,28.99,29.3,28.73,28.95,382131
2012-04-05,28.8,29.77,28.71,29.33,409876
2012-04-09,28.92,29.43,28.92,29.33,203754
2012-04-10,29.32,29.66,28.82,29.08,282472
2012-04-11,29.35,29.85,29.1,29.83,365351
2012-04-12,29.82,29.97,29.65,29.86,497347
2012-04-13,29.72,29.8,29.48,29.67,274114
2012-04-16,29.08,29.87,29.08,29.59,284418
2012-04-17,28.62,29.95,28.05,29.9,1224753
2012-04-18,30.45,30.9,30.29,30.55,694988
2012-04-19,30.61,31.19,30.38,31.0,598943
2012-04-20,31.41,31.5,30.6,30.86,567280
2012-04-23,30.45,30.71,29.43,29.96,629220
2012-04-24,30.05,30.5,29.78,30.28,250439
2012-04-25,30.54,30.86,30.13,30.7,142985
2012-04-26,30.58,31.01,30.58,30.86,156448
2012-04-27,30.92,31.02,30.68,30.87,225239
2012-04-30,30.79,31.84,30.69,31.8,663827
2012-05-01,31.76,32.0,31.46,31.56,483179
2012-05-02,31.45,31.45,30.92,31.25,507060
2012-05-03,31.2,31.4,29.88,30.18,835683
2012-05-04,30.01,30.01,29.0,29.33,1745316
2012-05-07,29.35,29.95,29.16,29.83,573599
2012-05-08,29.67,30.06,29.51,29.95,732552
2012-05-09,29.64,31.74,29.31,31.35,1234179
2012-05-10,31.39,31.99,31.21,31.82,578358
2012-05-11,31.69,31.9,31.65,31.9,458731
2012-05-14,31.64,31.76,31.01,31.12,483651
2012-05-15,31.08,31.14,30.46,30.55,325928
2012-05-16,30.53,30.54,29.87,29.93,293870
2012-05-17,29.94,30.27,29.71,29.72,510453
2012-05-18,29.67,30.32,29.3,29.3,605429
2012-05-21,29.38,29.97,29.26,29.76,381464
2012-05-22,29.84,30.4,29.65,29.89,496248
2012-05-23,29.7,30.3,29.38,30.14,212586
2012-05-24,30.18,30.35,29.74,30.33,173433
2012-05-25,30.27,30.47,29.87,30.43,160057
2012-05-29,30.57,30.67,30.21,30.62,185143
2012-05-30,30.36,30.43,30.04,30.29,171892
2012-05-31,30.23,30.5,30.01,30.15,390600
2012-06-01,29.76,30.62,29.24,29.34,355185
2012-06-04,29.35,29.51,28.32,29.29,278078
2012-06-05,29.14,29.58,28.9,29.06,333125
2012-06-06,29.26,29.92,29.22,29.86,222723
2012-06-07,30.21,30.37,29.93,29.96,288142
2012-06-08,29.93,30.18,29.65,30.05,162471
2012-06-11,30.38,30.38,29.7,29.81,387819
2012-06-12,29.91,30.65,29.82,30.58,268584
2012-06-13,30.57,30.63,29.96,30.16,206902
2012-06-14,30.23,30.9,30.17,30.68,128635
2012-06-15,30.95,30.98,30.46,30.87,288002
2012-06-18,30.74,30.8,30.51,30.76,190150
2012-06-19,30.76,31.5,30.76,31.49,433225
2012-06-20,31.45,31.9,31.37,31.57,248149
2012-06-21,31.65,31.84,30.47,30.53,290258
2012-06-22,30.72,31.12,30.58,30.98,331861
2012-06-25,30.59,30.72,30.42,30.7,164631
2012-06-26,30.81,31.15,30.52,31.02,307196
2012-06-27,31.12,31.36,30.6,31.31,162256
2012-06-28,31.09,31.61,31.09,31.49,321091
2012-06-29,31.75,32.12,31.64,31.93,620184
2012-07-02,31.95,32.0,31.36,32.0,265513
2012-07-03,32.0,32.03,31.89,32.0,261566
2012-07-05,32.0,32.22,31.7,31.97,213309
2012-07-06,31.61,32.07,31.48,31.8,109485
2012-07-09,31.79,31.9,31.39,31.78,113528
2012-07-10,32.0,32.4,31.71,32.25,959538
2012-07-11,32.4,32.44,32.17,32.25,538013
2012-07-12,32.08,32.4,31.78,32.29,550808
2012-07-13,32.43,32.75,32.18,32.67,848933
2012-07-16,32.7,32.81,32.48,32.59,518871
2012-07-17,32.73,32.99,32.15,32.72,228188
2012-07-18,32.62,33.14,32.22,32.3,487682
2012-07-19,32.4,32.65,31.91,32.03,272738
2012-07-20,31.91,32.9,31.56,32.74,442943
2012-07-23,32.28,32.53,32.1,32.32,190121
2012-07-24,32.37,32.56,32.04,32.33,223082
2012-07-25,32.36,32.61,32.0,32.19,118767
2012-07-26,32.54,32.9,32.17,32.27,142050
2012-07-27,32.3,33.11,32.02,33.06,261766
2012-07-30,33.08,33.96,33.08,33.69,361650
2012-07-31,33.53,33.92,33.43,33.71,263228
2012-08-01,33.85,33.96,33.37,33.42,349726
2012-08-02,33.21,33.86,33.11,33.59,298442
2012-08-03,33.8,34.69,33.78,34.2,507311
2012-08-06,34.33,34.74,34.28,34.7,254630
2012-08-07,34.75,34.85,34.52,34.84,431782
2012-08-08,34.76,34.99,33.58,34.04,546399
2012-08-09,33.88,34.2,33.57,33.98,408591
2012-08-10,33.95,34.12,33.88,34.01,338055
2012-08-13,34.06,34.13,33.84,34.12,247463
2012-08-14,34.25,34.93,34.14,34.72,338875
2012-08-15,34.75,35.34,34.58,35.25,702524
2012-08-16,35.21,36.21,35.21,36.03,1099719
2012-08-17,36.0,36.99,35.92,36.75,1018055
2012-08-20,36.54,36.72,36.06,36.67,254851
2012-08-21,36.78,36.78,35.75,36.05,411075
2012-08-22,36.12,36.12,35.48,35.51,1011289
2012-08-23,35.58,35.77,35.24,35.24,373496
2012-08-24,35.28,35.32,34.71,35.2,316821
2012-08-27,35.33,35.71,35.16,35.33,181612
2012-08-28,35.25,35.73,35.17,35.48,193116
2012-08-29,35.48,35.73,35.48,35.52,99969
2012-08-30,35.34,35.44,35.11,35.19,207244
2012-08-31,35.45,35.67,35.23,35.54,157738
2012-09-04,35.52,35.62,35.16,35.4,269004
2012-09-05,35.46,35.5,34.62,34.64,535814
2012-09-06,34.92,36.1,34.82,35.67,479637
2012-09-07,35.83,36.26,35.66,36.15,302902
2012-09-10,36.21,36.44,35.99,36.1,136566
2012-09-11,36.11,36.33,35.75,35.9,288478
2012-09-12,35.93,36.71,35.89,35.95,534089
2012-09-13,35.91,36.9,35.82,36.63,231145
2012-09-14,36.7,37.3,36.43,36.98,326513
2012-09-17,36.9,36.9,36.53,36.72,184290
2012-09-18,36.54,36.83,36.54,36.8,193372
2012-09-19,36.82,37.72,36.71,37.27,538333
2012-09-20,37.06,37.75,36.98,37.3,334623
2012-09-21,37.63,37.91,37.48,37.69,621058
2012-09-24,37.53,38.16,37.36,37.45,407068
2012-09-25,37.53,37.8,37.12,37.13,422398
2012-09-26,37.13,37.49,36.51,36.83,431141
2012-09-27,37.02,37.1,36.52,36.79,379452
2012-09-28,36.75,36.95,36.39,36.85,346414
2012-10-01,37.11,37.11,36.71,36.82,287434
2012-10-02,37.09,37.31,36.75,37.1,421380
2012-10-03,37.12,37.53,37.02,37.27,379917
2012-10-04,37.51,37.52,37.09,37.3,213810
2012-10-05,37.34,37.74,37.18,37.2,325552
2012-10-08,37.15,37.15,36.56,37.07,492895
2012-10-09,37.37,38.04,37.0,37.71,585077
2012-10-10,37.71,38.0,37.61,37.75,455427
2012-10-11,38.03,39.22,38.02,38.85,1091260
2012-10-12,38.82,39.35,38.21,38.84,264747
2012-10-15,38.87,39.25,38.61,39.13,315808
2012-10-16,39.08,39.3,38.92,39.08,1188016
2012-10-17,39.29,39.82,39.17,39.78,404506
2012-10-18,39.74,39.98,39.53,39.65,224401
2012-10-19,39.43,39.52,39.07,39.5,246800
2012-10-22,39.44,39.54,38.94,39.04,195581
2012-10-23,38.75,38.94,38.38,38.61,617345
2012-10-24,38.87,38.92,37.94,38.42,584316
2012-10-25,38.87,39.0,38.37,38.53,202755
2012-10-26,38.5,38.81,37.99,38.32,216331
2012-10-31,37.98,38.7,37.98,38.64,173518
2012-11-01,38.71,39.35,38.68,38.82,212083
2012-11-02,39.04,39.04,38.03,38.29,195428
2012-11-05,38.33,38.75,38.15,38.57,195566
2012-11-06,38.7,39.0,38.39,38.7,341935
2012-11-07,38.39,38.5,37.8,38.03,195464
2012-11-08,37.96,38.35,37.29,37.38,212949
2012-11-09,37.11,37.67,37.02,37.23,205302
2012-11-12,37.42,37.72,36.51,36.77,175557
2012-11-13,36.57,36.96,36.29,36.32,379582
2012-11-14,36.46,36.46,35.42,35.64,606988
2012-11-15,35.52,35.69,34.76,35.18,379070
2012-11-16,35.04,36.22,34.77,36.13,300062
2012-11-19,36.54,37.0,36.49,37.0,167215
2012-11-20,37.0,37.56,36.86,37.23,358728
2012-11-21,37.28,37.68,36.96,37.32,216590
2012-11-23,37.51,37.78,37.4,37.5,65160
2012-11-26,37.43,37.74,37.15,37.45,122891
2012-11-27,37.34,37.67,37.26,37.52,226567
2012-11-28,37.17,37.52,37.1,37.5,283275
2012-11-29,37.76,38.12,37.5,38.02,161235
2012-11-30,38.13,38.13,37.6,37.68,333996
2012-12-03,38.41,38.86,37.32,37.34,262260
2012-12-04,37.37,38.27,37.37,37.7,211639
2012-12-05,37.74,37.95,37.2,37.51,128076
2012-12-06,37.37,37.53,36.87,37.02,131990
2012-12-07,37.15,37.25,36.3,36.76,208580
2012-12-10,36.8,37.0,36.43,36.8,119934
2012-12-11,37.04,37.48,36.21,36.77,283010
2012-12-12,36.84,37.29,36.68,36.93,403802
2012-12-13,36.9,36.97,36.56,36.59,148025
2012-12-14,36.45,37.25,36.43,37.15,349862
2012-12-17,37.2,37.23,36.9,37.19,150732
2012-12-18,37.16,38.37,37.16,38.28,436647
2012-12-19,38.38,38.49,37.73,38.13,164022
2012-12-20,38.13,38.33,37.94,38.07,358198
2012-12-21,37.97,38.41,37.68,38.41,437941
2012-12-24,38.26,38.26,37.81,38.0,31396
2012-12-26,38.05,38.19,37.3,37.77,1397335
2012-12-27,37.85,38.04,37.15,37.81,214969
2012-12-28,37.58,37.95,36.96,37.8,1484944
2012-12-31,37.74,39.13,37.61,39.08,318698
2013-01-02,39.85,40.4,39.18,40.38,552146
2013-01-03,40.38,40.77,40.14,40.37,201050
2013-01-04,40.54,40.74,40.42,40.6,280336
2013-01-07,40.33,40.78,40.22,40.61,189977
2013-01-08,40.67,40.96,40.46,40.89,301025
2013-01-09,41.75,43.0,41.75,42.05,1741887
2013-01-10,42.29,42.59,41.45,41.88,362846
2013-01-11,41.98,42.13,41.6,41.84,279603
2013-01-14,41.83,42.07,41.55,41.85,324718
2013-01-15,41.64,41.96,41.32,41.69,181132
2013-01-16,41.6,41.86,41.26,41.49,161260
2013-01-17,41.61,41.86,41.46,41.69,87987
2013-01-18,41.59,42.0,41.41,41.84,425907
2013-01-22,41.84,42.0,41.63,41.8,252930
2013-01-23,41.83,41.92,40.83,41.24,1112330
2013-01-24,41.38,41.89,41.22,41.59,257014
2013-01-25,41.82,41.98,41.25,41.96,249232
2013-01-28,41.97,42.19,41.66,42.12,259299
2013-01-29,42.21,42.61,42.06,42.58,273420
2013-01-30,42.62,43.24,42.57,43.12,787269
2013-01-31,43.02,43.34,42.89,43.16,575660
2013-02-01,43.46,44.61,43.3,44.57,951966
2013-02-04,44.3,45.28,44.27,44.71,1027028
2013-02-05,44.78,45.38,44.61,45.34,757974
2013-02-06,45.11,46.05,45.11,46.01,438087
2013-02-07,46.04,46.68,46.0,46.35,938202
2013-02-08,46.47,47.17,46.47,46.7,322342
2013-02-11,47.12,47.67,46.7,47.03,830631
2013-02-12,47.15,47.52,46.86,47.51,1275184
2013-02-13,47.65,47.99,47.54,47.81,258162
2013-02-14,47.78,48.39,47.42,47.5,277098
2013-02-15,47.67,47.88,46.89,47.27,496362
2013-02-19,47.36,47.43,46.95,47.05,332812
2013-02-20,47.03,47.18,45.98,45.99,479187
2013-02-21,46.0,46.37,44.53,45.73,575486
2013-02-22,45.95,46.68,45.63,46.68,377940
2013-02-25,46.84,46.95,45.58,45.59,271347
2013-02-26,45.91,45.96,44.71,45.19,495738
2013-02-27,45.21,45.96,45.21,45.84,390722
2013-02-28,45.83,46.21,45.63,46.09,388540
2013-03-01,45.5,48.07,44.78,47.65,696849
2013-03-04,47.55,47.62,46.95,47.5,415149
2013-03-05,47.67,48.16,47.5,47.83,388730
2013-03-06,47.86,48.02,47.13,47.32,411197
2013-03-07,47.22,48.0,46.95,48.0,208038
2013-03-08,48.35,48.41,47.78,47.96,204144
2013-03-11,48.02,48.69,47.97,48.07,365331
2013-03-12,48.03,48.28,47.85,48.02,365597
2013-03-13,48.0,48.44,47.81,48.36,168131
2013-03-14,48.35,48.81,48.21,48.57,130762
2013-03-15,48.68,48.97,48.61,48.82,377552
2013-03-18,48.89,50.14,48.57,50.0,435616
2013-03-19,50.0,50.22,49.48,49.75,443370
2013-03-20,50.03,50.25,49.85,49.89,227828
2013-03-21,49.75,50.32,49.63,50.1,239035
2013-03-22,50.24,50.71,50.21,50.69,184791
2013-03-25,50.71,51.53,50.68,51.35,385180
2013-03-26,51.5,51.83,51.31,51.37,259989
2013-03-27,51.29,51.51,51.0,51.47,278962
2013-03-28,51.61,52.4,51.39,51.72,297714
2013-04-01,51.85,52.05,49.57,51.27,559527
2013-04-02,51.45,51.59,51.0,51.19,819385
2013-04-03,51.23,51.23,49.74,50.1,413194
2013-04-04,50.22,50.55,49.84,50.54,220882
2013-04-05,49.85,49.88,49.44,49.75,456843
2013-04-08,49.77,50.01,49.44,49.85,253636
2013-04-09,49.8,50.64,49.59,49.82,202714
2013-04-10,52.04,53.49,52.04,53.0,725277
2013-04-11,53.14,55.06,52.95,54.04,939398
2013-04-12,54.0,54.29,52.41,52.92,480830
2013-04-15,52.48,52.64,50.24,50.37,399970
2013-04-16,50.69,51.43,50.64,51.2,498186
2013-04-17,50.92,51.09,50.21,50.58,506630
2013-04-18,50.79,50.93,50.2,50.62,291802
2013-04-19,50.68,51.6,50.66,51.53,349077
2013-04-22,51.76,52.4,51.06,52.15,265664
2013-04-23,52.38,52.73,51.79,52.71,298351
2013-04-24,52.78,53.32,52.31,53.15,190131
2013-04-25,53.31,53.65,52.28,52.39,275471
2013-04-26,52.52,52.52,51.64,51.76,159623
2013-04-29,52.15,52.51,51.78,51.91,208017
2013-04-30,51.75,51.99,51.45,51.85,204727
2013-05-01,51.92,54.64,51.92,53.26,639442
2013-05-02,53.48,54.65,53.37,54.12,358160
2013-05-03,54.37,55.9,54.37,55.05,263514
2013-05-06,55.06,55.34,54.73,54.75,192721
2013-05-07,54.68,55.55,54.22,54.68,292803
2013-05-08,54.55,54.94,54.14,54.84,381968
2013-05-09,54.87,56.82,54.41,55.9,493914
2013-05-10,55.81,55.84,54.45,55.61,340172
2013-05-13,55.55,55.93,54.43,54.84,348995
2013-05-14,54.76,55.39,54.32,55.16,186917
2013-05-15,54.99,56.23,54.77,56.2,273025
2013-05-16,55.91,56.23,55.42,55.65,220308
2013-05-17,56.03,56.19,55.67,56.12,236325
2013-05-20,56.0,57.24,55.95,57.21,314224
2013-05-21,57.3,58.08,57.0,57.14,199867
2013-05-22,57.09,57.79,55.37,55.66,183413
2013-05-23,54.84,55.45,53.99,55.21,324354
2013-05-24,54.98,55.2,54.29,54.5,244004
2013-05-28,54.98,54.98,54.04,54.3,236854
2013-05-29,54.13,54.3,53.25,53.45,653650
2013-05-30,53.47,53.68,53.06,53.21,332421
2013-05-31,53.11,53.32,52.29,52.32,365153
2013-06-03,52.33,52.5,50.62,51.61,802253
2013-06-04,51.46,51.62,50.28,51.08,694627
2013-06-05,50.88,52.59,50.57,51.25,547704
2013-06-06,51.36,51.9,50.91,51.86,578777
2013-06-07,52.25,52.42,51.71,52.13,199789
2013-06-10,52.29,52.65,51.9,52.6,564170
2013-06-11,52.89,52.89,52.05,52.25,174142
2013-06-12,52.73,52.73,51.75,51.93,182919
2013-06-13,51.81,53.55,51.47,53.31,284395
2013-06-14,53.28,54.31,52.99,53.86,227420
2013-06-17,54.14,55.11,54.1,54.96,365950
2013-06-18,55.06,56.21,54.6,55.7,373453
2013-06-19,55.58,55.69,54.49,54.66,315058
2013-06-20,54.14,54.16,52.12,52.5,657139
2013-06-21,52.7,52.7,51.38,52.49,576364
2013-06-24,51.76,52.15,50.54,51.21,334036
2013-06-25,51.51,52.03,51.4,52.0,253858
2013-06-26,52.35,52.63,51.94,52.27,312523
2013-06-27,52.52,53.49,52.28,53.28,294507
2013-06-28,53.16,54.6,53.07,53.86,1441021
2013-07-01,54.08,55.27,54.08,55.01,306493
2013-07-02,55.12,56.15,55.1,56.12,371118
2013-07-03,56.12,56.67,55.74,56.67,207432
2013-07-05,57.25,57.52,56.69,57.51,249396
2013-07-08,57.79,58.62,57.45,58.61,260296
2013-07-09,59.01,59.5,58.29,58.59,328838
2013-07-10,58.62,58.85,56.83,56.98,400633
2013-07-11,57.45,57.53,55.84,56.03,579718
2013-07-12,56.0,56.66,56.0,56.28,400367
2013-07-15,56.65,56.65,55.77,56.5,695715
2013-07-16,56.56,57.02,56.08,56.23,411131
2013-07-17,56.3,56.5,55.67,55.71,183446
2013-07-18,55.82,56.3,55.51,55.55,502985
2013-07-19,55.41,56.37,55.04,56.17,230974
2013-07-22,56.17,56.36,55.96,56.07,118461
2013-07-23,56.17,56.7,55.21,56.4,353164
2013-07-24,56.39,56.6,55.68,55.84,266679
2013-07-25,55.84,56.28,55.16,56.0,301397
2013-07-26,55.63,56.22,54.95,56.14,116544
2013-07-29,56.16,56.4,55.5,56.02,103584
2013-07-30,56.09,56.64,55.45,56.59,150701
2013-07-31,56.62,57.2,56.2,56.44,304525
2013-08-01,56.85,57.86,56.55,57.37,793096
2013-08-02,57.25,57.72,56.69,57.22,195621
2013-08-05,57.1,57.37,56.38,57.12,165437
2013-08-06,57.1,57.2,56.22,56.37,267564
2013-08-07,56.15,56.65,55.9,56.58,524788
2013-08-08,57.24,58.03,55.43,55.96,510661
2013-08-09,55.54,56.57,55.04,56.18,1115906
2013-08-12,56.01,56.14,55.12,55.52,506604
2013-08-13,55.62,55.62,54.4,54.86,567897
2013-08-14,54.53,54.81,54.15,54.41,489387
2013-08-15,53.94,54.12,53.25,53.36,435195
2013-08-16,53.13,53.98,53.13,53.2,550390
2013-08-19,53.29,53.46,52.51,52.53,348255
2013-08-20,52.67,53.38,52.42,53.25,428822
2013-08-21,53.12,53.72,52.91,53.15,254314
2013-08-22,53.5,54.6,53.25,54.04,224694
2013-08-23,54.14,54.28,53.56,54.08,136971
2013-08-26,53.81,55.02,53.8,54.93,155876
2013-08-27,54.65,54.79,53.9,54.27,247531
2013-08-28,54.18,54.46,53.66,53.85,202544
2013-08-29,53.66,54.27,53.46,53.7,228361
2013-08-30,53.55,53.81,52.67,52.94,296148
2013-09-03,53.51,53.87,52.71,53.09,166748
2013-09-04,53.02,53.21,51.86,53.14,196206
2013-09-05,53.32,53.44,52.78,53.05,103344
2013-09-06,53.4,53.4,52.4,52.7,258550
2013-09-09,52.95,53.94,52.63,53.83,205974
2013-09-10,53.87,54.49,52.73,54.24,187049
2013-09-11,54.27,54.27,53.17,53.9,191322
2013-09-12,53.72,54.58,53.56,53.76,206456
2013-09-13,54.03,54.94,54.03,54.63,171994
2013-09-16,55.25,55.32,54.04,54.42,186386
2013-09-17,54.28,54.85,53.89,54.57,501314
2013-09-18,54.46,54.88,54.1,54.4,586588
2013-09-19,54.75,56.86,54.75,56.47,360407
2013-09-20,56.83,57.58,56.11,56.92,590702
2013-09-23,56.79,57.21,55.82,56.12,1511877
2013-09-24,56.0,57.83,55.99,57.3,263704
2013-09-25,57.51,57.84,57.22,57.45,157025
2013-09-26,57.39,57.95,57.21,57.58,212146
2013-09-27,57.46,57.55,56.92,57.06,229626
2013-09-30,56.53,57.11,56.19,57.02,349605
2013-10-01,56.87,58.64,56.61,58.06,296612
2013-10-02,57.91,58.3,56.96,57.88,259325
2013-10-03,57.59,58.27,56.41,56.84,264226
2013-10-04,56.85,57.68,56.73,57.25,167273
2013-10-07,57.06,57.19,56.41,56.45,167097
2013-10-08,56.45,56.8,55.18,55.79,291052
2013-10-09,55.92,56.12,55.0,55.5,267821
2013-10-10,56.2,57.2,55.88,57.18,211334
2013-10-11,56.92,58.14,56.92,57.89,284988
2013-10-14,57.36,58.14,57.07,57.86,187123
2013-10-15,57.46,58.68,57.34,57.56,221348
2013-10-16,57.99,58.6,57.87,58.41,224147
2013-10-17,58.28,59.76,58.28,59.32,255731
2013-10-18,60.03,60.32,58.86,59.3,384906
2013-10-21,59.6,60.41,58.98,60.35,292057
2013-10-22,60.81,62.64,60.7,61.65,689557
2013-10-23,61.2,62.1,60.66,61.0,514590
2013-10-24,60.93,61.67,60.88,61.43,357529
2013-10-25,61.78,61.78,60.64,61.56,223226
2013-10-28,61.51,61.81,61.02,61.07,264508
2013-10-29,61.0,61.73,61.0,61.44,336211
2013-10-30,61.68,61.99,61.23,61.24,252669
2013-10-31,61.28,61.89,60.37,60.39,251450
2013-11-01,60.25,60.86,59.45,59.79,571604
2013-11-04,59.87,60.45,59.41,60.36,235805
2013-11-05,60.01,60.82,59.51,60.27,243117
2013-11-06,60.61,60.86,60.06,60.33,231425
2013-11-07,60.67,60.67,58.78,59.02,510117
2013-11-08,58.8,59.2,58.65,58.69,278774
2013-11-11,58.49,58.84,58.27,58.6,259844
2013-11-12,59.94,62.17,58.78,60.78,591575
2013-11-13,60.6,60.79,60.04,60.77,353266
2013-11-14,60.75,61.67,60.47,61.36,219586
2013-11-15,61.42,61.58,60.68,61.14,204969
2013-11-18,61.39,61.77,60.74,60.84,175337
2013-11-19,60.68,60.94,60.1,60.3,215868
2013-11-20,60.41,61.08,59.84,60.02,215868
2013-11-21,60.36,60.52,59.8,59.96,280509
2013-11-22,60.15,61.16,59.98,60.75,394765
2013-11-25,60.69,61.45,60.38,61.17,321728
2013-11-26,61.31,61.86,60.74,61.86,271711
2013-11-27,61.8,62.19,61.18,61.32,204569
2013-11-29,61.55,61.98,61.32,61.38,183298
2013-12-02,61.15,62.51,59.82,61.2,316811
2013-12-03,60.92,61.04,60.3,60.66,233831
2013-12-04,60.22,60.9,59.09,59.51,319366
2013-12-05,59.3,59.6,59.01,59.33,376785
2013-12-06,59.7,60.7,59.24,60.61,273828
2013-12-09,60.84,60.96,60.31,60.62,237208
2013-12-10,60.35,61.33,60.19,61.03,272306
2013-12-11,60.94,60.95,58.94,59.19,446318
2013-12-12,59.08,59.58,58.5,58.58,271477
2013-12-13,58.59,58.74,58.1,58.42,218629
2013-12-16,58.54,59.38,58.13,58.43,363706
2013-12-17,58.38,58.96,57.44,58.57,256065
2013-12-18,58.57,59.99,58.1,59.8,400870
2013-12-19,59.81,61.06,59.63,61.01,320423
2013-12-20,61.49,62.24,60.37,62.2,509937
2013-12-23,62.29,62.91,61.86,62.62,230605
2013-12-24,62.58,63.07,62.12,62.65,72741
2013-12-26,63.0,63.39,62.56,62.92,107099
2013-12-27,63.24,64.36,62.72,63.75,123482
2013-12-30,63.6,64.84,63.46,64.67,2224004
2013-12-31,64.74,65.43,64.62,65.23,252903
2014-01-02,64.69,66.21,62.51,63.75,4074564
2014-01-03,63.59,64.33,63.5,63.62,296378
2014-01-06,63.72,64.13,62.91,63.27,390432
2014-01-07,63.5,63.96,62.89,63.02,536689
2014-01-08,63.15,63.46,62.69,63.37,352704
2014-01-09,63.67,64.2,63.0,63.11,448219
2014-01-10,63.2,63.95,63.03,63.79,376157
2014-01-13,63.81,63.94,61.99,62.54,415207
2014-01-14,62.98,63.29,62.58,63.21,303488
2014-01-15,63.15,63.32,62.73,62.76,221249
2014-01-16,62.7,63.02,62.56,62.9,374439
2014-01-17,62.78,63.3,62.78,63.0,216277
2014-01-21,63.49,63.64,62.89,63.18,286248
2014-01-22,63.25,63.72,62.91,63.15,347412
2014-01-23,63.01,63.12,62.17,62.43,412355
2014-01-24,62.0,62.6,61.25,61.36,628125
2014-01-27,61.56,61.82,60.66,60.84,601109
2014-01-28,60.97,62.0,60.66,61.88,474566
2014-01-29,61.34,62.26,61.25,61.45,372666
2014-01-30,62.06,62.56,61.67,62.06,330025
2014-01-31,61.01,62.3,61.01,61.76,580963
2014-02-03,61.95,62.3,59.95,60.36,431677
2014-02-04,60.75,60.94,60.02,60.62,239014
2014-02-05,60.48,60.94,59.9,60.34,306873
2014-02-06,60.63,61.65,60.47,61.23,196816
2014-02-07,61.45,61.81,60.87,61.75,422406
2014-02-10,61.51,61.63,60.81,61.39,378510
2014-02-11,61.35,61.65,61.27,61.45,749577
2014-02-12,61.43,61.81,61.24,61.41,320328
2014-02-13,61.01,62.1,61.01,61.87,1201269
2014-02-14,61.88,62.15,61.6,61.8,917808
2014-02-18,62.12,62.71,61.72,62.04,949270
2014-02-19,61.89,62.4,61.31,61.37,968226
2014-02-20,61.49,62.0,61.1,61.51,364469
2014-02-21,61.73,62.55,61.64,62.17,678591
2014-02-24,62.46,63.68,62.23,63.6,496970
2014-02-25,63.42,64.02,63.11,63.72,307638
2014-02-26,64.01,64.03,63.41,63.94,313045
2014-02-27,63.94,64.43,63.77,64.43,547239
2014-02-28,66.66,68.5,64.9,67.32,797087
2014-03-03,66.77,67.39,66.26,66.68,518588
2014-03-04,67.38,68.08,66.94,67.85,516646
2014-03-05,67.9,67.99,67.31,67.44,343827
2014-03-06,67.47,67.81,67.04,67.25,284560
2014-03-07,67.49,67.92,66.89,67.28,348464
2014-03-10,67.33,67.38,65.86,66.72,476208
2014-03-11,66.66,66.82,65.82,66.01,266894
2014-03-12,65.71,66.26,65.31,66.12,378568
2014-03-13,66.18,66.18,64.74,65.14,375964
2014-03-14,65.72,66.18,65.15,65.46,482579
2014-03-17,65.68,65.94,65.36,65.54,239423
2014-03-18,65.78,66.58,65.39,66.2,256576
2014-03-19,66.0,66.6,64.54,65.1,235984
2014-03-20,64.89,65.22,64.3,64.8,369764
2014-03-21,65.18,65.4,64.23,64.44,317472
2014-03-24,64.44,64.68,63.61,64.0,427654
2014-03-25,64.19,64.78,63.66,64.07,388423
2014-03-26,64.6,64.71,63.69,63.72,362635
2014-03-27,63.81,64.37,62.99,64.24,258805
2014-03-28,64.4,65.14,64.21,64.65,224766
2014-03-31,65.4,66.05,64.67,65.68,334322
2014-04-01,65.63,66.74,65.32,66.65,408612
2014-04-02,66.85,67.58,66.39,67.43,187428
2014-04-03,67.2,68.06,67.2,67.65,299810
2014-04-04,68.17,68.22,66.42,66.73,317324
2014-04-07,66.42,66.67,64.84,64.98,312659
2014-04-08,65.06,65.82,64.33,65.55,213645
2014-04-09,65.87,66.04,65.05,65.79,197154
2014-04-10,65.69,65.75,64.84,65.1,438295
2014-04-11,64.67,65.15,64.09,64.44,329726
2014-04-14,65.01,65.23,64.59,65.2,331726
2014-04-15,65.3,66.04,64.12,65.59,409124
2014-04-16,66.08,66.17,65.61,66.13,371733
2014-04-17,66.02,66.43,65.7,66.1,182885
2014-04-21,66.25,66.93,65.96,66.92,146531
2014-04-22,66.92,67.16,66.48,66.58,288323
2014-04-23,66.5,66.6,66.11,66.34,291336
2014-04-24,66.66,66.95,65.14,65.28,353532
2014-04-25,65.08,65.1,64.33,64.58,306815
2014-04-28,64.67,65.25,63.84,64.52,255935
2014-04-29,64.74,65.31,64.5,64.59,337542
2014-04-30,64.54,64.8,63.58,63.88,288838
2014-05-01,63.63,64.13,63.18,64.1,511581
2014-05-02,64.44,65.48,64.21,64.58,1147676
2014-05-05,64.01,64.63,63.97,64.46,371322
2014-05-06,64.32,64.43,63.41,63.6,310681
2014-05-07,64.22,64.33,62.9,63.83,485561
2014-05-08,63.65,64.24,63.42,63.61,409193
2014-05-09,63.01,65.33,63.01,64.58,906686
2014-05-12,64.86,65.54,64.51,65.01,673169
2014-05-13,65.12,65.7,64.73,65.44,349139
2014-05-14,65.45,65.9,65.12,65.46,678942
2014-05-15,65.12,65.63,64.15,65.56,553731
2014-05-16,65.45,65.48,64.75,65.45,359096
2014-05-19,65.3,66.62,65.2,66.24,372769
2014-05-20,65.95,66.45,65.33,65.44,418287
2014-05-21,65.57,66.1,65.43,65.96,225417
2014-05-22,66.02,67.43,66.02,67.06,241956
2014-05-23,67.22,67.68,66.89,67.55,348303
2014-05-27,67.99,68.23,67.62,68.05,168510
2014-05-28,67.95,68.68,67.74,68.49,274769
2014-05-29,68.58,68.59,67.99,68.23,217819
2014-05-30,68.31,68.5,67.64,67.94,298057
2014-06-02,67.9,68.31,66.84,67.4,415151
2014-06-03,67.26,67.57,66.8,67.29,263665
2014-06-04,67.2,67.28,66.82,67.21,164348
2014-06-05,67.28,68.74,67.22,68.59,351986
2014-06-06,69.0,69.57,68.55,69.53,266452
2014-06-09,69.67,70.36,69.02,69.16,319848
2014-06-10,69.1,69.26,68.47,68.74,426106
2014-06-11,68.54,68.54,67.7,68.09,186141
2014-06-12,68.14,68.15,67.14,67.91,263213
2014-06-13,68.06,68.31,66.77,68.3,249624
2014-06-16,68.14,70.73,67.82,70.68,410455
2014-06-17,71.9,72.83,70.94,72.46,622423
2014-06-18,72.46,72.91,71.96,72.35,444406
2014-06-19,74.16,74.93,73.05,74.2,362656
2014-06-20,74.31,77.54,73.89,76.93,865047
2014-06-23,76.97,77.44,76.39,77.24,309826
2014-06-24,77.36,79.77,77.36,78.39,754823
2014-06-25,77.76,78.72,77.48,78.42,314795
2014-06-26,78.43,78.58,77.69,78.09,334719
2014-06-27,77.69,78.34,77.64,78.01,492724
2014-06-30,78.23,79.0,77.62,78.85,341268
2014-07-01,78.75,81.04,78.58,80.98,571455
2014-07-02,80.54,81.2,79.06,79.48,667665
2014-07-03,79.54,79.9,78.69,79.82,160959
2014-07-07,79.65,79.65,78.34,78.49,269333
2014-07-08,78.1,78.31,77.72,78.15,292257
2014-07-09,78.27,79.23,78.0,79.22,267053
2014-07-10,77.85,78.87,77.72,78.55,337468
2014-07-11,78.46,79.11,78.44,78.65,191808
2014-07-14,79.22,79.22,78.58,78.75,152696
2014-07-15,78.64,78.72,77.75,77.99,217713
2014-07-16,78.41,78.79,77.91,78.65,231968
2014-07-17,78.29,79.07,77.95,78.34,251935
2014-07-18,78.14,79.51,78.1,79.3,312207
2014-07-21,78.95,79.53,78.37,79.44,195021
2014-07-22,79.63,80.72,79.63,80.57,224803
2014-07-23,80.51,81.93,80.16,81.82,380548
2014-07-24,82.03,82.29,81.07,81.58,418704
2014-07-25,80.42,81.42,79.95,80.03,210473
2014-07-28,80.08,80.36,79.16,79.63,238270
2014-07-29,79.77,80.21,79.6,79.76,266167
2014-07-30,80.15,80.24,78.82,79.2,362332
2014-07-31,78.42,78.79,76.68,77.08,484263
2014-08-01,77.16,78.19,76.48,77.13,589917
2014-08-04,77.41,78.04,77.13,77.82,267407
2014-08-05,77.42,77.88,76.55,77.06,259888
2014-08-06,76.82,77.82,76.56,77.18,425642
2014-08-07,77.44,79.38,77.39,78.28,736394
2014-08-08,76.88,80.37,75.72,80.19,644352
2014-08-11,80.61,82.74,80.61,82.0,596499
2014-08-12,81.57,81.93,80.87,81.06,393746
2014-08-13,81.28,81.97,80.98,81.95,496000
2014-08-14,81.98,82.37,81.56,81.86,207755
2014-08-15,82.16,83.12,81.73,82.59,502270
2014-08-18,83.19,83.38,81.84,82.21,308895
2014-08-19,82.19,83.1,81.81,83.03,175182
2014-08-20,82.69,83.23,82.07,83.1,136172
2014-08-21,82.9,83.28,82.06,83.2,243845
2014-08-22,83.19,83.79,82.59,83.35,253662
2014-08-25,83.58,84.2,83.35,83.69,384139
2014-08-26,84.08,87.25,83.3,85.9,729933
2014-08-27,85.75,86.26,85.53,86.19,241367
2014-08-28,86.09,86.93,85.67,86.66,248192
2014-08-29,86.56,88.06,86.53,87.73,346631
2014-09-02,87.87,88.83,87.8,88.24,319471
2014-09-03,88.4,88.99,88.17,88.65,548002
2014-09-04,88.72,88.84,87.35,87.49,352424
2014-09-05,87.34,87.59,86.85,87.17,217605
2014-09-08,87.19,87.56,86.67,87.36,209391
2014-09-09,87.27,87.31,86.4,86.52,378310
2014-09-10,86.5,86.77,86.19,86.55,315988
2014-09-11,86.27,87.07,85.69,86.87,172038
2014-09-12,86.95,86.96,85.05,85.25,344236
2014-09-15,85.08,85.29,84.05,85.09,200451
2014-09-16,85.02,87.05,85.02,86.87,192132
2014-09-17,86.76,87.44,85.97,86.71,195833
2014-09-18,86.75,87.22,86.26,87.06,161816
2014-09-19,87.0,87.48,86.77,86.91,320319
2014-09-22,86.66,86.66,84.41,84.51,231836
2014-09-23,84.38,84.55,82.93,83.69,561337
2014-09-24,83.9,85.1,83.02,84.92,294014
2014-09-25,85.03,85.03,82.87,82.99,346350
2014-09-26,82.95,84.26,82.65,83.75,321479
2014-09-29,82.99,84.37,82.66,84.26,271682
2014-09-30,84.15,84.43,83.16,83.27,334831
2014-10-01,83.32,84.31,82.37,82.93,511865
2014-10-02,82.61,83.22,80.66,82.81,436645
2014-10-03,82.9,84.17,82.8,83.01,250375
2014-10-06,83.35,83.35,81.9,82.28,346188
2014-10-07,81.98,82.29,80.65,80.83,348794
2014-10-08,80.6,81.05,75.93,80.03,1034868
2014-10-09,79.76,79.81,71.93,72.59,1795345
2014-10-10,71.93,73.19,69.96,71.37,1661701
2014-10-13,71.2,72.26,66.6,66.72,1067793
2014-10-14,66.99,71.89,64.0,67.51,1469875
2014-10-15,65.66,70.77,63.85,70.11,1475231
2014-10-16,69.23,76.37,69.23,75.08,1176039
2014-10-17,76.22,79.0,74.97,75.97,1182007
2014-10-20,75.95,76.48,74.5,75.85,479835
2014-10-21,76.0,78.52,75.67,77.78,511081
2014-10-22,78.12,78.6,75.78,75.82,330755
2014-10-23,76.52,78.35,76.38,76.75,501301
2014-10-24,77.05,77.33,75.41,76.99,522121
2014-10-27,76.93,76.93,75.0,75.76,704462
2014-10-28,75.53,76.64,74.99,76.64,881065
2014-10-29,77.03,78.25,76.69,77.55,465374
2014-10-30,76.88,78.0,76.5,76.8,613507
2014-10-31,77.33,77.35,75.82,76.75,933324
2014-11-03,77.11,78.61,76.3,76.77,527743
2014-11-04,76.24,76.64,73.1,74.4,486254
2014-11-05,74.74,75.69,74.11,75.06,444050
2014-11-06,74.54,76.2,74.54,75.32,688663
2014-11-07,77.18,80.0,76.24,78.02,899996
2014-11-10,78.21,78.98,76.59,77.64,555385
2014-11-11,77.83,77.83,76.06,77.02,447512
2014-11-12,76.7,78.51,76.06,77.7,481736
2014-11-13,77.22,77.4,75.07,75.68,934254
2014-11-14,76.08,78.4,76.08,78.32,631149
2014-11-17,77.92,79.76,77.54,79.41,791613
2014-11-18,79.61,81.18,79.25,80.37,404467
2014-11-19,80.32,81.42,79.49,80.67,459710
2014-11-20,80.52,81.2,80.23,80.76,348898
2014-11-21,82.18,82.53,80.14,80.52,783518
2014-11-24,80.4,80.87,79.74,80.44,506521
2014-11-25,80.75,81.6,79.64,79.79,525626
2014-11-26,79.75,80.05,79.07,79.29,586750
2014-11-28,76.29,76.29,73.84,73.99,717476
2014-12-01,73.93,74.0,69.77,70.66,1141813
2014-12-02,70.56,72.89,70.33,71.62,1699757
2014-12-03,71.51,73.1,71.51,72.59,814868
2014-12-04,72.69,73.22,71.87,72.42,522929
2014-12-05,71.99,72.45,71.12,71.27,375210
2014-12-08,71.0,71.58,66.84,67.25,1076876
2014-12-09,67.0,69.72,66.21,69.6,709233
2014-12-10,68.24,68.66,65.2,65.92,1355023
2014-12-11,66.13,67.57,64.79,65.01,780284
2014-12-12,62.7,64.56,62.5,63.82,463317
2014-12-15,63.95,64.5,60.71,61.12,1173396
2014-12-16,60.18,63.35,59.3,61.14,625855
2014-12-17,61.27,65.23,60.91,65.05,606590
2014-12-18,66.46,67.09,64.25,65.88,515758
2014-12-19,66.09,67.38,65.21,67.24,584507
2014-12-22,66.24,67.41,65.49,66.17,362000
2014-12-23,66.58,67.28,66.0,66.34,415522
2014-12-24,66.23,67.17,65.77,66.0,204669
2014-12-26,67.03,67.33,66.06,66.85,215285
2014-12-29,67.17,69.28,67.14,68.82,554068
2014-12-30,68.59,69.06,68.03,68.36,365662
2014-12-31,68.32,69.88,67.55,68.39,520800
2015-01-02,68.6,69.85,68.32,69.27,394260
2015-01-05,68.53,68.78,65.3,65.76,681035
2015-01-06,65.78,66.61,63.0,64.26,758152
2015-01-07,64.31,65.65,62.16,63.23,676461
2015-01-08,64.1,65.25,63.44,64.17,381021
2015-01-09,64.17,64.45,63.08,63.71,444488
2015-01-12,63.33,63.96,60.09,60.79,590590
2015-01-13,61.21,61.49,57.75,58.46,756673
2015-01-14,57.64,58.93,56.83,58.5,641764
2015-01-15,59.58,60.2,58.71,59.33,788571
2015-01-16,59.6,61.92,59.31,61.82,699737
2015-01-20,61.7,62.52,60.42,61.69,650682
2015-01-21,61.91,62.64,61.47,62.43,511164
2015-01-22,63.29,65.63,63.02,64.01,563447
2015-01-23,63.85,65.11,63.27,64.06,282300
2015-01-26,65.72,69.91,65.72,69.43,1526155
2015-01-27,69.0,69.95,67.94,68.89,552591
2015-01-28,68.75,69.88,66.27,66.56,688285
2015-01-29,66.48,67.37,64.54,67.14,553946
2015-01-30,66.51,68.52,65.72,67.33,339156
2015-02-02,67.58,69.63,66.68,69.27,478386
2015-02-03,69.29,71.12,68.77,70.39,689028
2015-02-04,69.72,70.29,67.43,69.44,540420
2015-02-05,70.32,71.34,69.63,70.72,562284
2015-02-06,71.0,71.64,69.06,70.01,533292
2015-02-09,70.01,70.9,69.12,69.31,280895
2015-02-10,69.66,70.65,68.42,70.0,412491
2015-02-11,69.64,70.49,68.64,69.35,198855
2015-02-12,70.26,71.29,69.98,70.94,258160
2015-02-13,71.87,73.42,71.34,72.47,327187
2015-02-17,72.18,73.48,71.14,72.94,295530
2015-02-18,72.55,72.87,71.76,72.35,251232
2015-02-19,71.35,71.78,70.19,71.13,540987
2015-02-20,71.08,71.96,70.18,71.79,293534
2015-02-23,70.97,72.5,69.83,72.39,302688
2015-02-24,72.79,72.88,70.57,71.26,324229
2015-02-25,71.15,73.34,71.0,72.53,418989
2015-02-26,71.95,72.35,70.4,71.08,522603
2015-02-27,74.56,78.27,73.44,77.31,1459801
2015-03-02,77.49,78.01,76.36,77.75,572906
2015-03-03,78.1,80.3,76.96,80.23,617592
2015-03-04,79.91,81.19,78.35,80.33,391697
2015-03-05,79.61,81.06,79.12,80.76,400386
2015-03-06,79.77,81.28,79.36,81.2,488329
2015-03-09,81.41,81.6,79.11,79.14,274836
2015-03-10,78.28,78.88,77.63,78.75,361674
2015-03-11,78.23,78.92,76.98,77.04,431015
2015-03-12,77.75,78.45,77.15,77.83,328531
2015-03-13,77.55,78.06,76.35,77.61,359875
2015-03-16,77.11,77.44,75.52,76.62,839882
2015-03-17,76.27,77.61,76.02,77.54,388707
2015-03-18,77.28,79.43,76.53,78.37,527072
2015-03-19,77.81,77.81,76.13,77.19,343582
2015-03-20,77.85,79.52,77.32,78.89,553937
2015-03-23,78.96,79.39,77.9,78.92,308821
2015-03-24,78.84,80.21,77.4,77.64,637129
2015-03-25,77.92,78.72,76.8,76.97,383871
2015-03-26,77.77,79.35,76.79,77.5,240843
2015-03-27,77.22,79.64,77.22,78.88,464451
2015-03-30,79.5,81.35,79.28,80.83,366864
2015-03-31,80.4,81.4,80.39,81.34,560657
2015-04-01,81.09,82.57,81.09,82.01,670673
2015-04-02,81.76,83.1,81.76,82.62,456140
2015-04-06,82.68,83.34,82.37,82.68,395393
2015-04-07,82.47,84.0,82.04,83.79,441885
2015-04-08,84.0,84.76,82.74,83.71,474547
2015-04-09,83.97,84.92,83.33,84.15,436999
2015-04-10,84.56,84.7,83.25,83.5,243090
2015-04-13,83.52,84.35,83.19,83.49,286272
2015-04-14,83.78,85.83,83.52,84.95,348171
2015-04-15,85.35,86.8,84.98,85.78,454477
2015-04-16,85.63,86.48,84.58,85.72,391497
2015-04-17,85.53,85.84,84.83,85.03,293517
2015-04-20,85.28,85.8,84.42,84.77,311729
2015-04-21,84.82,84.91,83.37,83.99,330627
2015-04-22,84.16,85.73,83.91,85.52,284466
2015-04-23,85.69,86.99,85.58,86.13,336733
2015-04-24,86.53,86.59,85.08,85.27,183117
2015-04-27,85.72,85.72,84.1,84.48,305143
2015-04-28,84.65,85.09,83.75,84.8,365840
2015-04-29,84.7,85.76,84.52,85.46,290174
2015-04-30,85.09,85.53,83.98,84.19,294700
2015-05-01,84.34,85.52,83.89,85.24,343826
2015-05-04,85.14,86.11,84.38,84.68,261598
2015-05-05,85.32,85.73,83.29,83.64,442981
2015-05-06,84.45,84.51,82.52,83.33,409443
2015-05-07,83.53,84.28,81.8,84.09,699428
2015-05-08,83.83,83.83,80.04,82.49,778648
2015-05-11,82.59,82.59,79.96,80.36,669412
2015-05-12,80.07,81.8,79.4,80.79,426048
2015-05-13,81.69,82.13,80.02,80.83,295478
2015-05-14,80.86,81.38,79.83,80.03,271179
2015-05-15,79.91,81.3,79.28,81.3,315188
2015-05-18,81.17,82.61,80.37,82.49,456561
2015-05-19,82.23,82.49,80.51,81.43,284039
2015-05-20,81.55,82.24,80.71,82.01,275556
2015-05-21,82.23,82.77,81.61,81.99,388162
2015-05-22,81.72,82.26,81.05,81.66,1021137
2015-05-26,80.73,81.66,80.14,81.46,737259
2015-05-27,81.25,81.5,80.17,80.73,273449
2015-05-28,80.38,80.64,78.5,79.46,453812
2015-05-29,79.55,79.95,78.38,78.7,468070
2015-06-01,79.1,79.63,78.22,78.79,282143
2015-06-02,78.79,80.48,78.23,79.47,284983
2015-06-03,79.25,80.07,78.54,78.85,334811
2015-06-04,78.3,78.69,77.33,77.51,353741
2015-06-05,77.45,78.27,76.96,77.51,340518
2015-06-08,77.22,77.85,76.74,77.05,340630
2015-06-09,77.58,78.0,76.68,77.0,250753
2015-06-10,77.82,77.96,76.98,77.85,222789
2015-06-11,77.88,78.42,77.29,77.58,209519
2015-06-12,77.2,77.65,76.66,77.08,211430
2015-06-15,76.61,76.88,75.92,76.28,372089
2015-06-16,76.33,76.78,75.66,76.16,389112
2015-06-17,76.37,77.82,76.23,77.71,317731
2015-06-18,78.07,78.91,77.79,78.85,272965
2015-06-19,78.82,79.03,78.11,78.87,413664
2015-06-22,79.96,81.36,79.22,81.31,414421
2015-06-23,80.99,82.04,80.11,81.86,258696
2015-06-24,81.86,82.24,81.2,81.56,214760
2015-06-25,82.05,82.05,80.26,80.38,216055
2015-06-26,80.84,81.71,80.13,81.61,299094
2015-06-29,81.12,81.31,79.24,79.3,216497
2015-06-30,80.1,81.28,79.28,79.48,308494
2015-07-01,80.55,80.55,77.43,77.67,428923
2015-07-02,77.82,78.34,76.96,77.5,215159
2015-07-06,75.5,76.26,74.58,75.09,420334
2015-07-07,75.17,75.79,73.54,75.62,532770
2015-07-08,74.59,75.47,73.81,74.2,418333
2015-07-09,75.06,75.86,74.79,75.07,301517
2015-07-10,75.97,77.54,75.2,77.48,379052
2015-07-13,77.58,80.0,77.57,79.56,355353
2015-07-14,79.78,80.81,79.64,80.62,270061
2015-07-15,80.53,80.92,78.72,78.9,306366
2015-07-16,79.43,79.72,78.59,78.67,227639
2015-07-17,78.77,78.77,77.48,78.16,202715
2015-07-20,78.16,78.45,76.46,76.51,333483
2015-07-21,76.89,78.05,75.32,75.69,264618
2015-07-22,75.25,75.25,72.21,73.04,517740
2015-07-23,73.27,73.54,71.66,71.75,309061
2015-07-24,71.75,72.81,69.92,70.0,689681
2015-07-27,69.25,69.8,68.12,69.65,521253
2015-07-28,69.63,70.42,68.0,69.92,553157
2015-07-29,69.73,72.8,69.54,72.53,344081
2015-07-30,72.21,72.66,71.25,71.59,299121
2015-07-31,71.37,72.36,70.18,71.09,315281
2015-08-03,70.78,71.86,67.87,68.17,398327
2015-08-04,68.26,69.18,66.36,66.39,539319
2015-08-05,67.14,68.09,60.33,60.79,1437266
2015-08-06,60.43,60.43,57.99,59.68,1561962
2015-08-07,57.07,61.15,54.3,54.8,1585101
2015-08-10,54.66,59.71,54.09,59.37,1235159
2015-08-11,58.55,59.19,56.55,58.03,702270
2015-08-12,57.76,59.11,56.11,58.43,874148
2015-08-13,57.95,57.95,55.65,56.26,354656
2015-08-14,56.64,57.46,54.58,57.42,588029
2015-08-17,57.28,58.3,56.12,57.37,379908
2015-08-18,57.56,57.74,56.59,57.09,402165
2015-08-19,56.37,57.42,54.29,55.32,249004
2015-08-20,54.85,55.7,52.86,52.9,315274
2015-08-21,52.51,52.56,50.67,51.72,581959
2015-08-24,49.04,51.47,47.55,50.77,1072561
2015-08-25,51.85,51.98,49.64,49.74,1494478
2015-08-26,49.75,50.87,48.8,50.38,555239
2015-08-27,51.4,54.08,51.23,53.79,553653
2015-08-28,53.86,54.92,53.12,54.59,603936
2015-08-31,54.03,55.75,52.8,55.0,604928
2015-09-01,54.11,55.25,51.96,52.37,469231
2015-09-02,51.84,53.5,51.32,53.0,529990
2015-09-03,53.25,54.28,51.91,52.74,386644
2015-09-04,51.82,52.98,51.19,51.24,466627
2015-09-08,52.49,52.92,51.28,52.16,420732
2015-09-09,52.34,53.31,51.4,51.48,381853
2015-09-10,51.99,52.23,50.67,51.33,461063
2015-09-11,50.63,50.71,48.96,49.21,492064
2015-09-14,48.89,49.43,48.12,48.92,365181
2015-09-15,48.95,50.28,48.8,49.37,347264
2015-09-16,49.85,50.7,49.24,50.55,288103
2015-09-17,50.51,51.79,50.27,50.36,311146
2015-09-18,49.79,50.71,49.1,50.02,504864
2015-09-21,50.19,52.26,49.68,50.84,362973
2015-09-22,50.41,51.3,50.14,50.76,412604
2015-09-23,50.73,51.1,48.39,49.02,435513
2015-09-24,48.63,49.0,47.15,48.52,457928
2015-09-25,49.09,49.09,46.61,47.92,398628
2015-09-28,47.16,47.74,44.53,44.72,635502
2015-09-29,44.88,45.55,41.66,41.81,581400
2015-09-30,42.16,43.73,41.44,43.24,675030
2015-10-01,44.29,46.98,43.78,45.82,598300
2015-10-02,44.95,48.41,43.82,48.02,472641
2015-10-05,48.62,50.75,48.62,50.62,317900
2015-10-06,50.55,53.28,50.47,51.88,453730
2015-10-07,53.01,55.54,52.82,53.44,574854
2015-10-08,53.5,54.6,52.54,54.13,313507
2015-10-09,54.43,54.43,52.38,53.39,335660
2015-10-12,53.34,53.34,50.23,51.82,462812
2015-10-13,51.62,53.24,50.58,51.45,690034
2015-10-14,51.4,52.05,50.04,50.96,409259
2015-10-15,50.94,52.02,49.43,51.96,345055
2015-10-16,52.54,52.74,51.36,51.9,256285
2015-10-19,51.12,51.38,49.43,51.05,247411
2015-10-20,50.85,52.18,50.58,50.74,431975
2015-10-21,50.52,50.92,48.43,48.74,278870
2015-10-22,49.05,49.3,46.15,47.48,304269
2015-10-23,47.61,49.2,46.81,47.95,465520
2015-10-26,47.55,48.02,45.82,46.09,387202
2015-10-27,45.62,45.8,42.61,43.89,533692
2015-10-28,44.19,46.5,43.91,45.65,564929
2015-10-29,45.58,47.13,45.28,46.17,337377
2015-10-30,46.39,46.39,44.86,45.55,640695
2015-11-02,45.21,47.19,44.97,45.71,463586
2015-11-03,45.81,46.62,45.37,45.42,625523
2015-11-04,45.43,45.65,41.0,42.92,1268625
2015-11-05,42.69,43.09,39.84,40.08,900012
2015-11-06,38.05,39.93,36.31,39.49,1567912
2015-11-09,39.21,40.3,37.91,38.06,695355
2015-11-10,37.8,37.84,36.61,37.42,605510
2015-11-11,37.39,38.12,35.36,35.89,610390
2015-11-12,35.01,35.11,33.61,33.94,483292
2015-11-13,34.02,34.1,32.49,33.67,782739
2015-11-16,34.08,36.29,33.22,36.24,779317
2015-11-17,35.5,36.59,34.51,35.65,681611
2015-11-18,35.78,36.64,35.32,35.65,526375
2015-11-19,35.53,36.02,34.47,34.7,385995
2015-11-20,34.79,35.07,33.94,34.36,559471
2015-11-23,34.38,34.67,33.77,34.12,583422
2015-11-24,34.47,35.31,33.6,34.76,701176
2015-11-25,34.79,36.09,34.66,35.46,516840
2015-11-27,34.91,35.34,34.63,35.26,145235
2015-11-30,35.58,35.76,34.16,34.73,619911
2015-12-01,34.73,35.1,33.51,34.0,453897
2015-12-02,33.53,33.53,31.37,31.65,608747
2015-12-03,31.88,32.67,30.43,30.7,533763
2015-12-04,30.44,30.5,27.58,29.61,809506
2015-12-07,29.6,29.6,26.05,26.87,666723
2015-12-08,25.91,28.05,25.91,27.63,700290
2015-12-09,27.86,30.65,27.86,30.34,1321519
2015-12-10,30.33,30.62,28.92,29.49,680427
2015-12-11,28.76,28.76,26.64,26.75,745518
2015-12-14,26.81,26.94,24.54,25.74,1146527
2015-12-15,26.21,26.9,25.28,25.37,560480
2015-12-16,25.25,26.84,25.05,26.46,573332
2015-12-17,26.46,26.46,24.32,25.34,662153
2015-12-18,24.73,25.26,24.09,24.21,1255136
2015-12-21,24.23,24.29,22.56,24.1,802741
2015-12-22,24.24,26.82,24.22,26.72,1141761
2015-12-23,27.29,30.59,27.1,29.8,968839
2015-12-24,29.99,30.92,29.47,29.53,343234
2015-12-28,28.98,29.92,28.33,29.14,759308
2015-12-29,29.72,30.33,28.19,28.27,718197
2015-12-30,27.55,28.03,26.98,27.63,810554
2015-12-31,27.39,28.93,27.19,28.86,860881
2016-01-04,28.27,28.89,27.65,28.7,558781
2016-01-05,28.7,28.82,28.0,28.66,590919
2016-01-06,27.82,27.82,24.82,26.11,713166
2016-01-07,25.31,25.81,24.07,24.44,607783
2016-01-08,24.69,26.38,24.06,25.31,661001
2016-01-11,25.43,25.46,23.74,24.22,551994
2016-01-12,24.38,25.27,21.87,23.48,778755
2016-01-13,23.9,24.08,19.93,20.78,734228
2016-01-14,20.87,23.48,20.28,22.96,975960
2016-01-15,21.23,21.98,18.48,19.75,2498111
2016-01-19,20.13,20.13,16.87,16.93,1441007
2016-01-20,16.72,16.94,15.14,15.49,1346709
2016-01-21,15.67,18.7,15.48,18.68,1908120
2016-01-22,19.56,21.19,19.35,20.22,1271035
2016-01-25,19.52,21.17,19.11,19.35,724921
2016-01-26,19.92,21.05,18.84,20.68,496571
2016-01-27,20.3,21.91,19.97,20.82,809128
2016-01-28,21.69,22.78,21.35,21.75,677539
2016-01-29,21.92,22.79,21.55,22.14,750598
2016-02-01,21.45,21.77,20.15,21.34,455291
2016-02-02,20.44,21.52,20.09,20.68,476660
2016-02-03,21.14,21.35,19.71,20.89,596781
2016-02-04,21.13,23.56,20.86,22.68,749658
2016-02-05,22.01,22.68,21.56,22.24,420774
2016-02-08,21.33,21.61,18.98,19.29,577811
2016-02-09,18.79,18.9,15.14,15.74,2239289
2016-02-10,16.0,16.55,15.2,15.98,863308
2016-02-11,15.7,15.82,13.98,14.82,703981
2016-02-12,15.32,16.57,14.98,15.58,485938
2016-02-16,16.24,16.99,15.54,16.91,691617
2016-02-17,17.24,18.34,17.03,17.99,1228888
2016-02-18,18.3,18.3,16.86,17.59,1271255
2016-02-19,16.8,17.06,15.74,17.03,529472
2016-02-22,17.56,18.96,17.52,18.49,486369
2016-02-23,18.07,18.49,16.42,16.46,702342
2016-02-24,15.99,16.78,15.51,16.55,753232
2016-02-25,16.38,18.09,16.14,17.49,1439465
2016-02-26,17.78,19.33,17.77,18.98,1349321
2016-02-29,19.2,19.93,18.12,19.0,1189533
2016-03-01,19.33,19.41,18.16,18.62,848815
2016-03-02,18.21,19.93,17.86,19.84,786380
2016-03-03,19.17,21.3,19.09,21.2,866316
2016-03-04,21.41,23.38,20.98,21.65,1341904
2016-03-07,21.64,22.91,21.33,22.85,608229
2016-03-08,22.76,23.54,20.41,20.52,726569
2016-03-09,20.48,20.52,19.18,19.73,667318
2016-03-10,19.61,20.2,18.91,19.81,442297
2016-03-11,20.33,21.34,20.33,21.23,318890
2016-03-14,20.92,21.18,19.73,20.56,269609
2016-03-15,20.25,20.26,18.75,19.34,398513
2016-03-16,19.36,23.04,19.36,22.87,1084979
2016-03-17,23.15,24.13,22.33,23.76,664966
2016-03-18,24.39,24.95,22.95,23.92,1108044
2016-03-21,23.72,23.87,22.17,22.33,432660
2016-03-22,21.87,23.62,21.28,23.22,381026
2016-03-23,22.77,23.12,20.57,20.97,391141
2016-03-24,20.78,23.33,20.53,22.24,637853
2016-03-28,22.22,22.22,20.92,21.42,396698
2016-03-29,20.92,22.1,20.34,21.74,558463
2016-03-30,22.22,22.77,21.18,21.7,469690
2016-03-31,21.63,22.69,21.48,22.4,583600
2016-04-01,21.54,21.87,20.43,21.03,517728
2016-04-04,21.04,21.59,20.31,20.46,523492
2016-04-05,20.06,21.16,20.06,20.65,342106
2016-04-06,21.06,22.22,20.75,21.9,400951
2016-04-07,21.52,22.64,21.42,22.31,535002
2016-04-08,22.87,24.03,22.63,23.11,339338
2016-04-11,23.16,23.75,22.83,23.2,358529
2016-04-12,23.54,26.15,22.99,26.12,697799
2016-04-13,26.27,26.42,25.22,25.68,595415
2016-04-14,25.76,25.84,24.34,25.03,521904
2016-04-15,24.53,24.95,24.05,24.32,392557
2016-04-18,24.0,25.53,23.31,25.21,651068
2016-04-19,25.39,28.21,25.39,27.99,677437
2016-04-20,27.67,28.3,27.33,28.21,520547
2016-04-21,28.38,29.16,27.75,28.77,347043
2016-04-22,29.56,29.96,29.19,29.48,535506
2016-04-25,29.24,29.44,27.32,28.09,466398
2016-04-26,28.64,29.15,28.01,29.13,347163
2016-04-27,29.79,31.48,29.59,31.41,518361
2016-04-28,31.19,32.33,31.0,31.25,585897
2016-04-29,31.71,32.14,29.53,30.66,559363
2016-05-02,30.29,30.96,28.33,29.69,662407
2016-05-03,28.75,28.96,27.0,28.03,764306
2016-05-04,28.08,28.8,27.33,28.18,543170
2016-05-05,28.74,29.63,27.89,28.24,505956
2016-05-06,28.55,30.1,27.5,28.62,641023
2016-05-09,28.55,28.88,26.58,27.5,646171
2016-05-10,27.96,30.18,27.87,28.67,769879
2016-05-11,28.18,29.48,27.34,29.35,634625
2016-05-12,29.23,29.91,27.65,28.65,402806
2016-05-13,28.15,29.54,28.11,28.78,433594
2016-05-16,29.6,30.35,29.13,30.05,503239
2016-05-17,30.08,31.01,29.76,30.57,480881
2016-05-18,30.65,31.37,29.77,30.4,750318
2016-05-19,29.54,31.08,29.01,30.84,306865
2016-05-20,31.02,31.28,30.13,31.09,388490
2016-05-23,30.53,30.88,29.8,30.38,341509
2016-05-24,30.73,30.73,28.91,29.14,706703
2016-05-25,29.61,30.61,29.32,29.95,648063
2016-05-26,30.54,30.54,28.16,28.35,809199
2016-05-27,28.0,29.68,27.35,29.5,704904
2016-05-31,29.5,32.42,29.21,31.79,2199053
2016-06-01,31.17,33.2,31.14,32.51,1104661
2016-06-02,31.95,33.15,31.95,32.99,640777
2016-06-03,33.14,33.59,32.51,33.08,496485
2016-06-06,33.82,34.44,33.27,33.45,613971
2016-06-07,33.33,35.4,33.25,35.02,1091325
2016-06-08,35.62,35.84,33.89,34.01,718422
2016-06-09,33.36,33.86,33.12,33.29,999603
2016-06-10,32.66,32.89,30.9,31.17,785145
2016-06-13,30.65,31.21,29.71,30.02,824525
2016-06-14,29.74,30.36,28.95,29.7,859338
2016-06-15,30.07,31.15,29.52,30.34,1058948
2016-06-16,29.5,30.04,27.96,29.04,811933
2016-06-17,28.69,30.55,28.1,29.87,4671258
2016-06-20,30.8,31.11,29.91,30.36,1250516
2016-06-21,30.26,30.88,29.0,30.85,1249538
2016-06-22,31.11,31.67,30.59,30.95,858642
2016-06-23,31.52,33.0,31.28,32.96,1068899
2016-06-24,30.69,31.84,30.58,31.28,2263932
2016-06-27,30.94,30.98,28.77,29.33,1156503
2016-06-28,30.36,32.46,30.28,31.62,1176054
2016-06-29,32.03,32.88,31.47,32.73,957023
2016-06-30,32.41,32.69,31.62,32.56,868882
2016-07-01,32.6,34.28,32.29,33.26,525468
2016-07-05,32.31,32.7,30.85,31.86,606784
2016-07-06,31.57,32.08,30.98,32.03,647607
2016-07-07,32.78,33.15,31.26,31.75,606760
2016-07-08,32.27,33.39,31.86,32.75,662315
2016-07-11,33.24,33.42,32.66,32.84,575467
2016-07-12,33.84,34.18,33.32,33.88,850129
2016-07-13,33.73,34.16,32.16,32.74,706300
2016-07-14,33.1,33.79,32.64,33.39,568848
2016-07-15,33.81,33.83,33.05,33.5,539440
2016-07-18,33.37,33.82,32.77,33.49,617068
2016-07-19,33.54,33.57,32.05,32.28,703854
2016-07-20,32.12,32.22,31.28,32.1,778626
2016-07-21,32.23,32.72,31.13,31.14,778272
2016-07-22,31.35,31.76,30.5,31.51,572939
2016-07-25,31.04,31.36,30.69,30.87,408611
2016-07-26,30.67,31.35,30.16,30.2,632257
2016-07-27,30.32,30.97,28.93,29.29,602651
2016-07-28,29.3,29.46,28.65,29.17,487823
2016-07-29,28.69,29.45,28.64,28.96,1918615
2016-08-01,28.93,29.19,27.64,28.38,1616946
2016-08-02,28.55,29.55,28.0,28.52,1076025
2016-08-03,28.81,30.68,28.37,30.66,916119
2016-08-04,30.43,30.96,29.74,30.53,672473
2016-08-05,31.2,31.74,28.86,29.35,1099250
2016-08-08,29.81,30.55,29.17,29.67,1086410
2016-08-09,29.88,29.94,28.41,29.05,824714
2016-08-10,29.39,29.39,28.57,28.83,915077
2016-08-11,28.68,29.51,28.32,29.08,435962
2016-08-12,29.77,30.38,28.86,29.5,749605
2016-08-15,29.75,31.0,29.75,30.71,1077565
2016-08-16,30.78,31.42,30.41,31.21,642659
2016-08-17,31.22,31.22,30.59,31.02,511355
2016-08-18,31.32,32.71,31.01,32.68,909711
2016-08-19,32.6,32.77,31.71,32.17,933707
2016-08-22,31.56,31.68,30.93,31.16,667847
2016-08-23,30.94,31.64,30.94,31.4,581988
2016-08-24,30.79,31.54,30.42,30.66,593585
2016-08-25,31.23,31.56,30.82,31.24,638990
2016-08-26,31.31,31.9,31.14,31.7,852936
2016-08-29,31.56,31.89,30.99,31.84,687644
2016-08-30,31.95,32.24,30.97,31.2,767342
2016-08-31,30.86,31.17,30.0,31.1,708085
2016-09-01,30.85,31.01,30.2,30.64,538824
2016-09-02,31.12,31.67,31.0,31.15,427557
2016-09-06,31.35,32.13,31.3,32.11,466016
2016-09-07,32.17,33.43,32.17,33.32,684305
2016-09-08,33.47,34.87,33.46,34.67,719032
2016-09-09,34.0,34.51,33.61,34.31,804859
2016-09-12,33.68,35.31,32.85,34.79,716034
2016-09-13,34.1,34.43,33.14,33.64,946324
2016-09-14,33.66,34.42,32.88,33.19,539047
2016-09-15,33.23,33.82,33.08,33.26,509357
2016-09-16,32.76,33.38,32.02,33.24,994125
2016-09-19,33.72,34.41,33.19,33.22,528571
2016-09-20,33.1,33.57,32.42,32.5,511370
2016-09-21,33.25,33.54,32.75,33.24,548378
2016-09-22,34.09,34.14,33.09,33.5,442161
2016-09-23,33.16,33.82,32.5,32.5,497064
2016-09-26,33.17,33.2,32.24,32.44,702425
2016-09-27,31.67,32.42,31.42,31.74,539660
2016-09-28,32.17,33.9,31.8,33.53,870813
2016-09-29,33.87,34.14,33.08,33.58,826115
2016-09-30,34.26,35.45,33.75,35.36,955617
2016-10-03,35.45,35.45,34.44,34.88,694918
2016-10-04,35.23,35.23,34.5,35.11,718810
2016-10-05,35.73,36.16,35.36,35.43,1019782
2016-10-06,35.99,36.01,34.55,34.88,736688
2016-10-07,35.02,35.02,33.88,34.27,549880
2016-10-10,33.91,34.61,32.53,33.03,2098119
2016-10-11,32.84,33.1,31.88,32.71,903434
2016-10-12,32.54,34.12,32.29,33.54,689734
2016-10-13,33.19,33.68,32.66,33.22,465198
2016-10-14,33.35,33.8,33.09,33.55,518158
2016-10-17,33.6,33.75,33.05,33.4,302362
2016-10-18,35.15,35.15,33.18,34.05,344078
2016-10-19,34.5,34.85,33.9,34.65,433279
2016-10-20,34.15,34.9,33.95,34.8,191443
2016-10-21,34.45,35.08,34.25,34.8,419353
2016-10-24,34.8,35.4,33.7,34.9,629624
2016-10-25,34.95,35.35,33.8,34.0,600452
2016-10-26,33.1,34.3,32.9,34.25,533173
2016-10-27,34.55,34.75,33.18,33.4,433485
2016-10-28,33.25,33.8,32.8,32.8,397932
2016-10-31,32.7,32.75,31.36,32.25,1830761
2016-11-01,33.4,33.4,30.8,31.3,742783
2016-11-02,30.7,31.2,29.55,30.35,818788
2016-11-03,31.15,31.25,30.25,31.2,611482
2016-11-04,30.95,31.15,29.65,30.6,856284
2016-11-07,29.9,32.4,29.0,32.0,899003
2016-11-08,31.15,33.45,31.15,32.15,632905
2016-11-09,31.9,33.7,31.76,33.15,834251
2016-11-10,33.65,34.1,32.7,33.4,789253
2016-11-11,33.1,33.55,32.25,33.35,746868
2016-11-14,33.5,33.5,32.0,32.6,653586
2016-11-15,33.4,33.9,33.15,33.6,836707
2016-11-16,33.15,33.85,32.7,33.1,456543
2016-11-17,33.85,34.45,33.15,34.4,578532
2016-11-18,34.45,35.25,34.0,34.35,577174
2016-11-21,35.2,35.75,34.55,35.65,626219
2016-11-22,36.05,36.05,34.2,34.95,778834
2016-11-23,34.45,35.3,34.45,35.15,616565
2016-11-25,35.0,35.7,34.85,35.6,277599
2016-11-28,35.75,35.98,34.05,34.4,690678
2016-11-29,33.75,33.85,32.65,33.0,625747
2016-11-30,34.6,36.45,34.5,36.05,1713355
2016-12-01,37.0,37.05,35.9,36.4,924002
2016-12-02,36.0,37.45,36.0,36.85,785967
2016-12-05,37.45,38.2,37.3,37.75,873037
2016-12-06,37.35,38.4,36.8,38.05,661840
2016-12-07,37.95,38.95,37.9,38.9,804084
2016-12-08,39.1,40.35,38.85,40.05,866980
2016-12-09,40.75,40.75,38.59,39.35,977356
2016-12-12,40.65,40.65,38.95,39.1,1048575
2016-12-13,39.55,40.15,38.75,39.8,613064
2016-12-14,39.5,40.3,38.62,39.2,1174035
2016-12-15,39.1,40.35,38.5,39.75,812155
2016-12-16,40.05,41.3,39.85,41.15,1727361
2016-12-19,41.2,41.65,40.7,41.55,540501
2016-12-20,42.0,42.2,40.75,40.9,634492
2016-12-21,41.0,41.95,40.6,41.65,799011
2016-12-22,41.9,41.95,41.25,41.8,569987
2016-12-23,41.75,42.7,41.45,42.35,644565
2016-12-27,42.65,42.95,42.1,42.55,378885
2016-12-28,42.65,43.2,41.75,41.85,715857
2016-12-29,41.75,42.05,41.45,41.8,446919
2016-12-30,41.85,42.0,41.25,41.75,595867
2017-01-03,42.55,43.05,41.2,42.3,587141
2017-01-04,42.45,42.95,41.85,42.8,336748
2017-01-05,42.85,42.85,41.3,41.85,524458
2017-01-06,42.1,42.15,41.35,41.45,521851
2017-01-09,40.95,41.25,40.15,40.4,693808
2017-01-10,40.4,40.5,39.25,39.65,819997
2017-01-11,39.95,40.35,39.65,40.35,934100
2017-01-12,40.7,41.05,39.45,39.75,812937
2017-01-13,39.65,40.5,39.65,40.1,635184
2017-01-17,40.5,41.25,40.3,41.15,611906
2017-01-18,40.6,41.06,40.05,40.4,525153
2017-01-19,40.55,40.8,40.35,40.5,370203
2017-01-20,40.9,41.1,40.4,40.5,383654
2017-01-23,40.05,40.45,39.4,39.75,498567
2017-01-24,40.1,41.0,39.56,40.85,530796
2017-01-25,40.85,41.65,40.6,41.35,633792
2017-01-26,41.75,42.15,41.4,41.8,438109
2017-01-27,41.4,41.6,40.16,40.8,340478
2017-01-30,40.6,40.6,39.1,39.7,632998
2017-01-31,39.9,39.9,39.2,39.7,522010
2017-02-01,40.05,40.55,39.4,40.2,447104
2017-02-02,40.45,40.9,39.55,40.85,560851
2017-02-03,40.85,42.25,40.6,42.1,638857
2017-02-06,42.05,42.4,40.8,40.95,397014
2017-02-07,40.5,40.75,39.2,39.3,635332
2017-02-08,38.9,39.5,38.35,39.35,519628
2017-02-09,39.65,40.15,39.55,40.05,363971
2017-02-10,40.8,40.8,39.7,40.1,270572
2017-02-13,39.8,40.32,39.35,40.1,370256
2017-02-14,40.15,41.0,39.7,40.75,421300
2017-02-15,40.4,40.6,40.0,40.5,362347
2017-02-16,40.6,41.0,39.7,39.9,585718
2017-02-17,39.7,40.15,39.2,40.05,563973
2017-02-21,40.75,40.85,39.65,39.7,313575
2017-02-22,38.95,39.55,38.45,38.65,411509
2017-02-23,39.4,39.45,38.3,39.3,580650
2017-02-24,38.25,38.55,36.08,36.25,1542041
2017-02-27,36.55,36.65,35.55,35.7,1220245
2017-02-28,35.45,35.95,35.1,35.15,1136156
2017-03-01,35.65,36.6,35.25,36.1,1004942
2017-03-02,35.4,37.15,35.4,36.65,742254
2017-03-03,36.15,36.95,35.7,36.45,733796
2017-03-06,36.4,36.75,35.95,36.0,723343
2017-03-07,36.0,36.0,34.75,35.25,887221
2017-03-08,35.25,35.4,33.5,33.65,677681
2017-03-09,33.45,33.6,32.48,33.5,921876
2017-03-10,33.85,34.05,32.8,33.9,1907516
2017-03-13,33.9,34.55,33.8,34.05,488414
2017-03-14,33.35,33.98,32.75,33.1,560075
2017-03-15,33.6,34.55,33.4,34.45,505565
2017-03-16,34.55,34.75,34.05,34.55,391311
2017-03-17,34.9,34.95,34.15,34.6,831275
2017-03-20,34.3,34.95,34.12,34.25,422604
2017-03-21,34.35,34.55,33.35,33.75,523985
2017-03-22,33.45,33.88,32.9,33.3,598675
2017-03-23,33.0,33.85,32.9,33.6,448381
2017-03-24,33.65,33.8,33.02,33.1,586510
2017-03-27,32.85,33.35,32.5,33.2,586303
2017-03-28,33.35,33.65,33.0,33.55,497302
2017-03-29,33.5,35.7,33.35,35.45,1482798
2017-03-30,35.55,35.65,35.1,35.45,711887
2017-03-31,35.4,36.1,35.05,36.0,634954
2017-04-03,35.95,36.2,35.25,35.7,405668
2017-04-04,35.75,35.95,35.15,35.7,348625
2017-04-05,36.25,36.65,34.95,34.95,603900
2017-04-06,35.35,35.8,34.9,35.55,448203
2017-04-07,35.7,35.75,35.18,35.55,498545
2017-04-10,35.75,36.05,35.35,35.45,557374
2017-04-11,35.4,35.65,35.05,35.25,332817
2017-04-12,35.25,35.4,34.8,35.35,324111
2017-04-13,35.25,35.5,34.5,34.65,306677
2017-04-17,34.7,34.8,34.3,34.75,245023
2017-04-18,34.55,34.7,34.1,34.35,335568
2017-04-19,34.6,34.6,33.45,33.8,414061
2017-04-20,34.0,34.0,33.2,33.45,392642
2017-04-21,33.35,33.6,32.95,33.55,591376
2017-04-24,33.9,34.25,33.4,33.8,471460
2017-04-25,33.85,34.4,33.65,34.35,556647
2017-04-26,34.15,35.15,34.15,34.4,495174
2017-04-27,34.05,34.5,33.2,33.3,632009
2017-04-28,33.7,33.7,33.1,33.3,613478
2017-05-01,33.35,33.72,33.15,33.4,344269
2017-05-02,33.55,33.88,33.4,33.7,563112
2017-05-03,33.5,33.8,32.1,32.4,723610
2017-05-04,32.15,32.15,30.5,31.05,865103
2017-05-05,30.5,32.25,30.4,32.2,737943
2017-05-08,32.1,32.35,31.45,31.95,512407
2017-05-09,31.9,32.15,31.05,31.1,448401
2017-05-10,31.45,32.05,31.2,31.75,439243
2017-05-11,31.4,32.15,31.2,32.05,563827
2017-05-12,31.95,32.2,31.85,32.0,520235
2017-05-15,32.9,33.45,32.55,32.7,553640
2017-05-16,32.85,33.05,32.5,32.65,396419
2017-05-17,32.35,32.65,31.85,32.4,576133
2017-05-18,32.1,32.45,31.85,32.1,401010
2017-05-19,32.4,33.44,32.3,33.1,544406
2017-05-22,33.4,33.55,32.87,33.3,274866
2017-05-23,33.5,33.55,33.05,33.5,437882
2017-05-24,33.5,33.78,33.1,33.5,476936
2017-05-25,33.5,33.9,32.95,33.15,778757
2017-05-26,33.05,33.3,32.61,32.75,783061
2017-05-30,32.4,32.4,31.45,31.45,467780
2017-05-31,30.95,31.25,30.45,31.0,628642
2017-06-01,31.2,31.9,30.95,31.4,447446
2017-06-02,31.2,31.65,31.04,31.35,435478
2017-06-05,31.25,31.55,30.95,31.3,398136
2017-06-06,31.25,31.75,28.55,28.85,3495627
2017-06-07,28.65,28.9,25.8,26.35,4246210
2017-06-08,26.25,26.5,25.7,26.4,1938587
2017-06-09,26.9,27.45,26.4,27.05,1957712
2017-06-12,27.25,28.25,27.18,28.15,1704864
2017-06-13,29.1,29.1,27.9,28.8,1906625
2017-06-14,28.65,28.7,25.9,26.0,2315311
2017-06-15,25.8,26.1,24.85,24.9,1348508
2017-06-16,24.85,25.45,24.55,25.35,1332940
2017-06-19,25.4,25.5,24.65,24.85,590357
2017-06-20,24.25,24.4,23.3,24.1,1162389
2017-06-21,24.0,24.25,22.55,22.7,1556400
2017-06-22,23.0,23.7,22.8,23.6,1079245
2017-06-23,23.65,24.55,23.45,24.5,1226149
2017-06-26,24.6,25.2,24.32,25.1,1023869
2017-06-27,25.2,26.8,25.1,26.3,2865313
2017-06-28,26.25,27.15,26.15,26.75,1507602
2017-06-29,26.8,27.1,26.45,26.7,1345280
2017-06-30,26.85,27.55,26.68,27.0,1322083
2017-07-03,27.15,27.55,27.0,27.2,354027
2017-07-05,27.1,27.1,25.6,26.05,877409
2017-07-06,26.3,26.45,25.5,25.7,1102136
2017-07-07,25.45,25.5,24.75,25.45,566686
2017-07-10,25.3,25.7,25.15,25.4,652713
2017-07-11,25.75,25.8,25.12,25.7,611363
2017-07-12,26.15,26.45,25.8,26.0,736956
2017-07-13,26.15,26.5,25.6,26.5,1099574
2017-07-14,26.65,27.3,26.45,27.2,1285804
2017-07-17,26.5,27.1,25.92,26.1,1644871
2017-07-18,26.25,26.55,26.0,26.45,710227
2017-07-19,26.45,26.8,26.15,26.35,1187833
2017-07-20,26.6,26.95,26.15,26.25,778134
2017-07-21,26.35,27.1,25.62,26.1,804674
2017-07-24,26.15,26.25,25.7,26.15,488345
2017-07-25,26.65,27.0,26.3,26.45,718760
2017-07-26,26.65,26.75,26.2,26.25,745186
2017-07-27,26.35,27.2,25.9,27.05,993996
2017-07-28,27.05,27.52,26.6,27.05,929251
2017-07-31,,,,27.05,795179
2017-08-01,27.05,27.25,26.55,26.65,676033
