Date,Open,High,Low,Close,Volume
2004-11-05,2.5,2.5,2.4,2.4,35000
2004-11-08,2.6,2.75,2.4,2.4,14980
2004-11-09,2.55,2.55,2.4,2.55,115080
2004-11-10,2.55,2.55,2.1,2.25,70800
2004-11-11,2.25,2.55,2.25,2.3,29900
2004-11-12,2.55,2.55,2.55,2.55,2000
2004-11-15,2.55,2.6,2.55,2.6,38300
2004-11-16,2.3,2.5,2.3,2.4,7800
2004-11-17,2.5,2.5,2.5,2.5,10000
2004-11-18,2.6,2.6,2.3,2.3,16010
2004-11-19,2.35,2.45,2.3,2.3,46400
2004-11-22,2.4,2.5,2.3,2.3,20300
2004-11-23,2.22,2.24,2.22,2.22,1062941
2004-11-24,2.4,2.4,2.2,2.32,485000
2004-11-26,2.32,2.48,2.32,2.48,49500
2004-11-29,2.48,2.55,2.45,2.55,181770
2004-11-30,2.5,2.6,2.5,2.5,181700
2004-12-01,2.57,2.6,2.5,2.5,72300
2004-12-02,2.5,2.6,2.45,2.55,102988
2004-12-03,2.55,2.55,2.55,2.55,31024
2004-12-06,2.55,2.65,2.5,2.6,56904
2004-12-07,2.55,2.65,2.55,2.65,16443
2004-12-08,2.65,2.65,2.6,2.6,31200
2004-12-09,2.65,2.65,2.55,2.55,671
2004-12-10,2.6,2.6,2.4,2.45,93822
2004-12-13,2.6,2.6,2.6,2.6,1770
2004-12-14,2.4,2.5,2.4,2.4,18900
2004-12-15,2.4,2.4,2.4,2.4,1000
2004-12-16,2.55,2.55,2.2,2.4,76639
2004-12-17,2.41,2.45,2.2,2.45,29900
2004-12-20,2.44,2.49,2.25,2.28,51986
2004-12-21,2.25,2.3,2.25,2.28,19190
2004-12-22,2.31,2.31,2.25,2.25,19726
2004-12-23,2.3,2.3,2.16,2.2,25000
2004-12-27,2.15,2.2,2.15,2.15,31480
2004-12-28,2.11,2.2,2.1,2.2,227658
2004-12-29,2.2,2.2,2.1,2.14,37194
2004-12-30,2.18,2.18,1.97,2.18,49800
2004-12-31,2.18,2.2,2.18,2.18,6300
2005-01-03,2.15,2.2,2.15,2.2,36100
2005-01-04,2.2,2.48,2.2,2.45,435646
2005-01-05,2.46,2.54,2.45,2.52,93290
2005-01-06,2.59,2.59,2.5,2.51,48365
2005-01-07,2.51,2.56,2.51,2.56,1135
2005-01-10,2.57,2.57,2.52,2.55,16581
2005-01-11,2.55,2.57,2.48,2.48,72328
2005-01-12,2.54,2.57,2.45,2.5,56437
2005-01-13,2.53,2.53,2.43,2.45,61715
2005-01-14,2.5,2.5,2.5,2.5,36950
2005-01-18,2.5,2.5,2.45,2.45,128410
2005-01-19,2.4,2.43,2.4,2.4,43000
2005-01-20,2.43,2.43,2.36,2.36,24665
2005-01-21,2.4,2.4,2.4,2.4,3200
2005-01-24,2.4,2.4,2.22,2.39,79547
2005-01-25,2.35,2.4,2.35,2.4,92076
2005-01-26,2.4,2.4,2.4,2.4,6000
2005-01-27,2.4,2.4,2.39,2.4,67011
2005-01-28,2.39,2.39,2.31,2.31,29200
2005-01-31,2.3,2.33,2.3,2.3,3000
2005-02-01,2.36,2.4,2.26,2.28,22171
2005-02-02,2.35,2.4,2.35,2.4,7500
2005-02-03,2.4,2.4,2.36,2.4,12200
2005-02-04,2.4,2.4,2.3,2.4,137841
2005-02-07,2.36,2.45,2.3,2.36,101810
2005-02-08,2.3,2.33,2.28,2.3,48400
2005-02-09,2.3,2.3,2.27,2.27,3650
2005-02-10,2.35,2.35,2.32,2.34,17054
2005-02-11,2.34,2.4,2.3,2.37,58354
2005-02-14,2.4,2.4,2.34,2.37,25084
2005-02-15,2.35,2.47,2.35,2.4,136643
2005-02-16,2.45,2.46,2.4,2.4,199515
2005-02-17,2.51,2.51,2.45,2.45,22500
2005-02-18,2.5,2.5,2.45,2.49,37800
2005-02-22,2.4,2.4,2.4,2.4,2250
2005-02-23,2.4,2.4,2.38,2.4,9380
2005-02-24,2.33,2.41,2.29,2.41,24500
2005-02-25,2.35,2.35,2.35,2.35,888
2005-02-28,2.35,2.39,2.35,2.37,63937
2005-03-01,2.41,2.66,2.35,2.51,62908
2005-03-02,2.53,2.55,2.5,2.51,40932
2005-03-03,2.57,2.57,2.45,2.48,75240
2005-03-04,2.49,2.5,2.39,2.43,61269
2005-03-07,2.4,2.4,2.37,2.4,22915
2005-03-08,2.42,2.42,2.39,2.39,10900
2005-03-09,2.44,2.44,2.43,2.44,4700
2005-03-10,2.45,2.45,2.32,2.43,48384
2005-03-11,2.42,2.45,2.4,2.45,46100
2005-03-14,2.47,2.47,2.4,2.44,56612
2005-03-15,2.44,2.45,2.44,2.45,37000
2005-03-16,2.42,2.45,2.42,2.45,1500
2005-03-17,2.45,2.45,2.32,2.38,7900
2005-03-18,2.4,2.49,2.39,2.4,123900
2005-03-21,2.45,2.56,2.35,2.35,345952
2005-03-22,2.42,2.42,2.28,2.31,35759
2005-03-23,2.35,2.37,2.31,2.32,29400
2005-03-24,2.34,2.34,2.32,2.33,27000
2005-03-28,2.39,2.39,2.31,2.31,9362
2005-03-29,2.35,2.38,2.34,2.35,19553
2005-03-30,2.33,2.38,2.24,2.38,22476
2005-03-31,2.35,2.39,2.23,2.25,50700
2005-04-01,2.25,2.25,2.23,2.25,1500
2005-04-04,2.23,2.23,2.0,2.05,68685
2005-04-05,2.09,2.23,2.01,2.23,239971
2005-04-06,2.25,2.38,2.25,2.25,50660
2005-04-07,2.33,2.33,2.26,2.33,4972
2005-04-08,2.33,2.33,2.26,2.33,11270
2005-04-11,2.26,2.27,2.24,2.27,13500
2005-04-12,2.25,2.38,2.25,2.38,45500
2005-04-13,2.34,2.37,2.25,2.25,18012
2005-04-14,2.25,2.34,2.25,2.3,14478
2005-04-15,2.35,2.35,2.25,2.33,4500
2005-04-18,2.25,2.37,2.25,2.3,9350
2005-04-20,2.3,2.3,2.3,2.3,10000
2005-04-21,2.27,2.27,2.25,2.27,28956
2005-04-22,2.25,2.3,2.25,2.25,54800
2005-04-25,2.3,2.3,2.26,2.26,8113
2005-04-26,2.25,2.26,2.25,2.25,9100
2005-04-27,2.25,2.25,2.04,2.19,13630
2005-04-28,2.06,2.19,2.06,2.15,9200
2005-04-29,2.15,2.24,2.14,2.24,38730
2005-05-02,2.15,2.23,2.14,2.15,16300
2005-05-03,2.17,2.23,2.16,2.16,31700
2005-05-04,2.16,2.17,2.16,2.17,9000
2005-05-05,1.8,1.95,0.57,0.86,981219
2005-05-06,0.85,1.02,0.78,0.81,163952
2005-05-09,0.8,0.87,0.8,0.87,73252
2005-05-10,0.87,0.9,0.81,0.85,66430
2005-05-11,0.82,0.93,0.8,0.93,319663
2005-05-12,0.92,0.92,0.84,0.86,60069
2005-05-13,0.9,0.9,0.89,0.89,17000
2005-05-16,0.85,0.9,0.82,0.87,27538
2005-05-17,0.85,0.9,0.82,0.82,125397
2005-05-18,0.85,0.88,0.83,0.83,93182
2005-05-19,0.86,0.86,0.81,0.81,54600
2005-05-20,0.82,0.82,0.82,0.82,5450
2005-05-23,0.82,0.82,0.79,0.8,22760
2005-05-24,0.79,0.8,0.79,0.8,5000
2005-05-25,0.8,0.8,0.75,0.76,227054
2005-05-26,0.76,0.77,0.73,0.73,14189
2005-05-27,0.73,0.76,0.72,0.76,23204
2005-05-31,0.76,0.8,0.76,0.76,10550
2005-06-01,0.76,0.76,0.76,0.76,1080
2005-06-02,0.8,0.8,0.8,0.8,1500
2005-06-06,0.83,0.83,0.81,0.81,26106
2005-06-07,0.81,0.82,0.81,0.82,10200
2005-06-08,0.77,0.8,0.76,0.8,52850
2005-06-09,0.77,0.77,0.73,0.73,13105
2005-06-10,0.73,0.75,0.73,0.75,7200
2005-06-14,0.75,0.75,0.75,0.75,2200
2005-06-15,0.73,0.74,0.71,0.73,58917
2005-06-16,0.75,0.75,0.65,0.68,56000
2005-06-17,0.63,0.76,0.63,0.75,88651
2005-06-20,0.75,0.75,0.71,0.74,40322
2005-06-21,0.7,0.77,0.7,0.77,178084
2005-06-22,0.78,0.78,0.73,0.73,47422
2005-06-23,0.74,0.76,0.74,0.76,29342
2005-06-24,0.75,0.8,0.74,0.75,75500
2005-06-27,0.76,0.8,0.76,0.78,13500
2005-06-28,0.8,0.8,0.76,0.77,70006
2005-06-29,0.78,0.79,0.76,0.76,33200
2005-06-30,0.76,0.77,0.75,0.75,37000
2005-07-01,0.73,0.73,0.73,0.73,8000
2005-07-05,0.73,0.73,0.73,0.73,8500
2005-07-06,0.73,0.73,0.72,0.72,21700
2005-07-07,0.71,0.74,0.71,0.74,23499
2005-07-08,0.71,0.74,0.71,0.74,12750
2005-07-11,0.74,0.75,0.72,0.73,80630
2005-07-12,0.73,0.73,0.7,0.72,20000
2005-07-13,0.7,0.77,0.7,0.75,55300
2005-07-14,0.75,0.75,0.71,0.71,9500
2005-07-15,0.71,0.77,0.71,0.77,42499
2005-07-18,0.7,0.76,0.7,0.76,1000
2005-07-19,0.79,0.79,0.73,0.75,20000
2005-07-21,0.71,0.73,0.7,0.73,15792
2005-07-22,0.73,0.75,0.73,0.75,10995
2005-07-25,0.76,0.76,0.75,0.76,2333
2005-07-26,0.76,0.76,0.74,0.74,27400
2005-07-27,0.77,0.77,0.77,0.77,4000
2005-07-28,0.76,0.76,0.76,0.76,5000
2005-07-29,0.73,0.74,0.73,0.73,28699
2005-08-01,0.72,0.72,0.72,0.72,800
2005-08-02,0.72,0.75,0.66,0.68,26750
2005-08-03,0.7,0.7,0.69,0.69,7500
2005-08-04,0.66,0.74,0.66,0.73,22503
2005-08-05,0.76,0.76,0.74,0.74,6200
2005-08-08,0.78,0.8,0.78,0.79,10200
2005-08-09,0.79,0.8,0.75,0.77,125116
2005-08-10,0.8,0.81,0.79,0.8,34037
2005-08-11,0.81,0.83,0.8,0.8,68557
2005-08-15,0.82,0.82,0.78,0.78,3420
2005-08-16,0.78,0.78,0.78,0.78,5000
2005-08-17,0.78,0.78,0.78,0.78,9800
2005-08-18,0.78,0.78,0.76,0.76,16000
2005-08-19,0.73,0.73,0.73,0.73,3500
2005-08-22,0.73,0.74,0.73,0.73,5100
2005-08-23,0.76,0.76,0.76,0.76,6700
2005-08-24,0.76,0.76,0.76,0.76,8700
2005-08-25,0.8,0.82,0.77,0.77,22800
2005-08-29,0.77,0.77,0.77,0.77,3000
2005-08-30,0.81,0.82,0.81,0.82,12200
2005-09-01,0.79,0.79,0.77,0.77,20466
2005-09-02,0.8,0.83,0.8,0.8,16200
2005-09-06,0.76,0.76,0.76,0.76,4600
2005-09-07,0.76,0.76,0.71,0.72,30571
2005-09-12,0.68,0.68,0.67,0.67,14776
2005-09-13,0.67,0.7,0.66,0.66,92404
2005-09-14,0.67,0.69,0.67,0.69,5000
2005-09-15,0.69,0.81,0.69,0.81,65500
2005-09-16,0.83,0.83,0.8,0.8,17000
2005-09-19,0.85,0.85,0.85,0.85,10000
2005-09-20,0.87,0.88,0.85,0.85,13300
2005-09-21,0.9,0.91,0.89,0.89,37503
2005-09-22,0.92,0.98,0.79,0.95,65073
2005-09-23,0.97,0.97,0.95,0.95,35561
2005-09-26,0.97,0.97,0.82,0.95,50768
2005-09-28,0.92,0.92,0.9,0.91,11000
2005-09-29,0.87,0.87,0.84,0.84,3350
2005-09-30,0.86,0.87,0.86,0.87,3500
2005-10-03,0.86,0.89,0.86,0.89,1400
2005-10-04,0.87,0.89,0.86,0.89,34500
2005-10-05,0.84,0.84,0.84,0.84,7956
2005-10-06,0.84,0.84,0.83,0.83,14250
2005-10-07,0.83,0.83,0.83,0.83,9500
2005-10-10,0.83,0.91,0.78,0.86,60054
2005-10-11,0.86,0.86,0.8,0.82,95529
2005-10-12,0.8,0.8,0.7,0.72,31695
2005-10-13,0.72,0.75,0.72,0.72,11103
2005-10-14,0.73,0.73,0.73,0.73,4050
2005-10-17,0.75,0.75,0.75,0.75,10000
2005-10-19,0.73,0.73,0.73,0.73,416
2005-10-20,0.73,0.78,0.73,0.78,1000
2005-10-21,0.76,0.76,0.76,0.76,1500
2005-10-24,0.78,0.78,0.78,0.78,2500
2005-10-25,0.78,0.78,0.78,0.78,6500
2005-10-26,0.76,0.76,0.75,0.75,14381
2005-10-27,0.74,0.75,0.6,0.73,167676
2005-10-28,0.75,0.75,0.75,0.75,9500
2005-10-31,0.77,0.77,0.7,0.7,11700
2005-11-01,0.7,0.7,0.7,0.7,6800
2005-11-02,0.7,0.71,0.7,0.71,7000
2005-11-03,0.72,0.74,0.72,0.74,7400
2005-11-04,0.71,0.71,0.71,0.71,2500
2005-11-07,0.73,0.73,0.68,0.68,21800
2005-11-08,0.68,0.68,0.67,0.68,5500
2005-11-09,0.68,0.68,0.67,0.67,16541
2005-11-10,0.67,0.7,0.67,0.7,7000
2005-11-11,0.66,0.66,0.66,0.66,500
2005-11-16,0.66,0.66,0.64,0.65,50250
2005-11-17,0.69,0.7,0.66,0.7,43400
2005-11-18,0.67,0.67,0.67,0.67,5100
2005-11-21,0.67,0.67,0.66,0.66,7750
2005-11-22,0.67,0.67,0.67,0.67,5500
2005-11-23,0.65,0.68,0.65,0.67,40833
2005-11-25,0.68,0.68,0.68,0.68,12500
2005-11-29,0.66,0.66,0.63,0.65,8900
2005-11-30,0.64,0.64,0.6,0.61,26750
2005-12-01,0.61,0.62,0.6,0.6,24500
2005-12-02,0.6,0.6,0.59,0.59,23610
2005-12-05,0.6,0.6,0.6,0.6,3300
2005-12-06,0.61,0.61,0.61,0.61,7500
2005-12-07,0.61,0.61,0.61,0.61,2000
2005-12-08,0.65,0.65,0.65,0.65,500
2005-12-09,0.63,0.63,0.63,0.63,5000
2005-12-12,0.6,0.6,0.6,0.6,1000
2005-12-13,0.6,0.61,0.59,0.59,9600
2005-12-14,0.59,0.62,0.59,0.62,9300
2005-12-15,0.65,0.65,0.6,0.61,32900
2005-12-16,0.6,0.6,0.59,0.59,6500
2005-12-20,0.6,0.6,0.57,0.57,50500
2005-12-22,0.56,0.56,0.56,0.56,450
2005-12-23,0.57,0.57,0.57,0.57,10900
2005-12-27,0.64,0.64,0.61,0.63,25010
2005-12-28,0.67,0.67,0.64,0.67,13490
2005-12-29,0.66,0.69,0.66,0.69,8500
2005-12-30,0.66,0.7,0.66,0.7,64800
2006-01-03,0.7,0.75,0.68,0.68,12566
2006-01-04,0.63,0.65,0.61,0.65,6249
2006-01-05,0.65,0.65,0.64,0.64,1245
2006-01-06,0.64,0.64,0.61,0.61,3990
2006-01-10,0.61,0.72,0.61,0.72,23700
2006-01-11,0.75,0.75,0.75,0.75,1000
2006-01-12,0.75,0.75,0.75,0.75,1000
2006-01-13,0.67,0.67,0.67,0.67,7999
2006-01-17,0.72,0.8,0.7,0.8,33000
2006-01-18,0.78,0.78,0.72,0.72,12000
2006-01-19,0.8,0.8,0.79,0.79,6100
2006-01-20,0.73,0.73,0.73,0.73,15000
2006-01-23,0.8,0.8,0.73,0.73,5961
2006-01-24,0.73,0.8,0.73,0.8,1500
2006-01-25,0.8,0.95,0.8,0.95,286451
2006-01-26,1.0,1.0,0.85,0.85,21407
2006-01-27,0.82,0.83,0.82,0.83,7409
2006-01-30,0.9,0.95,0.9,0.9,2650
2006-01-31,0.94,0.94,0.93,0.93,5000
2006-02-01,0.97,1.16,0.95,1.1,162873
2006-02-02,1.18,1.25,0.98,1.0,154660
2006-02-03,1.0,1.0,0.9,0.97,44919
2006-02-06,0.98,1.02,0.95,0.97,32125
2006-02-07,0.9,0.95,0.9,0.9,88200
2006-02-08,0.91,0.95,0.91,0.91,13000
2006-02-09,0.95,0.95,0.91,0.91,1438
2006-02-10,0.91,0.91,0.91,0.91,100
2006-02-13,0.91,0.91,0.89,0.89,6500
2006-02-14,0.89,0.89,0.86,0.89,26850
2006-02-16,0.93,0.93,0.93,0.93,250
2006-02-21,0.93,0.93,0.93,0.93,1500
2006-02-22,0.93,0.93,0.93,0.93,500
2006-02-23,0.87,0.87,0.87,0.87,4100
2006-02-24,0.87,0.87,0.87,0.87,5450
2006-02-27,0.86,0.86,0.85,0.85,5200
2006-02-28,0.85,0.85,0.8,0.8,2000
2006-03-01,0.85,0.91,0.85,0.91,7000
2006-03-02,0.89,0.91,0.89,0.89,9000
2006-03-03,0.91,0.95,0.91,0.95,21680
2006-03-06,0.82,0.82,0.8,0.8,15100
2006-03-09,0.81,0.81,0.75,0.8,34405
2006-03-10,0.74,0.75,0.74,0.75,5500
2006-03-13,0.85,0.85,0.85,0.85,7000
2006-03-14,0.85,0.85,0.85,0.85,287
2006-03-15,0.77,0.85,0.77,0.85,2600
2006-03-16,0.77,0.82,0.7,0.8,28200
2006-03-17,0.7,0.72,0.7,0.72,9500
2006-03-20,0.76,0.76,0.75,0.76,16568
2006-03-23,0.78,0.83,0.78,0.83,20000
2006-03-27,0.79,0.79,0.78,0.78,3400
2006-03-28,0.75,0.85,0.74,0.85,3100
2006-03-29,0.75,0.87,0.74,0.87,36550
2006-04-06,0.75,0.87,0.75,0.87,200
2006-04-11,0.85,0.87,0.8,0.87,5600
2006-04-12,0.85,0.87,0.85,0.87,4000
2006-04-13,0.87,0.87,0.87,0.87,1004
2006-04-19,0.82,0.82,0.82,0.82,2000
2006-04-20,0.75,0.75,0.75,0.75,1000
2006-04-24,0.87,0.87,0.87,0.87,100
2006-04-27,0.75,0.8,0.75,0.8,3000
2006-04-28,0.75,0.8,0.75,0.8,1600
2006-05-03,0.75,0.87,0.75,0.87,14360
2006-05-04,0.87,0.87,0.87,0.87,1000
2006-05-05,0.8,0.86,0.8,0.8,7509
2006-05-08,0.8,0.8,0.8,0.8,4200
2006-05-09,0.75,0.88,0.75,0.85,48300
2006-05-10,0.88,0.88,0.85,0.85,1900
2006-05-11,0.88,0.88,0.83,0.88,4000
2006-05-16,0.87,0.87,0.87,0.87,1000
2006-05-23,0.67,0.75,0.67,0.67,31800
2006-05-24,0.7,0.7,0.7,0.7,280
2006-05-25,0.7,0.7,0.67,0.67,1600
2006-05-26,0.75,0.75,0.75,0.75,300
2006-05-31,0.75,0.75,0.75,0.75,250
2006-06-06,0.72,0.72,0.72,0.72,1200
2006-06-07,0.72,0.72,0.65,0.65,36671
2006-06-08,0.62,0.62,0.62,0.62,29694
2006-06-09,0.65,0.65,0.62,0.62,11000
2006-06-12,0.62,0.62,0.62,0.62,8000
2006-06-13,0.62,0.62,0.62,0.62,1870
2006-06-14,0.6,0.6,0.6,0.6,3000
2006-06-19,0.6,0.6,0.6,0.6,3000
2006-06-20,0.52,0.74,0.52,0.74,1200
2006-06-23,0.55,0.73,0.55,0.73,1200
2006-06-30,0.68,0.68,0.67,0.67,4375
2006-07-05,0.68,0.68,0.68,0.68,1000
2006-07-10,0.55,0.68,0.55,0.68,900
2006-07-11,0.55,0.55,0.55,0.55,13900
2006-07-12,0.56,0.56,0.56,0.56,1500
2006-07-17,0.62,0.62,0.62,0.62,460
2006-07-18,0.66,0.66,0.66,0.66,1026
2006-07-20,0.66,0.66,0.65,0.65,11000
2006-07-24,0.62,0.65,0.62,0.65,14000
2006-08-01,0.56,0.56,0.56,0.56,6000
2006-08-02,0.56,0.58,0.56,0.58,14500
2006-08-03,0.59,0.6,0.59,0.6,4634
2006-08-04,0.6,0.6,0.6,0.6,2500
2006-08-07,0.54,0.62,0.54,0.62,400
2006-08-14,0.55,0.59,0.54,0.57,52100
2006-08-15,0.61,0.61,0.56,0.56,73000
2006-08-16,0.56,0.58,0.56,0.58,6000
2006-08-23,0.58,0.58,0.58,0.58,1000
2006-08-24,0.58,0.58,0.58,0.58,1000
2006-08-25,0.58,0.63,0.58,0.62,637812
2006-08-29,0.65,0.71,0.65,0.68,24350
2006-08-30,0.7,0.74,0.66,0.74,90950
2006-08-31,0.9,0.9,0.72,0.74,62650
2006-09-01,0.78,0.78,0.78,0.78,4200
2006-09-05,0.8,0.85,0.8,0.85,38405
2006-09-06,0.8,0.87,0.79,0.87,42200
2006-09-07,0.84,0.87,0.84,0.87,2000
2006-09-08,0.87,0.87,0.86,0.86,5823
2006-09-11,0.82,0.85,0.79,0.85,15500
2006-09-12,0.8,0.83,0.8,0.8,13022
2006-09-13,0.81,0.84,0.8,0.84,265300
2006-09-15,0.84,0.84,0.84,0.84,2500
2006-09-18,0.81,0.84,0.81,0.84,3900
2006-09-19,0.93,1.12,0.87,1.12,562526
2006-09-20,1.01,1.08,0.95,1.04,251334
2006-09-21,1.07,1.07,0.95,1.0,27195
2006-09-22,1.0,1.0,0.95,0.95,39612
2006-09-25,0.96,0.96,0.89,0.89,32047
2006-09-26,0.89,0.89,0.88,0.89,59949
2006-09-27,0.9,0.96,0.88,0.89,11570
2006-09-29,0.9,0.96,0.9,0.9,18180
2006-10-02,0.93,0.96,0.93,0.96,3000
2006-10-04,0.89,0.94,0.89,0.89,2500
2006-10-05,0.88,0.88,0.88,0.88,1000
2006-10-06,0.88,0.88,0.88,0.88,1000
2006-10-09,0.95,0.95,0.95,0.95,500
2006-10-11,0.91,0.91,0.88,0.9,7750
2006-10-12,0.9,0.9,0.86,0.86,18300
2006-10-13,0.87,0.87,0.85,0.85,9000
2006-10-16,0.85,0.85,0.81,0.81,35958
2006-10-18,0.82,0.85,0.82,0.85,24689
2006-10-19,0.9,0.9,0.86,0.86,113050
2006-10-23,0.88,0.88,0.8,0.88,4200
2006-10-25,0.83,0.85,0.82,0.85,52500
2006-10-26,0.82,0.82,0.78,0.8,101410
2006-10-27,0.8,0.8,0.78,0.78,11000
2006-10-30,0.8,0.85,0.8,0.8,107053
2006-10-31,0.8,0.85,0.77,0.85,26400
2006-11-01,0.85,0.85,0.85,0.85,22500
2006-11-02,0.91,0.94,0.9,0.94,36000
2006-11-03,0.94,0.94,0.92,0.94,64710
2006-11-06,1.0,1.05,0.95,1.0,84614
2006-11-07,0.96,1.0,0.96,1.0,23870
2006-11-08,1.0,1.02,0.79,0.8,479419
2006-11-09,0.8,0.91,0.7,0.9,314479
2006-11-10,0.9,0.97,0.9,0.95,172528
2006-11-13,0.95,0.98,0.9,0.92,89610
2006-11-14,0.94,0.94,0.94,0.94,3500
2006-11-15,0.93,0.95,0.93,0.94,15000
2006-11-16,0.93,0.95,0.93,0.95,31500
2006-11-17,0.95,0.95,0.94,0.94,3800
2006-11-20,0.87,0.9,0.87,0.9,16600
2006-11-21,0.9,0.9,0.9,0.9,100
2006-11-22,0.87,0.88,0.78,0.81,58760
2006-11-24,0.81,0.81,0.81,0.81,12500
2006-11-27,0.81,0.81,0.75,0.75,49800
2006-11-28,0.75,0.76,0.68,0.73,181400
2006-11-29,0.68,0.8,0.67,0.77,24400
2006-11-30,0.77,0.8,0.77,0.8,29976
2006-12-01,0.82,0.82,0.78,0.81,28100
2006-12-04,0.82,0.84,0.67,0.84,58025
2006-12-05,0.83,0.83,0.83,0.83,500
2006-12-06,0.84,0.84,0.83,0.83,4000
2006-12-07,0.83,0.83,0.83,0.83,1000
2006-12-08,0.82,0.82,0.82,0.82,1000
2006-12-11,0.82,0.82,0.82,0.82,500
2006-12-12,0.82,0.82,0.82,0.82,1000
2006-12-13,0.83,0.83,0.82,0.82,2000
2006-12-14,0.8,0.8,0.8,0.8,17000
2006-12-15,0.72,0.81,0.72,0.81,2100
2006-12-18,0.8,0.8,0.8,0.8,500
2006-12-20,0.71,0.79,0.71,0.78,15123
2006-12-22,0.72,0.78,0.72,0.78,3000
2006-12-26,0.72,0.72,0.7,0.7,38920
2006-12-27,0.7,0.7,0.67,0.67,16523
2006-12-28,0.67,0.7,0.67,0.7,42500
2006-12-29,0.7,0.7,0.69,0.7,7900
2007-01-03,0.7,0.7,0.65,0.65,38700
2007-01-04,0.67,0.79,0.67,0.78,115386
2007-01-05,0.78,0.78,0.78,0.78,2000
2007-01-09,0.77,0.77,0.75,0.77,14110
2007-01-10,0.78,0.78,0.75,0.75,7100
2007-01-11,0.72,0.79,0.72,0.75,35550
2007-01-12,0.78,0.79,0.77,0.77,15200
2007-01-16,0.75,0.78,0.72,0.77,32500
2007-01-17,0.68,0.78,0.68,0.78,45150
2007-01-18,0.75,0.75,0.75,0.75,22354
2007-01-22,0.75,0.75,0.65,0.75,49000
2007-01-23,0.75,0.75,0.7,0.75,15200
2007-01-25,0.75,0.75,0.75,0.75,20000
2007-01-26,0.75,0.75,0.75,0.75,2477
2007-01-29,0.77,0.77,0.74,0.74,18226
2007-01-30,0.7,0.72,0.7,0.7,14300
2007-01-31,0.72,0.72,0.72,0.72,3200
2007-02-01,0.7,0.73,0.7,0.73,5100
2007-02-02,0.72,0.72,0.72,0.72,5200
2007-02-05,0.69,0.74,0.69,0.74,8505
2007-02-06,0.74,0.74,0.74,0.74,7400
2007-02-07,0.69,0.74,0.69,0.74,24345
2007-02-08,0.75,0.75,0.7,0.7,89145
2007-02-09,0.69,0.75,0.69,0.75,10401
2007-02-12,0.7,0.74,0.7,0.74,30210
2007-02-13,0.75,0.75,0.75,0.75,1000
2007-02-20,0.72,0.75,0.72,0.75,22000
2007-02-21,0.72,0.75,0.72,0.75,161141
2007-02-22,0.75,0.79,0.75,0.79,89996
2007-02-23,0.79,0.79,0.79,0.79,1941
2007-02-26,0.74,0.75,0.72,0.75,12700
2007-02-27,0.72,0.75,0.69,0.73,48000
2007-02-28,0.74,0.74,0.74,0.74,2000
2007-03-01,0.71,0.74,0.71,0.73,3847
2007-03-02,0.74,0.74,0.73,0.73,2000
2007-03-05,0.71,0.76,0.71,0.74,67735
2007-03-06,0.76,0.79,0.76,0.79,43612
2007-03-07,0.79,0.81,0.78,0.8,88200
2007-03-08,0.78,0.79,0.76,0.79,25188
2007-03-09,0.79,0.84,0.78,0.81,28700
2007-03-12,0.79,0.83,0.79,0.83,68160
2007-03-13,0.82,0.82,0.82,0.82,1000
2007-03-14,0.82,0.82,0.8,0.82,26000
2007-03-16,0.82,0.85,0.82,0.85,20500
2007-03-19,0.79,0.85,0.79,0.85,7553
2007-03-20,0.84,0.85,0.84,0.85,7500
2007-03-21,0.85,0.85,0.84,0.85,12500
2007-03-22,0.84,0.85,0.84,0.85,16300
2007-03-23,0.85,0.85,0.85,0.85,1000
2007-03-26,0.84,0.84,0.84,0.84,3000
2007-03-27,0.82,0.86,0.82,0.86,15800
2007-03-28,0.85,0.9,0.85,0.89,133936
2007-03-29,0.89,0.94,0.87,0.92,68181
2007-03-30,0.91,0.92,0.91,0.92,15000
2007-04-02,0.92,0.92,0.92,0.92,5500
2007-04-03,0.9,0.92,0.9,0.92,2900
2007-04-04,0.92,0.92,0.91,0.92,16500
2007-04-05,0.9,0.92,0.85,0.92,31400
2007-04-09,0.92,0.96,0.92,0.95,30700
2007-04-10,0.95,0.96,0.93,0.94,93582
2007-04-11,0.94,0.94,0.94,0.94,1546
2007-04-12,0.94,1.0,0.92,0.96,65011
2007-04-16,0.97,0.97,0.97,0.97,1500
2007-04-17,0.95,1.01,0.95,0.98,124766
2007-04-18,0.98,0.99,0.98,0.99,15000
2007-04-19,0.99,0.99,0.98,0.99,20000
2007-04-20,0.99,0.99,0.96,0.99,28500
2007-04-23,0.99,1.02,0.99,1.01,116724
2007-04-24,1.02,1.02,1.02,1.02,19500
2007-04-25,1.02,1.02,1.02,1.02,49527
2007-04-26,1.01,1.05,1.01,1.05,36350
2007-04-27,1.05,1.05,1.03,1.04,9400
2007-04-30,1.02,1.05,1.0,1.02,142779
2007-05-01,1.02,1.02,0.95,1.0,10600
2007-05-02,1.0,1.0,1.0,1.0,300
2007-05-03,1.0,1.0,0.99,0.99,6400
2007-05-04,0.93,1.0,0.9,1.0,62688
2007-05-07,1.0,1.0,1.0,1.0,385
2007-05-09,0.95,1.0,0.95,1.0,7500
2007-05-10,1.0,1.0,1.0,1.0,500
2007-05-11,1.0,1.03,0.93,1.03,10457
2007-05-14,1.45,6.0,1.45,6.0,39400
2007-05-15,5.95,6.0,5.95,5.95,3454
2007-05-16,4.25,6.09,4.25,6.06,13864
2007-05-17,5.95,5.95,5.4,5.5,3528
2007-05-18,5.85,5.85,5.5,5.5,1527
2007-05-21,5.15,5.85,5.1,5.8,7671
2007-05-22,5.1,5.8,4.6,5.5,14951
2007-05-24,5.45,5.45,5.45,5.45,334
2007-05-29,5.59,5.65,5.59,5.65,1000
2007-05-30,5.15,6.0,5.15,5.6,122256
2007-05-31,5.51,5.6,5.5,5.6,8205
2007-06-04,5.52,5.55,5.5,5.55,45127
2007-06-05,5.4,5.6,5.4,5.6,6336
2007-06-06,5.65,5.65,5.62,5.62,200
2007-06-07,5.4,5.4,5.4,5.4,400
2007-06-11,5.29,5.57,5.29,5.57,2580
2007-06-12,5.28,5.28,5.28,5.28,599
2007-06-13,5.3,5.41,5.3,5.41,1751
2007-06-14,5.39,5.53,5.39,5.53,4924
2007-06-15,5.62,5.62,5.2,5.6,1420
2007-06-18,5.6,5.6,5.6,5.6,200
2007-06-19,5.07,5.6,5.05,5.6,22000
2007-06-20,5.06,5.5,5.05,5.4,36500
2007-06-21,5.12,5.45,5.05,5.45,33827
2007-06-22,5.09,5.43,5.0,5.4,15880
2007-06-26,4.75,5.1,4.75,5.1,2621
2007-06-27,5.0,5.3,5.0,5.3,2450
2007-06-28,5.0,5.2,5.0,5.2,2400
2007-06-29,5.0,5.25,5.0,5.2,1755
2007-07-02,5.05,5.05,5.05,5.05,885
2007-07-03,5.05,5.05,5.05,5.05,200
2007-07-05,4.76,4.94,4.76,4.94,1043
2007-07-06,4.57,4.68,4.57,4.68,1401
2007-07-09,4.9,5.2,4.9,4.93,4300
2007-07-10,5.05,5.14,5.05,5.14,2300
2007-07-11,5.07,5.2,5.07,5.2,4800
2007-07-12,5.15,5.15,5.15,5.15,500
2007-07-13,4.87,5.17,4.87,5.15,3040
2007-07-17,4.95,5.0,4.95,5.0,1371
2007-07-18,4.92,5.05,4.92,5.05,5270
2007-07-19,5.0,5.0,4.77,5.0,8685
2007-07-20,4.86,4.86,4.85,4.85,700
2007-07-23,4.85,4.85,4.6,4.6,1470
2007-07-24,4.65,4.65,4.65,4.65,255
2007-07-25,4.66,4.66,4.65,4.65,1840
2007-07-30,4.65,4.7,4.5,4.7,7996
2007-07-31,4.65,4.9,4.65,4.9,9409
2007-08-01,4.74,4.8,4.54,4.8,3163
2007-08-03,4.8,4.8,4.8,4.8,500
2007-08-06,4.8,4.8,4.8,4.8,500
2007-08-08,4.8,4.9,4.8,4.8,4755
2007-08-09,4.61,4.8,4.61,4.8,823
2007-08-13,4.7,4.9,4.61,4.9,1475
2007-08-15,4.61,4.61,4.61,4.61,1050
2007-08-16,4.65,4.65,4.61,4.61,3191
2007-08-17,4.61,4.61,4.61,4.61,1300
2007-08-20,4.61,4.61,4.61,4.61,1500
2007-08-21,4.5,4.7,4.4,4.7,8192
2007-08-22,4.75,4.95,4.75,4.95,3000
2007-08-23,4.95,5.5,4.95,5.5,2100
2007-08-24,4.51,4.78,4.78,4.78,434
2007-08-27,4.78,5.0,4.78,4.9,1800
2007-08-28,4.78,4.78,4.42,4.42,623
2007-08-29,4.42,4.42,4.42,4.42,173
2007-08-30,4.95,4.95,4.8,4.8,3800
2007-08-31,4.9,4.9,4.9,4.9,500
2007-09-04,4.29,4.29,4.29,4.29,0
2007-09-05,5.0,5.3,5.0,5.0,15860
2007-09-06,5.0,5.0,5.0,5.0,2200
2007-09-07,5.06,5.06,5.06,5.06,100
2007-09-10,5.07,5.3,5.07,5.15,755
2007-09-11,5.18,5.18,5.1,5.1,600
2007-09-12,5.1,5.2,5.1,5.2,300
2007-09-13,5.05,5.05,5.05,5.05,100
2007-09-14,5.22,5.22,5.22,5.22,100
2007-09-17,5.22,5.22,5.22,5.22,100
2007-09-18,4.51,4.51,4.51,4.51,0
2007-09-19,5.22,5.22,5.22,5.22,100
2007-09-20,4.87,4.87,4.87,4.87,100
2007-09-21,5.2,5.2,4.84,4.98,3300
2007-09-24,4.82,5.09,4.82,5.08,1060
2007-09-25,5.2,5.2,4.98,4.98,395
2007-09-26,5.05,5.05,5.05,5.05,947
2007-09-27,5.0,5.09,5.0,5.09,200
2007-09-28,4.9,4.9,4.77,4.77,300
2007-10-01,4.75,4.75,4.75,4.75,0
2007-10-02,4.88,4.88,4.88,4.88,0
2007-10-03,4.76,4.76,4.76,4.76,0
2007-10-04,5.0,5.0,5.0,5.0,100
2007-10-05,5.0,5.05,5.0,5.05,750
2007-10-08,5.05,5.05,4.99,4.99,400
2007-10-09,5.1,5.1,4.81,5.09,2460
2007-10-10,4.72,5.09,4.72,5.04,9500
2007-10-11,4.8,5.22,4.8,5.03,2700
2007-10-12,4.8,4.8,4.8,4.8,0
2007-10-15,4.8,5.03,4.8,4.99,5460
2007-10-16,5.0,5.0,5.0,5.0,1000
2007-10-17,5.03,5.03,5.03,5.03,100
2007-10-18,5.0,5.0,5.0,5.0,100
2007-10-19,4.88,5.0,5.0,5.0,9700
2007-10-22,5.05,5.1,5.05,5.1,300
2007-10-23,5.1,5.15,5.1,5.15,200
2007-10-24,5.15,5.15,5.15,5.15,3100
2007-10-25,5.14,5.14,5.14,5.14,100
2007-10-26,5.12,5.12,4.99,5.12,600
2007-10-29,5.0,5.0,5.0,5.0,100
2007-10-30,5.0,5.0,5.0,5.0,100
2007-10-31,4.85,5.0,4.66,4.93,3530
2007-11-01,4.68,4.68,4.68,4.68,0
2007-11-02,4.91,4.92,4.91,4.92,500
2007-11-05,4.99,4.99,4.99,4.99,0
2007-11-06,5.12,5.14,5.1,5.1,2200
2007-11-07,5.05,5.22,4.95,4.95,1200
2007-11-08,4.69,4.69,4.69,4.69,2040
2007-11-09,4.93,5.05,4.66,4.8,12100
2007-11-12,5.0,5.0,4.7,4.99,5400
2007-11-13,4.8,4.98,4.68,4.68,5300
2007-11-14,4.98,5.09,4.65,4.67,8603
2007-11-15,4.68,4.97,4.6,4.88,5700
2007-11-16,4.58,4.93,4.63,4.91,11733
2007-11-19,4.76,4.85,4.76,4.85,6780
2007-11-20,4.79,4.89,4.75,4.8,5003
2007-11-21,4.82,4.85,4.82,4.85,1296
2007-11-23,4.6,4.6,4.6,4.6,0
2007-11-26,4.65,4.65,4.65,4.65,100
2007-11-27,4.69,4.69,4.69,4.69,0
2007-11-28,4.55,4.55,4.55,4.55,0
2007-11-29,4.41,4.41,4.41,4.41,0
2007-11-30,4.46,4.8,4.45,4.8,4643
2007-12-03,4.5,4.5,4.5,4.5,0
2007-12-04,4.56,4.78,4.46,4.52,10766
2007-12-05,4.26,4.48,4.15,4.48,1300
2007-12-06,4.39,4.69,4.35,4.69,1848
2007-12-07,4.13,4.13,4.13,4.13,0
2007-12-10,4.11,4.11,4.11,4.11,255
2007-12-11,4.64,4.64,4.64,4.64,100
2007-12-12,4.74,4.74,4.74,4.74,100
2007-12-13,4.74,4.74,4.74,4.74,100
2007-12-14,4.67,4.67,4.67,4.67,100
2007-12-17,4.05,4.05,4.05,4.05,0
2007-12-18,4.51,4.51,4.51,4.51,170
2007-12-19,4.73,4.73,4.73,4.73,100
2007-12-20,4.5,4.73,4.5,4.73,600
2007-12-21,4.73,4.8,4.27,4.79,4898
2007-12-24,4.44,4.83,4.43,4.43,1412
2007-12-26,4.84,4.84,4.4,4.58,14700
2007-12-27,4.8,4.8,4.8,4.8,185
2007-12-28,4.6,4.69,4.4,4.69,920
2007-12-31,4.69,4.69,4.69,4.69,200
2008-01-02,4.05,4.05,4.05,4.05,0
2008-01-03,4.05,4.05,4.05,4.05,0
2008-01-04,4.13,4.25,4.13,4.16,1414
2008-01-07,4.05,4.09,4.05,4.05,3090
2008-01-08,4.02,4.02,4.01,4.01,1110
2008-01-09,3.73,3.74,3.73,3.73,700
2008-01-10,3.6,4.09,3.6,4.09,1800
2008-01-11,3.99,3.99,3.39,3.39,2525
2008-01-14,3.62,3.62,3.48,3.62,1400
2008-01-15,3.05,3.05,3.05,3.05,0
2008-01-16,3.05,3.4,3.05,3.4,400
2008-01-17,3.4,3.47,3.4,3.47,300
2008-01-18,3.37,3.8,3.33,3.8,1932
2008-01-22,3.17,3.77,3.17,3.77,668
2008-01-23,2.89,3.48,2.83,3.48,332
2008-01-24,2.85,2.85,2.85,2.85,0
2008-01-25,2.91,2.91,2.91,2.91,0
2008-01-28,2.75,3.99,2.75,3.99,903
2008-01-29,3.79,4.35,3.77,4.29,1549
2008-01-30,2.82,4.28,2.82,4.25,3800
2008-01-31,4.2,4.2,4.2,4.2,400
2008-02-01,3.0,3.0,3.0,3.0,0
2008-02-04,2.9,2.9,2.9,2.9,0
2008-02-05,3.35,3.35,3.35,3.35,0
2008-02-06,3.4,3.9,3.35,3.9,800
2008-02-07,3.52,3.52,3.52,3.52,0
2008-02-08,3.52,3.9,3.52,3.9,270
2008-02-11,3.75,3.75,3.75,3.75,0
2008-02-12,3.75,3.75,3.75,3.75,0
2008-02-13,3.27,3.27,3.27,3.27,0
2008-02-14,4.09,4.09,3.67,3.67,400
2008-02-15,3.31,3.31,3.31,3.31,0
2008-02-19,3.52,3.42,3.42,3.42,1082
2008-02-20,3.11,3.67,3.11,3.67,257
2008-02-21,2.97,2.97,2.97,2.97,0
2008-02-22,2.97,2.97,2.97,2.97,0
2008-02-25,3.65,3.65,3.65,3.65,100
2008-02-29,2.9,3.19,2.9,3.19,1300
2008-03-03,2.66,2.66,2.66,2.66,0
2008-03-04,2.53,3.29,2.53,3.29,309
2008-03-07,2.62,3.29,2.62,3.29,398
2008-03-10,2.62,2.62,2.62,2.62,0
2008-03-11,3.15,3.15,3.15,3.15,200
2008-03-12,2.61,2.61,2.61,2.61,0
2008-03-13,3.0,3.0,3.0,3.0,200
2008-03-14,2.61,2.61,2.61,2.61,0
2008-03-17,2.61,2.61,2.61,2.61,0
2008-03-18,2.61,2.61,2.61,2.61,0
2008-03-19,2.61,2.61,2.61,2.61,0
2008-03-20,2.94,2.94,2.94,2.94,200
2008-03-24,2.61,2.61,2.61,2.61,0
2008-03-25,3.05,3.05,3.05,3.05,0
2008-03-26,3.05,3.05,3.05,3.05,2100
2008-03-27,2.97,3.2,2.97,3.2,6282
2008-03-28,3.2,3.47,3.2,3.47,801
2008-03-31,3.6,3.6,3.6,3.6,200
2008-04-01,2.4,2.4,2.4,2.4,0
2008-04-02,2.41,2.41,2.41,2.41,0
2008-04-03,3.6,3.6,3.6,3.6,200
2008-04-04,2.5,3.6,2.5,3.49,920
2008-04-07,2.99,3.47,2.99,3.37,2800
2008-04-08,3.25,3.37,3.25,3.37,2700
2008-04-09,3.22,3.38,3.38,3.38,200
2008-04-10,2.9,3.32,2.9,3.28,600
2008-04-11,2.91,2.91,2.91,2.91,0
2008-04-14,3.22,3.22,3.22,3.22,0
2008-04-15,2.4,2.4,2.4,2.4,0
2008-04-16,2.4,2.4,2.4,2.4,0
2008-04-17,3.14,3.14,3.14,3.14,200
2008-04-18,3.11,3.11,3.11,3.11,400
2008-04-21,2.99,3.09,2.99,3.09,302
2008-04-22,2.7,2.7,2.7,2.7,0
2008-04-23,2.7,2.7,2.7,2.7,0
2008-04-24,2.7,2.7,2.7,2.7,0
2008-04-25,2.7,2.7,2.7,2.7,0
2008-04-28,2.89,3.16,2.89,3.16,5939
2008-04-29,2.85,3.2,3.18,3.2,1186
2008-04-30,3.09,3.38,3.09,3.38,500
2008-05-01,3.46,3.46,3.46,3.46,100
2008-05-02,3.47,3.47,3.47,3.47,200
2008-05-05,2.7,2.7,2.7,2.7,0
2008-05-06,2.7,2.7,2.7,2.7,0
2008-05-07,3.47,3.47,3.47,3.47,200
2008-05-08,3.5,3.5,3.5,3.5,2000
2008-05-09,2.41,2.41,2.41,2.41,0
2008-05-12,3.4,3.4,3.4,3.4,200
2008-05-13,3.4,3.4,3.4,3.4,200
2008-05-14,3.01,3.5,3.01,3.5,4835
2008-05-15,3.16,3.37,3.16,3.37,296
2008-05-19,2.72,2.72,2.72,2.72,0
2008-05-20,3.38,3.38,3.38,3.38,665
2008-05-21,3.01,3.01,3.01,3.01,2000
2008-05-22,2.7,2.7,2.7,2.7,0
2008-05-23,2.7,2.7,2.7,2.7,0
2008-05-27,2.7,2.7,2.7,2.7,0
2008-05-28,3.0,3.15,3.0,3.1,686
2008-05-29,3.1,3.1,3.1,3.1,138
2008-05-30,3.09,3.1,3.09,3.1,700
2008-06-02,2.41,2.41,2.41,2.41,0
2008-06-03,2.98,3.29,2.51,3.29,1100
2008-06-04,2.91,2.91,2.91,2.91,200
2008-06-05,2.58,2.58,2.58,2.58,0
2008-06-06,2.66,2.66,2.66,2.66,0
2008-06-09,2.68,2.89,2.66,2.89,502
2008-06-10,2.98,2.98,2.98,2.98,200
2008-06-11,2.99,2.99,2.99,2.99,200
2008-06-12,2.75,2.75,2.75,2.75,0
2008-06-13,2.82,3.08,2.82,3.08,336
2008-06-16,2.75,2.75,2.75,2.75,0
2008-06-17,3.3,3.3,3.15,3.15,1817
2008-06-18,2.98,2.98,2.98,2.98,0
2008-06-19,3.01,3.01,2.93,2.93,1567
2008-06-20,2.75,2.75,2.75,2.75,0
2008-06-23,2.75,3.1,2.75,2.98,3700
2008-06-24,2.99,2.99,2.99,2.99,200
2008-06-25,2.85,2.85,2.85,2.85,0
2008-06-26,2.7,2.7,2.7,2.7,0
2008-06-27,2.79,2.98,2.97,2.98,935
2008-06-30,2.7,2.97,2.7,2.97,3300
2008-07-01,2.61,2.61,2.61,2.61,0
2008-07-02,2.61,2.61,2.61,2.61,0
2008-07-03,2.8,2.8,2.8,2.8,681
2008-07-07,2.41,2.41,2.41,2.41,181
2008-07-08,2.6,2.6,2.6,2.6,100
2008-07-09,2.35,2.65,2.35,2.65,400
2008-07-10,2.25,2.25,2.25,2.25,0
2008-07-11,2.26,2.3,2.26,2.3,300
2008-07-14,2.26,2.6,2.01,2.6,1292
2008-07-15,2.4,2.5,2.01,2.5,914
2008-07-16,2.11,2.11,2.11,2.11,0
2008-07-17,2.11,2.5,2.11,2.5,2400
2008-07-18,2.35,2.35,2.35,2.35,193
2008-07-21,2.02,2.02,2.02,2.02,0
2008-07-22,2.18,2.18,2.18,2.18,0
2008-07-23,2.0,2.0,2.0,2.0,0
2008-07-24,2.0,2.0,2.0,2.0,0
2008-07-25,2.2,2.35,2.35,2.35,103
2008-07-28,2.0,2.0,2.0,2.0,0
2008-07-29,2.2,1.87,1.67,1.67,1612
2008-07-30,2.0,2.0,2.0,2.0,123
2008-07-31,1.97,2.1,2.04,2.1,1021
2008-08-01,1.95,1.95,1.95,1.95,0
2008-08-04,1.95,2.1,1.85,2.1,308
2008-08-05,1.96,2.1,1.96,2.1,300
2008-08-06,1.81,1.81,1.81,1.81,0
2008-08-07,1.76,1.76,1.76,1.76,0
2008-08-08,1.77,1.93,1.77,1.93,255
2008-08-11,1.9,1.9,1.9,1.9,214
2008-08-12,1.76,1.94,1.76,1.94,269
2008-08-13,1.99,2.05,1.94,2.05,1300
2008-08-14,1.88,1.88,1.88,1.88,0
2008-08-15,2.05,2.17,2.05,2.15,800
2008-08-18,2.17,1.85,1.85,1.85,100
2008-08-19,2.0,2.0,2.0,2.0,300
2008-08-20,1.86,1.86,1.86,1.86,0
2008-08-21,1.82,2.0,1.82,2.0,257
2008-08-22,1.8,2.0,1.8,2.0,1143
2008-08-25,1.82,2.0,2.0,2.0,200
2008-08-26,1.84,1.84,1.84,1.84,0
2008-08-27,1.85,1.85,1.85,1.85,0
2008-08-28,2.0,2.0,2.0,2.0,200
2008-08-29,2.0,2.0,2.0,2.0,400
2008-09-02,1.88,2.0,1.88,2.0,442
2008-09-03,1.85,2.0,2.0,2.0,100
2008-09-04,2.0,2.0,2.0,2.0,100
2008-09-05,1.81,2.0,2.0,2.0,100
2008-09-08,1.76,1.98,1.76,1.98,823
2008-09-09,1.84,1.84,1.84,1.84,0
2008-09-10,1.79,1.83,1.6,1.83,1700
2008-09-11,1.5,1.9,1.5,1.9,1200
2008-09-12,1.67,1.95,1.67,1.88,4820
2008-09-15,1.55,1.55,1.55,1.55,0
2008-09-16,1.6,1.87,1.6,1.87,496
2008-09-17,1.85,1.85,1.85,1.85,200
2008-09-18,1.6,1.6,1.6,1.6,0
2008-09-19,1.8,1.86,1.8,1.86,587
2008-09-22,1.71,1.87,1.5,1.87,4100
2008-09-23,1.64,1.64,1.64,1.64,0
2008-09-24,1.85,1.85,1.85,1.85,100
2008-09-25,1.66,1.85,1.66,1.85,915
2008-09-26,1.84,1.84,1.84,1.84,200
2008-09-29,1.66,1.84,1.65,1.84,505
2008-09-30,1.7,1.7,1.7,1.7,0
2008-10-01,1.7,1.7,1.7,1.7,0
2008-10-02,1.7,1.7,1.7,1.7,0
2008-10-03,1.7,1.7,1.7,1.7,0
2008-10-06,1.7,1.84,1.5,1.84,800
2008-10-07,1.51,1.74,1.51,1.74,287
2008-10-08,1.35,1.41,1.1,1.1,1770
2008-10-09,1.4,1.4,1.4,1.4,0
2008-10-10,1.13,1.49,1.13,1.32,540
2008-10-13,1.26,1.43,1.1,1.43,1002
2008-10-14,1.07,1.07,1.07,1.07,0
2008-10-15,1.14,1.14,1.14,1.14,0
2008-10-16,1.08,1.08,1.08,1.08,0
2008-10-17,1.1,1.1,1.1,1.1,0
2008-10-20,1.4,1.4,1.16,1.16,200
2008-10-21,1.7,1.7,1.23,1.23,2025
2008-10-22,0.95,1.54,0.95,1.54,473
2008-10-23,1.25,1.25,1.25,1.25,0
2008-10-24,1.05,1.3,1.13,1.13,200
2008-10-27,1.0,1.0,1.0,1.0,0
2008-10-28,1.08,1.08,1.08,1.08,100
2008-10-29,0.9,0.9,0.9,0.9,0
2008-10-30,1.0,1.0,0.79,0.79,700
2008-10-31,0.85,0.85,0.57,0.73,610
2008-11-03,0.71,0.71,0.71,0.71,0
2008-11-04,1.07,1.07,1.07,1.07,100
2008-11-05,0.83,0.86,0.83,0.86,200
2008-11-06,0.75,0.75,0.75,0.75,0
2008-11-07,0.83,1.07,0.83,1.07,400
2008-11-10,0.83,0.83,0.83,0.83,200
2008-11-11,0.7,0.7,0.7,0.7,0
2008-11-12,0.71,0.71,0.71,0.71,0
2008-11-13,0.72,0.72,0.72,0.72,200
2008-11-14,0.51,0.51,0.51,0.51,412
2008-11-17,0.36,0.45,0.36,0.45,3500
2008-11-18,0.45,0.45,0.45,0.45,1095
2008-11-19,0.5,0.5,0.5,0.5,0
2008-11-20,0.56,0.56,0.45,0.45,200
2008-11-21,0.41,0.41,0.41,0.41,0
2008-11-24,0.59,0.6,0.59,0.6,300
2008-11-25,0.5,0.5,0.5,0.5,0
2008-11-26,0.68,0.68,0.63,0.63,200
2008-11-28,0.55,0.74,0.55,0.74,1100
2008-12-01,0.75,0.75,0.75,0.75,6409
2008-12-02,0.75,0.75,0.75,0.75,3100
2008-12-03,0.74,0.74,0.74,0.74,491
2008-12-04,0.75,0.75,0.75,0.75,0
2008-12-05,0.63,0.63,0.63,0.63,0
2008-12-08,0.72,0.72,0.72,0.72,100
2008-12-09,0.63,0.63,0.63,0.63,0
2008-12-10,0.65,0.65,0.65,0.65,0
2008-12-11,0.58,0.58,0.58,0.58,0
2008-12-12,0.54,0.54,0.54,0.54,0
2008-12-15,0.54,0.54,0.5,0.5,850
2008-12-16,0.52,0.52,0.52,0.52,0
2008-12-17,0.52,0.55,0.52,0.55,200
2008-12-18,0.5,0.5,0.5,0.5,0
2008-12-19,0.52,0.52,0.52,0.52,0
2008-12-22,0.5,0.55,0.41,0.55,2600
2008-12-23,0.41,0.55,0.41,0.55,1102
2008-12-24,0.36,0.63,0.36,0.63,1600
2008-12-26,0.69,0.69,0.69,0.69,200
2008-12-29,0.52,0.52,0.52,0.52,0
2008-12-30,0.52,0.6,0.5,0.6,5800
2008-12-31,0.32,0.6,0.31,0.6,1050
2009-01-02,0.6,0.6,0.6,0.6,211
2009-01-05,0.41,0.41,0.41,0.41,0
2009-01-06,0.4,0.4,0.4,0.4,0
2009-01-07,0.43,0.43,0.43,0.43,0
2009-01-08,0.4,0.4,0.37,0.37,800
2009-01-09,0.6,0.6,0.6,0.6,100
2009-01-12,0.52,0.6,0.52,0.6,211
2009-01-13,0.4,0.4,0.4,0.4,0
2009-01-14,0.47,0.53,0.47,0.53,1300
2009-01-15,0.46,0.46,0.46,0.46,0
2009-01-16,0.46,0.46,0.46,0.46,0
2009-01-20,0.49,0.49,0.49,0.49,1300
2009-01-21,0.48,0.48,0.48,0.48,0
2009-01-22,0.39,0.45,0.39,0.45,347
2009-01-23,0.35,0.35,0.35,0.35,0
2009-01-26,0.35,0.35,0.35,0.35,0
2009-01-27,0.35,0.35,0.35,0.35,0
2009-01-28,0.4,0.4,0.4,0.4,0
2009-01-29,0.35,0.35,0.35,0.35,0
2009-01-30,0.35,0.35,0.35,0.35,0
2009-02-02,0.36,0.36,0.36,0.36,0
2009-02-03,0.35,0.35,0.35,0.35,0
2009-02-04,0.38,0.38,0.38,0.38,0
2009-02-05,0.35,0.43,0.35,0.43,2752
2009-02-06,0.34,0.59,0.59,0.59,100
2009-02-09,0.36,0.36,0.36,0.36,0
2009-02-10,0.31,0.31,0.31,0.31,0
2009-02-11,0.31,0.31,0.3,0.3,1976
2009-02-12,0.31,0.31,0.31,0.31,0
2009-02-13,0.31,0.31,0.31,0.31,165
2009-02-17,0.32,0.32,0.32,0.32,200
2009-02-18,0.31,0.31,0.31,0.31,0
2009-02-19,0.43,0.43,0.43,0.43,0
2009-02-20,0.31,0.31,0.31,0.31,0
2009-02-23,0.31,0.31,0.31,0.31,0
2009-02-24,0.31,0.31,0.3,0.3,1678
2009-02-25,0.18,0.18,0.18,0.18,0
2009-02-26,0.32,0.32,0.32,0.32,0
2009-02-27,0.29,0.29,0.29,0.29,100
2009-03-02,0.21,0.21,0.21,0.21,0
2009-03-03,0.29,0.29,0.29,0.29,119
2009-03-04,0.22,0.38,0.17,0.38,1400
2009-03-05,0.22,0.22,0.22,0.22,0
2009-03-06,0.19,0.19,0.19,0.19,0
2009-03-09,0.25,0.25,0.25,0.25,0
2009-03-10,0.26,0.26,0.17,0.17,450
2009-03-11,0.36,0.36,0.36,0.36,200
2009-03-12,0.16,0.16,0.16,0.16,0
2009-03-13,0.21,0.21,0.21,0.21,0
2009-03-16,0.21,0.21,0.21,0.21,0
2009-03-17,0.21,0.21,0.21,0.21,0
2009-03-18,0.24,0.24,0.24,0.24,136
2009-03-19,0.27,0.27,0.27,0.27,0
2009-03-20,0.27,0.27,0.27,0.27,0
2009-03-23,0.27,0.34,0.27,0.34,300
2009-03-24,0.23,0.23,0.23,0.23,0
2009-03-25,0.23,0.23,0.23,0.23,0
2009-03-26,0.23,0.23,0.23,0.23,0
2009-03-27,0.35,0.39,0.35,0.39,200
2009-03-30,0.21,0.21,0.21,0.21,0
2009-03-31,0.17,0.17,0.17,0.17,0
2009-04-01,0.7,0.7,0.2,0.2,9798
2009-04-02,0.56,0.56,0.56,0.56,200
2009-04-03,0.58,0.58,0.58,0.58,100
2009-04-06,0.32,0.32,0.32,0.32,0
2009-04-07,0.3,0.3,0.3,0.3,500
2009-04-08,0.33,0.33,0.33,0.33,0
2009-04-09,0.44,0.44,0.44,0.44,200
2009-04-13,0.33,0.33,0.33,0.33,0
2009-04-14,0.26,0.26,0.26,0.26,0
2009-04-15,0.39,0.39,0.39,0.39,0
2009-04-16,0.27,0.48,0.27,0.48,1600
2009-04-17,0.5,0.5,0.5,0.5,100
2009-04-20,0.45,0.45,0.43,0.43,200
2009-04-21,0.31,0.31,0.31,0.31,0
2009-04-22,0.45,0.49,0.45,0.49,200
2009-04-23,0.32,0.32,0.32,0.32,0
2009-04-27,0.31,0.4,0.31,0.4,370
2009-04-28,0.31,0.31,0.31,0.31,0
2009-04-29,0.31,0.48,0.31,0.48,900
2009-04-30,0.5,0.5,0.5,0.5,100
2009-05-01,0.44,0.44,0.44,0.44,0
2009-05-04,0.42,0.49,0.42,0.49,200
2009-05-05,0.36,0.36,0.36,0.36,0
2009-05-07,0.49,0.51,0.49,0.51,971
2009-05-08,0.4,0.4,0.4,0.4,500
2009-05-11,0.45,0.45,0.45,0.45,2000
2009-05-12,0.38,0.38,0.38,0.38,0
2009-05-13,0.46,0.46,0.46,0.46,200
2009-05-14,0.39,0.39,0.39,0.39,0
2009-05-15,0.4,0.4,0.4,0.4,0
2009-05-18,0.37,0.37,0.37,0.37,0
2009-05-19,0.38,0.38,0.38,0.38,0
2009-05-20,0.38,0.38,0.38,0.38,0
2009-05-21,0.38,0.38,0.38,0.38,0
2009-05-22,0.38,0.38,0.38,0.38,0
2009-05-26,0.41,0.41,0.41,0.41,1000
2009-05-27,0.38,0.38,0.38,0.38,915
2009-05-28,0.32,0.32,0.32,0.32,0
2009-05-29,0.32,0.32,0.32,0.32,0
2009-06-01,0.35,0.35,0.35,0.35,0
2009-06-02,0.35,0.35,0.35,0.35,0
2009-06-03,0.35,0.35,0.35,0.35,0
2009-06-04,0.38,0.38,0.25,0.27,12000
2009-06-05,0.29,0.29,0.28,0.28,2455
2009-06-08,0.29,0.29,0.29,0.29,0
2009-06-09,0.28,0.28,0.28,0.28,4000
2009-06-10,0.28,0.28,0.28,0.28,0
2009-06-11,0.28,0.28,0.28,0.28,0
2009-06-12,0.28,0.28,0.28,0.28,800
2009-06-15,0.22,0.22,0.22,0.22,0
2009-06-16,0.22,0.22,0.22,0.22,0
2009-06-17,0.22,0.22,0.22,0.22,0
2009-06-18,0.25,0.25,0.25,0.25,0
2009-06-19,0.28,0.28,0.28,0.28,300
2009-06-22,0.23,0.23,0.23,0.23,0
2009-06-23,0.22,0.22,0.22,0.22,0
2009-06-24,0.24,0.24,0.24,0.24,0
2009-06-25,0.22,0.22,0.22,0.22,0
2009-06-26,0.23,0.23,0.23,0.23,0
2009-06-29,0.22,0.22,0.22,0.22,0
2009-06-30,0.22,0.22,0.22,0.22,0
2009-07-01,0.22,0.26,0.26,0.26,1300
2009-07-02,0.32,0.32,0.32,0.32,600
2009-07-06,0.41,0.41,0.41,0.41,100
2009-07-07,0.42,0.42,0.42,0.42,1000
2009-07-08,0.4,0.4,0.4,0.4,1087
2009-07-09,0.33,0.33,0.33,0.33,154
2009-07-10,0.32,0.32,0.32,0.32,0
2009-07-13,0.34,0.34,0.34,0.34,0
2009-07-14,0.34,0.34,0.34,0.34,3800
2009-07-15,0.35,0.45,0.35,0.45,600
2009-07-16,0.45,0.45,0.45,0.45,5000
2009-07-17,0.4,0.4,0.4,0.4,0
2009-07-20,0.36,0.36,0.36,0.36,0
2009-07-21,0.36,0.36,0.36,0.36,0
2009-07-22,0.42,0.42,0.42,0.42,0
2009-07-23,0.35,0.35,0.35,0.35,0
2009-07-24,0.49,0.49,0.49,0.49,1000
2009-07-27,0.45,0.45,0.45,0.45,0
2009-07-29,0.45,0.45,0.45,0.45,200
2009-07-30,0.38,0.38,0.38,0.38,1000
2009-07-31,0.38,0.39,0.38,0.38,10419
2009-08-03,0.39,0.39,0.39,0.39,0
2009-08-04,0.4,0.4,0.4,0.4,0
2009-08-05,0.4,0.4,0.4,0.4,0
2009-08-06,0.4,0.4,0.38,0.38,1500
2009-08-10,0.38,0.38,0.38,0.38,1700
2009-08-11,0.38,0.38,0.38,0.38,0
2009-08-12,0.38,0.38,0.38,0.38,0
2009-08-13,0.38,0.38,0.38,0.38,0
2009-08-14,0.38,0.38,0.38,0.38,700
2009-08-17,0.38,0.38,0.38,0.38,0
2009-08-18,0.38,0.38,0.38,0.38,0
2009-08-19,0.38,0.38,0.38,0.38,3600
2009-08-20,0.37,0.37,0.37,0.37,511
2009-08-21,0.37,0.37,0.37,0.37,0
2009-08-24,0.36,0.36,0.36,0.36,0
2009-08-25,0.35,0.35,0.35,0.35,0
2009-08-26,0.35,0.35,0.35,0.35,0
2009-08-27,0.41,0.42,0.41,0.42,600
2009-08-28,0.43,0.43,0.4,0.4,700
2009-08-31,0.44,0.44,0.4,0.4,1100
2009-09-01,0.39,0.39,0.39,0.39,6266
2009-09-02,0.36,0.36,0.36,0.36,0
2009-09-03,0.39,0.39,0.39,0.39,3000
2009-09-04,0.39,0.39,0.39,0.39,100
2009-09-08,0.39,0.39,0.39,0.39,0
2009-09-09,0.39,0.39,0.39,0.39,874
2009-09-10,0.36,0.36,0.36,0.36,0
2009-09-11,0.36,0.36,0.36,0.36,0
2009-09-14,0.39,0.39,0.39,0.39,400
2009-09-15,0.34,0.34,0.34,0.34,0
2009-09-16,0.36,0.43,0.43,0.43,100
2009-09-17,0.38,0.38,0.38,0.38,0
2009-09-18,0.38,0.38,0.38,0.38,0
2009-09-21,0.38,0.38,0.38,0.38,0
2009-09-22,0.39,0.39,0.39,0.39,0
2009-09-23,0.39,0.39,0.39,0.39,0
2009-09-24,0.39,0.39,0.39,0.39,175
2009-09-25,0.39,0.39,0.39,0.39,0
2009-09-28,0.39,0.39,0.39,0.39,0
2009-09-29,0.39,0.43,0.39,0.43,10354
2009-09-30,0.39,0.39,0.39,0.39,338
2009-10-02,0.36,0.55,0.36,0.55,3000
2009-10-05,,,,0.55,0
2009-10-06,,,,0.55,0
2009-10-07,,,,0.55,0
2009-10-08,,,,0.55,0
2009-10-09,,,,0.55,0
2009-10-12,,,,0.55,0
2009-10-13,,,,0.55,0
2009-10-14,,,,0.55,0
2009-10-15,,,,0.55,0
2009-10-16,,,,0.55,0
2009-10-19,,,,0.55,0
2009-10-20,,,,0.55,0
2009-10-21,,,,0.55,0
2009-10-22,0.36,0.36,0.36,0.36,1636
2009-10-23,,,,0.36,0
2009-10-26,,,,0.36,0
2009-10-27,0.35,0.35,0.35,0.35,3060
2009-10-28,,,,0.35,0
2009-10-29,,,,0.35,0
2009-10-30,,,,0.35,0
2009-11-02,,,,0.35,0
2009-11-03,,,,0.35,0
2009-11-04,,,,0.35,0
2009-11-05,0.35,0.35,0.35,0.35,255
2009-11-06,,,,0.35,0
2009-11-09,0.35,0.35,0.35,0.35,2181
2009-11-10,,,,0.35,0
2009-11-11,,,,0.35,0
2009-11-12,0.33,0.33,0.33,0.33,1360
2009-11-13,,,,0.33,0
2009-11-16,0.3,0.3,0.3,0.3,1361
2009-11-17,,,,0.3,0
2009-11-18,,,,0.3,0
2009-11-19,,,,0.3,0
2009-11-20,,,,0.3,0
2009-11-23,0.3,0.3,0.3,0.3,851
2009-11-24,,,,0.3,0
2009-11-25,,,,0.3,0
2009-11-27,,,,0.3,0
2009-11-30,,,,0.3,0
2009-12-01,0.31,0.31,0.31,0.31,19437
2009-12-02,,,,0.31,0
2009-12-03,0.3,0.3,0.3,0.3,1105
2009-12-04,0.3,0.3,0.27,0.27,22000
2009-12-07,,,,0.27,0
2009-12-08,,,,0.27,0
2009-12-09,,,,0.27,0
2009-12-10,,,,0.27,0
2009-12-11,,,,0.27,0
2009-12-14,0.29,0.31,0.29,0.31,11003
2009-12-15,,,,0.31,0
2009-12-16,,,,0.31,0
2009-12-17,,,,0.31,0
2009-12-18,0.3,0.31,0.3,0.31,16253
2009-12-21,,,,0.31,0
2009-12-22,,,,0.31,0
2009-12-23,0.28,0.28,0.28,0.28,5000
2009-12-24,0.25,0.25,0.25,0.25,1418
2009-12-28,0.25,0.25,0.2,0.2,5225
2009-12-29,,,,0.2,0
2009-12-30,,,,0.2,0
2009-12-31,0.2,0.2,0.2,0.2,3400
2010-01-04,,,,0.2,0
2010-01-05,0.2,0.2,0.2,0.2,397
2010-01-06,,,,0.2,0
2010-01-07,,,,0.2,0
2010-01-08,0.25,0.25,0.25,0.25,500
2010-01-11,0.2,0.2,0.2,0.2,510
2010-01-12,0.2,0.29,0.2,0.29,2248
2010-01-13,,,,0.29,0
2010-01-14,,,,0.29,0
2010-01-15,,,,0.29,0
2010-01-19,,,,0.29,0
2010-01-20,,,,0.29,0
2010-01-21,0.2,0.2,0.2,0.2,2000
2010-01-22,,,,0.2,0
2010-01-25,0.19,0.19,0.19,0.19,2262
2010-01-26,,,,0.19,0
2010-01-27,0.2,0.2,0.2,0.2,5777
2010-01-28,0.2,0.2,0.2,0.2,170
2010-01-29,,,,0.2,0
2010-02-01,,,,0.2,0
2010-02-02,,,,0.2,0
2010-02-03,0.21,0.21,0.21,0.21,500
2010-02-04,,,,0.21,0
2010-02-05,,,,0.21,0
2010-02-08,,,,0.21,0
2010-02-09,,,,0.21,0
2010-02-10,0.21,0.21,0.21,0.21,1701
2010-02-11,0.2,0.2,0.19,0.19,13743
2010-02-12,0.15,0.15,0.15,0.15,680
2010-02-16,,,,0.15,0
2010-02-17,,,,0.15,0
2010-02-18,,,,0.15,0
2010-02-19,,,,0.15,0
2010-02-22,,,,0.15,0
2010-02-23,0.16,0.16,0.16,0.16,205
2010-02-24,,,,0.16,0
2010-02-25,,,,0.16,0
2010-02-26,0.16,0.16,0.13,0.13,30000
2010-03-01,0.11,0.11,0.08,0.08,148560
2010-03-02,0.1,0.15,0.1,0.15,16000
2010-03-03,0.11,0.15,0.11,0.11,2702
2010-03-04,0.11,0.11,0.11,0.11,1481
2010-03-05,0.11,0.11,0.11,0.11,239
2010-03-08,0.1,0.1,0.1,0.1,2118
2010-03-09,,,,0.1,0
2010-03-10,,,,0.1,0
2010-03-11,,,,0.1,0
2010-03-12,,,,0.1,0
2010-03-15,,,,0.1,0
2010-03-16,0.11,0.11,0.11,0.11,136
2010-03-17,,,,0.11,0
2010-03-18,0.15,0.15,0.15,0.15,20000
2010-03-19,0.15,0.15,0.15,0.15,6613
2010-03-22,0.15,0.2,0.15,0.2,47582
2010-03-23,0.18,0.18,0.15,0.15,3190
2010-03-24,,,,0.15,0
2010-03-25,,,,0.15,0
2010-03-26,,,,0.15,0
2010-03-29,,,,0.15,0
2010-03-30,,,,0.15,0
2010-03-31,,,,0.15,0
2010-04-05,,,,0.15,0
2010-04-06,,,,0.15,0
2010-04-07,,,,0.15,0
2010-04-08,,,,0.15,0
2010-04-09,0.15,0.15,0.15,0.15,409
2010-04-12,,,,0.15,0
2010-04-13,,,,0.15,0
2010-04-14,,,,0.15,0
2010-04-15,,,,0.15,0
2010-04-16,0.1,0.1,0.1,0.1,142
2010-04-19,,,,0.1,0
2010-04-20,,,,0.1,0
2010-04-21,,,,0.1,0
2010-04-22,,,,0.1,0
2010-04-23,0.18,0.24,0.18,0.24,55263
2010-04-26,0.21,0.24,0.21,0.24,31292
2010-04-27,0.24,0.24,0.24,0.24,2210
2010-04-28,0.24,0.24,0.24,0.24,51564
2010-04-29,0.21,0.21,0.21,0.21,25200
2010-04-30,0.24,0.24,0.21,0.21,15000
2010-05-03,,,,0.21,0
2010-05-04,,,,0.21,0
2010-05-05,0.21,0.21,0.21,0.21,9799
2010-05-06,0.15,0.21,0.15,0.21,83015
2010-05-07,,,,0.21,0
2010-05-10,,,,0.21,0
2010-05-11,0.2,0.2,0.2,0.2,5000
2010-05-12,0.18,0.18,0.18,0.18,171
2010-05-13,,,,0.18,0
2010-05-14,,,,0.18,0
2010-05-17,,,,0.18,0
2010-05-18,,,,0.18,0
2010-05-19,,,,0.18,0
2010-05-20,,,,0.18,0
2010-05-21,,,,0.18,0
2010-05-24,,,,0.18,0
2010-05-25,,,,0.18,0
2010-05-26,,,,0.18,0
2010-05-27,0.18,0.18,0.18,0.18,170
2010-05-28,,,,0.18,0
2010-06-01,0.18,0.18,0.18,0.18,1164
2010-06-02,,,,0.18,0
2010-06-03,,,,0.18,0
2010-06-04,,,,0.18,0
2010-06-07,0.16,0.16,0.16,0.16,5000
2010-06-08,,,,0.16,0
2010-06-09,,,,0.16,0
2010-06-10,,,,0.16,0
2010-06-11,0.16,0.16,0.16,0.16,1020
2010-06-14,,,,0.16,0
2010-06-15,0.16,0.16,0.16,0.16,1021
2010-06-16,,,,0.16,0
2010-06-17,,,,0.16,0
2010-06-18,,,,0.16,0
2010-06-21,,,,0.16,0
2010-06-22,0.16,0.16,0.16,0.16,408
2010-06-23,,,,0.16,0
2010-06-24,,,,0.16,0
2010-06-25,0.16,0.16,0.16,0.16,1700
2010-06-28,,,,0.16,0
2010-06-29,,,,0.16,0
2010-06-30,,,,0.16,0
2010-07-06,,,,0.16,0
2010-07-07,,,,0.16,0
2010-07-08,,,,0.16,0
2010-07-09,,,,0.16,0
2010-07-12,,,,0.16,0
2010-07-13,,,,0.16,0
2010-07-14,,,,0.16,0
2010-07-15,,,,0.16,0
2010-07-16,,,,0.16,0
2010-07-19,0.14,0.14,0.12,0.12,10000
2010-07-20,,,,0.12,0
2010-07-21,,,,0.12,0
2010-07-22,,,,0.12,0
2010-07-23,,,,0.12,0
2010-07-26,,,,0.12,0
2010-07-27,,,,0.12,0
2010-07-28,,,,0.12,0
2010-07-29,,,,0.12,0
2010-07-30,,,,0.12,0
2010-08-02,,,,0.12,0
2010-08-03,,,,0.12,0
2010-08-04,,,,0.12,0
2010-08-05,0.1,0.1,0.1,0.1,1260
2010-08-06,,,,0.1,0
2010-08-09,,,,0.1,0
2010-08-10,,,,0.1,0
2010-08-11,,,,0.1,0
2010-08-12,,,,0.1,0
2010-08-13,,,,0.1,0
2010-08-16,,,,0.1,0
2010-08-17,,,,0.1,0
2010-08-18,,,,0.1,0
2010-08-19,,,,0.1,0
2010-08-20,,,,0.1,0
2010-08-23,,,,0.1,0
2010-08-24,,,,0.1,0
2010-08-26,,,,0.1,0
2010-08-27,,,,0.1,0
2010-08-30,,,,0.1,0
2010-08-31,,,,0.1,0
2010-09-01,,,,0.1,0
2010-09-02,,,,0.1,0
2010-09-03,0.15,0.15,0.15,0.15,2500
2010-09-07,0.1,0.1,0.1,0.1,137
2010-09-08,0.14,0.14,0.14,0.14,900
2010-09-09,,,,0.14,0
2010-09-10,0.1,0.12,0.1,0.12,6800
2010-09-16,0.1,0.1,0.1,0.1,320
2010-10-01,0.12,0.12,0.12,0.12,128
2010-10-12,0.12,0.12,0.12,0.12,510
2010-10-14,0.12,0.12,0.12,0.12,171
2010-10-21,0.12,0.12,0.12,0.12,715
2010-10-22,0.12,0.12,0.12,0.12,137
2010-10-26,0.12,0.12,0.12,0.12,477
2010-10-28,0.14,0.14,0.14,0.14,13600
2010-11-03,0.12,0.12,0.12,0.12,1889
2010-11-05,0.12,0.12,0.12,0.12,1109
2010-11-08,0.12,0.12,0.12,0.12,5000
2010-11-09,0.11,0.11,0.11,0.11,6507
2010-11-10,0.12,0.12,0.12,0.12,1000
2010-11-11,0.11,0.11,0.11,0.11,1700
2010-11-15,0.11,0.11,0.11,0.11,3230
2010-11-16,0.11,0.11,0.11,0.11,325
2010-11-18,0.11,0.13,0.11,0.13,1105
2010-11-30,0.11,0.11,0.11,0.11,170
2010-12-06,0.11,0.11,0.11,0.11,682
2010-12-07,0.11,0.11,0.11,0.11,1632
2010-12-08,0.11,0.11,0.11,0.11,5651
2010-12-09,0.11,0.11,0.11,0.11,170
2010-12-10,0.11,0.11,0.11,0.11,2950
2010-12-13,0.05,0.05,0.05,0.05,387
2010-12-15,0.05,0.08,0.05,0.08,4308
2010-12-16,0.05,0.09,0.05,0.09,41205
2010-12-17,0.06,0.09,0.06,0.09,10982
2010-12-20,0.05,0.05,0.05,0.05,72500
2010-12-21,0.02,0.05,0.02,0.05,102800
2010-12-22,0.04,0.05,0.04,0.05,21700
2010-12-23,0.04,0.07,0.04,0.05,113027
2010-12-27,0.05,0.05,0.05,0.05,20000
2010-12-28,0.05,0.05,0.02,0.05,24000
2010-12-29,0.05,0.06,0.05,0.05,737476
2010-12-30,0.06,0.07,0.06,0.07,52000
2010-12-31,0.07,0.09,0.07,0.07,125493
2011-01-03,0.07,0.07,0.07,0.07,5000
2011-01-04,0.07,0.07,0.07,0.07,20000
2011-01-05,0.07,0.1,0.07,0.1,78500
2011-01-06,0.08,0.09,0.08,0.09,8500
2011-01-07,0.08,0.12,0.08,0.09,154915
2011-01-10,0.09,0.12,0.09,0.12,56963
2011-01-11,0.12,0.13,0.1,0.12,54000
2011-01-12,0.1,0.1,0.1,0.1,12000
2011-01-13,0.09,0.11,0.09,0.11,17228
2011-01-14,0.09,0.09,0.09,0.09,10000
2011-01-18,0.1,0.1,0.09,0.09,49023
2011-01-19,0.08,0.11,0.08,0.11,21000
2011-01-20,0.13,0.13,0.13,0.13,9500
2011-01-28,0.08,0.1,0.08,0.1,1205
2011-02-02,0.1,0.1,0.1,0.1,3000
2011-02-14,0.07,0.08,0.07,0.07,20425
2011-02-16,0.08,0.09,0.08,0.09,1000
2011-02-22,0.07,0.08,0.07,0.08,10000
2011-02-23,0.07,0.08,0.07,0.08,15501
2011-02-24,0.08,0.08,0.08,0.08,5000
2011-02-28,0.06,0.06,0.06,0.06,5000
2011-03-01,0.06,0.08,0.06,0.08,6000
2011-03-02,0.08,0.08,0.08,0.08,3499
2011-03-03,0.08,0.1,0.08,0.1,22000
2011-03-10,0.07,0.07,0.07,0.07,850
2011-03-11,0.07,0.13,0.07,0.13,1400
2011-03-14,0.07,0.08,0.06,0.08,46785
2011-03-15,0.06,0.06,0.06,0.06,31251
2011-03-28,0.06,0.06,0.06,0.06,289
2011-03-29,0.06,0.06,0.06,0.06,340
2011-04-01,0.14,0.14,0.14,0.14,5000
2011-04-15,0.06,0.12,0.06,0.12,3666
2011-04-20,0.06,0.06,0.06,0.06,936
2011-04-21,0.12,0.12,0.12,0.12,2000
2011-04-25,0.12,0.13,0.12,0.13,50000
2011-05-04,0.06,0.06,0.06,0.06,6800
2011-05-12,0.04,0.12,0.04,0.12,5080
2011-05-31,0.04,0.04,0.04,0.04,373
2011-06-01,0.12,0.12,0.12,0.12,1000
2011-06-22,0.04,0.12,0.04,0.12,636
2011-07-13,0.04,0.04,0.04,0.04,3508
2011-07-14,0.08,0.08,0.08,0.08,4622
2011-07-19,0.12,0.12,0.12,0.12,2000
2011-07-28,0.05,0.05,0.05,0.05,255
2011-08-02,0.12,0.12,0.12,0.12,1000
2011-08-03,0.12,0.12,0.12,0.12,100
2011-08-05,0.05,0.05,0.05,0.05,1000
2011-08-12,0.12,0.12,0.12,0.12,1043
2011-08-19,0.05,0.05,0.05,0.05,1469
2011-08-25,0.12,0.12,0.12,0.12,6000
2011-08-30,0.05,0.05,0.05,0.05,2296
2011-09-02,0.12,0.12,0.12,0.12,2000
2011-09-06,0.05,0.12,0.05,0.12,1425
2011-09-21,0.05,0.05,0.05,0.05,255
2011-09-23,0.12,0.12,0.12,0.12,5000
2011-09-26,0.12,0.12,0.12,0.12,500
2011-09-28,0.05,0.12,0.05,0.12,3050
2011-09-29,0.06,0.06,0.06,0.06,500
2011-09-30,0.12,0.12,0.12,0.12,1000
2011-10-03,0.12,0.12,0.12,0.12,10000
2011-10-13,0.05,0.05,0.05,0.05,255
2011-10-14,0.11,0.11,0.11,0.11,6300
2011-10-18,0.05,0.09,0.05,0.09,8119
2011-10-19,0.09,0.09,0.09,0.09,500
2011-10-20,0.06,0.09,0.06,0.09,2700
2011-11-01,0.09,0.09,0.09,0.09,1000
2011-11-09,0.06,0.09,0.06,0.09,1023
2011-12-21,0.05,0.09,0.05,0.09,5250
2011-12-27,0.05,0.09,0.05,0.09,680
2012-01-03,0.05,0.05,0.05,0.05,1360
2012-01-04,0.08,0.09,0.08,0.09,27660
2012-01-05,0.1,0.11,0.1,0.11,1800
2012-01-06,0.11,0.11,0.11,0.11,16400
2012-01-10,0.15,0.15,0.15,0.15,500
2012-01-12,0.05,0.15,0.05,0.15,22100
2012-01-18,0.15,0.15,0.15,0.15,77246
2012-01-19,0.1,0.15,0.1,0.15,2200
2012-01-20,0.15,0.15,0.15,0.15,500
2012-01-23,0.15,0.15,0.15,0.15,400
2012-01-25,0.02,0.17,0.02,0.17,1561
2012-01-30,0.02,0.15,0.02,0.15,2372
2012-02-01,0.14,0.15,0.14,0.15,51416
2012-02-02,0.02,0.15,0.02,0.15,4857
2012-02-06,0.02,0.15,0.02,0.15,1586
2012-02-07,0.15,0.15,0.15,0.15,300
2012-02-13,0.15,0.15,0.15,0.15,1000
2012-02-16,0.02,0.15,0.02,0.15,2800
2012-02-23,0.02,0.15,0.02,0.15,3295
2012-03-08,0.08,0.08,0.08,0.08,2295
2012-03-09,0.14,0.16,0.14,0.16,1950
2012-03-26,0.03,0.16,0.03,0.16,1680
2012-03-30,0.03,0.16,0.03,0.16,2814
2012-04-19,0.04,0.04,0.04,0.04,1000
2012-04-20,0.15,0.15,0.15,0.15,7300
2012-04-23,0.15,0.15,0.15,0.15,4932
2012-04-25,0.06,0.06,0.06,0.06,30800
2012-04-27,0.1,0.1,0.08,0.08,13000
2012-05-02,0.13,0.13,0.13,0.13,500
2012-05-03,0.12,0.12,0.08,0.11,83672
2012-05-10,0.12,0.2,0.08,0.15,16507
2012-05-11,0.16,0.16,0.16,0.16,500
2012-05-18,0.08,0.08,0.08,0.08,50633
2012-05-21,0.13,0.13,0.13,0.13,500
2012-05-25,0.1,0.1,0.1,0.1,10000
2012-05-29,0.1,0.1,0.1,0.1,5528
2012-05-30,0.13,0.13,0.13,0.13,750
2012-05-31,0.06,0.06,0.06,0.06,426
2012-06-01,0.13,0.13,0.13,0.13,643
2012-06-08,0.06,0.15,0.06,0.15,1925
2012-06-18,0.07,0.15,0.07,0.15,3040
2012-06-19,0.1,0.1,0.1,0.1,13840
2012-06-20,0.15,0.15,0.15,0.15,670
2012-06-25,0.07,0.15,0.07,0.15,3000
2012-07-18,0.06,0.12,0.06,0.12,11607
2012-07-20,0.12,0.2,0.12,0.2,3143
2012-08-01,0.06,0.16,0.06,0.16,714
2012-08-13,0.06,0.16,0.06,0.16,704
2012-08-17,0.16,0.16,0.16,0.16,500
2012-09-04,0.01,0.16,0.01,0.16,5000
2012-09-07,0.16,0.18,0.16,0.18,6451
2012-09-13,0.17,0.17,0.17,0.17,657
2012-09-24,0.01,0.17,0.01,0.17,1775
2012-09-25,0.01,0.17,0.01,0.01,927
2012-09-26,0.17,0.17,0.17,0.17,200
2012-09-28,0.14,0.14,0.14,0.14,500
2012-10-01,0.01,0.17,0.01,0.17,7300
2012-10-03,0.16,0.16,0.16,0.16,1000
2012-10-09,0.02,0.14,0.02,0.14,2154
2012-10-10,0.16,0.16,0.16,0.16,1225
2012-10-11,0.02,0.02,0.02,0.02,1221
2012-10-12,0.16,0.16,0.03,0.16,2300
2012-10-22,0.14,0.14,0.14,0.14,1000
2012-10-31,0.05,0.14,0.05,0.14,1062
2012-11-01,0.06,0.07,0.06,0.06,21955
2012-11-02,0.05,0.12,0.04,0.11,491669
2012-11-05,0.11,0.11,0.11,0.11,6900
2012-11-06,0.12,0.12,0.12,0.12,1400
2012-11-15,0.03,0.03,0.03,0.03,1100
2012-11-16,0.1,0.15,0.1,0.15,32000
2012-11-19,0.15,0.15,0.1,0.15,19900
2012-11-20,0.08,0.15,0.08,0.15,10000
2012-11-23,0.08,0.14,0.08,0.14,11493
2012-11-26,0.15,0.15,0.15,0.15,100
2012-11-27,0.07,0.15,0.07,0.15,823
2012-11-29,0.08,0.08,0.08,0.08,2550
2012-11-30,0.15,0.15,0.15,0.15,1000
2012-12-03,0.07,0.15,0.07,0.15,1570
2012-12-04,0.07,0.15,0.07,0.15,979
2012-12-05,0.01,0.14,0.01,0.14,6950
2012-12-06,0.05,0.15,0.05,0.15,1025
2012-12-07,0.05,0.15,0.05,0.15,337
2012-12-10,0.06,0.15,0.06,0.15,400
2012-12-17,0.06,0.14,0.06,0.14,400
2012-12-26,0.06,0.14,0.06,0.14,3727
2012-12-28,0.06,0.14,0.06,0.14,540
2013-01-02,0.14,0.14,0.14,0.14,22280
2013-01-03,0.06,0.13,0.06,0.13,14048
2013-01-04,0.14,0.14,0.14,0.14,745
2013-01-18,0.08,0.13,0.08,0.13,20715
2013-01-22,0.07,0.13,0.07,0.13,29185
2013-01-23,0.08,0.08,0.05,0.07,410463
2013-01-24,0.08,0.08,0.07,0.07,92400
2013-01-25,0.06,0.1,0.06,0.1,68379
2013-01-28,0.1,0.1,0.1,0.1,1000
2013-01-29,0.1,0.11,0.1,0.11,7409
2013-01-31,0.07,0.11,0.07,0.11,1588
2013-02-06,0.07,0.07,0.07,0.07,171
2013-02-07,0.07,0.1,0.07,0.07,26989
2013-02-08,0.07,0.1,0.07,0.1,33512
2013-02-12,0.1,0.1,0.1,0.1,6000
2013-02-14,0.1,0.1,0.1,0.1,5000
2013-02-25,0.06,0.1,0.06,0.1,1120
2013-03-07,0.06,0.1,0.06,0.1,371
2013-03-08,0.1,0.1,0.1,0.1,4000
2013-03-14,0.1,0.1,0.1,0.1,13056
2013-03-15,0.13,0.13,0.1,0.13,45932
2013-03-19,0.13,0.3,0.13,0.25,155468
2013-03-20,0.27,0.3,0.26,0.27,68390
2013-03-21,0.3,0.3,0.3,0.3,1000
2013-03-22,0.26,0.31,0.26,0.31,81200
2013-03-25,0.37,0.44,0.37,0.44,16000
2013-03-26,0.44,0.44,0.27,0.42,3603
2013-03-28,0.27,0.4,0.26,0.4,31000
2013-04-01,0.34,0.39,0.26,0.38,41800
2013-04-02,0.32,0.37,0.32,0.37,3750
2013-04-03,0.37,0.4,0.37,0.38,3450
2013-04-04,0.38,0.38,0.26,0.33,18400
2013-04-05,0.24,0.32,0.24,0.32,36810
2013-04-08,0.32,0.32,0.32,0.32,4000
2013-04-09,0.37,0.37,0.37,0.37,1000
2013-04-10,0.29,0.36,0.29,0.35,10613
2013-04-11,0.29,0.35,0.28,0.35,4053
2013-04-12,0.35,0.35,0.35,0.35,500
2013-04-15,0.34,0.34,0.34,0.34,1000
2013-04-19,0.32,0.33,0.24,0.33,31529
2013-04-23,0.32,0.32,0.25,0.32,35193
2013-04-24,0.28,0.33,0.28,0.32,15981
2013-04-26,0.27,0.32,0.25,0.32,40999
2013-04-29,0.32,0.32,0.32,0.32,680
2013-04-30,0.24,0.32,0.24,0.32,34922
2013-05-02,0.32,0.32,0.25,0.32,12900
2013-05-03,0.25,0.31,0.25,0.31,12755
2013-05-06,0.3,0.31,0.3,0.31,1500
2013-05-07,0.26,0.3,0.24,0.3,22600
2013-05-08,0.24,0.3,0.24,0.3,49000
2013-05-09,0.25,0.31,0.23,0.3,92420
2013-05-10,0.3,0.3,0.3,0.3,500
2013-05-13,0.26,0.29,0.25,0.25,16300
2013-05-14,0.29,0.29,0.23,0.28,55009
2013-05-15,0.28,0.28,0.28,0.28,1000
2013-05-16,0.22,0.28,0.22,0.28,47449
2013-05-17,0.28,0.28,0.22,0.27,179000
2013-05-20,0.25,0.26,0.25,0.26,20000
2013-05-21,0.25,0.26,0.22,0.26,100372
2013-05-22,0.26,0.27,0.26,0.27,17000
2013-05-23,0.25,0.26,0.24,0.26,98906
2013-05-24,0.26,0.26,0.23,0.26,43500
2013-05-28,0.24,0.26,0.23,0.24,75371
2013-05-29,0.25,0.25,0.22,0.25,102000
2013-05-30,0.25,0.25,0.22,0.24,107100
2013-05-31,0.24,0.25,0.22,0.25,61287
2013-06-03,0.25,0.25,0.25,0.25,9000
2013-06-04,0.25,0.26,0.24,0.26,44709
2013-06-05,0.26,0.26,0.26,0.26,7390
2013-06-06,0.26,0.28,0.26,0.28,20050
2013-06-07,0.27,0.28,0.27,0.28,6388
2013-06-10,0.26,0.3,0.25,0.29,114051
2013-06-11,0.27,0.35,0.27,0.34,3130252
2013-06-12,0.34,0.35,0.3,0.35,319340
2013-06-13,0.34,0.34,0.28,0.34,1002848
2013-06-14,0.34,0.39,0.29,0.39,263000
2013-06-17,0.33,0.38,0.32,0.38,146099
2013-06-18,0.37,0.42,0.35,0.41,1741681
2013-06-19,0.39,0.43,0.38,0.4,380404
2013-06-20,0.4,0.42,0.37,0.4,326109
2013-06-21,0.42,0.45,0.4,0.44,174405
2013-06-24,0.44,0.44,0.38,0.43,255440
2013-06-25,0.44,0.44,0.4,0.4,87360
2013-06-26,0.4,0.49,0.4,0.49,251288
2013-06-27,0.45,0.54,0.45,0.53,1311861
2013-06-28,0.53,0.54,0.52,0.52,622458
2013-07-01,0.5,0.54,0.5,0.52,223990
2013-07-02,0.52,0.54,0.52,0.54,75300
2013-07-03,0.53,0.55,0.53,0.54,413284
2013-07-05,0.54,0.62,0.54,0.62,26505
2013-07-08,0.62,0.62,0.57,0.57,63542
2013-07-09,0.54,0.58,0.52,0.56,178626
2013-07-10,0.56,0.6,0.56,0.6,46792
2013-07-11,0.6,0.62,0.57,0.62,107674
2013-07-12,0.63,0.69,0.63,0.69,103423
2013-07-15,0.7,0.7,0.66,0.7,146400
2013-07-16,0.66,0.72,0.66,0.71,353507
2013-07-17,0.76,0.76,0.73,0.75,125841
2013-07-18,0.75,0.75,0.7,0.75,186011
2013-07-19,0.75,0.75,0.72,0.74,36569
2013-07-22,0.74,0.74,0.71,0.73,63165
2013-07-23,0.71,0.74,0.7,0.74,133549
2013-07-24,0.74,0.76,0.72,0.76,173697
2013-07-25,0.76,0.76,0.7,0.76,16784
2013-07-26,0.76,0.76,0.74,0.74,12245
2013-07-29,0.74,0.74,0.72,0.74,74527
2013-07-30,0.72,0.75,0.71,0.75,137229
2013-07-31,0.75,0.75,0.72,0.74,31849
2013-08-01,0.74,0.74,0.6,0.72,90044
2013-08-02,0.72,0.74,0.69,0.73,67800
2013-08-05,0.74,0.74,0.63,0.69,110300
2013-08-06,0.65,0.72,0.65,0.7,100020
2013-08-07,0.68,0.73,0.68,0.72,10800
2013-08-08,0.71,0.79,0.7,0.79,159649
2013-08-09,0.74,0.79,0.74,0.78,85359
2013-08-12,0.74,0.78,0.74,0.75,28170
2013-08-13,0.75,0.75,0.75,0.75,10850
2013-08-14,0.78,0.83,0.78,0.81,130509
2013-08-15,0.81,0.87,0.81,0.87,77217
2013-08-16,0.89,1.2,0.88,1.2,325480
2013-08-19,1.33,1.33,1.18,1.23,304051
2013-08-20,1.23,1.23,1.16,1.22,52588
2013-08-21,1.16,1.2,1.05,1.14,82200
2013-08-22,1.1,1.44,0.92,1.25,162358
2013-08-23,1.5,6.0,5.29,5.5,18045
2013-08-26,5.5,5.68,5.3,5.65,35536
2013-08-27,5.25,5.4,4.0,5.15,18821
2013-08-28,4.51,5.15,4.31,5.1,2132
2013-08-29,4.15,5.4,4.14,4.88,55883
2013-08-30,4.79,5.0,4.15,4.7,10344
2013-09-03,4.7,4.74,4.67,4.74,1435
2013-09-04,4.75,4.9,4.74,4.87,15447
2013-09-05,4.87,5.08,4.87,5.07,14280
2013-09-06,5.3,5.33,5.24,5.32,5418
2013-09-09,5.32,5.32,5.0,5.14,2039
2013-09-10,5.25,5.25,4.8,4.9,1009
2013-09-11,4.9,5.15,4.86,4.86,2549
2013-09-12,4.86,5.15,4.82,5.05,1219
2013-09-13,5.05,5.05,5.0,5.0,1100
2013-09-16,5.0,5.05,4.95,4.95,10449
2014-03-11,5.78,6.15,5.78,6.07,132448
2014-03-12,6.05,6.63,5.8,6.44,363097
2014-03-13,6.48,6.49,6.15,6.41,186536
2014-03-14,6.32,6.4,6.16,6.35,81682
2014-03-17,6.33,6.5,6.3,6.44,255102
2014-03-18,6.44,6.58,6.35,6.47,187349
2014-03-19,6.57,7.14,6.45,6.75,308415
2014-03-20,6.78,6.91,6.7,6.8,73092
2014-03-21,6.8,6.89,6.42,6.5,100010
2014-03-24,6.57,6.72,5.77,6.15,252691
2014-03-25,6.35,6.43,5.95,6.05,136216
2014-03-26,6.04,6.23,5.96,6.1,148744
2014-03-27,7.0,7.41,6.18,6.42,2269448
2014-03-28,6.25,6.7,6.25,6.58,279547
2014-03-31,6.6,6.88,6.28,6.37,172983
2014-04-01,6.5,6.5,6.21,6.37,67376
2014-04-02,6.42,6.91,6.4,6.79,193639
2014-04-03,6.85,6.94,6.62,6.78,73330
2014-04-04,6.87,6.87,6.4,6.58,49918
2014-04-07,6.48,6.5,6.22,6.41,71434
2014-04-08,6.48,6.61,6.35,6.49,28493
2014-04-09,6.45,6.55,6.4,6.48,26037
2014-04-10,6.46,7.62,6.41,7.29,1603535
2014-04-11,7.25,7.39,6.95,7.17,257809
2014-04-14,7.3,7.6,7.13,7.46,278423
2014-04-15,7.49,7.96,7.46,7.63,321471
2014-04-16,7.83,7.97,7.5,7.97,156932
2014-04-17,8.01,8.48,8.0,8.08,214257
2014-04-21,8.25,8.34,7.81,7.94,209992
2014-04-22,7.96,8.33,7.85,8.21,176219
2014-04-23,8.3,8.85,8.21,8.45,386009
2014-04-24,8.55,8.68,8.33,8.5,127799
2014-04-25,8.44,8.49,8.29,8.45,105216
2014-04-28,8.42,8.49,7.66,7.93,245286
2014-04-29,7.92,8.1,7.76,8.01,76866
2014-04-30,8.01,8.05,7.65,7.92,114956
2014-05-01,7.81,7.88,7.52,7.74,156753
2014-05-02,7.6,7.75,7.46,7.63,107015
2014-05-05,7.57,7.81,7.5,7.72,60271
2014-05-06,7.8,7.84,7.62,7.64,30105
2014-05-08,7.25,7.47,7.05,7.1,154600
2014-05-09,7.22,7.25,7.0,7.17,101108
2014-05-12,7.26,7.69,7.26,7.69,66353
2014-05-13,7.75,7.78,7.56,7.7,67675
2014-05-14,7.65,7.74,7.52,7.64,64636
2014-05-15,7.6,7.7,7.3,7.63,86086
2014-05-16,7.61,7.95,7.6,7.74,61571
2014-05-22,8.29,8.37,8.09,8.27,71893
2014-05-23,8.32,8.7,8.31,8.68,191127
2014-06-02,9.61,10.17,9.61,9.89,378091
2014-06-06,9.94,9.95,9.33,9.56,141972
2014-06-10,9.21,10.28,9.2,10.06,481963
2014-06-11,10.04,10.19,9.75,9.91,210609
2014-06-12,10.05,10.05,9.31,9.48,210743
2014-06-13,9.37,9.58,9.05,9.22,98398
2014-06-16,9.31,9.36,8.47,8.9,280707
2014-06-17,9.1,9.84,9.1,9.49,199176
2014-06-30,9.7,10.88,9.65,10.27,282690
2014-07-08,9.07,9.3,8.5,8.88,128583
2014-07-09,9.0,9.4,8.95,9.18,58580
2014-07-15,9.19,9.42,9.03,9.08,53408
2014-07-21,8.5,8.88,8.5,8.78,83605
2014-07-23,8.6,8.9,8.6,8.67,100468
2014-07-24,8.89,8.9,8.73,8.89,101677
2014-07-25,8.78,9.26,8.75,9.19,115568
2014-08-01,9.59,9.59,8.9,8.99,144790
2014-08-26,12.0,12.19,11.6,11.75,527494
2014-08-27,11.81,11.94,11.36,11.87,151279
2014-09-02,11.85,12.51,11.73,12.51,319198
2014-09-08,12.3,12.9,12.21,12.81,186347
2014-09-09,13.06,13.41,12.67,12.9,198520
2014-09-10,12.97,13.49,12.73,13.34,191998
2014-09-11,13.2,13.38,12.8,13.24,104332
2014-09-12,13.25,13.47,12.82,12.93,146799
2014-09-15,12.88,12.91,11.35,11.59,367604
2014-09-16,11.7,12.23,11.59,12.17,169541
2014-09-17,12.12,12.49,11.91,12.0,129066
2014-09-18,12.18,12.18,11.78,12.09,74305
2014-09-19,12.09,12.09,11.41,11.71,119858
2014-09-22,11.58,11.86,11.11,11.6,126242
2014-09-23,11.59,12.19,11.59,11.99,198413
2014-09-24,12.02,12.06,11.63,11.86,59411
2014-09-25,11.78,11.97,11.51,11.8,96854
2014-09-26,11.79,12.39,11.54,12.31,108805
2014-09-29,11.96,12.6,11.85,12.58,138148
2014-09-30,12.62,12.67,12.21,12.35,72708
2014-10-01,12.43,12.43,11.8,12.0,74433
2014-10-02,11.79,12.31,11.59,12.0,103723
2014-10-03,12.32,12.32,12.07,12.14,35270
2014-10-06,12.36,12.43,11.46,11.54,98857
2014-10-07,11.67,11.73,11.25,11.47,87351
2014-10-08,11.39,11.55,10.65,10.85,197414
2014-10-09,10.81,11.0,10.1,10.14,211706
2014-10-10,10.0,10.65,9.13,9.37,319568
2014-10-13,9.51,10.77,9.51,10.25,182103
2014-10-14,10.32,10.84,10.0,10.09,105897
2014-10-15,9.82,10.31,9.51,10.1,139961
2014-10-16,10.0,10.57,9.61,10.44,94262
2014-10-17,10.56,10.64,10.05,10.22,79146
2014-10-20,10.4,12.27,10.4,11.56,444593
2014-10-21,11.96,12.15,11.4,11.88,201374
2014-10-22,11.86,12.1,11.51,11.74,94126
2014-10-23,11.8,12.05,11.66,11.67,88690
2014-10-24,11.72,12.09,11.36,12.07,69801
2014-10-27,12.0,13.35,11.87,13.29,348588
2014-10-28,13.57,14.1,12.72,13.78,365745
2014-10-29,13.88,14.15,12.83,12.85,305544
2014-10-30,12.76,13.02,11.82,11.92,458467
2014-10-31,12.07,12.76,11.51,12.55,317959
2014-11-03,13.5,13.6,11.64,12.16,553404
2014-11-04,11.88,12.49,11.88,12.39,186893
2014-11-05,12.27,12.71,11.9,12.08,163757
2014-11-06,12.29,12.3,11.6,12.04,222190
2014-11-07,11.85,12.12,11.25,11.46,178152
2014-11-10,11.63,12.2,11.63,11.78,162475
2014-11-11,11.96,11.96,11.25,11.3,136846
2014-11-12,11.25,11.63,11.25,11.6,123049
2014-11-13,11.55,11.91,11.55,11.89,104311
2014-11-14,11.84,11.91,11.52,11.55,74692
2014-11-17,11.49,11.7,11.0,11.16,127146
2014-11-18,11.27,11.45,10.89,11.04,148528
2014-11-19,11.15,11.33,10.81,11.32,137675
2014-11-20,11.14,11.39,10.6,11.34,154537
2014-11-21,11.43,11.45,11.21,11.25,154584
2014-11-24,11.36,11.75,10.95,11.75,126869
2014-11-25,11.66,12.09,11.55,11.79,119268
2014-11-26,11.76,12.1,11.75,11.8,74405
2014-11-28,11.9,11.96,11.75,11.9,13512
2014-12-01,11.83,11.84,11.06,11.28,54084
2014-12-02,11.24,11.28,10.65,11.2,98424
2014-12-03,11.25,11.25,10.79,10.88,101172
2014-12-04,10.87,12.34,10.87,12.32,257613
2014-12-05,12.58,12.59,12.23,12.55,106666
2014-12-08,12.7,12.7,11.7,11.83,135069
2014-12-09,11.68,11.99,11.1,11.91,58343
2014-12-10,11.92,12.06,11.82,12.05,86373
2014-12-11,12.05,12.19,11.55,11.68,93613
2014-12-12,11.68,11.75,11.25,11.44,50233
2014-12-15,11.46,11.82,11.0,11.41,68098
2014-12-16,11.22,11.29,10.6,11.05,194275
2014-12-17,10.81,11.02,10.5,10.88,139268
2014-12-18,10.91,11.16,10.51,10.57,94961
2014-12-19,10.5,10.77,10.04,10.08,155670
2014-12-22,10.0,10.19,9.42,9.59,583893
2014-12-23,9.56,10.4,9.56,10.07,161736
2014-12-24,10.26,10.26,9.9,10.01,124930
2014-12-26,10.01,10.37,10.01,10.16,79542
2014-12-29,10.34,10.49,10.12,10.34,90406
2014-12-30,10.34,10.44,10.06,10.22,80308
2014-12-31,10.05,10.38,10.03,10.21,83376
2015-01-02,10.21,10.66,10.05,10.21,102249
2015-01-05,10.04,10.19,9.8,9.81,95546
2015-01-06,9.96,10.44,9.76,10.05,84683
2015-01-07,10.14,10.14,9.92,10.05,81965
2015-01-08,10.14,10.15,9.8,9.88,92823
2015-01-09,9.89,9.98,9.58,9.63,106169
2015-01-12,9.58,9.73,8.95,9.23,261120
2015-01-13,9.21,9.47,9.05,9.18,131378
2015-01-14,9.14,9.61,9.06,9.2,100028
2015-01-15,9.24,9.29,8.36,8.72,232641
2015-01-16,8.6,8.94,8.43,8.78,157419
2015-01-20,8.75,8.75,7.58,7.75,409206
2015-01-21,7.75,9.43,7.4,7.74,1244757
2015-01-22,7.53,8.1,7.53,7.9,265533
2015-01-23,7.87,7.94,7.56,7.69,124327
2015-01-26,7.5,8.05,7.5,7.54,230132
2015-01-27,7.35,7.63,7.01,7.57,287517
2015-01-28,7.5,7.81,7.5,7.76,112321
2015-01-29,7.73,8.45,7.73,8.37,228357
2015-01-30,8.34,8.49,8.21,8.37,137388
2015-02-02,8.37,8.43,8.06,8.18,109481
2015-02-03,8.2,8.31,8.02,8.24,79746
2015-02-04,8.15,8.38,8.02,8.28,103861
2015-02-05,8.28,8.73,8.2,8.7,136942
2015-02-06,8.75,8.95,8.56,8.82,86439
2015-02-09,8.76,8.82,8.37,8.46,98722
2015-02-10,8.55,8.55,8.15,8.26,82272
2015-02-11,8.25,8.26,8.03,8.19,63508
2015-02-12,8.14,8.22,7.81,7.95,143259
2015-02-13,7.93,8.29,7.79,8.17,86190
2015-02-17,8.18,8.35,8.01,8.28,75044
2015-02-18,8.23,8.35,8.08,8.32,20859
2015-02-19,8.25,8.33,8.1,8.24,30121
2015-02-20,8.24,8.29,8.1,8.22,20527
2015-02-23,8.15,8.15,7.8,7.89,123212
2015-02-24,7.9,8.15,7.8,8.05,58151
2015-02-25,8.01,8.24,7.95,8.09,44496
2015-02-26,8.06,8.2,7.94,8.1,43954
2015-02-27,8.1,8.1,7.93,7.94,40586
2015-03-02,7.95,8.2,7.83,7.9,73341
2015-03-03,7.94,7.98,7.81,7.81,44884
2015-03-04,7.8,7.94,7.62,7.75,71039
2015-03-05,7.68,7.96,7.65,7.75,31184
2015-03-06,7.83,7.87,7.61,7.7,61084
2015-03-09,7.62,7.86,7.35,7.86,34701
2015-03-10,7.77,7.77,7.56,7.74,30618
2015-03-11,7.75,7.85,7.66,7.77,36164
2015-03-12,7.81,7.88,7.72,7.88,39004
2015-03-13,7.9,7.99,7.62,7.89,42475
2015-03-16,7.95,8.19,7.87,8.01,82037
2015-03-17,8.0,8.07,7.87,7.89,54470
2015-03-18,7.82,8.2,7.82,8.08,47214
2015-03-19,8.0,8.75,7.93,8.59,276789
2015-03-20,8.72,9.18,8.66,9.06,148000
2015-03-23,9.09,9.58,9.01,9.42,168657
2015-03-24,9.45,9.54,9.03,9.1,80337
2015-03-25,9.15,9.67,8.9,9.0,193957
2015-03-26,8.79,8.79,7.2,8.47,786860
2015-03-27,8.66,9.54,8.26,8.9,300196
2015-03-30,9.16,9.16,8.44,8.59,132643
2015-03-31,8.25,8.72,8.2,8.39,160577
2015-04-01,8.47,8.65,8.25,8.55,123269
2015-04-02,8.59,8.73,8.45,8.7,151222
2015-04-06,8.6,8.64,8.49,8.52,67813
2015-04-07,8.49,8.6,8.35,8.44,75534
2015-04-08,8.47,8.85,8.45,8.75,203134
2015-04-09,8.73,9.52,8.62,9.42,244857
2015-04-10,9.46,10.03,9.28,9.89,248563
2015-04-13,9.9,10.02,9.4,9.83,219922
2015-04-14,10.13,11.05,10.11,10.49,477277
2015-04-15,10.46,11.0,10.39,10.78,212105
2015-04-16,10.73,10.97,10.63,10.97,159811
2015-04-17,10.85,11.33,10.62,11.22,200702
2015-04-20,11.2,11.25,10.54,10.76,139995
2015-04-21,10.75,11.65,10.42,11.56,359229
2015-04-22,11.5,11.88,11.06,11.68,379127
2015-04-23,11.61,11.78,11.28,11.4,134965
2015-04-24,11.56,11.56,11.25,11.5,135322
2015-04-27,11.51,11.53,10.99,11.16,109471
2015-04-28,11.2,11.25,10.99,11.14,100616
2015-04-29,11.1,11.59,11.03,11.57,165781
2015-04-30,11.54,12.24,11.5,12.16,350281
2015-05-01,12.18,12.39,11.95,12.37,251086
2015-05-04,12.39,12.74,12.23,12.34,176229
2015-05-05,12.27,12.38,12.07,12.22,165148
2015-05-06,12.23,12.49,12.07,12.45,94498
2015-05-07,12.4,12.72,12.28,12.66,167256
2015-05-08,12.71,13.28,12.5,13.03,302259
2015-05-11,13.04,13.09,12.86,12.96,79368
2015-05-12,13.04,13.05,12.75,12.97,82222
2015-05-13,12.95,12.95,11.91,12.24,220421
2015-05-14,12.26,12.26,11.75,11.87,102009
2015-05-15,11.75,11.78,11.14,11.41,210305
2015-05-18,11.11,11.49,10.91,10.96,171951
2015-05-19,10.85,11.44,10.72,11.3,124171
2015-05-20,11.4,11.44,10.97,11.3,60055
2015-05-21,11.24,11.46,11.01,11.25,39033
2015-05-22,11.23,11.41,11.09,11.26,34301
2015-05-26,11.17,11.24,10.95,11.07,43725
2015-05-27,11.11,11.31,10.99,11.19,132034
2015-05-28,11.27,11.29,10.82,10.89,213279
2015-05-29,10.84,11.0,10.67,10.81,167023
2015-06-01,11.34,13.1,11.32,12.09,700663
2015-06-02,12.09,12.68,11.88,12.59,154790
2015-06-03,12.5,12.93,12.5,12.78,230128
2015-06-04,12.76,12.83,12.6,12.81,108636
2015-06-05,12.83,13.9,12.62,13.84,327557
2015-06-08,13.65,13.9,13.06,13.44,221308
2015-06-09,13.33,13.84,13.02,13.74,129426
2015-06-10,13.74,14.0,13.56,13.7,244590
2015-06-11,13.5,13.5,13.03,13.25,119054
2015-06-12,13.14,13.85,13.14,13.74,114813
2015-06-15,13.75,13.91,13.48,13.82,138068
2015-06-16,13.74,13.88,13.37,13.78,98884
2015-06-17,13.8,14.44,13.49,13.56,366033
2015-06-18,12.44,12.85,11.98,12.25,1481581
2015-06-19,12.39,12.62,12.25,12.29,280190
2015-06-22,12.6,12.99,12.41,12.75,256009
2015-06-23,12.64,13.8,12.26,13.62,416865
2015-06-24,13.55,13.6,13.07,13.49,315556
2015-06-25,13.45,13.82,13.14,13.26,242843
2015-06-26,13.31,13.43,12.43,12.75,186739
2015-06-29,12.75,13.04,12.24,12.3,247189
2015-06-30,12.39,12.76,12.31,12.68,178566
2015-07-01,12.65,13.06,12.65,12.68,145941
2015-07-02,12.76,12.76,12.31,12.53,108191
2015-07-06,12.26,12.82,12.26,12.34,149467
2015-07-07,12.4,12.74,12.06,12.53,219398
2015-07-08,12.53,12.54,11.85,11.94,245981
2015-07-09,11.97,12.49,11.97,12.31,90232
2015-07-10,12.39,12.6,11.57,11.83,150166
2015-07-13,11.89,12.0,11.4,11.83,173142
2015-07-14,11.9,12.18,11.77,12.08,105132
2015-07-15,12.13,12.14,11.63,11.72,59239
2015-07-16,11.75,12.04,11.61,12.0,157180
2015-07-17,12.05,12.16,11.91,12.14,89308
2015-07-20,12.1,12.31,11.56,11.72,103432
2015-07-21,11.77,11.96,11.44,11.59,72168
2015-07-22,11.63,11.81,11.28,11.67,127837
2015-07-23,11.63,11.98,11.34,11.34,150056
2015-07-24,11.34,11.66,10.82,11.13,225093
2015-07-27,11.07,11.42,10.81,11.3,82842
2015-07-28,11.5,11.65,11.14,11.32,98979
2015-07-29,11.45,11.46,11.02,11.21,62818
2015-07-30,11.24,11.82,11.03,11.57,112568
2015-07-31,11.63,11.88,11.34,11.46,144369
2015-08-03,11.41,11.5,10.87,11.07,82298
2015-08-04,11.05,11.28,10.8,11.17,69691
2015-08-05,11.19,11.23,10.87,11.03,49160
2015-08-06,11.1,11.44,10.88,10.99,121417
2015-08-07,10.95,11.3,10.76,10.89,119455
2015-08-10,11.0,11.29,10.98,11.09,67949
2015-08-11,11.04,11.2,11.0,11.2,49839
2015-08-12,11.1,11.6,11.0,11.44,139957
2015-08-13,11.41,11.68,11.07,11.33,31119
2015-08-14,11.27,11.39,11.0,11.18,119218
2015-08-17,11.1,11.74,11.01,11.65,151297
2015-08-18,11.65,11.71,11.21,11.43,58238
2015-08-19,11.39,11.59,11.11,11.45,114556
2015-08-20,11.5,11.5,10.68,10.76,196306
2015-08-21,10.8,11.14,10.01,10.55,209986
2015-08-24,9.46,10.14,8.1,9.51,265077
2015-08-25,9.99,10.33,9.54,9.54,93489
2015-08-26,9.8,9.97,9.58,9.95,53962
2015-08-27,10.06,10.21,9.76,9.97,86133
2015-08-28,9.98,10.36,9.65,9.95,120381
2015-08-31,9.88,10.16,9.69,9.99,97125
2015-09-01,9.72,10.22,9.55,9.81,69974
2015-09-02,9.96,10.1,9.63,9.99,78770
2015-09-03,9.94,10.02,9.82,9.83,30966
2015-09-04,9.75,10.01,9.62,9.73,79235
2015-09-08,9.88,9.88,9.61,9.79,40884
2015-09-09,9.85,9.95,9.62,9.71,47370
2015-09-10,9.69,9.9,9.65,9.79,23475
2015-09-11,9.63,9.76,8.95,9.24,484676
2015-09-14,9.31,9.6,9.09,9.36,89402
2015-09-15,9.42,9.5,8.71,9.04,257452
2015-09-16,8.04,8.6,7.76,8.31,908232
2015-09-17,8.3,8.72,8.3,8.42,167076
2015-09-18,8.3,8.64,8.25,8.44,156491
2015-09-21,8.48,8.66,8.16,8.21,117511
2015-09-22,8.2,8.26,8.03,8.1,93098
2015-09-23,8.07,8.17,7.83,7.88,89637
2015-09-24,7.93,8.24,7.85,8.06,132883
2015-09-25,8.15,8.25,7.76,7.84,83807
2015-09-28,7.8,7.9,7.64,7.79,105241
2015-09-29,7.86,7.95,7.57,7.73,71485
2015-09-30,7.81,8.03,7.74,8.0,70418
2015-10-01,7.99,8.3,7.88,8.23,87241
2015-10-02,8.15,8.36,7.9,8.26,79393
2015-10-05,8.3,8.6,8.01,8.34,82443
2015-10-06,8.38,8.52,8.1,8.24,68576
2015-10-07,8.31,8.36,8.08,8.3,59392
2015-10-08,8.28,8.28,8.11,8.24,39964
2015-10-09,8.22,8.65,8.19,8.61,54932
2015-10-12,8.62,8.62,8.36,8.45,50272
2015-10-13,8.4,8.59,8.16,8.21,79562
2015-10-14,8.17,8.28,7.94,8.25,54562
2015-10-15,8.23,8.3,7.98,8.2,94994
2015-10-16,8.18,8.32,7.91,7.96,81686
2015-10-19,7.98,8.11,7.98,8.02,59085
2015-10-20,7.99,8.05,7.8,7.96,68095
2015-10-21,7.91,7.98,7.66,7.82,40766
2015-10-22,7.81,7.97,7.75,7.91,46354
2015-10-23,7.92,8.05,7.81,7.92,71015
2015-10-26,7.88,7.99,7.75,7.88,32484
2015-10-27,7.82,7.92,7.47,7.52,88314
2015-10-28,7.57,7.84,7.34,7.74,51496
2015-10-29,7.73,7.93,7.62,7.78,35180
2015-10-30,7.8,7.93,7.65,7.91,28925
2015-11-02,7.93,8.18,7.93,8.12,47246
2015-11-03,8.03,8.46,8.03,8.43,39300
2015-11-04,8.42,8.42,7.97,7.98,33887
2015-11-05,7.98,8.09,7.83,8.08,21436
2015-11-06,8.0,8.07,7.87,7.97,57441
2015-11-09,7.99,8.11,7.87,7.88,47526
2015-11-10,7.86,7.86,7.23,7.4,113064
2015-11-11,7.5,7.55,7.38,7.44,40951
2015-11-12,7.48,7.76,7.42,7.59,85651
2015-11-13,7.56,7.59,7.39,7.45,92490
2015-11-16,7.44,8.98,7.44,8.75,385157
2015-11-17,8.84,8.87,7.82,7.9,205192
2015-11-18,7.94,7.99,7.65,7.84,98632
2015-11-19,7.76,7.95,7.6,7.67,115437
2015-11-20,7.62,8.07,7.62,7.71,99058
2015-11-23,7.7,7.75,7.39,7.48,231863
2015-11-24,7.41,7.77,7.39,7.73,54512
2015-11-25,7.61,8.15,7.61,7.83,173029
2015-11-27,7.76,8.05,7.62,7.7,154097
2015-11-30,5.92,6.0,4.54,4.6,3329649
2015-12-01,4.75,4.98,4.68,4.94,1033914
2015-12-02,4.94,4.98,4.68,4.74,432821
2015-12-03,4.76,4.76,4.53,4.6,300028
2015-12-04,4.57,4.9,4.52,4.75,349829
2015-12-07,4.8,5.0,4.63,4.7,327178
2015-12-08,4.63,4.91,4.62,4.86,190840
2015-12-09,4.85,5.28,4.85,5.05,387158
2015-12-10,5.16,5.19,4.95,5.04,205804
2015-12-11,4.96,4.96,4.79,4.88,199495
2015-12-14,4.88,4.88,4.59,4.68,110882
2015-12-15,4.72,4.88,4.48,4.6,223474
2015-12-16,4.6,4.69,4.5,4.65,333832
2015-12-17,4.63,4.68,4.47,4.49,223784
2015-12-18,4.48,4.61,4.32,4.56,216000
2015-12-21,4.55,4.55,4.43,4.48,112670
2015-12-22,4.48,4.67,4.41,4.46,90619
2015-12-23,4.5,4.87,3.06,4.68,410960
2015-12-24,4.81,4.86,4.55,4.82,59772
2015-12-28,4.73,5.22,4.67,5.12,285447
2015-12-29,5.19,5.37,5.08,5.33,244152
2015-12-30,5.22,5.47,5.22,5.35,228062
2015-12-31,5.31,5.38,5.0,5.22,221896
2016-01-04,5.04,5.22,5.0,5.17,90234
2016-01-05,5.14,5.32,5.14,5.25,73433
2016-01-06,5.17,5.27,5.06,5.08,82109
2016-01-07,5.06,5.26,4.92,4.96,174971
2016-01-08,4.95,5.04,4.82,4.82,105410
2016-01-11,4.8,4.9,4.61,4.64,146902
2016-01-12,4.69,4.83,4.68,4.78,81162
2016-01-13,4.79,4.95,4.75,4.79,113658
2016-01-14,4.81,5.35,4.81,5.18,135893
2016-01-15,5.05,5.13,4.99,5.0,82908
2016-01-19,5.06,5.06,4.78,4.82,94413
2016-01-20,4.75,5.1,4.7,4.96,96284
2016-01-21,4.94,5.15,4.92,5.0,36775
2016-01-22,5.05,5.35,5.05,5.17,50804
2016-01-25,5.2,5.3,5.11,5.14,25072
2016-01-26,5.13,5.17,4.82,5.05,87656
2016-01-27,5.02,5.13,4.94,5.08,17106
2016-01-28,5.09,5.13,5.01,5.05,28779
2016-01-29,5.03,5.32,5.03,5.21,56975
2016-02-01,5.11,5.2,5.03,5.05,44756
2016-02-02,4.99,5.09,4.9,5.07,23575
2016-02-03,5.06,5.19,5.05,5.07,71680
2016-02-04,5.09,5.23,5.04,5.2,36733
2016-02-05,5.2,5.24,5.12,5.2,42649
2016-02-08,5.1,5.11,4.98,5.03,75513
2016-02-09,4.99,4.99,4.72,4.76,72269
2016-02-10,4.75,5.02,4.72,4.8,60012
2016-02-11,4.77,4.9,4.7,4.73,73514
2016-02-12,4.74,4.95,4.54,4.65,58629
2016-02-16,4.67,4.94,4.4,4.52,71499
2016-02-17,4.55,4.65,4.34,4.53,80441
2016-02-18,4.59,4.59,4.36,4.46,37265
2016-02-19,4.41,4.5,4.32,4.43,27993
2016-02-22,4.45,4.55,4.38,4.47,86202
2016-02-23,4.43,4.52,4.4,4.41,48291
2016-02-24,4.38,4.53,4.21,4.43,41921
2016-02-25,4.41,4.48,4.3,4.39,50283
2016-02-26,4.42,4.75,4.31,4.56,89779
2016-02-29,4.54,4.71,4.54,4.64,46188
2016-03-01,4.62,4.87,4.62,4.75,90330
2016-03-02,4.75,4.89,4.7,4.83,139164
2016-03-03,4.87,5.17,4.84,4.96,79880
2016-03-04,4.98,5.1,4.93,5.06,44603
2016-03-07,5.05,5.12,5.05,5.07,23382
2016-03-08,5.09,5.1,4.95,5.01,60738
2016-03-09,5.05,5.13,4.79,4.85,33288
2016-03-10,4.84,5.0,4.71,4.73,41300
2016-03-11,4.99,4.99,4.72,4.77,23975
2016-03-14,4.79,4.83,4.66,4.74,21581
2016-03-15,4.76,4.79,4.57,4.6,41177
2016-03-16,4.59,4.72,4.4,4.42,80507
2016-03-17,4.47,4.86,4.47,4.64,45605
2016-03-18,4.61,4.77,4.59,4.65,50755
2016-03-21,4.65,4.72,4.51,4.51,35944
2016-03-22,4.51,4.59,4.16,4.19,47673
2016-03-23,4.19,4.29,3.82,4.03,114835
2016-03-24,4.05,4.14,3.95,3.97,30588
2016-03-28,4.02,4.09,3.74,3.84,91511
2016-03-29,3.82,3.85,3.63,3.7,131984
2016-03-30,3.7,4.01,3.7,3.82,80170
2016-03-31,3.81,4.09,3.81,3.98,47838
2016-04-01,3.98,3.98,3.77,3.82,53294
2016-04-04,3.85,4.11,3.82,3.99,94257
2016-04-05,4.01,4.3,4.01,4.17,76612
2016-04-06,3.93,4.0,3.53,3.93,213116
2016-04-07,3.94,4.04,3.8,4.02,34576
2016-04-08,4.01,4.07,3.81,3.81,40934
2016-04-11,3.75,3.77,3.4,3.59,222396
2016-04-12,3.6,3.87,3.49,3.87,56280
2016-04-13,3.88,4.25,3.84,4.24,75935
2016-04-14,4.3,4.32,4.13,4.22,55386
2016-04-15,4.21,4.33,4.21,4.32,16326
2016-04-18,4.37,4.67,4.32,4.41,72408
2016-04-19,4.43,4.47,4.31,4.41,31211
2016-04-20,4.45,4.45,4.37,4.43,15658
2016-04-21,4.45,4.45,4.3,4.33,23454
2016-04-22,4.3,4.34,4.28,4.3,30546
2016-04-25,4.36,4.38,4.27,4.36,19595
2016-04-26,4.36,4.36,4.0,4.2,31281
2016-04-27,4.2,4.29,4.07,4.12,12552
2016-04-28,4.13,4.19,3.96,4.01,17599
2016-04-29,4.02,4.13,3.9,4.09,39685
2016-05-02,4.16,4.18,3.86,3.87,28148
2016-05-03,3.89,3.95,3.79,3.79,22395
2016-05-04,3.9,3.9,3.51,3.57,65602
2016-05-05,3.61,3.67,3.5,3.5,24619
2016-05-06,3.46,3.77,3.46,3.58,28694
2016-05-09,3.81,3.82,3.51,3.55,11200
2016-05-10,3.71,3.71,3.37,3.44,26971
2016-05-11,3.46,4.06,3.29,3.5,71051
2016-05-12,3.53,3.86,3.37,3.45,39806
2016-05-13,3.42,3.63,3.36,3.36,26318
2016-05-16,3.32,3.47,3.12,3.24,68469
2016-05-17,3.4,3.4,2.96,3.08,132145
2016-05-18,3.19,3.19,2.96,3.07,34343
2016-05-19,3.08,3.21,3.0,3.21,26237
2016-05-20,3.22,3.5,3.22,3.5,24740
2016-05-23,3.5,3.51,3.4,3.47,23433
2016-05-24,3.46,3.5,3.36,3.48,56530
2016-05-25,3.45,3.49,3.34,3.45,19527
2016-05-26,3.47,3.59,3.4,3.59,42034
2016-05-27,3.6,3.95,3.6,3.93,55177
2016-05-31,3.93,3.93,3.68,3.81,25692
2016-06-01,3.83,3.92,3.83,3.92,8616
2016-06-02,3.9,3.98,3.8,3.9,32791
2016-06-03,3.97,4.0,3.74,3.82,48531
2016-06-06,3.85,3.85,3.58,3.63,46839
2016-06-07,3.75,3.75,3.57,3.64,76776
2016-06-08,3.62,3.74,3.62,3.71,51180
2016-06-09,3.63,3.7,3.63,3.66,16042
2016-06-10,3.69,3.8,3.66,3.75,61813
2016-06-13,3.8,3.92,3.55,3.8,59727
2016-06-14,3.84,3.93,3.74,3.81,58482
2016-06-15,3.77,3.96,3.77,3.8,31876
2016-06-16,3.82,3.93,3.82,3.85,50681
2016-06-17,3.84,4.0,3.82,3.98,38358
2016-06-20,3.99,3.99,3.87,3.94,53864
2016-06-21,3.97,4.1,3.92,3.93,69878
2016-06-22,4.03,4.1,3.89,4.01,46919
2016-06-23,4.01,4.05,3.88,3.98,33809
2016-06-24,3.71,4.0,3.71,3.84,39680
2016-06-27,4.0,4.0,3.63,3.64,57583
2016-06-28,3.67,3.82,3.67,3.71,8606
2016-06-29,3.7,3.84,3.69,3.81,8894
2016-06-30,3.85,3.85,3.74,3.8,11789
2016-07-01,3.8,3.8,3.71,3.73,18618
2016-07-05,3.72,3.78,3.71,3.75,36663
2016-07-06,3.77,3.77,3.26,3.43,145975
2016-07-07,3.4,3.49,3.2,3.3,100750
2016-07-08,3.28,3.35,3.25,3.27,53724
2016-07-11,3.33,3.4,3.22,3.24,40796
2016-07-12,3.22,3.31,3.21,3.29,25205
2016-07-13,3.29,3.47,3.21,3.32,49620
2016-07-14,3.59,3.59,3.29,3.43,41730
2016-07-15,3.44,3.62,3.4,3.54,35905
2016-07-18,3.5,3.54,3.26,3.35,24471
2016-07-19,3.32,3.48,3.27,3.38,39076
2016-07-20,3.42,3.46,3.27,3.33,33913
2016-07-21,3.33,3.57,3.28,3.32,10465
2016-07-22,3.3,3.41,3.29,3.34,24510
2016-07-25,3.32,3.36,3.25,3.26,23869
2016-07-26,3.27,3.48,3.25,3.3,13524
2016-07-27,3.28,3.45,3.27,3.33,11412
2016-07-28,3.3,3.35,3.2,3.23,49267
2016-07-29,3.25,3.34,3.22,3.24,34562
2016-08-01,3.26,3.34,3.13,3.18,24276
2016-08-02,3.14,3.23,3.14,3.18,16244
2016-08-03,3.2,3.2,3.02,3.19,38050
2016-08-04,3.19,3.3,3.18,3.26,23073
2016-08-05,3.28,3.4,3.28,3.39,46149
2016-08-08,3.36,3.43,3.36,3.43,40391
2016-08-09,3.4,3.43,3.36,3.38,20153
2016-08-10,3.35,3.43,3.35,3.43,17693
2016-08-11,3.42,3.69,3.42,3.68,57337
2016-08-12,3.7,3.79,3.6,3.73,41408
2016-08-15,3.73,3.8,3.66,3.77,25854
2016-08-16,3.79,3.79,3.53,3.68,31541
2016-08-17,3.65,3.66,3.5,3.64,35337
2016-08-18,3.67,3.67,3.62,3.64,14484
2016-08-19,3.66,3.67,3.57,3.64,29586
2016-08-22,3.6,3.66,3.6,3.6,23489
2016-08-23,3.49,3.66,3.49,3.61,17537
2016-08-24,3.71,3.71,3.55,3.57,10693
2016-08-25,3.58,3.59,3.46,3.57,10842
2016-08-26,3.54,3.6,3.51,3.59,11390
2016-08-29,3.62,3.64,3.55,3.59,27235
2016-08-30,3.5,3.5,3.42,3.42,27099
2016-08-31,3.49,3.49,3.23,3.29,13763
2016-09-01,3.27,3.35,3.26,3.3,26574
2016-09-02,3.27,3.4,3.18,3.4,39339
2016-09-06,3.5,3.69,3.45,3.68,73012
2016-09-07,3.59,3.72,3.49,3.6,15212
2016-09-08,3.6,3.7,3.39,3.39,56970
2016-09-09,3.39,3.58,3.3,3.35,25079
2016-09-12,3.3,3.4,3.3,3.32,19513
2016-09-13,3.32,3.4,3.32,3.35,17877
2016-09-14,3.33,3.41,3.3,3.32,9303
2016-09-15,3.45,3.45,3.3,3.31,12808
2016-09-16,3.3,3.35,3.22,3.33,25725
2016-09-19,3.29,3.44,3.29,3.43,46079
2016-09-20,3.41,3.47,3.39,3.4,17201
2016-09-21,3.44,3.53,3.38,3.53,24514
2016-09-22,3.55,3.59,3.46,3.49,20682
2016-09-23,3.51,3.55,3.45,3.48,18856
2016-09-26,3.52,3.53,3.41,3.46,14246
2016-09-27,3.48,3.48,3.31,3.47,5794
2016-09-28,3.42,3.45,3.37,3.45,5666
2016-09-29,3.4,3.49,3.37,3.41,29651
2016-09-30,3.45,3.49,3.38,3.43,12485
2016-10-03,3.45,3.5,3.41,3.43,13618
2016-10-04,3.48,3.48,3.37,3.38,22279
2016-10-05,3.36,3.46,3.36,3.41,5097
2016-10-06,3.36,3.45,3.35,3.43,19577
2016-10-07,3.46,3.47,3.41,3.46,9300
2016-10-10,3.44,3.47,3.42,3.45,46663
2016-10-11,3.44,3.5,3.43,3.5,17177
2016-10-12,3.47,3.49,3.42,3.47,13660
2016-10-13,3.35,3.45,3.35,3.45,10858
2016-10-14,3.48,3.48,3.37,3.45,9564
2016-10-17,3.42,3.48,3.4,3.45,6638
2016-10-18,3.31,3.46,3.2,3.39,30821
2016-10-19,3.34,3.44,3.27,3.32,9278
2016-10-20,3.46,3.46,3.24,3.37,24340
2016-10-21,3.35,3.41,3.31,3.4,13866
2016-10-24,3.45,3.45,3.28,3.37,29554
2016-10-25,3.37,3.37,3.2,3.3,41503
2016-10-26,3.38,3.38,3.2,3.3,18447
2016-10-27,3.31,3.31,3.07,3.08,44871
2016-10-28,2.8,2.81,2.44,2.69,103817
2016-10-31,2.64,2.81,2.61,2.68,59552
2016-11-01,2.84,2.84,2.63,2.63,39314
2016-11-02,2.65,2.78,2.62,2.65,26625
2016-11-03,2.62,2.66,2.5,2.62,46807
2016-11-04,2.55,2.79,2.55,2.71,33552
2016-11-07,2.79,2.79,2.59,2.77,31477
2016-11-08,2.73,2.73,2.62,2.65,18184
2016-11-09,2.62,2.71,2.56,2.7,54198
2016-11-10,2.7,2.75,2.62,2.71,17391
2016-11-11,2.68,2.89,2.61,2.83,17543
2016-11-14,2.91,2.91,2.75,2.82,14214
2016-11-15,2.78,2.89,2.77,2.78,14778
2016-11-16,2.85,2.87,2.75,2.78,6395
2016-11-17,2.77,2.85,2.75,2.81,24207
2016-11-18,2.8,2.91,2.8,2.86,23526
2016-11-21,2.81,2.91,2.81,2.89,8561
2016-11-22,2.9,2.9,2.79,2.85,28183
2016-11-23,2.8,2.91,2.73,2.91,15827
2016-11-25,2.89,2.9,2.86,2.88,4171
2016-11-28,2.88,2.91,2.79,2.87,25331
2016-11-29,2.82,2.91,2.82,2.89,31540
2016-11-30,2.94,3.23,2.85,3.2,121840
2016-12-01,3.25,3.36,3.1,3.36,102328
2016-12-02,3.33,3.51,3.1,3.48,92131
2016-12-05,3.52,3.62,3.5,3.57,29606
2016-12-06,3.55,3.67,3.36,3.6,66810
2016-12-07,3.53,3.66,3.5,3.56,33453
2016-12-08,3.59,3.69,3.5,3.51,46304
2016-12-09,3.56,3.6,3.44,3.5,29400
2016-12-12,3.45,3.58,3.23,3.36,54944
2016-12-13,3.31,3.49,3.11,3.34,63594
2016-12-14,3.27,3.47,3.08,3.24,45591
2016-12-15,3.19,3.45,3.19,3.38,66197
2016-12-16,3.37,3.38,3.28,3.3,71413
2016-12-19,3.3,3.35,3.12,3.2,79464
2016-12-20,3.2,3.36,3.2,3.3,52336
2016-12-21,3.3,3.37,3.27,3.3,32302
2016-12-22,3.31,3.33,2.92,3.13,22639
2016-12-23,3.14,3.32,3.14,3.18,11382
2016-12-27,3.12,3.17,3.04,3.08,32415
2016-12-28,3.05,3.17,2.92,3.03,38614
2016-12-29,3.07,3.07,2.74,2.89,64433
2016-12-30,3.07,3.39,3.01,3.39,305585
2017-01-03,3.5,3.5,3.3,3.45,72528
2017-01-04,3.44,3.73,3.42,3.65,105842
2017-01-05,3.74,3.76,3.56,3.66,80906
2017-01-06,3.67,3.98,3.44,3.88,145846
2017-01-09,3.9,3.9,3.52,3.77,53795
2017-01-10,3.88,3.88,3.72,3.88,21724
2017-01-11,3.9,3.9,3.66,3.88,66106
2017-01-12,3.9,3.9,3.71,3.87,28967
2017-01-13,3.88,3.96,3.85,3.88,47041
2017-01-17,3.88,3.89,3.71,3.74,41472
2017-01-18,3.79,3.85,3.62,3.74,66453
2017-01-19,3.75,3.76,3.65,3.65,17731
2017-01-20,3.65,3.75,3.52,3.75,8811
2017-01-23,3.76,3.76,3.65,3.68,16894
2017-01-24,3.71,3.74,3.65,3.7,11478
2017-01-25,3.7,3.75,3.67,3.7,27814
2017-01-26,3.71,3.76,3.66,3.71,17281
2017-01-27,3.74,3.76,3.56,3.66,26388
2017-01-30,3.67,3.69,3.62,3.64,10557
2017-01-31,3.74,3.74,3.5,3.51,19901
2017-02-01,3.45,3.88,3.43,3.88,44881
2017-02-02,3.68,3.91,3.68,3.74,27057
2017-02-03,3.83,3.83,3.69,3.8,13296
2017-02-06,3.87,3.87,3.6,3.7,39579
2017-02-07,3.69,3.9,3.65,3.71,21228
2017-02-08,3.78,3.79,3.65,3.79,27607
2017-02-09,3.83,3.85,3.71,3.71,5882
2017-02-10,3.77,3.79,3.65,3.79,10951
2017-02-13,3.69,3.78,3.69,3.75,18542
2017-02-14,3.65,3.79,3.65,3.77,4713
2017-02-15,3.72,3.79,3.65,3.77,8685
2017-02-16,3.72,3.79,3.57,3.57,42678
2017-02-17,3.58,3.7,3.41,3.52,27067
2017-02-21,3.63,3.63,3.4,3.42,20592
2017-02-22,3.4,3.4,3.33,3.37,22330
2017-02-23,3.35,3.35,3.2,3.26,54154
2017-02-24,3.25,3.34,3.17,3.21,21472
2017-02-27,3.18,3.19,3.05,3.07,28886
2017-02-28,3.01,3.07,2.94,2.95,21243
2017-03-01,2.95,3.0,2.85,2.87,32718
2017-03-02,2.86,2.86,2.75,2.8,40835
2017-03-03,2.8,2.8,2.7,2.76,22475
2017-03-06,2.75,2.79,2.66,2.77,25466
2017-03-07,2.73,2.79,2.64,2.71,27868
2017-03-08,2.69,2.74,2.63,2.7,6659
2017-03-09,2.67,2.7,2.62,2.65,15002
2017-03-10,2.65,2.73,2.65,2.69,33716
2017-03-13,2.65,2.73,2.5,2.5,71494
2017-03-14,2.55,2.68,2.52,2.6,37714
2017-03-15,2.87,2.87,2.65,2.73,41438
2017-03-16,2.76,2.88,2.67,2.88,91050
2017-03-17,2.9,3.14,2.9,2.95,24723
2017-03-20,2.99,3.02,2.91,2.99,40381
2017-03-21,3.02,3.03,2.81,2.91,59810
2017-03-22,2.9,3.01,2.8,2.86,31430
2017-03-23,2.82,2.93,2.8,2.88,18983
2017-03-24,2.91,2.91,2.82,2.89,14636
2017-03-27,2.86,2.87,2.68,2.81,40081
2017-03-28,2.77,2.89,2.64,2.83,38273
2017-03-29,2.78,2.87,2.76,2.85,18348
2017-03-30,2.81,2.88,2.79,2.82,18384
2017-03-31,2.89,2.92,2.81,2.86,4932
2017-04-03,2.83,2.91,2.71,2.8,29744
2017-04-04,2.72,2.79,2.72,2.77,7948
2017-04-05,2.79,2.86,2.7,2.79,14861
2017-04-06,2.83,2.9,2.74,2.82,22770
2017-04-07,2.75,2.91,2.75,2.91,19766
2017-04-10,2.77,2.91,2.77,2.9,22079
2017-04-11,2.91,2.99,2.85,2.97,23485
2017-04-12,2.93,3.0,2.88,3.0,24814
2017-04-13,3.0,3.07,2.84,3.05,36038
2017-04-17,2.95,3.13,2.95,3.05,15635
2017-04-18,3.11,3.11,2.92,3.05,14361
2017-04-19,3.08,3.22,2.96,3.09,56330
2017-04-20,3.11,3.11,2.97,2.99,15864
2017-04-21,3.02,3.02,2.9,2.94,18133
2017-04-24,2.97,3.05,2.91,2.92,14287
2017-04-25,2.9,3.01,2.85,2.85,27434
2017-04-26,2.94,2.99,2.77,2.77,20407
2017-04-27,2.8,2.88,2.72,2.88,19327
2017-04-28,2.85,2.85,2.56,2.67,80678
2017-05-01,2.67,2.84,2.62,2.74,25804
2017-05-02,2.77,2.8,2.64,2.79,19938
2017-05-03,2.74,2.74,2.66,2.66,26965
2017-05-04,2.65,2.71,2.64,2.68,9003
2017-05-05,2.64,2.7,2.56,2.64,21409
2017-05-08,2.64,2.66,2.56,2.56,17329
2017-05-09,2.56,2.76,2.56,2.76,15906
2017-05-10,2.74,2.85,2.65,2.79,21191
2017-05-11,2.78,2.78,2.44,2.59,36696
2017-05-12,2.59,2.65,2.46,2.65,21915
2017-05-15,2.14,2.7,2.14,2.52,19350
2017-05-16,2.68,2.68,2.61,2.63,31216
2017-05-17,2.62,2.7,2.53,2.55,34036
2017-05-18,2.61,2.65,2.58,2.58,13903
2017-05-19,2.58,2.64,2.51,2.64,14800
2017-05-22,2.66,2.66,2.39,2.47,39610
2017-05-23,2.49,2.67,2.16,2.18,120654
2017-05-24,2.19,2.3,2.09,2.19,104559
2017-05-25,2.21,2.29,2.01,2.19,33889
2017-05-26,2.25,2.25,2.16,2.17,9630
2017-05-30,2.2,2.54,2.17,2.53,139026
2017-05-31,2.56,2.79,2.56,2.78,109602
2017-06-01,2.8,2.85,2.6,2.66,69702
2017-06-02,2.75,2.75,2.64,2.73,33883
2017-06-05,2.8,3.25,2.8,3.15,181736
2017-06-06,2.91,3.1,2.88,2.96,46391
2017-06-07,2.96,3.14,2.9,3.06,59847
2017-06-08,2.94,3.06,2.9,3.0,51931
2017-06-09,2.98,3.09,2.91,3.05,76303
2017-06-12,3.05,3.05,2.92,3.04,17624
2017-06-13,3.08,3.15,2.98,3.06,55472
2017-06-14,3.1,3.1,2.93,2.97,26887
2017-06-15,2.9,2.97,2.85,2.89,43066
2017-06-16,2.85,3.02,2.85,2.87,45184
2017-06-19,2.86,2.99,2.86,2.94,16676
2017-06-20,2.9,2.96,2.86,2.96,4753
2017-06-21,2.91,2.98,2.87,2.96,19039
2017-06-22,2.92,3.12,2.87,3.12,52478
2017-06-23,3.12,3.21,3.06,3.15,35269
2017-06-26,3.16,3.19,3.11,3.11,14914
2017-06-27,3.11,3.18,3.03,3.16,58989
2017-06-28,3.18,3.18,3.12,3.17,16847
2017-06-29,3.18,3.18,3.12,3.18,8421
2017-06-30,3.18,3.19,3.12,3.19,33144
2017-07-03,3.17,3.36,3.17,3.32,37759
2017-07-05,3.3,3.34,3.18,3.29,30331
2017-07-06,3.34,3.35,3.2,3.3,13787
2017-07-07,3.31,3.31,3.25,3.28,12533
2017-07-10,3.29,3.35,3.24,3.31,21851
2017-07-11,3.32,3.35,3.27,3.32,16891
2017-07-12,3.33,3.35,3.29,3.33,10032
2017-07-13,3.33,3.4,3.25,3.4,40132
2017-07-14,3.39,3.43,3.33,3.42,22930
2017-07-17,3.43,3.6,3.38,3.47,100997
2017-07-18,3.53,3.6,3.45,3.48,28255
2017-07-19,3.48,3.55,3.45,3.53,11281
2017-07-20,3.54,3.62,3.49,3.56,65745
2017-07-21,3.61,3.61,3.31,3.39,75578
2017-07-24,3.42,3.5,3.34,3.5,6742
2017-07-25,3.53,3.54,3.4,3.45,9337
2017-07-26,3.46,3.5,3.31,3.38,35082
2017-07-27,3.47,3.47,3.25,3.35,43693
2017-07-28,3.38,3.38,3.28,3.35,11467
2017-07-31,3.5,3.5,3.33,3.48,37157
2017-08-01,3.49,3.49,3.38,3.48,18248
