Date,Open,High,Low,Close,Volume
2014-05-09,9.0,10.64,8.52,10.07,6222274
2014-05-12,10.68,11.34,10.54,11.1,654045
2014-05-13,11.3,11.3,10.34,10.75,507968
2014-05-14,10.75,10.97,10.4,10.53,189371
2014-05-15,10.75,10.75,10.08,10.39,367628
2014-05-16,10.3,10.3,9.91,10.18,175756
2014-05-19,10.0,10.5,9.9,10.16,384544
2014-05-20,10.11,10.6,10.0,10.45,120045
2014-05-21,10.5,10.75,10.3,10.59,94795
2014-05-22,10.56,11.67,10.35,11.43,94508
2014-05-23,11.85,16.0,11.46,15.5,1076522
2014-05-27,15.7,19.8,14.21,17.71,1585803
2014-05-28,17.5,17.5,16.52,16.74,417805
2014-05-29,16.75,17.24,15.5,15.9,645781
2014-05-30,16.0,17.11,15.65,16.39,195229
2014-06-02,16.54,17.5,16.54,17.19,549829
2014-06-03,17.0,17.0,15.71,15.85,355370
2014-06-04,16.4,16.6,15.77,16.05,223793
2014-06-05,16.05,16.5,15.69,15.81,250438
2014-06-06,15.9,17.5,15.9,16.3,697580
2014-06-09,16.52,18.23,16.52,17.97,1079080
2014-06-10,18.0,19.72,17.66,18.67,1470963
2014-06-11,18.48,18.75,17.8,18.56,482161
2014-06-12,18.4,18.45,16.5,17.22,515939
2014-06-13,17.45,17.95,16.55,16.82,253342
2014-06-16,16.76,17.35,16.55,16.83,170615
2014-06-17,16.88,17.5,16.56,16.94,352003
2014-06-18,17.0,17.95,16.8,16.86,362060
2014-06-19,16.86,17.44,16.6,16.63,205779
2014-06-20,16.57,16.8,14.8,15.0,707795
2014-06-23,15.0,15.79,14.22,14.62,501335
2014-06-24,14.8,15.7,14.8,15.47,229157
2014-06-25,15.52,16.95,15.52,16.71,520324
2014-06-26,16.83,17.98,16.8,17.42,395309
2014-06-27,17.2,17.8,16.5,16.86,280321
2014-06-30,16.75,17.7,16.75,17.63,377614
2014-07-01,17.79,19.35,17.2,18.64,723969
2014-07-02,18.55,19.55,16.5,16.52,997744
2014-07-03,16.9,18.5,16.9,18.15,561374
2014-07-07,18.04,18.45,17.35,17.39,320364
2014-07-08,17.33,17.66,16.62,17.09,226444
2014-07-09,17.37,17.91,17.37,17.62,150503
2014-07-10,17.0,17.49,16.83,17.22,177987
2014-07-11,17.2,17.85,17.2,17.41,69383
2014-07-14,17.76,19.0,17.61,18.81,534880
2014-07-15,17.85,18.4,17.8,18.19,1125323
2014-07-16,18.13,18.4,17.82,17.95,288796
2014-07-17,17.81,19.5,16.85,16.99,1171239
2014-07-18,17.13,17.9,16.5,16.92,655855
2014-07-21,16.98,18.64,16.92,18.33,477920
2014-07-22,18.17,18.75,18.09,18.46,538465
2014-07-23,18.62,18.67,17.85,17.87,326308
2014-07-24,17.88,18.49,17.88,18.28,208754
2014-07-25,18.01,19.19,17.91,18.71,490247
2014-07-28,18.88,21.0,18.6,19.95,1413739
2014-07-29,20.3,21.67,20.1,20.62,1088623
2014-07-30,20.94,21.67,20.7,21.15,685157
2014-07-31,20.55,20.98,19.55,20.62,609704
2014-08-01,20.6,21.0,19.91,20.74,490162
2014-08-04,20.81,23.6,20.74,22.8,895593
2014-08-05,23.0,23.48,22.05,22.19,938799
2014-08-06,21.98,22.85,21.65,22.6,420414
2014-08-07,23.06,24.55,23.06,23.92,1070635
2014-08-08,24.99,24.99,22.5,24.0,538705
2014-08-11,24.3,24.5,22.81,23.14,668140
2014-08-12,22.5,23.12,21.37,22.08,1341696
2014-08-13,21.85,22.79,21.0,21.14,757952
2014-08-14,21.14,22.0,21.07,21.16,525597
2014-08-15,21.15,21.53,20.65,20.94,573369
2014-08-18,21.12,22.7,20.89,22.11,502046
2014-08-19,22.35,23.18,21.57,21.69,456857
2014-08-20,21.57,22.19,21.5,22.05,203833
2014-08-21,22.18,22.49,21.11,21.34,300596
2014-08-22,21.36,21.75,20.8,21.29,296687
2014-08-25,21.5,21.6,20.85,21.14,291600
2014-08-26,20.78,21.1,20.0,20.2,642379
2014-08-27,20.23,20.56,19.53,19.75,469756
2014-08-28,19.54,19.83,18.41,18.55,1488251
2014-08-29,18.51,18.89,18.21,18.5,609109
2014-09-02,18.7,19.62,18.53,19.53,577099
2014-09-03,19.61,20.35,19.05,19.35,807802
2014-09-04,19.3,20.19,19.3,20.06,349302
2014-09-05,19.85,20.06,19.5,19.8,199891
2014-09-08,19.61,20.57,19.54,19.77,253578
2014-09-09,19.84,20.59,19.3,19.45,386212
2014-09-10,19.42,19.91,18.28,18.56,663715
2014-09-11,18.47,18.89,17.37,17.98,734755
2014-09-12,18.09,18.44,17.83,17.98,351213
2014-09-15,18.01,18.4,16.63,17.34,602370
2014-09-16,17.0,17.44,16.8,17.06,382193
2014-09-17,17.09,17.49,17.01,17.39,86525
2014-09-18,17.38,18.25,17.38,18.15,353661
2014-09-19,18.16,18.88,18.05,18.5,377035
2014-09-22,18.5,18.75,17.5,17.53,334557
2014-09-23,17.48,18.49,17.28,18.02,262053
2014-09-24,18.1,19.34,18.1,18.58,560383
2014-09-25,18.55,18.55,17.82,18.01,331619
2014-09-26,18.15,18.39,17.05,17.1,402756
2014-09-29,16.9,17.61,16.71,17.5,334459
2014-09-30,17.41,17.51,17.07,17.15,251335
2014-10-01,17.08,17.13,16.36,16.51,416989
2014-10-02,16.5,16.81,15.76,16.44,219038
2014-10-03,16.57,17.31,16.12,16.35,315669
2014-10-06,16.38,17.1,16.2,16.4,240996
2014-10-07,16.17,16.38,15.81,15.99,415295
2014-10-08,16.11,16.4,15.93,16.05,270266
2014-10-09,16.25,16.25,15.66,15.78,252282
2014-10-10,15.74,16.15,15.3,15.74,322146
2014-10-13,15.65,16.15,15.46,15.96,228250
2014-10-14,16.11,16.65,15.7,15.81,106821
2014-10-15,15.46,16.3,15.21,16.2,96240
2014-10-16,15.96,17.6,15.96,17.6,227780
2014-10-17,17.85,18.38,16.56,17.03,136776
2014-10-20,17.2,18.2,16.91,18.11,90907
2014-10-21,18.2,18.33,17.77,18.04,174246
2014-10-22,18.0,18.29,17.66,17.74,124656
2014-10-23,17.97,18.65,17.86,18.5,381878
2014-10-24,18.64,18.98,18.0,18.2,135221
2014-10-27,18.12,19.5,18.01,19.49,223783
2014-10-28,19.53,19.53,18.66,19.15,244344
2014-10-29,19.17,19.25,18.6,18.8,61922
2014-10-30,18.65,19.47,18.6,19.08,234280
2014-10-31,19.32,19.8,19.06,19.79,257373
2014-11-03,19.78,20.19,19.0,19.01,993743
2014-11-04,18.99,19.3,17.79,18.12,365874
2014-11-05,18.12,18.6,17.07,17.08,166271
2014-11-06,17.3,17.6,17.17,17.39,86664
2014-11-07,17.29,17.5,16.9,16.9,125723
2014-11-10,17.16,17.72,16.52,16.52,227227
2014-11-11,16.3,17.39,15.85,16.13,391312
2014-11-12,16.13,16.9,15.87,16.9,150398
2014-11-13,16.5,16.97,16.1,16.39,272603
2014-11-14,15.82,16.5,15.68,16.23,524742
2014-11-17,16.01,16.2,15.96,16.19,347631
2014-11-18,16.1,16.48,16.0,16.12,217651
2014-11-19,16.04,16.08,15.0,15.03,383295
2014-11-20,15.03,15.05,14.15,14.54,518461
2014-11-21,14.76,14.96,14.26,14.52,264704
2014-11-24,14.6,14.7,14.44,14.68,102360
2014-11-25,14.64,14.69,14.45,14.52,161024
2014-11-26,14.56,14.56,12.5,12.65,657927
2014-11-28,12.64,13.6,12.5,13.21,733414
2014-12-01,13.12,13.16,12.6,12.74,214325
2014-12-02,12.62,12.94,12.56,12.71,415061
2014-12-03,12.71,12.75,11.32,12.35,610475
2014-12-04,12.25,12.63,11.86,12.49,392547
2014-12-05,12.48,12.48,11.8,11.88,281637
2014-12-08,11.92,11.98,10.33,10.77,770787
2014-12-09,10.48,11.45,10.48,11.3,340080
2014-12-10,11.53,12.99,11.13,11.27,790153
2014-12-11,11.17,12.08,11.16,11.8,409857
2014-12-12,11.83,13.4,11.81,13.3,764711
2014-12-15,13.9,14.88,13.41,13.58,824840
2014-12-16,13.49,13.49,12.0,12.05,660525
2014-12-17,12.12,12.57,12.12,12.41,112585
2014-12-18,12.53,13.13,12.46,12.82,215281
2014-12-19,12.9,13.0,12.33,12.33,143952
2014-12-22,12.3,12.5,11.62,11.95,336675
2014-12-23,12.0,12.16,11.5,11.73,1012735
2014-12-24,11.7,12.19,11.7,12.03,136062
2014-12-26,11.98,12.51,11.98,12.11,57738
2014-12-29,12.03,12.38,12.0,12.0,65608
2014-12-30,12.0,12.34,12.0,12.16,135837
2014-12-31,12.23,12.23,11.96,12.0,70580
2015-01-02,12.13,12.97,11.89,12.37,169710
2015-01-05,12.33,12.9,12.33,12.6,98275
2015-01-06,12.6,12.84,12.08,12.08,150786
2015-01-07,12.38,12.6,12.22,12.41,97831
2015-01-08,12.44,13.93,12.15,13.7,414528
2015-01-09,13.9,13.96,13.07,13.3,138445
2015-01-12,13.25,13.31,12.76,12.97,91762
2015-01-13,13.03,13.5,13.03,13.35,147882
2015-01-14,13.23,13.78,13.19,13.64,266472
2015-01-15,13.7,13.87,13.15,13.63,234358
2015-01-16,13.58,13.67,12.85,12.85,127867
2015-01-20,12.88,13.38,12.19,12.35,316265
2015-01-21,12.45,13.29,12.22,13.01,143174
2015-01-22,13.21,13.58,12.88,13.19,125850
2015-01-23,13.3,13.7,13.3,13.66,162179
2015-01-26,13.76,13.8,13.11,13.7,270285
2015-01-27,13.51,13.65,13.17,13.39,122392
2015-01-28,13.41,13.74,13.21,13.65,286276
2015-01-29,13.88,13.9,13.27,13.68,380514
2015-01-30,13.7,13.9,13.12,13.59,297653
2015-02-02,13.59,13.75,13.21,13.67,603508
2015-02-03,13.8,14.5,13.73,14.3,258152
2015-02-04,14.44,15.0,14.33,14.5,328371
2015-02-05,14.54,15.13,14.54,14.88,296606
2015-02-06,14.95,14.95,14.75,14.86,55789
2015-02-09,14.78,14.9,14.59,14.85,94746
2015-02-10,14.88,15.26,14.6,14.76,273931
2015-02-11,14.82,15.65,14.27,15.58,367839
2015-02-12,15.55,15.57,15.0,15.07,225336
2015-02-13,15.0,15.21,14.84,15.09,179591
2015-02-17,15.06,15.15,14.7,14.75,108373
2015-02-18,14.83,14.83,14.54,14.7,64235
2015-02-19,14.82,15.34,14.55,15.08,58517
2015-02-20,15.08,15.2,14.82,15.03,71952
2015-02-23,14.97,15.37,14.97,15.26,129240
2015-02-24,15.21,15.4,15.02,15.18,95904
2015-02-25,15.11,15.3,14.5,14.57,135438
2015-02-26,14.5,15.19,14.3,14.89,152961
2015-02-27,14.81,15.2,14.53,15.09,92520
2015-03-02,15.1,15.16,14.21,14.73,152605
2015-03-03,14.73,15.12,14.5,15.07,386898
2015-03-04,15.0,15.5,13.83,14.87,492593
2015-03-05,14.87,14.87,14.15,14.17,231825
2015-03-06,13.79,13.9,12.6,12.63,429813
2015-03-09,12.65,13.16,12.63,12.63,264688
2015-03-10,12.62,13.03,12.6,12.81,177863
2015-03-11,12.8,13.1,12.8,12.94,139539
2015-03-12,13.1,13.1,12.92,13.02,136804
2015-03-13,12.98,12.98,12.6,12.66,102437
2015-03-16,12.66,12.66,12.38,12.38,82534
2015-03-17,12.37,12.55,11.9,12.04,132230
2015-03-18,11.94,12.44,11.5,12.33,227706
2015-03-19,12.26,12.76,12.26,12.76,99640
2015-03-20,13.0,14.41,12.95,14.31,1096634
2015-03-23,14.05,14.39,13.46,14.02,563270
2015-03-24,14.0,14.72,13.96,14.35,1031468
2015-03-25,14.41,14.59,13.62,13.67,505222
2015-03-26,13.6,14.03,13.45,13.87,161410
2015-03-27,13.81,14.0,13.7,13.95,106205
2015-03-30,14.0,14.25,13.14,13.29,228692
2015-03-31,13.11,13.26,12.5,12.58,351509
2015-04-01,12.62,12.99,12.58,12.59,77323
2015-04-02,12.65,13.44,12.65,12.92,363668
2015-04-06,12.84,13.68,12.72,13.65,186789
2015-04-07,13.66,14.17,13.57,13.93,274059
2015-04-08,14.09,15.6,14.02,14.9,1563069
2015-04-09,14.94,15.32,14.59,14.92,185309
2015-04-10,15.0,15.23,14.92,15.1,111999
2015-04-13,15.21,15.66,15.21,15.66,467561
2015-04-14,15.58,15.58,14.55,14.97,422031
2015-04-15,15.02,15.02,14.58,14.75,118436
2015-04-16,14.88,15.38,14.77,14.97,253605
2015-04-17,14.62,15.14,14.51,14.85,269053
2015-04-20,15.21,15.8,14.64,15.47,340842
2015-04-21,15.51,16.75,15.51,16.6,511201
2015-04-22,16.55,17.5,16.08,16.62,718287
2015-04-23,15.7,15.88,13.55,15.84,1056836
2015-04-24,16.1,16.62,15.5,16.01,896761
2015-04-27,16.58,17.49,16.09,16.96,954643
2015-04-28,16.91,17.25,16.14,16.73,337067
2015-04-29,16.59,16.59,16.0,16.08,383938
2015-04-30,16.05,16.42,15.72,16.25,132100
2015-05-01,16.21,16.47,15.72,15.76,162968
2015-05-04,15.8,16.95,15.8,16.39,321099
2015-05-05,16.18,16.8,16.02,16.53,166835
2015-05-06,16.62,17.75,16.35,17.55,1087862
2015-05-07,17.4,18.0,16.94,17.26,667819
2015-05-08,18.0,18.8,17.85,18.03,1415668
2015-05-11,18.35,19.15,18.1,18.28,699051
2015-05-12,18.28,18.77,18.18,18.6,640517
2015-05-13,18.5,18.59,18.13,18.45,495693
2015-05-14,18.64,19.64,18.21,19.35,1477143
2015-05-15,19.27,20.2,19.16,19.95,1096228
2015-05-18,20.04,20.67,18.36,18.7,1209488
2015-05-19,18.99,19.63,18.79,19.14,696210
2015-05-20,19.15,20.38,19.15,20.0,438028
2015-05-21,19.93,20.6,19.64,20.43,704232
2015-05-22,20.55,20.78,19.89,20.33,691807
2015-05-26,19.71,20.62,17.23,17.96,1516584
2015-05-27,17.78,18.6,17.3,17.57,1071574
2015-05-28,17.19,17.46,16.35,16.66,1228850
2015-05-29,16.58,17.17,16.55,16.69,859481
2015-06-01,16.75,17.24,16.5,16.51,858848
2015-06-02,16.52,16.55,15.6,15.97,1225270
2015-06-03,15.84,16.9,15.84,16.7,677788
2015-06-04,16.55,16.8,16.26,16.37,397903
2015-06-05,16.29,17.58,16.29,17.35,838921
2015-06-08,17.39,18.4,17.28,18.21,1161595
2015-06-09,18.09,18.7,17.86,18.65,1108760
2015-06-10,18.61,18.76,17.58,18.02,769033
2015-06-11,18.2,20.08,17.96,20.04,1808172
2015-06-12,19.95,20.85,19.58,20.74,1859801
2015-06-15,20.44,20.54,19.44,19.8,689840
2015-06-16,19.7,19.8,18.4,19.3,695874
2015-06-17,19.95,20.15,18.52,18.74,702736
2015-06-18,18.7,19.89,18.55,19.25,502057
2015-06-19,19.21,19.21,18.3,18.8,597182
2015-06-22,18.96,19.25,18.43,18.63,167509
2015-06-23,18.69,19.16,18.66,19.0,340422
2015-06-24,19.12,19.9,18.98,19.21,837455
2015-06-25,19.25,19.85,18.41,18.68,744653
2015-06-26,18.25,18.49,17.6,17.84,689583
2015-06-29,17.49,17.89,16.46,17.17,1000523
2015-06-30,17.65,18.07,17.48,18.02,303144
2015-07-01,17.8,18.05,17.51,17.62,162245
2015-07-02,17.57,17.57,17.0,17.36,654544
2015-07-06,16.1,16.85,15.42,16.82,1183599
2015-07-07,16.19,16.19,15.01,15.51,2643176
2015-07-08,14.9,16.22,14.72,15.56,965672
2015-07-09,17.15,17.65,15.5,15.8,1563376
2015-07-10,16.75,16.88,15.43,15.61,1026331
2015-07-13,15.78,16.54,15.78,16.31,504359
2015-07-14,16.28,16.5,16.08,16.49,176326
2015-07-15,16.18,16.19,15.41,15.46,373725
2015-07-16,15.62,16.37,15.59,16.26,495110
2015-07-17,16.49,16.72,15.64,15.85,421072
2015-07-20,15.92,16.34,15.92,16.18,222788
2015-07-21,16.16,16.59,16.1,16.34,231491
2015-07-22,16.22,16.24,15.7,15.85,321103
2015-07-23,15.95,16.5,15.95,16.17,333626
2015-07-24,15.96,16.4,15.6,15.68,230659
2015-07-27,15.35,15.41,14.9,15.02,540640
2015-07-28,15.14,15.23,14.56,14.88,258385
2015-07-29,14.95,15.81,14.95,15.34,193791
2015-07-30,15.28,15.53,14.98,15.2,153799
2015-07-31,15.2,15.2,14.81,14.97,421820
2015-08-03,14.9,15.55,14.8,15.48,310910
2015-08-04,15.55,15.98,15.47,15.95,313548
2015-08-05,16.0,16.68,15.96,16.49,432149
2015-08-06,16.53,17.02,16.02,16.12,357594
2015-08-07,16.15,16.65,15.93,16.25,144835
2015-08-10,16.45,16.78,16.14,16.7,219156
2015-08-11,15.92,16.28,15.36,15.63,481216
2015-08-12,15.21,15.96,15.14,15.5,367031
2015-08-13,15.65,16.08,15.47,15.51,234485
2015-08-14,15.55,15.81,15.55,15.69,302899
2015-08-17,15.68,16.17,15.62,15.86,328736
2015-08-18,15.85,16.12,15.61,15.71,480988
2015-08-19,15.64,15.64,14.97,15.07,396050
2015-08-20,14.92,15.08,13.55,13.63,1313156
2015-08-21,13.47,13.91,13.0,13.45,590612
2015-08-24,12.5,14.0,12.5,12.88,965164
2015-08-25,13.0,13.95,12.62,12.95,644949
2015-08-26,13.18,13.52,11.1,11.4,603778
2015-08-27,12.0,13.25,12.0,12.67,583801
2015-08-28,12.56,12.96,12.47,12.6,124434
2015-08-31,12.53,12.65,12.09,12.23,147115
2015-09-01,12.0,12.26,11.9,11.99,303417
2015-09-02,12.02,12.12,11.89,12.07,236629
2015-09-03,12.04,12.23,11.78,11.83,184704
2015-09-04,11.86,12.17,11.75,11.84,343206
2015-09-08,12.23,12.89,12.03,12.48,587077
2015-09-09,12.8,12.95,12.04,12.24,314737
2015-09-10,12.24,12.51,12.15,12.26,115008
2015-09-11,12.26,12.73,12.02,12.49,221409
2015-09-14,12.47,12.61,12.03,12.2,94722
2015-09-15,12.17,12.61,11.98,11.98,131804
2015-09-16,12.07,13.0,12.03,12.99,194953
2015-09-17,12.83,13.46,12.66,13.23,206685
2015-09-18,13.05,13.21,12.83,13.21,139781
2015-09-21,13.1,13.37,12.61,12.88,185382
2015-09-22,12.6,12.8,11.76,11.87,222037
2015-09-23,12.02,12.74,12.02,12.69,333811
2015-09-24,12.47,12.65,11.99,12.32,175472
2015-09-25,12.39,12.5,12.17,12.27,78123
2015-09-28,12.4,12.43,11.99,12.03,129586
2015-09-29,12.1,12.14,11.63,11.77,147594
2015-09-30,12.04,12.15,11.72,11.87,242490
2015-10-01,11.9,12.18,11.35,11.75,279414
2015-10-02,11.71,13.2,11.7,12.74,400901
2015-10-05,12.77,13.62,12.61,13.56,386096
2015-10-06,13.49,13.49,12.85,13.05,265972
2015-10-07,13.41,13.9,13.02,13.46,492305
2015-10-08,13.39,13.67,12.89,13.07,274486
2015-10-09,13.03,13.11,12.71,12.79,257471
2015-10-12,13.0,13.2,12.5,12.56,520490
2015-10-13,12.65,12.98,12.53,12.68,325944
2015-10-14,12.82,12.94,11.68,11.82,670761
2015-10-15,12.03,12.53,11.89,12.52,389916
2015-10-16,12.54,13.17,12.5,12.86,649977
2015-10-19,12.73,13.37,12.67,13.26,388589
2015-10-20,13.37,13.65,13.13,13.29,459397
2015-10-21,13.19,13.58,12.7,13.15,292592
2015-10-22,13.3,13.47,13.12,13.25,286546
2015-10-23,13.56,13.82,13.43,13.58,319485
2015-10-26,14.32,14.8,13.7,14.11,849329
2015-10-27,13.97,14.67,13.89,14.64,443116
2015-10-28,14.74,15.3,14.69,14.94,540750
2015-10-29,14.64,14.87,14.47,14.8,216362
2015-10-30,14.87,15.5,14.75,15.43,216450
2015-11-02,15.38,15.5,14.86,15.35,418669
2015-11-03,15.25,15.65,15.25,15.53,380728
2015-11-04,15.5,15.6,15.22,15.4,612879
2015-11-05,15.4,15.4,14.58,14.72,235183
2015-11-06,14.9,14.94,13.8,14.05,705305
2015-11-09,14.1,14.5,14.1,14.37,238734
2015-11-10,14.42,14.46,13.91,14.22,317230
2015-11-11,14.43,14.77,14.23,14.45,184561
2015-11-12,14.31,14.87,14.13,14.52,161428
2015-11-13,14.56,14.64,14.03,14.3,520701
2015-11-16,14.49,14.77,14.08,14.47,398263
2015-11-17,14.65,15.39,14.42,15.09,523052
2015-11-18,15.08,15.29,14.37,14.97,283837
2015-11-19,15.42,15.98,15.19,15.53,888936
2015-11-20,15.65,15.87,15.46,15.71,309359
2015-11-23,16.8,16.84,15.49,15.59,2010337
2015-11-24,15.0,15.94,14.68,15.5,899647
2015-11-25,15.55,16.0,15.55,15.78,528742
2015-11-27,15.64,15.64,15.06,15.54,322809
2015-11-30,15.5,15.8,15.31,15.54,320016
2015-12-01,15.6,15.79,15.38,15.68,317034
2015-12-02,15.68,15.8,15.27,15.53,569862
2015-12-03,15.61,15.65,15.31,15.41,532753
2015-12-04,15.37,15.59,15.3,15.44,513262
2015-12-07,15.47,15.7,15.25,15.4,501790
2015-12-08,15.3,15.7,15.26,15.5,458334
2015-12-09,15.4,15.87,15.4,15.5,507058
2015-12-10,15.56,16.1,15.56,16.09,516789
2015-12-11,15.91,16.76,15.66,16.64,678807
2015-12-14,16.61,16.79,16.23,16.69,441163
2015-12-15,16.65,16.8,16.47,16.73,324268
2015-12-16,16.66,16.84,16.62,16.7,281667
2015-12-17,16.73,17.0,16.67,16.79,380661
2015-12-18,16.8,17.07,16.61,16.91,727984
2015-12-21,16.9,16.9,16.63,16.8,134908
2015-12-22,16.72,16.9,16.7,16.8,172316
2015-12-23,16.8,16.89,16.63,16.83,274115
2015-12-24,16.78,16.8,16.72,16.76,61317
2015-12-28,16.61,16.63,16.35,16.5,144986
2015-12-29,16.5,16.72,16.28,16.45,262034
2015-12-30,16.32,16.4,15.6,15.93,450748
2015-12-31,15.96,16.12,15.82,15.98,112639
2016-01-04,15.37,15.77,15.22,15.63,309984
2016-01-05,15.63,15.96,15.5,15.83,154816
2016-01-06,15.47,16.22,15.44,16.0,146206
2016-01-07,15.73,15.79,15.06,15.37,383141
2016-01-08,15.46,15.85,15.46,15.47,204587
2016-01-11,15.45,15.52,14.66,14.9,257727
2016-01-12,15.06,15.8,15.06,15.73,222397
2016-01-13,15.73,15.81,15.13,15.3,112962
2016-01-14,14.73,14.73,13.89,14.33,550939
2016-01-15,13.95,14.24,13.6,13.87,177206
2016-01-19,14.11,14.29,13.28,13.4,281125
2016-01-20,13.2,13.3,12.0,12.31,743655
2016-01-21,12.44,12.64,12.1,12.5,625897
2016-01-22,12.82,13.27,12.81,13.19,289924
2016-01-25,13.18,13.67,13.09,13.36,356396
2016-01-26,13.04,13.11,12.37,12.73,350242
2016-01-27,12.68,12.94,12.51,12.58,131048
2016-01-28,12.66,12.74,12.08,12.28,194640
2016-01-29,12.3,12.96,12.28,12.77,245943
2016-02-01,12.7,12.71,12.31,12.38,171326
2016-02-02,12.89,12.9,11.92,12.04,307660
2016-02-03,12.07,12.1,11.69,11.94,159709
2016-02-04,11.89,11.89,11.6,11.75,307187
2016-02-05,11.81,12.07,11.2,11.48,229907
2016-02-08,11.37,11.53,10.83,10.98,165097
2016-02-09,10.8,11.22,10.27,10.75,186080
2016-02-10,10.86,11.14,10.61,10.75,183395
2016-02-11,10.65,10.83,10.43,10.68,175996
2016-02-12,10.79,11.11,10.51,10.92,136490
2016-02-16,11.21,12.08,11.2,12.07,326538
2016-02-17,12.13,12.4,12.11,12.31,201700
2016-02-18,12.42,12.42,11.73,11.9,129952
2016-02-19,11.87,12.0,11.33,11.95,229316
2016-02-22,12.16,12.92,12.1,12.64,285165
2016-02-23,12.54,12.75,12.42,12.49,168196
2016-02-24,12.4,12.43,11.95,12.27,247857
2016-02-25,12.25,12.5,11.89,12.33,229903
2016-02-26,12.3,12.4,11.97,12.19,201398
2016-02-29,11.58,11.67,10.4,10.56,1123951
2016-03-01,10.68,10.86,10.63,10.83,345142
2016-03-02,10.86,10.93,9.88,10.0,841734
2016-03-03,10.1,10.15,9.17,9.27,935026
2016-03-04,9.36,9.88,8.81,9.6,1154204
2016-03-07,9.53,9.8,9.27,9.55,272619
2016-03-08,9.54,9.54,8.99,8.99,396952
2016-03-09,9.0,9.14,8.81,9.04,522135
2016-03-10,9.06,9.28,8.91,9.19,549192
2016-03-11,9.23,9.5,9.16,9.41,389020
2016-03-14,9.43,9.62,9.23,9.28,353705
2016-03-15,9.7,9.8,9.19,9.37,677171
2016-03-16,9.32,9.47,9.2,9.39,311647
2016-03-17,9.41,10.31,9.41,10.23,1905474
2016-03-18,10.23,11.35,10.23,11.13,1302603
2016-03-21,11.35,11.46,10.7,10.85,628476
2016-03-22,10.5,10.5,10.18,10.2,817784
2016-03-23,10.4,10.58,10.04,10.15,601551
2016-03-24,10.08,10.4,10.07,10.22,245686
2016-03-28,10.28,10.3,9.88,9.95,403584
2016-03-29,9.95,10.27,9.61,10.26,466053
2016-03-30,10.35,10.78,10.33,10.73,563925
2016-03-31,10.69,10.79,10.42,10.43,334998
2016-04-01,10.36,10.8,10.32,10.58,252979
2016-04-04,10.58,10.7,10.35,10.4,206634
2016-04-05,10.36,10.85,10.36,10.67,551810
2016-04-06,10.7,10.98,10.6,10.62,523741
2016-04-07,10.62,11.2,10.53,10.98,782287
2016-04-08,11.06,11.65,11.06,11.52,696253
2016-04-11,11.58,11.9,11.08,11.13,388165
2016-04-12,11.15,11.5,11.12,11.25,262441
2016-04-13,11.4,11.77,11.33,11.74,488105
2016-04-14,11.74,11.95,11.49,11.89,466057
2016-04-15,11.93,11.97,11.76,11.85,204599
2016-04-18,11.86,12.13,11.7,12.1,234657
2016-04-19,12.0,12.05,11.88,11.93,325045
2016-04-20,11.91,11.91,11.63,11.7,166729
2016-04-21,11.75,11.9,11.51,11.66,154657
2016-04-22,11.71,11.71,11.4,11.55,156628
2016-04-25,11.49,11.68,11.34,11.58,187212
2016-04-26,11.44,11.46,10.64,10.89,787558
2016-04-27,10.95,10.98,10.51,10.75,419562
2016-04-28,10.8,10.93,10.7,10.87,279549
2016-04-29,10.89,11.21,10.6,10.63,284099
2016-05-02,10.62,10.85,10.26,10.4,317468
2016-05-03,10.4,10.45,10.11,10.12,355950
2016-05-04,10.1,10.86,10.03,10.49,417692
2016-05-05,10.49,10.69,10.22,10.26,251414
2016-05-06,10.21,10.21,9.92,9.99,375223
2016-05-09,10.0,10.0,9.52,9.64,297806
2016-05-10,9.69,9.87,9.6,9.7,316828
2016-05-11,9.65,9.65,9.38,9.51,584015
2016-05-12,9.53,9.64,8.96,8.98,412528
2016-05-13,9.01,9.32,8.88,8.97,379060
2016-05-16,9.03,9.22,8.94,8.99,319651
2016-05-17,8.99,9.15,8.9,9.0,247457
2016-05-18,9.0,9.45,8.91,9.04,370103
2016-05-19,9.07,9.22,8.8,8.83,364290
2016-05-20,9.09,9.13,8.83,8.99,351179
2016-05-23,9.02,9.18,8.6,8.65,425835
2016-05-24,8.4,8.88,8.09,8.49,847256
2016-05-25,8.5,8.8,8.47,8.49,798416
2016-05-26,8.51,8.73,8.5,8.59,275814
2016-05-27,8.62,9.01,8.62,8.9,467465
2016-05-31,9.24,9.46,9.0,9.24,1186928
2016-06-01,9.19,9.38,9.04,9.32,584259
2016-06-02,9.26,9.31,9.06,9.28,259451
2016-06-03,9.0,9.16,8.9,8.93,373722
2016-06-06,9.01,9.07,8.92,9.0,291259
2016-06-07,9.03,9.03,8.78,8.79,376377
2016-06-08,8.8,8.82,8.34,8.41,470640
2016-06-09,8.39,8.43,8.02,8.13,413941
2016-06-10,8.04,8.33,7.77,7.8,663333
2016-06-13,7.77,7.93,7.69,7.86,335058
2016-06-14,7.81,7.93,7.74,7.81,385567
2016-06-15,7.84,8.13,7.84,7.9,440591
2016-06-16,7.86,7.95,7.62,7.86,427545
2016-06-17,7.89,8.15,7.86,7.96,496207
2016-06-20,8.06,8.61,8.06,8.35,973203
2016-06-21,8.35,8.6,8.31,8.49,367928
2016-06-22,8.52,8.52,8.11,8.24,807785
2016-06-23,8.33,8.67,8.25,8.47,360418
2016-06-24,8.07,8.66,8.02,8.45,575294
2016-06-27,8.43,8.43,7.99,8.13,471263
2016-06-28,8.25,8.4,8.15,8.18,342508
2016-06-29,8.3,8.4,8.22,8.38,255215
2016-06-30,8.4,8.45,8.19,8.43,549882
2016-07-01,8.44,8.85,8.41,8.8,669096
2016-07-05,8.72,9.06,8.54,8.95,643535
2016-07-06,8.94,9.06,8.83,8.9,552607
2016-07-07,8.9,9.18,8.9,9.03,181973
2016-07-08,9.0,9.0,8.82,8.87,172522
2016-07-11,8.89,9.25,8.89,9.22,281059
2016-07-12,9.24,9.33,9.09,9.2,373335
2016-07-13,9.2,9.49,9.09,9.32,386889
2016-07-14,9.41,9.76,9.28,9.67,581212
2016-07-15,9.66,9.67,9.34,9.36,182958
2016-07-18,9.37,9.39,8.96,9.11,405534
2016-07-19,9.15,9.16,8.96,8.96,160689
2016-07-20,8.97,9.09,8.85,9.04,180621
2016-07-21,9.0,9.09,8.74,8.76,176726
2016-07-22,8.75,8.92,8.75,8.77,171616
2016-07-25,8.77,8.94,8.62,8.65,143811
2016-07-26,8.67,8.79,8.6,8.65,391389
2016-07-27,8.66,8.96,8.62,8.84,296427
2016-07-28,8.8,9.12,8.79,9.1,276952
2016-07-29,9.04,9.1,8.87,9.01,359634
2016-08-01,9.04,9.12,8.95,9.01,205067
2016-08-02,9.01,9.06,8.74,8.79,267623
2016-08-03,8.77,9.03,8.62,9.0,86408
2016-08-04,8.96,9.07,8.65,8.73,406322
2016-08-05,8.8,8.99,8.79,8.97,213288
2016-08-08,8.91,9.05,8.75,8.84,157353
2016-08-09,8.85,9.0,8.74,8.92,176926
2016-08-10,8.94,9.19,8.89,9.11,175947
2016-08-11,9.12,9.15,9.07,9.1,160136
2016-08-12,9.09,9.28,9.09,9.28,217509
2016-08-15,9.27,9.45,9.24,9.41,536261
2016-08-16,9.44,9.8,9.32,9.78,383307
2016-08-17,9.8,10.18,9.71,9.88,397984
2016-08-18,9.83,9.94,9.66,9.75,299363
2016-08-19,9.72,9.81,9.66,9.72,118713
2016-08-22,9.48,9.54,9.3,9.51,391531
2016-08-23,8.9,9.3,8.43,8.51,1372697
2016-08-24,8.65,8.83,8.4,8.41,477128
2016-08-25,8.37,8.74,8.33,8.38,499998
2016-08-26,8.44,8.6,8.44,8.49,220533
2016-08-29,8.52,9.57,8.49,9.57,1242501
2016-08-30,9.6,9.68,9.23,9.5,502553
2016-08-31,9.46,9.46,9.12,9.16,194907
2016-09-01,9.21,9.41,9.16,9.34,245095
2016-09-02,9.38,9.5,9.3,9.5,279757
2016-09-06,9.55,9.84,9.51,9.73,564343
2016-09-07,9.79,9.94,9.75,9.93,349130
2016-09-08,9.95,10.68,9.95,10.62,1224186
2016-09-09,10.47,10.57,10.05,10.11,1201101
2016-09-12,9.81,10.05,9.46,10.02,412766
2016-09-13,9.89,9.89,9.52,9.71,353415
2016-09-14,9.67,9.94,9.67,9.73,219449
2016-09-15,9.76,9.83,9.66,9.81,72484
2016-09-16,9.81,10.17,9.75,10.03,174811
2016-09-19,9.98,9.99,9.5,9.51,252076
2016-09-20,9.59,9.75,9.49,9.73,204050
2016-09-21,9.7,10.3,9.69,10.24,418887
2016-09-22,10.12,10.5,10.12,10.21,390285
2016-09-23,10.04,10.36,10.04,10.23,447748
2016-09-26,10.04,10.45,9.85,10.2,590175
2016-09-27,10.2,10.75,10.2,10.48,1388312
2016-09-28,10.48,10.64,10.47,10.57,310200
2016-09-29,10.55,10.6,10.32,10.45,357992
2016-09-30,10.46,10.47,10.09,10.12,261175
2016-10-03,10.1,10.23,10.0,10.0,143687
2016-10-04,10.05,10.29,9.98,10.24,161444
2016-10-05,10.35,10.42,10.23,10.31,142517
2016-10-06,10.29,10.29,9.98,9.99,150644
2016-10-07,10.02,10.04,9.82,9.86,154862
2016-10-10,9.89,10.0,9.81,9.84,145272
2016-10-11,9.85,9.86,9.6,9.64,127435
2016-10-12,10.19,10.3,9.82,10.28,518562
2016-10-13,10.14,10.14,9.48,10.07,314285
2016-10-14,10.15,10.26,9.89,9.89,146553
2016-10-17,9.85,9.89,9.57,9.82,115540
2016-10-18,9.94,9.94,9.61,9.64,239824
2016-10-19,9.63,9.79,9.63,9.75,118566
2016-10-20,9.7,9.89,9.67,9.87,66159
2016-10-21,9.84,9.91,9.7,9.82,68470
2016-10-24,9.9,9.9,9.56,9.6,154591
2016-10-25,9.55,9.8,9.51,9.57,59309
2016-10-26,9.55,9.69,9.54,9.6,69610
2016-10-27,9.63,9.65,9.45,9.48,110606
2016-10-28,9.42,9.47,9.13,9.13,152519
2016-10-31,9.13,9.15,8.91,8.99,201183
2016-11-01,9.03,9.06,8.65,8.69,284688
2016-11-02,8.71,8.81,8.61,8.67,184864
2016-11-03,8.63,8.91,8.63,8.72,159936
2016-11-04,8.86,8.9,8.67,8.68,67182
2016-11-07,8.81,9.07,8.73,8.9,143706
2016-11-08,8.9,8.91,8.78,8.78,116909
2016-11-09,8.55,9.05,8.55,8.9,164548
2016-11-10,8.94,9.24,8.68,8.68,78931
2016-11-11,8.66,8.85,8.6,8.71,105654
2016-11-14,8.75,8.86,8.69,8.72,59800
2016-11-15,8.74,8.91,8.67,8.91,105272
2016-11-16,8.91,9.22,8.91,9.02,151928
2016-11-17,9.03,9.11,9.01,9.06,120296
2016-11-18,9.11,9.25,9.05,9.21,104539
2016-11-21,9.25,9.26,9.05,9.2,192292
2016-11-22,9.2,9.28,9.12,9.26,91955
2016-11-23,9.25,9.37,9.12,9.19,228804
2016-11-25,9.24,9.24,9.0,9.1,69785
2016-11-28,9.13,9.24,9.13,9.19,89418
2016-11-29,9.19,9.32,9.19,9.21,132935
2016-11-30,8.74,9.19,8.7,9.08,145997
2016-12-01,9.09,9.09,8.71,8.76,225353
2016-12-02,8.71,8.79,8.03,8.05,589009
2016-12-05,7.81,8.53,7.81,8.52,307743
2016-12-06,8.58,8.66,8.36,8.57,161135
2016-12-07,8.58,8.65,8.38,8.63,103611
2016-12-08,8.69,8.69,8.41,8.58,169568
2016-12-09,8.55,8.86,8.49,8.79,130983
2016-12-12,8.7,8.8,8.66,8.75,154730
2016-12-13,8.88,8.9,8.61,8.64,129775
2016-12-14,8.65,8.73,8.5,8.51,167862
2016-12-15,8.46,8.73,8.36,8.64,146795
2016-12-16,8.68,8.76,8.42,8.47,589648
2016-12-19,8.4,8.57,8.4,8.46,96224
2016-12-20,8.45,8.46,8.34,8.45,115379
2016-12-21,8.42,8.75,8.38,8.49,182354
2016-12-22,8.51,8.7,8.31,8.67,152691
2016-12-23,8.65,8.86,8.5,8.77,120528
2016-12-27,8.68,8.8,8.68,8.77,32972
2016-12-28,8.75,8.8,8.62,8.79,134978
2016-12-29,8.69,8.86,8.55,8.6,87970
2016-12-30,8.62,8.78,8.57,8.75,90450
2017-01-03,8.8,9.08,8.68,8.78,91178
2017-01-04,8.74,9.0,8.74,8.8,100470
2017-01-05,8.81,9.06,8.73,8.88,95020
2017-01-06,8.92,9.11,8.82,9.05,166484
2017-01-09,9.07,9.34,9.0,9.28,310174
2017-01-10,9.29,9.35,9.2,9.3,107448
2017-01-11,9.29,9.5,9.28,9.4,118350
2017-01-12,9.56,9.6,9.23,9.38,130910
2017-01-13,9.37,9.4,9.11,9.13,97033
2017-01-17,9.13,9.37,8.97,9.17,150496
2017-01-18,9.21,9.21,9.0,9.1,175258
2017-01-19,8.85,9.16,8.85,9.0,359720
2017-01-20,9.05,9.18,8.97,9.06,148636
2017-01-23,9.03,9.14,8.97,9.07,75979
2017-01-24,9.12,9.3,9.02,9.27,102213
2017-01-25,9.32,9.36,9.15,9.25,100893
2017-01-26,9.25,9.28,9.0,9.05,175248
2017-01-27,9.09,9.22,8.99,9.0,111771
2017-01-30,9.0,9.06,8.86,9.04,235623
2017-01-31,9.03,9.13,8.98,9.06,98892
2017-02-01,9.1,9.14,8.97,9.04,67735
2017-02-02,9.0,9.1,8.98,9.02,88106
2017-02-03,9.01,9.12,9.01,9.08,50369
2017-02-06,9.1,9.12,8.88,9.05,123407
2017-02-07,9.13,9.14,8.94,9.02,112842
2017-02-08,9.08,9.13,9.03,9.08,86059
2017-02-09,9.05,9.19,9.05,9.13,162543
2017-02-10,9.16,9.16,9.04,9.07,104693
2017-02-13,9.12,9.12,9.0,9.03,85606
2017-02-14,8.99,9.02,8.6,8.79,419464
2017-02-15,8.74,8.99,8.63,8.87,148579
2017-02-16,8.84,9.02,8.84,9.0,141882
2017-02-17,8.95,9.0,8.87,8.89,124548
2017-02-21,8.6,8.9,8.5,8.54,308799
2017-02-22,8.57,8.73,8.57,8.71,170489
2017-02-23,8.84,8.85,8.5,8.51,51421
2017-02-24,8.91,8.95,8.62,8.67,88081
2017-02-27,8.71,8.8,8.53,8.72,213757
2017-02-28,8.5,8.58,8.08,8.33,632350
2017-03-01,8.43,8.5,8.1,8.28,375603
2017-03-02,8.25,8.36,8.12,8.2,151811
2017-03-03,8.03,8.2,8.03,8.17,166360
2017-03-06,8.16,8.16,7.69,7.79,591216
2017-03-07,7.8,8.27,7.8,8.26,299977
2017-03-08,8.24,8.34,8.23,8.27,164604
2017-03-09,8.22,8.36,8.13,8.26,101557
2017-03-10,8.31,8.52,8.2,8.51,166383
2017-03-13,8.42,8.53,8.26,8.39,183304
2017-03-14,8.33,8.57,8.28,8.4,131201
2017-03-15,8.38,8.67,8.31,8.57,149477
2017-03-16,8.59,8.67,8.37,8.56,214641
2017-03-17,8.56,8.62,8.45,8.57,139638
2017-03-20,8.6,8.64,8.39,8.5,151770
2017-03-21,8.5,8.54,8.2,8.23,175206
2017-03-22,8.21,8.41,8.15,8.36,129153
2017-03-23,8.38,8.62,8.32,8.53,159631
2017-03-24,8.59,8.85,8.58,8.72,239826
2017-03-27,8.63,8.67,8.38,8.53,147420
2017-03-28,8.55,8.8,8.45,8.63,185581
2017-03-29,8.53,8.67,8.51,8.67,181239
2017-03-30,8.66,8.76,8.47,8.64,107452
2017-03-31,8.55,8.85,8.55,8.76,103948
2017-04-03,8.77,8.86,8.5,8.51,493044
2017-04-04,8.51,8.52,8.26,8.3,158742
2017-04-05,8.33,8.49,8.23,8.3,220571
2017-04-06,8.26,8.32,8.23,8.29,168895
2017-04-07,8.26,8.5,8.26,8.36,140776
2017-04-10,8.32,8.45,8.32,8.4,85539
2017-04-11,8.4,8.4,8.19,8.26,124546
2017-04-12,8.28,8.34,8.18,8.25,139632
2017-04-13,8.2,8.2,7.97,8.01,248377
2017-04-17,8.05,8.19,8.01,8.08,126553
2017-04-18,8.09,8.25,8.0,8.17,124484
2017-04-19,8.24,8.32,8.15,8.27,138474
2017-04-20,8.29,8.29,7.97,8.02,477320
2017-04-21,8.01,8.22,8.0,8.13,157148
2017-04-24,8.17,8.3,8.05,8.05,121194
2017-04-25,8.14,8.25,8.05,8.2,239828
2017-04-26,8.25,8.25,8.09,8.11,247441
2017-04-27,8.17,8.25,8.13,8.2,160839
2017-04-28,8.14,8.26,8.14,8.18,117162
2017-05-01,8.18,8.27,8.02,8.2,171864
2017-05-02,8.19,8.23,8.17,8.2,212455
2017-05-03,8.18,8.22,8.1,8.19,128950
2017-05-04,8.2,8.22,8.14,8.18,108257
2017-05-05,8.16,8.16,8.07,8.08,51327
2017-05-08,8.1,8.17,8.08,8.11,33738
2017-05-09,8.18,8.23,8.0,8.18,213057
2017-05-10,8.25,8.26,8.03,8.15,104697
2017-05-11,8.1,8.25,8.01,8.2,118869
2017-05-12,8.18,8.27,8.17,8.18,129250
2017-05-15,8.16,8.25,8.13,8.16,146599
2017-05-16,8.16,8.23,8.1,8.2,241775
2017-05-17,8.16,8.25,8.1,8.2,143466
2017-05-18,8.17,8.24,8.1,8.17,146995
2017-05-19,8.16,8.29,8.1,8.1,267257
2017-05-22,8.16,8.25,8.09,8.19,275234
2017-05-23,8.25,8.34,8.11,8.12,276441
2017-05-24,8.15,8.3,8.12,8.17,148061
2017-05-25,8.2,8.27,8.1,8.16,168160
2017-05-26,8.47,8.47,8.16,8.2,398945
2017-05-30,8.25,8.3,8.11,8.18,304067
2017-05-31,8.21,8.27,8.13,8.19,205426
2017-06-01,8.23,8.29,8.15,8.27,253501
2017-06-02,8.25,8.27,8.2,8.25,99873
2017-06-05,8.18,8.49,8.17,8.4,295242
2017-06-06,8.38,8.46,8.3,8.37,131251
2017-06-07,8.33,8.4,8.32,8.39,117433
2017-06-08,8.42,8.7,8.36,8.69,203763
2017-06-09,8.7,8.76,8.24,8.28,236531
2017-06-12,8.25,8.26,8.02,8.16,313360
2017-06-13,8.17,8.46,8.17,8.37,190149
2017-06-14,8.38,8.38,8.11,8.13,102236
2017-06-15,8.02,8.2,7.82,8.07,242724
2017-06-16,8.07,8.25,7.92,8.21,183579
2017-06-19,8.2,8.48,8.19,8.44,184367
2017-06-20,8.42,8.45,8.21,8.26,181966
2017-06-21,8.2,8.37,8.2,8.29,68920
2017-06-22,8.3,8.3,8.18,8.19,84790
2017-06-23,8.2,8.24,8.14,8.17,42048
2017-06-26,8.1,8.3,8.1,8.24,181137
2017-06-27,8.22,8.39,8.13,8.17,208162
2017-06-28,8.2,8.25,8.12,8.15,155754
2017-06-29,8.14,8.14,7.95,8.0,118944
2017-06-30,8.01,8.13,7.8,8.03,168956
2017-07-03,8.05,8.05,7.97,8.0,63246
2017-07-05,8.0,8.05,7.93,7.99,101959
2017-07-06,7.98,8.03,7.85,7.87,157428
2017-07-07,7.92,7.96,7.83,7.87,133011
2017-07-10,7.89,7.98,7.87,7.92,72092
2017-07-11,7.94,7.97,7.85,7.91,74413
2017-07-12,8.0,8.01,7.97,8.0,137255
2017-07-13,8.0,8.02,7.9,7.91,163754
2017-07-14,7.91,8.01,7.84,7.93,182906
2017-07-17,7.96,7.99,7.9,7.93,173693
2017-07-18,7.95,7.97,7.77,7.96,145515
2017-07-19,7.97,8.01,7.85,7.97,149901
2017-07-20,7.97,7.99,7.87,7.9,98025
2017-07-21,7.85,7.96,7.84,7.93,136717
2017-07-24,7.94,7.94,7.85,7.91,83878
2017-07-25,7.93,7.97,7.87,7.9,103141
2017-07-26,7.9,7.93,7.86,7.9,175958
2017-07-27,7.91,7.94,7.79,7.86,205921
2017-07-28,7.84,7.94,7.84,7.92,189756
2017-07-31,7.93,8.0,7.84,7.96,152875
2017-08-01,8.12,8.12,7.92,8.05,147062
