Date,Open,High,Low,Close,Volume
2011-02-11,2.8,2.88,2.8,2.85,5500
2011-02-14,2.8,2.8,2.8,2.8,1500
2011-02-15,2.8,3.05,2.8,3.05,5244
2011-02-16,3.05,3.05,3.05,3.05,700
2011-02-17,3.0,3.0,2.85,2.85,1700
2011-02-18,,,,2.85,0
2011-02-23,2.95,2.95,2.8,2.81,6100
2011-02-24,2.85,3.0,2.85,3.0,3500
2011-02-25,3.1,3.55,3.1,3.4,19631
2011-02-28,3.55,3.55,3.5,3.55,4500
2011-03-01,,,,3.5,0
2011-03-03,3.5,3.5,3.5,3.5,1000
2011-03-04,3.45,3.45,3.11,3.4,14200
2011-03-07,3.3,3.4,3.3,3.4,3500
2011-03-08,3.35,3.35,3.35,3.35,285
2011-03-09,3.3,3.3,3.3,3.3,1000
2011-03-10,,,,3.5,0
2011-03-14,,,,3.31,0
2011-03-17,,,,3.33,0
2011-03-23,3.3,3.3,3.3,3.3,1600
2011-03-24,3.27,3.29,3.15,3.15,4500
2011-03-25,3.3,3.3,3.3,3.3,200
2011-03-28,3.2,3.2,3.2,3.2,1000
2011-03-29,3.25,3.5,3.25,3.5,6605
2011-03-30,3.7,3.7,3.7,3.7,100
2011-03-31,3.7,3.7,3.7,3.7,500
2011-04-01,3.7,3.75,3.4,3.5,15000
2011-04-04,3.49,3.49,3.49,3.49,500
2011-04-05,3.7,3.7,3.7,3.7,500
2011-04-06,3.4,3.6,3.0,3.5,8980
2011-04-07,3.5,3.5,3.5,3.5,1000
2011-04-08,3.7,3.7,3.7,3.7,500
2011-04-11,3.3,3.3,3.01,3.01,3000
2011-04-12,3.1,3.1,3.1,3.1,1000
2011-04-13,3.38,3.38,3.25,3.25,1100
2011-04-14,3.25,3.5,3.25,3.5,9500
2011-04-15,,,,3.68,0
2011-04-19,3.68,3.68,3.68,3.68,1500
2011-04-20,,,,3.68,0
2011-04-26,3.9,3.9,3.9,3.9,1000
2011-04-27,3.9,3.9,3.9,3.9,13800
2011-04-28,3.91,3.91,3.9,3.9,10500
2011-04-29,,,,4.0,0
2011-05-03,3.85,3.85,3.8,3.8,1145
2011-05-04,3.75,3.75,3.75,3.75,500
2011-05-05,,,,3.7,0
2011-05-10,3.7,3.7,3.7,3.7,500
2011-05-11,3.53,3.9,3.53,3.57,10600
2011-05-12,3.7,3.7,3.7,3.7,500
2011-05-13,3.65,3.65,3.65,3.65,2000
2011-05-16,3.75,3.75,3.55,3.7,14750
2011-05-17,3.7,3.85,3.7,3.8,3750
2011-05-18,3.65,3.65,3.65,3.65,500
2011-05-19,,,,3.6,0
2011-05-23,3.85,3.9,3.85,3.9,1185
2011-05-24,,,,4.0,0
2011-05-26,,,,4.0,0
2011-05-31,3.9,4.0,3.85,3.95,8315
2011-06-01,,,,3.95,0
2011-06-03,3.7,3.95,3.5,3.95,4500
2011-06-06,3.7,3.7,3.65,3.65,2500
2011-06-07,3.6,4.0,3.5,3.5,6020
2011-06-08,3.5,3.54,2.0,3.25,18169
2011-06-09,3.01,3.26,3.0,3.26,12500
2011-06-10,,,,3.75,0
2011-06-14,,,,3.5,0
2011-06-20,3.82,3.85,3.82,3.85,4000
2011-06-21,3.7,3.9,3.7,3.9,3000
2011-06-22,3.75,3.8,3.69,3.7,8150
2011-06-23,,,,3.45,0
2011-06-28,3.4,3.4,3.4,3.4,500
2011-06-29,3.2,3.4,3.1,3.25,3300
2011-06-30,,,,3.5,0
2011-07-14,3.45,3.55,3.4,3.4,4700
2011-07-15,3.58,3.58,3.58,3.58,1000
2011-07-18,,,,3.5,0
2011-07-20,3.35,3.35,3.25,3.25,1000
2011-07-21,3.25,3.25,3.25,3.25,3800
2011-07-22,3.55,3.55,3.4,3.4,1700
2011-07-25,,,,3.5,0
2011-07-27,,,,3.3,0
2011-08-01,,,,3.4,0
2011-08-03,,,,3.35,0
2011-08-05,3.55,3.55,3.4,3.4,1600
2011-08-08,,,,3.2,0
2011-08-11,3.45,3.45,3.4,3.4,1100
2011-08-12,,,,3.05,0
2011-08-18,3.3,3.45,3.15,3.4,3200
2011-08-19,3.39,3.45,3.39,3.42,2901
2011-08-22,,,,3.4,0
2011-08-25,3.42,3.42,3.42,3.42,1250
2011-08-26,3.3,3.5,3.3,3.5,1500
2011-08-29,3.5,3.55,3.5,3.55,1100
2011-08-30,,,,3.5,0
2011-09-01,,,,3.5,0
2011-09-13,,,,3.25,0
2011-09-22,,,,3.3,0
2011-09-29,3.1,3.1,3.1,3.1,500
2011-09-30,,,,3.4,0
2011-10-04,3.34,3.34,3.34,3.34,1000
2011-10-05,3.3,3.3,3.3,3.3,1177
2011-10-06,3.1,3.45,3.1,3.45,3500
2011-10-07,3.45,3.55,3.45,3.45,5000
2011-10-10,3.45,3.45,3.45,3.45,500
2011-10-11,3.1,3.5,3.0,3.45,3600
2011-10-12,3.15,3.4,3.15,3.4,2500
2011-10-13,3.39,3.39,3.39,3.39,500
2011-10-14,3.15,3.15,3.15,3.15,100
2011-10-17,,,,3.45,0
2011-10-19,,,,3.4,0
2011-10-24,,,,3.0,0
2011-10-26,,,,3.0,0
2011-10-28,3.25,3.4,3.25,3.4,2500
2011-10-31,,,,3.25,0
2011-11-02,3.4,3.5,3.39,3.4,31444
2011-11-03,3.4,3.44,3.4,3.4,10833
2011-11-04,3.35,3.4,3.3,3.4,3050
2011-11-07,3.3,3.3,3.0,3.3,2700
2011-11-08,3.3,3.3,2.75,3.2,5920
2011-11-09,3.2,3.25,3.2,3.25,2350
2011-11-10,3.25,3.29,3.25,3.25,4250
2011-11-11,,,,3.1,0
2011-11-15,3.1,3.1,2.6,3.0,5550
2011-11-16,2.43,3.0,2.43,2.75,1250
2011-11-17,3.0,3.0,2.51,2.9,6830
2011-11-18,2.9,2.9,2.56,2.69,12830
2011-11-21,,,,2.75,0
2011-11-23,,,,2.6,0
2011-11-28,2.53,2.53,2.1,2.3,15310
2011-11-29,2.2,2.2,2.0,2.0,6400
2011-11-30,1.95,2.15,1.92,2.1,18700
2011-12-01,1.95,1.95,1.9,1.95,700
2011-12-02,1.9,1.9,1.6,1.75,19180
2011-12-05,1.75,1.75,1.2,1.4,21701
2011-12-06,1.45,1.45,0.9,1.16,12333
2011-12-07,0.85,1.19,0.8,1.19,13200
2011-12-08,1.35,1.45,1.35,1.35,4500
2011-12-09,1.45,1.45,1.45,1.45,6500
2011-12-12,1.26,1.26,1.25,1.25,4400
2011-12-13,1.3,1.4,1.25,1.3,10950
2011-12-14,1.1,1.21,1.03,1.2,15300
2011-12-15,0.8,1.22,0.8,1.22,20096
2011-12-16,1.1,1.1,1.1,1.1,9500
2011-12-19,1.01,1.09,0.9,1.09,15800
2011-12-20,1.04,1.04,0.81,0.95,99869
2011-12-21,0.95,1.02,0.9,1.02,18300
2011-12-22,0.9,0.9,0.9,0.9,8100
2011-12-23,,,,0.99,0
2011-12-27,,,,0.99,0
2011-12-30,0.93,1.33,0.92,1.3,85202
2012-01-03,1.29,1.3,1.15,1.15,6735
2012-01-04,1.1,1.1,1.0,1.04,13000
2012-01-05,0.93,1.05,0.93,1.01,47881
2012-01-06,1.01,1.01,1.0,1.0,16500
2012-01-09,0.98,1.05,0.98,1.05,7500
2012-01-10,1.05,1.05,0.93,0.93,8200
2012-01-11,0.93,0.93,0.93,0.93,3500
2012-01-12,0.93,0.93,0.89,0.9,31500
2012-01-13,,,,0.9,0
2012-01-17,,,,0.87,0
2012-01-19,0.9,0.9,0.84,0.84,10500
2012-01-20,0.89,0.95,0.89,0.95,15500
2012-01-23,0.9,0.93,0.9,0.9,19000
2012-01-24,0.95,0.95,0.9,0.9,16225
2012-01-25,0.86,1.01,0.79,1.01,105475
2012-01-26,,,,0.96,0
2012-01-30,1.01,1.35,1.01,1.35,37085
2012-01-31,1.45,1.55,1.25,1.5,52100
2012-02-01,,,,1.72,0
2012-02-03,1.72,2.05,1.72,2.05,15881
2012-02-06,1.85,1.85,1.71,1.71,21001
2012-02-07,1.85,1.85,1.85,1.85,475
2012-02-08,1.85,1.85,1.85,1.85,290
2012-02-09,1.6,1.6,1.6,1.6,400
2012-02-10,1.73,1.73,1.35,1.55,29000
2012-02-13,1.4,1.5,0.85,1.5,33520
2012-02-14,1.45,1.5,1.4,1.4,6050
2012-02-16,1.35,1.5,1.25,1.5,15000
2012-02-17,1.55,1.6,1.55,1.6,2250
2012-02-21,1.6,1.75,1.6,1.7,20500
2012-02-22,1.5,1.55,1.45,1.45,3225
2012-02-23,1.5,1.5,1.4,1.4,7419
2012-02-24,1.45,1.55,1.45,1.55,3495
2012-02-27,1.6,1.65,1.6,1.6,2500
2012-02-28,1.5,1.5,1.45,1.45,5859
2012-02-29,1.6,1.6,1.6,1.6,241
2012-03-01,1.5,1.6,1.5,1.6,1600
2012-03-05,1.45,1.45,1.35,1.35,2000
2012-03-07,1.25,1.25,1.1,1.2,4500
2012-03-08,1.25,1.25,1.25,1.25,500
2012-03-09,1.4,1.4,1.38,1.4,6200
2012-03-12,1.25,1.25,1.25,1.25,4000
2012-03-14,1.25,1.35,1.25,1.35,5500
2012-03-15,1.25,1.3,1.2,1.2,3200
2012-03-16,1.25,1.25,1.25,1.25,1000
2012-03-20,1.25,1.25,1.25,1.25,1700
2012-03-22,1.2,1.2,0.95,1.05,16300
2012-03-27,1.02,1.02,1.02,1.02,500
2012-03-28,1.02,1.02,1.02,1.02,1550
2012-03-29,1.1,1.15,1.05,1.15,10600
2012-03-30,1.12,1.15,1.12,1.15,6195
2012-04-02,1.15,1.15,1.15,1.15,4500
2012-04-03,1.25,1.3,1.2,1.25,10665
2012-04-05,1.25,1.25,1.25,1.25,500
2012-04-13,1.3,1.3,1.2,1.2,1475
2012-04-17,1.25,1.25,1.25,1.25,1000
2012-04-25,1.1,1.3,1.1,1.3,6395
2012-04-26,1.35,1.45,1.35,1.4,2600
2012-04-27,1.4,1.45,1.4,1.45,3495
2012-04-30,1.4,1.4,1.4,1.4,250
2012-05-04,1.3,1.3,1.3,1.3,500
2012-05-09,1.2,1.2,1.2,1.2,1000
2012-05-10,1.2,1.2,1.2,1.2,500
2012-05-21,1.1,1.1,0.9,0.9,7095
2012-05-22,1.05,1.05,1.05,1.05,1000
2012-05-23,1.03,1.03,0.95,0.95,5500
2012-05-24,0.9,1.0,0.9,1.0,7488
2012-05-25,1.0,1.05,1.0,1.05,24280
2012-05-30,0.95,1.0,0.93,0.93,12450
2012-06-01,1.01,1.03,1.01,1.03,3600
2012-06-05,1.03,1.03,1.03,1.03,2000
2012-06-07,1.03,1.03,1.03,1.03,100
2012-06-08,1.03,1.03,1.03,1.03,100
2012-06-11,0.91,0.91,0.9,0.9,2700
2012-06-12,0.8,1.05,0.8,1.01,35150
2012-06-13,0.9,1.01,0.9,0.9,11300
2012-06-14,0.83,1.05,0.83,1.05,21400
2012-06-15,0.85,1.0,0.85,1.0,5457
2012-06-19,0.73,1.15,0.73,1.15,8376
2012-06-20,1.25,1.25,1.25,1.25,2000
2012-06-21,1.4,1.5,1.4,1.5,3900
2012-06-22,0.85,1.45,0.85,1.45,1000
2012-06-27,1.39,1.47,1.39,1.41,10100
2012-06-28,1.44,1.6,1.44,1.59,26194
2012-06-29,1.6,1.6,1.59,1.59,17000
2012-07-02,1.64,1.7,1.6,1.65,7700
2012-07-03,1.46,1.9,1.46,1.9,26581
2012-07-05,1.75,1.85,1.73,1.85,13862
2012-07-06,1.85,2.05,1.7,2.05,32895
2012-07-09,2.05,2.13,1.9,2.0,8452
2012-07-10,2.1,2.12,2.05,2.1,20400
2012-07-11,2.05,2.13,2.05,2.08,22000
2012-07-12,2.08,2.13,1.75,2.13,107951
2012-07-13,2.13,2.22,2.0,2.15,27450
2012-07-16,1.97,2.1,1.97,2.1,1650
2012-07-17,2.09,2.4,2.01,2.4,28944
2012-07-18,2.45,2.45,2.27,2.42,10495
2012-07-20,2.25,2.3,2.08,2.2,9450
2012-07-23,2.0,2.0,2.0,2.0,2100
2012-07-24,2.0,2.0,1.99,1.99,1000
2012-07-25,2.14,2.27,2.0,2.2,13750
2012-07-26,2.18,2.18,2.1,2.18,2100
2012-07-27,2.12,2.25,1.6,2.2,47170
2012-07-30,2.2,2.2,2.2,2.2,500
2012-07-31,2.2,2.23,2.1,2.23,3200
2012-08-02,2.23,2.25,2.23,2.23,16300
2012-08-03,2.25,2.38,2.25,2.35,10900
2012-08-06,2.25,2.25,2.25,2.25,4050
2012-08-07,2.25,2.25,2.15,2.25,16995
2012-08-08,2.24,2.35,2.24,2.27,32500
2012-08-09,2.25,2.26,2.25,2.26,4400
2012-08-10,2.25,2.3,2.2,2.26,37535
2012-08-13,2.25,2.25,2.11,2.25,19605
2012-08-14,2.15,2.2,2.15,2.2,940
2012-08-15,2.11,2.15,2.1,2.15,36500
2012-08-16,2.09,2.15,2.09,2.15,1620
2012-08-17,2.19,2.19,2.05,2.05,10837
2012-08-20,2.05,2.05,2.05,2.05,4600
2012-08-21,2.0,2.05,2.0,2.05,9500
2012-08-22,2.05,2.05,2.05,2.05,1740
2012-08-23,2.05,2.05,2.05,2.05,250
2012-08-24,1.95,2.1,1.14,2.1,18320
2012-08-27,1.99,2.05,1.99,2.05,11100
2012-08-28,2.1,2.1,1.95,2.0,3100
2012-08-29,2.0,2.0,2.0,2.0,4500
2012-08-30,1.92,2.0,1.85,2.0,2705
2012-08-31,1.9,1.9,1.9,1.9,750
2012-09-04,1.9,1.9,1.89,1.9,2470
2012-09-05,1.7,1.9,1.7,1.9,6775
2012-09-06,1.89,1.9,1.85,1.85,2495
2012-09-07,1.9,2.0,1.9,2.0,11395
2012-09-10,2.0,2.06,1.9,2.05,7435
2012-09-11,2.09,2.09,2.0,2.0,2705
2012-09-12,2.0,2.05,1.99,2.0,10950
2012-09-13,2.0,2.06,1.9,1.9,12445
2012-09-14,1.9,1.99,1.9,1.99,9400
2012-09-17,2.0,2.0,2.0,2.0,3000
2012-09-18,2.0,2.0,1.95,1.95,2500
2012-09-21,1.94,1.95,1.85,1.95,6765
2012-09-24,1.95,1.95,1.9,1.9,18000
2012-09-25,1.95,2.05,1.93,2.05,18665
2012-09-26,2.05,2.1,2.05,2.08,16050
2012-09-27,2.06,2.1,2.04,2.05,18990
2012-09-28,2.05,2.07,2.0,2.07,16180
2012-10-01,2.06,2.07,2.06,2.07,4500
2012-10-02,2.03,2.03,2.03,2.03,250
2012-10-03,2.0,2.0,2.0,2.0,7700
2012-10-04,1.95,1.95,1.95,1.95,1500
2012-10-05,1.95,1.95,1.9,1.9,1625
2012-10-08,1.9,1.95,1.9,1.95,1500
2012-10-09,2.0,2.1,2.0,2.1,18700
2012-10-10,2.1,2.1,2.04,2.05,6750
2012-10-11,1.95,2.1,1.95,2.0,16275
2012-10-12,2.1,2.1,2.09,2.09,5700
2012-10-15,2.08,2.08,1.97,2.0,12350
2012-10-16,2.0,2.0,1.95,1.95,1800
2012-10-17,1.95,1.95,1.82,1.95,10700
2012-10-18,1.99,1.99,1.99,1.99,1500
2012-10-19,1.85,2.0,1.85,2.0,795
2012-10-22,1.99,1.99,1.99,1.99,1250
2012-10-23,1.98,1.98,1.98,1.98,1500
2012-10-24,1.85,1.85,1.75,1.8,8500
2012-10-25,1.8,1.9,1.8,1.9,2000
2012-10-31,1.9,1.9,1.7,1.89,7100
2012-11-01,2.0,2.0,1.91,2.0,700
2012-11-02,2.0,2.0,1.91,1.91,11600
2012-11-05,1.95,1.95,1.95,1.95,500
2012-11-08,1.85,1.85,1.6,1.75,7000
2012-11-12,1.65,1.75,1.65,1.75,2000
2012-11-13,1.7,1.8,1.7,1.8,3000
2012-11-14,1.8,1.85,1.8,1.85,6000
2012-11-15,1.85,1.85,1.65,1.8,29300
2012-11-16,1.8,1.84,1.8,1.84,33467
2012-11-19,1.85,2.0,1.85,2.0,42600
2012-11-20,2.0,2.14,2.0,2.14,54400
2012-11-21,2.19,2.29,2.1,2.25,114750
2012-11-23,2.27,2.28,2.2,2.23,6550
2012-11-26,2.22,2.22,2.22,2.22,1100
2012-11-27,2.29,2.29,2.19,2.2,1550
2012-11-28,2.24,2.24,2.24,2.24,200
2012-11-29,2.29,2.29,2.0,2.29,71050
2012-11-30,2.29,2.3,2.1,2.29,8727
2012-12-03,2.29,2.29,2.2,2.2,3757
2012-12-04,2.2,2.3,2.15,2.15,11010
2012-12-05,2.12,2.25,2.12,2.2,4300
2012-12-06,2.28,2.35,2.28,2.3,16583
2012-12-07,2.3,2.39,2.27,2.38,21400
2012-12-10,2.3,2.38,2.25,2.25,7990
2012-12-11,2.22,2.55,2.19,2.55,35940
2012-12-12,2.5,2.55,2.41,2.55,28838
2012-12-13,2.62,2.66,2.21,2.25,29000
2012-12-14,2.26,2.26,2.1,2.18,12389
2012-12-17,2.18,2.25,2.18,2.2,1100
2012-12-18,2.16,2.16,2.15,2.15,2200
2012-12-19,2.15,2.15,2.05,2.07,7215
2012-12-20,2.07,2.14,2.0,2.14,15200
2012-12-21,2.05,2.05,2.0,2.03,1500
2012-12-24,2.0,2.1,2.0,2.1,13400
2012-12-26,2.1,2.1,1.95,2.08,6624
2012-12-27,2.0,2.0,2.0,2.0,200
2012-12-28,1.95,2.0,1.85,2.0,2176
2012-12-31,1.94,2.02,1.65,2.02,15719
2013-01-02,1.99,2.02,1.9,2.02,10500
2013-01-03,2.02,2.02,1.9,2.0,8000
2013-01-04,2.09,2.09,1.95,1.95,2800
2013-01-07,2.09,2.09,2.04,2.04,2604
2013-01-08,2.04,2.09,2.04,2.05,7796
2013-01-09,2.01,2.04,1.75,2.04,4119
2013-01-10,2.04,2.04,1.77,2.0,5200
2013-01-11,2.02,2.05,1.78,2.05,4300
2013-01-16,2.0,2.02,2.0,2.02,1800
2013-01-17,1.95,1.96,1.95,1.96,1600
2013-01-22,1.95,1.95,1.95,1.95,1400
2013-01-23,1.95,2.01,1.8,1.97,73130
2013-01-24,1.97,1.97,1.95,1.97,10800
2013-01-25,1.96,1.96,1.96,1.96,150
2013-01-28,1.95,2.0,1.81,1.99,70442
2013-01-29,1.95,2.0,1.95,2.0,30905
2013-01-30,2.02,2.02,2.02,2.02,1000
2013-01-31,2.0,2.0,2.0,2.0,600
2013-02-04,2.0,2.1,1.97,2.1,20700
2013-02-05,2.17,2.25,2.15,2.23,5390
2013-02-06,2.1,2.1,1.8,2.0,8200
2013-02-07,2.0,2.0,2.0,2.0,2800
2013-02-08,2.0,2.0,2.0,2.0,300
2013-02-11,1.8,2.07,1.8,1.9,1100
2013-02-14,1.95,1.95,1.95,1.95,380
2013-02-15,2.2,2.2,2.2,2.2,500
2013-02-20,2.0,2.0,1.99,2.0,5100
2013-02-21,2.0,2.01,1.8,2.0,6700
2013-02-22,1.95,2.09,1.95,2.0,9207
2013-02-26,1.99,2.05,1.99,2.05,51466
2013-02-27,2.03,2.08,2.03,2.03,4300
2013-02-28,2.01,2.1,2.0,2.1,60984
2013-03-01,2.1,2.1,2.1,2.1,30740
2013-03-04,2.1,2.1,2.0,2.0,3400
2013-03-05,2.0,2.0,2.0,2.0,2300
2013-03-06,2.0,2.02,2.0,2.0,8400
2013-03-07,2.0,2.1,2.0,2.1,42800
2013-03-08,2.1,2.18,2.1,2.18,9550
2013-03-11,2.15,2.15,2.15,2.15,15270
2013-03-12,2.0,2.15,1.96,2.0,15821
2013-03-13,2.0,2.23,2.0,2.2,11470
2013-03-14,2.15,2.28,2.15,2.28,28650
2013-03-15,2.3,2.31,2.2,2.2,26500
2013-03-18,2.3,2.3,2.2,2.25,14129
2013-03-19,2.25,2.25,2.25,2.25,2100
2013-03-20,2.15,2.25,2.15,2.25,23100
2013-03-21,2.15,2.2,2.15,2.2,3400
2013-03-22,2.29,2.29,2.29,2.29,700
2013-03-25,2.25,2.25,2.25,2.25,1300
2013-03-27,2.2,2.2,2.15,2.15,2500
2013-03-28,2.15,2.15,2.1,2.1,13800
2013-04-01,2.1,2.1,2.0,2.0,13100
2013-04-02,2.0,2.0,2.0,2.0,2100
2013-04-03,2.05,2.2,2.0,2.1,12800
2013-04-08,2.0,2.0,2.0,2.0,2500
2013-04-09,2.0,2.0,2.0,2.0,6720
2013-04-10,1.9,2.0,1.7,2.0,13179
2013-04-11,2.0,2.09,1.85,2.03,45250
2013-04-12,2.05,2.09,2.05,2.09,2000
2013-04-15,2.01,2.01,1.76,1.85,15400
2013-04-16,1.85,2.1,1.85,2.1,6000
2013-04-17,2.09,2.1,1.9,2.1,5140
2013-04-18,2.1,2.1,2.06,2.1,8700
2013-04-19,2.12,2.12,2.1,2.1,1200
2013-04-22,2.1,2.12,2.0,2.0,10300
2013-04-23,2.0,2.0,2.0,2.0,1700
2013-04-25,2.1,2.27,2.1,2.25,18000
2013-04-26,2.26,2.34,2.26,2.3,10075
2013-04-29,2.2,2.3,2.2,2.3,1100
2013-05-01,2.25,2.29,2.0,2.25,68755
2013-05-02,2.25,2.25,2.09,2.1,15584
2013-05-03,2.09,2.09,2.05,2.05,9785
2013-05-06,2.0,2.05,2.0,2.0,6800
2013-05-07,2.05,2.15,2.05,2.15,10750
2013-05-08,2.1,2.1,2.1,2.1,395
2013-05-09,2.11,2.15,2.07,2.15,13800
2013-05-13,2.1,2.1,2.0,2.0,5800
2013-05-15,1.9,2.1,1.82,2.1,7450
2013-05-16,2.0,2.0,2.0,2.0,2000
2013-05-17,2.07,2.15,1.92,2.05,38678
2013-05-20,1.92,2.08,1.92,2.08,10600
2013-05-21,2.0,2.02,2.0,2.0,18045
2013-05-22,2.05,2.05,1.75,1.99,11500
2013-05-23,1.81,2.05,1.77,2.05,5780
2013-05-24,2.05,2.1,2.01,2.02,22454
2013-05-28,2.0,2.0,2.0,2.0,2000
2013-05-30,2.0,2.0,2.0,2.0,420
2013-06-03,2.0,2.0,2.0,2.0,1000
2013-06-04,1.9,1.9,1.85,1.85,2100
2013-06-06,1.85,1.95,1.85,1.95,6130
2013-06-07,1.95,1.95,1.9,1.9,1450
2013-06-10,1.94,1.94,1.93,1.93,2000
2013-06-11,1.93,1.93,1.93,1.93,900
2013-06-12,1.9,1.9,1.9,1.9,1000
2013-06-13,1.88,1.88,1.85,1.85,1275
2013-06-17,1.85,1.95,1.8,1.9,10445
2013-06-18,1.95,1.95,1.95,1.95,10050
2013-06-19,1.95,2.0,1.95,2.0,6500
2013-06-20,1.9,1.9,1.9,1.9,2000
2013-06-21,1.9,1.9,1.9,1.9,1000
2013-06-24,1.94,1.94,1.94,1.94,1000
2013-06-25,2.0,2.03,1.94,2.03,55035
2013-06-26,2.0,2.0,1.91,1.94,20330
2013-06-27,1.92,1.92,1.9,1.9,1850
2013-06-28,1.94,1.99,1.94,1.99,5500
2013-07-01,1.95,1.99,1.85,1.99,24340
2013-07-02,1.95,2.1,1.95,2.0,37500
2013-07-03,1.98,2.05,1.95,2.05,30100
2013-07-05,2.0,2.13,2.0,2.13,4300
2013-07-08,2.14,2.15,2.14,2.15,12800
2013-07-09,2.15,2.25,2.15,2.2,25100
2013-07-10,2.19,2.25,2.19,2.2,7700
2013-07-11,2.2,2.22,2.15,2.15,20470
2013-07-12,2.15,2.25,2.15,2.25,19700
2013-07-15,2.2,2.25,2.2,2.25,4600
2013-07-16,2.25,2.28,2.2,2.25,13475
2013-07-17,2.25,2.25,2.21,2.21,1000
2013-07-18,2.2,2.29,2.2,2.28,3200
2013-07-19,2.25,2.29,2.25,2.29,12600
2013-07-22,2.25,2.25,2.25,2.25,100
2013-07-23,2.15,2.25,2.13,2.25,10300
2013-07-24,2.25,2.4,2.25,2.38,62400
2013-07-25,2.4,3.1,2.4,2.9,108600
2013-07-26,2.9,3.0,2.75,2.9,17525
2013-07-29,2.91,3.0,2.6,2.64,11346
2013-07-30,2.6,2.65,2.5,2.65,39900
2013-07-31,2.51,2.66,2.51,2.66,6800
2013-08-01,2.66,2.66,2.66,2.66,3850
2013-08-02,2.54,2.55,2.31,2.31,4400
2013-08-05,2.5,2.5,2.5,2.5,12250
2013-08-06,2.69,2.69,2.11,2.3,16940
2013-08-07,2.3,3.35,2.25,3.35,50550
2013-08-08,3.15,3.15,2.45,2.5,21500
2013-08-09,2.5,2.81,2.48,2.8,69795
2013-08-12,2.99,3.02,2.75,3.02,21805
2013-08-13,2.89,3.0,2.88,3.0,7500
2013-08-14,2.9,3.05,2.73,2.98,85715
2013-08-15,3.0,3.0,2.98,3.0,12750
2013-08-16,3.02,3.02,2.8,3.0,43665
2013-08-19,3.0,3.5,3.0,3.5,28208
2013-08-20,3.5,3.5,3.32,3.5,11850
2013-08-21,3.35,3.45,2.7,3.4,7500
2013-08-22,3.3,3.4,3.3,3.4,5310
2013-08-23,3.26,3.5,3.26,3.5,7650
2013-08-26,3.47,3.47,3.3,3.3,420
2013-08-27,3.47,3.47,3.25,3.25,16950
2013-08-28,3.25,3.35,3.15,3.15,37990
2013-08-29,3.25,3.35,3.2,3.25,10300
2013-08-30,3.1,3.1,3.1,3.1,900
2013-09-03,3.1,3.3,3.1,3.3,5718
2013-09-04,3.1,3.35,3.0,3.25,3950
2013-09-05,3.25,3.35,3.25,3.35,3310
2013-09-06,3.35,3.35,3.35,3.35,2200
2013-09-09,3.35,3.35,2.91,3.23,3930
2013-09-11,3.15,3.15,3.14,3.14,1100
2013-09-12,3.05,3.14,3.0,3.0,15800
2013-09-13,3.0,3.01,3.0,3.0,5000
2013-09-17,2.99,3.1,2.85,2.95,14210
2013-09-19,2.85,3.0,2.54,2.95,8050
2013-09-20,3.0,3.0,3.0,3.0,3835
2013-09-23,2.95,2.95,2.95,2.95,2000
2013-09-24,2.95,3.0,2.94,2.95,7827
2013-09-25,3.0,3.0,2.85,3.0,11200
2013-09-26,2.85,3.1,2.6,3.1,21838
2013-09-27,3.0,3.25,3.0,3.15,29100
2013-09-30,3.0,3.1,2.68,3.1,5500
2013-10-01,3.1,3.1,2.65,3.1,8050
2013-10-02,3.1,3.1,3.1,3.1,2500
2013-10-03,3.08,3.1,3.05,3.1,12990
2013-10-04,3.06,3.1,3.0,3.1,19650
2013-10-07,3.0,3.0,3.0,3.0,700
2013-10-08,3.0,3.25,2.99,3.19,29652
2013-10-09,3.18,3.2,3.18,3.2,13500
2013-10-10,3.2,3.25,3.13,3.22,26960
2013-10-11,3.19,3.25,3.19,3.2,13795
2013-10-14,3.11,3.29,3.05,3.25,22660
2013-10-15,3.25,3.25,3.01,3.2,21150
2013-10-16,3.05,3.5,3.0,3.4,15295
2013-10-17,3.5,3.75,3.4,3.75,49050
2013-10-18,3.7,3.75,3.6,3.7,9400
2013-10-21,3.7,3.7,3.63,3.63,15730
2013-10-22,3.61,3.62,3.25,3.6,9850
2013-10-23,3.6,3.75,3.5,3.5,8800
2013-10-24,3.55,3.55,3.54,3.55,8170
2013-10-25,3.54,3.9,3.45,3.8,21430
2013-10-28,3.73,3.97,3.39,3.94,10875
2013-10-29,3.9,4.05,3.9,4.04,39680
2013-10-30,4.04,4.07,4.0,4.07,13595
2013-10-31,4.07,4.1,4.0,4.1,5900
2013-11-01,4.19,4.4,4.0,4.3,542002
2013-11-04,4.3,4.5,4.08,4.35,63750
2013-11-05,4.35,4.4,4.35,4.35,9740
2013-11-06,4.4,4.49,4.4,4.41,10854
2013-11-07,4.4,4.4,4.4,4.4,3548
2013-11-08,4.36,4.62,4.26,4.42,38140
2013-11-11,4.45,4.45,4.37,4.4,7070
2013-11-12,4.4,4.4,4.25,4.25,9200
2013-11-13,4.26,4.36,4.26,4.31,15220
2013-11-14,4.4,4.4,4.25,4.4,18910
2013-11-15,4.42,4.44,4.25,4.25,20760
2013-11-18,4.2,4.2,4.0,4.08,16536
2013-11-19,4.0,4.18,4.0,4.15,6530
2013-11-20,4.1,4.17,4.1,4.16,19200
2013-11-21,4.11,4.18,4.1,4.18,7226
2013-11-22,4.18,4.4,4.18,4.4,24385
2013-11-25,4.2,4.3,4.01,4.3,47991
2013-11-26,4.18,4.39,4.15,4.3,20000
2013-11-27,4.25,4.38,4.1,4.38,16800
2013-11-29,4.38,4.38,4.05,4.35,68150
2013-12-02,4.35,4.35,4.03,4.23,10700
2013-12-03,4.2,4.24,4.15,4.24,12135
2013-12-04,4.24,4.39,4.2,4.39,8280
2013-12-05,4.31,4.39,4.3,4.39,16500
2013-12-06,4.36,4.41,4.35,4.41,33450
2013-12-09,4.4,4.4,4.3,4.3,5870
2013-12-10,4.41,4.5,4.4,4.45,23459
2013-12-11,4.45,4.65,4.45,4.65,30900
2013-12-12,4.6,4.85,4.6,4.85,43000
2013-12-13,4.92,6.75,4.92,5.83,85756
2013-12-16,6.0,6.0,5.44,5.45,133177
2013-12-17,5.5,5.5,4.51,5.25,28036
2013-12-18,5.1,5.1,5.0,5.0,14020
2013-12-19,5.0,5.0,4.61,4.95,23546
2013-12-20,4.55,4.97,4.51,4.53,61414
2013-12-23,4.55,4.59,4.31,4.31,139862
2013-12-24,4.35,4.7,4.35,4.6,24841
2013-12-26,4.65,4.75,4.45,4.55,21795
2013-12-27,4.48,4.62,4.17,4.49,77409
2013-12-30,4.4,4.4,4.4,4.4,5500
2013-12-31,4.05,4.39,4.05,4.37,18868
2014-01-02,4.36,4.4,4.15,4.21,5335
2014-01-03,4.4,4.5,4.3,4.3,13260
2014-01-06,4.35,4.75,4.3,4.62,42428
2014-01-07,4.75,4.8,4.65,4.79,27498
2014-01-08,4.54,4.79,4.5,4.69,5988
2014-01-09,4.5,4.84,4.5,4.79,47876
2014-01-10,4.8,4.87,4.73,4.84,44791
2014-01-13,4.9,5.15,4.9,5.14,12095
2014-01-14,5.14,5.15,5.0,5.1,22302
2014-01-15,5.06,5.06,4.81,4.9,26228
2014-01-16,5.0,5.0,4.9,4.9,35475
2014-01-17,5.1,5.17,4.73,4.86,37709
2014-01-21,4.85,4.85,4.7,4.75,22878
2014-01-22,4.66,4.8,4.6,4.76,13714
2014-01-23,4.8,4.8,4.6,4.78,9210
2014-01-24,4.6,4.7,4.3,4.7,49939
2014-01-27,4.75,4.75,4.59,4.59,6588
2014-01-28,4.64,4.69,4.51,4.51,10429
2014-01-29,4.6,4.6,4.44,4.44,26391
2014-01-30,4.35,4.79,4.35,4.61,27960
2014-01-31,4.9,4.9,4.61,4.74,30187
2014-02-03,4.73,4.74,4.42,4.43,35924
2014-02-04,4.6,4.72,4.39,4.5,12598
2014-02-05,4.36,4.45,4.32,4.45,18583
2014-02-06,4.38,4.5,4.38,4.5,8557
2014-02-07,4.5,4.61,4.45,4.5,26516
2014-02-10,4.3,4.5,4.3,4.49,47446
2014-02-11,4.48,4.5,4.35,4.4,63850
2014-02-12,4.35,4.49,4.35,4.41,18418
2014-02-13,4.4,4.53,4.4,4.53,37040
2014-02-14,4.4,5.02,4.4,5.02,72636
2014-02-18,5.24,5.24,4.8,5.0,16498
2014-02-19,5.0,5.0,4.8,4.8,58910
2014-02-20,4.95,4.96,4.85,4.86,36805
2014-02-21,4.92,5.0,4.58,5.0,56558
2014-02-24,5.01,5.15,4.95,4.95,43516
2014-02-25,4.83,5.0,4.83,4.96,21300
2014-02-26,4.89,5.05,4.84,4.89,6814
2014-02-27,4.89,5.1,4.89,5.0,56413
2014-02-28,5.05,5.12,4.96,5.05,32972
2014-03-03,5.05,5.05,4.91,5.05,21780
2014-03-04,5.0,5.1,5.0,5.05,26472
2014-03-05,4.98,5.1,4.9,5.0,20476
2014-03-06,5.0,5.1,4.93,5.03,36988
2014-03-07,5.05,5.05,4.94,4.94,20801
2014-03-10,5.1,5.1,4.77,4.77,20153
2014-03-11,4.87,5.1,4.7,4.95,18612
2014-03-12,4.95,5.0,4.89,4.95,7791
2014-03-13,4.98,5.0,4.85,4.86,8608
2014-03-14,4.86,4.95,4.71,4.95,19647
2014-03-17,4.9,4.9,4.76,4.85,8901
2014-03-18,4.95,5.12,4.84,5.06,78428
2014-03-19,5.02,5.05,4.96,5.0,4815
2014-03-20,5.0,5.22,4.99,5.17,81070
2014-03-21,5.17,5.41,5.06,5.19,239414
2014-03-24,5.19,5.29,5.15,5.22,44416
2014-03-25,5.25,5.27,5.16,5.27,35721
2014-03-26,5.3,5.3,5.0,5.19,21344
2014-03-27,5.11,5.19,5.0,5.14,51069
2014-03-28,5.15,5.17,4.93,5.13,41510
2014-03-31,5.19,5.19,5.01,5.06,31155
2014-04-01,5.18,5.41,5.0,5.05,64720
2014-04-02,5.02,5.03,4.89,4.99,30720
2014-04-03,5.0,5.07,4.91,4.93,30318
2014-04-04,5.01,5.06,4.88,4.99,19926
2014-04-07,4.99,4.99,4.88,4.94,12559
2014-04-08,4.95,4.95,4.91,4.92,817
2014-04-09,5.0,5.0,4.88,4.92,35881
2014-04-10,4.88,4.92,4.75,4.88,17164
2014-04-11,4.69,4.8,4.45,4.66,40989
2014-04-14,4.7,5.0,4.61,4.99,51388
2014-04-15,4.88,5.0,4.75,4.98,29035
2014-04-16,4.99,5.22,4.96,5.0,16494
2014-04-17,5.3,5.3,4.75,4.99,56969
2014-04-21,4.92,5.06,4.88,5.04,23442
2014-04-22,4.96,5.08,4.96,4.99,34128
2014-04-23,5.04,5.04,4.9,5.01,14363
2014-04-24,5.0,5.0,4.9,4.95,21555
2014-04-25,5.0,5.05,4.85,4.9,27252
2014-04-28,4.9,4.9,4.75,4.9,33060
2014-04-29,4.83,4.83,4.76,4.76,8700
2014-04-30,4.99,4.99,4.58,4.73,37816
2014-05-01,4.75,4.75,4.44,4.45,22670
2014-05-02,4.5,4.7,4.31,4.64,45644
2014-05-05,4.53,4.7,4.43,4.6,12400
2014-05-06,4.69,4.7,4.4,4.4,29634
2014-05-07,4.4,4.5,4.2,4.32,51923
2014-05-08,4.3,4.45,4.25,4.25,19324
2014-05-09,4.7,4.7,4.37,4.37,5400
2014-05-12,4.13,4.46,4.13,4.32,11990
2014-05-13,4.49,4.49,4.35,4.4,2410
2014-05-14,4.38,4.39,4.2,4.22,11564
2014-05-15,4.44,4.44,4.1,4.22,27490
2014-05-16,4.15,4.2,4.04,4.15,24975
2014-05-19,4.2,4.24,4.18,4.18,10400
2014-05-20,4.2,4.42,4.2,4.3,20418
2014-05-21,4.3,4.64,4.3,4.61,53098
2014-05-22,4.61,4.7,4.42,4.69,43223
2014-05-23,4.6,4.68,4.53,4.63,28535
2014-05-27,4.51,4.59,4.36,4.39,21595
2014-05-28,4.41,4.41,4.25,4.26,14858
2014-05-29,4.28,4.41,4.28,4.4,21440
2014-05-30,4.44,4.44,4.2,4.34,46996
2014-06-02,4.35,4.35,4.26,4.35,46574
2014-06-03,4.45,4.45,4.28,4.44,32685
2014-06-04,4.4,4.4,4.13,4.32,57948
2014-06-05,4.33,4.33,4.27,4.33,31600
2014-06-06,4.25,4.39,4.25,4.39,7488
2014-06-09,4.25,4.4,3.1,3.24,299758
2014-06-10,3.25,4.17,3.25,4.09,341882
2014-06-11,4.03,4.2,3.81,4.12,84178
2014-06-12,4.14,4.4,4.05,4.08,53146
2014-06-13,4.05,4.2,3.92,4.2,39904
2014-06-16,4.4,4.42,3.85,4.01,76005
2014-06-17,4.13,4.18,3.87,4.01,48669
2014-06-18,3.97,4.15,3.89,3.94,50775
2014-06-19,4.0,4.0,3.82,3.92,49753
2014-06-20,3.91,4.05,3.85,3.85,118243
2014-06-23,3.99,3.99,3.89,3.9,42821
2014-06-24,3.8,3.95,3.8,3.85,54303
2014-06-25,3.82,4.0,3.8,3.88,46082
2014-06-26,3.84,3.94,3.84,3.91,2900
2014-06-27,3.87,3.95,3.86,3.88,42776
2014-06-30,3.91,4.18,3.86,4.12,100664
2014-07-01,4.15,4.2,3.95,4.09,24031
2014-07-02,4.03,4.08,3.89,3.95,41060
2014-07-03,3.91,4.08,3.91,3.98,5595
2014-07-07,4.0,4.02,3.87,3.87,13653
2014-07-08,4.02,4.02,3.8,3.95,33780
2014-07-09,3.94,3.94,3.6,3.84,49552
2014-07-10,3.76,3.83,3.61,3.67,29355
2014-07-11,3.77,3.79,3.6,3.66,21826
2014-07-14,3.64,3.76,3.6,3.72,71978
2014-07-15,3.37,3.7,3.25,3.33,104645
2014-07-16,3.5,3.67,3.4,3.55,117047
2014-07-17,3.6,3.86,3.5,3.78,255058
2014-07-18,3.78,3.91,3.7,3.89,83762
2014-07-21,4.06,4.06,3.84,3.91,64369
2014-07-22,3.96,4.02,3.9,3.98,58810
2014-07-23,3.91,4.0,3.79,3.95,47856
2014-07-24,3.97,4.0,3.91,3.97,26209
2014-07-25,3.99,4.0,3.92,3.95,19475
2014-07-28,4.0,4.08,3.9,4.02,66526
2014-07-29,4.12,4.12,3.85,3.85,85035
2014-07-30,3.87,3.94,3.65,3.7,75889
2014-07-31,3.58,3.86,3.58,3.78,11141
2014-08-01,3.75,3.76,3.55,3.59,121560
2014-08-04,3.75,3.75,3.6,3.64,30342
2014-08-05,3.7,3.7,3.63,3.7,19016
2014-08-06,3.63,3.79,3.63,3.75,21292
2014-08-07,3.8,3.85,3.61,3.77,73145
2014-08-08,3.8,3.84,3.6,3.74,42050
2014-08-11,3.71,3.8,3.6,3.66,19191
2014-08-12,3.61,3.68,3.4,3.56,88515
2014-08-13,3.55,3.62,3.4,3.6,146618
2014-08-14,3.6,4.0,3.59,3.86,192796
2014-08-15,3.93,4.01,3.6,3.81,75570
2014-08-18,3.7,3.85,3.7,3.85,48367
2014-08-19,3.84,3.85,3.68,3.84,31493
2014-08-20,3.71,3.8,3.6,3.67,12461
2014-08-21,3.62,3.84,3.62,3.84,22699
2014-08-22,3.6,3.86,3.6,3.84,33850
2014-08-25,3.66,3.79,3.65,3.75,48859
2014-08-26,3.66,3.72,3.6,3.6,39673
2014-08-27,3.75,3.75,3.61,3.73,45522
2014-08-28,3.75,3.75,3.62,3.7,9171
2014-08-29,3.75,3.76,3.6,3.65,78984
2014-09-02,3.65,3.65,3.62,3.63,1575
2014-09-03,3.63,3.65,3.49,3.65,21544
2014-09-04,3.6,3.6,3.47,3.5,36576
2014-09-05,3.49,3.5,3.4,3.5,34429
2014-09-08,3.5,3.61,3.5,3.52,4372
2014-09-09,3.55,3.62,3.5,3.58,23218
2014-09-10,3.59,3.74,3.52,3.7,63592
2014-09-11,3.65,3.87,3.65,3.81,30558
2014-09-12,3.84,3.86,3.7,3.7,22854
2014-09-15,3.82,3.87,3.65,3.79,22838
2014-09-16,3.74,3.95,3.69,3.82,44256
2014-09-17,3.84,3.85,3.75,3.83,39223
2014-09-18,3.8,3.82,3.61,3.65,106660
2014-09-19,3.67,3.79,3.6,3.68,56494
2014-09-22,3.59,3.65,3.51,3.65,9379
2014-09-23,3.64,3.64,3.4,3.63,11772
2014-09-24,3.48,3.55,3.48,3.5,10880
2014-09-25,3.5,3.55,3.5,3.55,7557
2014-09-26,3.55,3.64,3.46,3.56,31517
2014-09-29,3.57,3.57,3.26,3.38,26920
2014-09-30,3.36,3.6,3.36,3.6,7281
2014-10-01,3.59,3.59,3.49,3.5,1806
2014-10-02,3.5,3.5,2.88,3.49,146471
2014-10-03,3.45,3.45,3.24,3.42,30207
2014-10-06,3.48,3.48,3.13,3.36,70350
2014-10-07,3.24,3.3,3.09,3.26,11875
2014-10-08,3.15,3.15,2.93,2.99,107071
2014-10-09,2.95,3.04,2.85,2.99,38419
2014-10-10,3.03,3.39,2.9,3.2,133682
2014-10-13,3.44,3.44,2.83,2.99,89599
2014-10-14,3.04,3.04,2.76,2.82,24574
2014-10-15,2.8,2.96,2.21,2.4,216085
2014-10-16,2.39,2.75,2.35,2.49,126143
2014-10-17,2.55,2.82,2.45,2.5,109622
2014-10-20,2.55,2.62,2.25,2.31,36738
2014-10-21,2.35,2.6,2.24,2.45,139139
2014-10-22,2.44,2.44,2.11,2.16,74470
2014-10-23,2.29,2.29,2.05,2.07,56698
2014-10-24,2.25,2.35,2.14,2.35,87630
2014-10-27,2.37,2.37,2.15,2.19,85900
2014-10-28,2.12,2.18,1.95,1.98,127025
2014-10-29,2.0,2.0,1.74,1.74,88217
2014-10-30,1.75,1.99,1.53,1.85,301263
2014-10-31,1.8,1.85,1.75,1.76,53137
2014-11-03,1.81,1.81,1.67,1.67,60946
2014-11-04,1.6,1.61,1.51,1.52,51374
2014-11-05,1.5,1.69,1.5,1.66,61530
2014-11-06,1.63,1.63,1.56,1.62,9197
2014-11-07,1.62,1.9,1.56,1.74,116643
2014-11-10,1.83,1.98,1.46,1.48,105865
2014-11-11,1.6,1.6,1.4,1.48,30272
2014-11-12,1.44,1.52,1.4,1.41,30512
2014-11-13,1.46,1.51,1.32,1.35,73715
2014-11-14,1.29,1.38,1.16,1.3,70592
2014-11-17,1.25,1.45,1.25,1.37,51222
2014-11-18,1.38,1.38,1.25,1.36,63616
2014-11-19,1.38,1.38,1.25,1.28,78674
2014-11-20,1.31,1.38,1.25,1.35,41566
2014-11-21,1.33,1.5,1.33,1.45,145989
2014-11-24,1.47,1.56,1.42,1.55,109316
2014-11-25,1.5,1.5,1.26,1.43,52386
2014-11-26,1.5,1.5,1.26,1.32,73996
2014-11-28,1.3,1.3,1.0,1.11,159373
2014-12-01,1.26,1.26,1.0,1.08,169391
2014-12-02,1.1,1.22,1.03,1.08,175249
2014-12-03,1.03,1.1,1.03,1.06,85801
2014-12-04,1.06,1.09,0.88,0.98,171384
2014-12-05,0.96,1.0,0.84,0.98,208980
2014-12-08,0.99,1.01,0.87,0.94,95131
2014-12-09,0.92,0.97,0.78,0.86,94538
2014-12-10,0.92,0.92,0.8,0.85,87257
2014-12-11,0.86,0.91,0.82,0.89,63146
2014-12-12,0.88,0.94,0.83,0.85,137323
2014-12-15,0.93,0.94,0.76,0.82,111752
2014-12-16,0.8,0.87,0.7,0.7,614463
2014-12-17,0.7,0.78,0.64,0.78,181543
2014-12-18,0.8,0.91,0.67,0.73,293228
2014-12-19,0.75,0.88,0.75,0.8,226900
2014-12-22,0.83,0.87,0.77,0.82,202900
2014-12-23,0.79,0.9,0.79,0.88,364459
2014-12-24,0.86,0.89,0.79,0.82,328561
2014-12-26,0.89,1.07,0.83,0.98,909451
2014-12-29,1.03,1.09,0.75,0.84,492478
2014-12-30,0.81,0.84,0.75,0.8,200860
2014-12-31,0.8,0.9,0.76,0.83,370103
2015-01-02,0.73,0.83,0.65,0.78,321449
2015-01-05,0.75,0.75,0.7,0.71,106461
2015-01-06,0.7,0.71,0.61,0.67,232832
2015-01-07,0.66,0.7,0.61,0.62,232762
2015-01-08,0.62,0.67,0.54,0.6,93855
2015-01-09,0.63,0.66,0.61,0.61,172816
2015-01-12,0.6,0.6,0.52,0.55,117437
2015-01-13,0.55,0.59,0.51,0.54,112873
2015-01-14,0.56,0.57,0.51,0.57,174666
2015-01-15,0.57,0.62,0.49,0.5,115359
2015-01-16,0.5,0.5,0.42,0.47,196381
2015-01-20,0.5,0.5,0.42,0.46,151184
2015-01-21,0.47,0.47,0.42,0.42,62291
2015-01-22,0.47,0.47,0.35,0.4,177735
2015-01-23,0.42,0.7,0.4,0.69,377515
2015-01-26,0.65,0.7,0.54,0.69,203098
2015-01-27,0.7,0.7,0.55,0.63,221118
2015-01-28,0.62,0.67,0.58,0.6,122342
2015-01-29,0.57,0.57,0.49,0.55,110821
2015-01-30,0.55,0.61,0.51,0.51,130191
2015-02-02,0.5,0.58,0.48,0.55,80964
2015-02-03,0.52,0.63,0.52,0.56,442870
2015-02-04,0.55,0.58,0.52,0.52,100601
2015-02-05,0.53,0.53,0.48,0.52,177474
2015-02-06,0.5,0.58,0.49,0.49,87001
2015-02-09,0.5,0.63,0.49,0.56,332611
2015-02-10,0.58,0.58,0.48,0.48,111343
2015-02-11,0.5,0.6,0.45,0.52,166046
2015-02-12,0.56,0.56,0.53,0.54,21098
2015-02-13,0.57,0.59,0.53,0.53,119284
2015-02-17,0.51,0.55,0.5,0.53,290395
2015-02-18,0.55,0.59,0.52,0.53,255402
2015-02-19,0.52,0.55,0.48,0.55,110619
2015-02-20,0.55,0.58,0.5,0.51,224206
2015-02-23,0.52,0.57,0.5,0.5,195528
2015-02-24,0.51,0.52,0.48,0.49,107241
2015-02-25,0.5,0.5,0.48,0.48,47792
2015-02-26,0.49,0.5,0.45,0.45,102550
2015-02-27,0.46,0.48,0.37,0.45,142535
2015-03-02,0.47,0.48,0.41,0.48,104475
2015-03-03,0.43,0.51,0.43,0.48,104374
2015-03-04,0.47,0.52,0.42,0.47,74900
2015-03-05,0.45,0.48,0.43,0.43,38661
2015-03-06,0.44,0.44,0.4,0.4,49817
2015-03-09,0.39,0.44,0.38,0.41,96814
2015-03-10,0.4,0.45,0.4,0.44,54916
2015-03-11,0.46,0.47,0.42,0.43,91881
2015-03-12,0.43,0.44,0.43,0.44,4206
2015-03-13,0.44,0.44,0.41,0.41,26672
2015-03-16,0.41,0.41,0.37,0.39,26453
2015-03-17,0.39,0.39,0.29,0.33,348810
2015-03-18,0.36,0.36,0.28,0.32,155349
2015-03-19,0.35,0.35,0.22,0.28,136226
2015-03-20,0.32,0.34,0.26,0.33,139029
2015-03-23,0.34,0.34,0.3,0.32,47246
2015-03-24,0.32,0.32,0.28,0.32,66941
2015-03-25,0.33,0.33,0.28,0.29,69249
2015-03-26,0.29,0.32,0.29,0.32,51411
2015-03-27,0.32,0.33,0.29,0.33,39393
2015-03-30,0.32,0.34,0.3,0.31,48646
2015-03-31,0.32,0.34,0.29,0.32,30422
2015-04-01,0.3,0.33,0.29,0.3,13271
2015-04-02,0.32,0.38,0.3,0.37,156117
2015-04-06,0.36,0.39,0.3,0.37,153877
2015-04-07,0.36,0.42,0.36,0.37,181335
2015-04-08,0.29,0.36,0.25,0.35,309343
2015-04-09,0.35,0.36,0.31,0.31,118287
2015-04-10,0.34,0.36,0.31,0.34,185664
2015-04-13,0.34,0.38,0.31,0.31,81836
2015-04-14,0.32,0.38,0.31,0.35,263983
2015-04-15,0.35,0.47,0.34,0.4,495389
2015-04-16,0.4,0.43,0.37,0.38,59094
2015-04-17,0.38,0.4,0.33,0.35,92374
2015-04-20,0.37,0.37,0.33,0.33,70000
2015-04-21,0.34,0.35,0.33,0.34,19044
2015-04-22,0.35,0.36,0.32,0.35,73125
2015-04-23,0.35,0.35,0.32,0.34,52836
2015-04-24,0.35,0.35,0.33,0.33,10235
2015-04-27,0.33,0.34,0.32,0.32,23665
2015-04-28,0.32,0.37,0.32,0.36,64465
2015-04-29,0.32,0.43,0.32,0.42,212015
2015-04-30,0.42,0.55,0.42,0.48,445594
2015-05-01,0.5,0.53,0.42,0.46,166821
2015-05-04,0.49,0.52,0.4,0.44,180856
2015-05-05,0.44,0.49,0.38,0.43,148017
2015-05-06,0.43,0.48,0.4,0.46,154358
2015-05-07,0.46,0.49,0.43,0.45,60444
2015-05-08,0.49,0.75,0.48,0.7,1179071
2015-05-11,0.72,1.01,0.7,0.81,1565091
2015-05-12,0.83,1.15,0.83,0.97,1446616
2015-05-13,0.99,1.1,0.8,0.8,867796
2015-05-14,0.95,0.95,0.75,0.86,211198
2015-05-15,0.94,0.94,0.86,0.94,225827
2015-05-18,0.9,0.95,0.87,0.9,153413
2015-05-19,0.9,0.93,0.84,0.9,207902
2015-05-20,0.88,0.91,0.85,0.86,79843
2015-05-21,0.87,0.87,0.8,0.82,157605
2015-05-22,0.8,0.8,0.67,0.75,210979
2015-05-26,0.76,0.77,0.75,0.77,124655
2015-05-27,0.75,0.84,0.74,0.82,226125
2015-05-28,0.85,0.89,0.78,0.85,172063
2015-05-29,0.86,1.07,0.86,1.07,653978
2015-06-01,1.06,1.24,1.01,1.1,333134
2015-06-02,1.08,1.95,1.06,1.64,1672384
2015-06-03,1.65,2.32,1.61,1.77,3738136
2015-06-04,1.79,1.82,1.6,1.73,816243
2015-06-05,1.74,1.95,1.67,1.84,1091526
2015-06-08,2.0,2.0,1.76,1.85,381513
2015-06-09,1.81,2.07,1.77,1.97,557297
2015-06-10,2.05,2.08,1.72,1.79,637206
2015-06-11,1.8,1.83,1.16,1.57,940664
2015-06-12,1.57,1.78,1.55,1.78,316022
2015-06-15,1.74,1.88,1.74,1.79,163374
2015-06-16,1.83,1.85,1.73,1.75,78155
2015-06-17,1.75,1.84,1.7,1.78,371439
2015-06-18,1.87,1.93,1.68,1.9,377789
2015-06-19,1.95,2.02,1.88,2.02,506466
2015-06-22,2.1,2.4,2.04,2.19,527317
2015-06-23,2.2,2.2,2.04,2.2,261683
2015-06-24,2.15,2.2,1.98,2.18,184006
2015-06-25,2.16,2.35,2.13,2.32,312357
2015-06-26,2.32,2.32,2.21,2.24,98726
2015-06-29,2.21,2.21,2.05,2.14,151059
2015-06-30,2.14,2.26,2.14,2.24,140549
2015-07-01,2.24,2.39,2.17,2.31,201353
2015-07-02,2.3,2.37,2.22,2.37,135989
2015-07-06,2.38,2.38,2.24,2.36,216464
2015-07-07,2.34,2.35,2.07,2.23,272932
2015-07-08,2.24,2.24,1.9,1.96,438780
2015-07-09,1.94,2.1,1.85,1.92,347749
2015-07-10,1.93,1.97,1.82,1.83,329260
2015-07-13,2.0,2.09,1.83,1.83,268958
2015-07-14,1.86,1.86,1.52,1.66,557029
2015-07-15,1.62,1.75,1.4,1.46,458718
2015-07-16,1.41,1.72,1.31,1.6,467899
2015-07-17,1.69,1.76,1.59,1.69,247657
2015-07-20,1.7,1.74,1.59,1.71,82572
2015-07-21,1.76,1.88,1.53,1.63,309105
2015-07-22,1.57,1.64,1.46,1.52,85935
2015-07-23,1.43,1.5,1.43,1.45,83178
2015-07-24,1.44,1.57,1.44,1.55,92496
2015-07-27,1.59,1.7,1.36,1.36,148192
2015-07-28,1.42,1.44,1.22,1.35,261590
2015-07-29,1.35,1.47,1.31,1.46,139869
2015-07-30,1.28,1.45,1.2,1.25,152402
2015-07-31,1.13,1.21,1.02,1.18,246311
2015-08-03,1.14,1.17,1.11,1.11,113163
2015-08-04,1.11,1.23,1.11,1.12,219713
2015-08-05,1.12,1.18,1.12,1.18,56592
2015-08-06,1.21,1.21,1.14,1.14,77629
2015-08-07,1.13,1.2,1.1,1.14,71246
2015-08-10,1.15,1.16,1.05,1.08,81317
2015-08-11,1.06,1.07,0.96,0.98,124342
2015-08-12,0.98,1.0,0.86,0.95,91726
2015-08-13,0.96,1.06,0.95,1.0,43983
2015-08-14,1.0,1.17,0.96,1.08,316058
2015-08-17,1.1,1.1,0.91,1.05,204000
2015-08-18,1.04,1.1,0.96,0.98,115544
2015-08-19,0.98,1.05,0.97,1.02,71021
2015-08-20,1.02,1.1,0.98,1.04,332947
2015-08-21,1.05,1.06,1.03,1.05,49690
2015-08-24,1.0,1.0,0.96,0.88,132411
2015-08-25,0.85,1.15,0.48,0.94,315279
2015-08-26,0.96,1.0,0.86,0.98,66949
2015-08-27,1.0,1.28,1.0,1.26,113560
2015-08-28,1.25,1.45,1.21,1.38,253983
2015-08-31,1.33,1.67,1.17,1.64,483232
2015-09-01,1.63,1.64,1.32,1.52,80710
2015-09-02,1.53,1.55,1.45,1.52,177947
2015-09-03,1.52,1.54,1.42,1.46,197816
2015-09-04,1.46,1.64,1.46,1.63,206052
2015-09-08,1.74,2.0,1.63,1.92,353829
2015-09-09,2.06,2.06,1.62,1.9,393565
2015-09-10,1.88,1.95,1.74,1.95,233283
2015-09-11,1.93,1.98,1.8,1.96,135445
2015-09-14,1.96,1.96,1.83,1.93,60498
2015-09-15,1.94,2.15,1.87,2.09,617572
2015-09-16,2.15,2.44,2.1,2.27,843408
2015-09-17,2.31,2.31,2.12,2.29,149865
2015-09-18,2.25,2.32,2.04,2.05,372262
2015-09-21,2.14,2.14,1.96,2.05,181128
2015-09-22,1.93,2.05,1.85,1.96,150106
2015-09-23,1.99,2.04,1.91,2.03,65437
2015-09-24,1.95,2.09,1.85,2.05,314431
2015-09-25,2.12,2.23,1.96,2.19,662364
2015-09-28,2.17,2.17,2.01,2.04,141719
2015-09-29,2.08,2.2,1.85,1.89,120977
2015-09-30,1.94,1.94,1.68,1.68,326311
2015-10-01,1.71,1.78,1.63,1.7,99591
2015-10-02,1.63,1.76,1.61,1.7,61044
2015-10-05,1.76,1.77,1.57,1.57,143445
2015-10-06,1.61,1.68,1.55,1.62,100883
2015-10-07,1.67,1.68,1.43,1.5,270412
2015-10-08,1.49,1.65,1.42,1.51,102793
2015-10-09,1.48,1.6,1.33,1.54,395700
2015-10-12,1.56,1.64,1.35,1.52,336179
2015-10-13,1.55,1.58,1.46,1.55,42175
2015-10-14,1.55,1.56,1.44,1.51,19990
2015-10-15,1.5,1.53,1.5,1.52,41553
2015-10-16,1.52,1.55,1.36,1.5,96328
2015-10-19,1.47,1.54,1.43,1.47,19899
2015-10-20,1.45,1.45,1.37,1.4,21004
2015-10-21,1.39,1.47,1.35,1.42,35075
2015-10-22,1.45,1.5,1.4,1.44,143128
2015-10-23,1.45,1.53,1.41,1.5,49877
2015-10-26,1.51,1.55,1.44,1.44,84229
2015-10-27,1.42,1.49,1.34,1.34,35053
2015-10-28,1.37,1.47,1.35,1.45,50713
2015-10-29,1.45,1.47,1.45,1.45,11280
2015-10-30,1.43,1.5,1.39,1.43,23988
2015-11-02,1.47,1.5,1.42,1.47,9398
2015-11-03,1.47,1.51,1.47,1.51,75336
2015-11-04,1.54,1.79,1.51,1.75,570853
2015-11-05,1.81,1.87,1.77,1.81,153186
2015-11-06,1.85,1.85,1.42,1.63,78984
2015-11-09,1.66,1.66,1.55,1.64,56300
2015-11-10,1.64,1.64,1.51,1.56,52478
2015-11-11,1.56,1.56,1.49,1.53,41076
2015-11-12,1.46,1.46,1.34,1.38,112492
2015-11-13,1.46,1.46,1.32,1.35,69561
2015-11-16,1.37,1.37,1.26,1.28,117448
2015-11-17,1.28,1.28,1.25,1.25,21119
2015-11-18,1.27,1.3,1.23,1.25,28858
2015-11-19,1.3,1.32,1.25,1.26,56598
2015-11-20,1.29,1.32,1.21,1.32,13054
2015-11-23,1.33,1.5,1.28,1.35,27802
2015-11-24,1.37,1.5,1.31,1.42,37725
2015-11-25,1.4,1.47,1.37,1.43,60306
2015-11-27,1.39,1.44,1.32,1.44,6706
2015-11-30,1.47,1.47,1.37,1.43,30637
2015-12-01,1.43,1.45,1.38,1.44,25014
2015-12-02,1.44,1.45,1.39,1.42,36523
2015-12-03,1.4,1.43,1.39,1.4,18413
2015-12-04,1.43,1.43,1.22,1.31,106000
2015-12-07,1.34,1.43,1.28,1.28,66376
2015-12-08,1.25,1.3,1.23,1.3,64073
2015-12-09,1.25,1.3,1.23,1.26,77822
2015-12-10,1.29,1.39,1.21,1.27,1348508
2015-12-11,1.25,1.25,1.08,1.17,151832
2015-12-14,1.15,1.25,1.15,1.22,44023
2015-12-15,1.22,1.24,1.17,1.2,99304
2015-12-16,1.23,1.31,1.18,1.25,58509
2015-12-17,1.2,1.23,1.06,1.15,84446
2015-12-18,1.08,1.18,1.07,1.08,42626
2015-12-21,1.05,1.06,0.95,0.97,180773
2015-12-22,0.98,1.03,0.98,0.99,36295
2015-12-23,0.99,1.14,0.99,1.13,73000
2015-12-24,1.16,1.2,1.02,1.06,35018
2015-12-28,1.06,1.11,0.93,1.01,130609
2015-12-29,1.02,1.17,1.01,1.05,231273
2015-12-30,1.02,1.07,1.02,1.07,38799
2015-12-31,1.04,1.13,1.0,1.06,61014
2016-01-04,1.05,1.13,1.05,1.05,42309
2016-01-05,1.02,1.06,1.01,1.03,163199
2016-01-06,1.01,1.05,0.92,1.04,136820
2016-01-07,1.05,1.08,0.95,0.96,209994
2016-01-08,1.01,1.04,0.89,0.89,136653
2016-01-11,0.95,1.0,0.75,0.87,102495
2016-01-12,0.87,0.88,0.72,0.73,64397
2016-01-13,0.82,0.92,0.7,0.72,121225
2016-01-14,0.74,0.79,0.62,0.7,123182
2016-01-15,0.69,0.71,0.6,0.67,56634
2016-01-19,0.62,0.71,0.6,0.67,46847
2016-01-20,0.67,0.72,0.61,0.7,43844
2016-01-21,0.67,0.72,0.66,0.7,39620
2016-01-22,0.72,0.75,0.7,0.73,47818
2016-01-25,0.74,0.86,0.61,0.73,105757
2016-01-26,0.75,0.81,0.71,0.71,109886
2016-01-27,0.72,0.74,0.63,0.73,141682
2016-01-28,0.78,0.83,0.63,0.65,142925
2016-01-29,0.7,0.77,0.64,0.7,139752
2016-02-01,0.75,0.78,0.57,0.64,205673
2016-02-02,0.64,0.67,0.55,0.67,179038
2016-02-03,0.61,0.76,0.6,0.73,206861
2016-02-04,0.76,0.76,0.66,0.7,64029
2016-02-05,0.69,0.7,0.64,0.69,194581
2016-02-08,0.63,0.68,0.55,0.67,99701
2016-02-09,0.66,0.7,0.6,0.67,129280
2016-02-10,0.67,0.67,0.62,0.65,25357
2016-02-11,0.63,0.7,0.57,0.69,66810
2016-02-12,0.7,0.7,0.61,0.65,273567
2016-02-16,0.63,0.69,0.54,0.65,194664
2016-02-17,0.68,0.68,0.56,0.63,106975
2016-02-18,0.66,0.66,0.58,0.62,63163
2016-02-19,0.62,0.7,0.48,0.52,274776
2016-02-22,0.54,0.64,0.5,0.56,63307
2016-02-23,0.55,0.6,0.53,0.55,81395
2016-02-24,0.55,0.55,0.5,0.53,57965
2016-02-25,0.54,0.56,0.48,0.5,45110
2016-02-26,0.52,0.54,0.5,0.53,64175
2016-02-29,0.51,0.54,0.51,0.52,70399
2016-03-01,0.52,0.53,0.48,0.53,19923
2016-03-02,0.49,0.52,0.46,0.46,64009
2016-03-03,0.47,0.5,0.42,0.47,192891
2016-03-04,0.5,0.58,0.46,0.49,600446
2016-03-07,0.5,0.69,0.5,0.67,196110
2016-03-08,0.72,0.72,0.56,0.56,171653
2016-03-09,0.59,0.63,0.51,0.56,79905
2016-03-10,0.56,0.65,0.51,0.61,85868
2016-03-11,0.65,0.65,0.58,0.58,116919
2016-03-14,0.58,0.67,0.56,0.61,52884
2016-03-15,0.64,0.64,0.55,0.57,29610
2016-03-16,0.62,0.62,0.55,0.58,56871
2016-03-17,0.6,0.62,0.56,0.6,56597
2016-03-18,0.6,0.65,0.56,0.6,47056
2016-03-21,0.63,0.7,0.6,0.67,106300
2016-03-22,0.65,0.69,0.63,0.69,44641
2016-03-23,0.65,0.76,0.65,0.7,99599
2016-03-24,0.69,0.73,0.64,0.73,57984
2016-03-28,0.74,0.74,0.65,0.73,22203
2016-03-29,0.71,0.73,0.68,0.68,25558
2016-03-30,0.65,0.71,0.65,0.68,94761
2016-03-31,0.66,0.74,0.65,0.71,158463
2016-04-01,0.7,0.84,0.7,0.74,349380
2016-04-04,0.77,0.77,0.7,0.74,68044
2016-04-05,0.69,0.74,0.69,0.7,67454
2016-04-06,0.72,0.72,0.65,0.66,44588
2016-04-07,0.73,0.74,0.67,0.73,5263
2016-04-08,0.75,0.75,0.67,0.72,132304
2016-04-11,0.74,0.74,0.6,0.71,48086
2016-04-12,0.74,0.74,0.64,0.71,35766
2016-04-13,0.66,0.72,0.66,0.69,30242
2016-04-14,0.69,0.72,0.6,0.65,48682
2016-04-15,0.66,0.66,0.6,0.62,66740
2016-04-18,0.62,0.65,0.59,0.62,93967
2016-04-19,0.64,0.65,0.6,0.64,32657
2016-04-20,0.6,0.73,0.6,0.72,58759
2016-04-21,0.74,0.74,0.65,0.73,87535
2016-04-22,0.72,0.74,0.68,0.72,38042
2016-04-25,0.74,0.74,0.6,0.72,28984
2016-04-26,0.7,0.74,0.65,0.73,110218
2016-04-27,0.73,0.74,0.72,0.74,101811
2016-04-28,0.77,0.94,0.73,0.85,456409
2016-04-29,0.85,0.92,0.75,0.76,299432
2016-05-02,0.8,0.9,0.8,0.84,97915
2016-05-03,0.88,0.88,0.75,0.82,104155
2016-05-04,0.74,0.88,0.74,0.81,75348
2016-05-05,0.89,0.89,0.8,0.8,31829
2016-05-06,0.8,0.85,0.78,0.82,55397
2016-05-09,0.79,0.83,0.78,0.8,38852
2016-05-10,0.8,0.8,0.77,0.78,36210
2016-05-11,0.79,0.79,0.75,0.77,41404
2016-05-12,0.78,0.78,0.75,0.75,44122
2016-05-13,0.76,0.76,0.72,0.73,122312
2016-05-16,0.75,0.82,0.68,0.72,85170
2016-05-17,0.7,0.73,0.63,0.7,163629
2016-05-18,0.7,0.73,0.69,0.7,35521
2016-05-19,0.69,0.7,0.65,0.68,66207
2016-05-20,0.7,0.7,0.67,0.69,53163
2016-05-23,0.69,0.7,0.64,0.7,22048
2016-05-24,0.71,0.71,0.65,0.69,29297
2016-05-25,0.71,0.71,0.65,0.68,60843
2016-05-26,0.68,0.68,0.66,0.68,19900
2016-05-27,0.68,0.68,0.66,0.66,31723
2016-05-31,0.68,0.68,0.67,0.67,41162
2016-06-01,0.7,0.75,0.66,0.75,54555
2016-06-02,0.76,0.79,0.75,0.75,93990
2016-06-03,0.77,0.77,0.74,0.74,37521
2016-06-06,0.65,0.74,0.65,0.68,90674
2016-06-07,0.7,0.73,0.66,0.72,52400
2016-06-08,0.7,0.72,0.67,0.7,65857
2016-06-09,0.7,0.74,0.66,0.7,100132
2016-06-10,0.7,0.7,0.66,0.69,39890
2016-06-13,0.69,0.7,0.66,0.68,100508
2016-06-14,0.67,0.69,0.56,0.62,159204
2016-06-15,0.59,0.63,0.55,0.59,219643
2016-06-16,0.6,0.67,0.6,0.62,49523
2016-06-17,0.6,0.67,0.58,0.58,65613
2016-06-20,0.62,0.65,0.58,0.6,38992
2016-06-21,0.61,0.65,0.58,0.61,74928
2016-06-22,0.61,0.67,0.58,0.67,61402
2016-06-23,0.67,0.67,0.59,0.64,45288
2016-06-24,0.65,0.65,0.58,0.61,106673
2016-06-27,0.63,0.63,0.57,0.6,105832
2016-06-28,0.57,0.6,0.57,0.57,54114
2016-06-29,0.57,0.6,0.57,0.58,100658
2016-06-30,0.59,0.59,0.55,0.55,50748
2016-07-01,0.57,0.6,0.55,0.59,45995
2016-07-05,0.56,0.6,0.56,0.58,152823
2016-07-06,0.69,1.74,0.69,1.3,12951169
2016-07-07,1.25,1.28,1.06,1.18,2905883
2016-07-08,1.18,1.18,0.96,1.02,999206
2016-07-11,1.05,1.2,1.0,1.1,1426293
2016-07-12,1.13,1.14,1.01,1.05,393917
2016-07-13,1.09,1.09,1.01,1.03,230559
2016-07-14,1.05,1.08,0.98,1.06,451420
2016-07-15,1.1,1.1,1.03,1.08,184838
2016-07-18,1.09,1.5,1.09,1.27,3122091
2016-07-19,1.21,1.29,1.18,1.22,294794
2016-07-20,1.26,1.28,1.18,1.22,187534
2016-07-21,1.24,1.24,1.21,1.23,235849
2016-07-22,1.24,1.24,1.13,1.17,288578
2016-07-25,1.16,1.17,1.09,1.1,177336
2016-07-26,1.12,1.21,1.09,1.17,134822
2016-07-27,1.16,1.25,1.14,1.21,234002
2016-07-28,1.21,1.28,1.21,1.24,135348
2016-07-29,1.25,1.26,1.15,1.22,191588
2016-08-01,1.22,1.22,1.15,1.19,236924
2016-08-02,1.19,1.2,1.1,1.12,172962
2016-08-03,1.1,1.14,1.05,1.12,120322
2016-08-04,1.12,1.12,1.05,1.09,208672
2016-08-05,1.11,1.2,1.09,1.2,135276
2016-08-08,1.2,1.44,1.17,1.38,759453
2016-08-09,1.33,1.47,1.32,1.41,657473
2016-08-10,1.4,1.43,1.33,1.35,177880
2016-08-11,1.37,1.37,1.31,1.34,107769
2016-08-12,1.33,1.64,1.33,1.62,932867
2016-08-15,1.65,1.75,1.42,1.47,711084
2016-08-16,1.44,1.59,1.4,1.5,298451
2016-08-17,1.5,1.63,1.45,1.48,348404
2016-08-18,1.48,1.54,1.41,1.48,88979
2016-08-19,1.5,1.52,1.43,1.47,124013
2016-08-22,1.45,1.46,1.3,1.36,235941
2016-08-23,1.3,1.44,1.3,1.36,152562
2016-08-24,1.36,1.37,1.22,1.24,181012
2016-08-25,1.21,1.25,1.17,1.19,165429
2016-08-26,1.21,1.29,1.19,1.2,214983
2016-08-29,1.2,1.25,1.18,1.2,167345
2016-08-30,1.21,1.25,1.13,1.16,201352
2016-08-31,1.14,1.15,1.07,1.11,233330
2016-09-01,1.1,1.11,1.04,1.09,175723
2016-09-02,1.09,1.21,1.07,1.15,169196
2016-09-06,1.15,1.25,1.14,1.18,173566
2016-09-07,1.18,1.2,1.15,1.15,77015
2016-09-08,1.14,1.27,1.14,1.23,206566
2016-09-09,1.2,1.32,1.13,1.17,265595
2016-09-12,1.15,1.18,1.12,1.12,108626
2016-09-13,1.12,1.14,1.1,1.13,77479
2016-09-14,1.13,1.14,1.12,1.14,116726
2016-09-15,1.13,1.25,1.13,1.19,274274
2016-09-16,1.19,1.2,1.15,1.17,140341
2016-09-19,1.15,1.21,1.15,1.19,44359
2016-09-20,1.16,1.23,1.16,1.2,120374
2016-09-21,1.2,1.2,1.17,1.2,123346
2016-09-22,1.2,1.2,1.18,1.18,90505
2016-09-23,1.19,1.19,1.16,1.18,30210
2016-09-26,1.2,1.2,1.15,1.16,53389
2016-09-27,1.16,1.16,1.13,1.16,36741
2016-09-28,1.18,1.18,1.08,1.1,117607
2016-09-29,1.08,1.1,1.07,1.09,165412
2016-09-30,1.09,1.12,1.05,1.09,106886
2016-10-03,1.08,1.08,1.04,1.04,45757
2016-10-04,1.1,1.1,0.82,0.9,203688
2016-10-05,0.84,0.9,0.81,0.9,326956
2016-10-06,0.96,1.05,0.92,0.96,226794
2016-10-07,0.96,1.0,0.88,0.91,142081
2016-10-10,0.91,0.91,0.81,0.83,220405
2016-10-11,0.81,0.84,0.74,0.79,235103
2016-10-12,0.74,0.85,0.72,0.76,342632
2016-10-13,0.76,0.78,0.73,0.73,202637
2016-10-14,0.73,0.77,0.72,0.74,74455
2016-10-17,0.73,0.74,0.66,0.68,324397
2016-10-18,0.68,0.68,0.67,0.68,65845
2016-10-19,0.68,0.74,0.66,0.7,137486
2016-10-20,0.67,0.73,0.67,0.72,61126
2016-10-21,0.74,0.93,0.7,0.92,486634
2016-10-24,0.98,1.05,0.81,0.9,578811
2016-10-25,0.95,0.95,0.81,0.94,185052
2016-10-26,0.95,1.02,0.91,1.02,373078
2016-10-27,1.02,1.02,0.95,1.02,133087
2016-10-28,1.02,1.04,0.96,1.04,511735
2016-10-31,1.05,1.07,0.86,0.99,283811
2016-11-01,0.98,0.99,0.89,0.9,114461
2016-11-02,0.93,0.93,0.85,0.89,76515
2016-11-03,0.92,0.92,0.88,0.92,102149
2016-11-04,0.93,0.93,0.85,0.85,50395
2016-11-07,0.85,0.87,0.85,0.87,62476
2016-11-08,0.9,0.96,0.86,0.94,255351
2016-11-09,0.87,0.98,0.87,0.98,121993
2016-11-10,0.97,1.01,0.9,0.97,176549
2016-11-11,0.97,0.98,0.91,0.95,68942
2016-11-14,0.98,1.0,0.94,0.97,193226
2016-11-15,1.05,1.09,0.93,0.93,1246881
2016-11-16,0.95,1.01,0.91,0.91,382483
2016-11-17,0.98,1.31,0.95,1.13,2020215
2016-11-18,1.18,1.44,1.13,1.4,1671167
2016-11-21,1.4,1.45,1.21,1.33,1004721
2016-11-22,1.35,1.39,1.23,1.28,637185
2016-11-23,1.28,1.33,1.22,1.27,445839
2016-11-25,1.25,1.45,1.24,1.45,358834
2016-11-28,1.47,1.48,1.26,1.3,514458
2016-11-29,1.28,1.36,1.15,1.25,499392
2016-11-30,1.3,1.33,1.25,1.28,752687
2016-12-01,1.3,1.35,1.25,1.25,707343
2016-12-02,1.25,1.28,1.16,1.22,334397
2016-12-05,1.2,1.23,1.16,1.21,300180
2016-12-06,1.22,1.22,1.16,1.18,199954
2016-12-07,1.19,1.2,1.04,1.11,378857
2016-12-08,1.11,1.2,1.04,1.2,405828
2016-12-09,1.2,1.2,1.07,1.11,476698
2016-12-12,1.13,1.19,1.11,1.14,477581
2016-12-13,1.14,1.3,1.14,1.25,1348318
2016-12-14,1.27,1.27,1.14,1.15,401853
2016-12-15,1.14,1.25,1.14,1.16,198896
2016-12-16,1.15,1.18,1.08,1.08,293665
2016-12-19,1.08,1.14,1.05,1.1,244696
2016-12-20,1.11,1.13,1.1,1.1,178750
2016-12-21,1.1,1.24,1.1,1.17,377718
2016-12-22,1.19,1.19,1.12,1.14,158306
2016-12-23,1.12,1.19,1.12,1.16,236406
2016-12-27,1.17,1.22,1.14,1.19,150497
2016-12-28,1.2,1.2,1.14,1.18,155604
2016-12-29,1.19,1.19,1.1,1.16,220649
2016-12-30,1.18,1.18,1.11,1.18,160878
2017-01-03,1.17,1.18,1.06,1.17,273319
2017-01-04,1.15,1.18,1.1,1.16,201752
2017-01-05,1.15,1.18,1.1,1.18,370880
2017-01-06,1.18,1.18,1.12,1.16,271915
2017-01-09,1.16,1.2,1.12,1.2,207279
2017-01-10,1.23,1.35,1.22,1.34,684499
2017-01-11,1.35,1.36,1.27,1.31,304271
2017-01-12,1.32,1.34,1.25,1.28,182719
2017-01-13,1.26,1.36,1.25,1.34,288971
2017-01-17,1.35,1.58,1.34,1.55,1485381
2017-01-18,1.42,1.56,1.38,1.49,827935
2017-01-19,1.48,1.7,1.48,1.7,1317767
2017-01-20,1.68,1.77,1.6,1.65,732675
2017-01-23,1.63,1.65,1.45,1.56,511350
2017-01-24,1.53,1.58,1.48,1.53,334485
2017-01-25,1.54,1.57,1.48,1.48,233812
2017-01-26,1.5,1.74,1.49,1.74,851238
2017-01-27,1.74,1.83,1.66,1.82,1338746
2017-01-30,1.78,1.78,1.62,1.63,630646
2017-01-31,1.64,1.66,1.55,1.62,347278
2017-02-01,1.61,1.65,1.56,1.65,314626
2017-02-02,1.65,1.65,1.58,1.65,141260
2017-02-03,1.64,1.88,1.62,1.74,954331
2017-02-06,1.78,1.88,1.7,1.73,396171
2017-02-07,1.81,1.81,1.65,1.74,396096
2017-02-08,1.73,1.73,1.58,1.61,443271
2017-02-09,1.61,1.69,1.56,1.59,277570
2017-02-10,1.58,1.62,1.55,1.59,298212
2017-02-13,1.6,1.65,1.55,1.64,221359
2017-02-14,1.61,1.79,1.61,1.78,726567
2017-02-15,1.75,1.83,1.7,1.73,415057
2017-02-16,1.73,1.73,1.6,1.63,307071
2017-02-17,1.61,1.72,1.61,1.72,321964
2017-02-21,1.75,1.75,1.65,1.68,436594
2017-02-22,1.7,1.71,1.61,1.64,299979
2017-02-23,1.66,1.66,1.56,1.58,447754
2017-02-24,1.58,1.58,1.46,1.5,758586
2017-02-27,1.43,1.62,1.39,1.49,466908
2017-02-28,1.47,1.54,1.4,1.43,397326
2017-03-01,1.45,1.64,1.44,1.55,497323
2017-03-02,1.53,1.6,1.52,1.55,185448
2017-03-03,1.55,1.57,1.5,1.53,131403
2017-03-06,1.52,1.52,1.45,1.47,292097
2017-03-07,1.5,1.55,1.45,1.48,229798
2017-03-08,1.49,1.49,1.36,1.39,471267
2017-03-09,1.39,1.4,1.3,1.38,516525
2017-03-10,1.39,1.42,1.31,1.36,186768
2017-03-13,1.36,1.42,1.32,1.33,141482
2017-03-14,1.32,1.34,1.25,1.31,228531
2017-03-15,1.29,1.35,1.26,1.32,260026
2017-03-16,1.33,1.39,1.32,1.36,157584
2017-03-17,1.35,1.45,1.33,1.41,286770
2017-03-20,1.42,1.44,1.35,1.42,117455
2017-03-21,1.41,1.45,1.27,1.37,291549
2017-03-22,1.35,1.35,1.18,1.19,514999
2017-03-23,1.2,1.28,1.13,1.18,186496
2017-03-24,1.17,1.19,1.12,1.19,244843
2017-03-27,1.17,1.22,1.15,1.17,98221
2017-03-28,1.16,1.23,1.16,1.2,318591
2017-03-29,1.2,1.45,1.2,1.4,638763
2017-03-30,1.39,1.49,1.31,1.38,364387
2017-03-31,1.37,1.44,1.36,1.4,333190
2017-04-03,1.5,1.5,1.35,1.4,451690
2017-04-04,1.39,1.39,1.28,1.3,328449
2017-04-05,1.39,1.4,1.34,1.35,376184
2017-04-06,1.35,1.41,1.34,1.38,154243
2017-04-07,1.39,1.5,1.37,1.47,481078
2017-04-10,1.49,1.68,1.47,1.59,1034217
2017-04-11,1.6,1.62,1.5,1.57,482982
2017-04-12,1.59,1.59,1.43,1.43,412077
2017-04-13,1.45,1.5,1.36,1.37,423983
2017-04-17,1.41,1.65,1.41,1.56,1218801
2017-04-18,1.6,1.6,1.47,1.55,658639
2017-04-19,1.57,1.63,1.51,1.54,551301
2017-04-20,1.56,1.64,1.52,1.58,557065
2017-04-21,1.58,1.88,1.55,1.88,2600386
2017-04-24,1.95,1.96,1.42,1.44,3467042
2017-04-25,1.51,1.64,1.38,1.51,1521505
2017-04-26,1.5,1.59,1.46,1.51,535060
2017-04-27,1.46,1.5,1.36,1.42,838819
2017-04-28,1.42,1.48,1.35,1.43,608464
2017-05-01,1.41,1.41,1.31,1.34,694142
2017-05-02,1.36,1.4,1.2,1.33,966278
2017-05-03,1.37,1.37,1.27,1.29,298070
2017-05-04,1.25,1.29,1.16,1.24,794576
2017-05-05,1.22,1.4,1.19,1.32,469511
2017-05-08,1.31,1.35,1.27,1.35,171351
2017-05-09,1.34,1.37,1.31,1.37,238838
2017-05-10,1.36,1.37,1.31,1.36,226076
2017-05-11,1.35,1.4,1.33,1.4,305718
2017-05-12,1.43,1.45,1.35,1.39,366899
2017-05-15,1.4,1.43,1.35,1.42,284347
2017-05-16,1.41,1.42,1.36,1.37,163437
2017-05-17,1.37,1.42,1.36,1.38,243952
2017-05-18,1.4,1.41,1.31,1.35,204237
2017-05-19,1.35,1.43,1.33,1.41,320557
2017-05-22,1.4,1.42,1.36,1.38,233067
2017-05-23,1.39,1.49,1.39,1.42,345217
2017-05-24,1.4,1.44,1.39,1.42,72308
2017-05-25,1.42,1.47,1.38,1.4,188327
2017-05-26,1.38,1.4,1.36,1.37,239193
2017-05-30,1.37,1.43,1.35,1.39,129416
2017-05-31,1.37,1.4,1.35,1.38,162539
2017-06-01,1.43,1.44,1.37,1.39,197057
2017-06-02,1.37,1.43,1.37,1.38,176560
2017-06-05,1.37,1.46,1.36,1.44,261010
2017-06-06,1.43,1.64,1.43,1.61,762776
2017-06-07,1.62,1.63,1.45,1.53,490999
2017-06-08,1.51,1.53,1.47,1.51,122155
2017-06-09,1.51,1.59,1.48,1.59,224651
2017-06-12,1.58,1.59,1.54,1.54,181215
2017-06-13,1.54,1.59,1.5,1.59,139959
2017-06-14,1.59,1.59,1.48,1.49,182441
2017-06-15,1.52,1.52,1.4,1.48,203932
2017-06-16,1.47,1.63,1.4,1.58,270166
2017-06-19,1.59,1.59,1.5,1.54,107590
2017-06-20,1.51,1.56,1.45,1.5,187362
2017-06-21,1.48,1.53,1.42,1.43,148422
2017-06-22,1.45,1.5,1.43,1.49,147277
2017-06-23,1.48,1.58,1.47,1.58,315045
2017-06-26,1.55,1.58,1.5,1.53,211359
2017-06-27,1.53,1.57,1.51,1.52,204515
2017-06-28,1.5,1.69,1.5,1.65,1360034
2017-06-29,1.6,1.69,1.56,1.61,646166
2017-06-30,1.63,1.68,1.59,1.66,230489
2017-07-03,1.68,1.81,1.63,1.66,615930
2017-07-05,1.67,1.72,1.58,1.59,350542
2017-07-06,1.63,1.64,1.46,1.5,255058
2017-07-07,1.49,1.51,1.44,1.49,163006
2017-07-10,1.48,1.51,1.45,1.47,195854
2017-07-11,1.45,1.56,1.45,1.5,280756
2017-07-12,1.56,1.56,1.48,1.5,143977
2017-07-13,1.5,1.5,1.46,1.46,137494
2017-07-14,1.47,1.52,1.46,1.51,166450
2017-07-17,1.48,1.49,1.45,1.46,133693
2017-07-18,1.46,1.52,1.46,1.5,354770
2017-07-19,1.5,1.6,1.47,1.53,319337
2017-07-20,1.53,1.54,1.46,1.48,175056
2017-07-21,1.48,1.48,1.43,1.46,228539
2017-07-24,1.45,1.45,1.4,1.43,139932
2017-07-25,1.45,1.48,1.43,1.45,157204
2017-07-26,1.47,1.5,1.43,1.44,172109
2017-07-27,1.47,1.47,1.4,1.42,290661
2017-07-28,1.42,1.45,1.4,1.42,63433
2017-07-31,1.41,1.47,1.4,1.43,185891
2017-08-01,1.42,1.43,1.4,1.42,120233
