Date,Open,High,Low,Close,Volume
2014-10-09,14.0,14.0,13.1,13.95,1050728
2014-10-10,13.59,15.63,13.59,14.89,20025
2014-10-13,14.26,14.51,14.26,14.5,12745
2014-10-14,14.49,14.5,13.66,13.66,36479
2014-10-15,13.65,13.8,13.55,13.8,38116
2014-10-16,13.65,13.65,13.65,13.65,350
2014-10-17,13.9,14.05,13.7,13.7,31224
2014-10-20,13.65,13.68,13.5,13.65,36550
2014-10-21,13.71,13.8,13.71,13.8,340
2014-10-22,13.98,13.98,13.6,13.77,10726
2014-10-23,13.65,13.77,13.65,13.75,2320
2014-10-24,13.62,13.8,13.6,13.68,24581
2014-10-27,13.7,14.22,13.62,13.75,41083
2014-10-28,13.65,13.9,13.65,13.79,69280
2014-10-29,13.8,14.0,13.8,13.96,4536
2014-10-30,13.75,13.75,13.75,13.75,345
2014-10-31,13.75,13.98,13.68,13.98,11272
2014-11-03,13.89,13.95,13.61,13.9,42653
2014-11-04,13.74,14.5,13.74,14.5,20476
2014-11-05,14.46,14.55,14.21,14.5,16982
2014-11-06,14.66,15.59,14.5,15.02,26695
2014-11-07,15.43,15.43,14.86,15.08,11197
2014-11-10,14.5,15.0,14.5,14.6,42525
2014-11-11,14.6,14.99,14.51,14.99,32417
2014-11-12,14.85,14.89,14.69,14.89,1124
2014-11-13,14.88,15.28,14.6,14.9,20423
2014-11-14,15.0,15.0,14.04,14.89,23936
2014-11-17,14.58,14.95,13.72,14.95,11555
2014-11-18,14.9,15.41,14.6,15.22,37589
2014-11-19,15.21,15.47,15.05,15.45,15981
2014-11-20,15.69,16.65,14.66,15.92,5404
2014-11-21,15.6,16.16,14.52,15.43,49332
2014-11-24,15.38,16.44,15.38,16.44,4673
2014-11-25,16.41,16.41,14.33,16.22,7511
2014-11-26,15.95,15.99,15.76,15.89,1214
2014-11-28,16.01,16.06,15.25,15.98,5410
2014-12-01,15.43,15.8,15.25,15.43,854
2014-12-02,15.35,15.61,14.79,15.61,6629
2014-12-03,15.33,15.98,15.0,15.76,2626
2014-12-04,15.63,15.63,14.7,15.16,5626
2014-12-05,15.0,15.99,14.81,15.36,65779
2014-12-08,15.78,16.0,15.1,15.1,3413
2014-12-09,15.05,15.45,14.8,15.44,10484
2014-12-10,15.0,15.24,14.5,14.51,5808
2014-12-11,14.93,15.39,14.91,14.93,12740
2014-12-12,15.09,15.22,14.61,14.69,2915
2014-12-15,14.71,15.11,14.5,14.7,5499
2014-12-16,14.7,14.7,14.26,14.26,11966
2014-12-17,14.26,14.65,12.83,14.1,11883
2014-12-18,14.34,14.34,13.86,14.12,49789
2014-12-19,14.05,14.2,12.8,12.86,49094
2014-12-22,13.06,14.74,13.06,14.26,17956
2014-12-23,14.25,14.49,14.0,14.25,42836
2014-12-24,14.25,14.25,14.01,14.01,650
2014-12-26,13.76,13.76,13.76,13.76,588
2014-12-29,14.11,14.11,13.76,13.77,866
2014-12-30,13.75,14.19,13.71,14.13,34413
2014-12-31,14.0,14.17,13.76,14.17,6034
2015-01-02,14.04,14.39,14.04,14.37,39538
2015-01-05,13.8,14.0,13.8,13.82,1499
2015-01-06,14.0,14.38,13.81,14.03,12323
2015-01-07,14.26,14.4,13.95,13.95,2537
2015-01-08,14.24,14.24,13.8,14.2,8731
2015-01-09,14.03,14.3,13.8,14.09,33598
2015-01-12,13.99,13.99,13.99,13.99,200
2015-01-13,13.8,13.83,13.52,13.52,7040
2015-01-14,13.35,13.75,13.28,13.75,5418
2015-01-15,13.5,13.5,13.25,13.3,2145
2015-01-16,13.28,13.39,12.99,13.32,18483
2015-01-20,12.92,13.03,12.92,13.0,5148
2015-01-21,13.0,13.15,12.85,13.0,41754
2015-01-22,13.64,14.5,12.98,13.25,16112
2015-01-23,13.2,13.4,13.01,13.37,21395
2015-01-26,13.43,13.43,13.05,13.27,1182
2015-01-27,13.24,13.24,12.88,12.88,2744
2015-01-28,12.9,13.17,12.87,13.17,14508
2015-01-29,13.01,13.28,12.22,13.08,14961
2015-01-30,12.87,13.15,12.87,13.15,2169
2015-02-02,13.15,13.25,13.0,13.24,18094
2015-02-03,13.22,13.3,12.81,13.3,23497
2015-02-04,13.3,13.8,12.9,13.44,32146
2015-02-05,13.54,16.03,13.35,14.18,8107
2015-02-06,14.1,15.25,13.47,14.7,6862
2015-02-09,14.95,15.37,13.37,14.37,7129
2015-02-10,14.5,14.75,14.5,14.72,21565
2015-02-11,14.23,14.6,14.01,14.48,18796
2015-02-12,14.5,14.55,13.75,14.14,15820
2015-02-13,14.42,14.55,14.15,14.45,9566
2015-02-17,14.36,14.5,13.84,14.26,3457
2015-02-18,14.39,14.39,13.85,13.9,4021
2015-02-19,14.37,14.4,13.84,13.96,7873
2015-02-20,13.98,14.2,13.27,14.2,10917
2015-02-23,13.74,14.12,13.74,13.88,6302
2015-02-24,14.2,14.21,13.8,14.21,14228
2015-02-25,14.37,14.4,13.76,14.33,7451
2015-02-26,14.01,14.01,14.01,14.01,143
2015-02-27,14.19,14.2,14.11,14.11,951
2015-03-02,14.23,14.3,13.81,14.27,22259
2015-03-03,14.25,14.25,13.83,13.83,3964
2015-03-04,14.18,14.35,13.85,14.35,33028
2015-03-05,14.27,14.27,13.75,13.87,7822
2015-03-06,14.01,14.25,13.83,13.9,4759
2015-03-09,13.5,14.04,12.05,13.63,13788
2015-03-10,13.6,13.78,13.6,13.77,3279
2015-03-11,13.75,13.98,13.75,13.98,1045
2015-03-12,13.98,14.22,13.9,14.22,2339
2015-03-13,14.0,14.25,14.0,14.23,1400
2015-03-16,14.25,14.25,14.23,14.25,1072
2015-03-19,14.15,14.15,14.0,14.0,505
2015-03-20,14.04,14.1,14.04,14.1,1000
2015-03-23,13.62,14.0,13.62,13.95,2807
2015-03-24,14.02,14.02,14.02,14.02,139
2015-03-25,14.0,14.2,14.0,14.0,6431
2015-03-27,14.0,14.1,14.0,14.1,1330
2015-03-30,14.0,14.05,13.95,14.01,3901
2015-03-31,13.99,14.01,13.9,13.97,3185
2015-04-01,14.0,14.05,13.9,13.91,24511
2015-04-02,14.03,14.1,14.0,14.02,4443
2015-04-06,14.0,14.0,13.97,13.97,210
2015-04-07,14.0,14.09,14.0,14.0,1957
2015-04-08,14.01,14.03,14.0,14.03,1123
2015-04-09,14.02,14.05,14.01,14.05,1224
2015-04-10,14.1,14.1,14.09,14.1,5518
2015-04-13,14.19,14.2,14.19,14.2,1040
2015-04-14,14.25,14.25,14.25,14.25,155
2015-04-15,14.35,14.49,14.35,14.49,1800
2015-04-16,14.5,14.59,14.49,14.59,1162
2015-04-17,14.45,14.74,14.45,14.74,3965
2015-04-20,14.75,14.75,14.36,14.54,2410
2015-04-21,14.59,14.6,14.56,14.6,2306
2015-04-23,14.66,14.7,14.38,14.51,12395
2015-04-24,14.7,14.7,14.69,14.7,2182
2015-04-27,14.85,14.85,14.37,14.4,3132
2015-04-28,14.48,14.48,14.35,14.35,976
2015-04-29,14.5,14.5,14.5,14.5,102
2015-04-30,14.44,14.54,14.44,14.49,9910
2015-05-01,14.49,14.74,14.4,14.51,25774
2015-05-04,14.55,14.6,14.55,14.6,3018
2015-05-05,14.63,14.63,14.5,14.5,1400
2015-05-06,14.43,14.45,14.41,14.41,767
2015-05-07,14.36,14.36,14.36,14.36,100
2015-05-08,14.4,14.4,14.01,14.29,9182
2015-05-11,14.21,14.22,14.21,14.21,1918
2015-05-12,14.24,14.24,14.24,14.24,634
2015-05-13,14.3,14.3,14.3,14.3,560
2015-05-14,14.0,14.21,14.0,14.03,689
2015-05-18,13.33,13.55,13.16,13.44,1455
2015-05-19,13.77,13.99,13.77,13.96,1178
2015-05-21,13.8,13.87,13.71,13.87,13709
2015-05-22,13.96,13.98,13.92,13.95,1818
2015-05-27,13.53,13.53,13.53,13.53,207
2015-05-28,13.63,14.14,13.6,13.94,3870
2015-05-29,13.93,14.12,13.93,13.99,4359
2015-06-03,14.25,14.49,14.22,14.49,3608
2015-06-04,14.04,14.04,14.04,14.04,114
2015-06-05,14.2,14.2,14.2,14.2,100
2015-06-08,14.22,14.5,14.22,14.48,6934
2015-06-09,14.14,14.42,14.14,14.42,448
2015-06-10,14.4,15.0,14.3,14.89,13301
2015-06-11,14.79,15.0,14.6,14.93,22359
2015-06-12,14.88,15.37,14.61,14.75,11485
2015-06-15,15.34,15.4,14.72,15.29,21088
2015-06-16,15.13,15.29,15.0,15.1,24945
2015-06-17,15.1,15.4,14.29,14.94,25318
2015-06-18,15.02,15.4,14.51,14.82,51798
2015-06-19,14.6,15.0,14.4,14.91,81196
2015-06-22,14.8,15.28,14.06,15.0,76377
2015-06-23,15.0,15.01,14.34,14.53,3372
2015-06-24,14.69,14.8,14.09,14.18,9808
2015-06-25,14.2,14.63,14.02,14.1,20987
2015-06-26,14.1,14.99,14.01,14.95,133136
2015-06-29,14.59,15.0,14.59,14.99,9673
2015-06-30,14.89,15.0,14.89,14.94,526
2015-07-01,14.9,15.5,14.78,15.5,17995
2015-07-02,15.5,16.0,15.35,16.0,23928
2015-07-06,15.75,16.98,15.06,16.98,24180
2015-07-07,16.53,17.5,16.5,17.26,87913
2015-07-08,17.61,17.95,15.76,17.2,42857
2015-07-09,17.2,17.2,16.52,17.13,110633
2015-07-10,17.28,17.8,16.03,16.07,48133
2015-07-13,16.1,16.79,16.07,16.75,12533
2015-07-14,16.99,16.99,16.01,16.35,12087
2015-07-15,16.1,17.09,16.1,16.25,9694
2015-07-16,16.53,17.0,15.76,16.08,11104
2015-07-17,15.42,16.57,15.36,15.78,9659
2015-07-20,15.5,16.28,15.03,15.66,23669
2015-07-21,15.53,16.24,15.5,15.53,8806
2015-07-22,15.53,15.72,15.19,15.41,32159
2015-07-23,15.01,15.55,15.01,15.45,15371
2015-07-24,15.49,16.06,15.49,15.68,30008
2015-07-27,15.28,15.74,15.28,15.54,38115
2015-07-28,14.31,15.72,14.13,15.48,40762
2015-07-29,15.25,16.44,15.13,15.93,23442
2015-07-30,15.9,16.41,15.81,16.4,8823
2015-07-31,16.35,16.5,15.87,16.49,3079
2015-08-03,16.5,17.0,16.3,16.86,48265
2015-08-04,16.65,17.0,16.53,16.64,20559
2015-08-05,16.65,16.97,16.42,16.63,15188
2015-08-06,16.43,16.43,16.0,16.2,7220
2015-08-07,16.1,16.59,16.05,16.39,8379
2015-08-10,16.39,16.62,15.71,15.96,12263
2015-08-11,15.92,16.67,15.49,15.99,15685
2015-08-12,15.87,16.02,15.48,15.89,3969
2015-08-13,15.8,15.8,14.48,15.58,5501
2015-08-14,16.4,16.4,15.49,16.06,6700
2015-08-17,15.75,15.78,15.26,15.51,26074
2015-08-18,15.49,15.89,14.75,15.5,80795
2015-08-19,15.52,15.74,15.49,15.65,10319
2015-08-20,15.49,15.6,15.24,15.5,14551
2015-08-21,15.46,15.5,15.24,15.5,18777
2015-08-24,15.08,15.48,15.08,15.45,41421
2015-08-25,15.6,15.6,15.15,15.45,23102
2015-08-26,15.5,15.75,15.0,15.51,48966
2015-08-27,16.0,16.0,15.23,15.51,25465
2015-08-28,15.57,16.0,15.57,16.0,589
2015-08-31,15.91,16.0,15.38,15.58,19504
2015-09-01,15.49,15.99,15.25,15.47,33683
2015-09-02,15.45,16.0,15.0,15.52,61726
2015-09-03,15.71,15.98,15.27,15.5,20371
2015-09-04,15.56,15.68,15.42,15.64,2391
2015-09-08,15.63,16.68,15.59,16.35,17802
2015-09-09,16.38,16.49,15.9,16.0,7395
2015-09-10,16.05,16.3,15.93,16.17,8980
2015-09-11,16.12,16.12,15.9,16.05,5990
2015-09-14,16.02,16.16,16.0,16.1,3376
2015-09-15,16.18,16.18,16.03,16.15,15556
2015-09-16,16.09,16.09,16.0,16.09,21394
2015-09-17,16.1,16.1,15.85,16.05,6949
2015-09-18,15.88,15.89,15.31,15.31,74317
2015-09-21,15.5,15.9,15.42,15.9,5930
2015-09-22,16.04,16.04,15.6,15.6,12546
2015-09-23,15.6,15.96,15.55,15.59,11873
2015-09-24,15.56,15.66,15.46,15.52,16215
2015-09-25,15.63,15.96,15.41,15.71,18336
2015-09-28,15.57,15.63,15.4,15.58,5751
2015-09-29,15.49,15.8,15.49,15.52,7222
2015-09-30,15.61,15.67,15.4,15.62,7604
2015-10-01,15.49,15.96,15.21,15.64,22916
2015-10-02,15.56,15.86,15.5,15.62,11588
2015-10-05,15.66,15.81,15.5,15.57,9681
2015-10-06,15.63,15.89,15.2,15.89,21723
2015-10-07,15.84,16.01,15.4,16.0,10539
2015-10-08,15.92,16.74,15.52,16.71,23912
2015-10-09,16.51,16.58,16.04,16.4,5799
2015-10-12,16.38,16.38,15.89,15.89,4992
2015-10-13,15.97,16.42,15.85,16.31,8798
2015-10-14,16.12,16.45,15.8,16.12,16430
2015-10-15,16.14,16.49,15.78,16.31,11818
2015-10-16,16.2,16.48,16.0,16.4,5304
2015-10-19,15.87,16.43,15.87,16.01,1383
2015-10-20,16.12,16.4,15.9,16.23,9364
2015-10-21,16.16,16.18,15.8,16.1,8326
2015-10-22,16.02,16.37,16.0,16.37,21728
2015-10-23,16.39,16.46,16.15,16.26,10427
2015-10-26,16.28,16.43,15.92,16.37,27662
2015-10-27,16.29,16.4,15.68,16.38,11619
2015-10-28,16.43,17.31,15.89,17.03,61287
2015-10-29,17.16,17.57,17.16,17.37,19420
2015-10-30,17.42,17.42,16.71,17.28,7892
2015-11-02,17.19,17.69,16.92,17.27,37758
2015-11-03,17.25,17.45,16.83,16.84,13410
2015-11-04,16.83,17.25,16.75,17.21,60514
2015-11-05,17.24,17.3,16.64,17.27,19210
2015-11-06,17.29,17.45,17.25,17.35,16498
2015-11-09,17.35,17.4,17.18,17.25,12556
2015-11-10,17.27,17.5,16.53,17.5,12221
2015-11-11,17.41,17.75,17.29,17.47,24235
2015-11-12,17.41,17.42,16.83,16.83,12775
2015-11-13,16.8,16.8,16.22,16.23,9769
2015-11-16,16.28,16.7,15.97,16.26,14706
2015-11-17,16.39,16.79,16.07,16.79,70935
2015-11-18,16.79,16.95,16.53,16.77,10258
2015-11-19,16.6,16.98,16.35,16.78,11012
2015-11-20,16.78,16.89,16.63,16.81,2829
2015-11-23,16.72,17.0,16.55,16.99,10238
2015-11-24,17.0,17.09,16.72,16.86,6965
2015-11-25,16.96,17.02,16.62,16.89,9107
2015-11-27,17.06,17.14,16.69,16.87,6966
2015-11-30,17.01,17.33,16.91,17.21,8539
2015-12-01,17.25,17.25,17.19,17.25,8879
2015-12-02,17.2,17.25,17.1,17.1,4184
2015-12-03,16.93,17.14,16.87,16.9,4393
2015-12-04,16.96,17.16,16.66,17.16,32869
2015-12-07,17.03,17.08,17.0,17.04,13023
2015-12-08,16.93,17.14,16.59,17.04,36149
2015-12-09,16.94,16.94,16.44,16.61,27970
2015-12-10,16.55,16.88,16.51,16.8,20709
2015-12-11,16.6,17.05,16.22,16.46,21005
2015-12-14,16.5,16.8,15.52,15.84,56838
2015-12-15,15.54,16.21,15.54,15.93,21056
2015-12-16,15.6,16.23,15.6,16.03,22553
2015-12-17,16.16,16.24,15.86,16.24,13871
2015-12-18,16.01,16.96,15.8,16.91,37216
2015-12-21,16.8,16.8,16.02,16.04,26014
2015-12-22,16.22,16.41,15.8,16.2,23281
2015-12-23,15.71,16.2,15.71,15.99,7580
2015-12-24,16.12,16.87,15.88,16.32,6545
2015-12-28,16.32,16.59,16.0,16.03,21281
2015-12-29,16.01,16.52,16.0,16.11,13985
2015-12-30,16.16,16.51,16.0,16.09,5269
2015-12-31,16.25,17.02,15.85,16.21,16559
2016-01-04,15.54,16.28,15.5,16.03,59910
2016-01-05,16.5,17.0,15.52,16.31,21544
2016-01-06,16.7,16.92,15.9,16.75,20536
2016-01-07,16.66,16.74,16.28,16.6,16075
2016-01-08,16.83,16.91,16.4,16.73,17343
2016-01-11,16.73,17.0,16.5,16.59,23642
2016-01-12,16.82,16.82,16.07,16.17,18633
2016-01-13,15.84,16.16,15.55,15.56,5909
2016-01-14,15.25,15.69,15.01,15.52,18737
2016-01-15,15.2,15.44,14.77,14.96,25767
2016-01-19,15.04,15.37,14.95,15.11,38097
2016-01-20,14.95,14.95,14.31,14.6,12325
2016-01-21,14.46,14.98,14.32,14.5,44981
2016-01-22,14.74,14.74,14.42,14.47,20404
2016-01-25,14.54,14.66,14.01,14.22,23261
2016-01-26,14.49,14.53,14.13,14.2,17534
2016-01-27,14.1,14.31,14.07,14.2,11607
2016-01-28,14.36,14.71,14.2,14.39,6705
2016-01-29,14.32,14.95,14.32,14.42,13843
2016-02-01,14.26,14.43,14.0,14.34,27050
2016-02-02,14.2,14.53,14.16,14.34,8938
2016-02-03,14.4,14.74,14.22,14.27,6362
2016-02-04,14.13,14.25,14.07,14.23,12310
2016-02-05,14.19,14.27,13.91,13.99,13732
2016-02-08,13.78,13.78,13.11,13.28,109093
2016-02-09,13.3,13.32,12.91,13.17,18905
2016-02-10,13.3,13.5,13.13,13.42,9499
2016-02-11,13.19,13.5,13.08,13.1,6420
2016-02-12,13.19,13.24,12.63,13.1,50009
2016-02-16,13.3,13.45,13.18,13.3,34635
2016-02-17,13.27,13.3,13.15,13.29,6749
2016-02-18,13.3,13.38,12.76,12.97,24597
2016-02-19,12.83,13.51,12.73,13.0,182265
2016-02-22,13.24,13.35,12.97,12.99,48515
2016-02-23,13.06,13.06,12.73,12.73,53291
2016-02-24,12.73,12.75,12.35,12.7,28785
2016-02-25,12.71,13.18,12.57,13.0,47866
2016-02-26,13.09,13.1,12.95,12.99,12122
2016-02-29,13.1,13.23,12.99,12.99,32307
2016-03-01,13.15,13.44,13.04,13.1,23305
2016-03-02,13.16,13.43,13.06,13.31,93879
2016-03-03,13.26,14.16,13.11,13.81,89797
2016-03-04,13.81,14.26,13.65,13.82,46629
2016-03-07,13.88,14.4,13.88,14.0,34569
2016-03-08,14.05,14.3,13.61,13.92,25555
2016-03-09,13.97,14.27,13.72,14.06,7143
2016-03-10,14.15,14.45,13.8,14.31,20215
2016-03-11,14.35,14.35,13.89,14.29,20863
2016-03-14,14.08,14.3,13.62,14.16,19919
2016-03-15,14.06,14.19,13.57,13.57,31069
2016-03-16,13.63,14.31,13.24,13.47,10270
2016-03-17,13.44,13.77,13.04,13.24,44924
2016-03-18,13.34,14.06,13.27,13.99,43461
2016-03-21,13.86,14.02,13.85,13.87,11770
2016-03-22,13.82,13.92,13.67,13.88,15274
2016-03-23,13.97,14.0,13.88,13.91,10122
2016-03-24,13.81,14.21,13.52,14.05,16332
2016-03-28,13.84,14.13,13.84,13.89,15635
2016-03-29,13.96,14.17,13.73,14.09,16779
2016-03-30,14.07,14.99,13.82,14.82,25729
2016-03-31,14.81,14.98,14.45,14.53,17236
2016-04-01,14.66,14.99,14.66,14.82,10887
2016-04-04,14.91,14.98,14.54,14.81,11690
2016-04-05,14.71,15.0,14.4,14.95,31399
2016-04-06,14.92,15.09,14.69,14.91,13830
2016-04-07,14.48,15.44,14.48,14.82,28739
2016-04-08,15.0,15.34,14.84,15.15,16901
2016-04-11,15.05,15.45,14.85,15.11,17333
2016-04-12,15.1,15.31,14.74,14.78,10907
2016-04-13,14.9,15.26,14.71,15.12,25096
2016-04-14,15.06,15.26,14.82,14.99,15024
2016-04-15,15.02,15.02,14.59,14.59,16665
2016-04-18,14.69,15.25,14.43,14.81,14602
2016-04-19,14.97,15.0,14.59,14.98,17929
2016-04-20,14.86,14.99,14.71,14.82,23625
2016-04-21,14.87,14.98,14.63,14.88,21458
2016-04-22,14.79,15.0,14.67,14.92,19723
2016-04-25,14.84,15.0,14.76,14.76,11178
2016-04-26,14.91,14.95,14.77,14.9,27401
2016-04-27,14.85,15.49,14.85,15.31,17037
2016-04-28,15.17,15.5,15.17,15.48,13729
2016-04-29,15.43,15.49,15.37,15.49,20098
2016-05-02,15.49,15.88,15.47,15.67,23784
2016-05-03,15.8,15.99,15.61,15.9,24958
2016-05-04,15.81,16.0,15.8,16.0,34479
2016-05-05,15.98,16.0,15.95,15.95,26053
2016-05-06,15.86,16.23,15.77,16.03,16933
2016-05-09,16.11,16.25,15.55,16.07,23569
2016-05-10,16.05,16.16,16.0,16.04,13056
2016-05-11,15.96,16.1,15.87,16.04,50965
2016-05-12,16.01,16.08,15.85,15.99,58728
2016-05-13,15.91,16.04,15.9,16.0,20165
2016-05-16,15.89,16.1,15.89,16.0,14227
2016-05-17,15.99,16.08,15.57,15.63,17375
2016-05-18,15.45,15.94,15.33,15.91,15784
2016-05-19,15.65,16.09,15.63,16.0,22133
2016-05-20,16.01,16.01,15.47,15.89,5357
2016-05-23,15.96,16.1,15.78,15.98,22197
2016-05-24,16.04,16.23,15.92,16.05,21486
2016-05-25,15.99,16.15,15.76,16.15,20248
2016-05-26,16.07,16.14,15.56,15.76,14425
2016-05-27,15.9,15.98,15.47,15.57,6398
2016-05-31,15.61,15.69,14.35,15.57,34855
2016-06-01,15.4,16.11,15.36,15.62,12748
2016-06-02,15.68,15.8,15.39,15.5,19660
2016-06-03,15.54,15.54,15.03,15.1,15665
2016-06-06,15.46,15.77,15.11,15.4,18345
2016-06-07,15.44,16.12,15.35,16.02,27885
2016-06-08,15.99,16.15,15.95,16.11,28343
2016-06-09,16.06,16.15,15.93,16.13,13568
2016-06-10,15.98,16.05,15.87,16.01,10129
2016-06-13,16.1,16.1,15.73,15.92,22134
2016-06-14,15.65,15.7,15.24,15.33,18447
2016-06-15,15.32,15.35,15.05,15.12,22218
2016-06-16,15.35,15.35,15.05,15.11,53300
2016-06-17,15.05,15.8,15.05,15.29,46866
2016-06-20,15.44,15.56,15.31,15.31,35054
2016-06-21,15.68,15.8,15.4,15.8,18550
2016-06-22,15.75,16.09,15.7,16.09,22956
2016-06-23,16.1,16.15,15.93,16.09,67840
2016-06-24,15.69,16.01,15.06,15.47,740169
2016-06-27,15.5,15.53,15.06,15.13,24556
2016-06-28,15.27,15.55,15.16,15.51,24808
2016-06-29,15.62,15.99,15.57,15.99,13102
2016-06-30,15.86,16.05,15.5,16.02,314696
2016-07-01,16.05,16.35,16.04,16.27,45806
2016-07-05,16.24,16.35,16.05,16.35,22665
2016-07-06,16.29,16.5,16.28,16.5,34497
2016-07-07,16.48,16.76,16.48,16.74,26724
2016-07-08,16.8,17.4,16.7,17.26,79925
2016-07-11,17.2,17.26,16.69,16.86,41574
2016-07-12,16.84,17.0,16.6,16.7,44261
2016-07-13,16.67,17.05,16.12,16.55,21905
2016-07-14,16.7,16.82,15.92,16.43,33964
2016-07-15,16.51,16.81,16.24,16.58,38393
2016-07-18,16.44,16.9,16.42,16.73,24558
2016-07-19,16.51,17.0,16.51,16.87,22394
2016-07-20,16.95,16.95,16.58,16.86,16118
2016-07-21,16.83,17.04,16.53,17.0,17227
2016-07-22,17.05,17.05,16.75,17.03,16736
2016-07-25,17.05,17.1,16.97,17.07,31484
2016-07-26,17.1,17.1,16.86,17.04,17375
2016-07-27,17.1,17.35,16.95,17.35,60282
2016-07-28,17.05,17.4,17.04,17.4,27783
2016-07-29,17.33,17.4,16.71,17.37,16854
2016-08-01,17.4,17.4,17.17,17.33,15490
2016-08-02,17.39,17.39,17.15,17.19,10768
2016-08-03,17.12,17.26,17.02,17.04,10806
2016-08-04,17.14,17.14,16.89,16.97,5769
2016-08-05,17.06,17.17,16.9,17.03,19325
2016-08-08,17.04,17.04,16.68,16.7,13196
2016-08-09,16.68,17.14,16.68,16.8,15420
2016-08-10,16.73,16.76,16.48,16.5,14504
2016-08-11,16.47,16.7,13.91,16.63,28198
2016-08-12,16.6,16.75,16.46,16.69,7167
2016-08-15,16.63,16.68,16.5,16.65,20160
2016-08-16,16.65,16.71,16.64,16.67,5832
2016-08-17,16.58,16.95,16.58,16.78,8475
2016-08-18,16.83,16.83,16.61,16.78,4403
2016-08-19,16.81,17.05,16.74,16.84,20135
2016-08-22,16.72,16.84,16.6,16.81,14074
2016-08-23,16.85,16.92,16.78,16.8,7059
2016-08-24,16.72,16.87,16.72,16.84,8327
2016-08-25,16.72,16.88,16.7,16.88,12910
2016-08-26,16.82,16.9,16.82,16.87,10430
2016-08-29,16.9,17.05,16.9,17.01,17897
2016-08-30,17.0,17.05,16.97,17.01,118648
2016-08-31,17.08,17.25,17.03,17.15,10198
2016-09-01,17.0,17.25,17.0,17.25,10601
2016-09-02,17.22,17.23,17.11,17.18,6497
2016-09-06,17.21,17.39,17.1,17.37,20239
2016-09-07,17.31,17.38,17.06,17.25,40388
2016-09-08,17.32,17.39,17.17,17.35,10978
2016-09-09,17.24,17.39,17.12,17.13,13533
2016-09-12,17.11,17.39,17.05,17.39,40566
2016-09-13,17.22,17.39,17.16,17.32,15182
2016-09-14,17.25,17.38,17.13,17.32,10398
2016-09-15,17.32,17.39,17.31,17.38,10554
2016-09-16,17.4,17.4,17.1,17.21,69979
2016-09-19,17.33,17.38,17.25,17.28,9231
2016-09-20,17.27,17.39,17.27,17.31,11986
2016-09-21,17.26,17.39,17.26,17.39,79169
2016-09-22,17.39,17.4,17.3,17.37,12211
2016-09-23,17.37,17.45,17.36,17.4,131175
2016-09-26,17.4,17.48,17.34,17.36,13911
2016-09-27,17.3,17.3,17.07,17.2,10473
2016-09-28,17.06,17.2,17.06,17.18,12528
2016-09-29,17.11,17.29,16.78,16.85,14518
2016-09-30,17.26,17.44,17.18,17.39,11024
2016-10-03,17.29,17.35,17.23,17.28,15151
2016-10-04,16.8,17.33,15.46,17.19,9609
2016-10-05,17.3,17.5,17.2,17.35,49616
2016-10-06,17.41,17.45,17.25,17.38,69525
2016-10-07,17.4,17.6,17.4,17.59,41030
2016-10-10,17.6,17.72,17.5,17.58,23837
2016-10-11,17.68,18.0,17.56,17.72,38119
2016-10-12,17.72,17.75,17.43,17.46,10680
2016-10-13,17.44,17.75,17.12,17.58,30142
2016-10-14,17.58,17.85,17.51,17.79,14552
2016-10-17,17.73,17.82,17.72,17.8,8049
2016-10-18,17.85,17.85,17.7,17.82,10314
2016-10-19,17.91,17.91,17.51,17.81,3701
2016-10-20,17.79,17.9,17.73,17.89,8775
2016-10-21,17.76,17.82,17.5,17.78,3143
2016-10-24,17.69,17.82,17.69,17.82,2576
2016-10-25,17.42,17.68,17.42,17.52,6863
2016-10-26,17.55,18.05,17.52,18.03,31482
2016-10-27,18.03,18.15,18.02,18.12,20022
2016-10-28,18.04,18.08,17.9,17.98,51585
2016-10-31,18.13,18.13,17.55,17.63,41071
2016-11-01,17.69,17.9,17.59,17.82,10310
2016-11-02,17.91,17.91,17.45,17.47,26749
2016-11-03,17.52,17.96,17.52,17.84,52781
2016-11-04,17.82,19.27,17.82,18.83,24966
2016-11-07,19.0,19.0,17.45,18.92,24034
2016-11-08,18.39,19.0,18.22,18.81,18125
2016-11-09,18.99,19.9,18.75,19.6,32071
2016-11-10,19.72,19.9,19.7,19.81,46558
2016-11-11,19.72,20.65,19.57,20.46,87890
2016-11-14,20.52,21.12,20.43,20.61,48289
2016-11-15,20.58,20.58,19.87,20.02,25660
2016-11-16,19.96,20.19,19.38,20.17,20595
2016-11-17,20.13,20.25,19.88,20.25,13823
2016-11-18,20.34,20.64,19.87,20.63,19151
2016-11-21,20.55,20.57,20.02,20.28,31109
2016-11-22,20.19,20.4,18.74,20.35,15862
2016-11-23,20.3,20.58,20.09,20.16,38327
2016-11-25,20.26,20.48,20.13,20.22,8520
2016-11-28,20.32,20.32,19.88,20.26,15568
2016-11-29,20.38,20.38,19.95,20.07,8383
2016-11-30,20.26,20.38,19.65,19.85,16368
2016-12-01,20.02,20.17,19.85,19.97,13511
2016-12-02,19.99,20.0,19.86,19.93,29902
2016-12-05,20.09,20.1,19.82,20.07,22656
2016-12-06,19.62,21.0,19.62,20.98,435305
2016-12-07,21.0,22.21,20.66,21.96,51269
2016-12-08,22.15,24.06,20.09,24.0,37078
2016-12-09,24.0,24.25,23.5,24.2,29330
2016-12-12,23.97,24.25,22.53,23.05,17822
2016-12-13,23.0,23.5,22.54,23.06,25486
2016-12-14,23.0,23.04,22.57,22.84,15759
2016-12-15,23.05,26.23,22.99,25.81,595748
2016-12-16,25.78,26.43,24.52,26.11,146599
2016-12-19,26.14,26.65,26.05,26.54,93677
2016-12-20,26.54,26.96,26.25,26.4,73698
2016-12-21,26.5,27.09,26.5,26.5,113435
2016-12-22,26.5,27.0,26.5,26.94,44968
2016-12-23,27.07,27.76,26.76,26.77,181190
2016-12-27,26.98,27.18,26.5,26.51,45345
2016-12-28,26.62,26.7,26.5,26.64,82972
2016-12-29,26.69,27.52,26.46,26.6,30351
2016-12-30,26.5,26.74,26.3,26.71,38678
2017-01-03,26.71,27.29,25.2,26.2,227224
2017-01-04,26.45,26.5,26.19,26.33,127487
2017-01-05,26.24,26.46,25.62,25.83,52955
2017-01-06,25.94,25.94,25.3,25.64,19992
2017-01-09,25.49,26.0,24.55,25.86,55389
2017-01-10,25.75,26.24,25.57,26.07,58977
2017-01-11,26.07,26.51,25.68,26.5,34668
2017-01-12,26.71,26.71,25.74,26.08,38730
2017-01-13,26.67,26.72,26.19,26.32,28107
2017-01-17,26.12,26.55,25.51,26.07,57007
2017-01-18,26.7,26.7,25.08,26.09,78532
2017-01-19,26.0,26.48,25.95,26.36,185326
2017-01-20,26.5,26.5,26.25,26.42,57548
2017-01-23,26.59,27.57,26.24,26.5,114427
2017-01-24,27.06,27.6,26.54,27.4,69607
2017-01-25,27.61,28.43,26.83,28.27,102376
2017-01-26,28.48,28.61,27.45,27.49,67526
2017-01-27,27.84,28.03,27.03,27.09,125351
2017-01-30,26.94,27.11,26.17,26.75,119401
2017-01-31,26.75,27.86,26.14,27.16,296683
2017-02-01,27.2,27.83,26.81,27.73,106295
2017-02-02,27.6,28.1,27.23,27.61,91065
2017-02-03,27.78,29.33,27.78,29.25,132392
2017-02-06,29.06,29.26,28.4,28.64,76619
2017-02-07,28.59,29.06,27.96,28.19,46640
2017-02-08,28.02,28.02,27.33,27.89,63241
2017-02-09,28.06,28.18,27.52,27.61,55574
2017-02-10,27.63,27.68,27.11,27.4,65948
2017-02-13,27.58,27.85,27.43,27.52,81804
2017-02-14,27.4,28.42,27.4,28.35,307578
2017-02-15,28.39,28.47,27.92,28.31,40920
2017-02-16,28.37,28.83,28.14,28.76,45838
2017-02-17,28.73,29.22,28.44,29.11,62776
2017-02-21,29.28,29.43,28.56,29.01,66278
2017-02-22,29.0,29.34,28.77,29.14,25009
2017-02-23,29.27,29.28,27.32,29.22,49664
2017-02-24,28.87,29.25,28.11,29.15,42755
2017-02-27,29.17,29.22,28.8,29.02,54989
2017-02-28,28.87,29.15,27.51,28.65,63613
2017-03-01,28.98,29.25,28.54,29.05,116859
2017-03-02,29.26,29.26,28.11,28.75,103386
2017-03-03,28.8,28.97,28.35,28.63,116300
2017-03-06,28.34,28.85,27.71,28.6,175586
2017-03-07,28.5,28.7,27.72,28.37,90898
2017-03-08,28.63,28.88,28.32,28.38,55655
2017-03-09,28.3,28.75,27.67,27.89,143092
2017-03-10,27.83,28.25,26.82,27.45,122620
2017-03-13,27.33,27.88,27.33,27.55,36653
2017-03-14,27.53,27.75,27.24,27.61,59557
2017-03-15,27.72,27.88,27.4,27.57,79791
2017-03-16,27.86,27.9,27.57,27.89,28616
2017-03-17,27.73,28.54,27.67,28.25,175868
2017-03-20,28.15,28.49,27.51,28.07,46392
2017-03-21,28.3,28.81,27.84,27.93,104019
2017-03-22,27.77,27.8,27.24,27.38,113110
2017-03-23,27.25,27.86,27.25,27.59,83448
2017-03-24,27.72,28.98,27.7,28.24,70171
2017-03-27,27.85,27.99,27.22,27.94,30189
2017-03-28,27.76,28.65,27.64,28.55,88256
2017-03-29,28.34,28.64,27.84,27.93,69231
2017-03-30,27.92,28.45,27.92,28.37,73028
2017-03-31,28.2,28.49,28.02,28.12,57571
2017-04-03,28.12,28.13,27.06,27.62,160103
2017-04-04,27.6,27.8,27.18,27.59,57749
2017-04-05,27.64,27.96,26.57,26.63,80623
2017-04-06,26.74,27.25,26.52,27.02,97445
2017-04-07,26.82,27.0,26.55,27.0,59217
2017-04-10,27.0,27.0,26.57,26.96,81251
2017-04-11,26.87,27.22,26.76,26.98,49273
2017-04-12,26.97,27.11,26.2,26.5,28505
2017-04-13,26.5,26.5,25.46,25.76,31788
2017-04-17,25.56,26.09,25.56,25.94,43137
2017-04-18,25.7,26.28,25.43,26.08,27105
2017-04-19,26.29,26.89,26.26,26.73,48843
2017-04-20,26.77,27.58,26.77,27.45,74233
2017-04-21,27.39,27.51,26.99,27.19,33820
2017-04-24,27.62,28.2,27.51,27.62,34108
2017-04-25,27.45,28.61,27.45,28.35,103504
2017-04-26,28.28,28.77,28.25,28.47,267874
2017-04-27,28.42,28.42,27.9,28.05,137785
2017-04-28,28.17,28.17,26.88,26.94,67416
2017-05-01,26.94,27.29,26.35,27.04,44181
2017-05-02,26.95,27.38,26.8,27.04,47978
2017-05-03,26.93,27.25,26.93,27.09,23661
2017-05-04,27.1,28.23,27.1,27.93,129817
2017-05-05,28.09,28.09,27.69,27.88,42452
2017-05-08,27.96,28.03,27.65,27.89,26607
2017-05-09,27.9,28.05,27.48,27.5,32797
2017-05-10,27.5,27.61,27.15,27.45,30746
2017-05-11,27.22,27.4,26.69,27.0,18372
2017-05-12,26.98,27.04,26.31,26.64,26634
2017-05-15,26.75,27.37,26.02,26.95,22561
2017-05-16,26.95,27.07,26.48,26.93,31485
2017-05-17,26.6,26.7,25.62,26.01,53844
2017-05-18,25.81,26.57,25.73,25.92,45509
2017-05-19,25.85,25.92,25.46,25.56,113449
2017-05-22,25.55,25.82,25.08,25.39,184805
2017-05-23,25.52,26.27,25.09,25.85,117935
2017-05-24,26.03,26.48,25.76,26.21,69469
2017-05-25,26.21,26.5,25.9,26.35,71535
2017-05-26,26.35,26.35,25.89,26.06,22790
2017-05-30,25.96,26.2,25.46,25.96,27584
2017-05-31,26.0,26.31,25.75,26.0,45235
2017-06-01,26.2,26.4,25.75,26.39,29988
2017-06-02,26.32,26.77,26.26,26.77,48995
2017-06-05,26.94,27.1,26.36,26.48,33561
2017-06-06,26.33,26.85,26.33,26.7,81425
2017-06-07,26.59,26.83,25.92,25.99,48391
2017-06-08,25.89,26.69,25.77,26.38,177893
2017-06-09,26.5,27.23,26.5,27.01,69079
2017-06-12,27.05,27.36,26.66,27.29,60718
2017-06-13,27.42,27.7,27.36,27.58,57618
2017-06-14,27.5,27.87,27.2,27.84,49441
2017-06-15,27.57,28.08,27.57,27.94,48384
2017-06-16,27.74,28.25,27.48,27.96,157315
2017-06-19,27.6,28.23,27.23,27.41,27923
2017-06-20,27.42,27.66,26.09,26.3,46992
2017-06-21,26.5,26.5,25.72,25.79,40386
2017-06-22,25.82,26.26,25.69,26.16,57373
2017-06-23,26.2,26.42,25.52,26.29,410334
2017-06-26,26.21,26.32,25.67,26.12,36248
2017-06-27,26.17,26.42,25.73,25.85,46269
2017-06-28,25.97,26.55,25.65,26.22,75536
2017-06-29,26.49,26.84,26.04,26.84,41054
2017-06-30,26.83,27.24,26.1,26.33,45000
2017-07-03,26.39,27.5,26.35,27.26,18746
2017-07-05,27.27,27.43,26.72,27.13,26361
2017-07-06,27.13,27.24,26.91,27.04,30366
2017-07-07,26.85,28.16,26.85,27.35,41947
2017-07-10,27.25,27.72,26.92,27.54,62221
2017-07-11,27.7,27.85,26.66,27.44,31948
2017-07-12,27.45,27.66,26.46,27.47,33313
2017-07-13,27.41,27.41,26.79,27.01,19098
2017-07-14,26.78,27.3,26.52,26.7,26024
2017-07-17,26.68,27.51,26.28,26.71,25111
2017-07-18,26.5,27.12,26.41,26.6,34400
2017-07-19,26.63,27.34,26.12,26.65,52294
2017-07-20,27.98,27.98,26.68,26.7,32585
2017-07-21,27.11,27.11,25.9,26.77,104836
2017-07-24,26.75,26.86,26.36,26.59,66940
2017-07-25,26.5,27.08,26.47,26.67,28703
2017-07-26,26.58,26.81,26.35,26.61,47146
2017-07-27,26.56,26.81,26.23,26.6,47953
2017-07-28,26.59,26.69,26.24,26.53,27514
2017-07-31,26.27,26.94,26.24,26.65,25241
2017-08-01,26.52,26.79,26.38,26.77,34222
