Date,Open,High,Low,Close,Volume
2013-10-30,25.09,25.1,25.0,25.0,8300
2013-10-31,24.81,24.81,24.81,24.81,6400000
2013-11-01,24.8,24.82,24.59,24.59,6292406
2013-11-04,24.91,24.94,24.91,24.94,1500
2013-11-05,24.9,24.9,24.9,24.9,100
2013-11-06,24.9,24.9,24.89,24.89,500
2013-11-07,25.8,25.8,24.48,24.48,2674
2013-11-08,24.36,24.36,24.36,24.36,1000
2013-11-11,24.39,24.4,24.39,24.4,90900
2013-11-12,24.11,24.11,24.11,24.11,492
2013-11-13,24.09,24.09,24.09,24.09,408
2013-11-14,24.2,24.29,24.2,24.29,800
2013-11-18,24.85,24.85,24.7,24.7,5415
2013-11-19,24.73,24.75,24.63,24.63,2961
2013-11-20,24.75,24.75,24.42,24.42,1186
2013-11-21,24.49,24.49,24.45,24.45,400
2013-11-22,24.52,24.59,24.52,24.59,1630
2013-11-25,24.55,24.55,24.55,24.55,100
2013-11-26,24.35,24.35,24.32,24.35,1476
2013-11-27,25.25,25.25,24.28,24.6,19212
2013-12-02,24.99,24.99,24.6,24.6,7137
2013-12-03,24.5,24.5,24.25,24.25,4502396
2013-12-04,24.01,24.01,24.01,24.01,832
2013-12-05,24.33,24.33,24.07,24.07,4857
2013-12-06,24.32,24.35,24.31,24.32,15967
2013-12-09,24.44,24.44,24.36,24.36,3716
2013-12-10,24.57,24.57,24.32,24.48,5871
2013-12-11,24.21,24.22,24.13,24.13,2314
2013-12-12,24.0,24.05,23.93,24.03,6614
2013-12-13,23.92,24.04,23.92,24.04,8215
2013-12-16,24.19,24.19,24.16,24.17,16320
2013-12-17,24.26,24.26,24.05,24.11,197119
2013-12-18,24.15,24.49,24.08,24.49,35618
2013-12-19,24.08,24.46,24.08,24.31,99050
2013-12-20,24.35,24.41,24.25,24.25,4992411
2013-12-23,24.46,24.49,24.24,24.45,137610
2013-12-24,24.36,24.57,24.36,24.54,4222
2013-12-26,24.07,24.53,24.07,24.35,97419
2013-12-27,24.61,24.64,24.61,24.63,90260
2013-12-30,24.72,24.77,24.69,24.73,94941
2013-12-31,24.8,24.84,24.71,24.79,47579
2014-01-02,24.61,24.61,24.22,24.27,104989
2014-01-03,23.96,24.32,23.96,24.3,62861
2014-01-06,24.23,24.23,24.13,24.19,142660
2014-01-07,24.27,24.27,24.17,24.24,197935
2014-01-08,24.26,24.26,24.13,24.15,158042
2014-01-09,24.1,24.1,23.92,24.06,1168620
2014-01-10,24.28,24.35,24.28,24.35,339556
2014-01-13,24.4,24.4,24.11,24.11,373848
2014-01-14,24.09,24.4,24.09,24.32,38759
2014-01-15,24.37,24.39,24.32,24.38,28314
2014-01-16,24.35,24.35,24.24,24.33,27907
2014-01-17,24.34,24.34,24.09,24.12,78944
2014-01-21,24.19,24.21,24.19,24.19,632433
2014-01-22,24.35,24.35,24.25,24.33,856155
2014-01-23,24.12,24.12,23.94,24.02,262207
2014-01-24,24.05,24.05,23.52,23.55,66413
2014-01-27,23.64,23.64,23.23,23.34,38488
2014-01-28,23.53,23.53,23.4,23.45,79259
2014-01-29,23.21,23.3,23.11,23.15,68875
2014-01-30,23.23,23.32,23.22,23.3,224805
2014-01-31,22.88,23.2,22.88,23.11,229209
2014-02-03,23.23,23.23,22.62,22.66,123447
2014-02-04,22.91,22.99,22.91,22.96,183305
2014-02-05,22.84,22.98,22.81,22.94,212215
2014-02-06,23.36,23.36,23.34,23.35,118352
2014-02-07,23.47,23.51,23.34,23.51,102140
2014-02-10,23.38,23.38,23.25,23.25,6302
2014-02-11,23.4,23.74,23.4,23.74,40274
2014-02-12,23.84,23.84,23.68,23.7,31565
2014-02-13,23.57,23.84,23.57,23.84,3908
2014-02-14,23.95,24.08,23.95,23.98,62920
2014-02-18,24.1,24.1,23.97,24.06,131572
2014-02-19,24.02,24.05,23.93,23.94,33853
2014-02-20,23.88,24.02,23.88,24.02,54520
2014-02-21,24.09,24.16,24.04,24.08,53484
2014-02-24,24.17,24.31,24.17,24.21,36777
2014-02-25,24.12,24.18,24.02,24.02,51044
2014-02-26,24.0,24.02,23.82,23.88,28276
2014-02-27,24.04,24.2,24.04,24.2,25385
2014-02-28,24.22,24.28,24.18,24.18,42351
2014-03-03,24.01,24.01,23.62,23.63,35366
2014-03-04,24.2,24.21,24.08,24.21,147282
2014-03-05,24.13,24.25,24.13,24.23,79238
2014-03-06,24.55,24.61,24.47,24.49,27050
2014-03-07,24.56,24.56,24.21,24.3,25684
2014-03-10,24.08,24.18,24.08,24.14,112589
2014-03-11,24.2,24.23,24.05,24.08,104972
2014-03-12,23.95,24.04,23.89,23.95,37325
2014-03-13,24.12,24.12,23.68,23.69,28097
2014-03-14,23.87,23.87,23.74,23.78,55356
2014-03-17,24.09,24.09,24.01,24.06,36210
2014-03-18,24.12,24.21,24.12,24.21,77335
2014-03-19,23.94,24.09,23.81,23.81,32063
2014-03-20,23.74,23.88,23.66,23.86,31865
2014-03-21,24.0,24.06,23.84,23.88,54825
2014-03-24,23.93,23.94,23.78,23.94,9388
2014-03-25,24.15,24.19,24.08,24.19,33615
2014-03-26,24.31,24.31,24.14,24.14,19367
2014-03-27,23.82,24.33,23.82,24.28,37501
2014-03-28,24.6,24.6,24.5,24.51,56003
2014-03-31,24.7,24.72,24.66,24.72,69081
2014-04-01,24.85,24.88,24.77,24.88,14315
2014-04-02,24.88,24.91,24.82,24.91,54285
2014-04-03,24.84,24.84,24.72,24.74,16976
2014-04-04,25.07,25.07,24.71,24.83,45207
2014-04-07,24.85,24.85,24.74,24.77,31356
2014-04-08,24.89,25.0,24.89,24.92,28523
2014-04-09,24.94,25.14,24.92,24.97,39782
2014-04-10,25.02,25.02,24.75,24.75,52426
2014-04-11,24.79,24.83,24.64,24.79,27148
2014-04-14,24.81,24.85,24.7,24.78,37078
2014-04-15,24.73,24.73,24.39,24.56,37990
2014-04-16,24.64,24.82,24.64,24.81,50749
2014-04-17,24.86,24.97,24.79,24.92,26588
2014-04-21,24.97,24.97,24.79,24.81,15773
2014-04-22,25.01,25.02,24.98,25.02,12926
2014-04-23,24.92,24.92,24.76,24.86,63534
2014-04-24,24.98,24.98,24.75,24.79,29769
2014-04-25,24.73,24.73,24.61,24.7,70949
2014-04-28,24.63,24.78,24.6,24.78,27616
2014-04-29,24.93,24.95,24.84,24.95,38352
2014-04-30,24.87,25.02,24.87,25.02,20243
2014-05-01,25.04,25.07,25.0,25.0,32912
2014-05-02,25.0,25.13,25.0,25.03,59730
2014-05-05,24.93,25.05,24.91,25.02,37175
2014-05-06,25.05,25.08,24.97,25.06,9320
2014-05-07,24.92,25.1,24.92,25.04,39181
2014-05-08,25.05,25.21,25.05,25.13,29106
2014-05-09,25.12,25.15,25.04,25.13,55616
2014-05-12,25.28,25.33,25.27,25.33,33973
2014-05-13,25.32,25.39,25.32,25.37,36033
2014-05-14,25.44,25.47,25.35,25.35,38100
2014-05-15,25.28,25.29,25.14,25.16,55679
2014-05-16,25.32,25.41,25.29,25.41,26394
2014-05-19,25.41,25.44,25.41,25.41,33318
2014-05-20,25.29,25.34,25.15,25.26,27855
2014-05-21,25.27,25.4,25.27,25.34,59113
2014-05-22,25.39,25.5,25.39,25.45,31376
2014-05-23,25.47,25.58,25.47,25.49,34011
2014-05-27,25.43,25.54,25.43,25.43,40851
2014-05-28,25.48,25.56,25.47,25.47,47994
2014-05-29,25.56,25.63,25.55,25.63,39606
2014-05-30,25.6,25.6,25.41,25.49,43928
2014-06-02,25.6,25.6,25.53,25.55,19581
2014-06-03,25.63,25.63,25.56,25.56,56869
2014-06-04,25.5,25.54,25.45,25.46,34452
2014-06-05,25.66,25.77,25.64,25.77,21482
2014-06-06,25.84,25.95,25.84,25.94,11278
2014-06-09,25.96,25.96,25.9,25.9,60669
2014-06-10,25.94,26.0,25.93,25.97,24276
2014-06-11,25.9,25.9,25.8,25.83,50764
2014-06-12,25.97,25.97,25.73,25.73,53989
2014-06-13,25.92,25.92,25.75,25.75,22064
2014-06-16,25.65,25.79,25.62,25.75,79367
2014-06-17,25.52,25.52,25.34,25.41,24073
2014-06-18,25.4,25.69,25.38,25.65,19001
2014-06-19,25.8,25.8,25.6,25.69,45816
2014-06-20,25.7,25.71,25.54,25.64,111948
2014-06-23,25.56,25.58,25.47,25.58,24428
2014-06-24,25.67,25.7,25.49,25.49,53060
2014-06-25,25.45,25.53,25.45,25.51,88110
2014-06-26,25.43,25.59,25.43,25.54,51203
2014-06-27,25.55,25.64,25.5,25.61,39680
2014-06-30,25.65,25.65,25.6,25.62,20394
2014-07-01,25.76,25.82,25.73,25.8,21754
2014-07-02,25.83,25.84,25.81,25.84,11531
2014-07-03,25.79,25.97,25.79,25.97,17291
2014-07-07,25.77,25.91,25.77,25.85,25221
2014-07-08,25.81,25.81,25.7,25.77,33585
2014-07-09,25.79,25.92,25.79,25.92,25985
2014-07-10,25.41,25.73,25.41,25.73,36444
2014-07-11,25.51,25.72,25.47,25.72,51253
2014-07-14,25.69,25.86,25.69,25.84,15163
2014-07-15,25.9,25.9,25.74,25.74,53033
2014-07-16,25.89,25.93,25.89,25.92,19257
2014-07-17,25.8,25.8,25.54,25.54,7007
2014-07-18,25.79,25.85,25.78,25.85,29392
2014-07-21,25.75,25.87,25.72,25.85,28671
2014-07-22,26.0,26.03,26.0,26.01,15621
2014-07-23,26.12,26.12,26.01,26.06,79361
2014-07-24,25.95,26.11,25.94,26.04,24051
2014-07-25,26.04,26.04,25.94,25.98,48160
2014-07-28,25.94,26.05,25.94,26.03,53430
2014-07-29,26.07,26.07,25.92,25.93,17207
2014-07-30,25.9,25.9,25.71,25.72,68405
2014-07-31,25.48,25.49,25.39,25.42,33695
2014-08-01,25.45,25.46,25.31,25.42,36106
2014-08-04,25.52,25.62,25.45,25.59,80130
2014-08-05,25.41,25.42,25.2,25.33,63541
2014-08-06,25.22,25.28,25.16,25.18,18590
2014-08-07,25.15,25.26,25.01,25.01,16723
2014-08-08,25.11,25.23,25.1,25.23,46809
2014-08-11,25.37,25.45,25.37,25.45,92667
2014-08-12,25.43,25.43,25.38,25.38,20147
2014-08-13,25.57,25.58,25.51,25.52,6960
2014-08-14,25.65,25.68,25.63,25.66,14104
2014-08-15,25.78,25.78,25.54,25.65,27718
2014-08-18,25.66,25.79,25.66,25.78,33480
2014-08-19,25.76,25.85,25.71,25.82,84013
2014-08-20,25.6,25.79,25.6,25.78,41325
2014-08-21,25.82,25.85,25.74,25.78,19557
2014-08-22,25.67,25.73,25.65,25.73,29906
2014-08-25,25.47,25.86,25.47,25.83,62860
2014-08-26,25.94,25.95,25.9,25.9,49933
2014-08-27,25.97,26.03,25.96,25.96,29724
2014-08-28,25.86,25.89,25.81,25.89,21217
2014-08-29,25.7,25.83,25.7,25.78,10258
2014-09-02,25.72,25.88,25.72,25.85,39897
2014-09-03,26.07,26.16,26.05,26.11,28467
2014-09-04,26.2,26.2,25.96,26.01,36601
2014-09-05,26.01,26.17,26.01,26.17,22494
2014-09-08,25.97,26.04,25.88,25.94,15951
2014-09-09,25.75,25.76,25.62,25.65,20422
2014-09-10,25.68,25.73,25.59,25.69,10089
2014-09-11,25.57,25.6,25.51,25.51,69599
2014-09-12,25.46,25.47,25.34,25.39,8530
2014-09-15,25.44,25.44,25.3,25.36,17068
2014-09-16,25.12,25.39,25.12,25.29,22639
2014-09-17,25.18,25.3,25.07,25.07,22702
2014-09-18,25.12,25.27,25.12,25.23,27856
2014-09-19,25.21,25.25,25.07,25.14,93581
2014-09-22,25.04,25.06,24.85,24.91,42725
2014-09-23,24.82,24.93,24.78,24.79,16574
2014-09-24,24.92,24.94,24.8,24.94,125083
2014-09-25,24.77,24.77,24.5,24.53,26488
2014-09-26,24.6,24.66,24.48,24.66,18885
2014-09-29,24.34,24.39,24.29,24.36,20433
2014-09-30,24.32,24.39,24.31,24.37,12866
2014-10-01,24.27,24.27,24.09,24.09,5989
2014-10-02,23.98,24.09,23.89,24.01,26940
2014-10-03,24.02,24.06,23.94,24.06,31133
2014-10-06,24.29,24.34,24.15,24.21,64021
2014-10-07,24.15,24.15,23.87,23.87,48091
2014-10-08,23.91,24.25,23.75,24.22,54854
2014-10-09,23.97,24.08,23.72,23.72,39107
2014-10-10,23.65,23.65,23.4,23.4,13589
2014-10-13,23.64,23.69,23.38,23.38,22291
2014-10-14,23.5,23.66,23.45,23.49,50786
2014-10-15,23.33,23.39,22.88,23.28,59708
2014-10-16,23.07,23.31,23.05,23.14,19885
2014-10-17,23.62,23.64,23.44,23.55,31070
2014-10-20,23.41,23.65,23.41,23.65,43109
2014-10-21,23.84,23.9,23.75,23.86,65589
2014-10-22,23.86,23.88,23.66,23.71,34123
2014-10-23,23.91,23.93,23.83,23.85,164365
2014-10-24,23.94,23.98,23.91,23.94,25169
2014-10-27,23.75,23.9,23.75,23.9,23606
2014-10-28,24.07,24.25,24.07,24.25,13095
2014-10-29,24.31,24.33,24.04,24.09,25191
2014-10-30,24.09,24.33,24.08,24.27,14150
2014-10-31,24.41,24.47,24.4,24.42,30774
2014-11-03,24.34,24.38,24.26,24.35,24763
2014-11-04,24.22,24.25,24.16,24.25,64132
2014-11-05,24.11,24.18,24.11,24.17,24094
2014-11-06,24.09,24.12,24.0,24.0,21889
2014-11-07,24.0,24.06,24.0,24.05,100549
2014-11-10,24.1,24.15,24.05,24.11,66376
2014-11-11,24.1,24.17,24.1,24.17,67446
2014-11-12,24.06,24.12,24.05,24.06,42187
2014-11-13,24.15,24.15,24.01,24.04,47354
2014-11-14,24.07,24.17,24.06,24.16,38543
2014-11-17,24.04,24.11,24.02,24.09,29196
2014-11-18,24.21,24.31,24.21,24.28,57496
2014-11-19,24.21,24.29,24.18,24.24,45977
2014-11-20,24.15,24.22,24.15,24.22,101523
2014-11-21,24.52,24.59,24.48,24.51,66437
2014-11-24,24.48,24.54,24.48,24.5,57736
2014-11-25,24.45,24.58,24.39,24.54,103328
2014-11-26,24.58,24.66,24.58,24.63,33394
2014-11-28,24.49,24.49,24.4,24.4,1272
2014-12-01,24.3,24.3,24.15,24.16,36811
2014-12-02,24.11,24.18,24.11,24.14,56420
2014-12-03,24.16,24.22,24.16,24.21,34427
2014-12-04,24.16,24.2,24.1,24.18,60940
2014-12-05,23.96,24.09,23.96,24.07,40889
2014-12-08,24.01,24.04,23.86,23.93,44974
2014-12-09,23.66,23.75,23.65,23.75,153660
2014-12-10,23.56,23.65,23.41,23.53,79835
2014-12-11,23.35,23.55,23.32,23.32,110073
2014-12-12,23.21,23.59,23.0,23.1,415558
2014-12-15,22.94,22.94,22.59,22.59,128495
2014-12-16,22.57,22.84,22.55,22.55,305300
2014-12-17,22.39,22.86,22.39,22.66,413991
2014-12-18,22.9,23.06,22.87,23.0,314637
2014-12-19,23.0,23.13,22.97,23.08,276127
2014-12-22,23.21,23.31,23.14,23.24,127701
2014-12-23,23.18,23.26,23.1,23.2,151884
2014-12-24,23.08,23.2,23.07,23.2,9445
2014-12-26,23.26,23.43,23.25,23.37,100763
2014-12-29,23.19,23.37,23.17,23.18,180668
2014-12-30,23.1,23.2,23.08,23.2,334702
2014-12-31,23.29,23.29,23.05,23.15,97136
2015-01-02,22.99,23.03,22.91,23.01,45245
2015-01-05,22.79,22.79,22.48,22.56,46065
2015-01-06,22.58,22.62,22.37,22.42,85534
2015-01-07,22.55,22.78,22.54,22.74,54457
2015-01-08,22.83,23.15,22.83,23.08,121007
2015-01-09,23.04,23.06,22.84,23.04,34570
2015-01-12,22.88,22.96,22.78,22.87,52932
2015-01-13,23.18,23.18,22.87,23.01,366184
2015-01-14,22.96,23.03,22.86,22.99,42825
2015-01-15,23.09,23.12,22.96,22.96,12588
2015-01-16,22.9,23.23,22.89,23.23,130360
2015-01-20,23.18,23.26,23.16,23.21,479750
2015-01-21,23.29,23.46,23.29,23.43,84115
2015-01-22,23.45,23.75,23.45,23.71,63379
2015-01-23,23.73,23.76,23.71,23.71,75017
2015-01-26,23.73,23.83,23.69,23.81,157003
2015-01-27,23.62,23.82,23.62,23.76,71297
2015-01-28,23.8,23.8,23.42,23.42,25767
2015-01-29,23.57,23.64,23.43,23.61,15026
2015-01-30,23.34,23.34,23.2,23.2,8679
2015-02-02,23.35,23.48,23.3,23.47,162550
2015-02-03,23.74,23.87,23.7,23.84,84819
2015-02-04,23.81,23.81,23.71,23.79,562327
2015-02-05,23.7,23.89,23.66,23.84,86155
2015-02-06,23.77,23.78,23.51,23.62,275457
2015-02-09,23.56,23.62,23.53,23.55,108342
2015-02-10,23.51,23.62,23.51,23.62,13286
2015-02-11,23.4,23.53,23.4,23.48,17219
2015-02-12,23.7,23.87,23.67,23.85,74401
2015-02-13,23.89,24.04,23.89,24.0,18521
2015-02-17,23.69,24.02,23.69,24.02,61735
2015-02-18,23.9,24.03,23.85,23.99,31794
2015-02-19,24.01,24.01,23.92,24.0,23618
2015-02-20,23.82,24.11,23.82,24.11,45343
2015-02-23,23.84,23.99,23.84,23.96,23389
2015-02-24,23.89,24.15,23.89,24.1,27202
2015-02-25,24.08,24.15,24.06,24.13,83828
2015-02-26,24.0,24.1,23.92,24.02,51975
2015-02-27,24.06,24.08,24.0,24.0,48943
2015-03-02,24.04,24.04,23.96,23.97,33709
2015-03-03,23.89,23.98,23.87,23.91,71470
2015-03-04,23.68,23.8,23.66,23.78,30334
2015-03-05,23.79,23.8,23.68,23.73,32209
2015-03-06,23.68,23.68,23.36,23.46,97505
2015-03-09,23.36,23.42,23.35,23.41,19356
2015-03-10,23.04,23.08,22.86,22.93,90386
2015-03-11,22.98,23.03,22.95,23.03,14532
2015-03-12,23.1,23.26,23.1,23.26,24618
2015-03-13,23.13,23.13,22.84,23.01,14749
2015-03-16,23.21,23.26,23.16,23.17,209205
2015-03-17,23.15,23.22,23.12,23.2,47382
2015-03-18,23.23,23.69,23.21,23.61,24067
2015-03-19,23.49,23.49,23.3,23.34,17203
2015-03-20,23.61,23.86,23.61,23.71,23814
2015-03-23,23.78,23.89,23.78,23.85,49281
2015-03-24,23.94,23.99,23.83,23.86,68112
2015-03-25,23.89,23.96,23.72,23.77,71514
2015-03-26,23.46,23.65,23.46,23.63,18848
2015-03-27,23.66,23.72,23.6,23.63,62431
2015-03-30,23.67,23.93,23.67,23.81,10877
2015-03-31,23.84,24.0,23.61,23.65,40429
2015-04-01,23.78,23.93,23.78,23.83,8669
2015-04-02,24.16,24.22,24.1,24.22,31197
2015-04-06,24.19,24.57,24.19,24.5,23061
2015-04-07,24.36,24.48,24.2,24.2,52169
2015-04-08,24.21,24.57,24.21,24.41,81833
2015-04-09,24.68,24.68,24.47,24.6,41926
2015-04-10,24.53,24.55,24.44,24.51,35529
2015-04-13,24.34,24.51,24.29,24.29,35440
2015-04-14,24.43,24.57,24.43,24.5,79695
2015-04-15,24.54,24.75,24.54,24.69,29322
2015-04-16,24.78,24.93,24.72,24.81,26720
2015-04-17,24.56,24.57,24.45,24.5,46684
2015-04-20,24.6,24.61,24.5,24.51,54567
2015-04-21,24.68,24.79,24.65,24.66,60529
2015-04-22,24.66,24.78,24.65,24.72,75598
2015-04-23,24.55,24.94,24.55,24.88,38054
2015-04-24,24.86,25.0,24.86,25.0,73593
2015-04-27,25.15,25.15,25.07,25.07,9672
2015-04-28,25.07,25.15,25.07,25.15,28998
2015-04-29,24.91,24.99,24.89,24.97,50324
2015-04-30,24.73,24.74,24.67,24.71,39598
2015-05-01,24.83,24.89,24.65,24.81,18021
2015-05-04,24.88,24.88,24.75,24.87,25951
2015-05-05,24.74,24.79,24.56,24.56,47857
2015-05-06,24.66,24.74,24.55,24.55,39289
2015-05-07,24.35,24.59,24.35,24.46,29055
2015-05-08,24.8,24.94,24.72,24.94,33019
2015-05-11,24.74,24.74,24.57,24.64,14827
2015-05-12,24.44,24.69,24.44,24.58,62694
2015-05-13,24.95,24.95,24.75,24.75,16435
2015-05-14,24.89,25.02,24.87,24.91,25623
2015-05-15,24.94,25.02,24.87,24.94,16741
2015-05-18,24.65,25.0,24.65,24.84,36472
2015-05-19,24.75,24.91,24.73,24.73,20587
2015-05-20,24.69,24.97,24.69,24.81,48787
2015-05-21,24.88,24.89,24.81,24.81,19592
2015-05-22,24.87,24.9,24.71,24.86,72691
2015-05-26,24.39,24.49,24.3,24.43,26476
2015-05-27,24.29,24.45,24.27,24.38,35690
2015-05-28,24.09,24.39,23.98,24.27,52821
2015-05-29,24.18,24.23,24.11,24.12,16803
2015-06-01,24.15,24.15,24.05,24.05,21534
2015-06-02,24.24,24.29,24.11,24.26,43394
2015-06-03,24.22,24.31,24.12,24.12,17281
2015-06-04,24.12,24.21,23.97,24.02,16901
2015-06-05,23.87,23.89,23.72,23.74,25951
2015-06-08,23.81,23.81,23.65,23.68,37742
2015-06-09,23.55,23.69,23.55,23.68,20747
2015-06-10,23.85,24.05,23.84,24.03,30781
2015-06-11,23.93,24.07,23.89,23.98,40185
2015-06-12,23.89,23.89,23.83,23.89,9317
2015-06-15,23.88,23.88,23.65,23.67,40065
2015-06-16,23.55,23.6,23.42,23.5,21317
2015-06-17,23.56,23.63,23.34,23.63,20141
2015-06-18,23.68,23.8,23.54,23.79,38862
2015-06-19,23.67,23.73,23.61,23.62,56232
2015-06-22,23.89,24.0,23.85,24.0,23100
2015-06-23,23.95,24.04,23.87,23.87,23651
2015-06-24,23.79,23.94,23.75,23.88,52347
2015-06-25,23.81,23.88,23.7,23.7,23771
2015-06-26,23.78,23.78,23.59,23.59,34160
2015-06-29,23.27,23.37,23.14,23.26,32948
2015-06-30,23.3,23.3,23.11,23.16,28265
2015-07-01,23.34,23.48,23.15,23.18,23920
2015-07-02,23.29,23.41,23.24,23.24,52030
2015-07-06,22.89,23.0,22.7,22.7,69482
2015-07-07,22.25,22.66,22.24,22.66,30774
2015-07-08,22.19,22.43,22.1,22.14,109097
2015-07-09,22.55,22.6,22.32,22.35,46306
2015-07-10,22.71,22.87,22.71,22.86,76529
2015-07-13,22.97,23.01,22.91,22.94,25639
2015-07-14,22.92,23.08,22.91,23.0,68150
2015-07-15,22.9,22.99,22.85,22.87,24089
2015-07-16,23.04,23.15,23.04,23.04,34218
2015-07-17,22.97,23.09,22.97,23.0,37257
2015-07-20,22.9,23.03,22.9,22.95,50544
2015-07-21,22.96,22.99,22.91,22.99,135349
2015-07-22,22.8,22.81,22.76,22.77,48048
2015-07-23,22.76,22.81,22.63,22.63,79659
2015-07-24,22.52,22.55,22.37,22.46,35717
2015-07-27,22.46,22.46,22.17,22.17,70555
2015-07-28,22.19,22.41,22.19,22.4,57005
2015-07-29,22.34,22.49,22.34,22.43,82214
2015-07-30,22.22,22.36,22.22,22.29,98288
2015-07-31,22.47,22.58,22.43,22.43,53430
2015-08-03,22.39,22.39,22.26,22.33,103410
2015-08-04,22.47,22.47,22.32,22.33,46423
2015-08-05,22.42,22.48,22.36,22.44,154461
2015-08-06,22.26,22.3,22.17,22.3,72136
2015-08-07,22.14,22.22,22.12,22.15,103272
2015-08-10,22.31,22.46,22.21,22.43,523371
2015-08-11,22.19,22.19,21.9,21.96,184212
2015-08-12,21.63,21.78,21.6,21.7,177571
2015-08-13,21.67,21.78,21.67,21.69,197645
2015-08-14,21.68,21.68,21.62,21.66,78517
2015-08-17,21.46,21.5,21.44,21.48,49245
2015-08-18,21.31,21.35,21.3,21.32,119603
2015-08-19,21.13,21.37,21.06,21.28,139107
2015-08-20,20.93,21.1,20.78,20.78,180031
2015-08-21,20.7,20.71,20.34,20.37,269501
2015-08-24,19.63,20.16,15.82,19.34,117903
2015-08-25,20.04,20.31,19.65,19.66,118085
2015-08-26,19.9,20.04,19.7,20.02,162258
2015-08-27,20.3,20.72,20.3,20.72,85195
2015-08-28,20.48,20.72,20.48,20.54,87877
2015-08-31,20.4,20.7,20.4,20.52,32232
2015-09-01,20.37,20.37,20.0,20.15,52927
2015-09-02,20.4,20.4,20.06,20.37,160735
2015-09-03,20.37,20.41,20.25,20.36,41664
2015-09-04,19.89,20.0,19.75,19.88,46233
2015-09-08,20.12,20.34,20.12,20.33,80206
2015-09-09,20.46,20.57,20.24,20.24,220768
2015-09-10,20.19,20.56,20.19,20.44,149016
2015-09-11,20.38,20.56,20.34,20.45,604724
2015-09-14,20.38,20.5,20.31,20.5,317277
2015-09-15,20.45,20.72,20.45,20.64,405138
2015-09-16,20.76,21.0,20.76,21.0,293604
2015-09-17,20.77,21.17,20.77,20.97,97394
2015-09-18,20.64,20.85,20.55,20.67,46929
2015-09-21,20.61,20.64,20.48,20.52,115237
2015-09-22,20.15,20.16,20.01,20.06,134375
2015-09-23,20.0,20.0,19.84,19.84,112701
2015-09-24,19.58,19.88,19.57,19.76,50526
2015-09-25,20.03,20.04,19.76,19.8,58862
2015-09-28,19.58,19.58,19.44,19.54,94741
2015-09-29,19.51,19.54,19.4,19.49,107757
2015-09-30,19.84,19.93,19.76,19.93,67163
2015-10-01,19.88,19.97,19.76,19.97,96929
2015-10-02,19.91,20.2,19.91,20.2,56295
2015-10-05,20.52,20.68,20.52,20.68,101198
2015-10-06,20.7,20.77,20.67,20.73,139421
2015-10-07,21.12,21.13,20.97,21.11,206338
2015-10-08,21.03,21.34,21.03,21.28,80544
2015-10-09,21.33,21.52,21.33,21.39,70184
2015-10-12,21.4,21.48,21.33,21.37,91214
2015-10-13,21.2,21.2,21.04,21.04,43568
2015-10-14,21.08,21.3,21.08,21.24,119963
2015-10-15,21.37,21.58,21.37,21.58,317302
2015-10-16,21.46,21.56,21.46,21.52,112455
2015-10-19,21.43,21.43,21.32,21.35,49084
2015-10-20,21.39,21.47,21.32,21.37,102275
2015-10-21,21.34,21.34,21.24,21.25,30791
2015-10-22,21.49,21.62,21.47,21.59,122504
2015-10-23,21.64,21.72,21.6,21.68,138377
2015-10-26,21.58,21.66,21.58,21.64,28117
2015-10-27,21.42,21.47,21.38,21.44,209890
2015-10-28,21.48,21.67,21.15,21.43,81515
2015-10-29,21.17,21.25,21.17,21.23,51284
2015-10-30,21.28,21.28,21.19,21.22,46885
2015-11-02,21.34,21.45,21.34,21.45,137818
2015-11-03,21.47,21.64,21.43,21.6,62285
2015-11-04,21.66,21.66,21.43,21.47,22309
2015-11-05,21.41,21.51,21.37,21.46,60807
2015-11-06,21.26,21.26,21.07,21.24,52954
2015-11-09,20.96,21.02,20.85,20.92,186464
2015-11-10,20.75,20.93,20.75,20.85,109745
2015-11-11,20.97,21.03,20.82,20.95,46162
2015-11-12,20.78,20.87,20.71,20.72,39152
2015-11-13,20.45,20.62,20.45,20.55,86800
2015-11-16,20.46,20.83,20.46,20.72,238210
2015-11-17,20.82,20.9,20.68,20.74,158996
2015-11-18,20.68,20.95,20.68,20.93,84451
2015-11-19,20.99,21.12,20.99,21.08,130516
2015-11-20,21.14,21.21,21.07,21.16,222598
2015-11-23,21.06,21.08,20.88,20.94,116333
2015-11-24,20.86,21.01,20.8,21.01,350584
2015-11-25,20.95,20.98,20.9,20.94,27078
2015-11-27,20.84,20.84,20.73,20.73,862
2015-11-30,20.6,20.72,20.6,20.69,124951
2015-12-01,20.77,20.91,20.73,20.85,167255
2015-12-02,20.73,20.78,20.59,20.62,133178
2015-12-03,20.57,20.73,20.45,20.57,513823
2015-12-04,20.55,20.79,20.55,20.73,187865
2015-12-07,20.68,20.68,20.41,20.47,141933
2015-12-08,20.16,20.28,20.16,20.22,205786
2015-12-09,20.27,20.38,20.08,20.12,403583
2015-12-10,20.08,20.24,20.07,20.14,384695
2015-12-11,19.75,19.83,19.6,19.63,425482
2015-12-14,19.72,19.73,19.51,19.73,632477
2015-12-15,19.99,20.05,19.9,19.95,588185
2015-12-16,20.11,20.36,20.06,20.29,198822
2015-12-17,20.18,20.22,20.08,20.11,320379
2015-12-18,20.18,20.18,19.97,19.98,291395
2015-12-21,20.23,20.23,20.01,20.12,261055
2015-12-22,20.14,20.33,20.14,20.33,621281
2015-12-23,20.47,20.6,20.39,20.55,235410
2015-12-24,20.57,20.64,20.46,20.53,127511
2015-12-28,20.39,20.52,20.38,20.44,223381
2015-12-29,20.59,20.77,20.58,20.63,209359
2015-12-30,20.33,20.33,20.2,20.21,260779
2015-12-31,20.18,20.24,20.02,20.08,657993
2016-01-04,19.78,20.18,19.48,19.62,1034488
2016-01-05,19.69,19.75,19.63,19.69,280032
2016-01-06,19.24,19.52,19.24,19.45,485517
2016-01-07,19.02,19.28,19.0,19.02,42992
2016-01-08,19.03,19.1,18.88,18.93,229066
2016-01-11,18.92,18.97,18.69,18.69,588251
2016-01-12,18.93,19.14,18.92,19.09,198735
2016-01-13,19.08,19.15,18.77,18.85,199352
2016-01-14,19.03,19.12,18.77,19.02,91933
2016-01-15,18.46,18.53,18.2,18.2,202295
2016-01-19,18.53,18.72,18.47,18.67,196260
2016-01-20,18.22,18.48,18.03,18.41,278638
2016-01-21,18.31,18.54,18.31,18.47,62252
2016-01-22,18.88,18.92,18.78,18.83,108193
2016-01-25,18.68,18.84,18.68,18.76,27181
2016-01-26,18.96,19.02,18.95,18.99,41175
2016-01-27,18.98,19.01,18.83,18.89,23181
2016-01-28,19.29,19.29,18.95,19.05,355003
2016-01-29,19.21,19.44,19.17,19.37,470278
2016-02-01,19.28,19.48,19.24,19.39,208770
2016-02-02,19.06,19.09,18.91,18.97,677876
2016-02-03,19.06,19.33,18.81,19.33,503021
2016-02-04,19.42,19.56,19.32,19.44,184275
2016-02-05,19.35,19.41,19.15,19.18,206642
2016-02-08,18.9,19.17,18.82,19.01,358868
2016-02-09,18.82,19.07,18.74,18.85,394817
2016-02-10,19.13,19.22,18.93,18.99,269165
2016-02-11,18.75,18.82,18.52,18.63,157408
2016-02-12,18.63,18.99,18.62,18.99,38427
2016-02-16,19.06,19.17,18.97,19.09,94621
2016-02-17,19.33,19.65,19.33,19.63,37860
2016-02-18,19.53,19.66,19.46,19.5,358923
2016-02-19,19.21,19.54,19.21,19.51,68688
2016-02-22,19.8,19.96,19.76,19.94,239038
2016-02-23,19.86,19.86,19.57,19.58,188878
2016-02-24,19.46,19.65,19.27,19.58,55273
2016-02-25,19.58,19.76,19.58,19.76,163330
2016-02-26,19.81,19.84,19.64,19.67,36390
2016-02-29,19.8,19.86,19.66,19.74,36269
2016-03-01,19.99,20.24,19.98,20.24,86142
2016-03-02,20.06,20.28,20.06,20.22,57124
2016-03-03,20.16,20.54,20.16,20.51,112868
2016-03-04,20.6,20.88,20.6,20.79,490628
2016-03-07,20.67,20.84,20.57,20.71,102824
2016-03-08,20.52,20.55,20.37,20.41,148769
2016-03-09,20.48,20.67,20.48,20.56,32037
2016-03-10,20.44,20.54,20.35,20.46,90194
2016-03-11,20.61,21.05,20.61,21.05,50810
2016-03-14,21.02,21.02,20.84,20.9,19199
2016-03-15,20.72,20.72,20.52,20.56,87640
2016-03-16,20.54,20.96,20.54,20.93,17212
2016-03-17,21.04,21.34,21.04,21.29,80182
2016-03-18,21.3,21.37,21.26,21.27,48928
2016-03-21,21.35,21.35,21.2,21.27,13269
2016-03-22,21.17,21.32,21.15,21.28,66724
2016-03-23,21.02,21.05,20.89,20.89,38939
2016-03-24,20.73,20.91,20.71,20.8,177474
2016-03-28,20.9,21.01,20.86,21.01,28511
2016-03-29,20.85,21.09,20.74,21.05,558040
2016-03-30,21.38,21.42,21.19,21.35,168786
2016-03-31,21.31,21.37,21.16,21.16,45741
2016-04-01,20.93,21.17,20.8,21.13,16164
2016-04-04,21.03,21.11,20.9,20.97,18968
2016-04-05,20.75,20.75,20.58,20.58,40786
2016-04-06,20.58,20.85,20.58,20.81,27240
2016-04-07,20.56,20.62,20.43,20.44,25836
2016-04-08,20.8,21.0,20.73,20.88,98272
2016-04-11,21.11,21.19,21.02,21.17,21009
2016-04-12,20.94,21.31,20.94,21.18,59644
2016-04-13,21.33,21.52,21.3,21.42,53397
2016-04-14,21.33,21.55,21.33,21.37,24533
2016-04-15,21.32,21.45,21.32,21.33,35416
2016-04-18,21.46,21.57,21.44,21.5,20625
2016-04-19,21.71,21.81,21.67,21.67,40001
2016-04-20,21.56,21.8,21.56,21.67,53876
2016-04-21,21.49,21.62,21.37,21.49,38388
2016-04-22,21.43,21.5,21.31,21.4,18029
2016-04-25,21.26,21.36,21.2,21.24,90615
2016-04-26,21.41,21.42,21.31,21.37,53444
2016-04-27,21.31,21.5,21.28,21.39,41293
2016-04-28,21.27,21.47,21.23,21.24,65890
2016-04-29,21.29,21.35,21.22,21.28,22302
2016-05-02,21.23,21.42,21.21,21.41,46067
2016-05-03,21.13,21.15,20.9,20.9,57686
2016-05-04,20.78,20.8,20.54,20.58,57761
2016-05-05,20.6,20.7,20.5,20.57,35208
2016-05-06,20.5,20.63,20.5,20.62,25983
2016-05-09,20.47,20.52,20.37,20.37,40453
2016-05-10,20.53,20.66,20.53,20.64,28043
2016-05-11,20.62,20.75,20.45,20.47,30784
2016-05-12,20.56,20.66,20.5,20.54,20656
2016-05-13,20.45,20.45,20.22,20.25,32252
2016-05-16,20.34,20.49,20.33,20.47,69528
2016-05-17,20.49,20.59,20.32,20.4,70765
2016-05-18,20.29,20.53,20.2,20.32,104888
2016-05-19,20.04,20.19,20.0,20.19,27771
2016-05-20,20.2,20.35,20.2,20.29,60971
2016-05-23,20.2,20.35,20.2,20.33,11006
2016-05-24,20.53,20.54,20.43,20.45,24407
2016-05-25,20.58,20.71,20.58,20.71,27440
2016-05-26,20.86,20.86,20.66,20.68,39391
2016-05-27,20.64,20.8,20.64,20.65,25406
2016-05-31,20.82,20.82,20.63,20.66,27114
2016-06-01,20.62,20.78,20.58,20.77,17950
2016-06-02,20.55,20.73,20.55,20.67,22345
2016-06-03,20.83,21.03,20.83,21.01,26091
2016-06-06,21.1,21.24,21.1,21.14,21251
2016-06-07,21.16,21.34,21.16,21.25,38198
2016-06-08,21.33,21.46,21.33,21.43,27980
2016-06-09,21.12,21.17,21.07,21.17,5710
2016-06-10,20.8,20.8,20.56,20.58,7065
2016-06-13,20.45,20.53,20.34,20.35,16202
2016-06-14,20.0,20.15,19.98,20.14,101488
2016-06-15,20.29,20.39,20.22,20.29,122315
2016-06-16,19.96,20.18,19.94,20.09,99673
2016-06-17,20.18,20.4,20.11,20.35,195497
2016-06-20,20.56,20.8,20.56,20.72,29734
2016-06-21,20.66,20.87,20.66,20.7,40785
2016-06-22,20.76,20.86,20.69,20.69,23500
2016-06-23,21.02,21.21,21.02,21.16,24968
2016-06-24,20.13,20.22,19.77,19.81,88086
2016-06-27,19.57,19.59,19.41,19.56,56101
2016-06-28,19.9,20.03,19.84,20.02,213461
2016-06-29,20.27,20.42,20.26,20.39,27936
2016-06-30,20.36,20.61,20.35,20.53,33964
2016-07-01,20.63,20.77,20.6,20.68,35664
2016-07-05,20.46,20.46,20.19,20.27,41319
2016-07-06,20.0,20.28,19.97,20.22,131636
2016-07-07,20.28,20.38,20.11,20.19,70952
2016-07-08,20.42,20.6,20.4,20.49,24380
2016-07-11,20.66,20.81,20.66,20.66,43243
2016-07-12,20.97,21.12,20.97,21.04,65822
2016-07-13,20.99,21.13,20.99,21.12,61215
2016-07-14,21.21,21.36,21.18,21.25,28186
2016-07-15,21.11,21.22,21.11,21.14,21119
2016-07-18,21.05,21.2,21.04,21.15,68956
2016-07-19,20.94,21.01,20.9,20.99,52626
2016-07-20,20.95,21.04,20.95,21.04,18733
2016-07-21,21.04,21.04,20.89,20.97,30627
2016-07-22,20.89,21.01,20.89,20.93,51298
2016-07-25,20.89,20.93,20.83,20.85,44695
2016-07-26,21.06,21.09,20.91,20.97,126228
2016-07-27,21.11,21.2,21.01,21.14,69567
2016-07-28,21.14,21.21,21.12,21.18,63527
2016-07-29,21.33,21.41,21.21,21.3,45824
2016-08-01,21.22,21.33,21.21,21.23,46758
2016-08-02,21.27,21.27,21.04,21.1,42398
2016-08-03,21.0,21.11,21.0,21.06,34635
2016-08-04,21.12,21.3,21.12,21.25,42226
2016-08-05,21.26,21.37,21.26,21.3,10051
2016-08-08,21.46,21.54,21.45,21.52,82161
2016-08-09,21.69,21.79,21.67,21.73,22104
2016-08-10,21.75,21.77,21.7,21.77,18220
2016-08-11,21.75,21.95,21.75,21.87,31386
2016-08-12,21.83,21.88,21.75,21.77,14802
2016-08-15,21.99,22.0,21.88,21.89,25885
2016-08-16,21.87,21.94,21.83,21.88,57415
2016-08-17,21.74,21.86,21.63,21.8,76117
2016-08-18,21.88,22.01,21.88,21.93,49017
2016-08-19,21.79,21.84,21.7,21.82,40622
2016-08-22,21.75,21.75,21.67,21.71,48283
2016-08-23,21.82,21.89,21.69,21.84,47177
2016-08-24,21.66,21.81,21.66,21.77,62839
2016-08-25,21.7,21.76,21.68,21.75,22275
2016-08-26,21.92,21.92,21.53,21.53,32907
2016-08-29,21.56,21.75,21.56,21.74,51650
2016-08-30,21.59,21.64,21.55,21.62,34045
2016-08-31,21.43,21.53,21.41,21.45,41492
2016-09-01,21.46,21.59,21.44,21.55,47150
2016-09-02,21.68,21.76,21.67,21.76,15400
2016-09-06,22.02,22.18,21.86,22.15,29226
2016-09-07,22.14,22.18,22.09,22.16,53459
2016-09-08,22.07,22.07,21.98,22.02,35503
2016-09-09,21.64,21.65,21.51,21.51,28892
2016-09-12,21.34,21.62,21.25,21.6,29986
2016-09-13,21.32,21.32,21.1,21.13,51118
2016-09-14,21.25,21.36,21.15,21.18,39079
2016-09-15,21.23,21.43,21.22,21.4,14683
2016-09-16,21.27,21.29,21.14,21.28,58102
2016-09-19,21.6,21.6,21.44,21.44,35295
2016-09-20,21.49,21.64,21.49,21.58,31426
2016-09-21,21.69,21.94,21.65,21.91,109880
2016-09-22,22.21,22.22,22.08,22.1,23865
2016-09-23,22.1,22.1,21.91,21.91,29646
2016-09-26,21.78,21.78,21.67,21.72,26796
2016-09-27,21.73,21.86,21.71,21.85,57685
2016-09-28,21.96,22.04,21.83,22.03,39546
2016-09-29,22.07,22.07,21.77,21.88,19422
2016-09-30,21.87,22.04,21.81,21.97,32783
2016-10-03,21.97,22.02,21.88,21.96,38476
2016-10-04,21.94,22.01,21.8,21.82,33092
2016-10-05,22.0,22.13,22.0,22.09,70045
2016-10-06,21.96,22.06,21.96,22.04,36250
2016-10-07,22.01,22.01,21.84,21.93,22999
2016-10-10,22.06,22.08,22.0,22.03,58371
2016-10-11,21.73,21.73,21.66,21.69,23629
2016-10-12,21.62,21.71,21.59,21.64,24486
2016-10-13,21.43,21.62,21.43,21.62,59698
2016-10-14,21.78,21.78,21.61,21.63,126586
2016-10-17,21.63,21.68,21.58,21.62,45419
2016-10-18,21.82,21.91,21.75,21.87,65093
2016-10-19,21.98,22.03,21.94,21.99,51150
2016-10-20,21.87,21.93,21.86,21.89,46040
2016-10-21,21.79,21.86,21.79,21.86,44834
2016-10-24,21.94,21.98,21.9,21.95,101153
2016-10-25,21.96,22.0,21.95,21.96,31033
2016-10-26,21.83,21.89,21.78,21.83,64384
2016-10-27,21.89,21.89,21.69,21.7,105525
2016-10-28,21.69,21.8,21.66,21.71,111189
2016-10-31,21.73,21.79,21.71,21.78,62762
2016-11-01,21.74,21.77,21.6,21.66,53866
2016-11-02,21.58,21.58,21.5,21.56,53409
2016-11-03,21.5,21.56,21.43,21.46,82708
2016-11-04,21.31,21.38,21.26,21.27,27002
2016-11-07,21.53,21.68,21.53,21.67,43173
2016-11-08,21.66,21.85,21.66,21.84,45444
2016-11-09,21.57,21.6,21.4,21.53,35887
2016-11-10,21.26,21.42,21.26,21.31,51755
2016-11-11,21.08,21.18,21.04,21.13,19880
2016-11-14,21.01,21.01,20.86,20.9,37454
2016-11-15,21.06,21.17,21.04,21.15,23857
2016-11-16,21.03,21.03,20.93,21.01,40524
2016-11-17,21.03,21.09,20.95,20.97,34757
2016-11-18,20.89,20.97,20.88,20.94,56309
2016-11-21,21.06,21.06,20.97,21.05,27220
2016-11-22,21.21,21.3,21.18,21.28,53308
2016-11-23,21.12,21.21,21.11,21.21,27045
2016-11-25,21.26,21.3,21.24,21.3,20214
2016-11-28,21.4,21.4,21.17,21.23,22884
2016-11-29,21.24,21.38,21.24,21.3,27565
2016-11-30,21.27,21.32,21.26,21.3,47752
2016-12-01,21.29,21.32,21.24,21.3,55886
2016-12-02,21.34,21.37,21.25,21.3,44443
2016-12-05,21.33,21.57,21.33,21.53,53375
2016-12-06,21.56,21.68,21.56,21.68,38165
2016-12-07,21.71,22.0,21.71,22.0,66773
2016-12-08,21.9,22.01,21.89,22.01,29363
2016-12-09,21.99,21.99,21.88,21.96,24329
2016-12-12,21.9,21.96,21.9,21.94,7546
2016-12-13,21.97,22.2,21.97,22.13,62991
2016-12-14,22.02,22.04,21.61,21.63,67808
2016-12-15,21.65,21.72,21.58,21.66,64115
2016-12-16,21.61,21.68,21.57,21.58,31037
2016-12-19,21.57,21.62,21.47,21.52,31984
2016-12-20,21.53,21.61,21.53,21.59,51295
2016-12-21,21.59,21.65,21.59,21.65,30898
2016-12-22,21.44,21.55,21.42,21.5,139393
2016-12-23,21.25,21.34,21.25,21.34,9081
2016-12-27,21.34,21.39,21.32,21.34,80024
2016-12-28,21.35,21.41,21.3,21.36,15760
2016-12-29,21.61,21.61,21.46,21.55,74552
2016-12-30,21.62,21.62,21.44,21.48,87031
2017-01-03,21.71,21.74,21.59,21.7,144310
2017-01-04,21.82,21.92,21.82,21.88,35353
2017-01-05,22.09,22.17,22.06,22.16,57240
2017-01-06,21.98,22.1,21.97,22.05,20161
2017-01-09,21.91,22.09,21.91,22.0,63780
2017-01-10,22.1,22.25,22.07,22.2,155956
2017-01-11,22.07,22.42,22.07,22.4,45527
2017-01-12,22.47,22.52,22.41,22.48,64883
2017-01-13,22.48,22.62,22.45,22.62,61274
2017-01-17,22.51,22.65,22.51,22.63,57694
2017-01-18,22.57,22.61,22.44,22.53,67648
2017-01-19,22.62,22.62,22.5,22.52,39449
2017-01-20,22.59,22.61,22.46,22.56,70526
2017-01-23,22.54,22.73,22.43,22.73,18239
2017-01-24,22.75,22.83,22.66,22.81,45282
2017-01-25,23.18,23.31,23.15,23.31,8012
2017-01-26,22.95,22.99,22.84,22.96,51721
2017-01-27,22.75,22.82,22.64,22.71,17567
2017-01-30,22.56,22.66,22.55,22.65,17251
2017-01-31,22.85,22.93,22.72,22.87,42897
2017-02-01,23.12,23.17,23.0,23.13,26954
2017-02-02,23.12,23.12,22.98,23.06,21535
2017-02-03,23.11,23.41,23.11,23.29,66644
2017-02-06,23.21,23.23,23.06,23.19,32686
2017-02-07,23.06,23.09,22.89,23.04,90145
2017-02-08,22.76,22.91,22.76,22.81,56369
2017-02-09,23.16,23.37,23.16,23.36,45052
2017-02-10,23.25,23.35,23.18,23.28,22700
2017-02-13,23.48,23.51,23.37,23.43,35235
2017-02-14,23.43,23.52,23.37,23.51,14049
2017-02-15,23.53,23.59,23.46,23.53,54363
2017-02-16,23.48,23.57,23.48,23.53,19748
2017-02-17,23.38,23.46,23.35,23.44,38384
2017-02-21,23.51,23.58,23.48,23.58,52588
2017-02-22,23.48,23.68,23.48,23.61,69109
2017-02-23,23.83,23.83,23.68,23.71,42144
2017-02-24,23.45,23.47,23.37,23.42,33108
2017-02-27,23.42,23.42,23.3,23.39,43653
2017-02-28,23.4,23.41,23.28,23.28,49637
2017-03-01,23.5,23.67,23.5,23.57,79108
2017-03-02,23.44,23.47,23.34,23.35,80432
2017-03-03,23.37,23.56,23.37,23.55,28809
2017-03-06,23.62,23.62,23.42,23.44,62196
2017-03-07,23.49,23.54,23.46,23.51,30267
2017-03-08,23.44,23.5,23.36,23.38,28343
2017-03-09,23.27,23.35,23.24,23.29,31771
2017-03-10,23.46,23.57,23.39,23.56,21718
2017-03-13,23.8,23.8,23.58,23.72,26511
2017-03-14,23.52,23.56,23.46,23.5,23497
2017-03-15,23.58,24.03,23.58,24.03,51812
2017-03-16,24.1,24.23,24.1,24.19,51818
2017-03-17,24.15,24.19,24.09,24.12,135004
2017-03-20,24.13,24.28,24.13,24.2,22031
2017-03-21,24.33,24.34,23.95,23.97,42874
2017-03-22,23.88,24.08,23.88,24.0,40103
2017-03-23,23.94,24.17,23.94,24.03,27081
2017-03-24,24.11,24.24,24.1,24.12,15543
2017-03-27,24.01,24.12,23.94,24.09,11452
2017-03-28,24.17,24.21,24.08,24.19,15001
2017-03-29,24.1,24.19,24.09,24.16,9022
2017-03-30,24.17,24.17,24.1,24.12,13494
2017-03-31,23.96,24.09,23.96,24.07,10208
2017-04-03,24.01,24.05,23.86,24.02,117101
2017-04-04,23.83,24.0,23.83,23.98,26417
2017-04-05,23.92,24.02,23.8,23.95,75854
2017-04-06,23.76,23.9,23.75,23.79,119651
2017-04-07,23.77,23.83,23.72,23.78,71243
2017-04-10,23.76,23.88,23.76,23.78,25677
2017-04-11,23.8,23.88,23.71,23.83,51720
2017-04-12,23.96,23.96,23.77,23.93,32084
2017-04-13,23.84,23.9,23.72,23.72,31878
2017-04-17,23.66,23.98,23.66,23.96,37816
2017-04-18,23.77,23.81,23.69,23.79,16708
2017-04-19,23.81,23.81,23.66,23.74,50022
2017-04-20,23.81,23.97,23.81,23.94,43112
2017-04-21,23.95,23.95,23.9,23.93,12741
2017-04-24,24.38,24.44,24.34,24.41,39954
2017-04-25,24.4,24.64,24.39,24.57,48584
2017-04-26,24.62,24.62,24.5,24.51,20842
2017-04-27,24.46,24.51,24.43,24.49,27126
2017-04-28,24.53,24.57,24.53,24.56,25694
2017-05-01,24.87,24.87,24.53,24.55,23089
2017-05-02,24.87,24.88,24.78,24.84,55128
2017-05-03,24.57,24.77,24.57,24.66,76810
2017-05-04,24.68,24.69,24.57,24.59,63981
2017-05-05,24.7,24.91,24.65,24.91,32504
2017-05-08,24.89,24.89,24.7,24.72,29291
2017-05-09,24.82,24.87,24.74,24.87,13553
2017-05-10,24.93,24.93,24.8,24.93,38743
2017-05-11,24.86,24.92,24.76,24.9,29049
2017-05-12,24.8,24.99,24.8,24.93,31274
2017-05-15,25.01,25.18,25.01,25.13,29150
2017-05-16,25.26,25.31,25.19,25.29,63879
2017-05-17,25.04,25.05,24.86,24.86,43421
2017-05-18,24.67,24.83,24.66,24.8,36937
2017-05-19,25.1,25.25,25.1,25.18,29794
2017-05-22,25.35,25.35,25.25,25.3,41220
2017-05-23,25.36,25.36,25.26,25.26,19889
2017-05-24,25.29,25.45,25.27,25.45,49373
2017-05-25,25.56,25.56,25.4,25.46,30264
2017-05-26,25.4,25.41,25.35,25.36,33423
2017-05-30,25.36,25.4,25.3,25.4,35947
2017-05-31,25.41,25.41,25.3,25.31,12292
2017-06-01,25.42,25.53,25.38,25.52,15747
2017-06-02,25.64,25.78,25.64,25.78,46659
2017-06-05,25.75,25.75,25.61,25.65,47938
2017-06-06,25.66,25.66,25.55,25.58,56842
2017-06-07,25.52,25.58,25.48,25.54,21300
2017-06-08,25.54,25.64,25.54,25.64,40937
2017-06-09,25.77,25.77,25.46,25.56,38825
2017-06-12,25.58,25.58,25.43,25.56,44100
2017-06-13,25.48,25.64,25.44,25.63,38346
2017-06-14,25.57,25.65,25.43,25.54,42316
2017-06-15,25.17,25.24,25.13,25.16,63317
2017-06-16,25.44,25.44,25.27,25.32,71384
2017-06-19,25.55,25.55,25.37,25.4,15856
2017-06-20,25.31,25.31,25.15,25.16,34364
2017-06-21,25.3,25.3,25.15,25.16,14024
2017-06-22,25.23,25.3,25.19,25.28,14944
2017-06-23,25.53,25.53,25.24,25.36,22926
2017-06-26,25.65,25.68,25.42,25.48,22159
2017-06-27,25.37,25.44,25.29,25.39,11982
2017-06-28,25.54,25.64,25.47,25.53,18602
2017-06-29,25.5,25.55,25.34,25.34,10998
2017-06-30,25.37,25.57,25.37,25.55,26192
2017-07-03,25.37,25.7,25.37,25.58,25553
2017-07-05,25.26,25.66,25.26,25.63,152270
2017-07-06,25.3,25.47,25.27,25.29,52547
2017-07-07,25.29,25.53,25.29,25.37,101132
2017-07-10,25.48,25.75,25.48,25.64,81118
2017-07-11,25.69,25.86,25.66,25.76,30087
2017-07-12,26.01,26.1,25.9,26.04,29673
2017-07-13,26.14,26.27,26.1,26.22,50402
2017-07-14,26.32,26.47,26.26,26.35,38353
2017-07-17,26.44,26.48,26.3,26.33,29685
2017-07-18,26.43,26.43,26.28,26.41,49167
2017-07-19,26.53,26.62,26.5,26.58,30281
2017-07-20,26.59,26.65,26.49,26.54,17251
2017-07-21,26.43,26.49,26.4,26.48,29839
2017-07-24,26.45,26.5,26.37,26.42,29863
2017-07-25,26.58,26.58,26.44,26.5,29371
2017-07-26,26.57,26.81,26.5,26.64,49692
2017-07-27,26.67,26.73,26.46,26.62,25902
2017-07-28,26.53,26.62,26.4,26.58,32872
2017-07-31,26.55,26.61,26.44,26.61,41329
2017-08-01,26.71,26.71,26.56,26.62,21669
