Date,Open,High,Low,Close,Volume
2010-09-22,51.81,51.81,51.81,51.81,10000
2010-09-23,51.93,52.05,51.93,51.95,16300
2010-09-24,52.62,52.66,52.59,52.59,17600
2010-09-27,52.58,52.75,52.47,52.75,11700
2010-09-29,52.69,52.8,52.69,52.71,21700
2010-09-30,52.97,52.97,52.41,52.41,9650
2010-10-04,52.71,52.71,52.01,52.19,19547
2010-10-05,52.87,52.87,52.87,52.87,1000
2010-10-06,53.3,53.3,53.0,53.1,5000
2010-10-07,53.1,53.14,52.88,53.14,44000
2010-10-08,53.18,53.54,53.06,53.45,10200
2010-10-11,53.62,53.72,53.62,53.63,5522
2010-10-12,53.37,53.83,53.14,53.83,7300
2010-10-13,54.08,54.44,53.98,54.34,4300
2010-10-14,54.29,54.31,54.06,54.14,33955
2010-10-15,54.65,54.65,54.42,54.53,6100
2010-10-18,54.66,54.66,54.6,54.6,500
2010-10-19,53.97,53.99,53.58,53.58,1300
2010-10-21,54.61,54.61,54.36,54.36,400
2010-10-22,54.81,54.82,54.81,54.82,10440
2010-10-25,55.24,55.31,55.04,55.04,4640
2010-10-26,54.79,55.16,54.63,55.14,101500
2010-10-27,54.77,55.0,54.66,55.0,64520
2010-10-28,54.97,54.97,54.97,54.97,1000
2010-10-29,55.14,55.15,54.98,55.07,7865
2010-11-01,55.24,55.24,55.09,55.09,1400
2010-11-02,55.57,55.65,55.57,55.65,800
2010-11-03,55.43,55.63,55.43,55.63,2000
2010-11-04,56.77,56.77,56.77,56.77,1000
2010-11-05,56.95,56.97,56.79,56.83,7576
2010-11-08,56.7,56.95,56.7,56.95,6100
2010-11-09,57.15,57.26,56.6,56.63,4373
2010-11-10,56.74,56.89,56.47,56.78,12300
2010-11-11,56.43,56.66,56.22,56.66,2900
2010-11-12,56.44,56.51,55.74,55.93,1700
2010-11-15,56.04,56.06,55.86,55.95,1835
2010-11-16,55.44,55.51,54.69,54.69,2700
2010-11-17,54.93,55.09,54.93,55.07,39400
2010-11-18,55.71,56.09,55.68,55.89,6991
2010-11-19,56.06,56.11,56.03,56.05,1100
2010-11-22,56.07,56.23,55.71,56.16,9724
2010-11-23,55.49,55.68,55.35,55.44,1600
2010-11-24,56.12,56.45,56.12,56.45,1500
2010-11-26,55.98,56.28,55.98,56.28,4800
2010-11-29,55.4,56.02,55.4,56.02,10840
2010-11-30,55.43,55.83,55.43,55.83,5500
2010-12-01,56.68,57.01,56.61,56.89,4300
2010-12-02,57.09,57.5,57.09,57.5,2735
2010-12-03,57.41,57.58,57.41,57.57,4048
2010-12-06,57.55,57.66,57.55,57.66,900
2010-12-07,58.2,58.22,57.67,57.67,4300
2010-12-08,57.57,57.71,57.4,57.71,1500
2010-12-09,58.13,58.13,57.65,57.65,5054
2010-12-10,57.95,58.14,57.86,58.14,8221
2010-12-13,58.41,58.41,58.29,58.35,3414
2010-12-14,58.13,58.36,58.12,58.36,3100
2010-12-15,58.09,58.31,57.88,58.03,6100
2010-12-16,57.86,57.86,57.83,57.86,1400
2010-12-17,58.32,58.52,58.32,58.42,2853
2010-12-20,58.3,58.56,58.3,58.51,9139
2010-12-21,58.66,58.79,58.65,58.79,2000
2010-12-22,58.8,58.8,58.69,58.74,57300
2010-12-23,58.74,58.74,58.73,58.74,1045
2010-12-27,58.45,58.73,58.38,58.69,5293
2010-12-28,58.64,58.67,58.62,58.67,1761
2010-12-29,58.86,58.93,58.86,58.88,6675
2010-12-30,58.77,58.91,58.71,58.77,9600
2010-12-31,58.7,58.71,58.54,58.68,12979
2011-01-03,59.32,59.44,59.23,59.23,7117
2011-01-04,59.16,59.16,58.76,58.98,2777
2011-01-05,58.88,59.31,58.88,59.31,1590
2011-01-06,59.45,59.46,59.16,59.17,966
2011-01-07,59.48,59.48,59.47,59.47,630
2011-01-10,59.11,59.29,59.11,59.29,914
2011-01-11,59.59,59.62,59.52,59.53,2550
2011-01-12,59.99,59.99,59.99,59.99,175
2011-01-13,60.13,60.13,59.96,60.01,800
2011-01-14,60.02,60.02,60.02,60.02,141
2011-01-18,60.39,60.63,60.39,60.61,2012
2011-01-19,60.6,60.6,60.07,60.07,3170
2011-01-20,59.56,59.56,59.5,59.5,800
2011-01-21,60.18,60.2,59.75,59.75,3100
2011-01-24,59.77,60.19,59.77,60.1,10024
2011-01-25,60.05,60.19,59.98,60.19,21045
2011-01-26,60.58,60.74,60.58,60.74,460
2011-01-27,60.84,60.84,60.84,60.84,600
2011-01-28,60.83,60.83,59.66,59.66,5062
2011-01-31,59.83,60.15,59.83,60.14,5121
2011-02-01,60.92,61.14,60.92,61.14,1941
2011-02-02,61.1,61.1,61.1,61.1,100
2011-02-03,60.92,61.04,60.62,61.04,875
2011-02-04,61.35,61.39,61.35,61.39,2445
2011-02-07,61.66,61.98,61.66,61.98,815
2011-02-08,61.88,61.97,61.88,61.97,975
2011-02-09,61.99,61.99,61.92,61.92,163325
2011-02-10,61.54,62.02,61.54,61.88,1275
2011-02-11,61.85,62.45,61.85,62.45,837
2011-02-14,62.53,62.63,62.53,62.63,2100
2011-02-15,62.57,62.57,62.33,62.33,14043
2011-02-16,62.89,62.89,62.82,62.82,6605
2011-02-17,62.76,62.9,62.59,62.9,15318
2011-02-18,63.11,63.14,63.11,63.14,625
2011-02-22,62.31,62.49,61.79,61.79,2455
2011-02-23,61.15,61.29,61.15,61.29,3975
2011-02-24,61.26,61.85,61.26,61.27,1525317
2011-02-25,61.63,61.95,61.63,61.95,1608172
2011-02-28,62.33,62.33,61.91,62.17,799767
2011-03-01,62.33,62.33,61.15,61.19,3565
2011-03-02,61.04,61.58,61.04,61.3,5742
2011-03-03,62.19,62.48,62.19,62.45,1354
2011-03-04,62.48,62.48,61.61,62.01,1325701
2011-03-07,62.31,62.31,61.07,61.32,1312512
2011-03-08,61.43,62.0,61.21,61.64,1436296
2011-03-09,61.6,61.74,61.39,61.59,2900
2011-03-10,60.53,60.78,60.48,60.5,192210
2011-03-11,60.31,61.04,60.24,61.04,4965
2011-03-14,60.55,60.55,59.82,60.55,200
2011-03-15,59.41,60.0,59.41,60.0,1236
2011-03-16,59.72,59.72,58.5,58.77,3961
2011-03-17,59.6,59.73,59.41,59.41,7846
2011-03-18,59.79,59.79,59.52,59.52,936
2011-03-21,60.56,60.56,60.41,60.51,2912
2011-03-22,60.37,60.37,60.3,60.31,3449
2011-03-23,60.33,60.71,60.31,60.58,5164
2011-03-24,60.88,61.16,60.78,61.08,1564
2011-03-25,61.25,61.54,61.2,61.37,3720
2011-03-28,61.45,61.47,61.36,61.36,16085
2011-03-29,61.44,61.6,61.43,61.6,1334
2011-03-30,61.97,62.12,61.97,62.05,1510
2011-03-31,61.98,62.1,61.98,62.03,867
2011-04-01,62.52,62.52,62.28,62.28,1054
2011-04-04,62.36,62.36,62.22,62.25,9865
2011-04-05,62.3,62.62,62.27,62.36,7426
2011-04-06,62.65,62.65,62.23,62.45,16144
2011-04-07,62.14,62.33,62.11,62.29,1162
2011-04-08,62.44,62.44,61.97,61.97,1267
2011-04-11,61.93,61.93,61.76,61.84,666
2011-04-12,61.48,61.55,61.28,61.36,3887
2011-04-13,61.33,61.69,61.33,61.59,6263
2011-04-14,61.2,61.44,61.2,61.44,1740
2011-04-15,61.68,61.79,61.68,61.77,2538
2011-04-18,61.18,61.19,60.71,61.19,1652
2011-04-19,61.25,61.45,61.09,61.45,2987
2011-04-20,62.6,62.61,62.45,62.56,8318
2011-04-21,62.9,63.04,62.89,63.03,2026
2011-04-25,62.98,62.98,62.71,62.92,7007
2011-04-26,63.12,63.58,63.12,63.45,2939
2011-04-27,63.53,63.87,63.2,63.87,12481
2011-04-28,63.76,63.77,63.75,63.75,2314
2011-04-29,63.95,64.12,63.86,64.05,11756
2011-05-02,64.36,64.36,63.79,63.79,5802
2011-05-03,63.81,63.86,63.28,63.51,10413
2011-05-04,63.47,63.47,63.19,63.19,600
2011-05-05,62.82,63.34,62.74,62.84,347286
2011-05-06,63.28,63.62,62.84,62.84,3295
2011-05-09,63.43,63.43,63.36,63.36,884
2011-05-10,63.51,63.86,63.51,63.85,5408
2011-05-11,63.61,63.61,63.0,63.25,2795
2011-05-12,63.0,63.62,63.0,63.56,3095
2011-05-13,63.59,63.59,63.16,63.16,723
2011-05-16,62.75,62.78,62.65,62.72,1050
2011-05-17,62.47,62.48,62.0,62.34,4754
2011-05-18,62.36,62.77,62.36,62.76,2414
2011-05-19,63.24,63.26,63.24,63.26,254
2011-05-20,62.68,63.05,62.54,63.05,1518
2011-05-23,61.87,62.14,61.83,61.99,4475
2011-05-24,62.07,62.07,61.93,61.97,2484
2011-05-25,62.07,62.36,62.07,62.23,2729
2011-05-26,62.14,62.56,62.13,62.56,1537
2011-05-27,62.63,62.81,62.63,62.68,1211
2011-05-31,63.34,63.34,63.01,63.09,2981
2011-06-01,63.29,63.29,61.93,61.99,27810
2011-06-02,62.05,62.13,61.88,61.9,3082
2011-06-03,61.45,61.66,61.17,61.23,5244
2011-06-06,61.05,61.23,60.65,60.67,1343
2011-06-07,60.8,61.15,60.73,60.73,500
2011-06-08,60.47,60.6,60.23,60.46,1675
2011-06-09,60.37,60.81,60.37,60.81,1295
2011-06-10,60.32,60.32,59.78,59.78,3540
2011-06-13,59.85,59.95,59.62,59.63,2287
2011-06-14,60.26,60.66,60.26,60.51,18800
2011-06-15,60.0,60.12,59.45,59.45,3541
2011-06-16,59.7,59.78,59.21,59.5,12547
2011-06-17,59.95,59.97,59.49,59.51,13367
2011-06-20,60.01,60.01,59.83,59.98,2758
2011-06-21,60.25,60.8,60.25,60.8,152850
2011-06-22,60.95,60.99,60.73,60.73,6346
2011-06-23,59.88,60.32,59.53,60.32,1925
2011-06-24,60.32,60.33,59.67,59.67,11371
2011-06-27,59.61,60.29,59.5,60.22,178267
2011-06-28,60.42,61.12,60.42,61.11,66043
2011-06-29,61.37,61.63,61.1,61.52,7520
2011-06-30,61.91,62.24,61.9,62.16,83385
2011-07-01,62.27,63.1,62.27,63.1,29350
2011-07-05,63.04,63.29,63.04,63.08,27025
2011-07-06,63.24,63.52,63.24,63.51,13195
2011-07-07,64.04,64.33,64.01,64.22,13207
2011-07-08,63.61,63.76,63.54,63.72,7347
2011-07-11,63.23,63.23,62.77,62.78,1383
2011-07-12,62.76,62.78,62.45,62.45,1385
2011-07-13,63.0,63.3,62.59,62.59,8097
2011-07-14,62.66,62.66,62.09,62.09,4774
2011-07-15,62.47,62.7,62.27,62.7,12140
2011-07-18,62.07,62.23,62.07,62.23,1113
2011-07-19,63.14,63.6,63.14,63.49,6303
2011-07-20,63.78,63.78,63.19,63.31,6635
2011-07-21,63.53,64.0,63.53,63.97,10500
2011-07-22,63.83,64.12,63.83,64.09,962
2011-07-25,63.61,64.1,63.61,63.98,5887
2011-07-26,63.77,63.77,63.52,63.52,44992
2011-07-27,62.99,62.99,62.1,62.11,21436
2011-07-28,62.34,62.63,61.87,61.93,2170
2011-07-29,61.38,61.93,61.09,61.6,9265
2011-08-01,62.26,62.26,60.78,61.26,8928
2011-08-02,61.28,59.84,59.84,59.84,7680
2011-08-03,59.5,60.07,59.5,60.06,1874
2011-08-04,59.0,59.0,57.16,57.25,3307
2011-08-05,57.91,58.12,55.7,56.84,8546
2011-08-08,55.57,55.93,53.45,53.45,24383
2011-08-09,54.22,55.79,53.21,55.79,10153
2011-08-10,54.69,55.37,53.69,53.69,24194
2011-08-11,54.13,56.52,54.05,56.52,4498
2011-08-12,56.46,56.54,56.08,56.42,4215
2011-08-15,56.81,57.42,56.73,57.42,19887
2011-08-16,56.71,57.02,56.71,57.02,1082
2011-08-17,56.71,56.81,56.53,56.81,1228
2011-08-18,54.5,54.5,54.09,54.14,2663
2011-08-19,53.93,53.93,53.26,53.26,488
2011-08-22,53.55,53.65,53.29,53.3,2068
2011-08-23,53.74,55.32,53.74,55.31,4348
2011-08-24,55.21,55.58,55.21,55.58,3100
2011-08-25,56.19,56.19,55.07,55.2,3456
2011-08-26,54.75,56.02,54.42,56.01,3128
2011-08-29,57.23,57.69,57.08,57.69,2597
2011-08-30,57.56,57.84,57.47,57.74,1140
2011-08-31,58.5,58.86,58.06,58.06,6117
2011-09-01,58.13,58.13,57.7,57.7,1428
2011-09-02,56.28,56.28,56.11,56.15,2520
2011-09-06,54.75,55.79,54.75,55.56,1214
2011-09-07,56.9,57.32,56.89,57.23,2754
2011-09-08,57.4,57.89,56.92,57.1,3452
2011-09-09,56.19,56.54,55.26,55.29,5925
2011-09-12,55.01,55.77,54.91,55.77,1456
2011-09-13,55.98,56.54,55.98,56.54,1021
2011-09-14,56.02,57.68,56.02,57.5,1481
2011-09-15,57.96,58.21,57.68,58.21,2351
2011-09-16,58.11,58.47,58.11,58.47,430
2011-09-19,57.52,58.34,57.52,58.28,1026
2011-09-20,58.8,58.8,58.35,58.35,739
2011-09-21,57.67,57.86,56.46,56.46,8440
2011-09-22,54.96,54.99,53.86,53.86,3735
2011-09-23,54.05,54.65,54.03,54.65,7853
2011-09-26,54.99,55.7,54.36,55.7,2225
2011-09-27,56.78,57.28,56.26,56.26,726
2011-09-28,56.17,56.5,55.28,55.28,2607
2011-09-29,56.19,56.22,54.42,55.23,7643
2011-09-30,54.44,54.7,53.95,53.95,2947
2011-10-03,53.65,54.16,52.44,52.49,14425
2011-10-04,52.66,52.71,52.59,52.59,2235
2011-10-05,53.43,54.55,53.43,54.55,606
2011-10-06,54.62,55.35,54.62,55.35,600
2011-10-07,55.71,55.8,55.02,55.17,7912
2011-10-10,56.22,56.83,56.16,56.71,7228
2011-10-11,56.92,57.25,56.92,57.09,3813
2011-10-12,58.07,58.09,57.81,57.93,2526
2011-10-13,57.4,57.87,57.21,57.73,2652
2011-10-14,58.63,58.82,58.35,58.75,3061
2011-10-17,58.6,58.6,57.82,57.94,3157
2011-10-18,57.69,58.65,57.19,58.56,8976
2011-10-19,58.41,58.57,57.67,57.71,13290
2011-10-20,57.67,57.83,57.12,57.78,2398
2011-10-21,58.57,58.8,58.45,58.7,999
2011-10-24,59.29,59.83,59.29,59.77,2879
2011-10-25,58.97,59.38,58.68,58.68,4604
2011-10-26,59.29,59.29,58.46,58.94,9558
2011-10-27,60.62,61.2,60.14,61.2,62962
2011-10-28,60.83,61.06,60.83,61.0,2006
2011-10-31,60.49,60.49,59.73,59.73,7277
2011-11-01,58.18,58.85,58.18,58.28,5813
2011-11-02,58.96,59.21,58.61,59.1,256905
2011-11-03,59.63,60.24,59.58,60.24,1773
2011-11-04,59.92,60.07,59.88,60.07,1432
2011-11-07,59.41,60.23,59.41,60.23,447
2011-11-08,60.54,61.02,60.44,60.96,88634
2011-11-09,59.65,59.65,58.83,58.83,4960
2011-11-10,59.48,59.48,58.64,59.07,5116
2011-11-11,59.9,60.37,59.9,60.3,2833
2011-11-14,,,,59.89,0
2011-11-15,59.7,60.53,59.66,60.52,8954
2011-11-16,60.08,60.08,59.39,59.39,1469
2011-11-17,59.2,59.2,58.28,58.34,2278
2011-11-18,58.42,58.42,58.05,58.05,800
2011-11-21,57.21,57.21,56.87,56.87,945
2011-11-22,56.85,57.22,56.85,56.99,1669
2011-11-23,56.46,56.55,55.87,56.02,258268
2011-11-25,55.58,55.58,55.58,55.58,100
2011-11-28,57.39,57.43,56.93,57.34,68114
2011-11-29,57.32,57.66,57.32,57.39,3326
2011-11-30,59.16,59.64,58.97,59.64,4651
2011-12-01,60.1,60.1,59.65,59.67,4090
2011-12-02,60.17,60.17,59.73,59.73,1535
2011-12-05,60.64,60.64,60.25,60.35,5967
2011-12-06,60.25,60.25,60.07,60.16,958
2011-12-07,59.57,60.1,59.57,60.1,796
2011-12-08,59.84,59.84,59.21,59.23,1598
2011-12-09,59.26,59.96,59.26,59.96,400
2011-12-12,59.23,59.23,58.86,58.89,8241
2011-12-13,59.29,59.46,58.41,58.44,3641
2011-12-14,57.65,57.65,57.62,57.62,1034
2011-12-15,58.33,58.33,57.75,57.75,1368
2011-12-16,57.96,57.99,57.88,57.99,4822
2011-12-19,57.38,57.49,57.27,57.27,1112
2011-12-20,58.17,59.09,58.17,59.08,8819
2011-12-21,58.21,58.65,58.21,58.65,2846
2011-12-22,58.87,59.08,58.7,58.97,240318
2011-12-23,59.23,59.46,59.17,59.46,76313
2011-12-27,59.59,59.8,59.57,59.66,29826
2011-12-28,59.1,59.1,58.93,59.01,6112
2011-12-29,59.31,59.43,59.26,59.43,3845
2011-12-30,59.51,59.59,59.26,59.26,9505
2012-01-03,60.52,60.52,60.12,60.12,57035
2012-01-04,59.84,59.94,59.81,59.93,15200
2012-01-05,60.08,60.34,59.7,60.34,24257
2012-01-06,60.16,60.38,60.14,60.37,5409
2012-01-09,60.35,60.37,60.21,60.3,6809
2012-01-10,61.0,61.01,60.84,60.84,930
2012-01-11,60.65,60.88,60.65,60.88,6105
2012-01-12,60.64,61.02,60.64,61.02,1917
2012-01-13,60.63,60.74,60.39,60.74,3111
2012-01-17,61.4,61.45,61.03,61.1,6773
2012-01-18,61.08,61.8,61.08,61.8,11275
2012-01-19,62.22,62.3,62.18,62.18,6423
2012-01-20,62.16,62.2,61.99,62.17,13464
2012-01-23,62.31,62.37,61.97,62.34,17921
2012-01-24,62.17,62.36,62.17,62.36,4200
2012-01-25,62.38,63.24,62.3,63.19,31874
2012-01-26,63.2,63.23,62.68,62.68,1675
2012-01-27,62.82,62.96,62.73,62.96,6543
2012-01-30,62.38,62.82,62.27,62.81,5958
2012-01-31,62.99,63.0,62.57,62.85,17089
2012-02-01,63.28,63.53,63.24,63.42,12379
2012-02-02,63.62,63.62,63.4,63.44,2906
2012-02-03,63.96,64.38,63.96,64.36,8386
2012-02-06,63.99,64.37,63.99,64.3,18229
2012-02-07,64.32,64.57,64.18,64.57,13127
2012-02-08,64.59,64.62,64.32,64.57,4940
2012-02-09,64.75,64.94,64.75,64.92,3479
2012-02-10,64.35,64.39,64.18,64.39,6653
2012-02-13,64.78,64.92,64.58,64.87,6549
2012-02-14,64.7,64.79,64.6,64.79,6684
2012-02-15,65.24,65.24,64.61,64.61,2044
2012-02-16,64.63,65.35,64.56,65.35,17275
2012-02-17,65.49,65.49,65.23,65.39,2528
2012-02-21,65.34,65.53,65.22,65.32,38003
2012-02-22,65.28,65.43,65.24,65.32,4722
2012-02-23,65.32,65.57,65.3,65.57,78465
2012-02-24,65.85,65.91,65.73,65.76,89141
2012-02-27,65.5,66.0,65.5,65.86,1822
2012-02-28,65.91,66.06,65.82,66.06,1514
2012-02-29,66.23,66.25,65.7,65.72,16139
2012-03-01,66.09,66.24,66.0,66.16,52726
2012-03-02,66.14,66.14,65.95,66.01,1878
2012-03-05,65.91,65.91,65.44,65.65,5594
2012-03-06,64.87,64.87,64.53,64.63,12705
2012-03-07,64.88,65.15,64.88,65.13,4778
2012-03-08,65.59,65.97,65.41,65.86,15336
2012-03-09,65.98,66.26,65.95,66.1,5532
2012-03-12,66.1,66.2,65.87,66.06,127297
2012-03-13,66.43,67.15,66.36,67.15,4697
2012-03-14,67.22,67.22,66.93,67.12,3230
2012-03-15,67.36,67.38,67.36,67.38,6004
2012-03-16,67.55,67.62,67.48,67.62,12038
2012-03-19,67.57,68.0,67.57,67.84,7532
2012-03-20,67.48,67.61,67.37,67.61,1711
2012-03-21,67.58,67.74,67.58,67.62,3350
2012-03-22,67.21,67.25,66.97,67.06,2297
2012-03-23,67.18,67.28,66.93,67.28,5991
2012-03-26,67.66,67.93,67.66,67.89,68475
2012-03-27,68.15,68.23,68.13,68.19,8033
2012-03-28,68.17,68.17,67.22,67.29,16932
2012-03-29,67.31,67.57,67.07,67.54,27312
2012-03-30,67.91,67.91,67.62,67.84,904
2012-04-02,67.74,68.51,67.68,68.36,1125
2012-04-03,68.35,68.46,67.89,68.06,5043
2012-04-04,67.79,67.79,67.27,67.54,10784
2012-04-05,67.39,67.73,67.39,67.62,877
2012-04-09,66.97,67.16,66.83,67.14,5457
2012-04-10,66.95,66.96,65.83,65.87,5234
2012-04-11,66.49,66.49,66.27,66.31,6926
2012-04-12,66.42,67.09,66.39,67.06,3211
2012-04-13,67.08,67.08,66.67,66.69,973
2012-04-16,66.37,66.42,66.05,66.27,1455
2012-04-17,66.87,67.37,66.87,67.37,1073
2012-04-18,67.18,67.31,67.12,67.24,1375
2012-04-19,67.04,67.05,66.31,66.65,1403
2012-04-20,66.94,67.07,66.76,66.76,17451
2012-04-23,65.9,66.08,65.65,66.0,5889
2012-04-24,66.14,66.31,66.0,66.0,1926
2012-04-25,67.1,67.23,67.09,67.23,1989
2012-04-26,67.64,67.77,67.64,67.69,14895
2012-04-27,67.84,68.15,67.84,67.97,2861
2012-04-30,67.7,67.7,67.54,67.54,2333
2012-05-01,67.63,68.36,67.63,68.11,3042
2012-05-02,67.56,67.91,67.44,67.81,23331
2012-05-03,67.89,67.89,67.22,67.27,82012
2012-05-04,66.83,66.83,66.12,66.23,6669
2012-05-07,66.07,66.21,66.06,66.18,1029
2012-05-08,65.01,65.84,64.86,65.84,7239
2012-05-09,65.24,65.82,65.11,65.53,7271
2012-05-10,65.86,65.86,65.47,65.47,8102
2012-05-11,65.28,65.99,65.28,65.46,3157
2012-05-14,64.73,65.13,64.73,65.13,1609
2012-05-15,64.79,65.0,64.45,64.48,2793
2012-05-16,64.63,64.63,64.22,64.31,6405
2012-05-17,63.91,63.91,63.28,63.32,4610
2012-05-18,63.27,63.27,62.51,62.54,7179
2012-05-21,62.63,63.74,62.63,63.74,1403
2012-05-22,64.06,64.23,63.56,63.8,1880
2012-05-23,63.33,63.95,63.04,63.94,6298
2012-05-24,64.23,64.31,63.62,63.81,5028
2012-05-25,64.05,64.13,63.65,63.78,2604
2012-05-29,64.39,64.7,64.35,64.48,2294
2012-05-30,63.75,63.78,63.75,63.78,1754
2012-05-31,63.45,63.45,62.99,63.42,1731
2012-06-01,62.11,62.23,61.69,61.72,6152
2012-06-04,61.28,61.38,61.28,61.38,1663
2012-06-05,61.82,62.17,61.82,62.13,2017
2012-06-06,62.65,63.38,62.63,63.38,2347
2012-06-07,64.13,64.16,63.91,63.91,1290
2012-06-08,63.3,63.34,63.01,63.34,1214
2012-06-11,64.49,64.49,63.3,63.3,2024
2012-06-12,63.27,63.63,62.9,63.63,1184
2012-06-13,63.43,63.46,62.92,63.04,2638
2012-06-14,63.48,63.68,63.48,63.65,3875
2012-06-15,64.02,64.3,64.02,64.3,803
2012-06-18,64.43,64.46,64.43,64.46,371
2012-06-19,65.22,65.54,65.16,65.33,2685
2012-06-20,65.33,65.47,64.84,64.84,1970
2012-06-21,65.02,65.05,64.82,64.82,636
2012-06-22,63.97,64.1,63.73,64.04,3413
2012-06-25,63.12,63.12,62.73,62.73,5298
2012-06-26,62.9,63.1,62.78,63.02,1775
2012-06-27,63.33,63.55,63.33,63.52,609
2012-06-28,63.1,63.1,62.61,62.96,1114
2012-06-29,64.24,64.64,64.22,64.61,3809
2012-07-02,64.57,64.88,64.57,64.86,1641
2012-07-03,65.26,65.56,65.26,65.56,1239
2012-07-05,65.54,65.62,65.54,65.62,485
2012-07-06,64.75,64.85,64.59,64.85,1763
2012-07-09,64.62,64.74,64.62,64.74,796
2012-07-10,64.56,64.73,64.56,64.73,456
2012-07-11,63.99,63.99,63.67,63.67,1424
2012-07-12,63.5,63.82,63.2,63.82,1383
2012-07-13,63.74,64.25,63.74,64.25,4303
2012-07-16,64.43,64.43,64.42,64.42,421
2012-07-17,64.65,64.79,64.23,64.72,2618
2012-07-18,64.98,65.5,64.96,65.5,7648
2012-07-19,65.61,65.86,65.61,65.74,1268
2012-07-20,65.45,65.45,65.09,65.09,1107
2012-07-23,64.17,64.42,63.82,64.42,6017
2012-07-24,63.73,63.75,63.55,63.72,1423
2012-07-25,63.66,63.92,63.66,63.68,1558
2012-07-26,64.39,64.8,64.39,64.79,5366
2012-07-27,65.25,65.96,65.23,65.96,2070
2012-07-30,65.85,65.85,65.85,65.85,144
2012-07-31,65.98,66.02,65.86,65.89,6841
2012-08-01,65.91,65.91,65.31,65.4,7512
2012-08-02,65.39,65.39,64.67,65.03,5610
2012-08-03,66.34,66.35,66.29,66.29,2164
2012-08-06,,,,66.36,0
2012-08-07,66.66,66.95,66.66,66.69,1249
2012-08-08,66.6,66.8,66.6,66.66,3765
2012-08-09,66.73,66.75,66.67,66.71,2623
2012-08-10,66.61,66.79,66.52,66.79,1770
2012-08-13,66.58,66.58,66.58,66.58,1825
2012-08-14,67.02,67.02,67.02,67.02,1340
2012-08-15,67.09,67.11,66.97,67.11,678
2012-08-16,67.21,67.69,67.12,67.64,26741
2012-08-17,67.73,67.82,67.66,67.8,9054
2012-08-20,67.67,67.68,67.58,67.61,1135
2012-08-21,67.89,68.09,67.39,67.39,7570
2012-08-22,67.29,67.69,67.29,67.61,5724
2012-08-23,67.24,67.4,67.06,67.19,29991
2012-08-24,66.95,67.52,66.95,67.51,4374
2012-08-27,67.55,67.74,67.55,67.55,14743
2012-08-28,67.44,67.68,67.44,67.59,8110
2012-08-29,67.58,67.73,67.41,67.62,3060
2012-08-30,67.41,67.41,67.06,67.06,1409
2012-08-31,66.97,67.56,66.97,67.42,3788
2012-09-04,67.3,67.6,67.01,67.47,2296
2012-09-05,67.51,67.55,67.28,67.28,4782
2012-09-06,67.98,68.53,67.98,68.53,625
2012-09-07,68.69,68.79,68.68,68.7,2941
2012-09-10,68.66,68.72,68.34,68.34,3378
2012-09-11,68.41,68.51,68.31,68.4,2549
2012-09-12,68.56,68.58,68.4,68.58,2494
2012-09-13,68.69,69.64,68.67,69.56,2985
2012-09-14,69.8,70.1,69.8,69.88,3870
2012-09-17,69.81,69.81,69.73,69.8,382
2012-09-18,69.78,69.83,69.69,69.69,419
2012-09-19,69.77,69.98,69.77,69.98,688
2012-09-20,69.6,69.81,69.51,69.73,4382
2012-09-21,70.18,70.18,69.81,69.86,2951
2012-09-24,69.21,69.34,69.15,69.3,3317
2012-09-25,69.37,69.51,68.96,68.96,3569
2012-09-26,68.3,68.34,67.94,68.18,5072
2012-09-27,68.35,68.91,68.34,68.91,3498
2012-09-28,68.23,68.38,68.23,68.31,1964
2012-10-01,68.78,69.13,68.56,68.56,6106
2012-10-02,68.68,68.8,68.44,68.44,1495
2012-10-03,68.87,69.05,68.58,68.87,6420
2012-10-04,69.23,69.34,69.23,69.33,1294
2012-10-05,69.7,69.74,69.62,69.62,8427
2012-10-08,69.06,69.06,68.95,68.99,1944
2012-10-09,68.78,68.78,68.18,68.3,2460
2012-10-10,68.02,68.13,67.66,67.76,4864
2012-10-11,68.18,68.18,67.77,67.77,248
2012-10-12,67.61,67.66,67.57,67.65,4763
2012-10-15,67.78,68.17,67.78,68.17,1524
2012-10-16,68.51,68.74,68.51,68.74,2335
2012-10-17,69.0,69.0,68.9,68.9,200
2012-10-18,68.62,68.65,68.34,68.52,3807
2012-10-19,68.4,68.4,67.22,67.22,3130
2012-10-22,67.29,67.29,66.88,67.16,3393
2012-10-23,66.75,66.79,66.26,66.66,3080
2012-10-24,66.66,66.71,66.33,66.39,2840
2012-10-25,66.8,66.8,66.2,66.39,2975
2012-10-26,66.35,66.6,66.04,66.53,5511
2012-10-31,66.78,66.78,66.31,66.52,6559
2012-11-01,66.69,67.38,66.69,67.34,32814
2012-11-02,67.7,67.7,66.68,66.71,72052
2012-11-05,66.6,66.83,66.6,66.83,1843
2012-11-06,67.16,67.47,67.09,67.35,1350
2012-11-07,66.77,66.77,65.79,66.22,9881
2012-11-08,66.03,66.2,65.23,65.23,3287
2012-11-09,65.1,65.83,65.1,65.32,3974
2012-11-12,65.55,65.6,65.41,65.41,1882
2012-11-13,65.22,65.8,65.22,65.3,9534
2012-11-14,65.41,65.41,64.23,64.23,9357
2012-11-15,64.47,64.47,63.92,64.15,3455
2012-11-16,64.26,64.59,63.82,64.49,7658
2012-11-19,65.36,65.76,65.36,65.76,1420
2012-11-20,65.9,66.04,65.58,65.85,3876
2012-11-21,66.0,66.15,66.0,66.12,2742
2012-11-23,66.76,66.87,66.71,66.87,300
2012-11-26,66.78,66.95,66.78,66.95,3214
2012-11-27,66.93,67.1,66.7,66.72,14545
2012-11-28,66.44,67.12,66.44,67.12,4799
2012-11-29,67.5,67.65,67.26,67.6,10187
2012-11-30,67.57,67.7,67.35,67.63,16641
2012-12-03,67.89,67.89,67.26,67.28,16864
2012-12-04,67.26,67.26,67.01,67.23,3689
2012-12-05,66.9,67.14,66.9,67.14,581
2012-12-06,66.87,67.05,66.87,67.05,1103
2012-12-07,67.45,67.45,67.02,67.24,25659
2012-12-10,67.22,67.47,67.22,67.32,6006
2012-12-11,67.66,68.06,67.66,67.98,4618
2012-12-12,68.11,68.12,67.63,67.65,3135
2012-12-13,67.73,67.81,67.14,67.4,27352
2012-12-14,67.03,67.06,66.85,66.85,3246
2012-12-17,67.08,67.65,67.08,67.65,239928
2012-12-18,67.75,68.48,67.73,68.43,10992
2012-12-19,68.44,68.44,68.15,68.15,1759
2012-12-20,67.5,67.69,67.5,67.69,4424
2012-12-21,67.06,67.29,66.99,67.2,29981
2012-12-24,67.17,67.17,67.06,67.08,4215
2012-12-26,67.12,67.13,66.48,66.59,10099
2012-12-27,66.63,66.72,65.88,66.71,4560
2012-12-28,66.26,66.45,65.96,65.96,4587
2012-12-31,65.73,67.12,65.73,67.12,3402
2013-01-02,68.24,68.74,68.24,68.74,73611
2013-01-03,68.8,69.03,68.6,68.64,3345
2013-01-04,68.78,68.94,68.71,68.88,63944
2013-01-07,68.65,68.74,68.58,68.61,35938
2013-01-08,68.76,68.76,68.39,68.63,11983
2013-01-09,68.96,68.97,68.8,68.88,9535
2013-01-10,69.21,69.21,68.88,69.19,6400
2013-01-11,69.15,69.31,69.15,69.3,2100
2013-01-14,69.11,69.2,69.0,69.11,17883
2013-01-15,68.82,69.11,68.76,69.09,9944
2013-01-16,68.95,69.23,68.95,69.09,13430
2013-01-17,69.46,69.72,69.38,69.54,3175
2013-01-18,69.41,69.67,69.28,69.65,8152
2013-01-22,69.67,69.82,69.52,69.8,2805
2013-01-23,70.18,70.24,70.05,70.13,8771
2013-01-24,69.83,70.26,69.83,70.03,16957
2013-01-25,70.1,70.34,70.05,70.16,13475
2013-01-28,70.35,70.35,70.12,70.25,2214
2013-01-29,70.04,70.41,69.94,70.41,6175
2013-01-30,70.5,70.5,70.05,70.12,14784
2013-01-31,70.09,70.24,70.06,70.08,14285
2013-02-01,70.38,70.77,70.38,70.7,4743
2013-02-04,70.34,70.43,69.98,70.04,5817
2013-02-05,70.16,70.69,70.16,70.57,9913
2013-02-06,70.4,70.67,70.32,70.48,8477
2013-02-07,70.61,70.61,70.05,70.51,15089
2013-02-08,71.0,71.08,70.99,71.05,9123
2013-02-11,70.94,70.97,70.88,70.97,2430
2013-02-12,70.93,71.0,70.86,70.89,84441
2013-02-13,70.93,71.02,70.74,70.9,3840
2013-02-14,70.76,71.04,70.76,70.94,10310
2013-02-15,71.0,71.12,70.8,70.87,2261
2013-02-19,71.1,71.35,71.07,71.35,17682
2013-02-20,71.23,71.23,70.53,70.53,5485
2013-02-21,70.17,70.17,69.88,70.03,2072
2013-02-22,70.32,70.72,70.27,70.72,24229
2013-02-25,71.11,71.11,69.8,69.8,24034
2013-02-26,69.99,70.08,69.55,70.05,117918
2013-02-27,70.11,71.02,70.11,71.0,9423
2013-02-28,70.9,71.33,70.71,70.71,15529
2013-03-01,70.61,71.07,70.46,70.98,7976
2013-03-04,70.86,71.29,70.78,71.29,4146
2013-03-05,71.71,72.18,71.71,72.06,16406
2013-03-06,72.14,72.23,71.98,71.98,5023
2013-03-07,72.06,72.21,72.06,72.19,10217
2013-03-08,72.28,72.49,72.21,72.49,4191
2013-03-11,72.42,72.66,72.36,72.66,3278
2013-03-12,72.51,72.6,72.29,72.33,63507
2013-03-13,72.45,72.6,72.44,72.6,1404
2013-03-14,72.85,72.89,72.79,72.88,4063
2013-03-15,72.89,72.89,72.6,72.71,7056
2013-03-18,72.43,72.68,72.38,72.41,4291
2013-03-19,72.64,72.64,71.83,72.05,5277
2013-03-20,72.75,72.87,72.58,72.87,5933
2013-03-21,72.36,72.5,72.23,72.26,20384
2013-03-22,72.18,72.51,72.16,72.51,5228
2013-03-25,72.73,72.86,72.24,72.26,3745
2013-03-26,72.6,72.78,72.6,72.78,3239
2013-03-27,72.5,72.84,72.47,72.83,2651
2013-03-28,73.0,73.23,72.95,73.21,2448
2013-04-01,73.25,73.27,72.62,72.65,27786
2013-04-02,73.13,73.32,73.0,73.08,3899
2013-04-03,72.95,72.96,72.33,72.46,10636
2013-04-04,72.52,72.74,72.39,72.59,16800
2013-04-05,71.7,72.12,71.7,72.08,14660
2013-04-08,72.22,72.77,72.16,72.77,14532
2013-04-09,72.86,73.19,72.68,72.98,7612
2013-04-10,73.32,74.05,73.29,74.0,8906
2013-04-11,73.99,74.35,73.98,74.35,642
2013-04-12,74.08,74.09,73.84,74.04,36596
2013-04-15,73.7,73.7,72.53,72.6,8934
2013-04-16,72.89,73.41,72.86,73.28,14844
2013-04-17,72.91,72.96,72.3,72.44,8798
2013-04-18,72.56,72.57,71.9,71.9,7993
2013-04-19,72.06,72.57,72.06,72.44,561127
2013-04-22,72.52,73.11,72.47,73.11,8562
2013-04-23,73.36,73.76,73.01,73.66,17056
2013-04-24,73.6,73.83,73.56,73.6,6750
2013-04-25,73.96,74.29,73.89,74.07,70892
2013-04-26,73.93,74.03,73.82,74.01,9510
2013-04-29,74.12,74.58,74.12,74.49,4996
2013-04-30,74.41,74.8,74.27,74.8,108196
2013-05-01,74.75,74.75,74.19,74.19,13146
2013-05-02,74.55,75.04,74.55,74.98,57299
2013-05-03,75.62,75.97,75.61,75.73,26797
2013-05-06,75.8,75.96,75.69,75.88,3156
2013-05-07,76.02,76.18,75.91,76.18,1326
2013-05-08,76.17,76.53,76.17,76.52,3173
2013-05-09,76.54,76.8,76.31,76.31,7435
2013-05-10,76.45,76.74,76.45,76.68,14291
2013-05-13,76.93,76.96,76.91,76.96,1198
2013-05-14,77.14,77.47,77.14,77.45,5123
2013-05-15,77.41,77.95,77.41,77.84,7286
2013-05-16,77.64,77.72,77.46,77.46,2786
2013-05-17,77.86,78.12,77.7,78.12,4018
2013-05-20,78.06,78.28,78.03,78.03,6266
2013-05-21,78.01,78.36,77.81,78.31,5989
2013-05-22,78.23,78.61,77.29,77.39,17154
2013-05-23,76.68,77.3,76.62,77.21,15093
2013-05-24,76.82,77.15,76.75,77.15,5536
2013-05-28,77.95,78.24,77.5,77.61,26714
2013-05-29,77.19,77.19,76.59,76.91,7886
2013-05-30,77.25,77.46,77.25,77.33,9766
2013-05-31,76.94,77.35,76.19,76.19,12578
2013-06-03,75.77,76.43,75.77,76.43,6366
2013-06-04,76.76,76.76,75.81,76.07,3121
2013-06-05,75.85,76.02,75.0,75.0,15771
2013-06-06,75.05,75.58,74.86,75.58,2390
2013-06-07,76.11,76.55,76.11,76.55,3926
2013-06-10,76.9,76.9,76.51,76.55,42600
2013-06-11,75.92,76.43,75.92,75.95,5035
2013-06-12,76.43,76.43,75.24,75.27,6390
2013-06-13,75.2,76.05,75.06,76.05,3300
2013-06-14,76.28,76.36,75.8,75.91,1230
2013-06-17,76.51,76.68,76.05,76.41,7078
2013-06-18,76.59,77.11,76.59,77.07,2132
2013-06-19,77.02,77.04,76.01,76.01,12268
2013-06-20,75.28,75.28,73.9,74.08,6298
2013-06-21,74.41,74.46,73.53,74.07,18069
2013-06-24,73.15,73.48,72.47,72.99,7734
2013-06-25,73.66,73.84,73.39,73.68,55902
2013-06-26,74.22,74.49,74.05,74.49,3527
2013-06-27,74.85,74.98,74.78,74.78,3214
2013-06-28,74.51,74.91,74.36,74.42,6827
2013-07-01,75.26,75.55,74.99,74.99,12866
2013-07-02,75.17,75.35,74.64,74.77,2433
2013-07-03,74.68,75.3,74.68,75.3,2322
2013-07-05,75.48,75.88,75.48,75.88,1000
2013-07-08,76.25,76.32,76.15,76.27,5570
2013-07-09,76.65,76.8,76.35,76.72,15574
2013-07-10,76.72,76.96,76.68,76.8,4245
2013-07-11,77.73,78.02,77.65,78.02,8660
2013-07-12,78.0,78.21,77.95,78.21,7075
2013-07-15,78.16,78.36,78.16,78.32,2893
2013-07-16,78.36,78.36,77.92,78.0,2753
2013-07-17,78.25,78.28,78.15,78.2,538
2013-07-18,78.4,78.41,78.31,78.4,60220
2013-07-19,78.1,78.22,77.99,78.15,33862
2013-07-22,78.28,78.48,78.28,78.39,27224
2013-07-23,78.63,78.66,78.2,78.3,13476
2013-07-24,78.59,78.59,77.87,78.03,5982
2013-07-25,78.1,78.33,78.02,78.33,2244
2013-07-26,78.15,78.5,77.82,78.5,2310
2013-07-29,78.29,78.5,78.06,78.17,9867
2013-07-30,78.37,78.58,78.32,78.48,11188
2013-07-31,78.75,78.84,78.47,78.52,1534
2013-08-01,79.34,79.54,79.34,79.54,2515
2013-08-02,79.46,79.66,79.39,79.66,6074
2013-08-05,79.6,79.73,79.57,79.73,5038
2013-08-06,79.52,79.53,79.18,79.3,5678
2013-08-07,78.91,79.08,78.64,78.99,5563
2013-08-08,79.31,79.44,78.93,79.27,10396
2013-08-09,79.4,79.4,78.99,79.06,1824
2013-08-12,78.96,79.11,78.89,78.93,6450
2013-08-13,79.08,79.29,78.8,79.25,1885
2013-08-14,79.23,79.23,78.81,78.81,6626
2013-08-15,78.2,78.2,77.52,77.6,4473
2013-08-16,77.54,77.63,77.32,77.46,3522
2013-08-19,77.3,77.68,77.22,77.22,4615
2013-08-20,77.24,77.7,77.24,77.7,2087
2013-08-21,77.41,77.73,77.02,77.15,3748
2013-08-22,77.31,79.75,77.31,77.84,4645
2013-08-23,78.21,78.28,77.9,78.28,7296
2013-08-26,78.39,78.65,78.12,78.12,7029
2013-08-27,77.54,77.54,76.79,76.79,5137
2013-08-28,76.95,77.1,76.95,77.04,4188
2013-08-29,77.23,77.69,77.23,77.45,72428
2013-08-30,77.52,77.52,76.96,76.96,4780
2013-09-03,77.64,77.64,77.13,77.44,879
2013-09-04,77.75,78.14,77.75,78.06,8540
2013-09-05,78.11,78.26,78.11,78.19,3611
2013-09-06,78.53,78.68,77.83,78.26,11678
2013-09-09,78.68,79.14,78.68,79.06,8005
2013-09-10,79.44,79.67,79.43,79.67,19202
2013-09-11,79.62,79.87,79.62,79.87,1558
2013-09-12,80.05,80.11,79.84,79.85,7385
2013-09-13,79.99,80.01,79.93,79.94,6415
2013-09-16,80.62,80.73,80.38,80.38,9117
2013-09-17,80.54,80.9,80.54,80.85,9311
2013-09-18,80.93,81.98,80.69,81.82,8856
2013-09-19,82.03,82.18,81.89,81.96,5976
2013-09-20,81.92,81.95,81.36,81.43,824
2013-09-23,80.97,80.97,80.48,80.72,249854
2013-09-24,80.89,80.98,80.61,80.66,10160
2013-09-25,80.78,80.78,80.29,80.29,6084
2013-09-26,80.54,80.87,80.54,80.87,62282
2013-09-27,80.5,80.61,80.4,80.4,99640
2013-09-30,79.75,80.23,79.74,80.09,3750
2013-10-01,80.86,80.93,80.66,80.83,7061
2013-10-02,80.46,80.84,80.46,80.84,9930
2013-10-03,80.62,80.62,79.72,80.16,5137
2013-10-04,80.15,80.73,80.15,80.7,6080
2013-10-07,80.37,80.42,80.03,80.03,5740
2013-10-08,79.91,79.92,78.67,78.67,16081
2013-10-09,78.78,78.85,78.31,78.52,7769
2013-10-10,79.32,80.31,79.32,80.31,16071
2013-10-11,80.6,80.91,80.6,80.91,6345
2013-10-14,80.43,81.17,80.43,81.1,11092
2013-10-15,81.07,81.19,80.63,80.71,10894
2013-10-16,81.17,81.78,81.17,81.78,22935
2013-10-17,81.63,82.26,81.53,82.25,7885
2013-10-18,82.7,83.02,82.59,82.97,53372
2013-10-21,83.15,83.15,82.81,82.98,193812
2013-10-22,83.13,83.61,83.13,83.44,10654
2013-10-23,83.0,83.14,82.79,83.06,7385
2013-10-24,83.12,83.57,83.12,83.48,21484
2013-10-25,83.88,83.89,83.5,83.89,19482
2013-10-28,83.88,84.08,83.83,83.93,12457
2013-10-29,84.24,84.35,84.04,84.33,9524
2013-10-30,84.58,84.58,83.67,83.99,50463
2013-10-31,83.6,84.12,83.58,83.88,3287
2013-11-01,84.14,84.14,83.58,83.86,76017
2013-11-04,84.21,84.21,83.93,84.2,20394
2013-11-05,83.82,84.2,83.58,84.1,10614
2013-11-06,84.24,84.42,83.99,84.25,17209
2013-11-07,84.44,84.44,82.95,82.95,8696
2013-11-08,83.13,84.01,83.1,84.01,7215
2013-11-11,83.79,84.09,83.79,84.0,4551
2013-11-12,83.83,84.04,83.82,83.82,1060
2013-11-13,83.65,84.77,83.62,84.77,4404
2013-11-14,84.98,85.26,84.83,85.24,7882
2013-11-15,85.41,85.54,85.26,85.53,11042
2013-11-18,85.77,85.77,84.95,84.98,12698
2013-11-19,85.02,85.13,84.63,84.84,10179
2013-11-20,84.92,85.08,84.26,84.39,4625
2013-11-21,84.65,85.11,84.65,85.08,9968
2013-11-22,85.26,85.6,85.24,85.58,54308
2013-11-25,85.85,85.85,85.37,85.48,8667
2013-11-26,85.88,85.96,85.87,85.96,600
2013-11-27,85.88,86.03,85.83,86.03,13285
2013-11-29,86.23,86.33,86.05,86.05,5102
2013-12-02,86.18,86.18,85.7,85.71,12246
2013-12-03,85.56,85.67,85.29,85.35,5189
2013-12-04,85.12,85.69,84.75,85.4,7034
2013-12-05,85.27,85.4,85.11,85.22,15732
2013-12-06,85.89,86.07,85.73,85.95,9111
2013-12-09,86.37,86.37,86.1,86.18,10699
2013-12-10,86.08,86.16,85.87,85.95,9954
2013-12-11,86.06,86.06,85.26,85.26,7336
2013-12-12,85.04,85.04,84.62,84.82,8072
2013-12-13,85.03,85.03,84.68,84.87,23216
2013-12-16,85.54,85.54,85.26,85.36,10929
2013-12-17,85.46,85.46,85.02,85.15,11238
2013-12-18,85.23,86.34,84.65,86.34,19736
2013-12-19,86.25,86.38,85.96,86.29,6454
2013-12-20,86.15,86.79,86.12,86.58,17004
2013-12-23,86.96,87.17,86.89,87.17,7735
2013-12-24,87.25,87.41,87.25,87.4,4213
2013-12-26,87.58,87.89,87.58,87.83,16820
2013-12-27,88.65,88.65,87.64,87.68,14945
2013-12-30,87.73,87.81,87.6,87.74,7841
2013-12-31,87.8,88.19,87.8,88.15,12230
2014-01-02,87.99,87.99,87.28,87.44,11360
2014-01-03,87.58,87.6,87.18,87.18,18351
2014-01-06,87.13,87.13,86.71,86.9,9353
2014-01-07,87.18,87.52,87.17,87.44,11451
2014-01-08,87.48,87.58,87.32,87.5,16040
2014-01-09,87.72,87.8,87.24,87.6,4814
2014-01-10,87.63,87.87,87.55,87.87,2568
2014-01-13,87.76,87.89,86.57,86.64,8248
2014-01-14,86.96,87.81,86.8,87.74,15411
2014-01-15,87.97,88.32,87.96,88.21,7295
2014-01-16,88.12,88.22,88.04,88.18,21648
2014-01-17,88.18,88.24,87.8,87.8,5161
2014-01-21,88.54,88.54,87.86,88.23,10277
2014-01-22,88.31,88.47,88.21,88.44,6349
2014-01-23,88.1,88.1,87.49,87.81,7460
2014-01-24,87.38,87.38,85.98,85.98,17109
2014-01-27,86.0,86.0,84.87,85.22,13086
2014-01-28,85.29,85.83,85.26,85.73,21428
2014-01-29,85.24,85.32,84.8,84.91,3595
2014-01-30,85.72,86.3,85.72,85.96,12864
2014-01-31,85.11,86.13,85.07,85.53,18803
2014-02-03,85.5,85.5,83.46,83.46,14617
2014-02-04,83.84,84.37,83.8,84.24,6954
2014-02-05,83.91,84.27,83.42,84.09,17339
2014-02-06,84.63,85.2,84.63,85.17,9983
2014-02-07,85.76,86.44,85.53,86.44,13403
2014-02-10,86.51,86.74,86.32,86.65,23145
2014-02-11,86.84,87.67,86.84,87.67,10524
2014-02-12,87.9,88.0,87.57,87.74,23486
2014-02-13,87.27,88.39,87.27,88.32,6347
2014-02-14,88.26,88.72,88.1,88.6,12475
2014-02-18,88.7,88.91,88.48,88.77,28891
2014-02-19,88.63,88.97,88.28,88.28,9299
2014-02-20,88.27,89.0,88.25,88.94,29161
2014-02-21,89.12,89.2,88.78,88.8,54788
2014-02-24,88.75,89.77,88.75,89.22,23386
2014-02-25,89.32,89.6,89.18,89.25,6940
2014-02-26,89.52,89.75,89.17,89.37,6018
2014-02-27,89.55,89.95,89.55,89.92,7938
2014-02-28,90.04,90.53,89.69,89.94,13728
2014-03-03,89.1,89.43,88.75,89.34,8940
2014-03-04,90.31,90.81,90.31,90.76,17444
2014-03-05,90.78,90.82,90.7,90.77,6078
2014-03-06,91.0,91.01,90.76,90.76,5403
2014-03-07,90.94,90.95,90.32,90.49,9277
2014-03-10,90.58,90.62,90.11,90.51,8568
2014-03-11,90.6,90.91,90.06,90.1,13889
2014-03-12,89.72,90.17,89.61,90.14,4164
2014-03-13,90.54,90.55,88.89,89.06,16186
2014-03-14,89.0,89.33,88.84,88.86,18004
2014-03-17,89.36,89.91,89.36,89.62,8941
2014-03-18,89.92,90.44,89.87,90.38,11724
2014-03-19,90.27,90.39,89.33,89.75,10840
2014-03-20,89.58,90.12,89.39,90.08,10531
2014-03-21,90.49,90.75,89.5,89.5,7719
2014-03-24,89.52,89.59,88.16,88.72,6758
2014-03-25,89.06,89.2,88.39,88.78,12776
2014-03-26,89.2,89.27,88.12,88.12,8860
2014-03-27,87.72,87.85,87.38,87.85,5217
2014-03-28,88.03,88.63,87.94,88.06,36770
2014-03-31,88.71,89.04,88.59,88.95,9207
2014-04-01,89.24,89.81,89.24,89.77,21815
2014-04-02,89.84,90.06,89.84,89.86,15639
2014-04-03,90.05,90.05,89.47,89.54,17438
2014-04-04,89.68,89.79,88.0,88.12,11777
2014-04-07,87.76,88.03,86.85,87.53,20223
2014-04-08,87.12,87.65,86.92,87.57,17970
2014-04-09,87.9,88.77,87.72,88.77,6067
2014-04-10,88.77,88.77,86.66,86.7,5227
2014-04-11,86.17,86.6,85.77,85.78,14040
2014-04-14,86.43,86.65,85.99,85.99,8354
2014-04-15,86.82,86.94,85.54,86.94,9796
2014-04-16,87.57,87.77,87.19,87.76,5266
2014-04-17,87.84,88.25,87.68,88.07,18289
2014-04-21,87.96,88.46,87.96,88.36,5190
2014-04-22,88.75,89.26,88.75,89.09,9384
2014-04-23,89.0,89.0,88.61,88.68,10857
2014-04-24,89.32,89.32,88.44,88.87,5907
2014-04-25,88.5,88.51,87.66,87.85,9542
2014-04-28,88.24,88.59,87.16,88.09,17061
2014-04-29,88.43,88.64,88.17,88.59,7471
2014-04-30,88.48,88.81,88.48,88.79,3284
2014-05-01,88.96,89.19,88.78,88.82,10168
2014-05-02,89.08,89.28,88.84,88.91,5236
2014-05-05,88.85,89.25,88.81,89.25,4376
2014-05-06,89.13,89.13,88.44,88.46,6022
2014-05-07,88.43,88.43,87.8,88.26,6978
2014-05-08,88.5,89.22,88.23,88.42,9002
2014-05-09,88.12,88.79,88.06,88.79,9820
2014-05-12,88.99,89.83,88.99,89.82,9911
2014-05-13,89.99,90.03,89.75,89.91,5366
2014-05-14,89.72,89.75,89.34,89.34,4794
2014-05-15,89.17,89.17,88.05,88.6,19220
2014-05-16,88.82,88.93,88.37,88.92,9724
2014-05-19,89.12,89.52,89.08,89.52,2382
2014-05-20,89.41,89.46,88.61,88.87,37965
2014-05-21,89.05,89.45,89.05,89.45,17162
2014-05-22,89.86,90.08,89.74,89.9,48832
2014-05-23,89.96,90.46,89.87,90.43,14779
2014-05-27,90.69,91.01,90.69,91.0,7757
2014-05-28,90.92,91.03,90.73,90.9,55099
2014-05-29,91.06,91.37,91.03,91.37,14646
2014-05-30,91.28,91.52,91.23,91.51,13039
2014-06-02,91.46,91.67,91.34,91.64,5898
2014-06-03,91.42,91.57,91.37,91.51,4903
2014-06-04,91.44,91.81,91.29,91.77,7502
2014-06-05,91.74,92.41,91.72,92.37,7355
2014-06-06,92.67,92.75,92.62,92.73,6723
2014-06-09,92.86,93.08,92.58,92.77,8308
2014-06-10,92.73,92.74,92.56,92.74,6819
2014-06-11,92.41,92.55,92.25,92.35,4843
2014-06-12,92.41,92.41,91.6,91.63,6745
2014-06-13,91.95,91.95,91.77,91.77,2114
2014-06-16,91.85,92.04,91.77,91.96,6825
2014-06-17,91.95,92.31,91.89,92.22,5497
2014-06-18,92.27,92.89,92.06,92.89,5371
2014-06-19,93.01,93.08,92.7,92.87,6436
2014-06-20,93.04,93.04,92.89,93.01,4988
2014-06-23,92.73,92.74,92.51,92.66,16001
2014-06-24,92.54,92.94,92.08,92.12,10309
2014-06-25,92.05,92.8,92.03,92.7,4288
2014-06-26,92.6,92.6,92.08,92.6,74593
2014-06-27,92.52,92.75,92.52,92.74,2270
2014-06-30,93.0,93.08,93.0,93.01,2476
2014-07-01,93.4,93.96,93.4,93.9,1954
2014-07-02,93.68,93.92,93.67,93.8,3454
2014-07-03,94.05,94.31,94.03,94.2,5621
2014-07-07,94.06,94.11,93.75,93.82,4513
2014-07-08,93.61,93.61,92.7,93.0,14348
2014-07-09,93.08,93.53,93.05,93.43,6677
2014-07-10,92.49,93.33,92.33,92.97,3707
2014-07-11,93.1,93.29,93.05,93.27,3806
2014-07-14,93.66,93.93,93.63,93.89,4328
2014-07-15,93.88,93.99,92.95,93.31,14783
2014-07-16,93.72,93.72,93.31,93.53,28959
2014-07-17,93.18,93.42,92.39,92.39,6422
2014-07-18,92.64,93.51,92.64,93.46,7503
2014-07-21,93.1,93.3,93.09,93.3,3071
2014-07-22,93.58,93.86,93.58,93.79,7905
2014-07-23,94.05,94.17,93.95,94.05,6021
2014-07-24,94.29,94.29,94.11,94.15,2191
2014-07-25,93.75,93.75,93.51,93.6,4864
2014-07-28,93.18,93.63,93.18,93.57,27622
2014-07-29,93.86,93.86,93.35,93.35,2215
2014-07-30,93.73,93.75,93.25,93.46,2537
2014-07-31,92.85,92.85,91.66,91.7,13539
2014-08-01,91.4,91.81,90.9,91.52,6252
2014-08-04,91.58,92.08,91.43,92.08,3837
2014-08-05,91.6,91.73,90.97,91.3,18846
2014-08-06,90.67,91.53,90.67,91.24,10159
2014-08-07,91.5,91.51,90.72,90.9,22629
2014-08-08,91.0,91.74,90.85,91.74,7234
2014-08-11,92.16,92.54,92.08,92.29,4216
2014-08-12,92.15,92.33,91.74,92.01,8899
2014-08-13,92.25,92.75,92.25,92.71,6516
2014-08-14,92.98,93.12,92.98,93.09,6689
2014-08-15,93.56,93.63,92.76,93.34,20896
2014-08-18,93.89,94.22,93.89,94.1,9133
2014-08-19,94.39,94.82,94.39,94.8,17607
2014-08-20,94.69,95.07,94.69,95.01,6778
2014-08-21,95.27,95.27,94.98,95.08,13616
2014-08-22,94.97,95.3,94.87,95.18,5367
2014-08-25,95.72,95.74,95.37,95.56,260591
2014-08-26,95.72,95.81,95.65,95.68,8375
2014-08-27,95.7,95.7,95.46,95.58,9962
2014-08-28,95.33,95.56,95.31,95.54,15103
2014-08-29,95.52,95.8,95.52,95.63,14363
2014-09-02,95.99,96.06,95.56,95.74,37827
2014-09-03,96.1,96.1,95.56,95.65,44742
2014-09-04,95.77,96.11,95.29,95.29,50227
2014-09-05,95.42,95.86,95.1,95.86,12014
2014-09-08,95.87,95.96,95.52,95.71,6549
2014-09-09,95.54,95.59,95.03,95.11,8747
2014-09-10,95.05,95.62,95.05,95.6,7147
2014-09-11,95.47,95.55,95.37,95.47,4981
2014-09-12,95.28,95.42,94.8,95.02,9647
2014-09-15,94.99,94.99,94.44,94.61,17040
2014-09-16,94.51,95.48,94.33,95.45,13407
2014-09-17,95.56,95.84,95.32,95.54,4577
2014-09-18,95.78,96.02,95.7,96.0,12501
2014-09-19,96.42,96.42,95.7,96.07,14554
2014-09-22,95.43,95.43,94.45,94.65,20492
2014-09-23,94.38,94.7,94.25,94.3,7728
2014-09-24,94.35,95.19,94.09,95.19,17176
2014-09-25,94.25,94.25,93.52,93.54,12802
2014-09-26,93.97,94.53,93.82,94.48,5370
2014-09-29,93.56,94.45,93.56,94.33,42589
2014-09-30,94.5,94.5,93.89,94.24,15552
2014-10-01,93.54,93.54,92.5,92.67,25865
2014-10-02,92.75,92.9,91.62,92.77,62684
2014-10-03,93.37,93.98,93.26,93.81,15557
2014-10-06,94.17,94.19,93.42,93.65,11702
2014-10-07,93.21,93.21,92.27,92.27,39123
2014-10-08,92.15,93.52,91.86,93.52,5743
2014-10-09,93.64,93.67,92.05,92.22,11900
2014-10-10,92.11,92.31,91.02,91.02,22576
2014-10-13,90.77,90.77,88.97,88.97,16959
2014-10-14,89.53,90.0,88.89,89.05,230639
2014-10-15,88.08,88.98,86.64,88.7,37695
2014-10-16,87.31,89.33,87.2,88.78,22468
2014-10-17,89.91,90.4,89.55,89.94,8284
2014-10-20,89.8,90.89,89.8,90.84,6267
2014-10-21,91.41,92.75,91.41,92.74,23825
2014-10-22,92.94,93.07,91.95,91.97,19105
2014-10-23,92.93,93.61,92.82,93.28,26709
2014-10-24,93.42,93.88,93.24,93.88,9778
2014-10-27,93.57,93.84,93.22,93.8,14483
2014-10-28,93.89,94.83,93.89,94.83,15044
2014-10-29,94.87,95.15,94.34,94.34,5775
2014-10-30,94.81,95.6,94.65,95.4,17437
2014-10-31,96.6,96.6,96.24,96.46,10508
2014-11-03,96.7,96.86,96.53,96.53,8991
2014-11-04,96.41,96.41,95.69,96.11,35103
2014-11-05,96.81,96.81,96.23,96.35,8128
2014-11-06,96.38,96.95,96.38,96.95,5961
2014-11-07,96.75,97.06,96.63,96.89,14091
2014-11-10,97.09,97.33,96.92,97.31,28952
2014-11-11,97.5,97.5,97.18,97.4,9278
2014-11-12,97.33,97.63,97.2,97.62,24761
2014-11-13,97.73,98.0,97.37,97.64,34297
2014-11-14,97.73,97.73,97.4,97.65,11247
2014-11-17,97.44,97.8,97.4,97.54,23931
2014-11-18,97.62,98.4,97.62,98.21,11406
2014-11-19,98.07,98.07,97.7,98.04,9762
2014-11-20,97.5,98.34,97.5,98.22,13145
2014-11-21,99.39,99.39,98.55,98.72,16434
2014-11-24,99.01,99.2,99.01,99.19,9852
2014-11-25,99.51,99.51,99.17,99.28,13435
2014-11-26,99.22,99.5,99.22,99.5,21752
2014-11-28,99.6,99.82,99.47,99.7,2639
2014-12-01,100.64,100.64,98.49,98.55,57575
2014-12-02,98.64,99.04,98.64,98.94,9736
2014-12-03,99.13,99.41,99.0,99.41,16566
2014-12-04,99.26,99.54,98.97,99.24,45397
2014-12-05,99.36,99.53,99.29,99.39,10558
2014-12-08,99.06,99.45,98.37,98.54,12198
2014-12-09,97.38,98.55,97.23,98.55,10745
2014-12-10,98.4,98.43,97.0,97.28,14125
2014-12-11,97.54,98.36,97.44,97.44,78052
2014-12-12,96.79,97.17,96.23,96.23,8694
2014-12-15,96.74,96.82,95.15,95.46,18636
2014-12-16,95.07,96.41,94.39,94.45,34029
2014-12-17,94.8,96.48,94.71,96.28,228160
2014-12-18,97.13,98.17,97.09,98.17,14984
2014-12-19,98.54,98.81,98.19,98.68,7738
2014-12-22,98.58,98.99,98.56,98.9,28379
2014-12-23,99.07,99.21,98.86,99.08,7630
2014-12-24,99.14,99.33,99.13,99.29,3585
2014-12-26,99.32,99.69,99.31,99.67,4633
2014-12-29,99.34,99.68,99.34,99.6,20141
2014-12-30,99.44,99.5,98.96,99.01,9450
2014-12-31,99.26,99.32,98.06,98.06,8690
2015-01-02,98.8,98.8,97.43,98.06,26031
2015-01-05,97.63,97.63,96.14,96.37,16061
2015-01-06,96.6,96.6,94.77,95.42,25426
2015-01-07,96.3,96.67,96.01,96.58,12005
2015-01-08,97.25,98.46,97.25,98.39,14282
2015-01-09,98.68,98.68,97.33,97.62,142353
2015-01-12,97.87,97.87,96.7,96.83,13185
2015-01-13,97.59,98.35,96.13,96.81,30308
2015-01-14,95.75,96.35,95.58,96.34,17532
2015-01-15,96.78,96.89,95.47,95.6,30246
2015-01-16,95.17,96.57,95.17,96.57,27328
2015-01-20,96.96,97.17,95.97,96.95,136396
2015-01-21,96.88,97.61,96.5,97.38,26860
2015-01-22,97.93,98.95,97.1,98.88,25132
2015-01-23,98.84,99.04,98.67,98.73,19532
2015-01-26,98.72,98.98,98.27,98.96,30412
2015-01-27,97.95,98.29,97.19,97.86,10366
2015-01-28,98.52,98.52,96.89,96.89,16007
2015-01-29,96.38,97.71,96.16,97.69,13265
2015-01-30,97.36,97.81,96.54,96.54,8180
2015-02-02,96.95,97.5,95.79,97.43,19386
2015-02-03,98.08,98.67,97.81,98.67,25701
2015-02-04,98.45,99.09,98.4,98.5,26065
2015-02-05,98.97,99.61,98.97,99.57,7058
2015-02-06,99.78,99.91,98.97,98.97,19795
2015-02-09,98.92,99.14,98.76,98.87,19003
2015-02-10,99.34,100.15,99.13,100.07,22626
2015-02-11,99.97,100.49,99.8,100.29,29250
2015-02-12,100.67,101.14,100.67,101.1,15794
2015-02-13,101.4,101.7,101.36,101.7,25521
2015-02-17,101.7,101.88,101.55,101.75,8615
2015-02-18,101.72,102.12,101.72,102.08,12610
2015-02-19,102.01,102.41,102.01,102.39,11525
2015-02-20,102.31,103.03,101.87,103.02,9824
2015-02-23,103.01,103.08,102.81,103.08,29257
2015-02-24,103.18,103.33,102.8,103.26,21712
2015-02-25,103.35,103.54,103.06,103.3,165083
2015-02-26,103.48,103.48,103.05,103.37,15636
2015-02-27,103.42,103.42,102.99,102.99,16837
2015-03-02,103.19,103.76,103.15,103.76,12024
2015-03-03,103.83,103.83,102.94,103.43,14740
2015-03-04,103.23,103.23,102.44,103.0,15752
2015-03-05,103.24,103.27,102.82,103.15,7342
2015-03-06,102.76,102.79,101.67,101.69,31766
2015-03-09,101.94,102.26,101.84,102.09,8023
2015-03-10,101.42,101.42,100.53,100.55,19880
2015-03-11,100.67,100.69,100.21,100.21,17256
2015-03-12,100.71,101.4,100.61,101.35,18701
2015-03-13,101.36,101.52,100.38,100.87,75169
2015-03-16,101.39,102.14,101.22,102.14,70768
2015-03-17,101.9,102.17,101.55,101.98,44499
2015-03-18,101.81,103.44,101.31,103.13,26705
2015-03-19,103.0,103.17,102.87,103.02,24296
2015-03-20,103.53,104.1,103.53,103.78,9262
2015-03-23,103.47,103.61,103.39,103.46,14104
2015-03-24,102.96,103.44,102.87,102.91,4565
2015-03-25,102.91,102.91,101.12,101.12,20343
2015-03-26,100.62,101.35,100.32,100.82,62523
2015-03-27,100.96,101.25,100.92,101.17,73091
2015-03-30,101.86,102.45,101.86,102.41,24171
2015-03-31,102.17,102.17,101.5,101.51,9996
2015-04-01,101.46,101.46,100.48,100.98,40214
2015-04-02,101.16,101.59,101.16,101.55,20752
2015-04-06,100.97,102.4,100.85,102.09,195242
2015-04-07,102.19,102.58,102.0,102.0,10369
2015-04-08,101.84,102.57,101.84,102.37,51976
2015-04-09,102.68,102.88,102.13,102.82,13646
2015-04-10,102.91,103.23,102.75,103.19,10486
2015-04-13,103.26,103.57,102.67,102.67,10199
2015-04-14,102.75,102.83,102.1,102.75,12470
2015-04-15,103.05,103.39,103.0,103.16,12848
2015-04-16,103.11,103.43,102.96,103.19,21198
2015-04-17,102.42,102.49,101.59,101.82,14049
2015-04-20,102.51,103.09,102.49,103.03,47717
2015-04-21,102.97,103.51,102.98,103.09,15165
2015-04-22,103.49,103.73,102.95,103.66,16183
2015-04-23,103.39,104.36,103.38,104.22,21111
2015-04-24,104.38,104.38,104.19,104.31,6667
2015-04-27,104.69,104.69,103.75,103.77,9394
2015-04-28,103.81,103.99,102.95,103.64,11205
2015-04-29,103.37,103.55,102.75,103.23,9418
2015-04-30,103.04,103.04,101.59,102.0,14194
2015-05-01,102.66,103.16,102.47,103.14,17913
2015-05-04,103.48,103.79,103.32,103.42,17230
2015-05-05,103.3,103.39,102.04,102.22,17017
2015-05-06,102.24,102.24,101.16,101.68,24180
2015-05-07,101.77,102.29,101.52,102.15,8120
2015-05-08,103.29,103.67,103.29,103.4,7454
2015-05-11,103.71,103.71,103.13,103.13,10096
2015-05-12,102.66,103.14,102.17,102.89,23758
2015-05-13,103.16,103.41,102.74,102.81,55323
2015-05-14,103.51,104.01,103.39,103.98,17754
2015-05-15,103.97,104.13,103.97,104.07,71021
2015-05-18,104.13,104.6,104.04,104.5,9695
2015-05-19,104.68,104.68,104.26,104.41,27572
2015-05-20,104.48,104.6,104.06,104.36,17954
2015-05-21,104.28,104.73,104.24,104.64,15813
2015-05-22,104.44,104.66,104.44,104.64,7414
2015-05-26,104.19,104.24,103.13,103.42,41543
2015-05-27,103.81,104.46,103.7,104.46,7673
2015-05-28,104.05,104.22,103.92,104.08,7897
2015-05-29,104.01,104.01,103.39,103.44,282085
2015-06-01,103.95,104.02,103.25,103.78,34170
2015-06-02,103.53,104.11,103.2,103.7,15775
2015-06-03,104.06,104.28,103.89,103.96,9730
2015-06-04,103.58,103.89,102.97,103.06,19827
2015-06-05,102.7,103.1,102.5,102.88,20865
2015-06-08,102.53,102.68,102.11,102.16,16231
2015-06-09,102.0,102.29,101.7,102.02,16497
2015-06-10,102.5,103.44,102.5,103.25,5622
2015-06-11,103.61,103.75,103.4,103.51,12074
2015-06-12,102.88,103.08,102.71,102.87,41530
2015-06-15,102.27,102.4,101.72,102.32,20543
2015-06-16,102.17,102.93,102.17,102.83,43725
2015-06-17,103.19,103.33,102.62,103.16,20164
2015-06-18,103.62,104.45,103.6,104.3,9072
2015-06-19,104.28,104.28,103.78,103.78,11491
2015-06-22,104.27,104.48,104.09,104.19,13886
2015-06-23,104.32,104.33,104.02,104.28,10020
2015-06-24,104.15,104.15,103.51,103.51,8754
2015-06-25,103.72,103.74,103.2,103.26,10120
2015-06-26,103.44,103.54,102.76,103.12,11191
2015-06-29,102.16,102.52,100.78,100.96,29134
2015-06-30,101.66,101.68,101.02,101.21,16657
2015-07-01,101.99,102.24,101.65,102.05,12190
2015-07-02,102.27,102.54,101.66,102.04,6653
2015-07-06,101.22,102.13,101.22,101.73,36088
2015-07-07,101.9,102.39,100.66,102.24,13514
2015-07-08,101.65,101.65,100.57,100.69,20722
2015-07-09,102.0,102.0,100.84,100.84,12623
2015-07-10,102.3,102.43,101.77,102.36,12641
2015-07-13,103.11,103.65,103.11,103.65,9743
2015-07-14,103.77,104.25,103.69,104.12,13496
2015-07-15,104.15,104.35,103.89,103.99,17494
2015-07-16,104.61,104.92,104.56,104.91,12636
2015-07-17,105.29,105.51,105.08,105.5,6713
2015-07-20,105.74,106.12,105.55,105.91,16586
2015-07-21,105.92,105.92,105.23,105.47,43477
2015-07-22,104.54,105.11,104.54,104.94,16428
2015-07-23,105.17,105.22,104.28,104.33,12078
2015-07-24,104.65,104.65,103.31,103.32,14269
2015-07-27,103.15,103.15,102.48,102.65,13619
2015-07-28,103.27,104.0,102.73,103.88,17559
2015-07-29,104.29,104.57,103.88,104.5,20037
2015-07-30,104.26,104.65,103.72,104.65,10737
2015-07-31,105.07,105.12,104.54,104.67,33231
2015-08-03,105.04,105.04,103.85,104.35,18982
2015-08-04,104.59,104.65,104.14,104.35,10708
2015-08-05,104.78,105.35,104.75,104.77,11580
2015-08-06,105.0,105.0,103.07,103.37,13463
2015-08-07,103.32,103.32,102.66,103.12,4618
2015-08-10,104.05,104.43,104.05,104.37,7664
2015-08-11,103.88,104.06,103.14,103.44,8739
2015-08-12,102.58,103.41,101.73,103.41,23864
2015-08-13,103.28,103.95,103.28,103.5,28490
2015-08-14,103.43,103.84,103.27,103.78,8401
2015-08-17,103.6,104.52,103.32,104.52,10839
2015-08-18,104.5,104.6,104.36,104.36,3704
2015-08-19,103.76,104.41,103.4,103.92,9810
2015-08-20,102.71,103.14,101.32,101.42,24723
2015-08-21,100.23,100.33,97.98,97.98,33417
2015-08-24,97.0,100.79,89.24,94.08,118530
2015-08-25,97.55,97.81,93.39,93.39,54025
2015-08-26,95.69,97.16,93.97,97.09,34813
2015-08-27,98.24,99.42,97.43,99.32,40363
2015-08-28,98.97,99.5,98.87,99.24,15703
2015-08-31,98.94,99.12,98.05,98.45,15611
2015-09-01,96.05,97.09,95.28,95.54,33780
2015-09-02,96.96,97.58,96.04,97.58,17822
2015-09-03,98.05,98.69,97.42,97.49,116612
2015-09-04,96.3,96.76,95.8,96.29,17829
2015-09-08,97.88,98.71,97.57,98.71,12175
2015-09-09,99.76,99.76,97.3,97.32,63312
2015-09-10,97.49,98.7,97.49,98.11,7712
2015-09-11,98.02,98.6,97.63,98.6,19129
2015-09-14,99.04,99.04,98.12,98.38,12165
2015-09-15,98.44,99.81,98.44,99.62,7817
2015-09-16,99.86,100.32,99.49,100.32,25984
2015-09-17,99.98,100.85,99.98,100.6,16114
2015-09-18,99.0,99.7,98.89,98.94,11275
2015-09-21,99.31,99.68,98.35,98.92,13143
2015-09-22,97.84,97.94,97.0,97.67,32682
2015-09-23,97.9,97.93,97.42,97.63,11649
2015-09-24,97.08,97.17,95.95,97.08,24567
2015-09-25,98.15,98.15,96.29,96.63,16503
2015-09-28,96.2,96.2,93.64,93.83,22975
2015-09-29,93.98,94.67,93.04,93.67,14606
2015-09-30,94.71,95.41,94.28,95.41,6457
2015-10-01,95.5,95.78,94.68,95.76,16224
2015-10-02,94.57,97.07,94.3,97.06,39645
2015-10-05,98.08,98.74,97.94,98.65,49067
2015-10-06,98.77,98.77,97.46,97.85,22169
2015-10-07,98.2,98.66,97.87,98.46,80735
2015-10-08,98.46,99.42,98.03,99.33,35829
2015-10-09,99.48,99.95,99.35,99.73,11758
2015-10-12,99.89,100.12,99.63,100.0,13468
2015-10-13,99.67,100.26,99.2,99.28,10802
2015-10-14,99.29,99.65,98.6,98.6,10729
2015-10-15,99.08,100.14,99.01,100.14,21839
2015-10-16,100.42,100.47,99.99,100.47,13704
2015-10-19,100.55,101.02,100.24,101.0,19014
2015-10-20,100.82,100.89,100.43,100.55,7688
2015-10-21,101.06,101.06,99.99,100.01,7640
2015-10-22,100.76,101.64,100.76,101.58,12257
2015-10-23,102.93,103.17,102.44,102.96,33121
2015-10-26,102.95,103.2,102.71,103.11,50386
2015-10-27,103.03,103.14,102.56,102.97,10562
2015-10-28,103.36,104.0,102.67,104.0,11207
2015-10-29,104.26,104.35,103.74,104.06,15056
2015-10-30,104.28,104.37,103.69,103.69,21375
2015-11-02,104.17,104.86,103.96,104.74,25758
2015-11-03,104.69,105.21,104.37,105.0,10105
2015-11-04,104.84,105.2,104.43,104.54,15827
2015-11-05,104.86,105.02,104.19,104.69,12410
2015-11-06,104.44,104.67,103.89,104.45,25424
2015-11-09,104.21,104.21,103.07,103.75,17729
2015-11-10,103.22,103.69,103.08,103.64,27482
2015-11-11,103.97,104.05,103.4,103.4,5641
2015-11-12,102.89,103.11,102.42,102.54,16428
2015-11-13,101.9,101.9,100.65,100.65,14494
2015-11-16,100.51,101.96,100.51,101.91,23980
2015-11-17,102.26,102.78,101.9,102.11,96958
2015-11-18,102.58,103.97,102.46,103.97,11836
2015-11-19,103.83,104.15,103.75,103.81,14163
2015-11-20,104.29,104.7,104.24,104.46,25110
2015-11-23,104.53,104.92,104.22,104.42,22913
2015-11-24,103.88,104.57,103.69,104.4,23859
2015-11-25,104.62,104.73,104.51,104.6,23319
2015-11-27,104.71,104.8,104.47,104.7,9948
2015-11-30,104.87,104.87,104.01,104.01,14401
2015-12-01,104.5,105.01,104.3,105.01,26123
2015-12-02,105.01,105.21,104.12,104.23,60685
2015-12-03,104.44,104.55,102.21,102.61,33057
2015-12-04,102.88,104.89,102.88,104.8,25625
2015-12-07,104.88,104.88,103.75,104.23,22982
2015-12-08,103.56,104.23,103.21,104.01,13670
2015-12-09,103.65,104.31,102.42,102.84,33314
2015-12-10,103.01,103.73,102.71,103.14,21025
2015-12-11,102.05,102.19,101.0,101.06,37485
2015-12-14,101.44,101.69,100.11,101.69,23381
2015-12-15,102.56,102.81,102.22,102.38,14231
2015-12-16,103.04,104.08,102.31,104.02,27833
2015-12-17,104.25,104.25,102.5,102.5,25986
2015-12-18,101.99,102.12,100.67,100.67,43202
2015-12-21,101.1,101.1,100.35,100.99,15226
2015-12-22,101.41,102.01,101.08,101.81,33714
2015-12-23,102.42,102.78,102.28,102.77,22824
2015-12-24,103.0,103.0,102.61,102.81,6550
2015-12-28,102.61,102.68,102.0,102.68,51019
2015-12-29,103.33,103.94,103.3,103.82,19762
2015-12-30,103.85,103.85,103.18,103.27,25264
2015-12-31,102.88,103.06,102.0,102.0,33215
2016-01-04,100.2,100.25,99.2,100.25,61680
2016-01-05,100.67,100.76,99.9,100.45,29488
2016-01-06,99.1,99.87,98.78,99.31,41650
2016-01-07,97.87,98.54,96.72,96.78,32674
2016-01-08,97.55,97.61,95.72,95.84,20795
2016-01-11,96.37,96.37,94.75,96.04,29911
2016-01-12,96.74,97.22,95.81,96.87,35749
2016-01-13,97.0,97.15,93.87,94.01,36905
2016-01-14,94.18,95.98,93.17,95.41,26893
2016-01-15,93.08,93.95,92.47,93.49,105731
2016-01-19,94.71,94.71,92.89,93.69,28872
2016-01-20,92.08,93.87,90.3,93.05,59110
2016-01-21,93.4,94.38,92.44,93.37,52397
2016-01-22,95.0,95.66,94.7,95.66,40740
2016-01-25,95.43,95.49,94.2,94.2,22345
2016-01-26,94.63,95.35,94.18,95.18,72401
2016-01-27,94.7,95.29,93.21,93.59,34106
2016-01-28,94.64,94.64,93.16,94.13,12618
2016-01-29,94.35,96.18,94.35,96.17,23487
2016-02-01,95.84,96.82,95.7,96.61,14377
2016-02-02,96.15,96.15,94.69,94.85,46598
2016-02-03,95.5,95.5,93.38,94.94,27763
2016-02-04,95.05,95.59,94.51,95.14,39724
2016-02-05,94.75,94.75,92.43,92.57,12785
2016-02-08,91.72,91.72,89.77,91.01,39704
2016-02-09,90.26,91.85,90.01,91.14,20486
2016-02-10,91.84,92.91,91.29,91.32,40610
2016-02-11,90.08,91.1,89.64,90.57,38128
2016-02-12,91.43,92.1,91.15,92.04,37079
2016-02-16,93.09,93.83,92.74,93.81,59150
2016-02-17,94.74,95.78,94.46,95.6,32495
2016-02-18,95.84,95.84,94.88,94.98,21773
2016-02-19,94.79,95.19,94.31,95.19,39716
2016-02-22,96.07,96.54,96.06,96.38,10620
2016-02-23,96.21,96.37,95.44,95.44,35641
2016-02-24,94.53,96.09,94.0,95.96,37233
2016-02-25,96.4,97.03,95.9,97.03,32493
2016-02-26,97.67,97.67,96.85,96.99,17904
2016-02-29,96.97,97.41,96.22,96.22,77510
2016-03-01,97.29,98.65,96.77,98.5,45350
2016-03-02,98.74,98.74,98.1,98.73,26663
2016-03-03,98.64,98.99,98.36,98.96,17870
2016-03-04,99.28,99.59,98.69,99.13,32269
2016-03-07,98.94,99.27,98.41,98.81,30731
2016-03-08,98.41,98.88,98.05,98.08,37583
2016-03-09,98.52,98.55,98.1,98.52,24447
2016-03-10,99.32,99.36,97.5,98.43,24941
2016-03-11,99.37,100.02,99.23,100.02,16836
2016-03-14,99.91,100.3,99.86,100.23,20787
2016-03-15,99.7,99.96,99.5,99.88,33615
2016-03-16,99.65,100.79,99.59,100.6,208664
2016-03-17,100.28,101.2,100.26,101.03,21406
2016-03-18,101.27,101.59,101.01,101.4,31960
2016-03-21,101.03,101.41,100.88,101.28,14956
2016-03-22,101.12,101.65,100.8,101.39,28372
2016-03-23,101.38,101.38,100.71,100.77,31402
2016-03-24,100.47,100.73,100.11,100.73,21626
2016-03-28,101.12,101.12,100.67,100.84,100296
2016-03-29,100.86,102.1,100.62,102.05,55686
2016-03-30,102.68,102.88,102.3,102.5,39612
2016-03-31,102.4,102.75,102.32,102.38,43102
2016-04-01,101.88,103.29,101.65,103.16,33393
2016-04-04,103.32,103.32,102.82,102.88,56269
2016-04-05,102.26,102.51,102.0,102.19,45542
2016-04-06,102.31,103.29,102.1,103.29,49739
2016-04-07,102.88,102.88,101.64,102.0,34491
2016-04-08,102.65,102.8,101.86,102.05,327023
2016-04-11,102.57,102.82,101.68,101.7,22437
2016-04-12,101.91,102.67,101.45,102.4,22955
2016-04-13,103.12,103.58,103.04,103.54,48830
2016-04-14,103.7,103.79,103.37,103.52,39881
2016-04-15,103.52,103.61,103.3,103.52,23794
2016-04-18,103.33,104.1,103.32,104.07,48113
2016-04-19,104.18,104.2,103.6,103.95,13075
2016-04-20,103.85,104.35,103.66,103.95,14863
2016-04-21,104.12,104.12,103.37,103.53,15339
2016-04-22,103.13,103.32,102.62,103.13,77981
2016-04-25,102.97,103.1,102.65,103.1,20172
2016-04-26,103.11,103.51,102.9,103.05,21648
2016-04-27,102.63,103.1,102.26,102.81,24094
2016-04-28,102.7,103.19,101.75,101.92,23106
2016-04-29,101.81,101.81,100.76,101.42,16482
2016-05-02,101.63,102.39,101.56,102.3,18225
2016-05-03,101.76,101.86,101.16,101.53,33704
2016-05-04,100.97,101.27,100.74,101.03,31609
2016-05-05,101.47,101.47,100.81,100.95,10787
2016-05-06,100.68,101.36,100.46,101.22,17748
2016-05-09,101.5,102.02,101.5,101.77,24470
2016-05-10,102.22,102.98,102.11,102.97,56867
2016-05-11,102.7,102.79,101.77,101.8,25755
2016-05-12,102.27,102.27,101.08,101.64,23247
2016-05-13,101.48,101.74,100.84,100.9,22529
2016-05-16,101.28,102.16,101.17,101.96,14884
2016-05-17,101.92,102.01,100.63,100.87,24815
2016-05-18,100.66,101.41,100.19,100.74,34992
2016-05-19,100.4,100.5,99.68,100.29,31180
2016-05-20,100.84,101.23,100.55,100.99,26991
2016-05-23,101.16,101.19,100.78,100.79,11542
2016-05-24,101.12,102.41,101.12,102.29,21435
2016-05-25,102.61,103.04,102.55,102.83,22650
2016-05-26,103.0,103.07,102.79,102.92,16510
2016-05-27,103.06,103.39,103.06,103.38,14417
2016-05-31,103.5,103.56,103.06,103.37,91245
2016-06-01,103.09,103.61,103.09,103.51,139180
2016-06-02,103.35,103.86,103.3,103.85,12188
2016-06-03,103.76,103.8,103.08,103.69,11421
2016-06-06,103.81,104.19,103.73,104.05,21569
2016-06-07,104.14,104.41,104.07,104.1,20701
2016-06-08,104.13,104.52,104.1,104.4,15077
2016-06-09,104.15,104.35,103.95,104.28,23614
2016-06-10,103.47,103.57,103.05,103.29,12769
2016-06-13,103.01,103.32,102.59,102.69,12946
2016-06-14,102.36,102.36,101.75,102.34,14982
2016-06-15,102.56,102.98,102.21,102.21,10555
2016-06-16,101.87,102.57,101.31,102.55,20096
2016-06-17,102.53,102.53,101.56,101.89,31275
2016-06-20,102.84,103.34,102.67,102.69,13682
2016-06-21,102.49,102.49,102.15,102.34,16610
2016-06-22,102.48,102.85,102.08,102.08,20072
2016-06-23,103.03,103.17,102.64,103.17,31625
2016-06-24,99.58,101.36,99.58,99.77,36965
2016-06-27,99.08,99.08,97.57,98.06,72064
2016-06-28,99.12,99.78,98.92,99.76,153844
2016-06-29,100.66,101.54,100.59,101.43,25025
2016-06-30,101.67,102.5,101.44,102.37,27837
2016-07-01,102.71,103.33,102.71,103.03,25450
2016-07-05,102.54,102.66,102.18,102.52,18091
2016-07-06,102.17,103.16,102.07,103.16,30284
2016-07-07,103.25,103.62,102.94,103.32,24933
2016-07-08,103.98,104.93,103.89,104.88,41052
2016-07-11,105.2,105.55,105.18,105.27,33286
2016-07-12,105.78,105.97,105.65,105.81,20523
2016-07-13,106.06,106.06,105.57,105.72,18695
2016-07-14,106.3,106.4,105.96,106.22,19107
2016-07-15,106.85,106.85,105.84,106.05,149835
2016-07-18,106.1,106.44,106.07,106.32,46449
2016-07-19,106.19,106.27,106.0,106.17,8149
2016-07-20,106.54,107.11,106.54,107.01,22176
2016-07-21,106.95,107.0,106.26,106.6,135387
2016-07-22,106.54,107.07,106.43,107.05,40677
2016-07-25,107.07,107.07,106.56,106.91,16797
2016-07-26,106.87,107.1,106.4,106.79,14945
2016-07-27,107.28,107.28,106.63,106.97,22381
2016-07-28,107.02,107.36,106.78,107.36,20018
2016-07-29,107.27,107.65,107.19,107.46,21933
2016-08-01,107.47,108.01,107.47,107.69,16607
2016-08-02,107.69,107.69,106.56,106.97,31582
2016-08-03,106.93,107.15,106.93,107.14,87741
2016-08-04,107.21,107.46,107.05,107.39,19187
2016-08-05,107.66,108.04,107.55,107.91,36776
2016-08-08,108.16,108.16,107.55,107.71,11112
2016-08-09,107.71,108.18,107.71,107.94,19470
2016-08-10,107.94,107.97,107.55,107.71,20142
2016-08-11,108.15,108.35,107.99,108.25,23497
2016-08-12,108.22,108.23,107.9,108.09,43193
2016-08-15,108.38,108.65,108.37,108.47,27895
2016-08-16,108.32,108.32,107.68,107.68,20684
2016-08-17,107.72,107.82,107.19,107.79,18007
2016-08-18,107.83,107.97,107.68,107.87,27720
2016-08-19,107.79,107.93,107.47,107.89,23342
2016-08-22,107.86,108.11,107.69,107.97,18171
2016-08-23,108.37,108.49,108.23,108.25,17472
2016-08-24,108.27,108.27,107.4,107.5,15656
2016-08-25,107.38,107.67,107.1,107.27,13178
2016-08-26,107.43,108.0,106.76,107.13,17434
2016-08-29,107.29,107.72,107.29,107.54,42872
2016-08-30,107.47,107.48,106.9,107.17,54300
2016-08-31,107.09,107.09,106.64,106.96,13133
2016-09-01,106.88,107.13,106.5,107.11,30581
2016-09-02,107.46,107.7,107.21,107.53,40968
2016-09-06,107.71,107.86,107.38,107.86,13748
2016-09-07,107.85,107.92,107.55,107.84,15847
2016-09-08,107.53,107.59,107.18,107.33,19717
2016-09-09,106.73,106.73,104.73,104.73,65978
2016-09-12,104.32,106.25,104.32,106.19,29494
2016-09-13,105.67,105.67,104.71,104.96,12373
2016-09-14,105.09,105.53,104.9,105.13,18697
2016-09-15,105.24,106.46,105.12,106.36,27915
2016-09-16,106.18,106.18,105.73,106.04,19842
2016-09-19,106.47,106.61,105.87,105.94,10405
2016-09-20,106.07,106.07,105.6,105.73,18091
2016-09-21,106.06,106.75,105.47,106.75,23138
2016-09-22,107.23,107.59,107.2,107.5,13605
2016-09-23,107.25,107.29,106.88,106.88,28440
2016-09-26,106.57,106.57,106.09,106.09,16736
2016-09-27,106.15,106.95,105.99,106.95,22863
2016-09-28,107.09,107.14,106.53,107.06,34766
2016-09-29,107.12,107.12,106.06,106.16,23053
2016-09-30,106.6,107.12,106.46,106.82,29589
2016-10-03,106.61,106.68,106.24,106.59,9526
2016-10-04,106.8,106.83,105.87,106.12,73148
2016-10-05,106.45,106.58,106.31,106.34,42709
2016-10-06,106.17,106.53,105.96,106.4,37885
2016-10-07,106.46,106.5,105.49,105.94,10786
2016-10-10,106.35,106.65,106.35,106.39,17358
2016-10-11,106.25,106.25,104.69,105.06,12111
2016-10-12,105.16,105.48,104.95,105.3,13201
2016-10-13,104.64,105.22,104.09,104.89,32976
2016-10-14,105.31,105.66,104.94,104.94,19701
2016-10-17,104.97,105.0,104.55,104.55,20327
2016-10-18,105.59,105.66,105.28,105.35,17114
2016-10-19,105.31,105.67,105.26,105.54,29161
2016-10-20,105.44,105.53,104.98,105.45,10000
2016-10-21,105.27,105.73,105.2,105.7,17982
2016-10-24,106.33,106.53,106.33,106.47,26108
2016-10-25,106.52,106.52,105.73,105.77,13056
2016-10-26,105.31,105.6,105.11,105.28,18551
2016-10-27,105.66,105.66,104.71,104.81,25435
2016-10-28,104.54,105.06,104.13,104.33,44505
2016-10-31,104.58,104.59,104.29,104.33,14633
2016-11-01,104.26,104.26,102.93,103.57,107227
2016-11-02,103.37,103.67,102.87,102.91,18814
2016-11-03,102.9,103.02,102.12,102.22,32750
2016-11-04,102.22,102.85,102.18,102.18,27093
2016-11-07,103.64,104.56,103.64,104.56,65472
2016-11-08,104.11,105.29,104.11,105.17,16556
2016-11-09,103.91,105.91,103.69,105.74,30911
2016-11-10,106.39,106.39,104.75,105.2,31765
2016-11-11,105.06,105.37,104.75,105.18,37416
2016-11-14,105.63,105.63,104.5,104.76,24168
2016-11-15,105.1,105.66,105.1,105.56,24560
2016-11-16,105.25,105.91,105.25,105.89,37803
2016-11-17,106.14,106.65,106.07,106.64,229678
2016-11-18,106.76,106.76,106.24,106.24,20104
2016-11-21,106.44,107.16,106.44,107.16,28340
2016-11-22,107.31,107.45,107.12,107.45,36854
2016-11-23,106.96,107.36,106.94,107.35,34386
2016-11-25,107.62,107.72,107.53,107.72,6746
2016-11-28,107.48,107.6,107.23,107.3,63464
2016-11-29,107.45,107.9,107.23,107.62,23809
2016-11-30,107.82,107.82,106.66,106.66,17466
2016-12-01,106.72,106.72,105.42,105.63,34367
2016-12-02,105.6,106.03,105.48,105.73,37498
2016-12-05,106.3,106.64,106.09,106.43,16321
2016-12-06,106.72,106.78,106.37,106.77,31072
2016-12-07,106.66,108.15,106.42,108.03,122556
2016-12-08,108.14,108.44,107.96,108.27,35173
2016-12-09,108.67,108.92,108.5,108.92,87069
2016-12-12,108.84,108.84,108.3,108.53,25734
2016-12-13,108.92,109.71,108.92,109.36,21420
2016-12-14,109.21,109.21,108.32,108.32,22276
2016-12-15,108.62,109.11,108.49,108.62,30496
2016-12-16,108.95,108.99,108.32,108.39,45791
2016-12-19,108.66,109.21,108.57,108.75,107755
2016-12-20,109.1,109.18,108.92,109.07,50134
2016-12-21,109.1,109.1,108.83,108.89,29731
2016-12-22,108.85,108.85,108.28,108.5,129870
2016-12-23,108.48,108.69,108.43,108.69,68833
2016-12-27,108.77,109.39,108.77,109.01,30831
2016-12-28,109.21,109.21,108.13,108.13,27817
2016-12-29,108.44,108.44,108.0,108.2,19111
2016-12-30,108.31,108.37,107.24,107.53,27718
2017-01-03,108.26,108.57,107.84,108.29,84026
2017-01-04,108.62,109.29,108.62,109.23,29329
2017-01-05,109.25,109.46,109.08,109.42,26709
2017-01-06,109.62,110.3,109.31,110.02,75328
2017-01-09,110.18,110.2,109.99,110.07,30746
2017-01-10,110.2,110.48,109.87,110.13,48216
2017-01-11,110.19,110.31,109.55,110.3,55145
2017-01-12,109.87,110.18,109.31,110.13,61346
2017-01-13,110.3,110.53,110.3,110.41,10783
2017-01-17,110.21,110.37,109.94,110.27,28924
2017-01-18,110.3,110.52,110.22,110.44,25706
2017-01-19,110.46,110.64,109.9,110.16,67347
2017-01-20,110.36,110.61,110.11,110.29,36786
2017-01-23,110.3,110.44,109.87,110.42,17148
2017-01-24,110.53,111.16,110.42,111.01,30644
2017-01-25,111.44,111.91,111.44,111.82,27808
2017-01-26,111.95,112.01,111.68,111.76,55916
2017-01-27,111.89,111.89,111.63,111.77,80839
2017-01-30,111.39,111.39,110.57,111.16,34717
2017-01-31,110.83,111.13,110.55,111.13,68157
2017-02-01,111.58,111.67,110.96,111.4,35960
2017-02-02,111.27,111.6,111.01,111.34,27577
2017-02-03,111.52,112.01,111.52,111.97,51479
2017-02-06,111.8,111.92,111.67,111.87,32177
2017-02-07,112.0,112.38,112.0,112.12,42517
2017-02-08,112.11,112.48,111.98,112.45,29512
2017-02-09,112.54,113.18,112.44,113.05,28344
2017-02-10,113.2,113.52,113.19,113.38,32586
2017-02-13,113.74,114.06,113.74,113.85,35002
2017-02-14,113.92,114.3,113.69,114.28,75441
2017-02-15,114.29,115.02,114.28,114.96,32556
2017-02-16,114.91,115.02,114.51,114.83,24630
2017-02-17,114.55,115.12,114.55,115.12,517831
2017-02-21,115.44,115.76,115.29,115.68,51362
2017-02-22,115.49,115.79,115.49,115.66,18717
2017-02-23,115.97,115.97,115.23,115.46,25505
2017-02-24,115.07,115.85,115.07,115.84,36455
2017-02-27,115.9,116.14,115.64,116.08,37930
2017-02-28,116.02,116.02,115.51,115.67,52664
2017-03-01,116.43,117.22,116.43,117.04,24555
2017-03-02,117.1,117.1,116.46,116.54,44741
2017-03-03,116.39,116.66,116.16,116.66,241822
2017-03-06,116.36,116.43,115.96,116.3,67969
2017-03-07,116.08,116.34,115.83,115.93,30300
2017-03-08,116.12,116.45,116.05,116.15,49039
2017-03-09,116.18,116.35,115.72,116.1,23606
2017-03-10,116.69,116.75,116.16,116.6,46775
2017-03-13,116.62,116.8,116.49,116.8,22629
2017-03-14,116.5,116.5,116.19,116.45,47888
2017-03-15,116.67,117.59,116.56,117.3,37978
2017-03-16,117.54,117.54,116.94,117.18,23563
2017-03-17,117.28,117.48,117.12,117.16,44577
2017-03-20,117.31,117.31,116.91,117.13,20563
2017-03-21,117.5,117.52,115.67,115.76,27449
2017-03-22,115.4,115.87,115.14,115.8,70970
2017-03-23,115.66,116.09,115.45,115.6,30928
2017-03-24,116.06,116.1,115.24,115.65,37481
2017-03-27,114.82,115.77,114.57,115.63,35160
2017-03-28,115.59,116.54,115.43,116.34,54316
2017-03-29,116.33,116.66,116.1,116.65,61603
2017-03-30,116.64,116.86,116.49,116.77,25430
2017-03-31,116.68,116.93,116.53,116.7,100521
2017-04-03,116.79,116.82,115.95,116.47,43214
2017-04-04,116.24,116.45,116.11,116.34,36448
2017-04-05,116.68,117.3,116.02,116.03,24114
2017-04-06,116.21,116.48,116.0,116.34,23453
2017-04-07,116.29,116.55,116.0,116.29,24216
2017-04-10,116.47,116.67,116.16,116.4,17065
2017-04-11,116.25,116.36,115.61,116.25,22289
2017-04-12,116.23,116.23,115.68,115.84,19388
2017-04-13,115.64,116.1,115.32,115.32,60542
2017-04-17,115.56,116.27,115.56,116.27,87215
2017-04-18,115.97,116.27,115.74,116.12,43246
2017-04-19,116.44,116.66,116.07,116.16,23019
2017-04-20,116.5,117.3,116.37,117.11,69373
2017-04-21,117.03,117.18,116.75,116.92,35264
2017-04-24,118.06,118.24,117.87,118.08,22005
2017-04-25,118.5,119.0,118.34,118.82,20790
2017-04-26,118.99,119.17,118.82,118.87,21121
2017-04-27,119.11,119.39,119.03,119.31,37026
2017-04-28,119.72,119.72,119.12,119.3,27765
2017-05-01,119.59,119.94,119.46,119.74,42843
2017-05-02,119.92,119.96,119.65,119.91,25168
2017-05-03,119.79,119.79,119.23,119.53,24112
2017-05-04,119.58,119.85,119.45,119.79,37870
2017-05-05,120.04,120.31,119.81,120.31,15377
2017-05-08,120.42,120.42,119.98,120.33,15602
2017-05-09,120.49,120.66,120.32,120.49,32721
2017-05-10,120.49,120.57,120.17,120.52,33693
2017-05-11,120.3,120.38,119.71,120.33,21711
2017-05-12,120.41,120.41,120.26,120.35,21850
2017-05-15,120.45,120.89,120.45,120.84,29191
2017-05-16,121.05,121.05,120.62,120.87,32888
2017-05-17,119.88,120.05,118.6,118.6,32982
2017-05-18,118.56,119.6,118.56,119.27,62987
2017-05-19,119.65,120.25,119.57,119.93,37859
2017-05-22,120.24,120.79,120.24,120.68,22851
2017-05-23,121.0,121.0,120.66,120.73,20961
2017-05-24,120.79,121.33,120.79,121.3,20372
2017-05-25,121.68,122.38,121.54,122.18,114816
2017-05-26,122.14,122.33,122.1,122.24,152218
2017-05-30,122.21,122.35,122.01,122.3,20015
2017-05-31,122.55,122.55,121.94,122.37,35588
2017-06-01,122.72,123.28,122.5,123.28,26843
2017-06-02,123.58,124.23,123.46,124.1,47992
2017-06-05,124.14,124.16,123.98,124.0,45580
2017-06-06,123.66,123.99,123.48,123.56,298377
2017-06-07,123.83,123.97,123.46,123.89,24891
2017-06-08,124.06,124.06,123.4,123.78,40170
2017-06-09,123.86,124.11,121.52,122.56,22862
2017-06-12,122.1,122.15,121.33,122.15,19265
2017-06-13,122.64,123.05,122.59,123.03,33828
2017-06-14,123.33,123.43,122.47,123.03,67775
2017-06-15,122.12,122.73,121.85,122.66,36056
2017-06-16,122.73,122.73,122.07,122.42,29017
2017-06-19,123.01,123.87,123.01,123.83,32126
2017-06-20,123.72,123.76,123.05,123.08,42356
2017-06-21,123.37,123.53,123.23,123.5,31271
2017-06-22,123.54,123.94,123.29,123.55,70795
2017-06-23,123.56,123.97,123.27,123.88,28134
2017-06-26,124.53,124.53,123.51,123.62,21257
2017-06-27,123.43,123.43,122.15,122.16,26870
2017-06-28,122.27,123.01,121.84,122.96,19352
2017-06-29,122.78,122.78,120.68,121.38,115753
2017-06-30,121.68,122.05,121.55,121.62,121604
2017-07-03,122.13,122.13,121.24,121.24,18299
2017-07-05,121.5,121.89,121.1,121.81,42772
2017-07-06,121.28,121.28,120.63,120.8,22113
2017-07-07,121.02,122.08,121.02,121.9,37948
2017-07-10,121.93,122.44,121.83,122.3,23842
2017-07-11,122.27,122.49,121.91,122.32,32856
2017-07-12,123.08,123.64,123.08,123.53,17361
2017-07-13,123.69,123.88,123.48,123.71,45442
2017-07-14,124.05,124.59,123.92,124.41,30424
2017-07-17,124.54,124.58,124.36,124.45,76805
2017-07-18,124.36,124.8,124.09,124.8,55761
2017-07-19,125.11,125.5,125.07,125.44,26660
2017-07-20,125.82,125.82,125.14,125.54,127952
2017-07-21,125.41,125.57,125.19,125.51,33705
2017-07-24,125.71,125.86,125.38,125.81,44203
2017-07-25,125.96,125.96,125.56,125.76,22662
2017-07-26,126.05,126.05,125.86,125.95,16562
2017-07-27,126.53,126.53,124.52,125.47,40600
2017-07-28,125.15,125.27,124.89,125.25,18210
2017-07-31,125.65,125.65,124.8,124.83,21531
2017-08-01,125.32,125.32,124.91,125.06,60797
