Date,Open,High,Low,Close,Volume
2013-01-18,19.0,19.28,18.0,18.25,15252343
2013-01-22,18.25,19.05,18.2,18.95,1816760
2013-01-23,19.01,19.13,18.8,19.12,567850
2013-01-24,19.15,19.4,18.81,18.95,1024270
2013-01-25,19.0,19.37,18.71,19.19,442947
2013-01-28,19.25,20.0,19.2,19.81,677051
2013-01-29,19.75,20.0,19.5,19.85,257019
2013-01-30,19.85,20.37,19.7,19.8,388714
2013-01-31,19.53,19.97,19.53,19.87,120780
2013-02-01,19.94,19.98,19.75,19.88,190323
2013-02-04,19.75,19.75,19.35,19.63,197586
2013-02-05,19.4,19.89,19.35,19.74,271604
2013-02-06,19.66,20.2,19.66,19.78,352795
2013-02-07,19.72,20.14,19.66,20.0,650882
2013-02-08,19.83,20.5,19.8,20.47,728602
2013-02-11,20.42,20.69,20.2,20.55,252138
2013-02-12,20.83,20.89,20.0,20.24,251048
2013-02-13,20.57,20.9,20.3,20.43,334626
2013-02-14,20.4,20.58,20.35,20.4,209990
2013-02-15,20.49,20.82,20.31,20.44,213227
2013-02-19,20.36,21.08,20.36,20.8,891591
2013-02-20,20.7,21.0,20.54,20.71,226303
2013-02-21,20.41,20.74,20.05,20.58,475491
2013-02-22,20.59,20.74,20.08,20.23,200314
2013-02-25,20.25,20.54,19.75,19.97,325773
2013-02-26,20.1,20.1,19.71,19.94,206019
2013-02-27,19.84,20.0,19.63,19.74,335465
2013-02-28,19.75,19.85,19.6,19.74,175358
2013-03-01,19.71,19.94,19.6,19.9,268361
2013-03-04,19.95,20.03,19.75,20.01,198748
2013-03-05,20.0,20.23,19.9,20.07,40349
2013-03-06,20.02,20.14,19.81,20.1,114831
2013-03-07,20.07,20.29,19.91,20.22,33634
2013-03-08,20.3,20.4,20.15,20.36,62354
2013-03-11,20.36,20.36,20.1,20.36,29943
2013-03-12,20.28,20.55,20.18,20.55,133909
2013-03-13,20.54,20.54,20.33,20.5,41316
2013-03-14,20.48,20.57,20.4,20.57,66073
2013-03-15,20.42,20.57,20.42,20.49,56368
2013-03-18,20.3,20.68,20.21,20.45,125970
2013-03-19,20.41,20.49,20.33,20.46,101789
2013-03-20,20.51,20.55,20.37,20.51,22493
2013-03-21,20.51,20.89,20.45,20.68,140590
2013-03-22,20.69,20.91,20.64,20.74,31814
2013-03-25,20.69,20.89,20.65,20.71,62270
2013-03-26,20.79,20.79,20.59,20.66,19215
2013-03-27,20.53,20.91,20.53,20.83,61735
2013-03-28,20.73,21.0,20.68,20.9,31515
2013-04-01,20.94,21.04,20.82,20.82,26499
2013-04-02,20.83,21.02,20.76,21.0,20928
2013-04-03,20.88,21.06,20.44,20.7,303304
2013-04-04,20.64,20.75,20.5,20.7,19319
2013-04-05,20.49,20.7,20.35,20.7,69812
2013-04-08,20.65,20.9,20.57,20.75,32565
2013-04-09,20.8,20.81,20.65,20.76,20758
2013-04-10,20.69,20.98,20.66,20.73,32691
2013-04-11,20.76,20.93,20.7,20.76,9165
2013-04-12,20.66,20.78,20.65,20.69,98152
2013-04-15,20.48,20.7,20.41,20.58,97935
2013-04-16,20.64,20.7,20.5,20.5,135311
2013-04-17,20.5,20.63,20.5,20.53,86435
2013-04-18,20.5,20.6,20.02,20.6,79266
2013-04-19,20.6,20.6,20.29,20.55,126394
2013-04-22,20.54,20.6,20.21,20.53,51729
2013-04-23,20.55,20.71,20.4,20.55,42569
2013-04-24,20.45,20.61,20.32,20.34,100893
2013-04-25,20.46,21.08,20.25,20.91,169413
2013-04-26,20.9,21.01,20.62,20.71,60978
2013-04-29,20.7,21.26,20.52,21.25,120880
2013-04-30,21.29,21.33,21.17,21.28,76606
2013-05-01,21.33,21.54,21.13,21.48,63901
2013-05-02,21.41,22.5,21.24,22.11,121732
2013-05-03,22.14,22.37,22.01,22.03,30566
2013-05-06,22.05,22.05,21.61,21.81,138314
2013-05-07,21.77,22.29,21.73,22.13,65767
2013-05-08,22.15,22.15,21.86,22.1,63632
2013-05-09,22.02,22.1,21.8,22.01,67430
2013-05-10,22.01,22.36,21.51,22.03,54657
2013-05-13,21.82,22.32,21.82,22.23,21082
2013-05-14,22.11,22.27,21.96,22.09,34845
2013-05-15,22.0,22.12,21.71,21.76,40799
2013-05-16,21.71,21.82,21.4,21.55,75612
2013-05-17,21.58,22.25,21.44,21.68,51254
2013-05-20,21.68,21.68,21.45,21.56,38243
2013-05-21,21.7,22.26,21.63,21.82,49659
2013-05-22,21.84,21.89,21.55,21.85,63167
2013-05-23,21.74,21.87,20.83,21.87,62190
2013-05-24,21.71,21.74,21.58,21.69,16109
2013-05-28,21.78,22.2,21.76,22.1,139495
2013-05-29,21.92,22.22,21.18,21.58,57235
2013-05-30,21.32,21.75,21.3,21.73,108255
2013-05-31,21.81,21.96,21.3,21.3,35193
2013-06-03,21.8,21.8,21.4,21.64,56200
2013-06-04,21.62,22.46,21.5,22.46,201594
2013-06-05,22.2,22.67,22.16,22.3,207075
2013-06-06,22.3,22.64,22.17,22.64,20218
2013-06-07,22.65,22.7,22.36,22.63,38798
2013-06-10,22.64,23.53,22.57,22.64,133235
2013-06-11,22.65,22.7,22.27,22.58,9689
2013-06-12,22.49,22.82,22.19,22.54,9692
2013-06-13,21.91,22.81,21.76,22.65,61550
2013-06-14,22.36,22.83,22.11,22.83,9970
2013-06-17,23.0,23.57,22.8,23.14,28223
2013-06-18,22.96,23.05,22.68,23.0,22340
2013-06-19,22.88,23.21,22.66,22.76,249623
2013-06-20,22.8,23.09,22.4,22.5,13780
2013-06-21,22.51,22.67,22.0,22.12,20600
2013-06-24,21.82,21.85,21.02,21.46,90603
2013-06-25,21.32,21.86,21.32,21.74,27289
2013-06-26,21.85,22.56,21.85,22.43,140045
2013-06-27,22.56,22.56,21.74,21.96,72873
2013-06-28,21.81,22.35,21.81,22.1,6585
2013-07-01,22.1,22.32,22.1,22.32,2850
2013-07-02,22.14,22.6,21.92,21.92,5053
2013-07-03,22.23,22.23,21.5,21.5,21370
2013-07-05,21.44,22.05,21.44,21.75,12124
2013-07-08,21.98,22.23,21.59,21.89,20259
2013-07-09,21.67,22.1,21.67,22.1,8800
2013-07-10,22.17,22.42,21.9,22.17,8622
2013-07-11,22.29,22.3,21.84,22.01,20234
2013-07-12,21.95,21.95,21.75,21.75,3650
2013-07-15,21.75,22.15,21.75,22.0,128328
2013-07-16,22.08,22.08,21.85,21.99,44994
2013-07-17,22.0,22.1,21.94,22.1,46592
2013-07-18,22.23,22.34,21.9,22.01,23623
2013-07-19,21.95,22.35,21.95,22.35,3706
2013-07-22,22.25,22.31,22.15,22.31,33906
2013-07-23,22.33,24.7,22.15,22.91,57882
2013-07-24,23.07,23.49,22.76,22.91,24882
2013-07-25,22.99,23.19,22.82,23.15,32698
2013-07-26,23.17,23.7,23.03,23.45,25907
2013-07-29,23.5,23.5,22.1,23.22,28227
2013-07-30,23.45,24.43,23.05,24.43,17452
2013-07-31,24.57,25.0,23.85,24.8,32168
2013-08-01,25.0,25.0,23.64,24.31,18884
2013-08-02,24.22,24.22,23.31,23.31,67131
2013-08-05,23.28,23.66,23.27,23.59,9122
2013-08-06,23.33,23.54,23.32,23.43,8575
2013-08-07,23.24,23.8,23.0,23.38,570157
2013-08-08,23.55,23.93,23.31,23.69,20259
2013-08-09,23.7,24.74,23.55,24.58,53789
2013-08-12,24.68,24.73,23.74,24.08,27975
2013-08-13,23.68,24.49,23.46,23.95,17298
2013-08-14,23.81,23.99,23.5,23.9,17048
2013-08-15,23.93,23.99,23.28,23.6,15014
2013-08-16,23.71,24.22,23.65,23.71,18997
2013-08-19,23.56,23.97,23.33,23.69,6571
2013-08-20,23.83,23.83,23.05,23.49,4667
2013-08-21,23.29,23.74,23.27,23.72,6511
2013-08-22,23.7,23.82,23.45,23.5,14200
2013-08-23,23.56,23.91,23.4,23.66,38381
2013-08-26,23.66,23.7,23.3,23.49,32137
2013-08-27,23.44,23.5,23.3,23.49,2100
2013-08-28,23.32,23.5,23.17,23.33,39898
2013-08-29,23.4,23.5,23.01,23.2,51517
2013-08-30,23.12,23.3,23.0,23.02,8986
2013-09-03,23.23,23.61,23.09,23.3,15979
2013-09-04,23.34,23.34,22.74,23.3,59164
2013-09-05,23.16,23.26,23.0,23.25,1265
2013-09-06,23.19,23.3,23.15,23.15,8200
2013-09-09,23.16,23.82,23.16,23.61,32726
2013-09-10,23.5,23.55,23.25,23.38,49515
2013-09-11,23.41,23.75,23.21,23.4,132069
2013-09-12,23.69,23.79,23.05,23.4,94926
2013-09-13,23.38,23.98,23.38,23.98,46534
2013-09-16,24.06,24.6,23.31,23.54,22552
2013-09-17,23.72,24.2,23.26,24.0,19584
2013-09-18,24.12,24.41,23.7,23.71,11959
2013-09-19,23.91,24.19,23.24,23.56,132773
2013-09-20,23.84,23.98,23.28,23.72,14400
2013-09-23,23.8,23.82,23.58,23.71,3803
2013-09-24,23.95,23.95,23.36,23.44,5188
2013-09-25,23.87,23.87,23.19,23.5,14685
2013-09-26,23.39,23.6,23.39,23.58,6459
2013-09-27,23.48,23.98,23.48,23.89,8956
2013-09-30,23.63,23.97,23.56,23.8,6289
2013-10-01,23.89,24.45,23.69,23.72,20735
2013-10-02,23.91,24.29,23.83,24.24,3712
2013-10-03,24.06,24.44,23.81,24.01,64290
2013-10-04,24.01,24.45,23.87,24.3,21516
2013-10-07,24.08,24.58,24.07,24.48,13893
2013-10-08,24.5,24.75,24.37,24.56,60641
2013-10-09,24.61,25.04,24.2,24.75,414533
2013-10-10,24.97,25.04,24.25,24.66,105848
2013-10-11,24.6,25.0,24.32,24.73,22274
2013-10-14,24.52,25.0,24.35,24.5,31034
2013-10-15,24.62,24.65,24.5,24.5,2870
2013-10-16,24.32,24.6,24.24,24.55,233528
2013-10-17,24.61,24.69,24.5,24.55,18330
2013-10-18,24.62,24.7,24.34,24.55,14554
2013-10-21,24.69,24.92,24.61,24.87,134148
2013-10-22,24.99,25.25,24.78,25.09,20347
2013-10-23,25.14,25.19,24.79,25.19,9003
2013-10-24,25.2,25.98,24.86,25.85,32272
2013-10-25,25.56,26.0,25.25,26.0,17499
2013-10-28,25.76,28.2,25.76,27.02,133674
2013-10-29,27.28,27.83,26.35,27.23,54865
2013-10-30,27.29,27.5,26.91,27.03,132147
2013-10-31,27.5,27.5,25.65,26.08,32238
2013-11-01,25.95,26.44,25.46,25.6,23778
2013-11-04,25.61,26.25,25.3,25.84,30998
2013-11-05,25.79,27.49,25.79,27.48,97903
2013-11-06,27.3,27.8,27.0,27.64,64617
2013-11-07,27.51,27.71,26.84,27.29,394968
2013-11-08,27.14,27.44,26.99,27.19,42376
2013-11-11,27.44,27.48,27.0,27.09,52447
2013-11-12,27.28,27.5,27.14,27.3,27358
2013-11-13,27.38,27.38,26.63,26.99,33777
2013-11-14,27.19,27.19,27.05,27.17,10065
2013-11-15,27.0,27.15,27.0,27.01,6500
2013-11-18,26.99,27.06,26.82,26.86,7608
2013-11-19,26.98,27.2,26.85,26.94,14325
2013-11-20,27.16,27.19,26.82,27.0,25128
2013-11-21,27.0,27.15,26.82,27.11,6983
2013-11-22,27.05,27.07,26.83,26.98,6698
2013-11-25,26.98,26.99,26.66,26.79,11075
2013-11-26,26.9,27.2,26.75,27.2,15272
2013-11-27,27.11,27.2,26.91,27.16,4978
2013-11-29,27.06,27.29,26.48,26.98,4609
2013-12-02,26.56,27.0,26.07,26.91,46188
2013-12-03,26.85,27.22,26.79,27.17,92626
2013-12-04,27.0,27.16,26.66,26.66,19472
2013-12-05,26.26,26.56,26.12,26.32,16080
2013-12-06,26.33,26.75,26.15,26.4,41503
2013-12-09,26.63,27.19,26.1,26.82,33277
2013-12-10,26.89,27.16,26.5,26.9,8909
2013-12-11,26.41,27.0,26.33,26.33,12269
2013-12-12,26.33,26.77,26.33,26.71,10464
2013-12-13,26.83,27.2,26.83,27.09,13011
2013-12-16,27.19,27.5,26.89,27.0,27923
2013-12-17,26.85,27.45,26.44,27.21,24964
2013-12-18,27.14,27.19,26.71,26.94,32563
2013-12-19,27.0,27.32,26.62,26.8,19241
2013-12-20,26.92,27.17,26.89,27.0,32487
2013-12-23,27.0,27.2,26.82,27.0,18445
2013-12-24,27.0,27.15,26.82,27.0,7680
2013-12-26,27.18,27.19,26.75,26.75,18676
2013-12-27,26.75,26.99,26.53,26.75,16208
2013-12-30,26.71,26.75,26.66,26.66,3572
2013-12-31,26.72,27.3,26.66,27.1,11544
2014-01-02,27.2,27.28,26.82,27.28,9934
2014-01-03,27.2,27.2,26.67,26.85,13100
2014-01-06,27.11,27.11,26.76,26.83,13322
2014-01-07,26.82,27.04,26.8,26.8,7487
2014-01-08,26.93,27.12,26.79,26.81,6626
2014-01-09,26.96,27.0,26.8,27.0,7324
2014-01-10,26.87,26.97,26.75,26.86,4242
2014-01-13,26.88,26.96,26.75,26.76,2769
2014-01-14,26.75,26.75,26.5,26.63,15766
2014-01-15,26.63,26.97,26.63,26.96,10124
2014-01-16,26.88,27.05,26.83,26.99,37753
2014-01-17,26.8,27.34,26.8,27.2,29328
2014-01-21,27.44,27.47,26.87,27.17,67954
2014-01-22,27.16,27.59,27.14,27.4,23675
2014-01-23,27.53,27.8,27.14,27.41,37525
2014-01-24,27.41,27.65,27.03,27.21,4896
2014-01-27,26.57,27.34,26.05,26.5,97042
2014-01-28,26.75,27.05,26.75,26.89,24132
2014-01-29,27.12,27.4,27.0,27.0,38525
2014-01-30,26.96,29.92,26.96,28.64,73670
2014-01-31,29.75,29.75,28.76,28.88,57480
2014-02-03,29.0,29.0,28.8,28.96,48610
2014-02-04,29.0,29.0,28.83,29.0,28542
2014-02-05,29.0,29.19,28.57,28.58,26699
2014-02-06,28.75,29.49,28.21,29.35,30788
2014-02-07,29.5,30.1,29.3,29.4,683945
2014-02-10,29.6,29.89,29.1,29.15,33181
2014-02-11,29.1,30.45,29.06,30.38,148194
2014-02-12,30.17,30.81,30.17,30.51,23107
2014-02-13,30.57,30.68,29.97,30.38,26449
2014-02-14,30.5,31.03,30.17,30.74,26949
2014-02-18,30.96,31.53,30.69,30.87,75250
2014-02-19,30.9,31.18,30.85,31.0,23005
2014-02-20,31.19,31.4,30.62,30.95,64448
2014-02-21,31.2,31.42,30.71,31.26,8615
2014-02-24,31.41,31.86,31.19,31.44,25398
2014-02-25,31.44,31.47,30.57,31.25,33535
2014-02-26,31.68,31.7,31.18,31.26,9423
2014-02-27,31.25,31.47,30.82,31.2,68899
2014-02-28,31.3,31.8,30.37,30.8,51032
2014-03-03,30.8,32.0,30.11,31.5,36459
2014-03-04,31.64,31.74,31.19,31.38,29102
2014-03-05,31.5,31.75,31.41,31.66,7221
2014-03-06,31.85,32.02,30.96,31.31,66772
2014-03-07,31.25,31.26,30.75,30.77,21937
2014-03-10,30.75,30.95,30.2,30.49,10872
2014-03-11,31.0,31.23,30.25,30.6,38456
2014-03-12,30.6,30.6,29.6,29.8,97653
2014-03-13,29.8,29.9,28.92,29.37,55502
2014-03-14,29.43,29.93,29.01,29.16,28481
2014-03-17,29.1,29.47,28.51,29.26,34353
2014-03-18,28.99,30.14,28.99,30.02,53710
2014-03-19,29.92,31.74,29.92,30.7,166274
2014-03-20,30.95,31.15,30.33,30.5,116799
2014-03-21,30.78,31.64,29.83,30.3,138605
2014-03-24,30.51,30.67,29.78,30.02,74039
2014-03-25,30.34,30.74,29.85,29.85,98256
2014-03-26,30.0,30.59,29.64,29.85,32221
2014-03-27,29.74,30.14,29.53,29.85,17830
2014-03-28,29.82,29.92,29.72,29.74,21174
2014-03-31,29.9,29.9,29.25,29.25,54136
2014-04-01,29.39,29.7,29.32,29.46,29059
2014-04-02,29.63,30.03,29.37,29.64,82653
2014-04-03,29.71,30.26,29.68,29.99,44546
2014-04-04,30.17,30.23,29.8,30.04,52007
2014-04-07,30.11,30.66,29.62,29.98,67021
2014-04-08,30.15,30.54,29.89,30.34,89841
2014-04-09,30.44,31.0,29.91,30.09,44373
2014-04-10,30.23,30.29,29.25,29.88,42264
2014-04-11,29.51,29.97,29.44,29.59,26378
2014-04-14,29.87,30.01,29.35,29.96,27245
2014-04-15,29.79,29.97,29.22,29.49,36799
2014-04-16,29.58,29.88,29.45,29.7,7962
2014-04-17,29.8,30.1,29.44,29.55,62020
2014-04-21,29.59,29.99,29.04,29.11,34159
2014-04-22,29.34,29.38,28.88,29.13,11053
2014-04-23,28.73,29.77,28.6,29.07,26429
2014-04-24,28.75,29.12,28.25,29.03,256340
2014-04-25,30.0,30.45,29.16,29.16,2170719
2014-04-28,29.5,29.55,28.77,29.11,96722
2014-04-29,29.11,29.56,28.91,29.28,74554
2014-04-30,29.12,29.55,29.03,29.4,20878
2014-05-01,29.59,29.59,29.11,29.34,101473
2014-05-02,29.4,29.4,29.08,29.18,28538
2014-05-05,29.15,29.15,28.78,28.87,45220
2014-05-06,28.76,29.04,28.62,28.85,35529
2014-05-07,28.71,28.88,28.42,28.78,62441
2014-05-08,28.64,28.8,28.56,28.7,29681
2014-05-09,28.75,29.05,28.41,28.85,25697
2014-05-12,28.9,29.5,28.9,29.36,46523
2014-05-13,29.27,29.27,28.27,29.05,96031
2014-05-14,28.9,29.19,28.89,29.0,69012
2014-05-15,28.91,29.13,28.64,28.7,60627
2014-05-16,28.88,29.21,28.52,28.72,17924
2014-05-19,28.84,29.05,28.45,28.62,37378
2014-05-20,28.52,28.86,28.3,28.4,44417
2014-05-21,28.58,28.88,28.37,28.48,51382
2014-05-22,28.65,28.81,28.6,28.64,17125
2014-05-23,28.68,29.32,28.6,28.86,23684
2014-05-27,28.86,29.05,28.64,28.75,47500
2014-05-28,28.89,28.95,28.6,28.65,21124
2014-05-29,28.65,29.01,28.65,28.91,40846
2014-05-30,28.96,29.02,28.65,28.65,11617
2014-06-02,28.76,29.0,28.68,28.83,46953
2014-06-03,28.9,29.25,28.7,28.85,32796
2014-06-04,29.09,29.79,29.09,29.48,70255
2014-06-05,29.5,30.43,29.4,29.98,49257
2014-06-06,30.19,30.39,29.8,29.88,38692
2014-06-09,30.0,30.25,29.82,30.01,279988
2014-06-10,30.14,30.27,29.95,30.06,24604
2014-06-11,30.18,30.28,29.92,29.98,43309
2014-06-12,30.11,31.0,29.93,30.23,64854
2014-06-13,30.14,30.3,29.96,30.15,29117
2014-06-16,30.21,30.42,30.03,30.25,25820
2014-06-17,30.1,30.26,30.05,30.09,21078
2014-06-18,30.06,30.24,30.03,30.24,9958
2014-06-19,30.37,30.37,30.03,30.11,28197
2014-06-20,30.25,30.25,29.94,29.96,16599
2014-06-23,29.99,30.65,29.94,30.42,17039
2014-06-24,30.46,30.65,30.24,30.52,17450
2014-06-25,30.25,30.41,30.1,30.24,21633
2014-06-26,30.51,30.59,30.1,30.22,13644
2014-06-27,30.45,30.45,30.1,30.29,25149
2014-06-30,30.1,30.3,29.94,30.2,44180
2014-07-01,30.38,30.38,30.12,30.29,36261
2014-07-02,30.34,30.81,30.27,30.79,97860
2014-07-03,30.82,31.02,30.68,30.79,19305
2014-07-07,30.0,30.86,29.94,30.86,32519
2014-07-08,30.82,30.92,30.42,30.92,16582
2014-07-09,30.55,31.03,30.51,30.79,20994
2014-07-10,30.29,30.97,30.2,30.83,15078
2014-07-11,30.7,30.83,30.41,30.65,13288
2014-07-14,30.63,30.79,30.16,30.44,58810
2014-07-15,30.6,30.7,30.28,30.45,23357
2014-07-16,30.61,30.61,30.29,30.47,5227
2014-07-17,30.58,30.58,30.48,30.55,6992
2014-07-18,30.77,30.77,30.47,30.62,12494
2014-07-21,30.63,30.63,30.26,30.62,23375
2014-07-22,30.56,31.0,30.56,30.81,12100
2014-07-23,30.93,31.4,30.81,31.15,17864
2014-07-24,31.09,31.83,31.0,31.82,32645
2014-07-25,31.59,31.95,31.09,31.62,28761
2014-07-28,31.71,31.82,31.26,31.43,19138
2014-07-29,31.59,31.96,31.19,31.39,29994
2014-07-30,31.33,31.99,31.07,31.82,31080
2014-07-31,31.82,31.97,31.07,31.44,68751
2014-08-01,31.53,31.69,31.02,31.09,21057
2014-08-04,31.24,31.75,31.07,31.41,22394
2014-08-05,31.17,31.94,31.17,31.34,16359
2014-08-06,31.46,31.46,31.02,31.28,27145
2014-08-07,31.45,31.51,31.2,31.39,6951
2014-08-08,31.4,31.77,31.18,31.58,13125
2014-08-11,31.59,31.98,31.36,31.81,20282
2014-08-12,31.91,31.95,31.03,31.26,46068
2014-08-13,30.86,31.15,30.25,30.4,20285
2014-08-14,30.4,30.74,30.31,30.69,12092
2014-08-15,30.75,30.75,30.43,30.5,5520
2014-08-18,30.52,30.7,30.51,30.65,11084
2014-08-19,30.66,30.74,30.6,30.7,18015
2014-08-20,30.7,30.79,30.45,30.51,15280
2014-08-21,30.34,30.83,30.27,30.47,26304
2014-08-22,30.49,30.53,30.33,30.45,5867
2014-08-25,30.56,30.56,30.09,30.25,22882
2014-08-26,30.25,30.3,30.21,30.3,13851
2014-08-27,30.4,30.5,30.24,30.42,18641
2014-08-28,30.44,30.46,30.23,30.35,10174
2014-08-29,30.46,30.63,30.26,30.27,31366
2014-09-02,30.35,30.35,30.04,30.29,18305
2014-09-03,30.35,30.44,30.22,30.44,16921
2014-09-04,30.43,30.62,30.43,30.62,69146
2014-09-05,30.66,30.66,30.4,30.52,14482
2014-09-08,30.52,30.53,30.45,30.52,28745
2014-09-09,30.58,30.62,30.21,30.36,52455
2014-09-10,30.4,30.4,30.07,30.24,88995
2014-09-11,30.21,30.29,30.13,30.26,9001
2014-09-12,30.31,30.48,30.2,30.24,4770
2014-09-15,30.12,30.15,29.6,29.74,27089
2014-09-16,29.84,30.02,29.71,30.02,7518
2014-09-17,30.17,30.51,29.98,30.17,33740
2014-09-18,30.29,30.37,29.93,29.99,442379
2014-09-19,30.08,30.25,29.87,30.25,13259
2014-09-22,30.02,30.24,29.57,30.24,17253
2014-09-23,30.27,30.62,30.24,30.3,21157
2014-09-24,30.25,30.25,29.88,29.99,9403
2014-09-25,30.06,30.1,29.22,29.75,209516
2014-09-26,29.63,30.1,29.52,29.74,23467
2014-09-29,29.34,29.74,29.23,29.45,8329
2014-09-30,29.42,29.49,29.03,29.43,9500
2014-10-01,29.44,30.0,29.05,29.5,88522
2014-10-02,29.08,29.27,28.51,28.51,21714
2014-10-03,28.51,28.94,27.12,28.09,64861
2014-10-06,27.82,28.08,27.07,28.08,526523
2014-10-07,27.97,28.08,27.49,28.0,60170
2014-10-08,28.07,28.1,27.33,27.98,51883
2014-10-09,28.1,28.11,27.56,27.84,39718
2014-10-10,27.71,27.81,26.48,27.06,40398
2014-10-13,27.0,27.12,26.14,26.38,29783
2014-10-14,26.17,26.65,25.07,25.49,91604
2014-10-15,25.19,25.31,24.52,24.95,49641
2014-10-16,24.91,26.89,24.91,25.73,122616
2014-10-17,26.01,26.68,25.78,26.09,72878
2014-10-20,26.04,26.21,25.55,25.55,486594
2014-10-21,25.81,26.33,25.69,26.23,35872
2014-10-22,26.1,26.5,25.93,26.03,34386
2014-10-23,26.06,26.5,26.06,26.35,52825
2014-10-24,26.35,26.58,26.01,26.03,97616
2014-10-27,26.11,26.46,25.91,25.96,77434
2014-10-28,26.0,26.24,25.9,26.05,75079
2014-10-29,26.16,26.35,25.73,25.98,38965
2014-10-30,26.0,26.47,25.84,25.9,77055
2014-10-31,25.93,26.32,25.93,25.98,47246
2014-11-03,25.87,26.0,25.85,25.92,99109
2014-11-04,25.99,26.02,25.93,26.0,42371
2014-11-05,26.0,26.0,25.93,25.99,21039
2014-11-06,26.0,26.03,25.5,25.83,62627
2014-11-07,25.89,25.97,25.47,25.53,107239
2014-11-10,25.5,25.87,25.21,25.5,220986
2014-11-11,25.5,25.91,25.38,25.76,63327
2014-11-12,25.29,25.54,24.83,25.32,38900
2014-11-13,25.45,25.59,24.74,25.16,60637
2014-11-14,25.22,25.45,24.75,25.44,36164
2014-11-17,25.44,25.44,24.87,25.2,72437
2014-11-18,25.19,25.42,24.75,25.22,52092
2014-11-19,25.05,25.15,24.47,24.75,71936
2014-11-20,24.61,25.16,24.43,25.16,47161
2014-11-21,25.03,25.88,24.57,25.7,49004
2014-11-24,25.88,26.88,25.75,26.81,145947
2014-11-25,26.65,27.11,26.35,26.92,38015
2014-11-26,27.0,27.24,26.47,27.0,72997
2014-11-28,26.74,27.26,26.1,27.17,160602
2014-12-01,27.27,27.44,26.7,26.91,193755
2014-12-02,26.95,27.05,26.43,26.84,180186
2014-12-03,26.64,27.37,26.64,27.0,62801
2014-12-04,27.1,27.1,26.34,26.45,36594
2014-12-05,26.62,26.81,26.31,26.7,30622
2014-12-08,26.57,26.75,25.76,26.17,38181
2014-12-09,25.97,27.0,25.97,26.91,58943
2014-12-10,27.0,27.0,26.63,26.81,65219
2014-12-11,26.78,27.03,26.38,26.79,39113
2014-12-12,26.66,26.76,25.81,26.28,22510
2014-12-15,26.2,26.2,25.25,25.77,37248
2014-12-16,25.57,26.48,25.45,25.89,97863
2014-12-17,25.88,26.68,25.53,26.46,21913
2014-12-18,26.52,26.71,25.36,26.0,32036
2014-12-19,25.86,26.92,25.6,26.15,37415
2014-12-22,26.3,26.88,26.17,26.6,15682
2014-12-23,26.85,26.98,26.7,26.86,24173
2014-12-24,26.99,27.0,26.85,26.86,50215
2014-12-26,26.98,27.41,26.62,26.75,13858
2014-12-29,27.0,27.21,26.5,26.98,711533
2014-12-30,26.98,27.21,26.27,27.0,53880
2014-12-31,26.89,27.14,26.75,27.13,13991
2015-01-02,26.99,27.64,26.75,27.64,41917
2015-01-05,27.26,27.86,26.65,27.12,43364
2015-01-06,27.26,27.28,26.51,26.53,27059
2015-01-07,26.5,27.2,26.15,26.67,53114
2015-01-08,26.61,27.19,26.61,27.0,55275
2015-01-09,27.01,27.08,26.77,26.87,36673
2015-01-12,27.08,27.08,26.05,26.78,60423
2015-01-13,26.49,26.94,26.23,26.65,44345
2015-01-14,26.65,26.78,25.42,26.25,70097
2015-01-15,26.32,26.49,25.87,25.99,27084
2015-01-16,25.88,26.48,25.88,26.3,29376
2015-01-20,26.43,26.43,26.02,26.16,27409
2015-01-21,26.08,26.39,25.69,25.92,33042
2015-01-22,25.87,26.36,25.87,26.03,30194
2015-01-23,25.94,26.2,25.7,25.78,30494
2015-01-26,25.8,26.04,25.06,25.1,35752
2015-01-27,25.0,26.09,25.0,25.36,64387
2015-01-28,25.21,25.97,25.08,25.75,79414
2015-01-29,25.84,25.89,25.04,25.16,46753
2015-01-30,25.12,25.33,24.79,24.89,42801
2015-02-02,24.87,25.16,24.81,25.1,44328
2015-02-03,25.0,25.45,24.94,25.09,70155
2015-02-04,25.17,25.18,24.9,24.94,53790
2015-02-05,25.06,25.58,24.83,24.99,85625
2015-02-06,24.99,25.2,24.86,24.89,40542
2015-02-09,24.8,25.09,24.75,24.94,74549
2015-02-10,25.15,25.15,24.82,24.98,30512
2015-02-11,24.72,25.15,24.4,25.05,34265
2015-02-12,25.01,25.01,24.74,24.79,16901
2015-02-13,24.84,25.05,24.46,24.85,86147
2015-02-17,24.85,25.05,24.47,25.05,57455
2015-02-18,24.94,24.98,24.62,24.62,19485
2015-02-19,24.6,24.76,24.44,24.45,31277
2015-02-20,24.4,24.85,24.33,24.47,123722
2015-02-23,24.44,24.97,24.36,24.47,60606
2015-02-24,24.5,24.72,24.01,24.36,84464
2015-02-25,24.56,24.8,24.2,24.64,472342
2015-02-26,24.77,25.79,24.77,25.55,59004
2015-02-27,25.5,25.6,25.22,25.41,8422
2015-03-02,24.92,25.2,24.88,25.0,46986
2015-03-03,25.0,25.12,24.68,24.89,20258
2015-03-04,24.84,25.41,24.28,24.48,52928
2015-03-05,24.45,24.7,24.18,24.21,21476
2015-03-06,24.15,24.15,23.57,24.07,41841
2015-03-09,24.03,24.11,23.81,23.86,27633
2015-03-10,23.6,23.88,23.6,23.76,17185
2015-03-11,23.66,23.99,23.65,23.74,25356
2015-03-12,23.8,24.0,23.3,23.52,27006
2015-03-13,23.47,23.55,23.19,23.25,74418
2015-03-16,23.12,23.25,22.71,22.85,71302
2015-03-17,22.72,22.79,22.26,22.6,91807
2015-03-18,22.92,23.17,22.42,22.72,69166
2015-03-19,22.74,22.88,22.48,22.58,100319
2015-03-20,22.44,22.44,21.45,21.49,641893
2015-03-23,21.19,22.15,21.1,22.0,255399
2015-03-24,22.25,22.9,22.05,22.14,67749
2015-03-25,22.17,22.17,19.2,19.73,2722420
2015-03-26,19.73,20.72,19.71,20.1,261264
2015-03-27,20.27,21.0,20.26,20.83,405692
2015-03-30,20.86,21.59,20.77,21.2,160815
2015-03-31,21.23,21.45,21.05,21.29,98211
2015-04-01,21.33,21.4,20.89,21.38,115369
2015-04-02,21.4,21.43,21.2,21.29,61320
2015-04-06,21.4,22.64,21.09,22.47,72549
2015-04-07,22.36,22.61,21.92,22.33,28274
2015-04-08,22.58,22.61,22.31,22.31,28630
2015-04-09,22.13,22.38,21.75,22.01,40586
2015-04-10,22.07,22.5,22.07,22.1,102090
2015-04-13,22.07,22.08,21.9,21.96,22110
2015-04-14,21.97,21.99,21.8,21.91,28626
2015-04-15,22.67,22.67,21.8,22.3,167025
2015-04-16,22.53,22.59,21.99,22.12,117934
2015-04-17,22.04,22.28,21.84,21.96,54413
2015-04-20,21.97,22.12,21.8,21.87,43708
2015-04-21,22.05,22.34,21.84,21.85,73854
2015-04-22,22.21,22.26,21.88,22.17,54609
2015-04-23,22.15,22.43,21.9,22.05,482646
2015-04-24,22.05,22.25,22.02,22.21,136914
2015-04-27,22.44,22.44,22.16,22.17,114181
2015-04-28,22.11,22.27,22.11,22.17,116996
2015-04-29,22.1,22.32,22.1,22.15,124600
2015-04-30,22.15,22.2,22.0,22.13,113795
2015-05-01,22.22,22.55,22.19,22.55,164472
2015-05-04,22.62,23.63,22.55,23.03,578154
2015-05-05,23.0,23.31,22.57,22.62,112185
2015-05-06,22.82,22.85,22.36,22.51,167261
2015-05-07,22.71,22.71,22.02,22.11,76060
2015-05-08,22.19,22.55,22.16,22.37,321314
2015-05-11,22.69,22.69,22.34,22.39,78626
2015-05-12,22.5,22.6,22.1,22.19,95174
2015-05-13,21.78,21.98,21.5,21.65,60127
2015-05-14,21.6,21.75,21.55,21.68,39316
2015-05-15,21.68,21.75,21.51,21.74,27526
2015-05-18,21.89,21.89,21.31,21.34,72131
2015-05-19,21.28,21.3,20.95,21.04,45411
2015-05-20,21.1,21.16,20.96,21.1,26361
2015-05-21,21.1,21.61,21.1,21.34,85242
2015-05-22,21.26,21.36,20.95,20.95,100817
2015-05-26,20.95,21.03,20.54,20.85,139296
2015-05-27,20.91,21.29,20.9,21.25,95538
2015-05-28,21.19,21.8,21.19,21.26,198869
2015-05-29,21.41,21.89,21.32,21.52,87787
2015-06-01,21.52,21.93,21.46,21.57,93833
2015-06-02,21.55,21.94,21.55,21.89,31848
2015-06-03,21.95,21.95,21.2,21.42,42904
2015-06-04,21.4,21.57,20.42,20.62,299973
2015-06-05,20.65,21.22,20.49,21.16,86166
2015-06-08,21.18,21.26,20.9,20.91,75064
2015-06-09,20.95,20.96,20.7,20.77,106513
2015-06-10,20.89,21.43,20.68,21.2,121338
2015-06-11,21.3,21.3,20.45,20.59,89226
2015-06-12,20.54,20.7,20.21,20.22,75115
2015-06-15,20.13,20.39,19.72,19.82,96163
2015-06-16,19.84,19.84,18.29,18.7,748451
2015-06-17,18.91,18.91,17.88,18.5,619860
2015-06-18,18.49,18.84,18.36,18.63,368132
2015-06-19,18.57,18.64,17.65,17.99,138822
2015-06-22,18.08,18.08,17.6,17.75,222471
2015-06-23,17.72,18.1,17.55,17.8,207070
2015-06-24,17.82,18.24,17.78,18.24,78765
2015-06-25,18.29,18.38,17.3,17.58,95327
2015-06-26,17.55,17.66,17.25,17.36,120701
2015-06-29,17.25,17.25,16.83,17.06,53512
2015-06-30,17.16,17.16,16.97,17.1,342603
2015-07-01,17.13,17.24,17.0,17.15,301910
2015-07-02,17.2,17.24,16.9,16.91,30625
2015-07-06,16.9,16.97,16.67,16.84,86397
2015-07-07,16.68,16.75,16.22,16.69,141795
2015-07-08,16.6,16.62,16.28,16.43,114698
2015-07-09,16.61,16.96,16.37,16.57,115509
2015-07-10,16.71,16.71,15.86,16.25,431887
2015-07-13,16.31,16.33,15.77,15.77,141634
2015-07-14,15.76,16.38,15.76,16.02,101108
2015-07-15,15.98,15.98,15.24,15.43,464963
2015-07-16,15.5,15.51,15.01,15.09,209156
2015-07-17,15.06,15.13,14.5,14.61,76743
2015-07-20,14.61,14.95,14.61,14.69,77554
2015-07-21,15.07,16.86,15.03,16.06,529483
2015-07-22,16.15,16.99,15.9,16.56,404777
2015-07-23,16.97,17.37,16.43,16.51,420295
2015-07-24,16.7,16.7,15.78,16.28,334497
2015-07-27,16.31,16.46,15.93,16.13,634354
2015-07-28,16.21,16.45,16.0,16.3,270119
2015-07-29,16.37,16.65,16.18,16.65,135107
2015-07-30,16.71,17.01,16.67,16.87,177337
2015-07-31,17.13,17.13,16.39,16.52,93395
2015-08-03,16.64,16.82,15.03,15.13,272731
2015-08-04,15.23,16.34,14.68,16.22,643783
2015-08-05,16.49,16.8,16.2,16.61,113770
2015-08-06,16.53,16.85,16.2,16.56,247407
2015-08-07,16.47,16.78,16.03,16.19,162463
2015-08-10,16.1,16.68,15.71,16.41,96549
2015-08-11,16.41,16.41,15.79,16.33,153612
2015-08-12,15.86,15.86,15.4,15.47,79873
2015-08-13,15.34,15.42,15.13,15.3,54838
2015-08-14,15.44,15.45,14.61,14.78,81872
2015-08-17,14.94,14.94,14.27,14.31,164302
2015-08-18,14.49,14.49,13.63,13.71,132327
2015-08-19,13.93,14.36,13.46,14.21,134208
2015-08-20,13.92,14.25,13.46,13.87,101613
2015-08-21,13.83,13.87,13.46,13.52,142734
2015-08-24,13.25,13.26,12.18,12.6,357577
2015-08-25,16.07,16.12,12.58,12.61,374340
2015-08-26,12.95,12.95,12.46,12.7,116389
2015-08-27,12.83,13.34,12.75,12.95,171418
2015-08-28,12.99,13.3,12.8,12.85,125124
2015-08-31,12.85,13.36,12.85,13.22,110204
2015-09-01,13.06,13.06,12.65,12.75,68595
2015-09-02,12.75,12.85,12.53,12.7,80299
2015-09-03,12.75,13.0,12.07,12.55,287769
2015-09-04,12.31,12.52,12.0,12.19,110913
2015-09-08,12.23,12.48,12.09,12.13,78940
2015-09-09,12.2,12.28,11.63,11.74,86995
2015-09-10,11.78,11.78,11.15,11.34,207170
2015-09-11,11.26,11.33,11.06,11.3,52188
2015-09-14,11.35,11.94,11.16,11.87,133384
2015-09-15,12.0,12.09,11.69,11.98,33826
2015-09-16,11.92,12.56,11.9,12.51,73302
2015-09-17,12.6,12.66,12.21,12.39,96334
2015-09-18,12.41,12.42,12.21,12.21,30507
2015-09-21,12.39,12.75,12.22,12.53,112732
2015-09-22,12.6,12.71,12.0,12.13,143324
2015-09-23,12.22,12.32,10.99,11.16,159489
2015-09-24,11.01,11.46,10.52,11.44,83292
2015-09-25,11.58,11.58,11.08,11.3,36325
2015-09-28,11.43,11.43,10.67,10.82,48930
2015-09-29,10.8,11.08,10.3,10.48,68021
2015-09-30,10.79,11.1,10.55,11.05,42768
2015-10-01,11.38,11.98,11.17,11.94,67233
2015-10-02,11.86,12.91,11.64,12.65,100458
2015-10-05,12.95,13.84,12.79,13.17,64080
2015-10-06,13.38,14.33,13.31,14.06,72083
2015-10-07,13.91,14.09,12.88,12.92,159774
2015-10-08,12.89,12.94,12.13,12.24,229231
2015-10-09,12.33,13.37,12.33,13.1,297592
2015-10-12,13.76,14.25,13.18,13.5,311609
2015-10-13,13.21,13.55,12.9,12.98,285516
2015-10-14,12.94,13.72,12.94,13.58,198470
2015-10-15,13.67,13.72,13.25,13.34,127289
2015-10-16,13.43,13.49,11.71,12.31,333169
2015-10-19,12.29,12.29,11.2,11.9,343684
2015-10-20,11.9,11.99,11.74,11.88,208028
2015-10-21,12.05,12.74,11.46,11.54,285961
2015-10-22,11.54,12.29,11.54,11.87,172199
2015-10-23,12.03,12.07,11.7,11.76,116263
2015-10-26,11.77,11.94,11.01,11.08,236653
2015-10-27,11.01,11.11,10.49,10.6,173486
2015-10-28,10.57,11.33,10.4,11.14,90239
2015-10-29,11.1,11.1,10.44,10.47,164936
2015-10-30,10.5,10.76,10.11,10.58,158571
2015-11-02,10.57,11.1,10.57,11.0,107662
2015-11-03,11.05,11.8,11.05,11.55,198047
2015-11-04,11.55,11.88,11.44,11.51,160111
2015-11-05,11.49,11.55,11.28,11.41,148937
2015-11-06,11.31,11.42,10.88,11.02,170150
2015-11-09,11.05,11.32,10.81,10.86,297979
2015-11-10,10.0,10.24,9.55,9.69,264802
2015-11-11,9.83,9.83,8.0,8.12,396833
2015-11-12,8.09,8.1,7.63,7.7,272307
2015-11-13,7.62,7.78,7.43,7.57,296940
2015-11-16,7.6,8.13,7.6,7.81,192601
2015-11-17,7.81,7.85,7.51,7.56,416126
2015-11-18,7.51,7.69,7.43,7.45,232328
2015-11-19,7.45,7.45,6.75,6.89,197661
2015-11-20,6.89,7.18,6.81,7.0,209562
2015-11-23,7.05,7.12,6.9,7.05,142431
2015-11-24,6.94,7.33,6.94,7.14,175606
2015-11-25,7.25,7.49,7.01,7.4,150805
2015-11-27,7.37,7.37,7.11,7.21,55970
2015-11-30,7.17,7.2,6.92,6.98,343738
2015-12-01,7.01,7.4,6.96,7.05,645081
2015-12-02,7.2,7.35,6.77,6.9,617507
2015-12-03,6.9,7.16,6.82,6.97,127210
2015-12-04,6.88,6.88,6.24,6.59,277584
2015-12-07,6.43,6.47,5.5,5.83,285449
2015-12-08,5.76,6.48,5.49,6.48,414199
2015-12-09,5.9,6.34,5.56,6.01,318708
2015-12-10,6.0,6.01,5.72,5.96,467250
2015-12-11,5.81,5.91,5.42,5.68,262895
2015-12-14,5.6,5.74,5.21,5.52,217780
2015-12-15,5.62,5.74,5.16,5.27,349672
2015-12-16,5.26,5.51,5.2,5.3,162251
2015-12-17,5.5,7.08,5.25,6.8,627944
2015-12-18,6.8,7.45,6.75,6.86,293314
2015-12-21,6.8,7.39,6.72,6.76,152833
2015-12-22,6.7,7.26,6.65,7.01,162146
2015-12-23,7.1,7.4,7.0,7.26,130937
2015-12-24,7.3,7.36,7.07,7.28,117099
2015-12-28,7.21,7.27,6.75,6.76,130996
2015-12-29,6.66,7.0,6.52,6.82,136618
2015-12-30,6.78,7.16,6.75,7.02,160851
2015-12-31,6.98,7.5,6.81,7.45,280639
2016-01-04,7.34,7.46,7.05,7.4,81194
2016-01-05,7.43,7.49,7.05,7.21,135865
2016-01-06,7.16,7.23,6.84,7.1,160665
2016-01-07,7.06,7.06,6.43,6.65,151676
2016-01-08,6.67,6.88,6.2,6.31,84772
2016-01-11,6.31,6.42,5.81,6.0,316498
2016-01-12,6.02,6.02,5.37,5.69,159926
2016-01-13,5.82,5.95,5.29,5.46,184858
2016-01-14,5.39,6.02,5.31,5.78,175244
2016-01-15,5.66,6.17,5.58,6.08,104983
2016-01-19,6.08,6.52,5.8,6.03,169688
2016-01-20,5.9,6.27,5.38,6.22,252289
2016-01-21,6.2,6.83,6.2,6.52,85246
2016-01-22,6.65,6.9,6.45,6.67,76441
2016-01-25,6.76,6.76,6.27,6.33,124200
2016-01-26,6.63,7.15,6.63,7.0,182701
2016-01-27,6.95,7.17,6.8,6.9,91648
2016-01-28,7.55,7.69,6.8,7.53,325888
2016-01-29,7.73,7.73,7.1,7.2,225076
2016-02-01,7.18,7.77,7.18,7.73,165021
2016-02-02,7.73,7.73,7.38,7.44,96847
2016-02-03,7.6,7.6,7.25,7.43,138462
2016-02-04,7.64,7.66,7.4,7.66,104846
2016-02-05,7.7,7.7,7.42,7.67,117111
2016-02-08,7.65,7.65,7.21,7.21,168933
2016-02-09,7.38,7.44,6.57,6.93,296156
2016-02-10,6.4,6.52,6.15,6.26,206359
2016-02-11,6.2,6.22,5.66,5.93,157637
2016-02-12,5.81,6.09,5.81,5.97,142965
2016-02-16,5.95,6.61,5.91,6.56,116052
2016-02-17,6.53,7.2,6.52,6.98,168820
2016-02-18,7.1,7.12,6.69,6.97,77097
2016-02-19,6.61,6.86,6.26,6.33,173282
2016-02-22,6.4,6.86,6.4,6.82,173639
2016-02-23,6.86,6.86,6.44,6.53,44364
2016-02-24,6.43,6.61,6.29,6.5,66404
2016-02-25,6.36,6.59,5.9,6.16,386712
2016-02-26,6.26,6.57,6.26,6.51,94204
2016-02-29,6.53,6.85,6.51,6.7,138605
2016-03-01,6.86,7.3,6.77,7.17,280094
2016-03-02,7.23,8.18,7.21,8.11,389162
2016-03-03,8.19,9.16,8.0,8.11,787419
2016-03-04,8.23,8.7,8.03,8.17,341649
2016-03-07,8.17,8.56,8.17,8.49,262436
2016-03-08,8.61,8.74,8.05,8.49,484203
2016-03-09,8.52,8.58,8.24,8.39,129211
2016-03-10,8.3,8.45,8.16,8.33,131733
2016-03-11,8.48,8.52,8.26,8.42,142283
2016-03-14,8.55,8.55,8.25,8.35,193689
2016-03-15,8.25,8.32,7.75,7.76,239048
2016-03-16,7.75,7.9,6.9,6.96,450435
2016-03-17,7.1,7.79,7.1,7.7,215096
2016-03-18,7.76,7.99,7.28,7.28,439387
2016-03-21,7.35,7.64,7.26,7.39,268407
2016-03-22,7.37,7.56,7.25,7.29,214555
2016-03-23,7.2,7.42,7.0,7.12,228840
2016-03-24,7.1,7.19,6.75,7.13,219699
2016-03-28,7.2,7.2,7.01,7.12,82238
2016-03-29,7.02,7.12,6.86,7.02,225061
2016-03-30,7.06,7.19,7.06,7.1,83154
2016-03-31,7.05,7.44,7.01,7.39,100253
2016-04-01,7.25,7.34,7.17,7.28,56807
2016-04-04,7.25,7.34,6.97,7.1,106253
2016-04-05,7.17,7.45,7.1,7.33,67888
2016-04-06,7.38,7.54,7.35,7.44,49831
2016-04-07,7.44,7.62,7.35,7.56,119309
2016-04-08,7.69,8.0,7.57,7.93,89159
2016-04-11,7.97,8.07,7.81,7.87,93965
2016-04-12,8.0,8.28,7.98,8.19,91934
2016-04-13,8.29,8.75,8.15,8.53,287198
2016-04-14,8.58,8.61,8.36,8.54,113017
2016-04-15,8.5,8.55,8.13,8.51,126076
2016-04-18,8.37,9.91,8.32,9.72,410109
2016-04-19,10.26,11.15,10.26,10.6,388590
2016-04-20,10.59,11.44,10.59,10.93,169293
2016-04-21,11.51,11.69,11.15,11.2,204776
2016-04-22,11.4,11.88,11.24,11.36,203978
2016-04-25,11.4,11.47,11.0,11.23,146048
2016-04-26,11.25,11.3,10.95,11.05,243822
2016-04-27,11.27,11.9,11.2,11.43,282855
2016-04-28,11.54,11.62,11.12,11.26,189055
2016-04-29,11.45,11.73,11.25,11.58,113276
2016-05-02,11.66,12.6,11.48,12.37,253236
2016-05-03,12.37,12.37,11.71,11.94,155278
2016-05-04,11.9,12.25,11.25,11.87,219185
2016-05-05,12.05,12.52,11.75,12.12,191422
2016-05-06,12.04,12.61,12.03,12.09,180967
2016-05-09,12.12,12.49,11.18,11.9,317001
2016-05-10,12.0,12.37,11.68,12.27,304305
2016-05-11,12.27,12.39,11.92,12.14,281952
2016-05-12,11.43,12.03,10.94,11.18,285168
2016-05-13,11.11,11.23,10.73,11.0,116026
2016-05-16,11.24,11.25,10.86,11.14,121321
2016-05-17,11.14,11.27,10.86,11.14,84584
2016-05-18,11.04,11.14,10.37,10.42,154904
2016-05-19,10.33,10.92,10.0,10.64,134291
2016-05-20,10.75,10.75,10.35,10.51,91315
2016-05-23,10.43,10.75,10.3,10.62,82871
2016-05-24,10.6,10.68,10.41,10.53,63790
2016-05-25,10.61,10.87,10.41,10.79,46715
2016-05-26,10.8,10.86,10.66,10.79,54385
2016-05-27,10.84,10.91,10.7,10.7,70321
2016-05-31,10.71,11.0,10.65,10.87,103379
2016-06-01,11.07,11.07,10.87,10.97,160368
2016-06-02,10.95,11.29,10.95,11.28,195650
2016-06-03,11.4,11.71,11.34,11.58,135031
2016-06-06,11.7,11.96,11.51,11.6,249278
2016-06-07,11.6,11.85,11.58,11.76,139628
2016-06-08,11.8,12.41,11.72,11.87,281132
2016-06-09,11.77,12.02,11.57,11.91,85776
2016-06-10,11.71,11.9,11.41,11.55,183177
2016-06-13,11.42,11.76,11.26,11.3,119719
2016-06-14,11.31,11.53,10.91,11.11,125351
2016-06-15,11.14,11.49,11.0,11.24,130526
2016-06-16,11.2,11.33,10.93,11.17,93656
2016-06-17,11.17,11.32,10.96,11.08,126685
2016-06-20,11.16,11.5,11.06,11.3,76921
2016-06-21,11.3,11.48,11.26,11.38,113724
2016-06-22,11.48,11.62,11.03,11.07,138601
2016-06-23,11.3,11.42,11.07,11.23,114086
2016-06-24,10.4,11.22,10.31,11.04,146847
2016-06-27,11.0,11.24,10.41,10.5,187809
2016-06-28,10.76,11.0,10.76,10.9,171797
2016-06-29,11.08,11.21,10.86,10.87,162501
2016-06-30,10.92,11.0,10.78,10.8,150856
2016-07-01,10.98,12.35,10.97,12.3,564379
2016-07-05,12.2,12.95,11.85,12.67,693096
2016-07-06,12.69,14.14,12.48,14.05,620182
2016-07-07,14.37,14.67,13.2,13.48,506897
2016-07-08,13.66,14.14,13.57,14.07,168003
2016-07-11,14.11,14.45,14.08,14.16,203471
2016-07-12,14.45,14.77,14.27,14.37,193917
2016-07-13,14.5,14.63,14.16,14.6,179775
2016-07-14,14.91,14.91,14.35,14.69,215905
2016-07-15,14.77,15.56,14.71,15.11,208843
2016-07-18,15.1,15.4,14.91,15.34,255492
2016-07-19,15.44,15.56,14.5,14.72,544045
2016-07-20,14.59,15.01,13.92,14.79,442172
2016-07-21,14.8,15.1,14.4,14.56,314696
2016-07-22,14.55,14.86,14.42,14.55,170765
2016-07-25,14.57,14.7,14.3,14.55,197928
2016-07-26,14.55,14.91,14.5,14.71,467861
2016-07-27,14.91,15.65,14.91,15.27,424030
2016-07-28,15.0,15.05,13.75,14.41,603368
2016-07-29,14.25,14.58,13.04,14.34,727235
2016-08-01,14.5,14.52,14.07,14.19,311014
2016-08-02,14.2,14.38,13.92,14.06,291185
2016-08-03,14.06,14.66,14.03,14.66,226795
2016-08-04,14.66,15.0,14.54,14.7,275749
2016-08-05,14.8,14.97,14.4,14.74,294857
2016-08-08,14.75,15.5,14.74,15.08,452934
2016-08-09,15.41,15.44,14.96,15.11,340063
2016-08-10,15.2,15.24,14.83,15.08,496177
2016-08-11,14.36,14.52,13.95,14.24,352460
2016-08-12,14.18,14.28,13.6,13.8,345949
2016-08-15,13.8,13.91,13.2,13.35,358075
2016-08-16,13.35,13.54,13.03,13.07,333314
2016-08-17,13.27,13.31,12.87,13.02,216653
2016-08-18,13.02,13.13,12.53,12.93,400678
2016-08-19,13.06,13.07,12.53,12.6,350305
2016-08-22,12.6,12.61,12.07,12.38,415757
2016-08-23,12.4,12.75,12.2,12.55,211699
2016-08-24,12.51,12.6,12.32,12.34,209316
2016-08-25,12.36,12.56,12.22,12.39,149444
2016-08-26,12.4,12.63,12.32,12.46,179500
2016-08-29,12.4,13.3,12.4,13.16,454057
2016-08-30,13.25,13.48,12.95,13.08,297632
2016-08-31,13.12,13.34,12.72,13.19,271821
2016-09-01,13.21,13.32,12.86,13.02,215273
2016-09-02,13.15,14.51,13.11,14.47,939819
2016-09-06,14.36,14.84,14.16,14.62,314912
2016-09-07,14.65,14.74,14.45,14.64,126300
2016-09-08,14.58,14.74,14.23,14.38,260439
2016-09-09,14.48,14.56,13.78,14.05,297495
2016-09-12,14.14,14.7,14.0,14.7,464362
2016-09-13,14.5,14.56,14.04,14.1,205689
2016-09-14,14.23,14.31,14.01,14.3,147606
2016-09-15,14.37,14.94,14.3,14.76,239380
2016-09-16,14.72,14.93,14.6,14.86,184646
2016-09-19,14.95,15.1,14.78,14.86,299736
2016-09-20,14.98,15.2,14.63,14.65,238392
2016-09-21,14.86,15.07,14.65,14.75,304041
2016-09-22,14.99,15.02,14.82,14.89,256755
2016-09-23,14.89,15.14,14.89,15.12,164873
2016-09-26,15.18,15.4,14.95,14.97,197362
2016-09-27,14.92,15.0,14.74,14.85,214156
2016-09-28,14.82,15.68,14.8,15.62,262272
2016-09-29,15.64,15.75,15.13,15.24,163016
2016-09-30,15.4,15.4,15.06,15.14,101828
2016-10-03,15.29,15.43,14.85,15.12,189530
2016-10-04,15.17,15.17,14.76,14.97,168203
2016-10-05,15.1,15.18,14.84,15.18,191930
2016-10-06,15.18,15.33,14.91,14.93,95324
2016-10-07,14.98,15.16,14.78,15.04,99908
2016-10-10,15.2,15.41,15.13,15.25,88288
2016-10-11,15.23,15.35,15.0,15.12,221958
2016-10-12,15.15,15.55,15.09,15.25,143333
2016-10-13,15.15,15.31,15.0,15.1,145795
2016-10-14,15.2,15.7,15.1,15.5,205680
2016-10-17,15.6,15.75,15.2,15.3,126302
2016-10-18,15.5,15.65,15.3,15.65,110808
2016-10-19,15.75,16.45,15.5,16.45,408089
2016-10-20,16.75,17.05,16.3,16.8,351414
2016-10-21,16.8,17.15,16.65,16.75,375482
2016-10-24,17.0,17.0,16.1,16.75,366642
2016-10-25,16.95,17.0,16.37,16.9,151150
2016-10-26,16.85,17.0,16.6,16.75,180617
2016-10-27,16.85,16.9,16.53,16.85,133721
2016-10-28,17.0,17.1,16.75,16.95,162827
2016-10-31,17.5,17.6,16.65,17.3,1187263
2016-11-01,17.05,17.4,16.75,17.3,568814
2016-11-02,17.15,17.4,16.85,17.3,929591
2016-11-03,17.35,18.3,17.35,18.3,762379
2016-11-04,18.2,18.6,17.8,18.45,724959
2016-11-07,18.45,19.15,18.25,18.45,811054
2016-11-08,18.45,18.8,17.85,18.05,437769
2016-11-09,18.0,19.75,18.0,19.3,1043204
2016-11-10,19.05,19.5,18.4,18.75,995221
2016-11-11,18.6,19.75,18.25,19.65,798817
2016-11-14,19.6,21.94,19.56,21.7,993047
2016-11-15,21.35,21.55,20.6,21.5,1025401
2016-11-16,21.25,21.45,19.75,20.4,721815
2016-11-17,20.7,20.8,19.7,19.8,379188
2016-11-18,19.7,20.15,19.15,19.9,331367
2016-11-21,20.15,20.5,19.75,20.0,262334
2016-11-22,20.2,21.1,20.2,20.95,367929
2016-11-23,20.85,21.15,20.5,21.0,266595
2016-11-25,21.0,21.0,20.35,20.4,64925
2016-11-28,20.4,20.6,19.55,19.85,261287
2016-11-29,19.65,20.1,19.0,19.95,298655
2016-11-30,20.1,20.55,19.65,19.8,202346
2016-12-01,19.9,20.1,19.35,19.95,230984
2016-12-02,20.0,20.95,19.83,20.95,591331
2016-12-05,20.75,21.05,20.25,20.9,387330
2016-12-06,20.9,21.5,20.55,21.35,151120
2016-12-07,21.25,21.95,21.1,21.5,309990
2016-12-08,21.65,21.7,21.02,21.3,159877
2016-12-09,21.35,21.35,20.8,21.0,170682
2016-12-12,21.0,21.1,19.39,19.7,307059
2016-12-13,19.75,20.25,19.15,19.45,206776
2016-12-14,19.3,20.2,18.75,19.85,232974
2016-12-15,19.75,20.2,19.4,19.8,186715
2016-12-16,19.9,20.2,19.7,19.95,258055
2016-12-19,19.85,20.55,19.8,19.9,227941
2016-12-20,19.9,20.5,19.85,19.9,180025
2016-12-21,19.9,20.15,19.8,19.95,61144
2016-12-22,20.0,20.1,19.05,19.1,152702
2016-12-23,19.2,19.75,19.1,19.7,88299
2016-12-27,19.7,20.1,19.65,19.8,130379
2016-12-28,19.9,20.1,19.75,19.95,106652
2016-12-29,20.0,20.2,19.55,19.75,102421
2016-12-30,19.75,19.9,19.25,19.25,111089
2017-01-03,19.35,19.75,19.3,19.65,255927
2017-01-04,19.7,20.5,19.65,20.45,355657
2017-01-05,20.3,20.7,19.9,20.15,110021
2017-01-06,20.25,20.25,19.6,19.6,159168
2017-01-09,19.6,19.9,18.9,19.15,260193
2017-01-10,19.4,20.25,19.4,20.15,269189
2017-01-11,20.25,20.38,19.88,20.1,103307
2017-01-12,19.9,20.25,19.65,20.2,97827
2017-01-13,20.25,20.25,19.8,19.8,112600
2017-01-17,20.0,20.2,19.3,19.55,219328
2017-01-18,19.55,19.85,19.25,19.55,95058
2017-01-19,19.55,19.6,19.2,19.35,218625
2017-01-20,19.25,19.4,17.25,17.85,841884
2017-01-23,18.0,18.21,17.7,18.05,325332
2017-01-24,18.3,19.05,18.1,18.8,382302
2017-01-25,18.95,19.4,18.55,18.9,296320
2017-01-26,18.5,18.75,17.75,17.8,669809
2017-01-27,17.8,18.17,17.65,17.8,279741
2017-01-30,17.85,17.86,17.0,17.1,382959
2017-01-31,17.05,17.16,16.05,16.45,436083
2017-02-01,16.45,16.9,16.4,16.65,428878
2017-02-02,16.7,17.05,16.65,16.75,430707
2017-02-03,16.6,17.3,16.6,17.05,369659
2017-02-06,17.2,17.5,17.0,17.1,305626
2017-02-07,17.3,17.5,17.1,17.4,250538
2017-02-08,17.5,17.65,17.1,17.6,293656
2017-02-09,17.65,18.05,17.43,17.95,470694
2017-02-10,18.2,19.45,18.05,19.4,1416824
2017-02-13,18.75,19.2,18.3,18.35,416148
2017-02-14,18.4,18.4,17.4,17.75,303851
2017-02-15,17.7,17.75,17.35,17.45,136718
2017-02-16,17.35,17.7,17.3,17.6,156498
2017-02-17,17.5,17.75,17.3,17.5,168021
2017-02-21,17.5,17.65,17.35,17.55,195739
2017-02-22,17.4,17.45,17.05,17.2,148601
2017-02-23,17.25,17.35,17.0,17.05,129425
2017-02-24,17.0,17.05,16.5,16.85,175692
2017-02-27,16.75,17.2,16.7,17.05,159666
2017-02-28,17.1,17.2,16.65,16.7,199968
2017-03-01,16.9,17.3,16.8,17.05,216997
2017-03-02,17.0,17.15,16.7,16.8,379584
2017-03-03,16.8,17.05,16.75,16.9,169299
2017-03-06,16.9,16.9,16.5,16.7,96733
2017-03-07,16.55,16.55,15.75,16.0,254175
2017-03-08,15.85,15.88,15.22,15.6,415012
2017-03-09,15.45,15.45,14.55,14.95,395201
2017-03-10,15.0,15.23,14.35,14.9,244595
2017-03-13,14.95,15.45,14.87,15.4,176520
2017-03-14,15.3,15.48,14.94,15.25,88071
2017-03-15,15.45,16.5,15.45,16.5,157134
2017-03-16,16.65,17.66,16.4,17.6,316302
2017-03-17,17.6,17.75,15.5,15.6,804637
2017-03-20,15.5,15.5,14.85,14.85,165476
2017-03-21,14.95,15.0,13.6,13.7,533487
2017-03-22,13.7,14.7,13.5,14.65,438783
2017-03-23,14.8,15.22,14.4,15.2,137468
2017-03-24,15.2,15.23,14.1,14.5,259926
2017-03-27,14.45,15.0,14.2,14.95,110486
2017-03-28,14.9,15.3,14.8,15.3,105651
2017-03-29,15.3,15.8,15.3,15.5,92814
2017-03-30,15.5,15.7,15.15,15.3,95317
2017-03-31,15.25,15.35,15.05,15.35,115568
2017-04-03,15.4,15.8,15.4,15.8,78595
2017-04-04,15.75,16.0,15.55,15.85,136496
2017-04-05,16.0,16.16,15.48,15.7,211093
2017-04-06,15.7,15.95,15.5,15.75,238654
2017-04-07,15.75,15.8,15.4,15.7,241071
2017-04-10,15.7,16.0,15.55,15.8,255782
2017-04-11,15.8,15.95,15.52,15.9,166316
2017-04-12,15.8,15.9,15.4,15.75,237169
2017-04-13,15.8,15.8,15.2,15.45,222205
2017-04-17,15.45,15.55,15.1,15.35,174814
2017-04-18,15.35,15.64,15.2,15.4,237612
2017-04-19,15.45,15.51,14.95,15.1,288263
2017-04-20,15.4,17.05,15.25,17.0,830532
2017-04-21,17.1,17.1,16.4,16.6,319899
2017-04-24,16.85,16.92,16.4,16.7,295326
2017-04-25,16.8,16.9,16.5,16.7,221828
2017-04-26,16.65,16.7,16.32,16.4,367087
2017-04-27,16.4,16.5,16.15,16.25,281343
2017-04-28,16.25,16.6,16.1,16.3,260999
2017-05-01,16.4,16.7,16.15,16.55,572905
2017-05-02,16.6,17.0,16.4,16.85,292010
2017-05-03,16.9,16.9,16.25,16.7,582610
2017-05-04,16.75,16.75,16.3,16.6,421906
2017-05-05,16.65,17.0,16.4,16.8,424591
2017-05-08,17.1,17.6,16.9,17.45,873830
2017-05-09,17.55,17.6,17.1,17.5,808749
2017-05-10,17.7,17.85,17.3,17.65,765559
2017-05-11,16.95,16.95,16.2,16.65,552633
2017-05-12,16.65,16.95,16.1,16.3,410856
2017-05-15,16.3,16.35,15.85,15.85,451399
2017-05-16,15.9,16.35,15.25,15.35,482032
2017-05-17,15.25,15.9,14.55,15.7,688496
2017-05-18,15.65,15.95,15.45,15.65,198455
2017-05-19,15.7,16.45,15.7,16.15,229489
2017-05-22,16.25,16.85,16.25,16.45,268571
2017-05-23,16.55,17.45,16.54,17.35,362909
2017-05-24,17.35,17.45,16.9,17.1,234014
2017-05-25,17.2,17.5,16.8,16.8,305581
2017-05-26,16.9,17.4,16.9,17.15,256918
2017-05-30,17.15,17.3,16.6,16.8,341898
2017-05-31,16.8,16.8,16.25,16.65,283874
2017-06-01,16.75,17.2,16.55,17.1,316926
2017-06-02,17.2,17.4,16.85,17.2,772228
2017-06-05,17.1,17.3,16.8,17.25,331335
2017-06-06,17.25,17.35,17.05,17.2,248703
2017-06-07,17.2,17.27,16.85,17.15,265048
2017-06-08,17.05,17.75,17.05,17.45,279785
2017-06-09,17.45,17.7,17.4,17.45,102569
2017-06-12,17.5,17.6,17.25,17.55,98158
2017-06-13,17.55,17.7,17.4,17.6,268238
2017-06-14,17.65,17.7,17.3,17.55,281920
2017-06-15,17.55,17.55,16.8,17.0,215641
2017-06-16,17.0,17.3,16.7,17.1,155598
2017-06-19,17.3,17.45,17.15,17.2,180776
2017-06-20,17.3,17.3,16.85,16.9,135480
2017-06-21,17.0,17.05,16.7,17.0,106162
2017-06-22,17.0,17.45,16.95,17.25,100885
2017-06-23,17.4,17.45,17.25,17.35,130731
2017-06-26,17.45,17.57,17.15,17.25,237921
2017-06-27,17.4,17.7,17.3,17.4,219095
2017-06-28,17.4,18.0,17.2,17.25,286698
2017-06-29,17.25,17.7,17.25,17.5,153810
2017-06-30,17.5,17.65,17.48,17.55,127246
2017-07-03,17.6,17.78,17.5,17.6,94179
2017-07-05,17.65,18.35,17.56,18.3,325587
2017-07-06,18.3,18.3,17.5,17.65,505005
2017-07-07,17.65,17.75,17.35,17.6,250692
2017-07-10,17.65,18.05,17.4,17.85,120506
2017-07-11,17.75,18.3,17.75,18.2,116889
2017-07-12,18.15,18.3,18.0,18.2,172207
2017-07-13,18.25,18.3,18.05,18.05,97322
2017-07-14,18.2,18.25,18.0,18.05,124975
2017-07-17,18.15,18.2,17.95,18.05,65349
2017-07-18,18.25,18.4,18.1,18.25,182355
2017-07-19,18.25,18.46,18.25,18.35,101918
2017-07-20,18.45,19.0,18.3,18.6,265415
2017-07-21,18.5,18.82,18.4,18.65,210522
2017-07-24,18.85,18.85,18.4,18.7,144952
2017-07-25,18.75,18.85,18.55,18.7,217912
2017-07-26,18.8,18.85,18.6,18.7,154118
2017-07-27,18.5,18.55,17.3,18.15,613996
2017-07-28,18.15,18.45,18.05,18.35,157428
2017-07-31,,18.75,,18.75,219001
2017-08-01,18.8,18.8,18.45,18.45,256594
