Date,Open,High,Low,Close,Volume
2012-04-04,14.25,14.55,14.11,14.55,1661262
2012-04-05,14.48,14.74,14.28,14.7,148015
2012-04-09,14.74,14.74,14.4,14.5,44659
2012-04-10,14.5,14.67,14.4,14.5,40425
2012-04-11,14.7,14.7,14.4,14.51,37508
2012-04-12,14.55,14.66,14.5,14.53,31444
2012-04-13,14.7,14.7,14.5,14.64,39200
2012-04-16,14.73,14.73,14.45,14.55,47714
2012-04-17,14.5,14.58,14.45,14.5,58010
2012-04-18,14.35,14.5,14.04,14.49,104646
2012-04-19,14.45,14.45,14.21,14.38,52511
2012-04-20,14.4,14.5,14.4,14.45,29805
2012-04-23,14.42,14.5,14.4,14.49,24612
2012-04-24,14.5,14.5,14.4,14.45,27995
2012-04-25,14.48,14.49,14.36,14.49,52410
2012-04-26,14.36,14.45,14.3,14.31,48100
2012-04-27,14.34,14.5,14.34,14.5,52257
2012-04-30,14.5,14.5,14.3,14.43,52668
2012-05-01,14.3,14.43,14.3,14.32,20560
2012-05-02,14.35,14.71,14.29,14.71,71130
2012-05-03,14.75,14.75,14.5,14.75,54071
2012-05-04,14.75,14.76,14.4,14.75,77241
2012-05-07,14.65,14.65,14.25,14.55,21659
2012-05-08,14.51,14.51,14.2,14.46,33785
2012-05-09,14.4,14.47,14.28,14.46,24544
2012-05-10,14.55,14.58,14.26,14.45,26103
2012-05-11,14.34,14.59,14.27,14.58,29876
2012-05-14,14.62,14.69,14.46,14.56,29296
2012-05-15,14.75,14.75,14.2,14.38,30154
2012-05-16,14.58,14.6,14.29,14.5,34505
2012-05-17,14.48,14.7,14.3,14.3,20998
2012-05-18,14.4,14.7,13.87,14.0,32336
2012-05-21,13.92,14.1,13.07,13.8,47596
2012-05-22,13.97,14.45,13.31,14.45,67878
2012-05-23,14.23,14.39,13.76,14.19,12150
2012-05-24,14.24,14.24,13.8,13.97,18783
2012-05-25,14.04,14.17,13.85,14.14,10200
2012-05-29,14.1,14.34,13.79,14.3,24510
2012-05-30,14.22,14.3,13.92,14.3,21287
2012-05-31,14.36,14.5,14.21,14.5,47869
2012-06-01,14.41,14.46,13.8,13.8,26892
2012-06-04,13.85,14.2,13.8,13.87,10718
2012-06-05,14.08,14.36,13.9,14.2,12543
2012-06-06,14.2,14.44,14.19,14.33,14945
2012-06-07,14.35,14.35,14.2,14.34,9213
2012-06-08,14.34,14.5,14.34,14.5,28476
2012-06-11,14.42,14.7,14.37,14.37,29780
2012-06-12,14.58,14.58,14.06,14.21,37488
2012-06-13,13.83,14.19,13.56,14.18,17615
2012-06-14,14.35,14.4,14.0,14.27,33743
2012-06-15,14.2,14.35,14.02,14.29,23790
2012-06-18,14.35,14.7,14.02,14.37,40191
2012-06-19,14.49,14.5,14.16,14.31,56811
2012-06-20,13.95,14.45,13.88,14.31,41352
2012-06-21,14.41,14.41,14.02,14.26,31747
2012-06-22,14.21,14.45,13.9,14.36,750606
2012-06-25,14.36,14.5,13.93,14.12,61047
2012-06-26,14.2,14.6,14.14,14.3,39004
2012-06-27,14.4,14.49,14.03,14.39,27883
2012-06-28,14.3,14.6,14.3,14.49,69178
2012-06-29,14.6,14.6,14.33,14.46,29271
2012-07-02,14.39,14.75,14.39,14.75,66521
2012-07-03,14.67,14.78,14.36,14.78,12189
2012-07-05,14.64,14.75,14.38,14.49,27738
2012-07-06,14.4,14.49,14.31,14.46,9329
2012-07-09,14.36,14.67,14.36,14.45,30632
2012-07-10,14.55,14.55,14.36,14.43,9540
2012-07-11,14.48,14.75,14.33,14.46,32772
2012-07-12,14.37,14.68,14.37,14.54,17816
2012-07-13,14.59,14.59,14.41,14.49,15069
2012-07-16,14.51,14.64,14.29,14.29,13703
2012-07-17,14.34,14.54,14.32,14.45,15969
2012-07-18,14.41,14.55,14.3,14.47,29168
2012-07-19,14.43,14.43,14.23,14.23,19958
2012-07-20,14.22,14.43,14.22,14.24,27094
2012-07-23,14.22,14.59,14.22,14.28,21831
2012-07-24,14.22,14.43,14.22,14.25,18333
2012-07-25,14.35,14.5,14.06,14.35,57455
2012-07-26,14.5,14.5,14.14,14.46,15812
2012-07-27,14.5,14.51,14.44,14.5,18733
2012-07-30,14.46,14.68,14.25,14.5,43646
2012-07-31,14.58,14.75,14.27,14.52,59392
2012-08-01,14.53,14.73,14.29,14.31,54616
2012-08-02,14.35,14.49,14.29,14.34,27831
2012-08-03,14.4,14.5,14.32,14.5,43810
2012-08-06,14.44,14.6,14.36,14.49,19451
2012-08-07,14.42,14.49,14.21,14.46,30035
2012-08-08,14.34,14.69,14.32,14.6,19179
2012-08-09,14.7,14.74,14.45,14.65,39102
2012-08-10,14.69,14.84,14.62,14.64,103484
2012-08-13,14.73,14.99,14.62,14.76,90630
2012-08-14,14.87,14.87,14.61,14.66,120802
2012-08-15,14.99,14.99,14.71,14.81,102033
2012-08-16,14.91,15.65,14.76,14.82,91017
2012-08-17,14.87,14.94,14.8,14.9,29527
2012-08-20,14.78,15.02,14.76,14.88,56295
2012-08-21,14.97,15.0,14.71,14.71,68548
2012-08-22,14.76,14.89,14.6,14.7,58352
2012-08-23,14.77,14.8,14.68,14.69,40059
2012-08-24,14.74,15.0,14.67,14.9,36595
2012-08-27,14.92,15.0,14.77,14.87,95970
2012-08-28,14.89,15.0,14.87,14.94,74991
2012-08-29,15.03,15.03,14.9,15.02,395927
2012-08-30,15.05,15.33,15.04,15.1,66272
2012-08-31,15.19,15.5,15.19,15.41,93988
2012-09-04,15.48,15.5,15.01,15.5,43228
2012-09-05,15.5,15.6,15.31,15.48,68977
2012-09-06,15.45,15.5,15.35,15.45,110275
2012-09-07,15.55,15.55,15.3,15.41,44470
2012-09-10,15.48,15.63,15.33,15.37,70551
2012-09-11,15.42,16.19,15.39,15.63,54586
2012-09-12,15.42,15.5,15.02,15.31,49062
2012-09-13,15.17,15.69,15.0,15.28,104369
2012-09-14,15.35,15.55,15.19,15.42,57805
2012-09-17,15.42,15.65,15.21,15.48,60244
2012-09-18,15.5,15.7,15.35,15.47,89560
2012-09-19,15.57,15.6,15.43,15.55,53953
2012-09-20,15.46,15.55,15.1,15.32,35900
2012-09-21,15.37,15.8,15.26,15.42,53731
2012-09-24,15.5,15.75,15.26,15.42,77678
2012-09-25,15.45,15.69,15.32,15.45,49975
2012-09-26,15.45,15.73,15.45,15.7,40912
2012-09-27,15.75,16.0,15.58,15.9,61416
2012-09-28,16.19,16.19,15.76,15.96,89077
2012-10-01,16.07,16.12,15.5,15.8,51902
2012-10-02,15.76,16.09,15.53,15.61,20424
2012-10-03,15.66,15.9,15.5,15.64,35628
2012-10-04,15.75,15.9,15.53,15.75,24738
2012-10-05,15.86,15.86,15.59,15.77,23846
2012-10-08,15.78,15.97,15.56,15.56,20457
2012-10-09,15.62,15.81,15.32,15.41,47828
2012-10-10,15.44,15.73,15.31,15.6,38019
2012-10-11,15.65,15.8,15.41,15.57,23178
2012-10-12,15.57,16.0,15.44,15.67,52597
2012-10-15,15.7,15.95,15.2,15.36,55481
2012-10-16,15.47,15.73,15.37,15.48,18750
2012-10-17,15.56,15.56,15.21,15.37,42007
2012-10-18,15.45,15.45,15.18,15.4,85516
2012-10-19,15.53,15.53,15.32,15.32,64436
2012-10-22,15.53,15.53,15.1,15.35,38591
2012-10-23,15.27,15.49,15.01,15.4,39311
2012-10-24,15.4,15.4,15.16,15.26,32043
2012-10-25,15.37,15.45,15.25,15.42,27534
2012-10-26,15.45,15.45,15.2,15.31,16670
2012-10-31,15.39,15.59,15.29,15.33,36322
2012-11-01,15.41,15.46,15.09,15.37,44850
2012-11-02,15.44,15.46,15.24,15.3,22459
2012-11-05,15.38,15.42,15.12,15.4,24999
2012-11-06,15.45,15.45,15.3,15.45,71483
2012-11-07,15.34,15.34,15.07,15.16,43151
2012-11-08,15.22,15.3,15.15,15.25,34962
2012-11-09,15.0,15.3,15.0,15.23,36315
2012-11-12,15.24,15.26,14.98,15.12,25965
2012-11-13,15.14,15.3,15.1,15.17,49498
2012-11-14,15.14,15.24,14.85,14.88,37257
2012-11-15,14.96,15.24,14.96,15.09,122479
2012-11-16,15.03,15.24,14.92,15.03,127473
2012-11-19,15.13,15.46,15.03,15.1,102165
2012-11-20,15.06,15.45,14.99,15.0,159417
2012-11-21,15.08,15.14,14.97,15.0,136619
2012-11-23,15.06,15.24,14.95,15.0,43083
2012-11-26,15.03,15.25,14.98,15.03,74945
2012-11-27,15.07,15.49,15.06,15.21,64117
2012-11-28,15.25,15.25,14.86,14.98,104328
2012-11-29,15.12,15.23,14.92,15.0,148458
2012-11-30,14.96,15.05,14.9,15.01,1165349
2012-12-03,15.13,15.13,14.91,15.0,161317
2012-12-04,15.05,15.1,14.94,15.0,72404
2012-12-05,15.0,15.04,14.9,15.0,96681
2012-12-06,15.07,15.07,14.93,14.99,60778
2012-12-07,14.96,15.0,14.81,14.85,86013
2012-12-10,14.94,15.02,14.75,14.8,142483
2012-12-11,14.9,15.05,14.72,14.8,123167
2012-12-12,14.89,14.95,14.64,14.74,135859
2012-12-13,14.64,14.79,14.39,14.74,65849
2012-12-14,14.56,16.19,14.51,14.89,77208
2012-12-17,14.85,14.91,14.59,14.84,77869
2012-12-18,14.8,14.8,14.65,14.75,110039
2012-12-19,14.85,15.0,14.73,14.9,106624
2012-12-20,14.95,15.03,14.73,14.89,181950
2012-12-21,14.88,14.92,14.56,14.8,178818
2012-12-24,14.85,14.91,14.67,14.82,16974
2012-12-26,14.8,14.82,14.65,14.67,78063
2012-12-27,14.62,14.79,14.53,14.76,59005
2012-12-28,14.8,14.8,14.6,14.66,69957
2012-12-31,14.78,14.78,14.57,14.74,139360
2013-01-02,14.86,14.94,14.63,14.79,109402
2013-01-03,14.83,14.85,14.66,14.74,94476
2013-01-04,14.79,14.81,14.65,14.69,88279
2013-01-07,14.69,14.81,14.62,14.79,118581
2013-01-08,14.79,14.83,14.67,14.8,113347
2013-01-09,14.79,14.83,14.67,14.71,209235
2013-01-10,14.73,14.73,14.6,14.68,286082
2013-01-11,14.71,14.75,14.63,14.69,349586
2013-01-14,14.64,14.75,14.61,14.66,252126
2013-01-15,14.58,14.68,14.58,14.64,176439
2013-01-16,14.66,14.85,14.65,14.8,580081
2013-01-17,14.84,14.95,14.79,14.9,168655
2013-01-18,14.94,14.96,14.82,14.85,90971
2013-01-22,14.92,14.93,14.65,14.86,112786
2013-01-23,14.79,14.9,14.73,14.79,153257
2013-01-24,14.76,14.86,14.66,14.76,94136
2013-01-25,14.85,14.88,14.72,14.78,78549
2013-01-28,14.84,14.86,14.74,14.76,84525
2013-01-29,14.84,14.88,14.66,14.86,234774
2013-01-30,14.95,14.95,14.72,14.77,169944
2013-01-31,14.75,14.92,14.75,14.83,130416
2013-02-01,14.82,14.94,14.79,14.94,161988
2013-02-04,14.98,15.03,14.86,14.95,145955
2013-02-05,14.95,15.0,14.82,14.99,85634
2013-02-06,15.0,15.0,14.86,14.93,103774
2013-02-07,15.0,15.0,14.75,14.78,110026
2013-02-08,14.88,14.97,14.8,14.91,171186
2013-02-11,14.96,14.96,14.77,14.86,85924
2013-02-12,14.84,14.95,14.84,14.89,119558
2013-02-13,14.93,15.25,14.89,15.12,254815
2013-02-14,15.09,15.64,15.09,15.43,190307
2013-02-15,15.52,15.6,15.3,15.48,129736
2013-02-19,15.65,15.77,15.31,15.5,310243
2013-02-20,15.44,15.55,15.25,15.3,122544
2013-02-21,15.25,15.62,15.04,15.35,86720
2013-02-22,15.42,15.55,14.94,15.5,112873
2013-02-25,15.55,15.6,15.15,15.26,141280
2013-02-26,15.36,15.59,15.21,15.34,53468
2013-02-27,15.41,15.58,15.21,15.43,93921
2013-02-28,15.5,15.8,15.38,15.68,121792
2013-03-01,15.91,15.97,15.7,15.96,179332
2013-03-04,15.87,15.97,15.59,15.79,92749
2013-03-05,15.83,15.96,15.75,15.9,83303
2013-03-06,15.83,15.89,15.37,15.53,103496
2013-03-07,15.5,15.95,15.5,15.88,76965
2013-03-08,15.91,15.92,15.39,15.68,118822
2013-03-11,15.62,15.97,15.6,15.69,82033
2013-03-12,15.75,15.95,15.7,15.88,117035
2013-03-13,15.94,16.1,15.77,15.87,118561
2013-03-14,15.52,15.91,15.51,15.84,100769
2013-03-15,15.78,16.18,15.51,16.16,232995
2013-03-18,15.94,16.13,15.7,15.98,128345
2013-03-19,16.01,16.24,15.6,15.69,174122
2013-03-20,15.71,16.14,15.71,16.03,105367
2013-03-21,16.05,16.12,15.8,15.94,71994
2013-03-22,15.89,16.05,15.75,15.75,70950
2013-03-25,15.82,16.0,15.75,15.86,60307
2013-03-26,15.83,15.84,15.61,15.7,45752
2013-03-27,15.84,15.84,15.6,15.71,40647
2013-03-28,15.8,16.06,15.6,15.96,100960
2013-04-01,16.04,16.04,15.78,15.8,65435
2013-04-02,15.89,16.0,15.75,15.86,77055
2013-04-03,15.75,15.95,15.48,15.49,121555
2013-04-04,15.54,15.75,15.23,15.33,109645
2013-04-05,15.22,15.3,15.0,15.24,133441
2013-04-08,15.35,15.48,15.2,15.39,28922
2013-04-09,15.46,15.46,15.12,15.18,115553
2013-04-10,15.19,15.7,15.1,15.52,131648
2013-04-11,15.58,15.58,15.18,15.28,53093
2013-04-12,15.31,15.45,15.22,15.33,32462
2013-04-15,15.36,15.49,15.11,15.19,65666
2013-04-16,15.28,15.67,15.12,15.47,81182
2013-04-17,15.45,15.46,15.03,15.15,42078
2013-04-18,15.24,15.34,15.01,15.01,40574
2013-04-19,15.03,15.43,15.03,15.4,45656
2013-04-22,15.4,15.63,15.13,15.41,65648
2013-04-23,15.51,15.61,15.33,15.54,62148
2013-04-24,15.58,15.71,15.52,15.69,64944
2013-04-25,15.98,15.98,15.57,15.78,74400
2013-04-26,15.84,15.84,15.45,15.66,29608
2013-04-29,15.76,15.95,15.63,15.83,70372
2013-04-30,15.87,15.92,15.61,15.67,74191
2013-05-01,15.73,15.88,15.46,15.47,57725
2013-05-02,15.46,15.94,15.46,15.65,92630
2013-05-03,15.65,15.91,15.54,15.58,67489
2013-05-06,15.5,15.85,15.45,15.73,86165
2013-05-07,15.79,15.79,15.55,15.64,87886
2013-05-08,15.65,15.91,15.59,15.67,165117
2013-05-09,15.68,15.83,15.45,15.55,111129
2013-05-10,15.63,15.85,15.49,15.7,53763
2013-05-13,15.77,15.79,15.52,15.64,103268
2013-05-14,15.69,15.94,15.61,15.91,141580
2013-05-15,15.9,15.96,15.75,15.81,132288
2013-05-16,15.85,15.91,15.79,15.87,107797
2013-05-17,15.95,15.95,15.65,15.73,110240
2013-05-20,15.7,16.2,15.7,16.2,222708
2013-05-21,15.6,15.69,15.59,15.63,3450541
2013-05-22,15.7,15.83,15.63,15.68,733097
2013-05-23,15.63,16.0,15.62,15.93,458454
2013-05-24,15.97,16.02,15.8,15.97,233679
2013-05-28,16.1,16.2,15.76,16.12,867229
2013-05-29,16.34,16.34,16.0,16.26,532956
2013-05-30,16.3,16.3,16.0,16.18,363204
2013-05-31,16.25,16.25,16.0,16.0,360113
2013-06-03,16.08,16.25,15.63,15.93,450500
2013-06-04,16.01,16.17,15.94,16.05,259697
2013-06-05,15.52,15.76,15.29,15.64,242952
2013-06-06,15.63,15.84,15.53,15.76,232902
2013-06-07,15.81,16.1,15.62,16.02,238341
2013-06-10,15.97,16.03,15.8,16.02,212821
2013-06-11,15.9,16.09,15.85,15.97,120420
2013-06-12,16.0,16.0,15.56,15.62,203760
2013-06-13,15.58,16.0,15.55,15.94,180489
2013-06-14,15.95,16.06,15.8,16.02,149432
2013-06-17,16.1,16.33,15.97,16.31,452623
2013-06-18,16.2,16.35,15.97,16.23,360910
2013-06-19,16.07,16.43,16.06,16.22,368405
2013-06-20,16.2,16.37,15.96,16.22,413231
2013-06-21,16.21,16.39,16.06,16.08,450396
2013-06-24,16.0,16.0,15.66,15.97,303728
2013-06-25,16.1,16.34,15.89,16.19,259006
2013-06-26,16.13,16.28,16.03,16.23,284999
2013-06-27,16.3,16.55,16.18,16.51,409617
2013-06-28,16.59,16.9,16.31,16.77,3176653
2013-07-01,16.66,16.73,16.33,16.34,262231
2013-07-02,16.37,16.94,16.06,16.18,178425
2013-07-03,16.16,16.38,16.06,16.3,75583
2013-07-05,16.5,16.54,16.04,16.11,162569
2013-07-08,16.28,16.44,16.2,16.25,133306
2013-07-09,16.45,16.52,16.28,16.41,215605
2013-07-10,16.45,16.66,16.41,16.65,149722
2013-07-11,16.7,16.75,16.53,16.68,198991
2013-07-12,16.68,16.77,16.58,16.67,85075
2013-07-15,16.73,16.8,16.63,16.8,212630
2013-07-16,16.75,16.75,16.55,16.68,188351
2013-07-17,16.64,16.76,16.52,16.65,127069
2013-07-18,16.65,16.7,16.5,16.69,98846
2013-07-19,16.7,16.8,16.5,16.8,124024
2013-07-22,16.62,16.62,16.09,16.5,325853
2013-07-23,16.5,16.58,16.29,16.48,159910
2013-07-24,16.5,16.57,16.19,16.23,158175
2013-07-25,16.11,16.4,16.1,16.35,180281
2013-07-26,16.3,16.38,16.1,16.2,95926
2013-07-29,16.19,16.35,16.09,16.27,128240
2013-07-30,16.43,16.46,16.1,16.16,126480
2013-07-31,16.15,16.21,15.88,15.89,180628
2013-08-01,15.93,16.09,15.76,15.95,117642
2013-08-02,15.9,16.09,15.88,16.02,92818
2013-08-05,15.91,16.08,15.85,15.96,90738
2013-08-06,15.95,16.09,15.81,15.84,119768
2013-08-07,15.81,15.94,15.59,15.6,203475
2013-08-08,15.6,15.81,15.47,15.57,192135
2013-08-09,15.51,15.68,15.28,15.39,131418
2013-08-12,15.39,15.5,15.25,15.29,203653
2013-08-13,15.3,15.36,15.2,15.24,175190
2013-08-14,15.24,15.39,15.22,15.26,83599
2013-08-15,15.24,15.49,15.01,15.05,222777
2013-08-16,15.05,15.34,15.05,15.11,151367
2013-08-19,15.1,15.3,14.87,14.99,204468
2013-08-20,15.12,15.4,15.03,15.22,145240
2013-08-21,15.25,15.38,15.16,15.28,248921
2013-08-22,15.47,15.83,15.33,15.45,321327
2013-08-23,15.49,15.59,15.41,15.5,254748
2013-08-26,15.64,15.75,15.54,15.64,156681
2013-08-27,15.64,15.74,15.41,15.43,226148
2013-08-28,15.48,15.58,15.4,15.47,243158
2013-08-29,15.45,15.7,15.44,15.65,192683
2013-08-30,15.6,15.73,15.47,15.58,298314
2013-09-03,15.69,15.78,15.62,15.74,267705
2013-09-04,15.74,15.99,15.61,15.99,626792
2013-09-05,15.55,15.76,15.3,15.33,254509
2013-09-06,15.35,15.48,15.26,15.43,147354
2013-09-09,15.45,15.63,15.35,15.56,139190
2013-09-10,15.73,15.89,15.6,15.81,289761
2013-09-11,15.74,15.94,15.69,15.87,246405
2013-09-12,15.82,16.05,15.82,15.9,191418
2013-09-13,15.97,16.05,15.82,15.98,157001
2013-09-16,16.05,16.06,15.94,16.01,151022
2013-09-17,15.97,16.04,15.9,16.04,153977
2013-09-18,16.01,16.17,15.9,16.05,267541
2013-09-19,16.15,16.16,15.9,16.13,154563
2013-09-20,16.13,16.15,15.95,16.0,216902
2013-09-23,15.95,16.05,15.85,15.9,121072
2013-09-24,15.95,16.24,15.88,16.22,185818
2013-09-25,16.25,16.47,16.15,16.25,146290
2013-09-26,15.65,15.73,15.62,15.64,2184295
2013-09-27,15.68,16.08,15.68,16.07,1608753
2013-09-30,16.0,16.25,15.88,16.23,990007
2013-10-01,16.14,16.36,16.14,16.28,497132
2013-10-02,16.25,16.33,16.2,16.26,562468
2013-10-03,16.25,16.26,16.0,16.09,299799
2013-10-04,16.07,16.26,16.0,16.12,239327
2013-10-07,16.09,16.31,16.03,16.28,286987
2013-10-08,16.22,16.33,16.01,16.06,178154
2013-10-09,16.06,16.07,15.95,15.98,171841
2013-10-10,16.01,16.35,16.0,16.26,206089
2013-10-11,16.19,16.36,16.08,16.32,141748
2013-10-14,16.19,16.36,16.14,16.35,73532
2013-10-15,16.27,16.36,16.07,16.19,131900
2013-10-16,16.24,16.46,16.2,16.31,158745
2013-10-17,16.31,16.57,16.31,16.5,146428
2013-10-18,16.63,16.63,16.3,16.51,168647
2013-10-21,16.65,16.89,16.58,16.79,305872
2013-10-22,16.8,16.9,16.75,16.8,285166
2013-10-23,16.79,16.9,16.7,16.84,257766
2013-10-24,16.86,16.91,16.75,16.85,160581
2013-10-25,16.9,16.9,16.76,16.9,141520
2013-10-28,16.83,16.9,16.6,16.85,213915
2013-10-29,16.8,16.9,16.75,16.78,208184
2013-10-30,16.75,16.82,16.64,16.71,260286
2013-10-31,16.7,16.8,16.62,16.67,737838
2013-11-01,16.62,16.95,16.61,16.89,257382
2013-11-04,16.84,17.09,16.84,17.01,260376
2013-11-05,17.02,17.12,16.91,16.95,378509
2013-11-06,16.96,17.05,16.87,16.92,145589
2013-11-07,17.0,17.1,16.88,16.88,147475
2013-11-08,16.85,17.41,16.85,17.27,368441
2013-11-11,17.29,17.7,17.24,17.31,244458
2013-11-12,17.29,17.29,17.1,17.18,172453
2013-11-13,17.1,17.27,17.05,17.26,128100
2013-11-14,17.26,17.38,17.14,17.27,91748
2013-11-15,17.28,17.34,17.16,17.3,107470
2013-11-18,17.33,17.45,17.21,17.42,169249
2013-11-19,17.2,17.45,17.07,17.11,241292
2013-11-20,17.17,17.34,17.01,17.05,223272
2013-11-21,17.08,17.31,17.08,17.15,149227
2013-11-22,17.21,17.3,17.01,17.21,191361
2013-11-25,17.25,17.39,17.2,17.33,240107
2013-11-26,17.12,17.25,16.9,16.91,345408
2013-11-27,16.85,17.14,16.8,17.06,229270
2013-11-29,17.15,17.48,17.06,17.3,112879
2013-12-02,17.31,17.34,16.8,16.93,319786
2013-12-03,16.83,16.98,16.61,16.87,712035
2013-12-04,16.85,17.11,16.79,16.98,233169
2013-12-05,16.93,17.11,16.77,16.81,238231
2013-12-06,16.52,16.71,16.5,16.62,192628
2013-12-09,16.58,16.78,16.45,16.68,217785
2013-12-10,16.61,16.72,16.51,16.52,220520
2013-12-11,16.55,16.7,16.52,16.57,211420
2013-12-12,16.53,16.68,16.43,16.49,289520
2013-12-13,15.9,16.12,15.8,16.11,3364354
2013-12-16,16.22,16.49,16.11,16.45,587075
2013-12-17,16.5,16.9,16.31,16.85,631124
2013-12-18,16.8,17.09,16.74,17.05,599602
2013-12-19,16.95,17.05,16.8,16.81,221652
2013-12-20,16.88,17.03,16.58,16.86,1078553
2013-12-23,16.96,17.0,16.8,16.91,214399
2013-12-24,16.84,16.95,16.73,16.81,180705
2013-12-26,16.81,16.92,16.75,16.84,190134
2013-12-27,16.92,17.01,16.84,16.98,285997
2013-12-30,16.93,17.05,16.72,16.74,226094
2013-12-31,16.84,16.89,16.7,16.78,353756
2014-01-02,16.7,16.85,16.52,16.71,269237
2014-01-03,16.69,16.96,16.66,16.87,213990
2014-01-06,16.99,17.12,16.91,16.98,314327
2014-01-07,17.0,17.1,16.95,17.09,274995
2014-01-08,17.05,17.15,16.95,17.09,349778
2014-01-09,17.16,17.44,17.11,17.44,688016
2014-01-10,17.4,17.42,17.21,17.31,186826
2014-01-13,17.29,17.36,16.93,17.05,223193
2014-01-14,17.05,17.24,16.96,17.05,310328
2014-01-15,17.03,17.25,16.9,17.15,232701
2014-01-16,17.07,17.37,17.04,17.31,245728
2014-01-17,17.25,17.4,17.12,17.33,148084
2014-01-21,17.4,17.48,17.35,17.44,174748
2014-01-22,17.44,17.6,17.35,17.52,232696
2014-01-23,17.56,17.65,17.36,17.52,227948
2014-01-24,17.51,17.6,17.14,17.23,336758
2014-01-27,17.2,17.35,16.9,17.25,464002
2014-01-28,17.27,17.29,16.96,17.23,213824
2014-01-29,17.12,17.25,17.01,17.07,152899
2014-01-30,17.18,17.5,16.91,17.3,345082
2014-01-31,17.08,17.42,17.03,17.32,571862
2014-02-03,17.35,17.35,17.1,17.19,439625
2014-02-04,17.2,17.28,17.14,17.22,235665
2014-02-05,17.18,17.18,16.91,16.98,193456
2014-02-06,16.97,17.26,16.97,17.04,164013
2014-02-07,17.02,17.25,16.93,17.21,195562
2014-02-10,17.15,17.42,17.15,17.38,172541
2014-02-11,17.32,17.54,17.28,17.47,236415
2014-02-12,17.23,17.5,17.16,17.37,187304
2014-02-13,17.21,17.64,17.2,17.48,405822
2014-02-14,17.5,17.77,17.3,17.59,306181
2014-02-18,17.6,18.0,17.53,17.84,524789
2014-02-19,17.87,17.92,17.53,17.55,309913
2014-02-20,17.5,17.98,17.5,17.94,286809
2014-02-21,18.05,18.13,17.8,17.97,321641
2014-02-24,17.97,18.15,17.8,17.83,316854
2014-02-25,17.88,17.88,17.03,17.15,644166
2014-02-26,17.2,17.58,17.16,17.49,319823
2014-02-27,17.5,17.72,17.31,17.69,285591
2014-02-28,17.75,17.9,17.57,17.68,221890
2014-03-03,17.62,17.71,17.5,17.61,189448
2014-03-04,17.66,17.73,17.12,17.18,686762
2014-03-05,17.2,17.51,17.14,17.38,382402
2014-03-06,17.63,18.01,17.33,17.53,407543
2014-03-07,17.33,17.35,16.84,17.22,660586
2014-03-10,17.13,17.23,16.92,16.96,651975
2014-03-11,17.09,17.09,16.68,16.78,416828
2014-03-12,16.77,16.98,16.55,16.69,437584
2014-03-13,16.35,16.64,16.23,16.39,470728
2014-03-14,16.39,16.6,16.18,16.54,430624
2014-03-17,16.6,16.76,16.43,16.52,344521
2014-03-18,16.5,16.68,16.39,16.51,281928
2014-03-19,16.45,16.56,16.33,16.52,339852
2014-03-20,16.55,16.7,16.41,16.57,250709
2014-03-21,16.63,16.71,16.47,16.63,657864
2014-03-24,16.72,16.82,16.63,16.74,266185
2014-03-25,16.68,16.79,16.55,16.67,191960
2014-03-26,16.72,16.75,16.3,16.36,354816
2014-03-27,16.3,16.68,16.3,16.44,228057
2014-03-28,16.4,16.77,16.4,16.68,598096
2014-03-31,16.85,16.85,16.55,16.55,350805
2014-04-01,16.6,16.77,16.51,16.68,250368
2014-04-02,16.76,16.89,16.6,16.71,204003
2014-04-03,16.59,16.96,16.59,16.84,271785
2014-04-04,16.99,16.99,16.6,16.72,258688
2014-04-07,16.72,16.72,16.42,16.5,312795
2014-04-08,16.5,16.71,16.5,16.57,261784
2014-04-09,16.67,16.74,16.54,16.65,181027
2014-04-10,16.72,16.75,16.36,16.37,296007
2014-04-11,16.35,16.53,16.21,16.23,258795
2014-04-14,16.38,16.63,16.24,16.33,171049
2014-04-15,16.35,16.67,16.06,16.32,379625
2014-04-16,16.4,16.64,16.28,16.54,222329
2014-04-17,16.55,16.77,16.42,16.62,181375
2014-04-21,16.7,16.74,16.53,16.63,163992
2014-04-22,16.6,16.75,16.58,16.63,217572
2014-04-23,16.64,16.84,16.5,16.72,270687
2014-04-24,16.85,16.9,16.45,16.47,242459
2014-04-25,16.49,16.62,16.4,16.52,289370
2014-04-28,16.54,16.63,16.28,16.3,298027
2014-04-29,16.31,16.35,16.12,16.14,485390
2014-04-30,16.15,16.29,16.06,16.19,413101
2014-05-01,16.18,16.18,15.9,16.05,368295
2014-05-02,16.14,16.3,16.01,16.1,255956
2014-05-05,15.98,16.23,15.92,16.03,271179
2014-05-06,16.03,16.1,15.88,15.91,295577
2014-05-07,15.99,16.01,15.62,15.8,434295
2014-05-08,15.85,16.09,15.78,15.84,355620
2014-05-09,15.77,15.84,15.61,15.8,369856
2014-05-12,15.9,15.98,15.8,15.89,373776
2014-05-13,15.81,15.96,15.76,15.8,389436
2014-05-14,15.85,16.09,15.77,15.86,316006
2014-05-15,16.04,16.18,15.78,16.01,385546
2014-05-16,16.1,16.18,15.97,16.18,251018
2014-05-19,16.22,16.38,16.03,16.3,301238
2014-05-20,16.37,16.45,16.14,16.28,312085
2014-05-21,16.38,16.41,16.22,16.34,284019
2014-05-22,16.53,16.82,16.38,16.76,381864
2014-05-23,16.81,16.96,16.72,16.93,297572
2014-05-27,16.95,17.13,16.9,17.03,285262
2014-05-28,17.08,17.14,16.94,17.03,283436
2014-05-29,17.12,17.28,17.03,17.08,299721
2014-05-30,17.2,17.2,17.01,17.16,499720
2014-06-02,17.26,17.26,17.03,17.06,230493
2014-06-03,17.09,17.2,17.0,17.16,265058
2014-06-04,17.21,17.25,16.96,17.19,264553
2014-06-05,17.29,17.4,17.1,17.4,328009
2014-06-06,17.5,17.67,17.27,17.51,268194
2014-06-09,17.55,17.64,17.35,17.55,342856
2014-06-10,17.68,17.94,17.47,17.57,321701
2014-06-11,17.56,17.63,17.36,17.46,367235
2014-06-12,17.52,17.62,17.36,17.48,235214
2014-06-13,17.63,17.99,17.55,17.95,479949
2014-06-16,17.17,17.5,17.1,17.28,351472
2014-06-17,17.27,17.86,17.27,17.62,326529
2014-06-18,17.65,17.79,17.45,17.66,322439
2014-06-19,17.7,17.72,17.51,17.66,242407
2014-06-20,17.76,17.76,17.46,17.65,413277
2014-06-23,17.74,17.85,17.61,17.76,289606
2014-06-24,17.8,17.94,17.69,17.71,399727
2014-06-25,17.75,17.95,17.65,17.87,294273
2014-06-26,17.9,18.42,17.87,18.31,551670
2014-06-27,18.22,18.27,17.95,18.22,6276000
2014-06-30,18.39,18.39,18.1,18.21,484220
2014-07-01,18.26,18.55,18.18,18.29,447097
2014-07-02,18.23,18.35,18.14,18.31,348213
2014-07-03,18.4,18.4,18.16,18.24,108398
2014-07-07,18.15,18.19,17.92,18.01,301283
2014-07-08,17.99,18.0,17.73,17.76,320192
2014-07-09,17.76,18.03,17.7,17.83,263413
2014-07-10,17.63,17.75,17.42,17.73,327403
2014-07-11,17.65,17.74,17.55,17.7,208042
2014-07-14,17.84,17.92,17.65,17.79,168688
2014-07-15,17.86,17.92,17.71,17.78,160373
2014-07-16,17.78,17.91,17.62,17.68,207596
2014-07-17,17.6,17.79,17.56,17.57,150760
2014-07-18,17.65,17.75,17.5,17.59,250703
2014-07-21,17.62,17.75,17.5,17.68,130406
2014-07-22,17.8,17.8,17.58,17.63,165921
2014-07-23,17.58,17.73,17.53,17.67,121686
2014-07-24,17.73,17.82,17.61,17.77,129099
2014-07-25,17.8,17.88,17.62,17.69,129359
2014-07-28,17.79,17.89,17.71,17.77,250361
2014-07-29,17.17,17.3,17.16,17.25,4296052
2014-07-30,17.32,17.32,17.24,17.24,492698
2014-07-31,17.2,17.27,17.1,17.1,500383
2014-08-01,17.1,17.19,17.09,17.19,352450
2014-08-04,17.17,17.25,17.11,17.2,282611
2014-08-05,17.15,17.25,17.1,17.17,228216
2014-08-06,17.1,17.19,17.0,17.0,399275
2014-08-07,17.03,17.25,17.0,17.12,301019
2014-08-08,17.13,17.33,17.1,17.33,255283
2014-08-11,17.41,17.41,17.21,17.24,196357
2014-08-12,17.14,17.25,16.99,17.17,243437
2014-08-13,17.19,17.3,17.18,17.22,160493
2014-08-14,17.25,17.25,17.08,17.09,213305
2014-08-15,17.12,17.24,17.0,17.15,173341
2014-08-18,17.15,17.34,17.14,17.29,409193
2014-08-19,17.31,17.35,17.25,17.31,297953
2014-08-20,17.31,17.35,17.11,17.23,216490
2014-08-21,17.24,17.33,17.2,17.28,167034
2014-08-22,17.33,17.34,17.17,17.32,199793
2014-08-25,17.32,17.64,17.22,17.6,728515
2014-08-26,17.66,17.67,17.49,17.57,259560
2014-08-27,17.65,17.68,17.41,17.46,284379
2014-08-28,17.5,17.6,17.26,17.59,237041
2014-08-29,17.65,17.65,17.44,17.63,188859
2014-09-02,17.65,17.69,17.54,17.57,196227
2014-09-03,17.65,17.65,17.48,17.58,226534
2014-09-04,17.7,17.71,17.51,17.62,241329
2014-09-05,17.63,17.64,17.43,17.48,185353
2014-09-08,17.54,17.68,17.36,17.39,229269
2014-09-09,17.44,17.59,17.34,17.52,246380
2014-09-10,17.58,17.63,17.4,17.51,190819
2014-09-11,17.58,17.63,17.41,17.52,226247
2014-09-12,17.13,17.24,17.01,17.05,357644
2014-09-15,17.05,17.05,16.72,16.77,267035
2014-09-16,16.72,16.91,16.46,16.57,332032
2014-09-17,16.66,16.86,16.64,16.76,185423
2014-09-18,16.83,16.87,16.72,16.73,114916
2014-09-19,16.77,16.78,16.45,16.64,487556
2014-09-22,16.57,16.62,16.33,16.42,252011
2014-09-23,16.47,16.59,16.33,16.4,220967
2014-09-24,16.39,16.52,16.35,16.51,213267
2014-09-25,16.56,16.62,16.23,16.4,406172
2014-09-26,16.36,16.55,16.32,16.43,251672
2014-09-29,16.41,16.46,16.3,16.39,368991
2014-09-30,16.48,16.49,16.07,16.07,517895
2014-10-01,16.14,16.25,16.02,16.24,374615
2014-10-02,16.32,16.32,15.83,16.02,418756
2014-10-03,16.03,16.16,15.95,16.02,284670
2014-10-06,15.98,16.07,15.94,15.97,186659
2014-10-07,15.95,16.07,15.83,15.99,234327
2014-10-08,15.91,15.94,15.66,15.9,276385
2014-10-09,15.94,15.99,15.77,15.82,202572
2014-10-10,15.87,15.87,15.27,15.42,345663
2014-10-13,15.51,15.64,15.35,15.43,347691
2014-10-14,15.43,15.53,15.31,15.38,230266
2014-10-15,15.41,15.44,15.03,15.25,392802
2014-10-16,15.27,16.1,15.25,16.09,431653
2014-10-17,16.23,16.34,16.07,16.18,253677
2014-10-20,16.1,16.22,15.87,15.97,251957
2014-10-21,15.92,16.13,15.91,16.05,270857
2014-10-22,16.11,16.23,16.0,16.07,201053
2014-10-23,16.22,16.22,15.77,15.93,263042
2014-10-24,15.88,16.11,15.85,16.08,187216
2014-10-27,15.98,16.36,15.93,16.21,328147
2014-10-28,16.31,16.36,16.13,16.3,206473
2014-10-29,16.4,16.63,16.3,16.42,278748
2014-10-30,16.48,16.54,16.35,16.51,118680
2014-10-31,16.7,17.03,16.47,16.89,340318
2014-11-03,16.79,17.01,16.53,16.7,162705
2014-11-04,16.68,16.78,16.52,16.62,163252
2014-11-05,16.77,16.77,16.54,16.61,203581
2014-11-06,16.73,16.89,16.48,16.65,163223
2014-11-07,16.73,17.0,16.66,16.93,248652
2014-11-10,16.97,17.29,16.88,17.19,313068
2014-11-11,17.25,17.32,17.0,17.04,271503
2014-11-12,17.07,17.24,16.96,17.13,202274
2014-11-13,17.21,17.21,17.01,17.12,187099
2014-11-14,17.22,17.26,17.05,17.14,188634
2014-11-17,17.14,17.23,17.0,17.11,176108
2014-11-18,17.19,17.25,17.05,17.06,155621
2014-11-19,17.09,17.25,17.07,17.07,172318
2014-11-20,17.19,17.54,17.1,17.47,350602
2014-11-21,16.87,16.93,16.75,16.75,4412499
2014-11-24,16.9,16.9,16.8,16.85,404390
2014-11-25,16.85,17.0,16.85,17.0,404249
2014-11-26,17.05,17.09,16.95,17.01,299594
2014-11-28,17.02,17.1,17.0,17.06,187644
2014-12-01,17.05,17.06,16.84,16.87,444215
2014-12-02,17.02,17.04,16.8,16.86,231918
2014-12-03,16.86,16.99,16.85,16.86,307023
2014-12-04,16.85,16.86,16.5,16.5,474965
2014-12-05,16.5,16.69,16.4,16.45,214978
2014-12-08,16.45,16.69,16.14,16.21,555858
2014-12-09,16.2,16.66,15.9,16.58,692903
2014-12-10,16.51,16.54,16.1,16.23,351423
2014-12-11,16.22,16.41,16.05,16.07,283001
2014-12-12,16.0,16.0,15.7,15.89,541650
2014-12-15,16.04,16.35,15.65,15.68,491556
2014-12-16,15.6,15.86,15.39,15.48,445496
2014-12-17,15.45,15.78,15.45,15.59,393696
2014-12-18,16.14,16.49,15.94,16.47,401762
2014-12-19,16.45,16.65,16.34,16.61,369736
2014-12-22,16.55,16.55,16.16,16.29,196417
2014-12-23,16.43,16.5,16.21,16.47,240923
2014-12-24,16.56,16.56,16.16,16.24,174849
2014-12-26,16.27,16.41,16.21,16.25,126729
2014-12-29,16.32,16.38,16.05,16.2,202768
2014-12-30,16.13,16.51,15.91,16.45,451347
2014-12-31,16.64,16.87,16.4,16.78,590472
2015-01-02,16.8,16.81,16.46,16.79,237491
2015-01-05,16.68,16.86,16.47,16.8,219207
2015-01-06,16.86,16.86,16.26,16.37,257577
2015-01-07,16.37,16.44,15.9,16.06,326389
2015-01-08,16.05,16.27,15.95,16.24,244145
2015-01-09,16.18,16.34,16.07,16.17,211688
2015-01-12,16.24,16.24,15.93,16.01,176384
2015-01-13,16.08,16.18,15.8,15.95,265723
2015-01-14,15.89,15.97,15.7,15.84,144644
2015-01-15,15.94,16.12,15.85,16.03,336049
2015-01-16,15.95,16.08,15.68,15.7,281841
2015-01-20,15.65,15.7,15.34,15.48,320421
2015-01-21,15.43,15.49,15.06,15.22,489818
2015-01-22,15.39,15.57,14.93,15.54,591648
2015-01-23,15.6,15.99,15.37,15.66,310571
2015-01-26,15.7,16.12,15.42,16.06,470562
2015-01-27,16.01,16.01,15.76,15.92,213405
2015-01-28,16.0,16.0,15.69,15.81,162335
2015-01-29,15.87,16.0,15.71,15.87,263866
2015-01-30,15.86,16.0,15.75,15.76,187580
2015-02-02,15.92,15.92,15.71,15.87,279068
2015-02-03,16.05,16.25,15.85,16.21,216681
2015-02-04,16.29,16.29,15.74,15.82,237640
2015-02-05,15.99,16.14,15.83,16.02,174827
2015-02-06,16.14,16.25,16.0,16.25,160876
2015-02-09,16.29,16.36,16.04,16.22,162712
2015-02-10,16.34,16.34,15.88,15.98,211581
2015-02-11,16.02,16.13,15.77,15.83,148786
2015-02-12,15.99,16.23,15.75,16.22,206372
2015-02-13,16.29,16.4,16.17,16.39,162110
2015-02-17,16.4,16.5,16.28,16.45,146033
2015-02-18,16.5,16.65,16.32,16.52,151660
2015-02-19,16.57,16.86,16.34,16.63,254965
2015-02-20,16.69,16.82,16.66,16.79,200524
2015-02-23,16.83,16.83,16.57,16.67,183361
2015-02-24,16.67,16.82,16.46,16.63,209756
2015-02-25,16.61,16.75,16.45,16.51,176978
2015-02-26,16.53,16.7,16.47,16.67,199139
2015-02-27,16.74,16.8,16.47,16.6,256787
2015-03-02,16.72,16.91,16.67,16.91,268711
2015-03-03,16.93,16.93,16.49,16.58,222240
2015-03-04,16.62,16.62,16.26,16.5,156781
2015-03-05,16.55,16.55,16.32,16.5,143010
2015-03-06,16.49,16.52,16.25,16.5,205793
2015-03-09,16.44,16.52,16.06,16.14,194675
2015-03-10,16.0,16.38,15.85,16.14,365448
2015-03-11,16.02,16.25,15.98,16.14,465352
2015-03-12,16.14,16.22,16.02,16.15,186254
2015-03-13,16.07,16.24,16.0,16.17,215305
2015-03-16,16.19,16.23,16.05,16.14,276114
2015-03-17,15.73,15.97,15.66,15.81,229991
2015-03-18,15.8,15.88,15.66,15.73,192881
2015-03-19,15.67,15.85,15.57,15.83,224308
2015-03-20,15.8,16.11,15.8,16.08,405073
2015-03-23,16.11,16.12,15.93,15.96,142522
2015-03-24,15.89,15.97,15.84,15.93,210703
2015-03-25,15.9,16.09,15.8,15.96,173745
2015-03-26,15.86,16.05,15.77,15.96,155788
2015-03-27,15.91,16.16,15.91,16.08,230859
2015-03-30,16.14,16.26,16.01,16.18,142161
2015-03-31,16.29,16.29,15.92,16.02,387193
2015-04-01,16.09,16.2,15.85,15.98,200763
2015-04-02,15.92,16.08,15.88,16.0,129511
2015-04-06,15.86,16.09,15.83,16.0,192025
2015-04-07,15.94,16.05,15.88,15.96,116217
2015-04-08,15.89,16.03,15.8,15.85,138792
2015-04-09,15.82,16.13,15.82,16.08,204661
2015-04-10,16.02,16.1,15.88,15.9,154919
2015-04-13,15.94,16.19,15.9,16.05,144593
2015-04-14,15.98,16.17,15.98,16.1,150184
2015-04-15,16.05,16.24,16.04,16.08,195332
2015-04-16,16.0,16.2,16.0,16.15,191532
2015-04-17,16.12,16.19,15.91,16.07,206542
2015-04-20,16.07,16.17,16.0,16.12,99196
2015-04-21,16.09,16.17,16.05,16.13,117407
2015-04-22,16.11,16.14,16.03,16.1,142787
2015-04-23,16.16,16.34,16.01,16.2,231980
2015-04-24,16.18,16.24,16.0,16.1,115470
2015-04-27,16.08,16.22,15.9,15.98,174631
2015-04-28,16.04,16.21,15.9,16.16,154273
2015-04-29,16.12,16.29,15.95,16.0,177242
2015-04-30,16.0,16.11,15.9,15.93,154485
2015-05-01,15.89,16.02,15.83,15.87,123197
2015-05-04,15.85,16.04,15.8,15.97,124880
2015-05-05,16.01,16.04,15.77,15.81,97675
2015-05-06,15.78,15.96,15.6,15.65,138364
2015-05-07,15.53,15.91,15.51,15.77,137885
2015-05-08,15.86,15.88,15.55,15.56,173078
2015-05-11,15.56,15.81,15.5,15.61,241418
2015-05-12,15.64,15.77,15.53,15.75,208496
2015-05-13,15.72,15.89,15.71,15.73,225300
2015-05-14,15.85,16.13,15.85,16.04,239494
2015-05-15,16.05,16.15,15.98,16.05,177572
2015-05-18,16.05,16.17,16.0,16.04,168230
2015-05-19,16.05,16.17,16.04,16.16,151853
2015-05-20,16.11,16.2,16.04,16.07,123367
2015-05-21,16.12,16.15,15.95,16.03,184600
2015-05-22,15.99,16.17,15.99,16.13,116412
2015-05-26,16.07,16.15,15.97,16.1,130970
2015-05-27,16.09,16.18,16.06,16.1,146028
2015-05-28,16.08,16.24,16.06,16.23,126457
2015-05-29,16.24,16.29,16.11,16.22,127668
2015-06-01,16.2,16.29,16.17,16.23,144227
2015-06-02,16.23,16.36,16.22,16.33,105631
2015-06-03,16.31,16.49,16.31,16.49,110803
2015-06-04,16.39,16.45,16.08,16.26,147180
2015-06-05,16.18,16.33,16.05,16.24,112316
2015-06-08,16.14,16.36,16.06,16.35,136263
2015-06-09,16.27,16.34,16.18,16.2,110840
2015-06-10,16.16,16.29,16.06,16.16,127547
2015-06-11,16.15,16.44,16.1,16.4,198427
2015-06-12,16.0,16.0,15.65,15.65,310067
2015-06-15,15.53,15.62,15.29,15.38,260836
2015-06-16,15.35,15.53,15.33,15.45,181240
2015-06-17,15.5,15.56,15.41,15.5,106922
2015-06-18,15.47,15.68,15.47,15.57,139548
2015-06-19,15.5,15.69,15.46,15.57,151022
2015-06-22,15.61,15.65,15.45,15.55,115764
2015-06-23,15.43,15.62,15.41,15.61,121335
2015-06-24,15.6,15.62,15.43,15.49,218229
2015-06-25,15.55,15.55,15.4,15.41,146216
2015-06-26,15.47,15.48,15.35,15.45,116527
2015-06-29,15.23,15.59,15.2,15.4,247037
2015-06-30,15.7,15.7,15.18,15.29,388321
2015-07-01,15.5,15.64,15.28,15.6,188415
2015-07-02,15.56,15.74,15.56,15.62,102333
2015-07-06,15.5,15.68,15.5,15.66,108643
2015-07-07,15.65,15.74,15.48,15.69,129390
2015-07-08,15.63,15.65,15.4,15.6,99458
2015-07-09,15.62,15.63,15.4,15.54,134463
2015-07-10,15.6,15.62,15.42,15.53,141392
2015-07-13,15.55,15.65,15.45,15.58,126519
2015-07-14,15.54,15.67,15.49,15.67,114738
2015-07-15,15.66,15.73,15.61,15.7,97434
2015-07-16,15.65,15.99,15.65,15.87,164041
2015-07-17,15.9,15.9,15.65,15.72,138873
2015-07-20,15.75,15.88,15.46,15.59,137242
2015-07-21,15.6,15.71,15.41,15.57,90014
2015-07-22,15.54,15.74,15.48,15.53,104574
2015-07-23,15.57,15.73,15.19,15.21,178777
2015-07-24,15.28,15.46,14.76,14.91,208243
2015-07-27,14.95,14.98,14.11,14.56,438995
2015-07-28,14.48,15.1,14.43,15.01,246463
2015-07-29,15.08,15.27,14.96,15.22,128640
2015-07-30,15.22,15.48,15.22,15.43,132164
2015-07-31,15.34,15.5,15.15,15.21,101882
2015-08-03,15.17,15.3,15.0,15.19,130808
2015-08-04,15.13,15.36,15.12,15.26,135474
2015-08-05,15.26,15.37,15.12,15.27,150820
2015-08-06,15.23,15.65,15.17,15.36,199867
2015-08-07,15.36,15.36,14.99,15.16,193519
2015-08-10,15.23,15.6,15.16,15.43,105853
2015-08-11,15.4,15.51,15.25,15.4,67329
2015-08-12,15.26,15.42,15.12,15.35,93157
2015-08-13,15.42,15.7,15.28,15.35,121449
2015-08-14,15.39,15.81,15.3,15.67,123836
2015-08-17,15.67,15.99,15.58,15.85,85707
2015-08-18,15.89,15.89,15.66,15.74,92261
2015-08-19,15.62,15.83,15.55,15.65,159929
2015-08-20,15.65,15.65,15.48,15.57,190416
2015-08-21,15.56,15.65,15.4,15.41,158561
2015-08-24,14.78,15.14,14.13,14.8,390105
2015-08-25,14.91,15.31,14.91,15.05,184088
2015-08-26,15.36,15.38,15.06,15.23,179555
2015-08-27,15.34,15.57,15.07,15.48,136460
2015-08-28,15.36,15.62,15.36,15.51,108308
2015-08-31,15.55,15.72,15.46,15.62,160420
2015-09-01,15.45,15.67,15.25,15.31,179081
2015-09-02,15.34,15.66,15.27,15.62,139293
2015-09-03,15.7,15.7,15.37,15.5,94536
2015-09-04,15.42,15.55,15.26,15.42,103559
2015-09-08,15.55,15.73,15.47,15.58,123047
2015-09-09,15.65,15.75,15.58,15.64,88148
2015-09-10,15.64,15.67,15.34,15.46,115427
2015-09-11,15.41,15.47,15.26,15.42,98836
2015-09-14,15.07,15.24,14.85,14.91,235524
2015-09-15,14.88,15.0,14.84,14.9,188274
2015-09-16,14.9,14.97,14.86,14.88,150159
2015-09-17,14.86,14.9,14.7,14.74,188832
2015-09-18,14.68,14.88,14.67,14.77,143890
2015-09-21,14.84,14.9,14.8,14.84,95023
2015-09-22,14.81,14.9,14.71,14.75,172067
2015-09-23,14.78,14.85,14.72,14.78,194292
2015-09-24,14.69,14.78,14.6,14.76,110282
2015-09-25,14.81,15.18,14.77,15.03,138693
2015-09-28,14.93,14.96,14.14,14.24,426156
2015-09-29,14.25,14.3,13.16,13.5,524131
2015-09-30,13.68,13.84,13.5,13.56,381756
2015-10-01,13.58,14.24,13.5,14.22,245956
2015-10-02,14.09,14.25,13.9,14.04,153133
2015-10-05,14.12,14.41,14.12,14.41,159135
2015-10-06,14.44,14.59,14.28,14.38,164925
2015-10-07,14.39,14.68,14.35,14.65,133610
2015-10-08,14.62,14.69,14.32,14.56,119088
2015-10-09,14.56,14.69,14.45,14.5,135970
2015-10-12,14.48,14.69,14.35,14.53,113376
2015-10-13,14.51,14.66,14.4,14.49,115302
2015-10-14,14.45,14.53,14.37,14.44,139142
2015-10-15,14.48,14.6,14.42,14.53,70317
2015-10-16,14.61,14.71,14.56,14.6,84883
2015-10-19,14.55,14.71,14.55,14.63,95305
2015-10-20,14.56,14.76,14.56,14.68,69912
2015-10-21,14.68,14.75,14.6,14.6,109891
2015-10-22,14.68,14.87,14.55,14.62,135162
2015-10-23,14.75,14.84,14.58,14.78,96604
2015-10-26,14.8,14.85,14.5,14.57,179744
2015-10-27,14.44,14.77,14.1,14.37,166795
2015-10-28,14.32,14.83,14.23,14.7,401338
2015-10-29,14.65,14.71,14.46,14.5,107077
2015-10-30,14.42,14.65,14.32,14.55,168690
2015-11-02,14.58,14.86,14.42,14.73,180736
2015-11-03,14.76,15.06,14.76,14.91,143388
2015-11-04,14.98,15.08,14.82,14.86,105096
2015-11-05,14.95,15.34,14.89,15.27,172099
2015-11-06,15.25,15.39,15.16,15.3,205264
2015-11-09,15.33,15.4,15.12,15.13,199480
2015-11-10,15.07,15.28,15.02,15.15,176166
2015-11-11,15.08,15.26,14.95,15.07,153251
2015-11-12,15.07,15.29,15.02,15.19,92823
2015-11-13,15.2,15.34,15.13,15.22,207130
2015-11-16,15.2,15.32,15.05,15.26,186448
2015-11-17,15.29,15.33,15.04,15.1,184772
2015-11-18,15.1,15.1,14.96,15.04,160654
2015-11-19,15.0,15.07,14.85,14.99,151797
2015-11-20,15.02,15.02,14.91,14.99,122149
2015-11-23,15.04,15.17,14.94,15.15,193846
2015-11-24,15.06,15.1,14.97,15.06,110920
2015-11-25,15.08,15.2,15.03,15.09,108951
2015-11-27,15.13,15.13,15.03,15.1,77795
2015-11-30,15.1,15.34,15.01,15.29,283340
2015-12-01,15.22,15.28,15.08,15.24,258889
2015-12-02,15.2,15.57,15.2,15.4,363623
2015-12-03,15.43,15.5,15.17,15.17,215209
2015-12-04,15.22,15.3,15.08,15.22,207790
2015-12-07,15.14,15.29,15.01,15.03,191416
2015-12-08,14.89,15.08,14.66,14.82,292640
2015-12-09,14.81,14.91,14.63,14.71,168890
2015-12-10,14.76,14.9,14.6,14.66,137681
2015-12-11,14.6,14.65,14.16,14.25,244172
2015-12-14,14.2,14.43,13.79,13.8,343304
2015-12-15,13.59,13.99,13.49,13.87,333099
2015-12-16,13.84,14.07,13.71,13.99,284864
2015-12-17,14.04,14.34,13.9,14.11,292095
2015-12-18,14.03,14.24,13.82,13.85,229726
2015-12-21,13.94,14.26,13.92,14.0,195089
2015-12-22,14.08,14.17,13.91,14.07,178306
2015-12-23,14.17,14.48,14.09,14.34,152129
2015-12-24,14.29,14.45,14.24,14.38,177002
2015-12-28,14.34,14.44,14.13,14.15,176188
2015-12-29,14.26,14.46,14.01,14.25,275191
2015-12-30,14.14,14.25,14.02,14.19,228215
2015-12-31,14.29,14.29,13.8,13.93,379937
2016-01-04,13.85,14.25,13.66,14.24,139873
2016-01-05,14.24,14.3,14.08,14.22,147149
2016-01-06,14.14,14.37,14.08,14.25,164193
2016-01-07,14.05,14.15,13.81,13.85,139507
2016-01-08,13.94,13.94,13.59,13.73,130322
2016-01-11,13.67,13.78,13.41,13.5,145467
2016-01-12,13.52,13.77,13.44,13.67,198491
2016-01-13,13.74,13.86,13.36,13.42,221763
2016-01-14,13.41,13.59,13.25,13.37,174996
2016-01-15,13.2,13.54,13.08,13.47,226714
2016-01-19,13.47,13.56,12.78,12.99,235873
2016-01-20,12.81,12.81,12.0,12.36,414186
2016-01-21,12.42,12.9,12.21,12.77,389233
2016-01-22,12.92,13.16,12.77,13.14,320895
2016-01-25,13.24,13.37,13.0,13.1,237301
2016-01-26,13.18,13.4,13.02,13.19,233245
2016-01-27,13.2,13.33,13.05,13.27,161365
2016-01-28,13.38,13.45,13.1,13.19,203635
2016-01-29,13.21,13.43,13.01,13.37,268093
2016-02-01,13.28,13.56,13.26,13.53,95932
2016-02-02,13.47,13.5,13.16,13.23,130955
2016-02-03,13.29,13.69,13.29,13.6,105793
2016-02-04,13.54,13.8,13.54,13.74,188383
2016-02-05,13.76,13.76,13.25,13.32,200208
2016-02-08,13.27,13.56,13.13,13.25,236125
2016-02-09,13.17,13.32,13.04,13.13,150762
2016-02-10,13.22,13.27,13.08,13.18,105884
2016-02-11,12.99,13.12,12.71,12.99,113334
2016-02-12,13.0,13.24,12.97,13.1,159085
2016-02-16,13.22,13.29,13.01,13.18,206234
2016-02-17,13.19,13.44,13.11,13.3,212867
2016-02-18,13.38,13.38,13.05,13.26,153841
2016-02-19,13.14,13.28,13.06,13.18,110149
2016-02-22,13.2,13.27,12.94,13.0,255532
2016-02-23,12.99,13.1,12.88,12.98,175954
2016-02-24,12.86,13.15,12.83,13.1,87847
2016-02-25,13.15,13.39,13.04,13.37,130242
2016-02-26,13.43,13.57,13.36,13.48,83789
2016-02-29,13.2,13.92,13.2,13.92,216783
2016-03-01,13.89,13.99,13.61,13.73,189093
2016-03-02,13.8,13.8,13.49,13.65,130139
2016-03-03,13.79,13.99,13.66,13.94,184887
2016-03-04,14.08,14.27,13.96,14.0,158962
2016-03-07,13.9,14.23,13.88,14.2,149821
2016-03-08,14.06,14.34,13.95,14.0,85729
2016-03-09,13.99,14.28,13.88,14.12,185423
2016-03-10,14.11,14.27,13.94,14.04,88022
2016-03-11,14.15,14.28,14.05,14.23,106283
2016-03-14,14.26,14.3,14.1,14.2,181534
2016-03-15,13.79,13.93,13.5,13.87,190782
2016-03-16,13.86,14.2,13.81,14.12,179343
2016-03-17,14.08,14.61,14.08,14.47,247836
2016-03-18,14.56,14.64,14.3,14.38,163890
2016-03-21,14.31,14.66,14.29,14.57,160965
2016-03-22,14.57,14.69,14.46,14.61,127268
2016-03-23,14.52,14.68,14.4,14.41,121891
2016-03-24,14.45,14.59,14.31,14.42,154507
2016-03-28,14.5,14.64,14.38,14.55,94500
2016-03-29,14.5,14.85,14.43,14.83,103406
2016-03-30,14.9,14.97,14.7,14.78,143560
2016-03-31,14.86,14.95,14.78,14.91,235264
2016-04-01,14.89,14.99,14.81,14.87,110188
2016-04-04,14.82,14.99,14.56,14.61,127125
2016-04-05,14.62,14.72,14.5,14.59,60931
2016-04-06,14.62,14.78,14.58,14.78,66551
2016-04-07,14.77,14.84,14.42,14.6,93154
2016-04-08,14.61,14.82,14.61,14.7,74591
2016-04-11,14.76,14.92,14.53,14.67,131559
2016-04-12,14.74,14.86,14.59,14.79,92921
2016-04-13,14.8,14.89,14.76,14.8,82857
2016-04-14,14.78,14.87,14.7,14.77,129378
2016-04-15,14.67,14.8,14.59,14.75,112227
2016-04-18,14.74,14.79,14.68,14.71,112862
2016-04-19,14.78,14.86,14.77,14.77,107180
2016-04-20,14.73,14.89,14.69,14.79,155669
2016-04-21,14.75,14.94,14.61,14.63,174719
2016-04-22,14.63,14.75,14.56,14.68,98780
2016-04-25,14.7,14.75,14.6,14.72,53666
2016-04-26,14.68,14.87,14.66,14.8,70711
2016-04-27,14.8,14.96,14.72,14.85,73523
2016-04-28,14.74,14.94,14.63,14.67,69816
2016-04-29,14.73,14.8,14.63,14.78,96081
2016-05-02,14.8,14.86,14.5,14.56,96092
2016-05-03,14.52,14.56,14.29,14.52,117046
2016-05-04,14.5,14.73,14.36,14.69,115400
2016-05-05,14.63,14.83,14.6,14.63,169814
2016-05-06,14.65,14.98,14.65,14.8,150500
2016-05-09,14.84,14.92,14.72,14.76,193700
2016-05-10,14.85,14.95,14.73,14.8,130426
2016-05-11,14.72,14.88,14.72,14.77,227677
2016-05-12,14.82,14.84,14.54,14.76,123103
2016-05-13,14.78,14.84,14.7,14.7,123444
2016-05-16,14.78,14.85,14.63,14.64,87589
2016-05-17,14.69,14.81,14.52,14.56,99431
2016-05-18,14.49,14.61,14.45,14.53,121257
2016-05-19,14.53,14.53,14.11,14.21,202938
2016-05-20,14.32,14.6,14.22,14.56,126020
2016-05-23,14.61,14.7,14.43,14.51,159192
2016-05-24,14.62,14.64,14.5,14.52,73504
2016-05-25,14.57,14.58,14.5,14.56,139421
2016-05-26,14.55,14.58,14.41,14.46,120251
2016-05-27,14.48,14.66,14.43,14.63,99783
2016-05-31,14.68,14.78,14.61,14.62,132008
2016-06-01,14.67,14.82,14.55,14.78,89334
2016-06-02,14.73,14.84,14.67,14.72,69495
2016-06-03,14.75,14.78,14.61,14.75,75451
2016-06-06,14.78,14.93,14.73,14.75,111973
2016-06-07,14.81,14.97,14.76,14.94,112379
2016-06-08,14.98,15.08,14.86,15.0,228356
2016-06-09,15.0,15.08,14.86,15.06,156981
2016-06-10,15.04,15.07,14.82,14.87,172194
2016-06-13,14.8,14.91,14.72,14.8,203382
2016-06-14,14.48,14.75,14.44,14.71,303211
2016-06-15,14.7,14.87,14.7,14.74,149144
2016-06-16,14.71,14.77,14.61,14.75,160957
2016-06-17,14.76,14.91,14.75,14.9,220587
2016-06-20,14.99,15.08,14.87,14.92,213288
2016-06-21,14.93,14.98,14.85,14.96,124811
2016-06-22,14.98,15.0,14.87,14.91,165856
2016-06-23,15.0,15.0,14.92,14.99,112128
2016-06-24,14.71,15.08,14.65,15.04,287643
2016-06-27,15.01,15.01,14.75,14.78,196632
2016-06-28,14.84,14.97,14.78,14.83,112006
2016-06-29,14.96,15.14,14.94,15.14,126489
2016-06-30,15.23,15.28,15.06,15.28,233040
2016-07-01,15.3,15.42,15.26,15.42,124832
2016-07-05,15.41,15.49,15.25,15.4,141539
2016-07-06,15.37,15.48,15.3,15.43,91459
2016-07-07,15.45,15.5,15.4,15.48,87795
2016-07-08,15.5,15.6,15.46,15.5,204652
2016-07-11,15.52,15.54,15.38,15.5,188531
2016-07-12,15.51,15.6,15.47,15.47,96697
2016-07-13,15.47,15.5,15.33,15.36,140226
2016-07-14,15.38,15.44,15.34,15.35,85610
2016-07-15,15.35,15.45,15.26,15.42,125717
2016-07-18,15.37,15.59,15.34,15.49,150325
2016-07-19,15.49,15.6,15.45,15.53,135864
2016-07-20,15.53,15.58,15.48,15.55,168349
2016-07-21,15.6,15.64,15.47,15.51,223818
2016-07-22,15.5,15.6,15.5,15.6,140825
2016-07-25,15.6,15.7,15.57,15.67,163680
2016-07-26,15.64,15.78,15.62,15.77,111375
2016-07-27,15.79,15.86,15.7,15.82,137357
2016-07-28,15.77,15.89,15.74,15.85,94648
2016-07-29,15.88,15.91,15.76,15.9,144735
2016-08-01,15.87,15.89,15.76,15.85,100982
2016-08-02,15.85,15.85,15.64,15.81,131083
2016-08-03,15.81,15.84,15.72,15.83,87252
2016-08-04,15.78,15.94,15.78,15.93,89484
2016-08-05,15.95,15.95,15.8,15.86,98516
2016-08-08,15.92,15.98,15.85,15.94,113681
2016-08-09,15.86,15.98,15.85,15.95,179245
2016-08-10,15.88,16.09,15.86,16.09,214688
2016-08-11,16.13,16.13,15.94,15.97,102129
2016-08-12,16.09,16.09,15.95,15.97,116911
2016-08-15,16.04,16.11,16.0,16.07,141831
2016-08-16,16.1,16.1,15.91,15.92,95193
2016-08-17,16.01,16.07,15.96,16.01,127378
2016-08-18,16.06,16.24,15.8,16.22,986861
2016-08-19,16.26,16.28,16.1,16.27,181492
2016-08-22,16.28,16.4,16.2,16.25,76490
2016-08-23,16.32,16.35,16.24,16.32,120518
2016-08-24,16.35,16.39,16.07,16.1,125119
2016-08-25,16.18,16.21,16.05,16.09,120514
2016-08-26,16.14,16.21,16.04,16.19,123126
2016-08-29,16.25,16.42,16.2,16.4,119428
2016-08-30,16.46,16.72,16.41,16.68,216144
2016-08-31,16.71,16.71,16.42,16.53,231304
2016-09-01,16.49,16.54,16.38,16.49,183161
2016-09-02,16.55,16.7,16.53,16.55,164187
2016-09-06,16.49,16.68,16.35,16.65,174468
2016-09-07,16.53,16.72,16.47,16.65,159280
2016-09-08,16.48,16.78,16.48,16.68,259232
2016-09-09,16.57,16.62,16.0,16.43,491077
2016-09-12,16.33,16.53,16.24,16.43,194335
2016-09-13,16.41,16.41,16.22,16.33,271988
2016-09-14,16.1,16.1,15.8,15.87,234046
2016-09-15,15.95,16.01,15.8,15.97,161270
2016-09-16,15.9,16.17,15.85,16.08,191124
2016-09-19,16.15,16.16,16.02,16.11,158278
2016-09-20,16.15,16.29,16.13,16.21,196076
2016-09-21,16.28,16.35,16.14,16.25,155939
2016-09-22,16.35,16.35,16.22,16.31,98728
2016-09-23,16.36,16.46,16.26,16.37,172466
2016-09-26,16.39,16.47,16.33,16.38,160308
2016-09-27,16.4,16.48,16.33,16.37,114013
2016-09-28,16.42,16.48,16.35,16.47,84473
2016-09-29,15.62,16.49,15.62,16.21,335108
2016-09-30,16.4,16.5,16.3,16.38,190105
2016-10-03,16.37,16.55,16.31,16.46,141749
2016-10-04,16.5,16.5,16.28,16.37,91795
2016-10-05,16.34,16.5,16.29,16.33,98759
2016-10-06,16.29,16.33,16.18,16.29,76262
2016-10-07,16.3,16.36,16.28,16.33,77405
2016-10-10,16.38,16.45,16.31,16.36,53923
2016-10-11,16.31,16.44,16.31,16.41,116856
2016-10-12,16.44,16.44,16.36,16.39,71745
2016-10-13,16.31,16.36,16.21,16.33,86335
2016-10-14,16.3,16.42,16.18,16.24,73898
2016-10-17,16.2,16.28,16.18,16.19,89973
2016-10-18,16.24,16.32,16.14,16.25,96009
2016-10-19,16.25,16.35,16.2,16.29,54383
2016-10-20,16.26,16.3,16.18,16.25,64911
2016-10-21,16.29,16.44,16.24,16.36,121026
2016-10-24,16.34,16.49,16.26,16.46,130862
2016-10-25,16.45,16.47,16.31,16.34,99299
2016-10-26,16.3,16.36,16.11,16.14,112598
2016-10-27,16.18,16.27,16.06,16.22,110756
2016-10-28,16.19,16.28,16.0,16.2,97608
2016-10-31,16.05,16.1,15.83,15.99,200908
2016-11-01,15.94,16.01,15.63,15.69,134844
2016-11-02,15.63,15.66,15.33,15.55,140679
2016-11-03,15.6,15.74,15.38,15.51,155987
2016-11-04,15.44,15.67,15.44,15.49,169698
2016-11-07,15.5,15.7,15.42,15.54,134252
2016-11-08,15.65,16.22,15.59,16.17,121432
2016-11-09,15.82,16.41,15.81,16.32,171226
2016-11-10,16.41,16.61,16.29,16.5,209453
2016-11-11,16.45,16.63,16.41,16.55,218504
2016-11-14,16.6,16.65,16.29,16.31,154087
2016-11-15,16.38,16.46,16.21,16.36,112427
2016-11-16,16.43,16.51,16.35,16.46,124977
2016-11-17,16.5,16.58,16.45,16.54,164548
2016-11-18,16.58,16.75,16.27,16.7,250289
2016-11-21,16.74,16.8,16.6,16.67,136333
2016-11-22,16.76,16.85,16.56,16.61,200594
2016-11-23,16.7,16.74,16.59,16.72,102067
2016-11-25,16.77,16.97,16.67,16.9,134336
2016-11-28,16.79,16.92,16.48,16.78,184239
2016-11-29,16.79,16.98,16.68,16.9,327470
2016-11-30,17.02,17.02,16.73,16.89,194461
2016-12-01,16.95,17.0,16.7,16.89,154837
2016-12-02,16.89,17.0,16.71,16.98,182326
2016-12-05,17.0,17.0,16.76,16.98,165160
2016-12-06,16.98,17.0,16.88,16.95,132352
2016-12-07,16.98,17.12,16.95,17.02,147568
2016-12-08,17.09,17.13,16.91,17.11,156517
2016-12-09,17.12,17.12,16.9,17.07,161147
2016-12-12,17.1,17.19,16.98,17.02,283718
2016-12-13,17.1,17.25,17.04,17.04,366624
2016-12-14,16.75,17.0,16.7,16.76,279199
2016-12-15,16.78,16.87,16.67,16.69,252701
2016-12-16,16.73,16.8,16.58,16.7,175306
2016-12-19,16.75,17.0,16.69,16.99,213618
2016-12-20,17.02,17.15,16.96,17.04,186867
2016-12-21,17.08,17.12,16.95,17.04,145659
2016-12-22,17.01,17.01,16.8,16.92,152767
2016-12-23,16.94,16.97,16.73,16.76,138447
2016-12-27,16.83,16.91,16.68,16.87,275258
2016-12-28,16.89,16.91,16.67,16.72,134989
2016-12-29,16.77,16.88,16.76,16.88,122649
2016-12-30,17.0,17.0,16.72,16.9,228168
2017-01-03,16.82,16.94,16.76,16.86,172993
2017-01-04,16.94,17.17,16.88,17.17,526526
2017-01-05,17.1,17.1,16.89,17.03,197586
2017-01-06,17.05,17.14,16.96,17.05,161246
2017-01-09,17.07,17.07,16.91,16.92,128810
2017-01-10,16.99,17.0,16.91,16.97,99071
2017-01-11,17.0,17.0,16.85,16.93,161720
2017-01-12,16.94,16.94,16.76,16.8,122346
2017-01-13,16.8,16.94,16.75,16.83,129268
2017-01-17,16.82,17.0,16.77,16.99,138353
2017-01-18,16.96,17.0,16.88,16.98,84458
2017-01-19,17.0,17.0,16.89,16.94,90416
2017-01-20,16.98,17.0,16.94,16.94,88716
2017-01-23,16.97,17.0,16.89,16.92,116862
2017-01-24,16.95,16.98,16.89,16.94,141765
2017-01-25,17.0,17.0,16.9,16.96,83418
2017-01-26,16.96,16.96,16.79,16.85,106008
2017-01-27,16.9,16.9,16.63,16.66,179948
2017-01-30,16.64,16.8,16.55,16.57,131130
2017-01-31,16.52,16.6,16.27,16.36,182451
2017-02-01,16.45,16.8,16.36,16.59,190956
2017-02-02,16.52,16.71,16.43,16.53,107553
2017-02-03,16.56,16.77,16.53,16.68,93618
2017-02-06,16.66,16.85,16.58,16.82,124855
2017-02-07,16.78,16.81,16.58,16.76,113220
2017-02-08,16.56,16.7,16.36,16.51,163484
2017-02-09,16.6,16.83,16.51,16.78,109903
2017-02-10,16.75,17.04,16.75,16.89,148682
2017-02-13,16.8,16.98,16.8,16.89,136511
2017-02-14,16.98,17.04,16.89,16.92,157862
2017-02-15,16.99,17.16,16.98,17.14,164786
2017-02-16,17.17,17.25,17.02,17.22,214315
2017-02-17,17.24,17.29,17.13,17.24,150869
2017-02-21,17.24,17.3,16.95,17.0,256946
2017-02-22,16.97,17.07,16.93,17.03,212044
2017-02-23,17.13,17.24,17.08,17.22,147688
2017-02-24,17.22,17.3,16.87,17.19,200098
2017-02-27,17.22,17.22,17.06,17.11,127123
2017-02-28,17.16,17.25,16.95,17.16,283922
2017-03-01,17.22,17.31,17.03,17.23,203638
2017-03-02,17.23,17.24,17.12,17.17,174357
2017-03-03,17.17,17.3,17.1,17.18,158856
2017-03-06,17.18,17.28,17.17,17.2,112454
2017-03-07,17.22,17.28,17.17,17.19,121908
2017-03-08,17.21,17.31,17.0,17.01,138569
2017-03-09,17.1,17.18,16.97,16.99,112519
2017-03-10,17.05,17.16,16.95,17.15,108279
2017-03-13,17.16,17.23,17.09,17.23,144617
2017-03-14,17.21,17.21,16.98,17.12,202384
2017-03-15,16.89,16.99,16.76,16.98,183094
2017-03-16,16.99,17.12,16.9,16.91,235557
2017-03-17,16.98,17.18,16.93,17.14,250304
2017-03-20,17.14,17.24,17.08,17.22,113461
2017-03-21,17.23,17.24,16.8,16.81,180537
2017-03-22,16.88,16.93,16.72,16.78,148906
2017-03-23,16.85,17.08,16.72,17.03,151675
2017-03-24,17.07,17.09,16.96,17.02,82470
2017-03-27,16.97,17.03,16.91,17.02,71630
2017-03-28,17.04,17.23,17.03,17.12,193555
2017-03-29,17.11,17.24,17.07,17.19,169735
2017-03-30,17.21,17.3,17.19,17.27,192674
2017-03-31,17.28,17.44,17.17,17.42,303485
2017-04-03,17.42,17.47,17.23,17.31,108576
2017-04-04,17.27,17.34,17.2,17.23,85157
2017-04-05,17.28,17.37,17.18,17.31,240185
2017-04-06,17.31,17.45,17.25,17.42,129242
2017-04-07,17.41,17.42,17.26,17.33,128057
2017-04-10,17.35,17.4,17.26,17.31,111414
2017-04-11,17.28,17.36,17.25,17.3,144192
2017-04-12,17.29,17.37,17.19,17.2,100313
2017-04-13,17.19,17.29,17.11,17.14,114841
2017-04-17,17.15,17.29,17.15,17.24,120074
2017-04-18,17.24,17.33,17.2,17.24,173186
2017-04-19,17.26,17.35,17.22,17.23,123454
2017-04-20,16.54,16.87,16.52,16.84,2584922
2017-04-21,16.83,17.03,16.78,16.92,773197
2017-04-24,17.0,17.03,16.85,16.89,383723
2017-04-25,16.94,17.15,16.89,16.94,438276
2017-04-26,16.94,17.23,16.94,17.1,374509
2017-04-27,17.1,17.23,16.98,17.17,248408
2017-04-28,17.2,17.23,17.01,17.1,207629
2017-05-01,17.15,17.24,17.08,17.16,251875
2017-05-02,17.18,17.22,17.09,17.15,215072
2017-05-03,17.03,17.08,16.85,16.89,342003
2017-05-04,16.89,16.97,16.7,16.75,232944
2017-05-05,16.82,16.99,16.73,16.98,211203
2017-05-08,16.99,16.99,16.83,16.88,131356
2017-05-09,16.78,16.98,16.66,16.72,172585
2017-05-10,16.66,16.93,16.66,16.8,288542
2017-05-11,17.14,17.15,16.88,17.07,389250
2017-05-12,17.1,17.11,16.97,17.08,217012
2017-05-15,17.12,17.24,17.08,17.23,233806
2017-05-16,17.21,17.25,17.14,17.18,133228
2017-05-17,17.15,17.24,16.92,16.98,265709
2017-05-18,16.91,17.02,16.7,16.87,222241
2017-05-19,16.95,16.95,16.74,16.78,268204
2017-05-22,16.87,17.0,16.83,16.97,161627
2017-05-23,17.04,17.13,16.93,17.1,197240
2017-05-24,17.17,17.21,17.13,17.15,203447
2017-05-25,17.19,17.23,17.06,17.07,188081
2017-05-26,17.09,17.14,17.03,17.04,134257
2017-05-30,17.04,17.08,16.94,17.02,162435
2017-05-31,17.0,17.0,16.79,16.89,273409
2017-06-01,16.88,17.1,16.82,17.06,179105
2017-06-02,17.0,17.16,16.98,17.07,112857
2017-06-05,17.09,17.15,17.02,17.09,132175
2017-06-06,17.09,17.11,16.96,17.01,130804
2017-06-07,17.05,17.1,16.9,16.94,137327
2017-06-08,16.98,17.06,16.83,16.93,157004
2017-06-09,16.92,17.1,16.92,17.04,135029
2017-06-12,17.07,17.13,16.93,17.13,172075
2017-06-13,17.13,17.16,17.02,17.09,240585
2017-06-14,16.83,16.85,16.51,16.7,256005
2017-06-15,16.53,16.68,16.45,16.65,166361
2017-06-16,16.78,16.79,16.61,16.77,240873
2017-06-19,16.84,16.92,16.62,16.64,233383
2017-06-20,16.6,16.62,16.47,16.51,256338
2017-06-21,16.55,16.76,16.55,16.62,175570
2017-06-22,16.6,16.64,16.45,16.48,186838
2017-06-23,16.45,16.76,16.45,16.72,177813
2017-06-26,16.75,16.88,16.74,16.86,190912
2017-06-27,16.88,16.98,16.7,16.73,328770
2017-06-28,16.8,16.9,16.72,16.83,194058
2017-06-29,16.87,16.9,16.75,16.89,184810
2017-06-30,16.92,16.94,16.68,16.9,267627
2017-07-03,16.9,16.98,16.78,16.95,98620
2017-07-05,16.94,16.94,16.63,16.82,164123
2017-07-06,16.8,16.82,16.68,16.74,169130
2017-07-07,16.77,16.8,16.55,16.77,161912
2017-07-10,16.7,16.79,16.67,16.72,136430
2017-07-11,16.75,16.8,16.66,16.75,214167
2017-07-12,16.77,16.88,16.77,16.78,147204
2017-07-13,16.83,16.87,16.74,16.81,123351
2017-07-14,16.79,16.9,16.78,16.81,104436
2017-07-17,16.84,16.93,16.8,16.86,133444
2017-07-18,16.82,16.84,16.71,16.75,174836
2017-07-19,16.79,16.82,16.67,16.77,217184
2017-07-20,16.77,16.77,16.5,16.53,277850
2017-07-21,16.49,16.66,16.46,16.65,242305
2017-07-24,16.69,16.7,16.53,16.55,126707
2017-07-25,16.61,16.61,16.5,16.56,209012
2017-07-26,16.56,16.67,16.54,16.63,212557
2017-07-27,16.64,16.71,16.6,16.67,124791
2017-07-28,16.67,16.7,16.55,16.61,149836
2017-07-31,16.66,16.69,16.56,16.63,129059
2017-08-01,16.67,16.7,16.59,16.65,97887
