Date,Open,High,Low,Close,Volume
2012-05-04,18.8,19.29,16.81,16.81,9219787
2012-05-07,16.65,17.19,16.27,17.05,586636
2012-05-08,17.3,17.3,16.66,17.0,502272
2012-05-09,16.65,17.09,16.54,16.85,292205
2012-05-10,16.96,17.4,16.91,17.4,200379
2012-05-11,17.21,17.6,17.04,17.45,252155
2012-05-14,17.06,18.31,17.06,18.15,274867
2012-05-15,18.08,18.65,17.78,18.48,243653
2012-05-16,18.55,18.55,18.04,18.47,167210
2012-05-17,18.35,18.38,17.65,18.18,241103
2012-05-18,18.32,18.32,17.5,17.8,270304
2012-05-21,17.6,17.67,16.84,17.04,164861
2012-05-22,16.98,17.0,16.43,16.5,266893
2012-05-23,16.5,16.63,16.27,16.49,59070
2012-05-24,16.44,16.68,16.06,16.67,218340
2012-05-25,16.61,17.45,16.55,17.4,204355
2012-05-29,17.55,17.55,16.9,17.13,181992
2012-05-30,16.99,16.99,15.68,15.68,951230
2012-05-31,17.0,17.0,15.5,16.28,233635
2012-06-01,15.96,16.02,15.3,15.54,103797
2012-06-04,15.06,15.32,15.0,15.29,88793
2012-06-05,15.24,15.77,15.2,15.4,59947
2012-06-06,15.43,15.51,14.81,14.9,129897
2012-06-07,15.1,15.1,13.82,13.89,131084
2012-06-08,13.86,14.85,13.7,14.65,178923
2012-06-11,14.98,14.98,14.35,14.59,114756
2012-06-12,14.46,15.05,14.4,15.03,100938
2012-06-13,14.85,15.62,14.85,15.27,149379
2012-06-14,15.35,15.4,15.1,15.3,142539
2012-06-15,15.37,15.37,14.64,14.78,103945
2012-06-18,14.66,15.06,14.48,14.97,106968
2012-06-19,14.97,15.18,14.9,15.17,98776
2012-06-20,15.2,15.56,14.96,15.56,55536
2012-06-21,15.83,15.99,15.36,15.7,192797
2012-06-22,15.8,15.8,14.6,15.05,1351673
2012-06-25,14.87,15.11,14.68,15.03,271387
2012-06-26,15.06,16.21,15.0,16.05,99081
2012-06-27,15.98,16.31,15.88,15.99,55701
2012-06-28,15.84,15.9,15.18,15.67,140930
2012-06-29,15.98,16.32,15.96,16.05,163549
2012-07-02,16.09,16.14,15.95,16.12,72864
2012-07-03,16.06,16.31,16.02,16.14,23827
2012-07-05,15.99,16.66,15.96,16.38,97993
2012-07-06,16.28,16.51,16.14,16.37,72847
2012-07-09,16.42,16.69,16.3,16.62,65147
2012-07-10,16.7,16.91,16.57,16.76,53190
2012-07-11,16.75,16.76,16.55,16.56,68598
2012-07-12,16.39,16.39,15.85,16.17,215377
2012-07-13,16.22,17.0,16.2,16.99,27371
2012-07-16,16.9,16.9,16.54,16.7,29678
2012-07-17,16.8,17.0,16.68,16.76,60755
2012-07-18,16.8,16.81,16.57,16.65,154335
2012-07-19,16.62,16.81,16.5,16.65,242930
2012-07-20,16.51,16.98,16.48,16.79,109339
2012-07-23,16.54,16.6,15.98,16.13,152278
2012-07-24,16.18,16.31,15.96,16.03,74814
2012-07-25,16.14,16.37,16.0,16.25,60468
2012-07-26,16.51,16.66,16.0,16.07,48891
2012-07-27,16.14,16.25,16.0,16.19,96214
2012-07-30,16.24,16.73,16.06,16.53,33947
2012-07-31,16.58,16.65,16.32,16.61,96172
2012-08-01,16.65,16.95,16.33,16.35,128437
2012-08-02,16.27,16.3,15.85,15.95,196926
2012-08-03,16.2,16.23,15.95,16.06,88534
2012-08-06,16.02,16.34,16.0,16.14,26627
2012-08-07,16.27,16.48,16.21,16.24,58452
2012-08-08,16.15,16.22,16.04,16.17,77585
2012-08-09,16.09,16.3,15.8,16.14,64891
2012-08-10,16.03,16.24,16.03,16.18,37104
2012-08-13,16.12,16.24,16.12,16.23,19001
2012-08-14,16.25,16.37,16.03,16.13,45711
2012-08-15,16.17,16.17,16.0,16.11,89926
2012-08-16,16.05,16.83,16.0,16.72,67866
2012-08-17,16.65,16.77,16.16,16.23,50163
2012-08-20,16.23,16.49,16.05,16.09,44957
2012-08-21,16.11,16.17,15.7,15.82,143488
2012-08-22,15.78,16.8,15.78,16.58,105980
2012-08-23,16.75,18.86,16.75,18.12,714710
2012-08-24,18.24,19.12,18.24,18.9,126592
2012-08-27,19.06,19.57,18.8,19.19,150832
2012-08-28,19.1,19.16,18.66,18.97,89369
2012-08-29,19.05,19.05,18.34,18.39,56018
2012-08-30,18.3,18.46,17.86,18.32,116159
2012-08-31,18.46,18.46,18.09,18.34,78789
2012-09-04,18.2,18.76,17.9,18.37,139702
2012-09-05,18.34,18.47,18.12,18.17,76901
2012-09-06,18.15,18.77,18.1,18.64,85512
2012-09-07,18.68,18.77,18.23,18.23,41314
2012-09-10,18.2,18.6,18.01,18.04,72482
2012-09-11,18.13,18.98,18.01,18.57,149650
2012-09-12,18.67,18.68,18.38,18.41,39797
2012-09-13,18.38,18.46,17.46,17.82,118571
2012-09-14,17.81,18.13,17.61,18.01,60351
2012-09-17,17.96,17.96,17.52,17.71,77853
2012-09-18,17.65,17.75,17.26,17.47,73117
2012-09-19,17.5,18.49,17.41,18.35,93227
2012-09-20,18.23,18.24,17.86,17.98,38795
2012-09-21,18.15,19.02,18.12,18.47,171509
2012-09-24,18.45,18.72,18.29,18.42,47991
2012-09-25,18.48,19.0,17.62,17.88,114356
2012-09-26,17.94,18.24,17.79,18.22,63498
2012-09-27,18.29,18.61,18.29,18.43,57330
2012-09-28,18.35,18.51,17.77,18.33,85221
2012-10-01,18.4,18.51,17.9,17.96,70789
2012-10-02,18.03,18.29,17.32,17.35,115421
2012-10-03,17.35,17.71,16.82,17.54,70522
2012-10-04,17.54,18.45,17.45,18.04,141191
2012-10-05,18.13,18.31,17.78,17.94,81356
2012-10-08,18.02,18.08,17.62,17.63,186989
2012-10-09,17.69,17.78,17.13,17.25,249115
2012-10-10,17.25,17.25,16.61,16.66,155700
2012-10-11,16.67,16.78,16.32,16.5,100594
2012-10-12,16.5,16.62,16.04,16.09,110107
2012-10-15,16.16,16.19,15.55,15.72,86010
2012-10-16,15.77,16.22,15.41,16.08,88848
2012-10-17,16.04,16.33,15.97,16.22,36182
2012-10-18,16.13,16.76,16.03,16.57,320515
2012-10-19,16.53,16.66,16.22,16.25,81855
2012-10-22,16.46,16.67,16.19,16.48,99083
2012-10-23,16.45,16.62,16.38,16.5,37316
2012-10-24,16.5,16.88,16.46,16.79,64275
2012-10-25,16.9,17.15,16.79,17.0,57916
2012-10-26,17.05,17.05,16.24,16.28,127543
2012-10-31,16.25,16.32,15.67,16.14,181836
2012-11-01,16.15,17.15,16.15,16.71,124940
2012-11-02,16.76,16.84,16.35,16.48,41027
2012-11-05,16.52,16.96,16.48,16.73,21441
2012-11-06,16.8,16.87,16.31,16.41,39124
2012-11-07,16.25,16.25,15.68,15.9,88747
2012-11-08,15.93,15.95,15.5,15.52,51258
2012-11-09,15.45,15.86,15.37,15.76,40441
2012-11-12,15.84,15.92,15.64,15.8,42449
2012-11-13,15.79,16.32,15.71,16.11,44216
2012-11-14,16.11,16.11,15.45,15.51,73725
2012-11-15,15.55,15.57,14.43,14.68,224616
2012-11-16,14.62,15.14,14.5,14.94,56163
2012-11-19,15.01,15.08,14.74,14.98,55074
2012-11-20,15.25,16.24,15.2,15.66,416940
2012-11-21,12.5,13.44,12.5,12.97,1985700
2012-11-23,12.98,13.44,12.81,12.99,136154
2012-11-26,13.0,13.61,12.9,13.55,281467
2012-11-27,13.48,13.61,13.0,13.09,218077
2012-11-28,13.1,13.44,12.95,13.29,170543
2012-11-29,13.29,13.55,13.19,13.36,255209
2012-11-30,13.34,13.43,13.2,13.23,138683
2012-12-03,13.35,13.36,13.14,13.16,184595
2012-12-04,13.17,13.25,12.99,13.22,133493
2012-12-05,13.25,13.42,13.19,13.2,145836
2012-12-06,13.25,13.65,13.18,13.55,170917
2012-12-07,13.62,13.65,13.41,13.5,108285
2012-12-10,13.49,13.58,13.31,13.42,56927
2012-12-11,14.1,14.1,13.63,13.63,212521
2012-12-12,13.66,13.71,13.19,13.27,80888
2012-12-13,13.24,13.5,13.24,13.39,25873
2012-12-14,13.33,13.67,13.3,13.54,66342
2012-12-17,13.5,13.75,13.49,13.72,57583
2012-12-18,13.71,14.1,13.67,13.91,132327
2012-12-19,13.87,14.32,13.87,14.09,386290
2012-12-20,14.06,14.08,13.71,14.03,45516
2012-12-21,13.88,14.13,13.63,13.99,201583
2012-12-24,13.91,14.03,13.62,13.69,14981
2012-12-26,13.74,13.86,13.26,13.3,44516
2012-12-27,13.12,13.34,12.99,13.23,37359
2012-12-28,13.18,13.45,13.0,13.25,46927
2012-12-31,13.21,13.58,13.07,13.49,110383
2013-01-02,13.89,13.89,12.36,12.4,524104
2013-01-03,12.5,12.87,12.48,12.66,188515
2013-01-04,12.74,12.81,12.45,12.53,236198
2013-01-07,12.61,13.25,12.56,13.22,118316
2013-01-08,13.26,13.69,13.07,13.61,174486
2013-01-09,13.67,13.81,13.21,13.38,93665
2013-01-10,13.38,13.42,12.74,13.06,52389
2013-01-11,13.06,13.8,13.06,13.6,289530
2013-01-14,13.56,13.57,13.25,13.38,108326
2013-01-15,13.29,13.89,13.22,13.77,151194
2013-01-16,13.78,13.8,13.33,13.46,47183
2013-01-17,13.53,13.53,12.94,13.47,185573
2013-01-18,13.45,13.6,13.38,13.6,144124
2013-01-22,13.6,14.1,13.57,14.05,116967
2013-01-23,14.07,14.17,14.01,14.04,71608
2013-01-24,14.05,14.36,13.86,14.25,67639
2013-01-25,14.36,14.41,14.21,14.38,34182
2013-01-28,14.44,14.97,14.32,14.92,51984
2013-01-29,14.89,15.27,14.89,15.26,226346
2013-01-30,15.2,15.38,14.92,15.06,221999
2013-01-31,14.86,15.0,14.5,14.82,101040
2013-02-01,14.85,15.0,14.51,14.55,131884
2013-02-04,14.5,14.5,13.88,13.96,253076
2013-02-05,13.9,14.07,13.8,13.95,138132
2013-02-06,13.94,14.02,13.84,13.91,82045
2013-02-07,13.94,13.95,13.79,13.89,103566
2013-02-08,13.94,13.98,13.85,13.92,57396
2013-02-11,13.94,14.1,13.84,14.05,60366
2013-02-12,14.18,14.22,14.07,14.19,12654
2013-02-13,14.09,14.1,13.77,13.99,60193
2013-02-14,14.0,14.44,14.0,14.28,13374
2013-02-15,14.35,14.35,13.84,13.97,55577
2013-02-19,14.01,14.14,13.97,14.01,59181
2013-02-20,14.06,14.16,13.91,13.94,69999
2013-02-21,13.92,13.96,13.62,13.78,35328
2013-02-22,13.86,13.91,13.71,13.76,49836
2013-02-25,13.72,13.72,13.5,13.53,66964
2013-02-26,13.58,13.7,13.39,13.44,40731
2013-02-27,13.46,13.54,13.4,13.44,62642
2013-02-28,13.46,13.55,13.0,13.28,62664
2013-03-01,13.24,14.19,13.2,13.87,133818
2013-03-04,13.81,14.06,13.62,13.91,79326
2013-03-05,14.0,14.18,13.83,14.11,57457
2013-03-06,14.08,15.05,14.08,14.68,82769
2013-03-07,14.6,14.6,13.85,14.0,18344
2013-03-08,14.06,14.22,13.9,14.14,30634
2013-03-11,14.05,14.05,13.57,13.65,46476
2013-03-12,13.59,13.67,13.41,13.44,20743
2013-03-13,13.38,13.82,13.36,13.69,27045
2013-03-14,13.74,14.03,13.74,13.91,14394
2013-03-15,13.88,13.88,13.63,13.72,356600
2013-03-18,13.63,13.75,13.6,13.71,24385
2013-03-19,13.57,13.66,13.0,13.31,63083
2013-03-20,13.24,13.86,13.24,13.76,76120
2013-03-21,12.5,12.91,12.0,12.6,422970
2013-03-22,12.62,12.8,12.48,12.66,183249
2013-03-25,12.72,12.97,12.5,12.82,75003
2013-03-26,12.8,12.93,12.68,12.89,96699
2013-03-27,12.8,13.09,12.67,13.02,48259
2013-03-28,13.06,13.06,12.65,12.72,50968
2013-04-01,12.66,12.66,12.39,12.5,35687
2013-04-02,12.51,12.64,12.34,12.44,34867
2013-04-03,12.42,12.55,12.27,12.33,21667
2013-04-04,12.32,12.68,12.27,12.67,24892
2013-04-05,12.52,12.67,12.5,12.57,11110
2013-04-08,12.47,12.66,12.4,12.65,23054
2013-04-09,12.63,12.64,12.41,12.47,28503
2013-04-10,12.5,12.75,12.2,12.73,32556
2013-04-11,13.07,13.74,13.03,13.68,111950
2013-04-12,13.61,13.62,13.32,13.6,47619
2013-04-15,13.59,13.61,13.18,13.3,113402
2013-04-16,13.38,13.62,13.33,13.56,50431
2013-04-17,13.56,13.56,13.24,13.41,57676
2013-04-18,13.46,13.67,13.38,13.55,90875
2013-04-19,13.6,13.75,13.58,13.62,17997
2013-04-22,13.58,13.61,13.08,13.29,11951
2013-04-23,13.39,13.75,13.13,13.74,38543
2013-04-24,13.7,13.73,13.49,13.7,21370
2013-04-25,13.75,14.84,13.35,14.59,63083
2013-04-26,14.52,14.87,14.37,14.71,28417
2013-04-29,14.7,14.7,14.4,14.45,10033
2013-04-30,14.38,14.45,14.2,14.44,19455
2013-05-01,14.46,14.65,14.43,14.5,48499
2013-05-02,14.5,14.82,14.5,14.76,17961
2013-05-03,15.0,15.44,14.98,15.39,46199
2013-05-06,15.43,15.84,15.26,15.78,199402
2013-05-07,15.85,16.23,15.75,16.23,87040
2013-05-08,15.85,16.39,15.85,16.28,180619
2013-05-09,16.18,16.3,15.65,16.18,54899
2013-05-10,16.26,16.45,15.64,16.18,35156
2013-05-13,16.01,16.12,15.88,16.02,12352
2013-05-14,15.71,16.25,15.71,16.23,24796
2013-05-15,16.13,16.59,16.08,16.58,149182
2013-05-16,16.28,16.71,16.28,16.61,55936
2013-05-17,16.6,16.8,16.51,16.55,112386
2013-05-20,16.46,16.91,16.12,16.76,45308
2013-05-21,16.71,16.92,16.43,16.58,51143
2013-05-22,16.5,16.91,16.28,16.44,33157
2013-05-23,16.2,16.84,16.19,16.49,28986
2013-05-24,16.42,16.47,16.16,16.22,115844
2013-05-28,16.42,16.42,15.87,16.11,114218
2013-05-29,16.17,16.64,16.04,16.41,178733
2013-05-30,17.0,17.2,15.91,16.63,142783
2013-05-31,16.53,16.97,16.52,16.52,83497
2013-06-03,16.53,16.59,16.02,16.24,223575
2013-06-04,16.3,16.41,16.2,16.23,241719
2013-06-05,16.26,16.55,15.97,16.01,86841
2013-06-06,16.03,16.25,15.91,16.23,53763
2013-06-07,16.25,16.43,16.0,16.25,93887
2013-06-10,16.28,16.34,16.16,16.25,89437
2013-06-11,16.07,16.24,16.02,16.23,21235
2013-06-12,16.25,16.39,16.09,16.18,41450
2013-06-13,16.24,16.25,15.91,15.98,46895
2013-06-14,15.92,16.0,15.92,15.96,49261
2013-06-17,16.11,16.22,15.82,15.9,46244
2013-06-18,15.83,16.0,15.52,15.83,69802
2013-06-19,15.75,15.87,15.57,15.59,45655
2013-06-20,15.49,15.57,15.08,15.18,143028
2013-06-21,15.27,15.77,15.27,15.63,83810
2013-06-24,15.49,15.49,14.84,15.24,65889
2013-06-25,15.33,15.51,15.25,15.3,62157
2013-06-26,15.37,15.58,15.2,15.54,19615
2013-06-27,15.61,15.92,15.54,15.88,28994
2013-06-28,15.89,16.06,15.85,16.0,80806
2013-07-01,16.11,16.14,15.85,15.96,76103
2013-07-02,16.0,16.0,15.6,15.97,70730
2013-07-03,15.88,16.04,15.88,15.99,21792
2013-07-05,16.18,16.18,15.81,16.02,26004
2013-07-08,16.01,16.86,16.0,16.77,24102
2013-07-09,16.76,17.07,16.61,17.0,39722
2013-07-10,16.97,17.21,16.91,17.16,32439
2013-07-11,17.21,17.35,17.09,17.35,33340
2013-07-12,17.28,17.28,16.7,16.93,32061
2013-07-15,16.9,17.06,16.8,16.86,58474
2013-07-16,16.75,16.83,16.56,16.69,32165
2013-07-17,16.64,16.64,15.94,16.01,34332
2013-07-18,16.0,16.2,15.78,15.95,41500
2013-07-19,13.2,16.25,15.66,15.98,103601
2013-07-22,16.03,16.29,15.72,15.98,67566
2013-07-23,15.98,16.08,15.67,15.93,53403
2013-07-24,16.16,16.16,15.38,15.54,33966
2013-07-25,15.57,15.57,14.93,14.98,161729
2013-07-26,14.84,15.0,14.61,14.98,81120
2013-07-29,15.0,15.38,14.91,15.08,61153
2013-07-30,15.18,15.18,14.71,14.81,36468
2013-07-31,14.87,15.15,14.62,14.68,121059
2013-08-01,14.7,15.06,14.7,14.84,27832
2013-08-02,14.82,14.85,14.52,14.65,93736
2013-08-05,14.7,14.88,14.62,14.75,75868
2013-08-06,14.76,14.88,14.65,14.75,65198
2013-08-07,14.75,14.76,14.56,14.63,21555
2013-08-08,14.75,14.78,14.67,14.7,28747
2013-08-09,14.71,14.73,14.31,14.47,48092
2013-08-12,14.52,14.54,14.19,14.35,21274
2013-08-13,14.26,14.26,14.0,14.1,30416
2013-08-14,14.06,14.19,13.88,13.96,33031
2013-08-15,13.85,13.85,13.54,13.61,36451
2013-08-16,13.54,13.68,13.36,13.6,70025
2013-08-19,13.67,13.71,13.26,13.3,43601
2013-08-20,13.39,13.84,13.39,13.73,25391
2013-08-21,13.74,13.74,13.22,13.24,28522
2013-08-22,13.11,13.23,12.99,13.17,45811
2013-08-23,13.14,13.14,12.52,12.64,124925
2013-08-26,12.74,12.95,12.51,12.67,206345
2013-08-27,12.5,12.96,12.44,12.64,59233
2013-08-28,12.59,13.86,12.55,13.67,144406
2013-08-29,14.5,14.61,13.45,14.21,208908
2013-08-30,14.21,14.24,13.71,13.81,44429
2013-09-03,13.93,13.93,13.62,13.85,57397
2013-09-04,13.85,14.1,13.6,13.81,32860
2013-09-05,13.81,13.81,13.65,13.7,42264
2013-09-06,13.8,13.89,13.6,13.8,85006
2013-09-09,13.84,14.06,13.57,14.0,46463
2013-09-10,13.93,14.04,13.68,13.96,24041
2013-09-11,13.93,14.09,13.68,13.79,101477
2013-09-12,13.79,13.79,13.55,13.63,28852
2013-09-13,13.69,13.84,13.6,13.7,24390
2013-09-16,13.88,13.88,13.55,13.64,64665
2013-09-17,13.67,13.74,13.51,13.67,64784
2013-09-18,14.13,14.28,13.9,14.23,142404
2013-09-19,14.27,14.38,14.1,14.29,59465
2013-09-20,14.38,15.06,14.35,14.93,85456
2013-09-23,14.95,15.12,14.43,14.78,38213
2013-09-24,14.74,14.74,14.36,14.5,22778
2013-09-25,14.41,14.48,14.19,14.36,43415
2013-09-26,14.35,14.59,14.29,14.49,63799
2013-09-27,14.45,14.83,14.32,14.63,23872
2013-09-30,14.54,14.62,14.48,14.51,56888
2013-10-01,14.41,14.72,14.4,14.63,75415
2013-10-02,14.57,14.71,14.5,14.51,10992
2013-10-03,14.3,14.56,14.2,14.41,33160
2013-10-04,14.38,14.7,14.29,14.47,28530
2013-10-07,14.39,14.42,14.06,14.23,27166
2013-10-08,14.13,14.13,13.86,13.89,30110
2013-10-09,14.0,14.15,13.78,13.95,72338
2013-10-10,14.08,14.71,14.06,14.59,78888
2013-10-11,14.51,14.88,14.35,14.85,49470
2013-10-14,14.88,15.19,14.84,15.13,43947
2013-10-15,15.13,15.21,14.68,14.82,102324
2013-10-16,14.97,15.18,14.9,14.95,17839
2013-10-17,14.85,14.99,14.56,14.65,25615
2013-10-18,14.81,14.85,14.68,14.73,25624
2013-10-21,14.79,14.8,14.48,14.51,18417
2013-10-22,14.7,14.7,14.4,14.48,17005
2013-10-23,14.51,14.6,14.0,14.05,36791
2013-10-24,14.05,14.31,14.05,14.14,11354
2013-10-25,14.2,14.45,14.04,14.33,32510
2013-10-28,14.3,14.75,14.2,14.64,17018
2013-10-29,14.73,15.3,14.68,15.19,48591
2013-10-30,15.23,15.8,14.65,14.75,42854
2013-10-31,14.75,14.89,14.21,14.56,40140
2013-11-01,14.53,14.6,14.22,14.4,49802
2013-11-04,14.5,14.8,14.45,14.74,26207
2013-11-05,14.68,15.06,14.65,15.02,15922
2013-11-06,14.93,15.03,14.37,14.8,65420
2013-11-07,14.9,15.32,14.9,15.1,36005
2013-11-08,15.08,15.56,14.94,15.41,37005
2013-11-11,15.28,15.67,14.93,15.49,27606
2013-11-12,15.46,15.46,14.95,15.4,17457
2013-11-13,15.31,15.33,15.05,15.23,22336
2013-11-14,15.23,15.31,15.06,15.1,5209
2013-11-15,15.0,15.07,14.75,15.04,41552
2013-11-18,15.16,15.4,14.9,15.11,21917
2013-11-19,15.19,15.39,14.75,14.99,43265
2013-11-20,15.12,15.31,14.99,15.1,29390
2013-11-21,15.14,15.47,14.86,15.11,47341
2013-11-22,15.16,15.26,14.9,15.0,43347
2013-11-25,15.07,15.29,15.05,15.22,12017
2013-11-26,15.21,15.95,15.19,15.88,101513
2013-11-27,12.13,12.16,11.63,12.0,1200084
2013-11-29,12.04,12.15,11.9,12.04,163599
2013-12-02,12.18,12.28,11.8,11.9,269671
2013-12-03,12.0,12.1,11.9,12.07,139999
2013-12-04,12.07,12.25,11.87,11.98,255285
2013-12-05,11.94,11.95,11.51,11.56,214284
2013-12-06,11.68,11.68,11.25,11.54,137959
2013-12-09,11.54,11.59,11.33,11.37,139140
2013-12-10,11.38,11.4,11.22,11.3,142377
2013-12-11,11.36,11.47,11.22,11.3,83462
2013-12-12,11.37,11.37,11.15,11.15,61551
2013-12-13,11.18,11.32,11.16,11.16,66129
2013-12-16,11.19,11.26,11.02,11.08,101780
2013-12-17,11.05,11.12,10.92,11.05,67917
2013-12-18,11.04,11.2,10.86,11.0,124604
2013-12-19,10.94,10.94,10.73,10.78,89346
2013-12-20,10.75,11.0,10.75,10.97,100112
2013-12-23,11.08,11.26,10.9,11.23,119433
2013-12-24,11.26,11.42,11.08,11.22,34798
2013-12-26,11.3,11.3,11.01,11.05,78615
2013-12-27,11.05,11.3,11.05,11.24,86799
2013-12-30,11.18,11.44,11.14,11.29,62275
2013-12-31,11.33,11.46,11.25,11.45,109762
2014-01-02,11.44,11.66,11.21,11.42,62549
2014-01-03,11.41,11.65,11.34,11.62,41914
2014-01-06,11.63,11.63,11.42,11.51,66981
2014-01-07,11.51,12.0,11.47,11.66,190946
2014-01-08,11.71,11.8,11.33,11.35,51640
2014-01-09,11.32,11.32,10.9,11.12,105523
2014-01-10,11.09,11.1,10.8,11.04,71675
2014-01-13,10.94,10.98,10.59,10.7,118918
2014-01-14,11.01,11.74,11.0,11.46,269943
2014-01-15,11.5,11.59,11.37,11.41,90487
2014-01-16,11.38,11.52,11.25,11.4,59733
2014-01-17,11.43,11.58,11.31,11.53,71384
2014-01-21,11.54,11.54,11.18,11.32,87642
2014-01-22,11.27,11.41,11.24,11.38,111777
2014-01-23,11.28,11.65,11.28,11.6,87572
2014-01-24,11.49,11.7,11.38,11.5,254529
2014-01-27,11.46,11.91,11.45,11.65,134884
2014-01-28,11.5,11.65,11.45,11.55,133891
2014-01-29,11.49,11.62,11.26,11.31,120555
2014-01-30,11.39,11.55,11.34,11.42,55075
2014-01-31,11.26,11.66,11.21,11.61,95546
2014-02-03,11.54,11.54,11.16,11.3,112196
2014-02-04,11.32,11.32,11.07,11.14,103492
2014-02-05,11.09,11.17,10.9,10.96,137351
2014-02-06,11.03,11.25,10.96,11.12,109932
2014-02-07,11.21,11.21,11.07,11.13,64454
2014-02-10,11.16,11.22,10.96,11.21,81485
2014-02-11,11.18,11.37,11.18,11.31,33989
2014-02-12,11.35,11.37,11.07,11.15,32516
2014-02-13,11.15,11.36,11.08,11.2,54099
2014-02-14,11.21,11.21,11.02,11.12,78763
2014-02-18,11.12,11.21,11.07,11.18,89730
2014-02-19,11.17,11.47,11.15,11.22,103144
2014-02-20,11.19,11.33,11.19,11.26,164623
2014-02-21,11.3,11.34,11.2,11.27,58812
2014-02-24,11.33,11.58,11.32,11.42,72105
2014-02-25,11.44,11.46,11.34,11.4,48815
2014-02-26,11.43,11.66,11.38,11.53,48526
2014-02-27,11.48,11.95,11.44,11.91,110259
2014-02-28,11.99,12.06,11.82,11.96,103795
2014-03-03,11.91,12.02,11.45,11.58,114880
2014-03-04,11.68,11.68,11.28,11.31,218952
2014-03-05,11.34,11.42,11.26,11.4,114344
2014-03-06,11.34,11.97,11.33,11.82,107315
2014-03-07,11.92,12.09,11.82,11.98,55452
2014-03-10,11.91,12.0,11.81,11.95,34982
2014-03-11,11.91,11.91,11.59,11.64,54948
2014-03-12,11.63,11.63,11.26,11.3,47120
2014-03-13,11.35,11.35,11.15,11.27,93667
2014-03-14,11.28,11.61,11.23,11.52,103843
2014-03-17,11.62,11.74,11.56,11.72,58561
2014-03-18,11.64,12.13,11.5,12.12,97857
2014-03-19,12.21,13.1,11.99,12.8,395465
2014-03-20,12.35,12.48,11.9,12.37,356411
2014-03-21,12.44,12.54,12.43,12.53,118386
2014-03-24,12.52,12.52,12.19,12.31,170016
2014-03-25,12.34,12.39,11.94,11.98,181332
2014-03-26,12.01,12.18,11.5,11.5,81261
2014-03-27,11.57,11.74,11.31,11.43,65490
2014-03-28,11.42,11.75,11.31,11.48,147279
2014-03-31,11.6,11.76,11.51,11.7,121407
2014-04-01,11.68,11.75,11.32,11.45,116053
2014-04-02,11.51,11.54,11.41,11.49,74489
2014-04-03,11.5,11.53,11.29,11.43,40813
2014-04-04,11.51,11.51,11.08,11.29,89288
2014-04-07,11.21,11.21,10.79,10.98,98495
2014-04-08,10.96,11.18,10.92,11.0,60400
2014-04-09,11.02,11.03,10.77,11.02,58820
2014-04-10,11.05,11.05,10.7,10.94,144055
2014-04-11,10.83,10.93,10.75,10.85,47794
2014-04-14,10.96,11.19,10.8,11.17,53146
2014-04-15,11.17,11.29,10.95,11.28,99988
2014-04-16,11.29,11.36,11.18,11.33,37366
2014-04-17,11.33,11.41,11.28,11.34,32586
2014-04-21,11.45,11.45,11.24,11.35,26153
2014-04-22,11.32,11.85,11.32,11.66,74194
2014-04-23,11.68,11.68,11.5,11.5,16865
2014-04-24,11.52,11.7,11.49,11.59,29993
2014-04-25,11.55,11.6,10.9,10.97,68392
2014-04-28,11.03,11.35,10.84,10.87,77567
2014-04-29,10.93,11.15,10.88,11.13,54657
2014-04-30,11.13,11.42,11.05,11.3,51639
2014-05-01,11.26,11.43,11.03,11.36,53557
2014-05-02,11.38,11.77,11.36,11.61,52647
2014-05-05,11.54,11.54,11.02,11.33,55362
2014-05-06,11.27,11.27,11.14,11.21,58904
2014-05-07,11.22,11.27,10.99,11.2,61020
2014-05-08,11.19,11.6,11.07,11.46,58075
2014-05-09,11.4,11.58,11.25,11.43,49687
2014-05-12,11.53,11.95,11.53,11.77,45403
2014-05-13,11.78,11.85,11.48,11.5,63307
2014-05-14,11.43,11.49,11.06,11.13,26194
2014-05-15,11.08,11.2,10.67,11.0,58272
2014-05-16,10.97,11.13,10.88,11.1,29663
2014-05-19,11.01,11.05,10.54,10.91,87420
2014-05-20,10.9,10.92,10.42,10.49,108962
2014-05-21,10.48,10.51,10.06,10.14,105530
2014-05-22,10.17,10.58,10.14,10.51,43141
2014-05-23,10.51,10.54,10.37,10.51,63859
2014-05-27,10.64,10.9,10.54,10.62,74520
2014-05-28,10.6,10.88,10.48,10.58,235304
2014-05-29,7.95,9.0,7.95,8.77,1504268
2014-05-30,8.88,9.47,8.62,8.79,281589
2014-06-02,8.8,8.8,8.38,8.44,237701
2014-06-03,8.35,8.41,8.0,8.41,210594
2014-06-04,8.42,8.42,8.26,8.32,70354
2014-06-05,8.34,8.67,8.12,8.58,103879
2014-06-06,8.65,8.79,8.56,8.72,131372
2014-06-09,8.75,8.82,8.65,8.74,52840
2014-06-10,8.74,8.78,8.47,8.55,38077
2014-06-11,8.52,8.58,8.15,8.27,124629
2014-06-12,8.21,8.28,7.98,8.0,230001
2014-06-13,8.06,8.07,7.83,7.98,149497
2014-06-16,8.08,8.2,7.92,8.15,134367
2014-06-17,8.1,8.25,8.0,8.04,110706
2014-06-18,8.05,8.2,8.04,8.16,80055
2014-06-19,8.17,8.17,7.98,8.03,149728
2014-06-20,8.0,8.09,7.81,8.0,476509
2014-06-23,7.97,8.03,7.86,7.89,146007
2014-06-24,7.89,8.02,7.83,7.84,105079
2014-06-25,7.81,7.88,7.71,7.76,182333
2014-06-26,7.74,7.87,7.68,7.81,102798
2014-06-27,8.08,8.25,7.97,8.05,535507
2014-06-30,7.84,8.21,7.77,8.04,251740
2014-07-01,8.08,8.4,8.08,8.22,228792
2014-07-02,8.2,8.41,8.2,8.29,69616
2014-07-03,8.36,8.38,8.25,8.34,69159
2014-07-07,8.35,8.35,8.23,8.24,59879
2014-07-08,8.24,8.24,8.01,8.03,97473
2014-07-09,8.03,8.05,7.81,7.85,108052
2014-07-10,7.81,7.95,7.68,7.87,159884
2014-07-11,7.86,8.0,7.82,7.92,150845
2014-07-14,8.0,8.05,7.84,7.86,130714
2014-07-15,7.86,7.9,7.76,7.79,95621
2014-07-16,7.82,7.83,7.6,7.62,173519
2014-07-17,7.61,7.76,7.5,7.61,327190
2014-07-18,7.58,7.65,7.54,7.62,106789
2014-07-21,7.62,7.66,7.52,7.57,123775
2014-07-22,7.61,7.68,7.54,7.63,81326
2014-07-23,7.62,7.72,7.47,7.55,75968
2014-07-24,7.55,7.66,7.51,7.52,88668
2014-07-25,7.47,7.65,7.47,7.6,168995
2014-07-28,7.59,7.59,7.35,7.46,75697
2014-07-29,7.47,7.56,7.43,7.47,51558
2014-07-30,7.49,7.57,7.37,7.55,81958
2014-07-31,7.44,7.62,7.32,7.57,88813
2014-08-01,7.55,7.6,7.44,7.46,104457
2014-08-04,7.48,7.62,7.36,7.6,62366
2014-08-05,7.58,7.84,7.43,7.73,123995
2014-08-06,7.71,8.08,7.65,8.07,92939
2014-08-07,8.07,8.13,7.78,7.98,75840
2014-08-08,7.98,8.13,7.95,8.04,57527
2014-08-11,8.06,8.2,8.05,8.13,45114
2014-08-12,8.07,8.09,7.8,7.82,32532
2014-08-13,7.88,7.92,7.72,7.8,68490
2014-08-14,7.81,7.92,7.72,7.76,45213
2014-08-15,7.85,7.85,7.58,7.68,47593
2014-08-18,7.75,7.87,7.65,7.83,51783
2014-08-19,7.86,8.22,7.86,8.04,74527
2014-08-20,8.01,8.16,7.98,8.09,49160
2014-08-21,8.14,8.28,8.1,8.28,327877
2014-08-22,8.3,8.31,8.2,8.26,29596
2014-08-25,8.26,8.4,8.23,8.33,57480
2014-08-26,8.34,8.42,8.3,8.4,189467
2014-08-27,8.43,8.55,8.34,8.52,425055
2014-08-28,7.9,8.2,7.81,8.15,515901
2014-08-29,8.13,8.23,8.05,8.15,452348
2014-09-02,8.12,8.24,8.05,8.15,124117
2014-09-03,8.2,8.26,8.07,8.09,83054
2014-09-04,8.1,8.24,8.02,8.04,158643
2014-09-05,8.06,8.12,7.95,7.95,176441
2014-09-08,7.95,8.05,7.95,8.04,68050
2014-09-09,7.99,8.0,7.89,7.91,80203
2014-09-10,7.92,7.94,7.76,7.8,66647
2014-09-11,7.81,7.95,7.71,7.91,67101
2014-09-12,7.91,8.01,7.77,7.91,53613
2014-09-15,7.91,8.02,7.8,7.9,60789
2014-09-16,7.89,7.93,7.67,7.68,85586
2014-09-17,7.92,8.13,7.8,7.9,104366
2014-09-18,7.91,8.04,7.85,8.01,43553
2014-09-19,8.03,8.06,7.85,7.87,96598
2014-09-22,7.85,7.87,7.65,7.68,56995
2014-09-23,7.83,7.86,7.65,7.68,92921
2014-09-24,7.77,7.77,7.56,7.66,62070
2014-09-25,7.63,7.67,7.35,7.54,67658
2014-09-26,7.53,7.8,7.53,7.76,50727
2014-09-29,7.68,7.75,7.48,7.74,83722
2014-09-30,7.75,7.75,7.43,7.52,86200
2014-10-01,7.5,7.6,7.38,7.43,59936
2014-10-02,7.41,7.6,7.41,7.57,69602
2014-10-03,7.6,7.66,7.55,7.6,44875
2014-10-06,7.61,7.61,7.47,7.49,52900
2014-10-07,7.43,7.48,7.32,7.32,135736
2014-10-08,7.35,7.35,6.99,7.07,149165
2014-10-09,7.05,7.13,6.95,6.95,144332
2014-10-10,6.9,7.01,6.82,6.9,81662
2014-10-13,6.89,7.0,6.89,6.9,55268
2014-10-14,6.97,7.08,6.91,6.95,57840
2014-10-15,6.88,7.35,6.86,7.29,52390
2014-10-16,7.23,7.36,7.19,7.23,57718
2014-10-17,7.32,7.32,6.9,6.98,60894
2014-10-20,6.92,7.03,6.9,6.97,37517
2014-10-21,6.98,7.25,6.98,7.23,71775
2014-10-22,7.24,7.26,7.03,7.06,24934
2014-10-23,7.09,7.28,7.09,7.21,28343
2014-10-24,7.23,7.23,7.07,7.17,24372
2014-10-27,7.14,7.28,7.13,7.26,25930
2014-10-28,7.24,7.37,7.17,7.32,35295
2014-10-29,7.35,7.35,7.23,7.24,29411
2014-10-30,7.26,7.33,7.17,7.2,51800
2014-10-31,7.29,7.29,7.1,7.12,111015
2014-11-03,6.93,7.21,6.65,6.96,352658
2014-11-04,7.0,7.04,6.81,6.95,145826
2014-11-05,6.95,6.95,6.77,6.88,117678
2014-11-06,6.9,6.95,6.86,6.93,113261
2014-11-07,6.89,6.9,6.8,6.88,22485
2014-11-10,6.86,6.86,6.79,6.84,36880
2014-11-11,6.8,6.89,6.79,6.89,50397
2014-11-12,6.89,7.31,6.84,7.29,61544
2014-11-13,7.26,7.36,7.06,7.06,26201
2014-11-14,7.08,7.15,6.8,7.03,46036
2014-11-17,7.08,7.19,6.99,6.99,29297
2014-11-18,6.97,6.98,6.91,6.94,41921
2014-11-19,6.92,7.02,6.8,6.99,36772
2014-11-20,6.94,7.22,6.92,7.06,48951
2014-11-21,7.19,7.25,7.1,7.15,52157
2014-11-24,7.16,7.45,7.16,7.41,50232
2014-11-25,7.43,7.75,7.42,7.52,156275
2014-11-26,7.51,7.6,7.47,7.57,17953
2014-11-28,7.57,7.7,7.4,7.47,43096
2014-12-01,7.5,7.5,6.97,7.07,68746
2014-12-02,7.06,7.21,6.93,6.98,36586
2014-12-03,7.0,7.24,7.0,7.07,276096
2014-12-04,8.0,9.28,7.95,8.5,1652949
2014-12-05,8.75,8.89,8.29,8.45,426387
2014-12-08,8.55,8.8,8.5,8.57,433884
2014-12-09,8.47,8.74,8.43,8.58,333402
2014-12-10,8.58,8.65,8.47,8.56,362222
2014-12-11,8.66,8.85,8.56,8.76,171184
2014-12-12,8.69,8.98,8.67,8.89,105717
2014-12-15,8.97,9.06,8.83,8.92,193760
2014-12-16,8.86,9.05,8.85,8.93,197937
2014-12-17,8.94,9.09,8.86,9.04,154672
2014-12-18,9.15,9.36,8.96,9.15,130369
2014-12-19,9.12,9.4,8.84,9.3,178045
2014-12-22,9.26,9.56,9.26,9.42,123228
2014-12-23,9.42,9.54,9.27,9.5,114610
2014-12-24,9.6,9.68,9.47,9.47,38861
2014-12-26,9.41,9.59,9.37,9.43,55676
2014-12-29,9.22,9.95,9.22,9.87,144345
2014-12-30,9.75,10.38,9.75,9.82,123141
2014-12-31,9.9,10.06,9.64,9.69,81651
2015-01-02,9.77,10.14,9.77,10.02,196407
2015-01-05,10.02,10.35,9.9,10.27,266365
2015-01-06,10.33,10.51,10.17,10.26,139395
2015-01-07,10.4,11.02,10.4,10.94,169720
2015-01-08,11.1,11.35,10.96,11.29,225091
2015-01-09,11.33,11.74,11.03,11.56,176320
2015-01-12,11.63,11.71,11.49,11.61,204007
2015-01-13,12.42,14.03,12.35,13.63,756146
2015-01-14,13.52,13.98,13.25,13.84,375625
2015-01-15,14.05,14.59,13.56,13.76,298670
2015-01-16,13.8,14.67,13.68,14.15,306579
2015-01-20,14.26,14.26,13.92,14.01,264517
2015-01-21,14.0,14.12,13.8,13.93,128869
2015-01-22,14.02,14.19,13.86,14.11,142829
2015-01-23,14.2,14.24,13.94,14.08,83912
2015-01-26,14.0,14.08,13.75,13.88,143260
2015-01-27,13.81,14.04,13.64,13.98,124890
2015-01-28,14.02,14.17,13.7,13.79,157147
2015-01-29,13.72,14.15,13.59,14.0,120789
2015-01-30,13.86,13.88,13.54,13.74,94882
2015-02-02,13.69,13.91,13.2,13.84,240577
2015-02-03,13.87,14.05,13.71,13.73,89607
2015-02-04,13.62,14.0,13.55,13.77,110741
2015-02-05,13.91,14.05,13.75,13.82,78164
2015-02-06,13.81,13.95,13.47,13.49,73062
2015-02-09,13.39,13.59,13.22,13.28,113841
2015-02-10,13.43,13.84,13.43,13.7,177892
2015-02-11,13.64,13.78,13.29,13.47,136145
2015-02-12,13.39,13.49,13.19,13.27,126235
2015-02-13,13.21,13.44,12.91,13.08,141180
2015-02-17,13.01,13.11,12.67,12.67,194026
2015-02-18,12.8,12.85,12.59,12.68,157182
2015-02-19,12.67,12.8,12.57,12.59,107195
2015-02-20,12.62,12.72,12.22,12.31,170630
2015-02-23,12.31,12.37,11.91,12.21,151855
2015-02-24,12.2,12.54,12.17,12.45,98819
2015-02-25,12.39,12.64,12.32,12.42,186170
2015-02-26,12.4,12.67,12.31,12.6,81443
2015-02-27,12.61,13.0,12.52,12.56,89751
2015-03-02,12.56,12.99,12.56,12.74,145356
2015-03-03,12.85,12.85,12.48,12.7,91214
2015-03-04,12.65,12.82,12.6,12.7,67524
2015-03-05,12.72,12.72,12.48,12.48,112868
2015-03-06,12.37,12.7,12.37,12.5,56041
2015-03-09,12.67,13.08,12.54,12.89,118333
2015-03-10,12.88,13.23,12.75,13.19,92712
2015-03-11,13.23,13.4,12.97,13.16,91893
2015-03-12,13.27,13.38,13.13,13.2,85413
2015-03-13,13.2,13.29,12.91,13.14,151138
2015-03-16,13.39,13.42,12.84,12.97,201622
2015-03-17,13.01,13.3,12.83,13.2,143056
2015-03-18,13.11,13.5,13.11,13.42,300512
2015-03-19,13.6,15.72,13.5,15.61,890302
2015-03-20,15.61,16.83,15.44,16.7,695255
2015-03-23,16.5,16.99,15.96,16.07,312269
2015-03-24,15.94,16.13,15.51,15.53,284580
2015-03-25,15.55,15.84,15.0,15.12,239445
2015-03-26,15.14,15.46,15.04,15.24,150647
2015-03-27,15.24,15.45,15.05,15.05,149676
2015-03-30,15.25,16.1,15.23,15.75,309914
2015-03-31,15.83,15.89,15.54,15.65,279764
2015-04-01,15.56,16.03,15.48,16.01,188779
2015-04-02,15.9,16.4,15.9,16.06,149297
2015-04-06,16.05,16.36,15.65,16.27,181231
2015-04-07,16.32,16.47,16.1,16.19,107091
2015-04-08,16.13,16.8,16.13,16.77,115353
2015-04-09,16.78,16.78,16.15,16.35,95239
2015-04-10,15.9,16.08,15.02,15.67,229749
2015-04-13,15.53,15.91,15.23,15.51,228253
2015-04-14,15.58,15.76,15.45,15.55,120505
2015-04-15,15.55,15.74,15.3,15.49,121205
2015-04-16,15.47,15.56,15.15,15.4,96636
2015-04-17,15.2,15.2,14.52,14.58,130909
2015-04-20,14.59,15.08,14.55,15.02,103268
2015-04-21,14.71,14.71,14.16,14.4,144775
2015-04-22,14.37,14.74,14.21,14.73,94634
2015-04-23,14.69,14.92,14.57,14.9,71954
2015-04-24,14.9,15.39,14.79,15.36,92887
2015-04-27,15.42,15.42,14.38,14.46,124835
2015-04-28,14.39,14.6,14.07,14.22,88817
2015-04-29,14.12,14.12,13.25,13.42,121888
2015-04-30,13.4,13.51,13.23,13.34,106118
2015-05-01,13.33,13.77,13.26,13.76,84504
2015-05-04,13.76,13.78,12.85,12.92,111220
2015-05-05,12.92,13.17,12.55,13.12,102295
2015-05-06,13.11,13.23,12.95,13.13,84072
2015-05-07,13.2,13.48,13.12,13.4,86552
2015-05-08,13.58,13.99,13.58,13.96,114896
2015-05-11,14.02,14.29,13.87,14.09,105830
2015-05-12,13.88,13.89,13.6,13.69,63216
2015-05-13,13.7,13.77,13.42,13.55,55430
2015-05-14,13.62,13.72,13.38,13.57,70399
2015-05-15,13.56,13.8,13.55,13.76,85571
2015-05-18,13.76,14.28,13.72,14.2,102007
2015-05-19,14.07,14.27,13.99,14.1,128955
2015-05-20,14.17,14.58,14.0,14.35,122351
2015-05-21,14.4,14.58,14.13,14.53,100755
2015-05-22,14.51,14.67,13.0,13.17,185381
2015-05-26,13.37,13.37,12.67,12.92,148701
2015-05-27,12.81,13.34,12.47,13.0,274770
2015-05-28,11.66,11.69,9.61,9.78,2035244
2015-05-29,9.83,10.05,9.5,9.64,473146
2015-06-01,9.64,9.99,9.5,9.82,315970
2015-06-02,9.77,10.36,9.75,10.16,489838
2015-06-03,10.2,10.25,9.98,10.15,346234
2015-06-04,10.12,10.34,10.06,10.2,174769
2015-06-05,10.19,10.19,9.9,10.12,166444
2015-06-08,10.09,10.24,10.06,10.12,164500
2015-06-09,10.09,10.18,9.84,9.99,221352
2015-06-10,9.99,10.13,9.93,9.94,124954
2015-06-11,9.97,10.0,9.79,9.83,88516
2015-06-12,9.8,10.01,9.8,10.0,93853
2015-06-15,9.97,9.97,9.54,9.72,182768
2015-06-16,9.73,10.01,9.73,9.96,144427
2015-06-17,9.94,10.14,9.88,10.09,106346
2015-06-18,10.06,10.27,10.06,10.23,100134
2015-06-19,10.26,10.34,10.17,10.21,132818
2015-06-22,10.24,10.32,9.63,9.7,238946
2015-06-23,9.69,9.81,9.69,9.77,200561
2015-06-24,9.75,9.89,9.73,9.78,120281
2015-06-25,9.86,9.86,9.58,9.72,192464
2015-06-26,9.72,10.03,9.72,9.95,325835
2015-06-29,9.94,9.96,9.57,9.66,123831
2015-06-30,9.72,9.73,9.59,9.67,126098
2015-07-01,9.67,9.85,9.57,9.79,255464
2015-07-02,9.84,10.15,9.84,9.96,99495
2015-07-06,9.9,10.13,9.89,10.01,78037
2015-07-07,10.04,10.09,9.76,9.94,90412
2015-07-08,9.87,10.01,9.64,9.77,75403
2015-07-09,9.88,10.0,9.78,9.94,59169
2015-07-10,10.03,10.03,9.85,9.95,71849
2015-07-13,10.06,10.06,9.88,9.96,92126
2015-07-14,9.98,10.15,9.88,9.88,112408
2015-07-15,9.9,9.9,9.59,9.66,151060
2015-07-16,9.69,9.96,9.64,9.87,65914
2015-07-17,9.85,9.92,9.58,9.65,90936
2015-07-20,9.62,9.62,9.27,9.48,156926
2015-07-21,9.66,9.66,9.18,9.18,142763
2015-07-22,9.2,9.5,9.11,9.44,82150
2015-07-23,9.45,9.59,9.2,9.36,89479
2015-07-24,9.38,9.38,9.26,9.27,65072
2015-07-27,9.22,9.4,9.09,9.34,79329
2015-07-28,9.33,9.33,8.82,9.01,140087
2015-07-29,9.02,9.15,8.92,9.01,38212
2015-07-30,8.98,9.11,8.87,9.04,81146
2015-07-31,9.08,9.15,9.0,9.05,67432
2015-08-03,9.09,9.2,9.05,9.09,115652
2015-08-04,9.09,9.14,9.01,9.11,70512
2015-08-05,9.18,9.18,9.06,9.09,69752
2015-08-06,9.04,9.04,8.86,8.92,69135
2015-08-07,8.89,9.14,8.82,9.11,86257
2015-08-10,9.17,9.43,9.07,9.16,87800
2015-08-11,9.15,9.16,8.97,9.09,51462
2015-08-12,9.05,9.12,8.77,9.03,44543
2015-08-13,9.17,9.27,9.0,9.15,39659
2015-08-14,9.19,9.49,9.16,9.37,42854
2015-08-17,9.34,9.71,9.28,9.46,77973
2015-08-18,9.41,9.41,9.25,9.25,27042
2015-08-19,9.25,9.45,9.13,9.38,34778
2015-08-20,9.32,9.32,8.94,8.97,77538
2015-08-21,8.78,8.82,8.17,8.25,181544
2015-08-24,7.95,8.26,7.79,7.86,158664
2015-08-25,7.96,7.96,7.54,7.6,158966
2015-08-26,7.81,8.22,7.81,8.08,228644
2015-08-27,7.75,8.53,7.71,8.14,305439
2015-08-28,8.06,8.09,7.75,7.86,201641
2015-08-31,7.81,8.2,7.81,8.01,158052
2015-09-01,7.86,8.15,7.86,8.04,133422
2015-09-02,8.17,8.28,7.92,8.23,93436
2015-09-03,8.22,8.28,7.96,8.02,62619
2015-09-04,7.9,8.36,7.9,8.29,56779
2015-09-08,8.38,8.39,7.84,7.88,177704
2015-09-09,7.89,8.06,7.75,7.86,210779
2015-09-10,7.8,8.06,7.74,7.76,247129
2015-09-11,7.75,7.79,7.6,7.77,248222
2015-09-14,7.79,7.91,7.6,7.67,124952
2015-09-15,7.67,7.75,7.52,7.53,88080
2015-09-16,7.56,7.7,7.46,7.65,98600
2015-09-17,7.73,8.23,7.73,8.01,108855
2015-09-18,7.91,7.99,7.58,7.83,118220
2015-09-21,7.89,7.92,7.7,7.77,67845
2015-09-22,7.74,7.89,7.52,7.84,156309
2015-09-23,7.81,7.85,7.4,7.43,88916
2015-09-24,7.44,7.49,7.26,7.31,116694
2015-09-25,7.43,7.43,7.12,7.27,134107
2015-09-28,7.28,7.39,7.06,7.21,82346
2015-09-29,7.25,7.28,7.03,7.15,118916
2015-09-30,7.21,7.43,7.18,7.36,60730
2015-10-01,7.36,7.61,7.27,7.53,71705
2015-10-02,7.44,7.8,7.38,7.73,92293
2015-10-05,7.81,7.81,7.63,7.78,95563
2015-10-06,7.73,7.78,7.61,7.67,56790
2015-10-07,7.66,7.79,7.66,7.79,50350
2015-10-08,8.46,8.54,8.12,8.24,280779
2015-10-09,8.25,8.25,7.8,8.0,88585
2015-10-12,8.06,8.14,7.88,7.95,46747
2015-10-13,8.02,8.05,7.75,7.85,65794
2015-10-14,7.81,7.81,7.37,7.51,70448
2015-10-15,7.51,7.91,7.51,7.87,75654
2015-10-16,7.92,7.95,7.56,7.81,45003
2015-10-19,7.8,7.94,7.53,7.8,75512
2015-10-20,7.77,7.86,7.71,7.83,23993
2015-10-21,7.84,7.84,7.57,7.61,42988
2015-10-22,7.66,7.68,7.54,7.62,41023
2015-10-23,7.66,7.66,7.26,7.28,35179
2015-10-26,7.33,7.42,7.16,7.23,48440
2015-10-27,7.24,7.24,6.9,6.97,101510
2015-10-28,7.14,7.35,7.03,7.29,75260
2015-10-29,7.33,7.43,7.04,7.07,42314
2015-10-30,7.14,7.41,7.12,7.29,69935
2015-11-02,7.29,7.29,6.85,7.13,76642
2015-11-03,7.19,7.47,7.05,7.36,77088
2015-11-04,7.39,7.48,7.21,7.36,57467
2015-11-05,7.21,7.21,6.8,6.82,184690
2015-11-06,6.81,6.85,6.52,6.62,125515
2015-11-09,6.52,6.56,6.31,6.32,133923
2015-11-10,6.35,6.58,6.16,6.17,150628
2015-11-11,6.19,6.22,5.92,6.01,114790
2015-11-12,5.91,6.3,5.91,6.08,94010
2015-11-13,5.98,6.1,5.88,5.97,163591
2015-11-16,6.0,6.04,5.84,5.97,100470
2015-11-17,6.0,6.0,5.76,5.85,121231
2015-11-18,5.92,5.97,5.74,5.93,91196
2015-11-19,5.97,6.05,5.72,5.84,63615
2015-11-20,5.92,6.29,5.92,6.27,161272
2015-11-23,6.3,6.53,6.19,6.52,116343
2015-11-24,6.52,6.61,6.38,6.57,72794
2015-11-25,6.61,6.61,6.43,6.55,110497
2015-11-27,6.57,6.59,6.52,6.57,30100
2015-11-30,6.56,6.56,6.12,6.17,152223
2015-12-01,6.18,6.24,6.04,6.09,138117
2015-12-02,6.15,6.22,5.9,6.15,258074
2015-12-03,6.46,6.46,5.82,6.15,404295
2015-12-04,6.15,6.26,6.04,6.13,173877
2015-12-07,6.06,6.14,5.98,6.06,92900
2015-12-08,6.0,6.21,5.96,6.07,171239
2015-12-09,6.13,6.19,6.04,6.09,117257
2015-12-10,6.06,6.17,6.04,6.05,106203
2015-12-11,5.95,6.15,5.95,6.11,91360
2015-12-14,6.13,6.22,5.95,6.11,197168
2015-12-15,6.25,6.31,6.07,6.08,143055
2015-12-16,6.16,6.18,6.0,6.04,118142
2015-12-17,6.05,6.1,6.03,6.07,89168
2015-12-18,6.0,6.1,5.92,6.0,156435
2015-12-21,6.07,6.08,5.96,6.0,151769
2015-12-22,6.0,6.15,5.89,6.13,196584
2015-12-23,6.15,6.43,6.01,6.28,711856
2015-12-24,6.26,6.6,6.22,6.44,66615
2015-12-28,6.37,6.49,6.15,6.26,147601
2015-12-29,6.28,6.65,6.28,6.62,140379
2015-12-30,6.56,6.61,6.51,6.59,155134
2015-12-31,6.55,6.7,6.55,6.63,66347
2016-01-04,6.52,6.63,6.3,6.5,224531
2016-01-05,6.42,6.55,6.25,6.39,134295
2016-01-06,6.22,6.51,6.22,6.47,113710
2016-01-07,6.39,6.75,6.39,6.64,89939
2016-01-08,6.59,6.67,6.2,6.2,116333
2016-01-11,6.18,6.45,6.16,6.36,73484
2016-01-12,6.44,6.66,6.26,6.38,84600
2016-01-13,6.33,6.46,6.16,6.34,101981
2016-01-14,6.38,6.79,6.35,6.6,95312
2016-01-15,6.42,6.45,6.25,6.34,84889
2016-01-19,6.34,6.39,6.24,6.33,85372
2016-01-20,6.21,6.54,6.09,6.48,92279
2016-01-21,6.46,6.68,6.36,6.52,48585
2016-01-22,6.57,6.82,6.42,6.47,65405
2016-01-25,6.47,6.52,6.34,6.36,35927
2016-01-26,6.4,6.78,6.35,6.68,46922
2016-01-27,6.63,6.66,6.19,6.29,68615
2016-01-28,6.36,6.38,6.24,6.26,35668
2016-01-29,6.24,6.52,6.24,6.49,35357
2016-02-01,6.46,6.69,6.43,6.62,50780
2016-02-02,6.55,6.69,6.5,6.6,38659
2016-02-03,6.63,6.65,6.31,6.32,55201
2016-02-04,6.28,6.49,6.25,6.47,74777
2016-02-05,6.36,6.4,6.25,6.35,104213
2016-02-08,6.33,6.43,6.25,6.41,49351
2016-02-09,6.35,6.57,6.34,6.44,47639
2016-02-10,6.51,6.54,6.25,6.29,56439
2016-02-11,6.18,6.35,6.18,6.31,48952
2016-02-12,6.36,6.4,6.25,6.31,25036
2016-02-16,6.32,6.63,6.28,6.62,35811
2016-02-17,6.63,6.74,6.51,6.62,39774
2016-02-18,6.61,6.71,6.42,6.69,48117
2016-02-19,6.68,6.74,6.56,6.58,60630
2016-02-22,6.67,7.2,6.67,7.12,68732
2016-02-23,7.12,7.33,7.03,7.05,57064
2016-02-24,7.01,7.05,6.85,6.93,79112
2016-02-25,6.98,7.16,6.8,7.12,48874
2016-02-26,7.13,7.5,6.98,7.34,97864
2016-02-29,7.36,7.43,7.18,7.19,59763
2016-03-01,7.22,7.37,7.03,7.12,47912
2016-03-02,7.27,7.4,7.02,7.36,65720
2016-03-03,7.34,7.81,7.28,7.69,76697
2016-03-04,7.69,8.12,7.69,7.89,95357
2016-03-07,7.89,8.26,7.85,8.22,104262
2016-03-08,8.14,8.72,8.1,8.29,239806
2016-03-09,8.22,8.62,8.22,8.26,52381
2016-03-10,8.36,8.49,8.22,8.34,84033
2016-03-11,8.39,8.6,8.31,8.42,51280
2016-03-14,8.39,8.6,8.19,8.29,62272
2016-03-15,8.36,8.37,7.76,7.92,71390
2016-03-16,7.86,8.11,7.82,7.95,62189
2016-03-17,7.5,7.5,6.51,6.86,338137
2016-03-18,6.91,7.44,6.78,7.44,147041
2016-03-21,7.34,7.71,6.83,6.87,174421
2016-03-22,6.87,6.97,6.62,6.67,95151
2016-03-23,6.71,6.75,6.55,6.65,137430
2016-03-24,6.57,6.64,6.42,6.46,87366
2016-03-28,6.5,6.86,6.5,6.74,64044
2016-03-29,6.71,6.8,6.61,6.8,43737
2016-03-30,6.8,6.85,6.64,6.66,100976
2016-03-31,6.65,6.8,6.56,6.69,74841
2016-04-01,6.69,6.82,6.69,6.78,44128
2016-04-04,6.82,6.93,6.73,6.76,70594
2016-04-05,6.69,6.93,6.6,6.74,46947
2016-04-06,6.74,6.9,6.6,6.68,239787
2016-04-07,6.66,6.79,6.4,6.45,122401
2016-04-08,6.46,6.55,6.3,6.39,78787
2016-04-11,6.45,6.45,6.32,6.32,42389
2016-04-12,6.34,6.57,6.31,6.39,60898
2016-04-13,6.52,6.61,6.39,6.41,75221
2016-04-14,6.45,6.5,6.35,6.44,73773
2016-04-15,6.43,6.66,6.4,6.56,54031
2016-04-18,6.52,6.87,6.52,6.82,48012
2016-04-19,6.73,6.88,6.36,6.43,84084
2016-04-20,6.42,6.69,6.42,6.62,30846
2016-04-21,6.61,6.65,6.36,6.4,43156
2016-04-22,6.44,6.53,6.36,6.42,51433
2016-04-25,6.4,6.49,6.33,6.35,108667
2016-04-26,6.34,6.6,6.29,6.59,56191
2016-04-27,6.56,6.56,6.35,6.35,52707
2016-04-28,6.34,6.41,6.25,6.28,49553
2016-04-29,6.29,6.33,6.23,6.29,33288
2016-05-02,6.29,6.33,6.21,6.31,82580
2016-05-03,6.35,6.5,6.21,6.39,103930
2016-05-04,6.37,6.43,6.23,6.3,37247
2016-05-05,6.26,6.29,5.97,5.99,71380
2016-05-06,5.97,6.07,5.81,5.92,68732
2016-05-09,5.92,6.18,5.8,6.09,65888
2016-05-10,6.08,6.13,5.87,5.96,49389
2016-05-11,5.92,6.02,5.69,5.75,115214
2016-05-12,5.75,5.75,5.64,5.69,51911
2016-05-13,5.7,5.94,5.6,5.68,61429
2016-05-16,5.81,5.9,5.67,5.69,71752
2016-05-17,5.69,5.7,5.6,5.6,61876
2016-05-18,5.61,5.83,5.6,5.6,67462
2016-05-19,5.58,5.75,5.58,5.63,44933
2016-05-20,5.66,5.79,5.58,5.68,48061
2016-05-23,5.72,5.78,5.62,5.62,32518
2016-05-24,5.71,5.85,5.61,5.77,132814
2016-05-25,5.9,5.93,5.66,5.7,72918
2016-05-26,6.32,6.69,6.15,6.15,200151
2016-05-27,6.19,6.44,6.19,6.24,90219
2016-05-31,6.09,6.19,5.81,5.9,164993
2016-06-01,5.91,6.1,5.88,6.01,117463
2016-06-02,5.97,6.13,5.85,6.11,53051
2016-06-03,6.13,6.14,5.97,6.06,85187
2016-06-06,6.08,6.17,6.0,6.11,47230
2016-06-07,6.12,6.18,6.04,6.11,107312
2016-06-08,6.06,6.21,6.05,6.17,52612
2016-06-09,6.18,6.18,5.99,6.03,39860
2016-06-10,5.99,6.08,5.95,5.99,55143
2016-06-13,6.0,6.08,5.95,6.01,80984
2016-06-14,6.03,6.03,5.88,5.92,93350
2016-06-15,5.96,6.11,5.96,6.0,35968
2016-06-16,5.99,6.02,5.91,5.97,43747
2016-06-17,5.99,6.12,5.85,6.08,63277
2016-06-20,6.13,6.32,6.0,6.02,33423
2016-06-21,6.0,6.04,5.94,6.0,62755
2016-06-22,6.0,6.05,5.89,5.96,49383
2016-06-23,5.97,6.06,5.92,5.99,47718
2016-06-24,5.87,5.95,5.79,5.86,182116
2016-06-27,5.84,5.88,5.76,5.81,99633
2016-06-28,5.86,6.14,5.75,5.77,62027
2016-06-29,5.84,5.84,5.73,5.75,99285
2016-06-30,5.79,5.84,5.73,5.79,32476
2016-07-01,5.81,5.96,5.78,5.79,43358
2016-07-05,5.76,5.77,5.6,5.61,64105
2016-07-06,5.61,5.65,5.57,5.62,27507
2016-07-07,5.49,5.7,5.49,5.56,81422
2016-07-08,5.63,5.94,5.63,5.88,53598
2016-07-11,5.93,6.04,5.87,5.87,63706
2016-07-12,5.87,6.13,5.86,5.91,105262
2016-07-13,5.95,6.1,5.91,5.93,36101
2016-07-14,6.03,6.03,5.89,5.9,30535
2016-07-15,5.97,6.01,5.89,6.0,83457
2016-07-18,6.07,6.15,6.01,6.03,23304
2016-07-19,6.07,6.16,5.88,5.88,24996
2016-07-20,5.95,5.99,5.89,5.91,10545
2016-07-21,5.88,5.91,5.69,5.7,35836
2016-07-22,5.72,5.8,5.69,5.76,62635
2016-07-25,5.76,5.81,5.69,5.71,25776
2016-07-26,5.72,5.78,5.61,5.66,27048
2016-07-27,5.68,5.78,5.66,5.75,18753
2016-07-28,5.79,5.79,5.64,5.64,10266
2016-07-29,5.66,5.81,5.61,5.69,82951
2016-08-01,5.67,5.7,5.59,5.69,27742
2016-08-02,5.7,5.7,5.55,5.55,40891
2016-08-03,5.56,5.61,5.53,5.59,13415
2016-08-04,5.58,5.82,5.57,5.81,44233
2016-08-05,5.92,5.97,5.88,5.93,17341
2016-08-08,5.93,5.97,5.74,5.89,52315
2016-08-09,5.85,5.97,5.78,5.91,81558
2016-08-10,5.99,6.02,5.93,6.0,21563
2016-08-11,6.04,6.13,6.03,6.1,55548
2016-08-12,6.13,6.21,6.09,6.17,13736
2016-08-15,6.17,6.41,6.17,6.34,88069
2016-08-16,6.3,6.44,6.3,6.37,22902
2016-08-17,6.36,6.43,6.28,6.36,12297
2016-08-18,6.3,6.47,6.3,6.44,24929
2016-08-19,6.41,6.55,6.4,6.5,31007
2016-08-22,6.57,6.65,6.44,6.62,46567
2016-08-23,6.69,6.8,6.6,6.61,91031
2016-08-24,6.59,7.1,6.52,7.08,146081
2016-08-25,7.9,8.2,7.45,7.48,534069
2016-08-26,7.54,8.15,7.53,8.0,209801
2016-08-29,8.2,8.6,8.19,8.55,293028
2016-08-30,8.6,8.9,8.47,8.84,387130
2016-08-31,8.84,8.85,8.53,8.74,269043
2016-09-01,8.85,8.94,8.7,8.94,168996
2016-09-02,8.9,9.15,8.9,9.07,257002
2016-09-06,9.25,9.64,9.24,9.46,425512
2016-09-07,9.49,9.57,9.26,9.48,269997
2016-09-08,9.47,9.56,9.39,9.49,178917
2016-09-09,9.47,9.68,9.36,9.38,216892
2016-09-12,9.35,9.94,9.27,9.93,271642
2016-09-13,9.86,9.92,9.51,9.66,117439
2016-09-14,9.77,10.28,9.72,10.11,288703
2016-09-15,10.12,10.41,9.95,10.4,258496
2016-09-16,10.42,10.67,10.29,10.64,251255
2016-09-19,10.59,10.86,10.43,10.79,245043
2016-09-20,10.75,10.79,9.2,9.51,508890
2016-09-21,9.78,9.8,9.5,9.71,116216
2016-09-22,9.72,9.75,9.28,9.5,281451
2016-09-23,9.47,9.66,9.38,9.55,139673
2016-09-26,9.37,9.52,9.1,9.5,232608
2016-09-27,9.4,9.45,9.0,9.09,160591
2016-09-28,9.1,9.48,8.98,9.42,334798
2016-09-29,9.38,9.46,8.85,8.88,231156
2016-09-30,8.87,9.41,8.87,9.39,186066
2016-10-03,9.39,9.61,9.24,9.57,184837
2016-10-04,9.6,9.75,9.54,9.75,132425
2016-10-05,9.75,9.81,9.4,9.56,145862
2016-10-06,9.52,9.66,9.25,9.31,237552
2016-10-07,9.36,9.66,9.36,9.52,107860
2016-10-10,9.61,9.86,9.52,9.72,107127
2016-10-11,9.71,9.71,9.38,9.5,87201
2016-10-12,9.42,9.65,9.31,9.49,79935
2016-10-13,9.43,9.46,9.23,9.3,103179
2016-10-14,9.38,9.56,9.27,9.41,77918
2016-10-17,9.34,9.78,9.26,9.64,118930
2016-10-18,9.76,9.76,9.27,9.29,147782
2016-10-19,9.27,9.7,9.27,9.62,114156
2016-10-20,9.62,9.62,9.42,9.58,97756
2016-10-21,9.5,9.67,9.37,9.64,113944
2016-10-24,9.66,9.73,9.46,9.68,85856
2016-10-25,9.65,10.4,9.47,10.38,411616
2016-10-26,10.21,10.38,10.1,10.18,166915
2016-10-27,10.17,10.23,9.11,9.16,174368
2016-10-28,9.12,9.47,9.03,9.35,111707
2016-10-31,9.32,9.36,9.12,9.28,98169
2016-11-01,9.27,9.27,8.84,9.05,120891
2016-11-02,9.03,9.62,8.86,9.55,316061
2016-11-03,9.62,9.78,9.08,9.12,119094
2016-11-04,9.12,9.56,9.12,9.49,96259
2016-11-07,9.72,9.97,9.26,9.31,145864
2016-11-08,9.33,9.38,9.12,9.25,78847
2016-11-09,9.13,9.63,8.74,9.5,139246
2016-11-10,9.6,9.98,9.44,9.62,129455
2016-11-11,9.65,9.97,9.4,9.97,114288
2016-11-14,9.92,10.45,9.75,10.32,189400
2016-11-15,10.5,10.5,10.09,10.23,96756
2016-11-16,10.3,10.7,10.2,10.61,185382
2016-11-17,10.61,10.88,10.39,10.56,119152
2016-11-18,10.51,10.59,10.22,10.54,52227
2016-11-21,10.42,10.55,10.11,10.24,149155
2016-11-22,10.3,10.71,10.24,10.3,167327
2016-11-23,10.24,10.41,9.96,10.09,92081
2016-11-25,10.03,10.79,10.03,10.74,103331
2016-11-28,10.8,10.81,9.4,9.42,221787
2016-11-29,9.49,10.3,9.42,10.3,265652
2016-11-30,10.53,10.57,9.75,9.87,377375
2016-12-01,11.88,14.09,11.78,14.0,2318480
2016-12-02,13.98,14.85,13.83,14.4,950458
2016-12-05,14.65,14.78,13.22,13.76,937171
2016-12-06,13.75,14.78,13.55,14.55,473568
2016-12-07,14.67,14.75,13.73,14.0,402411
2016-12-08,14.27,15.1,13.93,14.07,678868
2016-12-09,14.06,15.09,14.06,14.89,580127
2016-12-12,15.1,15.29,14.57,15.11,550822
2016-12-13,15.24,15.24,14.15,14.33,410553
2016-12-14,14.36,14.84,14.2,14.37,292421
2016-12-15,14.45,14.66,14.13,14.38,318996
2016-12-16,14.46,14.46,13.73,14.08,552437
2016-12-19,13.85,13.99,13.35,13.54,429168
2016-12-20,13.6,14.12,13.59,13.82,316430
2016-12-21,13.7,13.8,13.04,13.47,399418
2016-12-22,13.42,13.52,13.17,13.29,262697
2016-12-23,13.16,13.54,13.14,13.44,115848
2016-12-27,13.5,13.68,13.41,13.49,131639
2016-12-28,13.35,13.55,13.17,13.38,137344
2016-12-29,13.31,13.66,13.15,13.33,130189
2016-12-30,13.24,13.42,12.94,13.19,219021
2017-01-03,13.38,13.77,12.99,13.69,364799
2017-01-04,13.48,13.95,13.48,13.64,261636
2017-01-05,13.54,13.54,12.92,13.05,309863
2017-01-06,13.23,13.34,12.46,12.53,300712
2017-01-09,12.43,12.8,12.3,12.68,223914
2017-01-10,12.62,12.84,12.36,12.75,141436
2017-01-11,12.8,13.1,12.52,12.97,214376
2017-01-12,12.96,13.08,12.79,12.93,165897
2017-01-13,13.0,13.12,12.9,13.03,89567
2017-01-17,12.93,13.22,12.84,13.09,172148
2017-01-18,13.08,13.19,12.76,13.02,131560
2017-01-19,12.95,12.95,12.07,12.3,360055
2017-01-20,12.3,12.48,12.0,12.18,121774
2017-01-23,12.07,12.32,11.84,12.25,210590
2017-01-24,12.33,12.35,11.98,12.19,121881
2017-01-25,12.21,12.5,12.21,12.45,107872
2017-01-26,12.37,12.41,11.86,12.01,283829
2017-01-27,12.0,12.19,11.85,11.91,173255
2017-01-30,11.79,12.07,11.68,11.9,110762
2017-01-31,12.4,13.5,12.17,13.4,696640
2017-02-01,13.47,13.7,12.81,12.98,335806
2017-02-02,13.0,13.34,12.88,13.09,147675
2017-02-03,13.15,13.27,12.97,13.19,144888
2017-02-06,13.19,13.25,12.94,13.01,145788
2017-02-07,13.1,13.1,12.34,12.45,265204
2017-02-08,12.41,12.62,12.22,12.32,248222
2017-02-09,12.4,13.02,12.4,12.99,229271
2017-02-10,13.1,13.39,12.87,13.24,228026
2017-02-13,12.85,12.85,12.15,12.18,367800
2017-02-14,12.13,12.43,11.89,11.97,215301
2017-02-15,11.99,12.1,11.73,11.9,147098
2017-02-16,11.91,11.95,11.08,11.14,197008
2017-02-17,11.19,11.31,10.79,10.88,357600
2017-02-21,10.95,11.09,10.64,11.01,318346
2017-02-22,10.9,11.22,10.82,11.16,115352
2017-02-23,11.14,11.14,10.53,10.55,179034
2017-02-24,10.55,11.16,10.51,11.06,273456
2017-02-27,11.03,11.12,10.69,11.1,262977
2017-02-28,11.03,11.12,10.85,11.03,139532
2017-03-01,11.15,11.35,11.0,11.32,221713
2017-03-02,11.25,11.65,11.24,11.5,252712
2017-03-03,11.45,11.52,10.96,11.11,148165
2017-03-06,11.0,11.11,10.84,10.94,151295
2017-03-07,10.94,11.0,10.8,10.92,129084
2017-03-08,10.98,11.19,10.85,11.13,236792
2017-03-09,11.04,11.2,10.79,10.83,191892
2017-03-10,10.81,10.83,10.2,10.26,389543
2017-03-13,10.16,10.16,9.76,10.04,611107
2017-03-14,9.25,9.55,8.76,8.97,1280896
2017-03-15,8.86,9.31,8.85,9.28,364732
2017-03-16,9.25,9.42,8.95,8.99,274236
2017-03-17,8.98,9.12,8.93,9.05,253368
2017-03-20,9.05,9.18,8.88,9.0,338060
2017-03-21,9.01,9.07,8.55,8.63,301547
2017-03-22,8.63,8.65,8.43,8.48,221261
2017-03-23,8.47,8.83,8.47,8.69,151018
2017-03-24,8.69,8.83,8.53,8.65,164653
2017-03-27,8.56,8.76,8.52,8.69,205089
2017-03-28,8.72,8.92,8.59,8.9,257860
2017-03-29,8.9,9.36,8.9,9.32,211726
2017-03-30,9.25,9.4,9.1,9.29,246537
2017-03-31,9.24,9.24,8.86,9.02,269879
2017-04-03,9.0,9.04,8.89,9.0,226345
2017-04-04,9.0,9.0,8.42,8.45,323018
2017-04-05,8.47,8.5,8.02,8.11,449903
2017-04-06,8.13,8.6,8.12,8.49,248808
2017-04-07,8.48,8.48,8.31,8.34,122139
2017-04-10,8.32,8.65,8.32,8.54,153834
2017-04-11,8.48,8.82,8.48,8.76,101081
2017-04-12,8.74,8.88,8.65,8.8,109841
2017-04-13,8.75,8.82,8.52,8.55,153323
2017-04-17,8.54,8.59,8.3,8.51,158524
2017-04-18,8.25,8.56,8.04,8.41,333173
2017-04-19,8.41,8.58,8.3,8.57,209359
2017-04-20,8.6,9.07,8.6,8.99,172179
2017-04-21,8.99,9.14,8.92,9.08,164981
2017-04-24,9.26,9.26,8.98,9.01,220094
2017-04-25,9.07,9.16,8.81,8.88,128803
2017-04-26,8.89,9.54,8.89,9.3,186198
2017-04-27,9.31,9.41,9.13,9.4,136775
2017-04-28,9.43,9.58,9.15,9.56,255994
2017-05-01,9.54,9.6,9.19,9.25,278677
2017-05-02,9.27,9.46,9.14,9.37,111491
2017-05-03,9.38,9.41,9.16,9.33,94147
2017-05-04,9.33,9.41,9.17,9.35,201335
2017-05-05,9.35,9.66,9.25,9.64,177194
2017-05-08,9.64,9.97,9.44,9.82,171161
2017-05-09,9.83,10.09,9.7,10.07,145050
2017-05-10,10.06,10.41,9.85,10.22,192938
2017-05-11,10.22,10.22,9.62,9.92,201945
2017-05-12,9.83,9.87,9.59,9.81,161647
2017-05-15,9.78,10.03,9.57,9.87,158023
2017-05-16,9.8,9.8,9.21,9.22,163298
2017-05-17,9.05,9.14,8.79,8.79,166145
2017-05-18,8.8,8.88,8.59,8.61,144374
2017-05-19,8.64,8.71,8.43,8.56,87879
2017-05-22,8.57,8.8,8.55,8.7,134766
2017-05-23,9.05,9.05,8.5,8.58,299350
2017-05-24,10.75,10.78,9.3,9.64,2423335
2017-05-25,9.74,10.36,9.56,10.14,389313
2017-05-26,10.08,10.26,9.49,10.15,283119
2017-05-30,10.15,10.27,9.55,10.19,261925
2017-05-31,10.17,10.76,9.89,10.55,363515
2017-06-01,10.49,10.86,10.32,10.81,188766
2017-06-02,10.91,10.99,10.42,10.45,260935
2017-06-05,10.49,10.54,10.13,10.24,111921
2017-06-06,10.12,10.26,9.95,10.16,140976
2017-06-07,10.27,10.5,10.03,10.39,112900
2017-06-08,10.47,10.47,10.22,10.25,88705
2017-06-09,10.26,10.44,10.2,10.32,92971
2017-06-12,10.19,10.46,10.11,10.37,100119
2017-06-13,10.36,10.38,10.12,10.25,63368
2017-06-14,10.25,10.25,10.0,10.2,52832
2017-06-15,10.08,10.28,9.94,10.13,47593
2017-06-16,9.94,10.08,9.69,10.03,195914
2017-06-19,10.12,10.43,9.89,10.35,127901
2017-06-20,10.29,10.29,9.8,9.96,118024
2017-06-21,9.94,9.95,9.38,9.46,157473
2017-06-22,9.3,9.74,9.3,9.65,137910
2017-06-23,9.62,9.84,9.44,9.83,300854
2017-06-26,9.71,10.03,9.68,9.88,151657
2017-06-27,9.74,10.0,9.74,9.88,169672
2017-06-28,9.86,9.99,9.72,9.84,178534
2017-06-29,9.85,10.29,9.8,10.09,124628
2017-06-30,10.21,10.23,10.01,10.15,151234
2017-07-03,10.22,10.32,9.92,10.23,42540
2017-07-05,10.23,10.24,9.9,9.97,85281
2017-07-06,9.96,9.96,9.54,9.8,127519
2017-07-07,9.8,10.0,9.78,9.87,89017
2017-07-10,9.92,9.93,9.57,9.64,144170
2017-07-11,9.63,9.9,9.55,9.8,179495
2017-07-12,9.88,10.07,9.77,9.91,110821
2017-07-13,9.9,10.79,9.86,10.74,172602
2017-07-14,10.77,11.03,10.74,10.77,230122
2017-07-17,10.95,11.43,10.88,11.39,184358
2017-07-18,11.32,11.32,10.17,10.17,251952
2017-07-19,10.19,10.48,10.17,10.24,133039
2017-07-20,10.23,10.28,10.11,10.14,83856
2017-07-21,10.23,10.24,9.81,9.91,282831
2017-07-24,9.88,9.92,9.55,9.6,257825
2017-07-25,9.63,10.29,9.55,10.2,122540
2017-07-26,10.22,10.37,9.89,9.95,90214
2017-07-27,10.02,10.2,9.88,10.18,82759
2017-07-28,10.18,10.29,9.95,10.12,54860
2017-07-31,,,,9.98,76657
2017-08-01,10.03,10.24,9.87,10.2,70112
