Date,Open,High,Low,Close,Volume
2006-11-30,0.07,0.08,0.07,0.08,182523
2006-12-01,0.08,0.08,0.08,0.08,641197
2006-12-04,0.09,0.23,0.09,0.19,824422
2006-12-05,0.2,0.22,0.15,0.19,1712327
2006-12-06,0.19,0.21,0.17,0.2,788051
2006-12-07,0.2,0.21,0.14,0.18,427322
2006-12-08,0.18,0.18,0.13,0.14,1159496
2006-12-11,0.18,0.18,0.15,0.16,2058209
2006-12-12,0.17,0.21,0.16,0.2,1690430
2006-12-13,0.2,0.21,0.18,0.19,550059
2006-12-14,0.2,0.28,0.2,0.23,955017
2006-12-15,0.27,0.57,0.26,0.55,2685810
2006-12-18,0.64,1.02,0.63,0.78,3358740
2006-12-19,0.96,1.16,0.9,1.08,2976262
2006-12-20,1.13,1.25,1.08,1.25,2928745
2006-12-21,1.35,1.41,0.61,0.75,3438502
2006-12-22,0.76,0.76,0.46,0.67,2551396
2006-12-26,0.74,0.87,0.69,0.75,812746
2006-12-27,0.88,0.88,0.66,0.72,1082848
2006-12-28,0.76,0.76,0.65,0.66,557702
2006-12-29,0.67,0.69,0.57,0.58,470408
2007-01-03,0.62,0.62,0.41,0.42,1873152
2007-01-04,0.42,0.42,0.37,0.4,2566521
2007-01-05,0.47,0.47,0.41,0.46,818639
2007-01-08,0.53,0.74,0.49,0.73,1566302
2007-01-09,0.79,0.93,0.79,0.92,1489579
2007-01-10,0.88,0.9,0.65,0.69,1649319
2007-01-11,0.76,0.82,0.67,0.72,294460
2007-01-12,0.78,0.79,0.72,0.77,312926
2007-01-16,0.91,0.91,0.8,0.84,1067122
2007-01-17,0.89,0.9,0.76,0.81,762645
2007-01-18,0.81,0.81,0.56,0.65,1635083
2007-01-19,0.66,0.67,0.57,0.62,748482
2007-01-22,0.65,0.67,0.6,0.67,444594
2007-01-23,0.71,0.75,0.69,0.75,514253
2007-01-24,0.74,0.85,0.69,0.78,851497
2007-01-25,0.79,0.81,0.71,0.81,408811
2007-01-26,0.82,0.88,0.75,0.84,506361
2007-01-29,0.84,0.86,0.79,0.81,343723
2007-01-30,0.84,0.84,0.71,0.79,388496
2007-01-31,0.85,0.85,0.72,0.72,483121
2007-02-01,0.68,0.7,0.56,0.63,2142594
2007-02-02,0.68,0.72,0.63,0.65,168144
2007-02-05,0.84,0.84,0.69,0.72,243440
2007-02-06,0.75,0.77,0.65,0.71,353964
2007-02-07,0.74,0.75,0.65,0.7,47906
2007-02-08,0.7,0.72,0.67,0.71,126318
2007-02-09,0.71,0.74,0.67,0.67,122114
2007-02-12,0.68,0.74,0.67,0.71,104212
2007-02-13,0.75,0.75,0.67,0.71,101249
2007-02-14,0.71,0.72,0.69,0.69,128253
2007-02-15,0.72,0.72,0.67,0.69,259943
2007-02-16,0.71,0.71,0.67,0.67,108034
2007-02-20,0.68,0.7,0.57,0.58,571814
2007-02-21,0.56,0.6,0.56,0.58,340880
2007-02-22,0.59,0.65,0.57,0.58,134106
2007-02-23,0.6,0.6,0.55,0.55,289650
2007-02-26,0.55,0.57,0.53,0.54,239371
2007-02-27,0.54,0.54,0.39,0.48,408899
2007-02-28,0.48,0.53,0.47,0.47,265193
2007-03-01,0.43,0.49,0.42,0.48,80742
2007-03-02,0.45,0.48,0.43,0.48,183573
2007-03-05,0.47,0.51,0.47,0.48,167967
2007-03-06,0.48,0.59,0.48,0.57,122985
2007-03-07,0.59,0.63,0.54,0.59,253761
2007-03-08,0.6,0.61,0.54,0.6,168389
2007-03-09,0.55,0.61,0.52,0.6,103921
2007-03-12,0.6,0.6,0.54,0.6,204288
2007-03-13,0.61,0.61,0.54,0.57,109298
2007-03-14,0.59,0.59,0.48,0.54,420660
2007-03-15,0.56,0.56,0.48,0.49,150255
2007-03-16,0.49,0.52,0.48,0.52,68242
2007-03-19,0.52,0.53,0.49,0.52,300517
2007-03-20,0.52,0.54,0.49,0.52,261635
2007-03-21,0.51,0.52,0.44,0.48,271176
2007-03-22,0.48,0.53,0.48,0.53,300187
2007-03-23,0.53,0.54,0.49,0.5,133824
2007-03-26,0.53,0.56,0.53,0.53,210193
2007-03-27,0.51,0.55,0.51,0.54,155743
2007-03-28,0.55,0.57,0.54,0.55,221550
2007-03-29,0.55,0.56,0.49,0.49,76718
2007-03-30,0.58,0.58,0.5,0.55,470328
2007-04-02,0.55,0.56,0.51,0.55,247959
2007-04-03,0.53,0.55,0.5,0.51,112093
2007-04-04,0.51,0.51,0.45,0.46,191259
2007-04-05,0.48,0.51,0.46,0.49,159244
2007-04-09,0.46,0.49,0.46,0.49,47021
2007-04-10,0.48,0.5,0.46,0.47,46478
2007-04-11,0.48,0.49,0.47,0.48,97845
2007-04-12,0.48,0.52,0.47,0.52,222915
2007-04-13,0.53,0.66,0.53,0.64,858489
2007-04-16,0.71,0.78,0.68,0.68,925318
2007-04-17,0.72,0.72,0.66,0.69,214065
2007-04-18,0.7,0.72,0.56,0.63,353328
2007-04-19,0.59,0.59,0.53,0.54,246322
2007-04-20,0.57,0.59,0.54,0.56,194054
2007-04-23,0.57,0.6,0.53,0.55,40307
2007-04-24,0.55,0.55,0.52,0.54,142078
2007-04-25,0.57,0.57,0.48,0.51,222242
2007-04-26,0.49,0.56,0.49,0.54,70926
2007-04-27,0.49,0.56,0.49,0.54,44903
2007-04-30,0.54,0.56,0.52,0.56,108729
2007-05-01,0.54,0.56,0.52,0.55,80925
2007-05-02,0.54,0.54,0.53,0.53,155506
2007-05-03,0.53,0.56,0.53,0.55,181005
2007-05-04,0.54,0.58,0.54,0.58,276114
2007-05-07,0.58,0.58,0.52,0.56,132140
2007-05-08,0.54,0.55,0.51,0.53,80076
2007-05-09,0.54,0.56,0.48,0.5,505410
2007-05-10,0.5,0.52,0.5,0.51,78758
2007-05-11,0.51,0.53,0.51,0.53,478761
2007-05-14,0.5,0.53,0.5,0.51,108324
2007-05-15,0.5,0.51,0.43,0.43,330264
2007-05-16,0.48,0.5,0.43,0.48,225934
2007-05-17,0.45,0.49,0.45,0.48,20281
2007-05-18,0.47,0.47,0.43,0.44,547818
2007-05-21,0.45,0.47,0.44,0.46,234085
2007-05-22,0.46,0.46,0.45,0.45,264022
2007-05-23,0.46,0.46,0.41,0.44,240028
2007-05-24,0.44,0.46,0.41,0.43,435183
2007-05-25,0.44,0.45,0.39,0.39,746641
2007-05-29,0.41,0.43,0.39,0.4,310782
2007-05-30,0.4,0.42,0.39,0.39,221220
2007-05-31,0.41,0.41,0.4,0.41,384612
2007-06-01,0.4,0.41,0.37,0.39,238980
2007-06-04,0.37,0.4,0.36,0.39,261629
2007-06-05,0.35,0.36,0.3,0.36,288424
2007-06-06,0.37,0.38,0.35,0.36,74542
2007-06-07,0.36,0.37,0.31,0.33,138594
2007-06-08,0.29,0.33,0.29,0.3,290374
2007-06-11,0.29,0.31,0.21,0.21,1294430
2007-06-12,0.21,0.22,0.16,0.19,1085025
2007-06-13,0.19,0.2,0.17,0.17,235939
2007-06-14,0.17,0.2,0.17,0.19,694018
2007-06-15,0.19,0.2,0.19,0.2,635771
2007-06-18,0.18,0.2,0.18,0.19,548960
2007-06-19,0.19,0.2,0.19,0.2,565924
2007-06-20,0.2,0.2,0.19,0.19,445950
2007-06-21,0.19,0.2,0.17,0.17,293550
2007-06-22,0.18,0.18,0.17,0.18,83576
2007-06-25,0.18,0.19,0.17,0.18,281685
2007-06-26,0.18,0.18,0.17,0.17,293642
2007-06-27,0.18,0.18,0.16,0.16,387792
2007-06-28,0.17,0.17,0.16,0.17,570160
2007-06-29,0.17,0.17,0.1,0.13,621805
2007-07-02,0.13,0.14,0.13,0.13,497945
2007-07-03,0.14,0.14,0.13,0.13,509648
2007-07-05,0.14,0.16,0.13,0.16,957152
2007-07-06,0.16,0.36,0.16,0.25,4027933
2007-07-09,0.28,0.41,0.28,0.35,3080057
2007-07-10,0.35,0.36,0.24,0.29,3133504
2007-07-11,0.29,0.29,0.17,0.17,2506330
2007-07-12,0.18,0.22,0.18,0.2,1511507
2007-07-13,0.21,0.26,0.18,0.26,1846784
2007-07-16,0.26,0.26,0.19,0.21,708484
2007-07-17,0.21,0.23,0.2,0.22,456859
2007-07-18,0.22,0.23,0.19,0.2,1271463
2007-07-19,0.2,0.21,0.19,0.2,248020
2007-07-20,0.2,0.22,0.2,0.2,519287
2007-07-23,0.22,0.28,0.22,0.23,1633470
2007-07-24,0.25,0.25,0.21,0.24,447400
2007-07-25,0.24,0.25,0.23,0.23,124424
2007-07-26,0.23,0.23,0.2,0.22,172453
2007-07-27,0.22,0.22,0.2,0.21,145085
2007-07-30,0.21,0.24,0.21,0.24,354461
2007-07-31,0.24,0.26,0.22,0.24,119816
2007-08-01,0.25,0.3,0.23,0.28,193094
2007-08-02,0.28,0.33,0.28,0.3,484275
2007-08-03,0.31,0.32,0.28,0.32,231420
2007-08-06,0.34,0.44,0.34,0.38,1000282
2007-08-07,0.39,0.41,0.34,0.37,466191
2007-08-08,0.37,0.37,0.32,0.35,377056
2007-08-09,0.33,0.41,0.32,0.41,581476
2007-08-10,0.37,0.38,0.32,0.36,820263
2007-08-13,0.35,0.35,0.29,0.3,1417725
2007-08-14,0.3,0.31,0.27,0.28,1846845
2007-08-15,0.29,0.29,0.25,0.26,1640406
2007-08-16,0.25,0.26,0.22,0.23,1692778
2007-08-17,0.25,0.26,0.24,0.25,954519
2007-08-20,0.26,0.26,0.25,0.26,841335
2007-08-21,0.26,0.26,0.25,0.26,740110
2007-08-22,0.26,0.26,0.22,0.25,843038
2007-08-23,0.26,0.26,0.23,0.25,227045
2007-08-24,0.25,0.25,0.23,0.24,71213
2007-08-27,0.24,0.24,0.2,0.22,373738
2007-08-28,0.22,0.3,0.21,0.23,109882
2007-08-29,0.23,0.25,0.22,0.23,1658527
2007-08-30,0.23,0.23,0.2,0.22,1345759
2007-08-31,0.21,0.22,0.21,0.22,499960
2007-09-04,0.22,0.22,0.22,0.22,195266
2007-09-05,0.22,0.23,0.2,0.2,249755
2007-09-06,0.2,0.22,0.2,0.21,210444
2007-09-07,0.21,0.21,0.2,0.21,96549
2007-09-10,0.2,0.22,0.2,0.22,266068
2007-09-11,0.23,0.23,0.22,0.22,429920
2007-09-12,0.22,0.23,0.22,0.23,448334
2007-09-13,0.22,0.23,0.22,0.23,537111
2007-09-14,0.22,0.23,0.21,0.23,129656
2007-09-17,0.23,0.23,0.2,0.2,149798
2007-09-18,0.2,0.22,0.2,0.22,384748
2007-09-19,0.22,0.22,0.19,0.2,206774
2007-09-20,0.2,0.2,0.13,0.17,1472535
2007-09-21,0.17,0.19,0.17,0.19,197404
2007-09-24,0.19,0.19,0.19,0.19,148863
2007-09-25,0.19,0.19,0.17,0.18,195301
2007-09-26,0.17,0.17,0.16,0.16,465854
2007-09-27,0.17,0.17,0.16,0.17,457005
2007-09-28,0.17,0.17,0.15,0.16,85667
2007-10-01,0.16,0.19,0.16,0.18,701870
2007-10-02,0.19,0.19,0.17,0.18,888989
2007-10-03,0.18,0.18,0.17,0.18,248028
2007-10-04,0.17,0.17,0.16,0.16,372000
2007-10-05,0.16,0.17,0.15,0.16,732812
2007-10-08,0.16,0.17,0.15,0.16,186357
2007-10-09,0.17,0.19,0.16,0.19,689206
2007-10-10,0.19,0.19,0.17,0.17,274208
2007-10-11,0.18,0.18,0.16,0.17,627939
2007-10-12,0.17,0.17,0.16,0.16,273104
2007-10-15,0.16,0.17,0.16,0.16,146884
2007-10-16,0.16,0.17,0.16,0.17,629901
2007-10-17,0.16,0.16,0.16,0.16,558028
2007-10-18,0.15,0.16,0.14,0.16,159196
2007-10-19,0.15,0.16,0.15,0.16,96780
2007-10-22,0.15,0.15,0.14,0.15,290333
2007-10-23,0.15,0.15,0.12,0.14,435952
2007-10-24,0.14,0.15,0.14,0.14,711517
2007-10-25,0.14,0.15,0.14,0.14,22389
2007-10-26,0.13,0.15,0.13,0.14,203927
2007-10-29,0.13,0.14,0.13,0.13,98036
2007-10-30,0.13,0.14,0.13,0.13,336667
2007-10-31,0.14,0.14,0.13,0.13,772016
2007-11-01,0.13,0.18,0.13,0.13,87295
2007-11-02,0.13,0.13,0.13,0.13,441967
2007-11-05,0.13,0.14,0.13,0.14,492758
2007-11-06,0.14,0.14,0.13,0.13,230587
2007-11-07,0.13,0.13,0.13,0.13,117740
2007-11-08,0.13,0.13,0.13,0.13,123368
2007-11-09,0.13,0.13,0.13,0.13,889387
2007-11-12,0.13,0.13,0.12,0.13,116633
2007-11-13,0.13,0.14,0.13,0.14,536680
2007-11-14,0.14,0.14,0.12,0.13,326399
2007-11-15,0.13,0.13,0.12,0.13,355267
2007-11-16,0.13,0.13,0.11,0.13,337876
2007-11-19,0.12,0.13,0.12,0.13,272807
2007-11-20,0.11,0.13,0.11,0.12,202097
2007-11-21,0.12,0.13,0.11,0.11,287723
2007-11-23,0.11,0.11,0.11,0.11,60199
2007-11-26,0.11,0.11,0.11,0.11,179178
2007-11-27,0.11,0.11,0.11,0.11,53878
2007-11-28,0.11,0.11,0.11,0.11,156662
2007-11-29,0.11,0.11,0.09,0.11,446756
2007-11-30,0.1,0.1,0.07,0.08,876012
2007-12-03,0.08,0.1,0.08,0.09,1016231
2007-12-04,0.08,0.09,0.08,0.09,994512
2007-12-05,0.09,0.09,0.08,0.08,994115
2007-12-06,0.08,0.08,0.08,0.08,210828
2007-12-07,0.08,0.08,0.08,0.08,203365
2007-12-10,0.08,0.08,0.07,0.07,252916
2007-12-11,0.07,0.07,0.07,0.07,433457
2007-12-12,0.07,0.07,0.06,0.07,302156
2007-12-13,0.07,0.07,0.06,0.07,505267
2007-12-14,0.06,0.07,0.06,0.06,383252
2007-12-17,0.06,0.1,0.06,0.1,1028764
2007-12-18,0.09,0.09,0.06,0.08,996270
2007-12-19,0.08,0.1,0.08,0.08,692494
2007-12-20,0.08,0.08,0.07,0.07,484103
2007-12-21,0.07,0.1,0.07,0.1,164660
2007-12-24,0.09,0.09,0.08,0.08,64087
2007-12-26,0.08,0.09,0.08,0.09,113245
2007-12-27,0.09,0.1,0.08,0.09,628982
2007-12-28,0.08,0.09,0.07,0.07,275861
2007-12-31,0.08,0.08,0.07,0.07,142649
2008-01-02,0.07,0.08,0.07,0.07,70598
2008-01-03,0.07,0.08,0.07,0.07,121263
2008-01-04,0.07,0.07,0.07,0.07,84427
2008-01-07,0.08,0.08,0.07,0.07,365710
2008-01-08,0.07,0.07,0.07,0.07,87136
2008-01-09,0.07,0.07,0.07,0.07,116776
2008-01-10,0.07,0.07,0.06,0.07,440360
2008-01-11,0.07,0.07,0.06,0.06,214132
2008-01-14,0.06,0.07,0.06,0.07,73458
2008-01-15,0.07,0.07,0.05,0.06,691288
2008-01-16,0.06,0.06,0.05,0.05,429740
2008-01-17,0.06,0.06,0.05,0.06,168700
2008-01-18,0.06,0.06,0.06,0.06,510095
2008-01-22,0.06,0.06,0.06,0.06,383750
2008-01-23,0.06,0.06,0.05,0.06,244974
2008-01-24,0.06,0.06,0.05,0.05,250363
2008-01-25,0.05,0.06,0.05,0.05,259404
2008-01-28,0.05,0.05,0.05,0.05,115897
2008-01-29,0.05,0.05,0.04,0.05,474285
2008-01-30,0.04,0.05,0.04,0.05,4211058
2008-01-31,0.05,0.05,0.04,0.05,437764
2008-02-01,0.05,0.06,0.05,0.05,351247
2008-02-04,0.05,0.05,0.04,0.05,211992
2008-02-05,0.05,0.05,0.05,0.05,182065
2008-02-06,0.05,0.05,0.05,0.05,50734
2008-02-07,0.04,0.05,0.04,0.05,196352
2008-02-08,0.04,0.04,0.04,0.04,86
2008-02-11,0.05,0.05,0.04,0.05,174442
2008-02-12,0.05,0.05,0.04,0.04,80167
2008-02-13,0.04,0.05,0.04,0.04,16377
2008-02-14,0.04,0.05,0.04,0.05,191859
2008-02-15,0.05,0.05,0.04,0.05,102193
2008-02-19,0.05,0.05,0.04,0.05,288469
2008-02-20,0.05,0.05,0.04,0.05,1339091
2008-02-21,0.05,0.05,0.05,0.05,187982
2008-02-22,0.05,0.05,0.05,0.05,64967
2008-02-25,0.05,0.05,0.04,0.04,135635
2008-02-26,0.04,0.04,0.04,0.04,215330
2008-02-27,0.04,0.04,0.04,0.04,283633
2008-02-28,0.04,0.04,0.04,0.04,2118481
2008-02-29,0.04,0.04,0.04,0.04,237789
2008-03-03,0.04,0.04,0.04,0.04,119370
2008-03-04,0.04,0.04,0.04,0.04,500748
2008-03-05,0.04,0.04,0.03,0.04,1170165
2008-03-06,0.03,0.04,0.03,0.03,816348
2008-03-07,0.03,0.03,0.03,0.03,724431
2008-03-10,0.04,0.04,0.03,0.03,241462
2008-03-11,0.03,0.03,0.03,0.03,577994
2008-03-12,0.03,0.03,0.02,0.02,1576123
2008-03-13,0.02,0.02,0.02,0.02,3267822
2008-03-14,0.02,0.02,0.02,0.02,17808286
2008-03-17,0.02,0.02,0.02,0.02,4457934
2008-03-18,0.02,0.02,0.01,0.02,1413514
2008-03-19,0.02,0.02,0.01,0.02,1583560
2008-03-20,0.02,0.02,0.01,0.01,1455958
2008-03-24,0.01,0.01,0.01,0.01,730057
2008-03-25,0.01,0.01,0.01,0.01,2685650
2008-03-26,0.01,0.02,0.01,0.01,3736354
2008-03-27,0.02,0.02,0.01,0.01,1208929
2008-03-28,0.01,0.02,0.01,0.01,649692
2008-03-31,0.01,0.01,0.01,0.01,141219
2008-04-01,0.01,0.01,0.01,0.01,1731722
2008-04-02,0.01,0.01,0.01,0.01,1302415
2008-04-03,0.01,0.01,0.01,0.01,968319
2008-04-04,0.01,0.01,0.01,0.01,863818
2008-04-07,0.01,0.01,0.01,0.01,1009381
2008-04-08,0.01,0.01,0.01,0.01,989463
2008-04-09,0.01,0.01,0.01,0.01,4391310
2008-04-10,0.01,0.02,0.01,0.01,16170378
2008-04-11,0.01,0.01,0.01,0.01,3378276
2008-04-14,0.01,0.01,0.01,0.01,794887
2008-04-15,0.01,0.01,0.01,0.01,2081905
2008-04-16,0.01,0.01,0.01,0.01,5377400
2008-04-17,0.01,0.01,0.01,0.01,2544443
2008-04-18,0.01,0.01,0.01,0.01,2730490
2008-04-21,0.01,0.01,0.01,0.01,1285252
2008-04-22,0.01,0.01,0.01,0.01,4016353
2008-04-23,0.01,0.01,0.0,0.0,4149949
2008-04-24,0.01,0.01,0.0,0.0,2783304
2008-04-25,0.0,0.0,0.0,0.0,2443306
2008-04-28,0.0,0.01,0.0,0.01,287167
2008-04-29,0.01,0.01,0.01,0.01,24698474
2008-04-30,0.01,0.01,0.0,0.01,4821854
2008-05-01,0.0,0.01,0.0,0.01,1836429
2008-05-02,0.0,0.01,0.0,0.01,1294461
2008-05-05,0.01,0.01,0.0,0.0,596731
2008-05-06,0.0,0.01,0.0,0.01,877965
2008-05-07,0.01,0.01,0.01,0.01,2704945
2008-05-08,0.01,0.01,0.01,0.01,1844832
2008-05-09,0.01,0.01,0.01,0.01,2018900
2008-05-12,0.01,0.01,0.01,0.01,5853613
2008-05-13,0.01,0.01,0.01,0.01,3211832
2008-05-14,0.01,0.01,0.01,0.01,7321640
2008-05-15,0.01,0.01,0.01,0.01,12464801
2008-05-16,0.01,0.01,0.01,0.01,6130925
2008-05-19,0.01,0.01,0.0,0.0,13313521
2008-05-20,0.0,0.01,0.0,0.0,4913099
2008-05-21,0.0,0.0,0.0,0.0,4064040
2008-05-22,0.0,0.0,0.0,0.0,3803149
2008-05-23,0.0,0.0,0.0,0.0,3556702
2008-05-28,0.0,0.0,0.0,0.0,1709235
2008-05-29,0.0,0.0,0.0,0.0,2568001
2008-05-30,0.0,0.0,0.0,0.0,143496
2008-06-02,0.0,0.0,0.0,0.0,6344130
2008-06-03,0.01,0.01,0.0,0.0,2987006
2008-06-04,0.0,0.0,0.0,0.0,27941
2008-06-05,0.0,0.01,0.0,0.01,10835394
2008-06-06,0.01,0.01,0.0,0.0,1969970
2008-06-09,0.0,0.01,0.0,0.0,4930443
2008-06-10,0.0,0.01,0.0,0.0,2339615
2008-06-11,0.01,0.01,0.0,0.01,1258011
2008-06-12,0.0,0.01,0.0,0.0,2397924
2008-06-13,0.0,0.01,0.0,0.0,1425439
2008-06-16,0.0,0.0,0.0,0.0,1182855
2008-06-17,0.01,0.01,0.0,0.0,3335873
2008-06-18,0.0,0.0,0.0,0.0,1465155
2008-06-19,0.0,0.0,0.0,0.0,3769022
2008-06-20,0.0,0.0,0.0,0.0,3184927
2008-06-23,0.0,0.0,0.0,0.0,5870883
2008-06-24,0.0,0.0,0.0,0.0,3832441
2008-06-25,0.0,0.0,0.0,0.0,1147994
2008-06-26,0.0,0.0,0.0,0.0,4358238
2008-06-27,0.0,0.0,0.0,0.0,10700555
2008-06-30,0.0,0.0,0.0,0.0,12210077
2008-07-01,0.0,0.0,0.0,0.0,2742617
2008-07-02,0.0,0.01,0.0,0.0,27965936
2008-07-03,0.0,0.0,0.0,0.0,9304973
2008-07-07,0.0,0.0,0.0,0.0,19008927
2008-07-08,0.0,0.0,0.0,0.0,804634
2008-07-09,0.0,0.0,0.0,0.0,1972385
2008-07-10,0.0,0.0,0.0,0.0,17958043
2008-07-11,0.0,0.0,0.0,0.0,763616
2008-07-14,0.0,0.0,0.0,0.0,1450499
2008-07-15,0.0,0.0,0.0,0.0,2414403
2008-07-16,0.0,0.0,0.0,0.0,2068531
2008-07-17,0.0,0.0,0.0,0.0,2512483
2008-07-18,0.0,0.0,0.0,0.0,17619102
2008-07-21,0.36,0.6,0.24,0.3,10132
2008-07-22,0.54,0.54,0.27,0.36,13887
2008-07-23,0.48,0.9,0.45,0.54,68255
2008-07-24,0.54,0.72,0.48,0.54,29068
2008-07-25,0.54,0.54,0.42,0.42,24065
2008-07-28,0.42,0.42,0.3,0.36,53074
2008-07-29,0.3,0.36,0.24,0.24,78667
2008-07-30,0.3,0.3,0.19,0.24,25088
2008-07-31,0.3,0.3,0.19,0.19,41194
2008-08-01,0.24,0.24,0.18,0.18,14054
2008-08-04,0.24,0.24,0.2,0.24,15576
2008-08-05,0.29,0.29,0.19,0.23,22820
2008-08-06,0.24,0.24,0.23,0.23,25460
2008-08-07,0.24,0.24,0.21,0.22,25397
2008-08-08,0.24,0.24,0.21,0.24,23228
2008-08-11,0.3,0.33,0.24,0.3,65067
2008-08-12,0.36,0.36,0.3,0.3,37967
2008-08-13,0.36,0.48,0.35,0.36,8176
2008-08-14,0.36,0.44,0.3,0.35,32536
2008-08-15,0.36,0.36,0.3,0.31,59838
2008-08-18,0.3,0.3,0.24,0.3,12233
2008-08-19,0.3,0.3,0.24,0.3,4883
2008-08-20,0.24,0.3,0.24,0.3,214
2008-08-21,0.3,0.3,0.27,0.3,12000
2008-08-22,0.24,0.3,0.24,0.3,11833
2008-08-25,0.24,0.3,0.24,0.3,3317
2008-08-26,0.24,0.3,0.24,0.3,16248
2008-08-27,0.3,0.3,0.24,0.3,10098
2008-08-28,0.3,0.3,0.24,0.3,40875
2008-08-29,0.3,0.3,0.3,0.3,167
2008-09-02,0.36,0.48,0.24,0.3,40596
2008-09-03,0.48,0.54,0.3,0.3,3200
2008-09-04,0.3,0.3,0.3,0.3,6268
2008-09-05,0.24,0.3,0.24,0.24,12733
2008-09-08,0.24,0.3,0.24,0.24,38843
2008-09-09,0.24,0.28,0.24,0.24,107285
2008-09-10,0.27,0.27,0.24,0.26,49722
2008-09-11,0.3,0.3,0.24,0.24,27308
2008-09-12,0.24,0.24,0.21,0.24,16163
2008-09-15,0.21,0.3,0.12,0.21,33090
2008-09-16,0.21,0.21,0.21,0.21,40803
2008-09-17,0.12,0.18,0.12,0.12,67551
2008-09-18,0.18,0.18,0.15,0.18,31504
2008-09-19,0.18,0.18,0.18,0.18,70916
2008-09-22,0.17,0.17,0.13,0.17,48837
2008-09-23,0.17,0.17,0.14,0.16,54130
2008-09-24,0.13,0.17,0.13,0.16,43307
2008-09-25,0.16,0.17,0.13,0.14,19112
2008-09-26,0.16,0.16,0.13,0.13,738
2008-09-29,0.16,0.16,0.13,0.13,38800
2008-09-30,0.15,0.15,0.15,0.15,100931
2008-10-01,0.15,0.17,0.15,0.17,50029
2008-10-02,0.18,0.48,0.18,0.3,17678
2008-10-03,0.39,0.39,0.24,0.25,89465
2008-10-06,0.21,0.24,0.21,0.24,12333
2008-10-07,0.24,0.24,0.21,0.21,1390
2008-10-08,0.21,0.24,0.18,0.21,32908
2008-10-09,0.21,0.21,0.18,0.21,5008
2008-10-10,0.18,0.18,0.16,0.18,133309
2008-10-13,0.2,0.2,0.14,0.14,34298
2008-10-14,0.15,0.16,0.13,0.14,153508
2008-10-15,0.15,0.15,0.13,0.14,53031
2008-10-16,0.14,0.14,0.13,0.13,18350
2008-10-17,0.14,0.14,0.12,0.13,78093
2008-10-20,0.13,0.13,0.1,0.11,191428
2008-10-21,0.11,0.11,0.08,0.09,62778
2008-10-22,0.08,0.09,0.07,0.07,65845
2008-10-23,0.07,0.08,0.07,0.08,4713
2008-10-24,0.08,0.08,0.08,0.08,24744
2008-10-27,0.08,0.08,0.08,0.08,56100
2008-10-28,0.08,0.08,0.08,0.08,146442
2008-10-29,0.08,0.08,0.07,0.07,63015
2008-10-30,0.08,0.08,0.08,0.08,230318
2008-10-31,0.08,0.08,0.08,0.08,108155
2008-11-03,0.1,0.1,0.07,0.08,55212
2008-11-04,0.07,0.08,0.07,0.07,55947
2008-11-05,0.09,0.18,0.08,0.08,221931
2008-11-06,0.08,0.08,0.07,0.07,171284
2008-11-07,0.07,0.07,0.07,0.07,207255
2008-11-10,0.07,0.07,0.05,0.07,93332
2008-11-11,0.06,0.06,0.06,0.06,46864
2008-11-12,0.06,0.06,0.05,0.06,47528
2008-11-13,0.04,0.06,0.04,0.05,29082
2008-11-14,0.05,0.05,0.05,0.05,83474
2008-11-17,0.05,0.05,0.05,0.05,29431
2008-11-18,0.06,0.06,0.05,0.05,23872
2008-11-19,0.05,0.05,0.05,0.05,31197
2008-11-20,0.05,0.05,0.04,0.04,61691
2008-11-21,0.05,0.05,0.04,0.05,9970
2008-11-24,0.04,0.06,0.04,0.06,2480
2008-11-25,0.05,0.05,0.04,0.05,38308
2008-11-26,0.04,0.05,0.04,0.05,34952
2008-11-28,0.05,0.05,0.05,0.05,1833
2008-12-01,0.05,0.05,0.05,0.05,21161
2008-12-02,0.04,0.06,0.04,0.05,5667
2008-12-03,0.05,0.05,0.04,0.05,127950
2008-12-04,0.04,0.05,0.04,0.05,41560
2008-12-05,0.04,0.04,0.04,0.04,40654
2008-12-08,0.05,0.05,0.05,0.05,266525
2008-12-09,0.05,0.05,0.04,0.05,53552
2008-12-10,0.05,0.05,0.04,0.05,78905
2008-12-11,0.05,0.11,0.05,0.11,11078947
2008-12-12,0.18,0.19,0.08,0.14,5218661
2008-12-15,0.15,0.16,0.06,0.11,794994
2008-12-16,0.11,0.11,0.09,0.11,628044
2008-12-17,0.11,0.11,0.09,0.1,666563
2008-12-18,0.1,0.11,0.1,0.11,383009
2008-12-19,0.11,0.11,0.09,0.11,170916
2008-12-22,0.1,0.11,0.1,0.1,145857
2008-12-23,0.1,0.11,0.1,0.1,49392
2008-12-24,0.1,0.1,0.1,0.1,33836
2008-12-26,0.1,0.1,0.08,0.08,55329
2008-12-29,0.08,0.08,0.08,0.08,17646
2008-12-30,0.08,0.09,0.08,0.08,8972
2008-12-31,0.08,0.08,0.08,0.08,19378
2009-01-02,0.08,0.08,0.07,0.08,121083
2009-01-05,0.08,0.08,0.07,0.07,181426
2009-01-06,0.07,0.08,0.07,0.07,36874
2009-01-07,0.07,0.07,0.07,0.07,12845
2009-01-08,0.07,0.11,0.07,0.07,76045
2009-01-09,0.08,0.08,0.08,0.08,4353
2009-01-12,0.08,0.08,0.07,0.07,31881
2009-01-13,0.07,0.08,0.06,0.08,26689
2009-01-14,0.11,0.11,0.06,0.06,154244
2009-01-15,0.06,0.07,0.06,0.06,142008
2009-01-16,0.07,0.07,0.06,0.06,75100
2009-01-20,0.06,0.06,0.06,0.06,49486
2009-01-21,0.06,0.07,0.05,0.05,46666
2009-01-22,0.06,0.06,0.06,0.06,13246
2009-01-23,0.06,0.06,0.04,0.05,261556
2009-01-26,0.04,0.05,0.04,0.05,160019
2009-01-27,0.05,0.05,0.05,0.05,187333
2009-01-28,0.05,0.05,0.05,0.05,90997
2009-01-29,0.05,0.05,0.05,0.05,87145
2009-01-30,0.05,0.05,0.04,0.05,62233
2009-02-02,0.05,0.05,0.05,0.05,13000
2009-02-03,0.05,0.05,0.03,0.03,1050705
2009-02-04,0.03,0.06,0.03,0.04,255316
2009-02-05,0.04,0.04,0.03,0.04,172866
2009-02-06,0.03,0.04,0.03,0.03,97243
2009-02-09,0.03,0.04,0.03,0.03,127960
2009-02-10,0.03,0.03,0.03,0.03,399335
2009-02-11,0.03,0.03,0.03,0.03,168194
2009-02-12,0.03,0.03,0.02,0.03,88737
2009-02-13,0.03,0.03,0.03,0.03,139294
2009-02-17,0.03,0.03,0.03,0.03,229321
2009-02-18,0.03,0.03,0.03,0.03,262218
2009-02-19,0.03,0.03,0.03,0.03,42389
2009-02-20,0.03,0.03,0.03,0.03,102632
2009-02-23,0.03,0.03,0.02,0.02,298500
2009-02-24,0.02,0.03,0.02,0.03,106564
2009-02-25,0.03,0.03,0.02,0.03,16864
2009-02-26,0.04,0.04,0.03,0.03,91006
2009-02-27,0.04,0.04,0.03,0.04,149600
2009-03-02,0.04,0.04,0.03,0.03,29800
2009-03-03,0.04,0.04,0.03,0.03,56667
2009-03-04,0.03,0.03,0.02,0.03,29359
2009-03-05,0.03,0.03,0.03,0.03,55800
2009-03-06,0.04,0.04,0.02,0.03,118041
2009-03-09,0.03,0.03,0.03,0.03,110050
2009-03-10,0.02,0.02,0.02,0.02,17
2009-03-11,0.02,0.03,0.02,0.03,134682
2009-03-12,0.03,0.03,0.03,0.03,32166
2009-03-13,0.03,0.03,0.03,0.03,14166
2009-03-16,0.03,0.03,0.03,0.03,58344
2009-03-17,0.02,0.03,0.02,0.02,16867
2009-03-18,0.03,0.04,0.02,0.03,332370
2009-03-19,0.02,0.03,0.02,0.02,54933
2009-03-20,0.03,0.03,0.02,0.03,239793
2009-03-23,0.03,0.03,0.03,0.03,193500
2009-03-24,0.03,0.03,0.02,0.02,354354
2009-03-25,0.03,0.03,0.02,0.02,671044
2009-03-26,0.03,0.03,0.02,0.02,280881
2009-03-27,0.03,0.03,0.03,0.03,91000
2009-03-30,0.03,0.03,0.02,0.03,652583
2009-03-31,0.03,0.03,0.02,0.02,149984
2009-04-01,0.03,0.03,0.03,0.03,293497
2009-04-02,0.03,0.03,0.02,0.02,358414
2009-04-03,0.03,0.03,0.02,0.02,34958
2009-04-06,0.03,0.03,0.02,0.02,213400
2009-04-07,0.03,0.03,0.02,0.03,315293
2009-04-08,0.03,0.03,0.02,0.03,68322
2009-04-09,0.02,0.03,0.02,0.02,344904
2009-04-13,0.02,0.03,0.02,0.03,111710
2009-04-14,0.03,0.03,0.03,0.03,45167
2009-04-15,0.02,0.03,0.02,0.02,115967
2009-04-16,0.03,0.03,0.02,0.03,199550
2009-04-17,0.03,0.03,0.03,0.03,115917
2009-04-20,0.03,0.03,0.02,0.03,253433
2009-04-21,0.03,0.03,0.03,0.03,180500
2009-04-22,0.03,0.03,0.02,0.02,90827
2009-04-23,0.02,0.02,0.02,0.02,59992
2009-04-24,0.03,0.03,0.02,0.02,605900
2009-04-27,0.03,0.03,0.02,0.02,238500
2009-04-28,0.03,0.03,0.03,0.03,8300
2009-04-29,0.03,0.03,0.02,0.02,118967
2009-04-30,0.02,0.02,0.02,0.02,105357
2009-05-01,0.03,0.03,0.02,0.02,198333
2009-05-04,0.02,0.03,0.02,0.03,117913
2009-05-05,0.03,0.03,0.03,0.03,16048
2009-05-06,0.03,0.03,0.02,0.02,84008
2009-05-07,0.03,0.03,0.02,0.02,47167
2009-05-08,0.02,0.03,0.02,0.02,66966
2009-05-11,0.03,0.03,0.02,0.03,238706
2009-05-12,0.02,0.03,0.02,0.02,79560
2009-05-13,0.02,0.02,0.02,0.02,269609
2009-05-14,0.03,0.03,0.02,0.02,95386
2009-05-15,0.03,0.03,0.02,0.02,72243
2009-05-18,0.03,0.03,0.02,0.02,131266
2009-05-19,0.02,0.03,0.02,0.03,41667
2009-05-20,0.02,0.03,0.02,0.03,15147
2009-05-21,0.03,0.03,0.02,0.02,114278
2009-05-22,0.02,0.02,0.02,0.02,25606
2009-05-26,0.02,0.03,0.02,0.03,16504
2009-05-27,0.03,0.03,0.02,0.03,7500
2009-05-28,0.03,0.03,0.02,0.02,9952
2009-05-29,0.02,0.02,0.02,0.02,171755
2009-06-01,0.02,0.02,0.02,0.02,430738
2009-06-02,0.02,0.02,0.02,0.02,13519
2009-06-03,0.02,0.02,0.02,0.02,180923
2009-06-04,0.02,0.02,0.02,0.02,289649
2009-06-05,0.02,0.02,0.02,0.02,3317
2009-06-08,0.02,0.02,0.02,0.02,86979
2009-06-09,0.02,0.02,0.02,0.02,10749
2009-06-10,0.02,0.02,0.02,0.02,186250
2009-06-11,0.02,0.02,0.02,0.02,108333
2009-06-12,0.02,0.02,0.02,0.02,226778
2009-06-15,0.02,0.02,0.02,0.02,245369
2009-06-16,0.02,0.02,0.02,0.02,1667
2009-06-17,0.02,0.02,0.02,0.02,78713
2009-06-18,0.02,0.02,0.02,0.02,47033
2009-06-19,0.02,0.02,0.02,0.02,76949
2009-06-22,0.02,0.02,0.02,0.02,46807
2009-06-23,0.02,0.02,0.02,0.02,28667
2009-06-24,0.02,0.02,0.02,0.02,417321
2009-06-25,0.02,0.02,0.02,0.02,187483
2009-06-26,0.02,0.02,0.02,0.02,191164
2009-06-29,0.02,0.02,0.02,0.02,20078
2009-06-30,0.02,0.02,0.02,0.02,13333
2009-07-01,0.02,0.02,0.02,0.02,2404
2009-07-02,0.02,0.02,0.02,0.02,80083
2009-07-06,0.02,0.02,0.02,0.02,33387
2009-07-07,0.02,0.02,0.02,0.02,48499
2009-07-08,0.02,0.02,0.02,0.02,60500
2009-07-09,0.02,0.02,0.02,0.02,109507
2009-07-10,0.02,0.02,0.02,0.02,66350
2009-07-13,0.02,0.02,0.02,0.02,183317
2009-07-14,0.02,0.02,0.02,0.02,68133
2009-07-15,0.02,0.02,0.02,0.02,73737
2009-07-16,0.02,0.02,0.02,0.02,59282
2009-07-17,0.02,0.02,0.02,0.02,141000
2009-07-20,0.02,0.02,0.02,0.02,76666
2009-07-21,0.02,0.02,0.02,0.02,124234
2009-07-22,0.02,0.02,0.02,0.02,74185
2009-07-23,0.02,0.02,0.02,0.02,8333
2009-07-24,0.02,0.02,0.02,0.02,127550
2009-07-27,0.02,0.02,0.02,0.02,14460
2009-07-28,0.02,0.02,0.02,0.02,172773
2009-07-29,0.02,0.02,0.02,0.02,87769
2009-07-30,0.02,0.02,0.02,0.02,336105
2009-07-31,0.02,0.02,0.02,0.02,394993
2009-08-03,0.02,0.02,0.02,0.02,354957
2009-08-04,0.02,0.02,0.02,0.02,133833
2009-08-05,0.02,0.02,0.02,0.02,19333
2009-08-06,0.02,0.02,0.02,0.02,1055806
2009-08-07,0.02,0.02,0.01,0.01,2002167
2009-08-10,0.01,0.01,0.01,0.01,1082017
2009-08-11,0.01,0.01,0.01,0.01,266750
2009-08-12,0.01,0.01,0.01,0.01,202387
2009-08-13,0.01,0.01,0.01,0.01,176733
2009-08-14,0.01,0.01,0.01,0.01,93699
2009-08-17,0.01,0.01,0.01,0.01,490304
2009-08-18,0.01,0.01,0.01,0.01,2191497
2009-08-19,0.01,0.01,0.01,0.01,607719
2009-08-20,0.01,0.01,0.01,0.01,447191
2009-08-21,0.01,0.01,0.01,0.01,287334
2009-08-24,0.01,0.01,0.01,0.01,110917
2009-08-25,0.01,0.01,0.01,0.01,1145000
2009-08-26,0.01,0.01,0.01,0.01,441416
2009-08-27,0.01,0.01,0.01,0.01,282442
2009-08-28,0.01,0.01,0.01,0.01,199642
2009-08-31,0.01,0.01,0.01,0.01,154167
2009-09-01,0.01,0.01,0.01,0.01,43900
2009-09-02,0.01,0.01,0.01,0.01,81106
2009-09-03,0.01,0.06,0.01,0.05,21528718
2009-09-04,0.05,0.05,0.02,0.03,8837908
2009-09-08,0.04,0.04,0.02,0.02,4853640
2009-09-09,0.02,0.02,0.02,0.02,1867282
2009-09-10,0.02,0.02,0.02,0.02,2025358
2009-09-11,0.02,0.02,0.02,0.02,837342
2009-09-14,0.02,0.02,0.02,0.02,1210026
2009-09-15,0.02,0.02,0.02,0.02,869245
2009-09-16,0.02,0.02,0.02,0.02,1456213
2009-09-17,0.02,0.02,0.02,0.02,1005968
2009-09-18,0.02,0.02,0.02,0.02,2921826
2009-09-21,0.02,0.02,0.01,0.01,2151312
2009-09-22,0.02,0.02,0.01,0.01,1035608
2009-09-23,0.02,0.02,0.01,0.01,2531101
2009-09-24,0.02,0.02,0.01,0.01,1135042
2009-09-25,0.01,0.01,0.01,0.01,662766
2009-09-28,0.01,0.01,0.01,0.01,805067
2009-09-29,0.01,0.01,0.01,0.01,7557930
2009-09-30,0.01,0.02,0.01,0.02,12585693
2009-10-01,0.02,0.02,0.01,0.01,3280338
2009-10-02,0.01,0.01,0.01,0.01,1132862
2009-10-05,0.01,0.01,0.01,0.01,861975
2009-10-06,0.01,0.01,0.01,0.01,577500
2009-10-07,0.01,0.01,0.01,0.01,1450586
2009-10-08,0.01,0.01,0.01,0.01,980583
2009-10-09,0.01,0.01,0.01,0.01,694600
2009-10-12,0.01,0.01,0.01,0.01,1335232
2009-10-13,0.01,0.01,0.01,0.01,429083
2009-10-14,0.01,0.01,0.01,0.01,210774
2009-10-15,0.01,0.02,0.01,0.01,4027152
2009-10-16,0.01,0.02,0.01,0.01,3055972
2009-10-19,0.01,0.02,0.01,0.01,992884
2009-10-22,2.46,7.98,2.46,3.06,4070
2009-10-23,3.12,5.94,3.12,4.2,1861
2009-10-26,5.94,5.94,3.12,3.3,2050
2009-10-27,3.3,3.3,3.3,3.3,869
2009-10-29,2.4,2.4,2.4,2.4,328
2009-10-30,2.4,2.4,1.8,1.8,772
2009-11-03,0.9,3.3,0.9,2.4,3672
2009-11-04,2.4,4.5,1.5,4.5,267
2009-11-05,3.18,4.5,0.91,0.91,4606
2009-11-06,4.5,4.5,1.14,4.5,2381
2009-11-09,4.5,4.8,3.18,3.18,2675
2009-11-10,4.8,6.0,4.8,6.0,1396
2009-11-11,6.3,6.3,5.28,5.28,1867
2009-11-12,6.0,6.6,6.0,6.6,1538
2009-11-13,6.6,9.0,6.6,9.0,7031
2009-11-16,9.0,9.9,8.94,9.9,3917
2009-11-17,10.2,12.0,9.9,9.9,1223
2009-11-18,10.8,10.8,6.06,6.06,1040
2009-11-19,9.9,9.9,7.5,7.5,152
2009-11-20,7.5,7.5,7.5,7.5,800
2009-11-24,6.06,8.4,6.06,8.4,142
2009-11-25,6.12,8.4,6.12,6.3,150
2009-11-30,8.4,8.4,6.48,6.48,80
2009-12-01,6.6,6.6,6.6,6.6,197
2009-12-02,6.6,6.6,6.06,6.06,328
2009-12-03,6.06,6.06,6.06,6.06,77
2009-12-04,6.06,6.06,6.06,6.06,17
2009-12-07,6.06,6.24,6.06,6.06,416
2009-12-10,7.2,7.2,7.2,7.2,22
2009-12-11,7.2,7.2,7.2,7.2,158
2009-12-14,7.2,7.2,1.5,7.2,94
2009-12-16,1.5,6.6,1.5,6.6,75
2009-12-17,6.6,6.6,6.6,6.6,58
2009-12-21,1.5,7.2,1.5,7.2,251
2009-12-22,9.0,9.0,9.0,9.0,17
2009-12-24,9.0,9.0,9.0,9.0,67
2009-12-28,8.4,8.4,1.56,8.4,250
2009-12-29,8.4,8.4,8.4,8.4,17
2009-12-30,1.56,8.4,1.56,8.4,77
2009-12-31,8.4,8.4,8.4,8.4,17
2010-01-04,7.8,7.8,7.8,7.8,114
2010-01-05,7.8,7.8,3.06,7.74,67
2010-01-08,3.06,7.74,3.06,7.74,50
2010-01-11,7.74,7.74,3.6,7.74,67
2010-01-12,6.9,7.74,6.9,7.74,317
2010-01-13,8.1,8.34,3.6,8.34,313
2010-01-14,8.4,8.4,8.4,8.4,17
2010-01-15,8.34,8.34,3.6,8.34,200
2010-01-19,8.34,8.34,8.34,8.34,50
2010-01-20,3.6,8.34,3.6,8.34,72
2010-01-21,7.74,7.74,7.74,7.74,67
2010-01-22,3.6,7.8,3.6,7.8,239
2010-01-25,6.3,7.74,6.3,7.74,90
2010-01-26,6.3,6.3,6.3,6.3,29
2010-01-27,3.9,7.68,3.9,7.68,48
2010-02-01,7.68,7.68,7.68,7.68,296
2010-02-02,3.9,7.68,3.9,7.68,48
2010-02-03,6.3,6.3,6.3,6.3,333
2010-02-05,6.3,7.68,6.3,7.44,2317
2010-02-11,0.9,7.2,0.9,5.64,459
2010-02-12,3.9,5.82,3.36,3.36,9186
2010-02-18,4.2,4.2,1.98,3.9,1320
2010-02-19,4.2,4.2,3.9,3.9,48
2010-02-22,4.2,4.2,4.2,4.2,160
2010-02-23,4.14,4.14,4.14,4.14,1349
2010-02-24,4.5,4.5,4.14,4.14,50
2010-02-26,4.14,4.14,4.14,4.14,17
2010-03-01,4.14,4.14,3.6,3.6,199
2010-03-02,4.14,4.14,4.14,4.14,50
2010-03-05,1.8,4.08,1.8,4.08,41
2010-03-08,4.08,4.08,4.08,4.08,68
2010-03-09,0.9,4.14,0.9,4.14,304
2010-03-10,1.8,4.14,1.8,4.14,117
2010-03-11,1.8,3.6,1.8,3.6,364
2010-03-12,1.8,3.6,1.8,3.6,350
2010-03-15,3.66,3.66,3.66,3.66,25
2010-03-16,2.1,3.6,2.1,3.06,1922
2010-03-18,3.06,3.06,3.06,3.06,100
2010-03-22,2.1,3.06,2.1,3.06,67
2010-03-24,2.1,3.06,2.1,3.06,834
2010-03-25,3.0,3.0,3.0,3.0,333
2010-03-30,1.8,3.06,1.8,3.06,73
2010-04-05,3.06,3.06,3.06,3.06,50
2010-04-07,1.5,3.06,1.5,3.06,66
2010-04-09,1.5,3.06,1.5,3.06,46
2010-04-20,3.06,3.06,0.9,3.06,203
2010-04-22,0.9,3.06,0.9,3.06,37
2010-04-27,0.9,3.06,0.9,3.06,218
2010-04-30,2.7,2.7,2.7,2.7,550
2010-05-03,1.2,2.7,1.2,2.7,427
2010-05-04,2.76,3.06,2.76,3.06,4460
2010-05-06,3.06,3.06,3.06,3.06,83
2010-05-10,3.06,3.06,2.94,3.06,110
2010-05-11,3.0,3.6,2.52,2.7,7875
2010-05-12,3.12,3.12,1.86,3.12,356
2010-05-13,3.6,3.6,3.54,3.54,42
2010-05-14,3.54,3.6,3.54,3.6,250
2010-05-17,1.86,2.94,1.86,2.94,516
2010-05-18,3.3,3.3,3.3,3.3,17
2010-05-19,2.1,2.94,2.1,2.94,417
2010-05-21,2.1,2.94,2.1,2.94,34
2010-05-24,2.94,2.94,2.94,2.94,167
2010-05-25,2.94,2.94,2.1,2.94,1433
2010-05-26,2.94,2.94,2.94,2.94,150
2010-05-28,2.94,3.24,2.94,3.24,1250
2010-06-03,3.24,3.24,2.4,2.4,92
2010-06-04,3.24,3.24,3.24,3.24,17
2010-06-22,2.4,3.24,2.4,3.24,272
2010-06-23,2.4,3.24,0.9,3.24,940
2010-06-29,3.24,3.24,3.24,3.24,74
2010-07-19,3.24,3.24,3.24,3.24,48
2010-07-22,0.6,3.18,0.6,3.18,34
2010-08-02,3.18,3.24,3.18,3.24,538
2010-08-03,3.06,3.24,3.06,3.12,5024
2010-08-10,1.8,3.0,1.2,3.0,219
2010-08-13,3.0,3.0,3.0,3.0,200
2010-08-16,2.94,2.94,2.94,2.94,31
2010-08-17,3.0,3.0,3.0,3.0,433
2010-08-19,3.0,3.0,3.0,3.0,167
2010-08-20,3.0,3.0,3.0,3.0,233
2010-08-24,1.5,3.0,1.5,3.0,117
2010-08-26,2.88,2.88,2.88,2.88,300
2010-08-27,2.88,2.88,2.88,2.88,333
2010-09-03,2.7,2.7,2.7,2.7,70
2010-09-07,2.7,3.0,2.28,3.0,2350
2010-09-08,2.7,2.7,2.7,2.7,167
2010-09-09,2.7,2.7,2.7,2.7,667
2010-09-10,2.7,2.7,2.7,2.7,667
2010-09-13,1.5,2.7,1.5,2.7,92
2010-09-17,2.7,2.7,2.7,2.7,17
2010-09-21,1.5,2.7,1.5,2.7,700
2010-09-22,3.0,3.0,3.0,3.0,33
2010-09-27,2.7,2.94,2.7,2.94,1134
2010-09-28,2.1,3.0,1.5,3.0,379
2010-09-29,2.94,3.0,2.94,3.0,667
2010-09-30,1.8,3.24,0.6,3.24,260
2010-10-01,0.6,3.24,0.6,3.24,183
2010-10-04,1.98,3.24,1.98,3.24,50
2010-10-05,2.1,2.7,2.1,2.7,100
2010-10-06,0.72,2.7,0.72,2.7,52
2010-10-07,3.24,3.24,3.24,3.24,67
2010-10-08,3.24,3.24,3.24,3.24,67
2010-10-11,3.0,3.0,2.7,2.7,150
2010-10-12,2.7,2.7,2.7,2.7,167
2010-10-14,2.4,3.06,2.4,3.06,700
2010-10-15,2.7,3.06,2.7,3.06,83
2010-10-29,3.0,3.0,3.0,3.0,57
2010-11-01,3.0,3.0,3.0,3.0,42
2010-11-05,0.6,2.34,0.6,2.34,292
2010-11-08,2.94,3.0,2.58,3.0,492
2010-11-12,3.0,3.0,3.0,3.0,35
2010-11-15,0.72,3.0,0.72,3.0,127
2010-11-16,1.32,3.0,1.32,3.0,50
2010-11-24,0.07,3.0,0.07,3.0,100
2010-11-29,2.1,3.0,0.18,2.88,150
2010-12-07,0.15,2.88,0.15,2.88,37
2010-12-08,2.88,2.88,0.3,2.88,200
2010-12-15,0.24,2.88,0.24,2.88,200
2010-12-16,0.27,2.88,0.27,2.88,183
2010-12-20,0.27,2.88,0.27,2.88,56
2010-12-22,0.27,2.88,0.27,2.88,85
2010-12-29,2.88,2.88,1.5,2.82,3394
2011-01-03,0.54,0.6,0.54,0.54,5942
2011-01-04,0.24,1.2,0.24,0.66,5649
2011-01-05,0.48,0.6,0.48,0.6,1683
2011-01-06,0.6,0.6,0.3,0.6,1422
2011-01-07,0.36,0.6,0.36,0.48,2632
2011-01-10,0.54,0.54,0.54,0.54,167
2011-01-11,0.42,0.54,0.36,0.48,2417
2011-01-13,0.33,0.45,0.3,0.45,15013
2011-01-14,0.19,0.42,0.19,0.42,1058
2011-01-18,0.42,0.42,0.19,0.3,12478
2011-01-19,0.36,0.36,0.36,0.36,667
2011-01-20,0.25,0.36,0.23,0.36,3667
2011-01-21,0.36,0.48,0.36,0.48,6774
2011-01-24,0.48,0.48,0.39,0.48,1694
2011-01-25,0.39,0.54,0.39,0.54,3275
2011-01-26,0.54,0.54,0.27,0.42,11841
2011-01-27,0.42,0.42,0.42,0.42,1190
2011-01-28,0.42,0.42,0.24,0.24,2000
2011-01-31,0.36,0.42,0.36,0.42,1336
2011-02-01,0.24,0.36,0.24,0.36,748
2011-02-02,0.42,0.42,0.21,0.24,14091
2011-02-03,0.39,0.39,0.39,0.39,167
2011-02-04,0.19,0.3,0.19,0.3,1012
2011-02-07,0.19,0.42,0.19,0.42,11542
2011-02-08,0.41,0.41,0.41,0.41,267
2011-02-10,0.41,0.41,0.36,0.41,2470
2011-02-11,0.41,0.41,0.41,0.41,288
2011-02-14,0.3,0.33,0.25,0.3,1366
2011-02-15,0.34,0.34,0.34,0.34,667
2011-02-17,0.34,0.34,0.25,0.25,457
2011-02-18,0.41,0.41,0.19,0.19,12947
2011-02-22,0.33,0.33,0.19,0.3,2858
2011-02-23,0.3,0.3,0.3,0.3,1323
2011-02-25,0.24,0.3,0.21,0.3,10389
2011-02-28,0.3,0.3,0.3,0.3,433
2011-03-01,0.28,0.28,0.28,0.28,1123
2011-03-02,0.19,0.28,0.19,0.28,333
2011-03-09,0.18,0.18,0.18,0.18,747
2011-03-10,0.18,0.26,0.18,0.26,670
2011-03-11,0.26,0.26,0.26,0.26,1830
2011-03-14,0.28,0.28,0.26,0.28,910
2011-03-15,0.28,0.3,0.18,0.3,4677
2011-03-16,0.3,0.3,0.27,0.3,190
2011-03-17,0.2,0.28,0.2,0.27,836
2011-03-21,0.21,0.3,0.21,0.3,3636
2011-03-23,0.3,0.3,0.3,0.3,5106
2011-03-24,0.3,0.36,0.3,0.36,1887
2011-03-25,0.36,0.36,0.36,0.36,5889
2011-03-28,0.3,0.36,0.19,0.36,889
2011-03-29,0.36,0.36,0.36,0.36,1000
2011-03-30,0.24,0.36,0.24,0.36,1179
2011-04-01,0.25,0.36,0.25,0.36,2050
2011-04-04,0.25,0.25,0.25,0.25,1981
2011-04-05,0.3,0.3,0.3,0.3,17
2011-04-06,0.36,0.36,0.25,0.25,19803
2011-04-07,0.32,0.32,0.3,0.3,2350
2011-04-08,0.3,0.3,0.3,0.3,1058
2011-04-12,0.24,0.24,0.24,0.24,70
2011-04-13,0.3,0.3,0.21,0.3,5824
2011-04-14,0.24,0.24,0.24,0.24,833
2011-04-15,0.24,0.3,0.24,0.3,342
2011-04-21,0.18,0.29,0.18,0.28,1704
2011-04-25,0.22,0.24,0.18,0.21,36167
2011-04-26,0.18,0.18,0.18,0.18,4996
2011-04-27,0.18,0.18,0.15,0.15,9444
2011-04-28,0.15,0.15,0.15,0.15,1269
2011-04-29,0.15,0.15,0.15,0.15,1408
2011-05-02,0.12,0.12,0.12,0.12,14083
2011-05-03,0.12,0.12,0.12,0.12,833
2011-05-04,0.12,0.12,0.12,0.12,18330
2011-05-05,0.12,0.15,0.09,0.15,2053
2011-05-06,0.15,0.15,0.15,0.15,342
2011-05-09,0.15,0.15,0.15,0.15,5150
2011-05-11,0.15,0.17,0.15,0.17,4814
2011-05-13,0.12,0.24,0.12,0.24,3931
2011-05-16,0.27,0.27,0.27,0.27,333
2011-05-17,0.27,0.42,0.24,0.42,7548
2011-05-18,0.24,0.4,0.24,0.4,3850
2011-05-19,0.18,0.4,0.18,0.19,21884
2011-05-20,0.36,0.36,0.18,0.24,10683
2011-05-23,0.24,0.24,0.24,0.24,333
2011-05-25,0.24,0.24,0.24,0.24,17
2011-05-27,0.13,0.24,0.13,0.24,684
2011-05-31,0.24,0.24,0.15,0.24,11233
2011-06-03,0.18,0.18,0.12,0.18,17148
2011-06-06,0.18,0.19,0.18,0.19,5327
2011-06-07,0.22,0.22,0.13,0.13,21194
2011-06-08,0.18,0.18,0.13,0.18,2367
2011-06-10,0.13,0.15,0.12,0.12,10500
2011-06-13,0.12,0.12,0.12,0.12,3776
2011-06-14,0.15,0.15,0.15,0.15,737
2011-06-15,0.12,0.12,0.12,0.12,34194
2011-06-16,0.15,0.15,0.15,0.15,17
2011-06-17,0.12,0.12,0.12,0.12,817
2011-06-23,0.15,0.15,0.13,0.15,3217
2011-06-24,0.16,0.18,0.16,0.18,2167
2011-06-27,0.16,0.18,0.16,0.18,1718
2011-06-28,0.18,0.18,0.16,0.16,3500
2011-06-29,0.12,0.12,0.12,0.12,16667
2011-06-30,0.18,0.18,0.18,0.18,100
2011-07-01,0.18,0.18,0.15,0.18,3580
2011-07-05,0.18,0.24,0.09,0.21,2044
2011-07-06,0.24,0.24,0.12,0.12,753
2011-07-07,0.24,0.24,0.24,0.24,133
2011-07-08,0.24,0.24,0.24,0.24,17
2011-07-11,0.24,0.24,0.24,0.24,150
2011-07-13,0.13,0.24,0.13,0.24,111
2011-07-14,0.13,0.24,0.13,0.24,1338
2011-07-15,0.24,0.24,0.24,0.24,167
2011-07-18,0.13,0.19,0.13,0.19,1920
2011-07-19,0.22,0.22,0.22,0.22,17
2011-07-20,0.23,0.23,0.23,0.23,593
2011-07-21,0.23,0.23,0.23,0.23,17
2011-07-22,0.13,0.22,0.13,0.15,3850
2011-07-25,0.21,0.21,0.21,0.21,17
2011-08-04,0.19,0.19,0.13,0.19,454
2011-08-05,0.13,0.13,0.13,0.13,2050
2011-08-08,0.13,0.13,0.13,0.13,837
2011-08-10,0.13,0.13,0.13,0.13,581
2011-08-11,0.21,0.21,0.21,0.21,17
2011-08-12,0.13,0.21,0.13,0.21,265
2011-08-15,0.13,0.19,0.13,0.19,1308
2011-08-16,0.2,0.2,0.2,0.2,17
2011-08-18,0.13,0.2,0.13,0.2,286
2011-08-19,0.18,0.18,0.18,0.18,383
2011-08-22,0.13,0.15,0.06,0.15,4333
2011-08-23,0.12,0.15,0.12,0.15,850
2011-08-24,0.14,0.14,0.14,0.14,1646
2011-08-25,0.15,0.15,0.1,0.15,817
2011-08-29,0.15,0.15,0.15,0.15,500
2011-09-06,0.15,0.15,0.15,0.15,17
2011-09-07,0.1,0.15,0.1,0.15,321
2011-09-08,0.1,0.15,0.09,0.15,1182
2011-09-20,0.12,0.15,0.12,0.15,5725
2011-09-23,0.23,0.23,0.23,0.23,17
2011-09-27,0.12,0.12,0.12,0.12,35
2011-09-28,0.22,0.22,0.22,0.22,167
2011-10-07,0.12,0.22,0.12,0.22,248
2011-10-10,0.18,0.18,0.18,0.18,583
2011-10-11,0.21,0.21,0.18,0.2,2100
2011-10-12,0.18,0.18,0.18,0.18,1667
2011-10-13,0.22,0.22,0.22,0.22,1928
2011-10-14,0.22,0.22,0.22,0.22,463
2011-10-18,0.12,0.2,0.12,0.2,1033
2011-10-19,0.12,0.19,0.12,0.19,685
2011-10-20,0.09,0.19,0.09,0.19,1132
2011-10-21,0.19,0.19,0.1,0.19,2187
2011-10-27,0.22,0.22,0.22,0.22,500
2011-11-02,0.22,0.22,0.22,0.22,50
2011-11-03,0.22,0.22,0.18,0.22,6833
2011-11-04,0.12,0.12,0.12,0.12,56
2011-11-07,0.22,0.22,0.12,0.12,833
2011-11-09,0.22,0.22,0.22,0.22,17
2011-11-15,0.2,0.2,0.2,0.2,2892
2011-11-22,0.19,0.19,0.12,0.19,86
2011-11-29,0.12,0.19,0.12,0.19,115
2011-11-30,0.19,0.19,0.19,0.19,123
2011-12-01,0.19,0.19,0.12,0.19,89
2011-12-02,0.13,0.13,0.12,0.12,16667
2011-12-05,0.06,0.06,0.06,0.06,88
2011-12-06,0.18,0.18,0.18,0.18,2683
2011-12-20,0.06,0.18,0.06,0.18,325
2011-12-21,0.06,0.06,0.06,0.06,52
2011-12-22,0.17,0.17,0.06,0.17,58
2011-12-28,0.06,0.17,0.06,0.17,4017
2012-01-10,0.09,0.09,0.09,0.09,1833
2012-01-11,0.06,0.17,0.06,0.17,2841
2012-01-12,0.08,0.08,0.06,0.06,9967
2012-01-13,0.08,0.16,0.08,0.16,3842
2012-01-17,0.16,0.16,0.16,0.16,1017
2012-01-18,0.12,0.16,0.12,0.16,767
2012-01-20,0.12,0.12,0.12,0.12,569
2012-01-23,0.14,0.15,0.14,0.15,8612
2012-01-24,0.15,0.16,0.12,0.16,6687
2012-01-26,0.17,0.17,0.13,0.13,16925
2012-01-30,0.17,0.17,0.17,0.17,17
2012-01-31,0.12,0.12,0.07,0.07,8333
2012-02-01,0.15,0.15,0.15,0.15,17
2012-02-02,0.14,0.14,0.14,0.14,50
2012-02-09,0.1,0.1,0.1,0.1,833
2012-02-10,0.14,0.14,0.14,0.14,17
2012-02-13,0.07,0.14,0.07,0.14,307
2012-02-24,0.07,0.12,0.07,0.12,1662
2012-02-29,0.07,0.12,0.07,0.07,388
2012-03-01,0.12,0.14,0.07,0.14,6178
2012-03-02,0.14,0.14,0.08,0.14,1393
2012-03-05,0.12,0.14,0.08,0.08,2255
2012-03-06,0.08,0.14,0.08,0.14,3414
2012-03-12,0.17,0.17,0.17,0.17,83
2012-03-15,0.12,0.15,0.12,0.15,1333
2012-03-26,0.08,0.14,0.08,0.14,62
2012-04-03,0.09,0.09,0.06,0.06,5260
2012-04-04,0.13,0.17,0.06,0.17,118
2012-04-09,0.04,0.16,0.04,0.16,423
2012-04-10,0.15,0.15,0.04,0.04,71
2012-04-11,0.06,0.06,0.06,0.06,2218
2012-04-13,0.12,0.12,0.12,0.12,83
2012-04-16,0.12,0.12,0.12,0.12,142
2012-04-20,0.04,0.04,0.04,0.04,662
2012-04-23,0.12,0.12,0.12,0.12,17
2012-04-24,0.05,0.12,0.05,0.12,1683
2012-04-27,0.05,0.11,0.05,0.11,4375
2012-05-01,0.05,0.11,0.05,0.11,598
2012-05-03,0.05,0.05,0.05,0.05,21900
2012-05-04,0.07,0.1,0.07,0.1,9183
2012-05-08,0.07,0.07,0.07,0.07,5805
2012-05-09,0.05,0.05,0.05,0.05,1845
2012-05-11,0.06,0.06,0.05,0.06,848
2012-05-14,0.06,0.06,0.06,0.06,833
2012-05-15,0.05,0.05,0.05,0.05,21
2012-05-16,0.06,0.06,0.06,0.06,17
2012-05-17,0.05,0.05,0.05,0.05,2496
2012-05-18,0.04,0.04,0.04,0.04,422
2012-05-22,0.06,0.06,0.06,0.06,17
2012-05-23,0.04,0.07,0.04,0.07,2720
2012-05-24,0.07,0.07,0.07,0.07,500
2012-06-13,0.06,0.06,0.06,0.06,2195
2012-06-19,0.06,0.06,0.06,0.06,15950
2012-06-21,0.07,0.07,0.07,0.07,3333
2012-06-22,0.07,0.07,0.07,0.07,17
2012-07-05,0.04,0.04,0.04,0.04,525
2012-07-09,0.06,0.06,0.06,0.06,17
2012-07-13,0.12,0.12,0.05,0.09,6183
2012-07-17,0.09,0.09,0.09,0.09,17
2012-07-19,0.06,0.09,0.06,0.06,2416
2012-07-24,0.08,0.08,0.08,0.08,17
2012-08-17,0.08,0.08,0.05,0.05,6833
2012-08-29,0.08,0.08,0.08,0.08,17
2012-08-30,0.05,0.05,0.05,0.05,1667
2012-08-31,0.08,0.08,0.08,0.08,17
2012-09-04,0.05,0.07,0.04,0.07,1683
2012-09-11,0.07,0.07,0.05,0.05,1021
2012-09-12,0.07,0.07,0.07,0.07,17
2012-09-19,0.03,0.07,0.03,0.07,12854
2012-09-20,0.07,0.07,0.03,0.03,2804
2012-09-25,0.07,0.07,0.07,0.07,17
2012-10-17,0.05,0.05,0.05,0.05,1500
2012-10-18,0.05,0.06,0.05,0.06,7800
2012-10-19,0.07,0.09,0.07,0.09,7008
2012-10-22,0.09,0.09,0.09,0.09,833
2012-10-23,0.1,0.11,0.1,0.11,2667
2012-10-24,0.12,0.12,0.12,0.12,833
2012-10-25,0.11,0.11,0.11,0.11,17333
2012-10-31,0.11,0.11,0.11,0.11,833
2012-11-01,0.11,0.11,0.11,0.11,5133
2012-11-02,0.11,0.11,0.11,0.11,1667
2012-11-05,0.11,0.11,0.11,0.11,11850
2012-11-06,0.11,0.11,0.11,0.11,49655
2012-11-07,0.11,0.11,0.11,0.11,1667
2012-11-08,0.13,0.13,0.13,0.13,5283
2012-11-09,0.13,0.13,0.13,0.13,2895
2012-11-12,0.36,0.36,0.36,0.36,17
2012-11-13,0.31,0.31,0.03,0.18,6017
2012-11-14,0.17,0.17,0.04,0.14,6688
2012-11-15,0.18,0.19,0.18,0.19,1983
2012-11-19,0.04,0.04,0.04,0.04,1717
2012-11-20,0.19,0.19,0.12,0.12,7542
2012-11-21,0.18,0.18,0.18,0.18,3817
2012-11-26,0.36,0.36,0.36,0.36,17
2012-11-27,0.18,0.36,0.18,0.36,48
2012-12-03,0.27,0.27,0.27,0.27,417
2012-12-05,0.27,0.27,0.15,0.15,1680
2012-12-06,0.15,0.27,0.15,0.24,51
2012-12-07,0.26,0.26,0.26,0.26,17
2012-12-10,0.18,0.18,0.18,0.18,705
2012-12-11,0.26,0.26,0.21,0.24,717
2012-12-12,0.15,0.15,0.06,0.15,14184
2012-12-13,0.06,0.15,0.06,0.15,8712
2012-12-17,0.06,0.15,0.06,0.15,975
2012-12-18,0.12,0.15,0.12,0.15,970
2012-12-19,0.15,0.15,0.15,0.15,10000
2012-12-21,0.15,0.24,0.15,0.24,16683
2012-12-27,0.15,0.24,0.15,0.23,18650
2012-12-28,0.18,0.21,0.18,0.18,89359
2013-01-02,0.18,0.21,0.18,0.2,126833
2013-01-03,0.18,0.18,0.18,0.18,1667
2013-01-04,0.18,0.18,0.18,0.18,433
2013-01-07,0.18,0.18,0.18,0.18,50
2013-01-08,0.12,0.12,0.12,0.12,56
2013-01-09,0.18,0.18,0.18,0.18,17
2013-01-10,0.22,0.22,0.22,0.22,17
2013-01-11,0.13,0.13,0.13,0.13,96
2013-01-14,0.18,0.18,0.18,0.18,17
2013-01-15,0.18,0.18,0.12,0.12,220
2013-01-16,0.18,0.18,0.18,0.18,17
2013-01-17,0.18,0.18,0.09,0.16,11348
2013-01-18,0.09,0.09,0.08,0.08,9295
2013-01-22,0.12,0.12,0.12,0.12,833
2013-01-23,0.12,0.18,0.12,0.18,38283
2013-01-28,0.12,0.16,0.12,0.16,58624
2013-01-30,0.15,0.21,0.12,0.12,70854
2013-01-31,0.12,0.12,0.12,0.12,3333
2013-02-01,0.21,0.21,0.21,0.21,17
2013-02-06,0.15,0.18,0.08,0.18,1527
2013-02-08,0.16,0.16,0.16,0.16,1667
2013-02-12,0.16,0.16,0.16,0.16,1667
2013-02-14,0.15,0.15,0.04,0.08,153763
2013-02-15,0.1,0.11,0.1,0.1,10867
2013-02-19,0.1,0.1,0.07,0.09,20396
2013-02-20,0.06,0.08,0.06,0.08,2664
2013-02-21,0.05,0.08,0.04,0.04,7530
2013-02-22,0.06,0.08,0.06,0.08,12478
2013-02-25,0.08,0.09,0.08,0.08,66978
2013-02-26,0.04,0.09,0.04,0.09,1072
2013-02-27,0.06,0.09,0.06,0.09,59996
2013-02-28,0.09,0.12,0.09,0.11,50667
2013-03-01,0.06,0.11,0.06,0.11,556
2013-03-06,0.12,0.12,0.12,0.12,17
2013-03-07,0.07,0.07,0.07,0.07,584
2013-03-08,0.08,0.09,0.08,0.09,5000
2013-03-11,0.15,0.15,0.15,0.15,17
2013-03-12,0.06,0.11,0.05,0.11,3207
2013-03-13,0.18,0.18,0.07,0.07,3186
2013-03-19,0.05,0.09,0.05,0.09,12546
2013-03-20,0.05,0.05,0.04,0.04,11667
2013-03-21,0.09,0.09,0.09,0.09,6667
2013-03-22,0.09,0.09,0.09,0.09,663
2013-03-26,0.06,0.06,0.05,0.05,229153
2013-03-27,0.06,0.06,0.06,0.06,3167
2013-03-28,0.04,0.07,0.04,0.07,16767
2013-04-04,0.08,0.08,0.07,0.07,4167
2013-04-05,0.12,0.12,0.12,0.12,333
2013-04-09,0.06,0.06,0.06,0.06,18333
2013-04-10,0.12,0.13,0.06,0.1,47500
2013-04-11,0.13,0.13,0.13,0.13,17
2013-04-12,0.1,0.1,0.09,0.09,76500
2013-04-15,0.1,0.1,0.09,0.09,2500
2013-04-16,0.07,0.07,0.07,0.07,87528
2013-04-17,0.07,0.1,0.04,0.06,89500
2013-04-18,0.07,0.07,0.06,0.06,39006
2013-04-19,0.07,0.08,0.06,0.07,3973
2013-04-22,0.06,0.06,0.06,0.06,3333
2013-04-23,0.09,0.09,0.07,0.07,1683
2013-04-24,0.07,0.07,0.07,0.07,1667
2013-04-25,0.06,0.07,0.06,0.06,122493
2013-04-26,0.07,0.07,0.07,0.07,833
2013-04-29,0.06,0.07,0.04,0.04,44833
2013-04-30,0.07,0.07,0.07,0.07,3500
2013-05-06,0.07,0.07,0.07,0.07,3667
2013-05-08,0.07,0.07,0.04,0.04,3872
2013-05-09,0.07,0.07,0.05,0.06,62189
2013-05-10,0.06,0.1,0.05,0.06,210016
2013-05-13,0.05,0.06,0.05,0.05,19872
2013-05-14,0.05,0.05,0.05,0.05,96700
2013-05-15,0.05,0.07,0.05,0.06,139512
2013-05-16,0.05,0.06,0.05,0.06,15833
2013-05-17,0.06,0.06,0.05,0.06,60000
2013-05-20,0.04,0.06,0.04,0.06,4223
2013-05-21,0.06,0.08,0.07,0.07,18333
2013-05-22,0.08,0.08,0.08,0.08,70083
2013-05-23,0.08,0.1,0.08,0.09,218716
2013-05-24,0.1,0.1,0.1,0.1,17500
2013-05-28,0.1,0.1,0.1,0.1,25317
2013-05-29,0.1,0.12,0.1,0.12,13417
2013-05-30,0.12,0.12,0.12,0.12,1667
2013-05-31,0.12,0.12,0.1,0.1,18850
2013-06-03,0.1,0.11,0.1,0.11,35000
2013-06-04,0.07,0.09,0.07,0.07,605428
2013-06-05,0.07,0.07,0.07,0.07,148833
2013-06-06,0.08,0.08,0.06,0.06,1033
2013-06-07,0.1,0.1,0.07,0.1,91500
2013-06-13,0.08,0.09,0.08,0.09,49167
2013-06-14,0.1,0.1,0.08,0.08,69826
2013-06-18,0.07,0.1,0.07,0.1,45148
2013-06-19,0.1,0.1,0.1,0.1,1167
2013-06-20,0.1,0.1,0.1,0.1,725
2013-06-21,0.1,0.1,0.1,0.1,2941
2013-06-24,0.06,0.1,0.06,0.1,1183
2013-06-25,0.06,0.1,0.06,0.1,1925
2013-06-26,0.07,0.07,0.07,0.07,2578
2013-06-27,0.08,0.08,0.08,0.08,26140
2013-06-28,0.08,0.08,0.08,0.08,6650
2013-07-01,0.08,0.08,0.08,0.08,1667
2013-07-02,0.07,0.08,0.07,0.07,145962
2013-07-03,0.07,0.09,0.07,0.09,2000
2013-07-05,0.09,0.09,0.09,0.09,3231
2013-07-08,0.09,0.09,0.09,0.09,11617
2013-07-10,0.07,0.09,0.07,0.09,2413
2013-07-11,0.09,0.09,0.09,0.09,21717
2013-07-15,0.09,0.09,0.09,0.09,2561
2013-07-22,0.07,0.09,0.07,0.09,271
2013-07-23,0.09,0.09,0.09,0.09,1667
2013-07-24,0.07,0.07,0.07,0.07,728
2013-07-25,0.09,0.09,0.09,0.09,3311
2013-07-26,0.09,0.09,0.09,0.09,27102
2013-07-29,0.09,0.09,0.09,0.09,21171
2013-07-30,0.09,0.1,0.09,0.09,28359
2013-07-31,0.09,0.09,0.09,0.09,8401
2013-08-01,0.09,0.09,0.09,0.09,8333
2013-08-02,0.09,0.09,0.09,0.09,14430
2013-08-05,0.08,0.08,0.08,0.08,2567
2013-08-06,0.08,0.08,0.08,0.08,7500
2013-08-07,0.08,0.08,0.08,0.08,9017
2013-08-08,0.1,0.1,0.1,0.1,1817
2013-08-12,0.1,0.1,0.1,0.1,7882
2013-08-13,0.08,0.08,0.08,0.08,1695
2013-08-14,0.09,0.09,0.09,0.09,2500
2013-08-15,0.08,0.09,0.08,0.09,1833
2013-08-16,0.09,0.09,0.09,0.09,833
2013-08-19,0.09,0.09,0.09,0.09,2122
2013-08-22,0.09,0.09,0.09,0.09,1667
2013-08-26,0.08,0.08,0.08,0.08,1584
2013-08-27,0.09,0.11,0.08,0.09,13226
2013-08-28,0.08,0.09,0.08,0.09,3250
2013-09-11,39.0,39.0,39.0,39.0,17
2013-09-19,39.06,39.06,39.06,39.06,17
2013-09-20,40.5,40.5,40.5,40.5,28
2013-09-23,39.0,39.0,39.0,39.0,17
2013-09-26,39.0,39.0,39.0,39.0,17
2013-10-03,36.0,36.0,33.0,33.0,33
2013-10-08,32.4,32.4,31.5,31.5,33
2013-10-09,31.5,31.5,31.5,31.5,33
2013-10-10,32.4,32.4,32.4,32.4,33
2013-10-18,30.6,33.6,28.5,33.6,168
2013-10-21,31.5,31.5,31.5,31.5,17
2013-10-22,31.5,31.5,28.5,28.92,117
2013-10-29,42.0,42.0,42.0,42.0,17
2013-11-15,37.8,42.0,37.8,42.0,158
2013-11-19,29.76,39.0,28.8,39.0,50
2013-11-20,41.7,41.7,41.7,41.7,17
2013-11-22,21.3,21.3,21.3,21.3,167
2013-11-25,30.0,30.6,24.0,30.0,382
2013-12-02,24.0,24.0,24.0,24.0,278
2013-12-03,27.0,30.0,22.5,30.0,295
2013-12-04,30.0,30.0,27.6,27.6,178
2013-12-05,30.0,30.0,30.0,30.0,33
2013-12-09,28.5,28.5,27.0,27.0,66
2013-12-10,30.0,30.06,30.0,30.06,239
2013-12-11,40.5,40.5,36.0,36.0,40
2013-12-12,33.0,33.0,33.0,33.0,17
2013-12-13,36.0,38.4,31.5,31.5,208
2013-12-16,31.5,31.5,23.4,28.8,2592
2013-12-17,28.5,28.5,28.44,28.44,33
2013-12-18,25.2,26.7,24.0,26.7,1683
2013-12-20,28.2,28.2,24.06,27.9,1743
2013-12-23,27.9,28.8,26.1,26.1,427
2013-12-24,24.3,24.3,24.0,24.0,3752
2013-12-27,26.1,26.1,24.0,24.0,358
2013-12-30,26.1,26.1,24.06,24.06,100
2013-12-31,26.1,26.1,26.1,26.1,39
2014-01-02,26.1,27.0,26.1,27.0,50
2014-01-03,24.06,27.0,24.0,27.0,3350
2014-01-06,27.0,30.0,24.06,25.8,405
2014-01-07,30.0,30.0,30.0,30.0,17
2014-01-08,30.0,31.5,30.0,31.14,238
2014-01-09,31.5,31.5,30.6,30.6,242
2014-01-10,30.36,34.2,27.06,30.3,2017
2014-01-13,30.0,30.0,27.3,27.36,3710
2014-01-14,29.82,29.82,29.82,29.82,50
2014-01-15,27.3,27.3,27.24,27.24,233
2014-01-16,26.4,27.3,26.4,27.3,83
2014-01-17,30.0,30.6,30.0,30.06,217
2014-01-21,29.94,30.0,29.94,30.0,1565
2014-01-22,30.0,30.0,30.0,30.0,355
2014-01-23,30.0,33.6,30.0,33.6,228
2014-01-27,33.6,33.6,33.6,33.6,17
2014-01-28,30.0,33.0,30.0,33.0,183
2014-01-29,30.0,30.0,30.0,30.0,17
2014-01-30,33.6,33.6,30.18,30.9,133
2014-01-31,33.6,33.6,33.3,33.3,33
2014-02-04,32.7,36.0,32.7,36.0,491
2014-02-05,36.0,37.5,36.0,37.5,298
2014-02-06,37.2,37.2,33.0,33.0,3520
2014-02-07,33.6,34.5,33.0,34.5,389
2014-02-11,37.8,37.8,37.8,37.8,17
2014-02-18,36.0,36.0,36.0,36.0,64
2014-02-19,36.36,36.36,36.36,36.36,150
2014-02-20,39.0,39.0,39.0,39.0,17
2014-02-26,39.0,39.0,36.0,36.0,1177
2014-02-27,36.9,36.9,35.22,36.0,667
2014-02-28,36.0,37.14,36.0,37.14,468
2014-03-04,35.7,35.7,35.22,35.22,83
2014-03-06,36.0,36.0,35.22,35.22,83
2014-03-07,35.22,36.9,35.22,36.9,283
2014-03-11,34.8,34.8,33.96,33.96,200
2014-03-12,33.3,33.3,33.3,33.3,333
2014-03-13,31.5,31.5,31.5,31.5,50
2014-03-14,30.9,33.0,30.9,31.8,335
2014-03-19,31.8,31.8,31.74,31.74,117
2014-03-21,31.5,31.5,31.2,31.2,333
2014-03-26,31.5,31.5,31.5,31.5,167
2014-03-27,33.0,33.0,33.0,33.0,133
2014-03-28,33.0,33.0,33.0,33.0,28
2014-03-31,34.5,34.5,34.5,34.5,104
2014-04-11,32.1,32.1,32.1,32.1,83
2014-04-15,34.5,34.5,32.1,32.1,194
2014-04-22,31.2,31.2,31.2,31.2,36
2014-04-23,34.5,35.46,34.5,35.46,83
2014-04-29,35.46,35.46,33.0,33.0,75
2014-04-30,35.4,35.4,35.4,35.4,17
2014-05-01,30.6,30.6,30.6,30.6,92
2014-05-05,30.3,32.4,27.6,32.4,900
2014-05-06,26.4,27.66,25.86,25.86,1667
2014-05-07,25.86,25.86,24.06,24.06,5007
2014-05-08,25.08,25.08,24.3,24.3,3357
2014-05-09,25.2,26.04,25.2,26.04,5985
2014-05-12,24.9,26.1,24.9,26.1,1200
2014-05-13,24.6,31.44,24.0,24.0,943
2014-05-14,24.6,25.92,24.6,25.32,812
2014-05-15,24.3,25.92,24.3,25.92,54
2014-05-16,24.72,24.9,24.72,24.9,140
2014-05-19,25.2,25.38,24.9,24.9,101
2014-05-20,24.9,24.9,24.9,24.9,836
2014-05-21,24.9,25.8,24.9,24.9,944
2014-05-22,24.9,24.9,24.9,24.9,33
2014-05-23,24.6,24.6,24.6,24.6,48
2014-05-27,25.2,25.5,25.2,25.5,225
2014-05-28,24.06,24.06,22.02,22.2,578
2014-05-29,23.7,23.7,21.06,21.06,1196
2014-05-30,22.8,24.9,22.8,24.42,1257
2014-06-02,24.54,24.54,24.0,24.0,250
2014-06-03,24.0,24.0,24.0,24.0,17
2014-06-06,23.7,24.0,23.7,24.0,467
2014-06-09,24.9,27.0,24.9,24.9,2267
2014-06-10,24.06,24.06,24.0,24.0,219
2014-06-11,21.06,21.06,21.0,21.0,283
2014-06-12,23.94,24.0,23.94,24.0,300
2014-06-13,24.0,24.0,24.0,24.0,33
2014-06-18,25.2,25.2,24.3,24.3,350
2014-06-23,25.2,25.2,25.2,25.2,217
2014-06-30,25.5,29.64,25.5,25.8,2233
2014-07-02,25.5,25.8,24.06,24.18,1568
2014-07-03,24.18,24.18,24.18,24.18,6658
2014-07-07,24.18,24.18,24.18,24.18,17
2014-07-08,24.0,24.0,24.0,24.0,67
2014-07-09,28.2,29.1,24.18,24.18,829
2014-07-10,24.0,27.0,24.0,27.0,1758
2014-07-11,24.0,25.8,24.0,25.8,2317
2014-07-14,25.74,25.74,25.74,25.74,167
2014-07-16,25.8,27.9,25.8,27.9,1015
2014-07-17,25.8,25.8,24.6,25.02,3668
2014-07-18,24.66,24.84,24.66,24.84,400
2014-07-21,25.23,25.8,25.2,25.8,442
2014-07-24,24.42,25.8,24.0,25.08,992
2014-07-25,25.4,25.4,24.12,24.12,317
2014-07-28,24.18,24.18,24.06,24.06,109
2014-07-29,24.0,24.18,24.0,24.0,1226
2014-07-31,23.88,24.0,23.16,23.99,192
2014-08-01,23.22,23.22,23.22,23.22,26
2014-08-04,23.1,23.1,22.02,22.02,200
2014-08-05,22.08,22.26,22.08,22.08,296
2014-08-07,21.48,22.47,21.0,21.0,464
2014-08-08,21.12,21.12,21.0,21.0,183
2014-08-12,22.38,22.53,20.16,20.16,50
2014-08-13,19.38,19.38,13.56,16.2,1901
2014-08-14,15.84,20.46,15.12,16.56,628
2014-08-15,15.54,17.21,15.3,17.21,817
2014-08-18,17.28,18.12,15.3,18.12,308
2014-08-19,15.78,16.84,14.88,16.84,1217
2014-08-20,16.8,18.36,15.66,15.66,133
2014-08-21,15.3,15.3,15.3,15.3,67
2014-08-22,15.12,15.12,14.7,14.7,167
2014-08-25,13.92,13.92,13.92,13.92,17
2014-08-26,13.92,14.1,13.92,14.04,235
2014-08-27,13.8,13.8,13.8,13.8,33
2014-08-28,13.32,13.5,13.32,13.5,340
2014-08-29,9.3,13.2,9.3,12.12,554
2014-09-02,12.06,13.5,12.06,13.5,967
2014-09-03,12.69,13.38,12.18,13.38,885
2014-09-04,12.18,13.2,10.5,12.3,4563
2014-09-05,13.32,17.65,11.48,12.6,11784
2014-09-08,12.78,13.56,11.34,12.72,5433
2014-09-09,13.68,13.68,11.76,12.6,969
2014-09-10,11.28,13.62,11.1,13.5,1268
2014-09-11,17.52,17.52,12.06,14.34,1866
2014-09-12,14.7,17.09,14.7,16.62,2736
2014-09-15,18.0,18.0,15.6,16.8,1706
2014-09-16,16.98,17.4,15.42,17.28,378
2014-09-17,17.22,17.7,15.66,17.28,778
2014-09-18,16.44,17.28,15.0,15.0,773
2014-09-19,14.4,15.72,13.2,13.2,1977
2014-09-22,13.8,14.62,12.3,12.72,1569
2014-09-23,12.36,14.35,12.36,13.14,479
2014-09-24,13.98,13.98,12.42,12.42,383
2014-09-25,12.6,12.84,12.36,12.36,292
2014-09-26,12.48,13.46,12.36,13.46,525
2014-09-29,13.5,13.5,12.3,13.5,260
2014-09-30,12.42,14.82,12.42,14.82,2178
2014-10-01,15.3,15.3,13.86,14.46,2128
2014-10-02,15.6,17.1,15.24,16.98,1176
2014-10-03,16.8,16.8,15.18,15.6,681
2014-10-06,16.32,16.74,16.32,16.74,1371
2014-10-07,16.32,16.5,16.32,16.5,655
2014-10-08,16.5,16.5,16.32,16.32,646
2014-10-09,16.66,16.66,16.32,16.32,117
2014-10-10,16.32,17.04,16.32,17.04,356
2014-10-13,17.16,19.2,17.1,17.94,1044
2014-10-15,18.78,18.9,17.58,17.58,339
2014-10-16,18.24,18.24,16.8,16.8,150
2014-10-17,17.7,17.7,17.28,17.28,54
2014-10-20,17.58,17.58,16.92,16.92,100
2014-10-21,17.88,18.18,17.1,17.94,171
2014-10-22,18.6,18.6,17.4,17.4,83
2014-10-23,17.58,17.58,17.58,17.58,23
2014-10-24,18.0,18.6,17.46,17.88,1242
2014-10-29,17.46,17.46,17.4,17.4,852
2014-10-30,17.4,17.4,17.4,17.4,643
2014-10-31,17.52,17.76,17.4,17.7,1110
2014-11-03,16.2,17.46,16.2,17.4,183
2014-11-04,17.34,17.46,17.34,17.46,322
2014-11-05,16.2,17.4,16.2,17.4,291
2014-11-06,17.76,17.76,17.4,17.7,959
2014-11-07,17.34,17.4,15.96,16.38,1123
2014-11-10,16.92,17.1,16.08,17.1,217
2014-11-11,16.2,16.2,16.2,16.2,217
2014-11-12,16.2,16.2,14.1,15.95,733
2014-11-13,15.53,15.53,13.8,13.8,101
2014-11-14,15.6,15.6,15.6,15.6,214
2014-11-17,15.6,17.69,15.6,17.69,550
2014-11-18,15.6,17.22,15.6,16.2,886
2014-11-19,14.38,17.03,14.38,17.03,72
2014-11-21,14.52,15.0,14.4,15.0,1099
2014-11-24,12.96,14.82,12.96,13.32,1340
2014-11-25,13.68,13.68,13.32,13.32,916
2014-11-26,13.44,15.0,12.96,14.76,6218
2014-11-28,14.7,15.12,13.98,14.7,10942
2014-12-01,15.0,15.0,13.86,14.94,4570
2014-12-02,14.52,14.88,13.74,14.52,2710
2014-12-03,14.1,14.1,13.68,13.68,135
2014-12-04,14.4,15.54,14.04,14.7,514
2014-12-05,13.8,13.8,13.8,13.8,17
2014-12-08,13.68,14.4,13.5,13.86,1008
2014-12-09,13.87,13.87,13.86,13.86,533
2014-12-10,15.0,15.0,13.86,13.86,1305
2014-12-11,13.92,13.92,12.24,12.96,1451
2014-12-18,12.06,12.06,11.46,11.88,283
2014-12-19,11.88,13.2,11.88,12.36,815
2014-12-24,12.36,12.48,12.36,12.48,209
2014-12-26,12.36,12.36,12.36,12.36,117
2014-12-30,12.48,12.48,11.4,11.52,431
2014-12-31,11.94,12.0,11.7,11.94,184
2015-01-02,13.02,13.02,11.94,12.18,132
2015-01-05,12.24,12.3,12.12,12.12,118
2015-01-06,12.3,12.78,12.06,12.36,2518
2015-01-07,11.94,15.42,11.94,15.42,2670
2015-01-08,14.82,17.1,14.4,15.54,2801
2015-01-09,14.94,16.02,13.71,13.8,1591
2015-01-12,14.22,14.22,13.8,13.8,34
2015-01-13,13.92,13.92,12.72,13.2,618
2015-01-14,13.2,13.2,13.2,13.2,17
2015-01-15,12.72,13.32,11.7,11.94,5331
2015-01-16,12.06,12.54,11.76,12.06,283
2015-01-20,11.88,12.3,11.7,12.3,734
2015-01-21,11.7,12.0,11.7,11.76,83
2015-01-22,11.52,12.18,11.4,11.58,1782
2015-01-23,11.46,12.3,11.46,11.52,79
2015-01-26,12.3,12.3,12.3,12.3,127
2015-01-27,11.52,12.06,11.46,11.94,739
2015-01-28,12.23,12.24,11.7,11.7,685
2015-01-29,11.7,11.7,10.2,10.2,15847
2015-01-30,9.3,9.48,7.26,7.26,6444
2015-02-02,8.94,10.38,8.11,10.08,7968
2015-02-03,9.9,10.2,8.52,8.52,2792
2015-02-04,10.2,23.52,9.82,15.96,319588
2015-02-05,16.62,16.74,12.48,13.32,52310
2015-02-06,14.04,14.04,12.48,12.6,20632
2015-02-09,13.5,13.5,11.34,11.46,13199
2015-02-10,11.4,11.94,10.5,10.62,6451
2015-02-11,10.68,10.8,10.5,10.68,7972
2015-02-12,11.7,12.0,10.62,11.64,8707
2015-02-13,11.4,11.93,10.8,10.92,2832
2015-02-17,11.16,11.16,10.5,10.56,8076
2015-02-18,10.5,11.82,10.5,10.85,4330
2015-02-19,10.62,11.7,10.62,10.86,398
2015-02-20,10.92,11.04,10.62,10.78,826
2015-02-23,10.98,11.7,10.86,10.98,2549
2015-02-24,11.1,11.1,10.8,10.87,820
2015-02-25,10.62,11.76,10.5,10.56,1496
2015-02-26,10.5,10.5,9.9,10.32,2224
2015-02-27,9.66,10.68,9.66,10.68,2390
2015-03-02,9.76,9.98,9.66,9.79,254
2015-03-03,9.78,10.38,9.66,10.38,858
2015-03-04,10.68,10.86,10.02,10.02,1602
2015-03-05,10.26,11.1,10.26,10.74,3381
2015-03-06,10.14,10.68,9.6,10.68,2201
2015-03-09,10.32,10.5,10.32,10.38,658
2015-03-10,10.74,10.74,9.96,10.44,851
2015-03-11,11.1,11.1,9.96,10.02,515
2015-03-12,10.08,10.08,9.91,9.91,676
2015-03-13,10.08,11.04,10.08,10.32,708
2015-03-16,9.48,10.19,9.48,10.19,787
2015-03-17,9.59,9.9,9.59,9.9,168
2015-03-18,9.6,9.6,9.3,9.36,2472
2015-03-19,9.3,10.14,9.3,10.08,3252
2015-03-20,9.9,10.2,9.9,9.9,831
2015-03-23,9.9,10.29,9.9,10.02,282
2015-03-24,9.6,9.89,9.6,9.84,119
2015-03-25,9.84,9.84,9.84,9.84,106
2015-03-26,9.72,10.08,9.72,10.08,600
2015-03-27,9.9,9.9,9.9,9.9,47
2015-03-30,9.36,9.6,9.36,9.6,283
2015-03-31,9.83,9.9,9.6,9.6,1624
2015-04-01,9.6,10.5,9.6,10.5,1271
2015-04-06,9.9,11.34,9.9,10.38,735
2015-04-07,10.8,11.7,10.72,11.34,3644
2015-04-08,11.1,11.1,10.56,10.56,1676
2015-04-09,10.2,10.98,10.14,10.98,1474
2015-04-10,10.8,10.8,10.73,10.73,868
2015-04-13,10.42,10.8,10.42,10.8,1983
2015-04-14,10.29,11.7,10.28,11.04,1702
2015-04-15,11.4,11.4,11.25,11.4,266
2015-04-16,10.8,10.8,10.8,10.8,34
2015-04-17,11.04,11.04,11.04,11.04,144
2015-04-20,10.86,10.86,10.2,10.32,1952
2015-04-21,10.2,10.5,10.2,10.5,13382
2015-04-22,10.26,10.98,10.26,10.44,14491
2015-04-23,10.56,11.64,10.2,11.22,13289
2015-04-24,11.4,11.4,10.44,10.56,5104
2015-04-27,10.38,11.16,10.38,10.77,8252
2015-04-28,10.44,11.82,10.44,10.8,11960
2015-04-29,10.8,11.22,10.62,10.62,1952
2015-04-30,10.62,10.62,10.62,10.62,70
2015-05-01,10.62,10.62,10.38,10.38,83
2015-05-04,10.2,10.74,10.2,10.74,233
2015-05-05,10.38,11.28,10.38,10.38,1022
2015-05-06,10.61,10.61,10.38,10.38,26651
2015-05-07,8.7,8.7,7.5,7.56,19581
2015-05-08,8.4,8.4,8.1,8.28,8540
2015-05-11,7.8,8.22,7.8,7.8,1220
2015-05-12,7.74,7.74,6.18,6.51,17114
2015-05-13,6.84,17.58,6.84,15.78,988699
2015-05-14,14.1,15.18,10.98,11.94,256386
2015-05-15,10.8,11.94,10.68,11.58,58031
2015-05-18,11.04,13.92,11.04,12.3,94228
2015-05-19,12.84,12.84,11.4,11.64,27724
2015-05-20,11.16,11.94,10.63,11.04,18930
2015-05-21,10.92,11.52,10.56,10.62,12207
2015-05-22,10.68,10.8,9.18,9.6,11809
2015-05-26,9.36,9.36,8.82,9.12,7120
2015-05-27,9.18,13.5,9.12,12.12,87809
2015-05-28,15.06,35.04,14.1,25.8,4656447
2015-05-29,23.46,26.1,19.8,22.08,673207
2015-06-01,18.78,22.68,18.66,21.0,218471
2015-06-02,22.2,23.46,20.4,21.03,308393
2015-06-03,20.46,25.02,20.46,23.81,464922
2015-06-04,23.7,25.02,21.84,22.32,177200
2015-06-05,22.68,24.78,22.26,23.82,95367
2015-06-08,24.54,29.64,23.4,28.08,293410
2015-06-09,27.84,30.24,25.32,27.66,254954
2015-06-10,28.14,29.28,27.18,28.32,91154
2015-06-11,29.04,33.12,27.3,32.34,243704
2015-06-12,32.64,33.92,29.16,29.88,91802
2015-06-15,30.0,30.06,27.54,28.14,30540
2015-06-16,27.06,28.08,24.9,25.68,49910
2015-06-17,26.22,26.34,24.61,25.74,13138
2015-06-18,25.56,27.0,22.14,23.4,40564
2015-06-19,24.48,24.48,22.44,23.46,13854
2015-06-22,23.46,23.46,21.12,21.12,25337
2015-06-23,22.38,22.38,20.28,20.82,16026
2015-06-24,21.06,21.54,19.36,19.8,26585
2015-06-25,20.4,22.08,20.34,21.72,80708
2015-06-26,22.38,22.38,19.8,20.22,47714
2015-06-29,20.1,20.4,17.82,17.88,34621
2015-06-30,18.24,21.12,18.24,18.9,36805
2015-07-01,18.9,20.04,18.3,18.54,14658
2015-07-02,18.36,18.36,17.76,18.18,6710
2015-07-06,17.94,17.94,16.62,17.04,11297
2015-07-07,17.46,17.46,15.9,16.92,24190
2015-07-08,17.76,17.82,15.66,15.78,12944
2015-07-09,15.96,16.44,15.54,15.72,16588
2015-07-10,15.9,16.38,15.72,16.2,12689
2015-07-13,16.08,19.14,16.08,16.86,33389
2015-07-14,17.7,18.48,16.32,16.44,36334
2015-07-15,16.68,16.92,15.25,15.36,14480
2015-07-16,15.54,16.5,15.24,16.02,16844
2015-07-17,16.56,16.56,15.24,15.72,6902
2015-07-20,16.2,16.26,15.12,15.42,10372
2015-07-21,15.24,15.42,15.0,15.36,5890
2015-07-22,15.54,16.2,15.24,15.36,12404
2015-07-23,16.44,17.1,15.0,15.0,30723
2015-07-24,15.0,15.12,13.5,13.5,12691
2015-07-27,13.68,14.52,13.68,13.68,7999
2015-07-28,13.8,13.8,12.48,12.6,10877
2015-07-29,12.36,12.9,12.3,12.42,11682
2015-07-30,13.8,13.8,12.96,13.38,12509
2015-07-31,13.62,13.8,12.84,12.96,9934
2015-08-03,12.96,13.37,12.3,12.6,4061
2015-08-04,13.03,16.08,12.6,13.5,94612
2015-08-05,9.84,10.02,8.82,9.24,143016
2015-08-06,9.48,9.48,7.8,8.1,49410
2015-08-07,8.17,9.24,8.16,8.88,39350
2015-08-10,9.3,9.54,8.88,9.18,59525
2015-08-11,9.36,9.36,8.28,8.7,19348
2015-08-12,8.46,8.46,7.74,8.28,18332
2015-08-13,13.56,14.4,9.66,10.08,1388944
2015-08-14,9.6,9.72,8.46,8.82,118641
2015-08-17,8.58,10.08,8.1,8.46,182784
2015-08-18,9.0,9.18,8.34,8.46,70272
2015-08-19,8.4,8.88,8.1,8.46,56677
2015-08-20,9.6,9.78,8.46,8.7,136550
2015-08-21,8.7,8.7,7.75,8.1,38442
2015-08-24,7.38,7.98,6.66,7.38,44192
2015-08-25,7.8,8.58,7.8,8.4,32508
2015-08-26,8.76,8.76,7.87,8.1,18326
2015-08-27,8.22,8.58,7.68,7.8,25677
2015-08-28,7.8,8.22,7.8,7.98,12804
2015-08-31,7.92,8.22,7.8,7.86,9810
2015-09-01,7.98,8.57,7.98,8.1,16589
2015-09-02,7.92,10.8,7.26,9.6,119040
2015-09-03,9.6,10.14,8.1,8.1,136079
2015-09-04,8.1,8.7,8.1,8.52,8659
2015-09-08,8.46,9.0,8.22,8.58,13354
2015-09-09,8.64,8.94,8.64,8.7,15488
2015-09-10,8.7,9.0,8.7,8.7,21799
2015-09-11,8.7,8.88,8.28,8.52,11730
2015-09-14,8.52,8.52,8.16,8.16,5915
2015-09-15,8.88,9.18,8.22,8.22,16564
2015-09-16,8.22,8.46,7.86,7.98,10836
2015-09-17,7.98,8.82,7.98,8.22,22027
2015-09-18,8.22,8.64,7.98,8.58,33110
2015-09-21,8.76,8.76,8.4,8.52,15873
2015-09-22,9.0,9.12,8.34,8.4,43094
2015-09-23,8.58,8.58,7.8,8.1,15673
2015-09-24,8.16,8.46,7.56,7.74,30509
2015-09-25,7.68,7.86,7.02,7.32,67970
2015-09-28,7.38,7.38,6.9,7.2,9930
2015-09-29,7.08,7.33,7.02,7.14,4725
2015-09-30,7.26,7.8,6.9,6.9,9174
2015-10-01,7.02,7.26,6.54,6.72,36199
2015-10-02,6.78,6.78,6.48,6.72,13704
2015-10-05,6.66,7.02,6.54,6.96,4814
2015-10-06,6.75,7.44,6.72,7.14,6936
2015-10-07,7.2,7.32,6.78,7.14,6858
2015-10-08,7.2,7.68,7.2,7.26,15598
2015-10-09,7.44,7.8,7.26,7.26,12808
2015-10-12,7.38,7.38,6.9,7.02,3775
2015-10-13,7.02,7.68,7.02,7.08,12807
2015-10-14,7.2,7.56,7.08,7.08,5991
2015-10-15,7.2,7.2,6.06,6.66,18997
2015-10-16,6.78,7.14,6.66,6.96,2572
2015-10-19,6.77,6.9,6.66,6.72,2368
2015-10-20,6.66,6.96,6.54,6.72,4306
2015-10-21,6.78,6.78,6.3,6.36,8296
2015-10-22,6.36,6.72,6.3,6.48,9293
2015-10-23,6.45,6.54,6.42,6.42,2926
2015-10-26,6.42,6.6,6.42,6.54,9520
2015-10-27,6.6,6.84,6.3,6.3,11743
2015-10-28,6.3,6.54,5.88,6.12,24058
2015-10-29,6.3,9.72,6.21,8.09,776209
2015-10-30,8.28,8.52,7.32,7.44,238380
2015-11-02,7.8,7.8,7.02,7.2,28799
2015-11-03,7.56,7.56,6.72,7.14,31690
2015-11-04,6.96,7.2,6.9,7.02,13791
2015-11-05,6.9,7.14,6.9,7.02,11034
2015-11-06,6.9,7.02,6.72,6.84,35728
2015-11-09,6.72,7.62,6.72,7.5,14644
2015-11-10,7.38,7.44,6.84,7.26,19871
2015-11-11,7.38,7.92,7.32,7.44,26599
2015-11-12,7.5,7.86,7.02,7.44,17610
2015-11-13,7.5,7.86,7.5,7.74,20810
2015-11-16,7.38,7.74,6.14,6.42,48415
2015-11-17,6.44,6.72,6.12,6.24,11467
2015-11-18,6.36,6.54,6.18,6.54,9615
2015-11-19,6.54,6.6,5.94,6.3,35226
2015-11-20,6.42,6.42,5.94,6.37,28974
2015-11-23,6.18,6.18,6.0,6.12,8959
2015-11-24,6.12,6.27,5.4,5.71,13981
2015-11-25,6.66,8.4,6.42,6.54,210401
2015-11-27,6.66,7.02,6.18,6.3,25015
2015-11-30,7.14,7.32,6.36,6.48,34052
2015-12-01,6.6,6.9,6.3,6.78,18690
2015-12-02,7.2,7.2,6.32,6.72,12881
2015-12-03,6.6,6.78,6.3,6.42,9526
2015-12-04,6.42,6.42,6.24,6.42,20518
2015-12-07,6.24,6.42,6.0,6.0,17658
2015-12-08,6.02,6.3,6.0,6.06,12748
2015-12-09,7.2,8.34,6.3,6.3,329947
2015-12-10,6.18,6.42,6.06,6.42,17507
2015-12-11,6.36,6.54,6.06,6.36,20628
2015-12-14,6.12,6.36,5.76,6.12,21670
2015-12-15,5.94,6.18,5.76,5.97,15961
2015-12-16,5.82,6.06,5.77,5.94,2915
2015-12-17,5.7,5.88,5.7,5.76,15545
2015-12-18,5.87,6.48,5.72,5.82,35102
2015-12-21,6.06,6.3,6.0,6.0,9057
2015-12-22,6.0,6.08,5.7,6.0,15665
2015-12-23,5.92,6.24,5.92,6.19,4756
2015-12-24,6.05,6.72,6.05,6.61,12716
2015-12-28,6.96,6.96,6.3,6.36,10074
2015-12-29,6.66,6.9,5.94,6.12,27419
2015-12-30,7.38,9.3,7.02,7.62,1172258
2015-12-31,7.98,7.98,6.24,6.96,129074
2016-01-04,6.42,6.9,6.24,6.9,54425
2016-01-05,7.02,7.02,6.3,6.66,48428
2016-01-06,6.36,6.6,6.3,6.54,27159
2016-01-07,6.3,6.34,6.0,6.18,66876
2016-01-08,6.18,6.46,6.0,6.18,24047
2016-01-11,6.18,6.36,5.99,6.06,8311
2016-01-12,6.72,6.9,6.0,6.0,49207
2016-01-13,6.3,6.39,6.12,6.12,11988
2016-01-14,6.36,6.54,6.06,6.18,15517
2016-01-15,6.12,6.12,5.76,5.76,35653
2016-01-19,5.76,6.0,5.52,5.53,15053
2016-01-20,5.4,5.4,4.86,5.04,15550
2016-01-21,4.74,5.6,4.74,5.1,8056
2016-01-22,5.1,5.33,5.1,5.16,6380
2016-01-25,5.17,5.46,5.16,5.22,4530
2016-01-26,5.16,5.4,5.16,5.28,3978
2016-01-27,5.16,5.4,4.98,5.16,5483
2016-01-28,6.0,6.0,5.28,5.45,24903
2016-01-29,5.46,5.69,5.07,5.46,11579
2016-02-01,5.7,5.76,5.46,5.74,5700
2016-02-02,5.76,5.76,5.46,5.46,5535
2016-02-03,5.52,5.52,5.16,5.46,9122
2016-02-04,5.56,5.56,5.46,5.46,3074
2016-02-05,5.52,5.64,5.46,5.64,6279
2016-02-08,5.34,5.52,5.34,5.34,6975
2016-02-09,5.7,5.7,5.22,5.34,8620
2016-02-10,5.82,5.82,5.16,5.16,5444
2016-02-11,5.16,5.4,4.86,4.98,8341
2016-02-12,5.1,5.28,4.86,5.28,2390
2016-02-16,5.34,5.34,4.92,5.1,4942
2016-02-17,5.16,5.32,4.92,5.1,4550
2016-02-18,5.1,5.1,4.92,5.04,2537
2016-02-19,5.04,5.3,5.04,5.04,2851
2016-02-22,5.1,5.16,5.1,5.1,5783
2016-02-23,5.1,5.1,4.98,5.09,1090
2016-02-24,4.98,5.1,4.92,5.1,11717
2016-02-25,5.1,5.1,4.97,5.04,557
2016-02-26,5.04,5.22,4.92,5.22,8600
2016-02-29,5.1,5.22,5.07,5.22,1492
2016-03-01,5.22,5.4,5.04,5.34,8385
2016-03-02,5.81,6.3,5.34,6.06,18646
2016-03-03,6.3,6.3,5.59,5.7,5120
2016-03-04,5.58,5.7,5.52,5.64,2501
2016-03-07,5.76,5.76,5.46,5.7,3054
2016-03-08,5.7,5.7,5.4,5.4,2577
2016-03-09,5.64,5.7,5.34,5.34,7410
2016-03-10,5.58,5.58,5.22,5.34,3654
2016-03-11,5.47,5.52,4.97,5.46,2113
2016-03-14,5.4,5.46,5.23,5.46,1900
2016-03-15,5.34,5.49,5.28,5.46,982
2016-03-16,5.3,5.46,5.28,5.46,646
2016-03-17,5.4,5.46,5.16,5.46,1360
2016-03-18,5.46,5.46,5.16,5.38,2238
2016-03-21,5.7,5.7,4.92,5.52,5804
2016-03-22,5.52,5.69,5.34,5.52,2899
2016-03-23,5.23,5.46,5.16,5.34,783
2016-03-24,5.16,5.4,5.16,5.22,1258
2016-03-28,5.22,5.4,5.16,5.16,3158
2016-03-29,5.16,5.4,4.92,4.95,27571
2016-03-30,4.98,5.23,4.92,5.1,2038
2016-03-31,5.1,5.1,4.92,4.98,4429
2016-04-01,4.5,5.04,3.73,4.92,24536
2016-04-04,5.1,5.1,4.5,4.56,2479
2016-04-05,4.32,4.68,3.96,4.14,6369
2016-04-06,4.57,4.57,4.16,4.5,1925
2016-04-07,4.5,4.5,4.08,4.08,9634
2016-04-08,4.08,4.28,4.08,4.08,2334
2016-04-11,3.96,4.2,3.66,3.96,5544
2016-04-12,3.78,4.38,3.78,4.2,3282
2016-04-13,4.08,4.26,4.08,4.2,3865
2016-04-14,4.2,4.26,3.88,4.2,5139
2016-04-15,4.26,4.26,4.08,4.14,2174
2016-04-18,4.26,5.1,3.9,4.74,17204
2016-04-19,5.04,5.04,4.2,4.36,7884
2016-04-20,4.8,4.8,4.2,4.73,7916
2016-04-21,4.8,4.8,4.2,4.62,9241
2016-04-22,4.8,4.8,4.2,4.62,4187
2016-04-25,4.5,4.8,4.26,4.26,8918
2016-04-26,4.47,4.68,4.08,4.44,12192
2016-04-27,4.38,4.68,4.14,4.38,9197
2016-04-28,4.38,4.51,4.2,4.2,6852
2016-04-29,4.08,4.5,4.08,4.14,12531
2016-05-02,4.2,4.51,4.2,4.26,7001
2016-05-03,4.62,4.74,4.2,4.57,11705
2016-05-04,4.38,4.74,4.32,4.32,7885
2016-05-05,4.74,4.74,4.27,4.56,2638
2016-05-06,4.68,4.74,4.26,4.62,6826
2016-05-09,4.62,4.74,4.62,4.74,4028
2016-05-10,4.8,4.8,4.38,4.38,3793
2016-05-11,4.51,4.68,4.38,4.62,1600
2016-05-12,4.74,4.74,4.44,4.56,5682
2016-05-13,4.67,4.67,4.39,4.56,1098
2016-05-16,4.62,4.62,4.32,4.44,4993
2016-05-17,4.5,4.5,4.26,4.5,1907
2016-05-18,4.44,4.62,4.32,4.56,7887
2016-05-19,4.62,4.62,4.32,4.33,1393
2016-05-20,4.38,4.56,4.14,4.32,3927
2016-05-23,4.56,4.62,4.32,4.55,1595
2016-05-24,4.5,4.5,4.47,4.5,554
2016-05-25,4.5,4.56,4.38,4.5,1215
2016-05-26,4.5,4.5,4.33,4.5,2849
2016-05-27,4.37,4.5,4.32,4.32,2255
2016-05-31,4.32,4.49,4.2,4.26,3196
2016-06-01,4.39,4.46,4.14,4.14,1875
2016-06-02,4.14,4.31,3.96,3.96,3281
2016-06-03,3.96,4.32,3.96,4.14,1461
2016-06-06,4.2,4.2,3.72,3.72,4596
2016-06-07,4.2,4.2,3.78,3.84,4166
2016-06-08,4.14,4.14,3.9,4.0,2220
2016-06-09,3.9,4.02,3.9,4.01,519
2016-06-10,4.08,4.14,3.75,3.94,1225
2016-06-13,3.78,4.08,3.78,4.02,888
2016-06-14,3.87,3.96,3.78,3.89,256
2016-06-15,3.81,4.14,3.72,4.14,4652
2016-06-16,4.2,4.35,4.02,4.25,9730
2016-06-17,4.26,4.51,4.26,4.5,7132
2016-06-20,4.56,4.59,4.41,4.56,5547
2016-06-21,4.56,4.77,4.56,4.74,4495
2016-06-22,4.75,4.75,4.74,4.75,154
2016-06-23,4.8,4.8,4.3,4.59,4560
2016-06-24,4.59,4.59,3.78,4.26,1495
2016-06-27,4.53,4.59,3.97,4.2,677
2016-06-28,4.38,4.5,4.32,4.43,1488
2016-06-29,4.5,4.68,4.44,4.45,3753
2016-06-30,4.73,4.74,4.5,4.56,3227
2016-07-01,4.6,4.8,4.56,4.71,3586
2016-07-05,4.74,4.92,4.5,4.8,5863
2016-07-06,4.8,4.8,4.62,4.8,1580
2016-07-07,4.92,5.15,4.68,4.97,10652
2016-07-08,5.04,5.4,5.04,5.31,7894
2016-07-11,5.31,5.32,4.98,4.98,854
2016-07-12,5.28,5.34,5.01,5.34,8381
2016-07-13,5.34,5.4,5.1,5.4,2521
2016-07-14,5.4,7.63,4.62,4.74,475432
2016-07-15,4.98,5.31,4.8,4.97,26504
2016-07-18,4.89,5.07,4.3,4.86,15721
2016-07-19,4.92,4.92,4.44,4.68,13693
2016-07-20,4.3,4.92,4.3,4.5,11030
2016-07-21,4.86,4.86,4.44,4.68,7930
2016-07-22,4.8,4.98,4.5,4.92,12670
2016-07-25,5.72,7.14,4.98,5.55,320178
2016-07-26,5.52,6.6,5.22,5.56,250580
2016-07-27,5.7,5.84,5.28,5.47,45407
2016-07-28,5.4,5.4,4.8,4.99,30191
2016-07-29,5.16,5.16,4.34,4.56,14467
2016-08-01,4.73,4.86,4.35,4.38,9595
2016-08-02,4.38,4.62,4.38,4.53,3712
2016-08-03,4.5,4.5,4.32,4.48,11148
2016-08-04,4.48,4.52,4.44,4.5,6339
2016-08-05,4.38,4.5,4.38,4.45,4036
2016-08-08,4.51,4.56,4.45,4.5,9101
2016-08-09,4.5,4.52,4.4,4.44,3160
2016-08-10,4.32,4.43,4.02,4.08,15202
2016-08-11,4.2,4.2,3.93,3.94,5194
2016-08-12,3.94,4.45,3.84,4.44,29736
2016-08-15,4.44,4.98,3.91,4.8,35709
2016-08-16,4.8,4.8,4.14,4.5,3387
2016-08-17,4.38,4.77,4.26,4.44,4536
2016-08-18,4.32,5.04,4.32,4.44,31648
2016-08-19,4.69,4.8,4.38,4.68,9133
2016-08-22,4.8,4.98,4.38,4.62,8127
2016-08-23,4.8,4.98,4.39,4.4,12442
2016-08-24,4.38,4.62,4.38,4.51,1812
2016-08-25,4.44,4.72,4.44,4.44,3226
2016-08-26,5.1,5.4,4.46,4.62,93287
2016-08-29,4.79,4.79,4.38,4.44,12777
2016-08-30,4.44,4.98,4.43,4.54,8660
2016-08-31,4.53,4.55,4.14,4.14,4236
2016-09-01,4.5,4.61,4.08,4.33,13435
2016-09-02,4.08,4.38,4.08,4.2,2163
2016-09-06,4.38,4.49,4.11,4.34,769
2016-09-07,4.2,4.34,3.9,3.96,13204
2016-09-08,4.08,4.19,3.9,4.08,3752
2016-09-09,4.2,4.2,3.99,3.99,5617
2016-09-12,4.02,4.17,3.96,4.17,21443
2016-09-13,4.13,4.52,3.9,4.5,33289
2016-09-14,4.52,4.56,4.14,4.5,6339
2016-09-15,4.62,4.74,4.32,4.56,16980
2016-09-16,4.82,5.17,3.84,3.84,70232
2016-09-19,4.2,4.2,3.72,3.72,10214
2016-09-20,4.02,4.08,3.78,3.9,12936
2016-09-21,4.08,4.08,3.84,3.9,3916
2016-09-22,4.2,4.32,3.84,3.9,18302
2016-09-23,3.9,4.1,3.84,3.84,9736
2016-09-26,3.87,3.87,3.43,3.78,30829
2016-09-27,3.6,3.84,3.42,3.48,18264
2016-09-28,3.57,3.72,3.13,3.49,21603
2016-09-29,3.3,3.6,3.24,3.48,22749
2016-09-30,3.3,3.42,3.18,3.24,10910
2016-10-03,3.3,3.58,3.3,3.53,7119
2016-10-04,3.28,3.48,3.27,3.39,11189
2016-10-05,3.48,3.9,3.18,3.18,44592
2016-10-06,3.32,3.78,3.2,3.27,10812
2016-10-07,3.24,3.27,3.06,3.22,4609
2016-10-10,3.42,3.42,3.18,3.21,1170
2016-10-11,3.06,3.24,3.06,3.13,2372
2016-10-12,3.06,3.18,3.0,3.12,2998
2016-10-13,2.94,3.18,2.94,2.94,4199
2016-10-14,3.04,3.04,2.54,2.76,11380
2016-10-17,2.94,2.94,2.59,2.88,2001
2016-10-18,2.94,2.94,2.64,2.82,2496
2016-10-19,2.64,2.76,2.34,2.59,10606
2016-10-20,2.64,2.82,2.64,2.64,3957
2016-10-21,2.64,2.76,2.64,2.76,10891
2016-10-24,2.88,2.88,2.46,2.62,9222
2016-10-25,2.52,2.52,2.22,2.28,9299
2016-10-26,2.31,2.34,1.76,1.86,19076
2016-10-27,1.96,2.16,1.96,2.1,4689
2016-10-28,2.1,2.14,2.04,2.14,989
2016-10-31,2.24,2.34,2.16,2.21,4161
2016-11-01,2.1,2.16,2.1,2.1,1289
2016-11-02,2.22,2.22,2.1,2.19,4432
2016-11-03,2.16,2.28,1.8,2.15,5789
2016-11-04,2.26,2.26,1.74,1.8,22370
2016-11-07,1.89,1.98,1.38,1.7,15698
2016-11-08,1.56,1.79,1.56,1.67,1735
2016-11-09,1.56,1.66,1.44,1.56,6267
2016-11-10,1.42,1.67,1.41,1.55,2424
2016-11-11,1.3,1.61,1.3,1.61,10581
2016-11-14,1.53,1.65,1.5,1.62,3138
2016-11-15,1.56,1.73,1.44,1.72,6529
2016-11-16,1.8,1.8,1.74,1.8,4356
2016-11-17,1.8,1.8,1.74,1.8,4714
2016-11-18,1.8,1.8,1.56,1.68,951
2016-11-21,1.68,1.98,1.68,1.8,89727
2016-11-22,1.8,1.92,1.8,1.81,20095
2016-11-23,1.9,1.91,1.8,1.8,6861
2016-11-25,1.88,1.88,1.8,1.86,1636
2016-11-28,1.88,2.51,1.58,1.62,123814
2016-11-29,1.5,1.84,1.5,1.68,14450
2016-11-30,1.92,1.97,1.56,1.77,16884
2016-12-01,1.83,2.08,1.74,2.02,12416
2016-12-02,2.08,2.1,1.94,1.98,3831
2016-12-05,2.08,2.1,1.68,1.76,9880
2016-12-06,2.1,2.1,1.78,1.8,9334
2016-12-07,1.89,1.89,1.8,1.8,3295
2016-12-08,1.74,2.64,1.68,2.4,120851
2016-12-09,2.52,3.12,2.1,2.39,90577
2016-12-12,2.39,2.7,2.11,2.18,23718
2016-12-13,2.22,2.46,2.22,2.4,16459
2016-12-14,2.4,2.52,2.1,2.16,23692
2016-12-15,2.22,2.22,2.1,2.11,13711
2016-12-16,2.1,2.2,2.1,2.1,5405
2016-12-19,2.1,2.16,2.1,2.11,4469
2016-12-20,2.1,2.22,1.92,2.02,21057
2016-12-21,2.09,2.09,1.86,1.96,3747
2016-12-22,2.03,2.03,1.86,1.97,3911
2016-12-23,1.98,2.01,1.86,1.86,1244
2016-12-27,1.86,2.02,1.86,1.86,5146
2016-12-28,1.86,2.2,1.86,1.99,1761
2016-12-29,2.08,2.08,1.92,1.93,1070
2016-12-30,2.08,2.08,1.8,1.8,12453
2017-01-03,1.8,1.8,1.51,1.62,13551
2017-01-04,1.68,1.68,1.56,1.62,3672
2017-01-05,1.62,1.66,1.62,1.63,2355
2017-01-06,1.68,1.68,1.5,1.68,3786
2017-01-09,1.8,1.8,1.62,1.62,4518
2017-01-10,1.5,1.68,1.44,1.5,10286
2017-01-11,1.56,1.56,1.5,1.53,3118
2017-01-12,1.61,1.86,1.61,1.8,7084
2017-01-13,1.8,1.98,1.78,1.86,9418
2017-01-17,1.95,2.08,1.92,1.98,7126
2017-01-18,1.88,1.98,1.86,1.86,832
2017-01-19,2.01,2.01,1.8,1.8,6966
2017-01-20,1.99,2.01,1.83,1.98,2140
2017-01-23,2.08,2.08,1.68,1.98,9989
2017-01-24,1.8,1.98,1.68,1.68,1961
2017-01-25,1.8,2.03,1.74,1.8,80806
2017-01-26,1.8,1.98,1.69,1.77,19621
2017-01-27,1.77,1.86,1.77,1.86,1381
2017-01-30,1.95,1.95,1.68,1.8,3974
2017-01-31,1.86,1.86,1.74,1.85,10276
2017-02-01,1.8,1.82,1.5,1.74,3561
2017-02-02,1.83,2.63,1.62,1.8,124702
2017-02-03,1.92,1.92,1.62,1.71,30385
2017-02-06,2.13,2.13,1.7,1.79,14145
2017-02-07,1.75,1.84,1.69,1.74,8481
2017-02-08,1.74,1.74,1.68,1.74,3298
2017-02-09,1.74,1.79,1.62,1.74,4515
2017-02-10,1.68,1.74,1.68,1.74,2628
2017-02-13,1.74,1.8,1.7,1.7,3114
2017-02-14,1.7,2.08,1.68,1.74,105709
2017-02-15,1.8,1.8,1.68,1.74,18742
2017-02-16,1.74,1.74,1.68,1.69,3127
2017-02-17,1.69,1.78,1.68,1.77,16886
2017-02-21,1.74,1.92,1.74,1.85,50098
2017-02-22,1.86,2.1,1.77,2.04,29682
2017-02-23,2.04,2.04,1.77,1.95,23292
2017-02-24,1.95,2.1,1.86,2.04,41516
2017-02-27,2.04,2.24,2.0,2.1,37230
2017-02-28,2.1,2.19,1.92,1.92,11758
2017-03-01,2.02,2.02,1.77,1.8,9486
2017-03-02,1.8,1.86,1.68,1.8,16498
2017-03-03,1.8,1.83,1.68,1.75,11478
2017-03-06,1.83,1.83,1.68,1.8,6154
2017-03-07,1.77,1.77,1.62,1.72,15495
2017-03-08,1.62,1.73,1.62,1.7,7247
2017-03-09,1.73,1.73,1.62,1.68,6400
2017-03-10,1.69,1.77,1.68,1.74,6861
2017-03-13,1.76,1.77,1.7,1.74,3221
2017-03-14,1.76,1.77,1.7,1.74,969
2017-03-15,1.71,1.8,1.68,1.74,12292
2017-03-16,1.68,1.72,1.62,1.65,9792
2017-03-17,1.68,1.71,1.62,1.62,3178
2017-03-20,1.67,1.67,1.62,1.66,4073
2017-03-21,1.64,1.66,1.62,1.62,1766
2017-03-22,1.62,1.64,1.6,1.6,1589
2017-03-23,1.58,1.66,1.57,1.6,10181
2017-03-24,1.66,1.66,1.6,1.63,5792
2017-03-27,1.68,1.74,1.62,1.67,6243
2017-03-28,1.68,1.71,1.66,1.68,2342
2017-03-29,1.71,1.71,1.62,1.65,3293
2017-03-30,1.73,1.73,1.62,1.68,6025
2017-03-31,1.7,1.8,1.63,1.73,42531
2017-04-03,1.8,1.8,1.62,1.66,4916
2017-04-04,1.71,2.52,1.64,2.4,388045
2017-04-05,2.33,2.4,1.92,1.92,172192
2017-04-06,2.02,2.02,1.69,1.74,65333
2017-04-07,1.68,1.92,1.68,1.77,12475
2017-04-10,1.8,1.8,1.68,1.68,18427
2017-04-11,1.74,1.74,1.64,1.64,18128
2017-04-12,1.86,1.86,1.62,1.7,10496
2017-04-13,1.72,1.74,1.64,1.69,15994
2017-04-17,1.68,1.72,1.68,1.68,4697
2017-04-18,1.68,1.68,1.62,1.62,13934
2017-04-19,1.62,1.64,1.62,1.63,4631
2017-04-20,1.63,1.68,1.62,1.62,3328
2017-04-21,1.62,1.68,1.62,1.63,2240
2017-04-24,1.74,1.74,1.62,1.63,3944
2017-04-25,1.74,1.74,1.63,1.7,1885
2017-04-26,1.66,1.7,1.62,1.7,5042
2017-04-27,1.62,1.8,1.62,1.74,10453
2017-04-28,1.5,1.87,1.26,1.57,84853
2017-05-01,1.73,2.82,1.69,1.83,1661761
2017-05-02,1.84,2.4,1.78,2.08,685688
2017-05-03,1.82,2.05,1.82,2.03,162646
2017-05-04,2.1,2.26,1.99,2.19,401476
2017-05-05,2.16,2.57,2.1,2.24,541207
2017-05-08,2.29,2.29,2.01,2.21,159595
2017-05-09,2.18,2.2,2.12,2.15,60954
2017-05-10,2.21,2.21,1.9,2.06,95875
2017-05-11,2.04,2.17,1.42,1.5,436140
2017-05-12,1.49,1.5,1.12,1.24,325209
2017-05-15,1.2,1.21,0.86,0.97,229262
2017-05-16,0.97,1.28,0.91,1.2,362708
2017-05-17,1.18,1.2,1.02,1.09,120733
2017-05-18,1.08,1.25,1.05,1.13,99753
2017-05-19,1.15,1.15,1.04,1.08,77478
2017-05-22,1.07,1.09,1.01,1.06,22447
2017-05-23,1.09,1.09,1.02,1.02,22942
2017-05-24,1.02,1.09,1.0,1.03,65666
2017-05-25,1.02,1.04,0.86,0.94,37769
2017-05-26,0.91,0.93,0.87,0.88,38206
2017-05-30,0.88,0.88,0.8,0.81,30053
2017-05-31,0.81,0.81,0.68,0.73,30022
2017-06-01,0.74,0.77,0.71,0.75,9525
2017-06-02,0.68,0.72,0.68,0.71,7999
2017-06-05,0.62,0.7,0.62,0.68,5927
2017-06-06,0.68,1.79,0.68,1.15,3244748
2017-06-07,1.07,1.1,0.93,0.99,393009
2017-06-08,1.05,1.5,1.03,1.28,1940009
2017-06-09,1.15,1.2,1.02,1.1,515147
2017-06-12,1.09,1.18,0.94,1.1,226361
2017-06-13,1.09,1.19,1.0,1.12,516990
2017-06-14,1.12,1.13,1.01,1.09,154336
2017-06-15,1.08,1.08,1.01,1.02,90009
2017-06-16,1.02,1.02,0.93,0.93,131976
2017-06-19,0.98,0.98,0.9,0.91,73267
2017-06-20,0.9,0.92,0.75,0.8,161085
2017-06-21,0.82,0.82,0.75,0.75,55060
2017-06-22,0.75,0.88,0.72,0.8,73496
2017-06-23,0.8,0.81,0.76,0.8,41044
2017-06-26,0.8,0.89,0.75,0.8,68631
2017-06-27,0.78,0.79,0.75,0.75,32203
2017-06-28,0.79,0.83,0.77,0.79,35213
2017-06-29,0.77,0.96,0.77,0.8,218739
2017-06-30,0.81,0.82,0.76,0.76,37321
2017-07-03,0.8,0.88,0.8,0.83,130390
2017-07-05,0.81,0.88,0.77,0.8,109796
2017-07-06,0.8,0.8,0.76,0.77,57733
2017-07-07,0.81,0.82,0.76,0.77,31068
2017-07-10,0.76,0.77,0.75,0.77,33695
2017-07-11,0.76,1.37,0.75,0.81,3076145
2017-07-12,0.83,0.9,0.78,0.84,155362
2017-07-13,0.8,0.85,0.79,0.8,82160
2017-07-14,0.84,0.84,0.79,0.8,74310
2017-07-17,0.8,0.86,0.79,0.83,121920
2017-07-18,0.82,1.12,0.82,0.88,777906
2017-07-19,0.8,0.88,0.75,0.77,344099
2017-07-20,0.81,0.81,0.74,0.75,108231
2017-07-21,0.75,0.79,0.73,0.76,91286
2017-07-24,0.76,0.77,0.71,0.71,73578
2017-07-25,0.72,0.75,0.69,0.72,88292
2017-07-26,0.71,0.72,0.67,0.69,72059
2017-07-27,0.69,0.74,0.69,0.71,64880
2017-07-28,0.73,0.79,0.7,0.79,41094
2017-07-31,0.8,0.81,0.75,0.75,60974
2017-08-01,0.78,0.78,0.75,0.78,57521
