Date,Open,High,Low,Close,Volume
2014-10-17,10.0,10.06,9.7,9.75,344913
2014-10-20,9.89,9.89,9.62,9.68,69057
2014-10-21,9.64,9.85,9.64,9.81,6310
2014-10-22,9.79,9.81,9.7,9.71,25772
2014-10-23,9.7,9.75,9.5,9.54,26954
2014-10-24,9.57,9.64,9.52,9.52,23650
2014-10-27,9.67,9.67,9.52,9.52,43466
2014-10-28,9.52,9.8,9.52,9.56,34673
2014-10-29,9.57,9.57,9.35,9.45,41925
2014-10-30,9.48,9.48,9.48,9.48,100
2014-10-31,9.37,9.5,9.37,9.49,30603
2014-11-03,9.49,9.5,9.49,9.5,7105
2014-11-04,9.5,9.62,9.5,9.5,9022
2014-11-05,9.55,9.7,9.55,9.65,26251
2014-11-06,9.68,9.69,9.6,9.6,1725
2014-11-07,9.6,9.63,9.6,9.6,8335
2014-11-10,9.62,9.66,9.6,9.61,34443
2014-11-11,9.64,9.64,9.62,9.63,18294
2014-11-12,9.63,9.63,9.6,9.62,18434
2014-11-13,9.63,9.63,9.6,9.63,88177
2014-11-14,9.63,9.65,9.63,9.65,21382
2014-11-17,9.65,9.65,9.63,9.63,17223
2014-11-18,9.63,9.7,9.63,9.68,31337
2014-11-19,9.67,9.67,9.65,9.65,10500
2014-11-20,9.65,9.67,9.64,9.65,13532
2014-11-21,9.66,9.68,9.66,9.68,12287
2014-11-24,9.67,9.68,9.67,9.68,22286
2014-11-25,9.67,9.69,9.64,9.68,25542
2014-11-26,9.67,9.68,9.65,9.65,5464
2014-11-28,9.65,9.66,9.65,9.66,2331
2014-12-01,9.65,9.66,9.65,9.66,5559
2014-12-02,9.64,9.66,9.64,9.64,25084
2014-12-03,9.64,9.64,9.63,9.63,3001
2014-12-04,9.64,9.64,9.63,9.63,1561
2014-12-05,9.63,9.68,9.63,9.68,10335
2014-12-08,9.7,9.77,9.7,9.7,14080
2014-12-09,9.77,9.77,9.67,9.72,16349
2014-12-10,9.72,9.78,9.72,9.78,35313
2014-12-11,9.7,9.78,9.7,9.78,754
2014-12-12,9.75,9.75,9.75,9.75,1225
2014-12-15,9.75,9.79,9.75,9.77,3848
2014-12-16,9.78,9.82,9.78,9.81,3410
2014-12-17,9.83,9.97,9.81,9.86,12252
2014-12-18,9.92,9.92,9.75,9.9,1263
2014-12-19,9.7,9.7,9.7,9.7,601
2014-12-22,9.77,9.86,9.77,9.8,574
2014-12-23,9.82,9.82,9.8,9.81,848
2014-12-29,9.81,9.81,9.81,9.81,151
2014-12-31,9.8,9.8,9.8,9.8,223
2015-01-02,9.8,9.89,9.8,9.8,2414
2015-01-05,9.9,9.9,9.85,9.9,44280
2015-01-06,9.9,9.9,9.9,9.9,921
2015-01-07,9.8,9.88,9.8,9.83,3100
2015-01-08,9.86,10.0,9.86,9.92,21000
2015-01-12,9.97,9.97,9.83,9.88,8801
2015-01-15,9.96,9.96,9.92,9.92,1811
2015-01-16,9.82,9.82,9.81,9.81,3620
2015-01-21,9.77,9.77,9.77,9.77,100
2015-01-22,9.77,9.77,9.77,9.77,550
2015-01-23,9.87,9.87,9.78,9.78,1776
2015-01-26,9.84,9.84,9.84,9.84,343
2015-01-27,9.78,9.88,9.78,9.85,9318
2015-01-28,9.85,9.85,9.85,9.85,1622
2015-01-29,9.86,9.89,9.85,9.85,25010
2015-01-30,9.89,9.9,9.88,9.88,2500
2015-02-02,9.85,9.85,9.67,9.67,12522
2015-02-03,9.89,9.9,9.77,9.9,7930
2015-02-04,9.9,9.9,9.9,9.9,110
2015-02-05,9.89,9.89,9.89,9.89,2500
2015-02-06,9.89,9.89,9.89,9.89,2135
2015-02-09,9.83,9.86,9.83,9.86,324
2015-02-11,9.89,9.89,9.89,9.89,800
2015-02-12,9.81,9.81,9.81,9.81,110
2015-02-13,9.87,9.87,9.87,9.87,123
2015-02-17,9.89,9.89,9.89,9.89,1000
2015-02-18,9.89,9.89,9.87,9.87,1778
2015-02-19,9.89,9.98,9.81,9.82,70004
2015-02-24,9.89,9.89,9.83,9.83,1030
2015-02-25,9.9,9.95,9.85,9.9,3338
2015-02-26,9.9,9.94,9.9,9.94,2266
2015-02-27,9.92,9.92,9.9,9.9,2354
2015-03-02,9.95,10.02,9.95,10.02,11223
2015-03-03,10.02,10.1,9.96,10.1,19867
2015-03-04,10.1,10.1,10.0,10.09,2391
2015-03-05,9.99,9.99,9.91,9.91,1102
2015-03-06,9.97,10.0,9.97,9.99,1251
2015-03-09,10.0,10.0,9.99,9.99,252
2015-03-10,9.92,9.98,9.92,9.92,2200
2015-03-11,9.95,9.95,9.95,9.95,205
2015-03-12,9.95,9.95,9.94,9.95,2700
2015-03-13,9.93,9.93,9.93,9.93,200
2015-03-16,9.95,9.95,9.92,9.93,800
2015-03-17,9.94,9.94,9.94,9.94,302
2015-03-18,9.95,9.95,9.95,9.95,554
2015-03-19,9.95,9.95,9.95,9.95,105
2015-03-20,9.95,9.95,9.93,9.93,321
2015-03-23,9.95,9.95,9.92,9.92,9307
2015-03-24,9.95,9.95,9.94,9.94,1174
2015-03-25,9.92,9.95,9.92,9.92,4799
2015-03-26,9.92,10.0,9.92,10.0,33909
2015-03-27,10.0,10.0,9.9,9.9,5499
2015-03-30,10.0,10.0,9.9,9.9,7012
2015-03-31,10.0,10.0,9.97,9.97,4374
2015-04-01,10.0,10.15,9.9,10.08,12973
2015-04-02,10.14,10.14,10.07,10.08,2950
2015-04-06,10.1,10.1,10.04,10.07,1350
2015-04-08,10.06,10.06,10.0,10.0,5971
2015-04-09,10.1,10.12,10.03,10.1,7582
2015-04-10,10.04,10.1,10.04,10.1,1602
2015-04-13,10.1,10.1,10.07,10.07,5353
2015-04-14,10.13,10.13,10.11,10.12,2127
2015-04-15,10.08,10.08,10.06,10.06,1200
2015-04-16,10.1,10.13,10.1,10.13,2493
2015-04-17,10.13,10.13,10.13,10.13,3263
2015-04-20,10.1,10.11,10.0,10.11,15342
2015-04-21,10.13,10.15,10.09,10.15,19752
2015-04-22,10.15,10.3,10.1,10.3,31422
2015-04-23,10.5,10.5,10.25,10.5,9981
2015-04-24,10.5,10.5,10.37,10.37,694
2015-04-27,10.28,10.28,10.05,10.24,12021
2015-04-28,10.07,10.23,10.06,10.23,14201
2015-04-29,10.1,10.33,10.1,10.2,4383
2015-04-30,10.31,10.5,10.2,10.5,64978
2015-05-01,10.77,10.79,10.73,10.79,4709
2015-05-04,10.79,11.1,10.79,11.1,6854
2015-05-05,11.0,11.17,11.0,11.02,12969
2015-05-06,11.17,11.19,11.05,11.09,4002
2015-05-07,11.19,11.19,11.19,11.19,837
2015-05-08,11.21,11.21,11.21,11.21,800
2015-05-11,11.21,11.21,11.17,11.19,3501
2015-05-12,11.19,11.25,11.18,11.25,2995
2015-05-13,11.21,11.25,11.2,11.25,7471
2015-05-14,11.25,11.25,11.2,11.25,1611
2015-05-15,11.25,11.25,11.11,11.25,3868
2015-05-18,11.25,11.25,11.22,11.22,2555
2015-05-19,11.25,11.25,11.23,11.25,1900
2015-05-20,11.25,11.25,11.02,11.12,5501
2015-05-21,11.17,11.17,11.17,11.17,100
2015-05-22,11.16,11.16,11.16,11.16,200
2015-05-26,11.16,11.16,11.16,11.16,350
2015-05-27,11.17,11.25,11.08,11.08,4536
2015-05-28,11.23,11.25,11.23,11.25,906
2015-05-29,11.03,11.37,11.03,11.37,1079
2015-06-01,11.3,11.31,11.12,11.12,1269
2015-06-02,11.22,11.39,11.16,11.39,2088
2015-06-03,11.4,11.46,11.25,11.39,11542
2015-06-04,11.39,11.53,11.39,11.53,1807
2015-06-05,11.58,11.6,11.54,11.54,1024
2015-06-08,11.78,12.67,11.75,12.27,5230
2015-06-09,12.25,12.3,12.21,12.21,1525
2015-06-10,12.3,12.3,12.19,12.24,4902
2015-06-11,12.3,12.3,12.19,12.19,14196
2015-06-12,12.3,12.36,12.09,12.22,8324
2015-06-15,12.35,12.35,12.05,12.32,7520
2015-06-16,12.35,12.35,12.09,12.35,3191
2015-06-17,12.35,12.35,12.01,12.32,6628
2015-06-18,12.32,12.33,12.12,12.12,6232
2015-06-19,12.13,12.45,11.26,11.41,28940
2015-06-22,12.16,12.3,12.01,12.02,2479
2015-06-23,11.98,11.98,11.93,11.97,900
2015-06-24,11.74,11.79,11.74,11.76,914
2015-06-25,11.63,11.67,11.63,11.67,3028
2015-06-26,11.58,12.0,11.58,12.0,794
2015-06-29,12.17,12.17,11.64,11.64,4562
2015-06-30,12.0,12.0,11.76,11.76,1665
2015-07-01,11.85,11.85,11.75,11.75,1305
2015-07-02,11.8,11.95,11.8,11.89,835
2015-07-06,11.9,11.9,11.7,11.74,3167
2015-07-07,11.65,11.74,11.5,11.74,752
2015-07-08,11.42,11.74,11.42,11.7,3426
2015-07-09,11.73,11.73,11.73,11.73,104
2015-07-10,11.74,11.75,11.58,11.75,4041
2015-07-13,11.86,11.87,11.76,11.87,375
2015-07-14,11.86,11.86,11.74,11.74,581
2015-07-15,11.42,11.8,11.42,11.8,3573
2015-07-16,11.76,11.79,11.6,11.61,1304
2015-07-17,11.77,11.77,11.77,11.77,110
2015-07-21,11.8,11.8,11.6,11.6,2754
2015-07-22,11.4,11.54,11.4,11.54,1390
2015-07-23,11.56,11.56,11.56,11.56,134
2015-07-27,11.4,11.47,11.4,11.47,1416
2015-07-28,11.72,11.72,11.65,11.65,222
2015-07-31,11.54,11.54,11.42,11.42,700
2015-08-03,11.5,11.5,11.5,11.5,119
2015-08-04,11.46,11.5,11.46,11.5,1129
2015-08-07,11.12,11.12,11.12,11.12,763
2015-08-10,11.24,11.24,10.9,10.99,4400
2015-08-12,10.82,10.82,10.81,10.81,1500
2015-08-13,10.8,10.97,10.75,10.95,14598
2015-08-14,10.95,11.3,10.95,11.3,790
2015-08-17,10.95,11.06,10.95,11.06,1616
2015-08-18,11.26,11.26,10.94,10.99,2299
2015-08-19,10.94,10.96,10.94,10.94,2179
2015-08-20,10.82,10.82,10.65,10.65,11300
2015-08-21,10.75,10.75,10.65,10.65,3378
2015-08-24,10.55,10.77,10.55,10.6,4808
2015-08-25,10.9,10.94,10.78,10.92,500
2015-08-26,10.87,10.95,10.82,10.82,400
2015-08-27,11.0,11.0,10.85,10.94,640
2015-08-28,10.64,10.82,10.6,10.82,4051
2015-08-31,10.63,10.98,10.63,10.92,980
2015-09-01,10.66,11.0,10.6,10.63,7405
2015-09-02,10.62,10.81,10.51,10.81,14970
2015-09-03,10.69,10.73,10.58,10.66,3598
2015-09-04,10.72,10.74,10.72,10.72,402
2015-09-08,10.68,10.8,10.68,10.78,4994
2015-09-09,10.79,11.0,10.52,11.0,3567
2015-09-10,10.85,11.1,10.83,11.1,5098
2015-09-11,10.78,11.5,10.78,11.45,4513
2015-09-14,11.03,11.5,11.01,11.5,5467
2015-09-15,11.5,11.5,11.47,11.47,3280
2015-09-16,11.5,11.5,11.0,11.5,4144
2015-09-17,11.5,11.64,11.5,11.5,7465
2015-09-18,11.25,11.85,10.85,10.85,24116
2015-09-21,10.8,11.15,10.8,11.15,1423
2015-09-22,11.56,11.57,10.84,11.46,1857
2015-09-23,11.03,11.25,11.03,11.25,1251
2015-09-24,10.94,11.0,10.94,10.96,3381
2015-09-25,10.98,10.98,10.98,10.98,315
2015-09-28,11.13,11.13,10.76,10.76,4508
2015-09-29,10.88,10.99,10.85,10.95,1690
2015-09-30,11.1,11.1,11.1,11.1,428
2015-10-01,11.18,11.18,10.94,10.94,500
2015-10-02,11.0,11.08,11.0,11.08,700
2015-10-05,11.06,11.07,10.93,10.93,4248
2015-10-06,11.13,11.25,11.08,11.25,1824
2015-10-07,11.25,11.25,11.0,11.08,3690
2015-10-08,11.15,11.15,11.01,11.02,2900
2015-10-09,11.15,11.15,11.15,11.15,219
2015-10-13,11.13,11.15,11.09,11.15,2413
2015-10-14,11.08,11.08,10.9,10.97,2841
2015-10-15,10.97,11.06,10.9,11.04,2210
2015-10-16,10.91,11.14,10.91,11.14,243
2015-10-19,11.13,11.15,11.04,11.13,3189
2015-10-20,11.01,11.01,11.01,11.01,150
2015-10-21,11.14,11.14,11.14,11.14,788
2015-10-22,11.0,11.13,11.0,11.13,2200
2015-10-23,10.91,11.1,10.88,10.89,12282
2015-10-26,10.9,11.14,10.9,11.07,2861
2015-10-27,11.11,11.13,10.9,10.92,9792
2015-10-28,11.15,11.15,10.95,10.95,1322
2015-10-29,11.14,11.14,10.95,11.03,4551
2015-10-30,11.01,11.15,11.01,11.02,715
2015-11-02,11.14,11.14,11.06,11.09,2021
2015-11-03,11.1,11.1,10.96,10.98,3625
2015-11-05,11.06,11.06,11.06,11.06,101
2015-11-06,11.07,11.14,10.96,11.14,1014
2015-11-09,11.18,11.23,11.11,11.23,2675
2015-11-10,11.2,11.4,11.2,11.4,4018
2015-11-11,11.48,11.5,11.47,11.5,2999
2015-11-12,11.9,11.93,11.78,11.9,908
2015-11-13,11.89,12.1,11.89,12.1,4886
2015-11-16,12.14,12.14,11.85,12.12,2703
2015-11-17,12.14,12.4,12.06,12.24,3107
2015-11-18,11.87,12.24,11.67,11.94,1706
2015-11-19,12.07,12.65,12.07,12.65,2609
2015-11-23,12.63,12.63,12.63,12.63,200
2015-11-24,12.0,12.62,12.0,12.62,1304
2015-11-25,11.98,12.47,11.98,12.38,1601
2015-11-27,12.14,12.5,12.02,12.5,651
2015-11-30,12.5,12.5,11.91,12.0,5616
2015-12-01,12.5,12.5,12.5,12.5,101
2015-12-02,12.11,12.5,12.1,12.19,8169
2015-12-03,12.2,12.2,12.18,12.18,1377
2015-12-04,12.19,12.2,12.19,12.19,913
2015-12-07,12.2,12.2,11.99,12.14,1547
2015-12-08,12.11,12.11,12.11,12.11,100
2015-12-10,12.19,12.2,12.09,12.1,2269
2015-12-11,12.0,12.44,12.0,12.44,5016
2015-12-14,12.5,12.5,12.39,12.44,6099
2015-12-15,12.5,12.5,12.3,12.43,9542
2015-12-16,12.47,12.5,12.3,12.5,4358
2015-12-17,12.47,12.53,12.46,12.53,5232
2015-12-18,12.53,12.69,12.33,12.69,15436
2015-12-21,12.65,12.65,12.41,12.46,7450
2015-12-22,12.58,12.65,12.48,12.65,7287
2015-12-23,12.77,13.0,12.51,13.0,6163
2015-12-24,13.0,13.05,12.95,13.05,8226
2015-12-28,13.14,13.14,12.86,12.86,8154
2015-12-29,13.0,13.16,12.9,12.9,5090
2015-12-30,12.93,12.95,12.76,12.76,3601
2015-12-31,12.95,13.32,12.82,12.9,1373
2016-01-04,13.07,13.08,12.74,12.95,9688
2016-01-05,12.96,12.97,12.72,12.78,2484
2016-01-06,12.75,12.78,12.68,12.75,2402
2016-01-07,12.61,12.97,12.61,12.71,8650
2016-01-08,12.84,13.0,12.75,12.86,12660
2016-01-11,12.75,12.85,12.75,12.82,5798
2016-01-12,12.85,12.85,12.75,12.77,2001
2016-01-13,12.72,12.72,12.7,12.7,1409
2016-01-14,12.75,12.75,12.52,12.52,2434
2016-01-15,12.52,12.53,12.24,12.24,8048
2016-01-19,12.71,12.73,12.35,12.35,3680
2016-01-20,12.31,12.35,12.0,12.15,5173
2016-01-21,12.18,12.25,12.18,12.25,501
2016-01-22,12.29,12.48,12.13,12.35,3897
2016-01-25,12.25,12.25,12.24,12.25,4376
2016-01-26,12.53,12.7,12.0,12.05,7211
2016-01-27,12.7,12.7,12.02,12.22,2694
2016-01-28,12.67,12.8,12.2,12.2,1334
2016-01-29,12.75,12.79,12.39,12.39,2796
2016-02-01,12.85,12.85,12.04,12.7,2661
2016-02-02,12.12,12.69,12.12,12.68,2003
2016-02-03,12.34,12.34,12.21,12.21,652
2016-02-04,12.23,12.23,12.23,12.23,282
2016-02-05,12.21,12.21,12.19,12.19,226
2016-02-08,12.2,12.22,12.2,12.22,1728
2016-02-09,12.1,12.1,12.09,12.1,1168
2016-02-10,12.1,12.1,12.01,12.02,4226
2016-02-11,12.0,12.0,11.86,11.88,1117
2016-02-12,12.05,12.05,11.85,12.04,2295
2016-02-16,11.99,12.0,11.94,11.94,2828
2016-02-17,11.99,11.99,11.98,11.98,4320
2016-02-18,11.98,11.98,11.75,11.9,681
2016-02-19,11.96,11.98,11.96,11.98,1357
2016-02-22,11.92,12.0,11.92,12.0,368
2016-02-23,12.01,12.02,11.99,12.0,4186
2016-02-24,12.0,12.0,11.98,12.0,2268
2016-02-25,11.95,12.0,11.95,11.99,900
2016-02-26,11.85,12.0,11.85,12.0,916
2016-02-29,12.0,12.01,11.95,11.95,1846
2016-03-01,11.86,11.86,11.86,11.86,622
2016-03-02,12.04,12.04,12.04,12.04,189
2016-03-03,11.95,12.85,11.95,12.85,606
2016-03-04,11.8,11.83,11.8,11.83,1540
2016-03-07,11.92,11.95,11.92,11.95,741
2016-03-08,11.86,11.9,11.71,11.87,1876
2016-03-09,11.65,11.85,11.65,11.85,1305
2016-03-10,11.67,11.76,11.66,11.66,2497
2016-03-11,11.56,11.66,11.55,11.66,2732
2016-03-14,11.7,11.8,11.65,11.65,907
2016-03-15,11.9,11.9,11.75,11.75,203
2016-03-16,11.85,11.85,11.85,11.85,106
2016-03-17,11.63,11.64,11.51,11.58,2411
2016-03-18,11.58,11.58,11.49,11.5,11244
2016-03-21,11.5,11.5,11.27,11.37,4062
2016-03-23,11.47,11.47,11.35,11.38,1446
2016-03-24,11.26,11.34,11.26,11.28,2350
2016-03-28,11.2,11.33,11.1,11.1,6844
2016-03-29,10.95,11.32,10.95,10.95,5598
2016-03-30,11.0,11.0,11.0,11.0,450
2016-03-31,11.06,11.06,11.02,11.02,2974
2016-04-01,11.2,11.2,10.81,10.81,25752
2016-04-04,10.81,11.09,10.76,11.09,16891
2016-04-05,10.96,11.07,10.96,11.07,1201
2016-04-06,11.09,11.14,11.09,11.14,543
2016-04-07,11.28,11.5,11.15,11.5,8050
2016-04-08,11.5,11.59,11.49,11.49,2480
2016-04-11,11.5,11.5,11.45,11.5,3053
2016-04-12,11.5,11.51,11.48,11.51,2855
2016-04-13,11.45,11.51,11.45,11.51,4436
2016-04-14,11.44,11.5,11.44,11.5,955
2016-04-15,11.5,11.5,11.5,11.5,475
2016-04-18,11.55,11.55,11.15,11.15,1515
2016-04-19,11.15,11.15,11.15,11.15,650
2016-04-20,11.15,11.15,11.15,11.15,652
2016-04-21,11.1,11.11,11.1,11.1,1900
2016-04-22,11.1,11.1,11.1,11.1,1381
2016-04-26,11.1,11.15,11.1,11.15,800
2016-04-27,11.45,11.45,11.25,11.25,650
2016-04-28,11.31,11.31,11.25,11.25,5963
2016-04-29,11.44,11.48,11.27,11.3,2344
2016-05-02,11.4,11.48,11.4,11.4,4807
2016-05-03,11.47,11.49,11.25,11.25,7568
2016-05-04,11.46,11.46,11.44,11.45,2272
2016-05-05,11.5,11.5,11.49,11.49,2729
2016-05-06,11.35,11.35,11.35,11.35,1050
2016-05-09,11.48,11.5,11.38,11.48,7410
2016-05-10,11.37,11.37,11.3,11.3,1188
2016-05-11,11.37,12.16,11.37,11.76,12372
2016-05-12,11.93,11.97,11.89,11.89,1557
2016-05-13,11.99,11.99,11.96,11.96,474
2016-05-16,11.94,11.94,11.72,11.72,772
2016-05-17,11.75,11.8,11.7,11.71,1515
2016-05-18,11.8,11.8,11.7,11.7,500
2016-05-23,11.8,11.82,11.71,11.71,2100
2016-05-24,12.0,12.0,11.75,11.92,1012
2016-05-25,11.75,11.87,11.5,11.5,10646
2016-05-26,11.5,11.51,11.5,11.5,1224
2016-05-27,11.71,11.8,11.51,11.51,21841
2016-05-31,11.5,11.53,11.5,11.53,2314
2016-06-01,11.79,11.8,11.5,11.5,1919
2016-06-02,11.5,11.79,11.38,11.38,5267
2016-06-03,11.4,11.62,11.4,11.43,2506
2016-06-06,11.78,11.78,11.3,11.32,2410
2016-06-07,11.31,11.56,11.31,11.44,2015
2016-06-08,11.44,11.55,11.25,11.25,4357
2016-06-09,11.38,11.38,11.38,11.38,100
2016-06-10,11.7,11.7,11.28,11.33,500
2016-06-13,11.67,11.67,11.27,11.57,957
2016-06-14,11.74,11.74,11.33,11.65,457
2016-06-15,11.46,11.72,11.33,11.52,1994
2016-06-16,11.66,11.66,11.34,11.53,695
2016-06-17,11.3,11.6,11.25,11.6,6280
2016-06-20,11.41,11.65,11.25,11.3,6846
2016-06-21,11.26,11.6,11.2,11.6,6020
2016-06-22,11.39,11.71,11.39,11.57,2167
2016-06-23,11.38,11.71,11.38,11.6,991
2016-06-24,11.5,11.62,11.3,11.3,1658
2016-06-27,11.55,11.55,11.26,11.26,1395
2016-06-28,11.22,11.22,11.12,11.18,1226
2016-06-29,11.2,11.36,11.16,11.24,7024
2016-06-30,11.6,11.6,11.27,11.27,1780
2016-07-06,11.24,11.5,11.24,11.5,5989
2016-07-07,11.49,11.62,11.45,11.5,7478
2016-07-08,11.53,11.53,11.53,11.53,2000
2016-07-12,11.8,11.8,11.66,11.66,224
2016-07-13,11.8,11.92,11.66,11.76,9282
2016-07-14,11.83,11.83,11.36,11.45,4224
2016-07-18,11.91,11.91,11.74,11.74,2013
2016-07-20,11.46,11.75,11.46,11.75,2119
2016-07-25,11.9,11.9,11.71,11.71,828
2016-07-26,11.74,11.74,11.74,11.74,230
2016-07-27,11.81,11.81,11.72,11.79,2610
2016-07-28,11.84,11.92,11.84,11.92,3910
2016-07-29,11.99,12.1,11.99,12.09,9424
2016-08-01,12.02,12.1,11.94,12.09,2644
2016-08-02,12.0,12.1,12.0,12.1,4900
2016-08-03,12.0,12.1,12.0,12.1,765
2016-08-04,12.15,12.18,12.13,12.15,14058
2016-08-05,12.1,12.24,12.05,12.1,28038
2016-08-08,12.14,12.17,12.14,12.17,1354
2016-08-09,12.17,12.25,12.0,12.22,27980
2016-08-10,12.25,12.3,12.25,12.3,664
2016-08-11,12.25,12.27,12.25,12.25,28235
2016-08-12,12.19,12.19,12.1,12.1,880
2016-08-15,12.2,12.21,12.1,12.1,20080
2016-08-16,12.23,12.23,12.1,12.16,103463
2016-08-18,12.05,12.2,12.05,12.2,1032
2016-08-19,12.24,12.24,12.1,12.11,2600
2016-08-22,12.24,12.24,12.0,12.01,4000
2016-08-26,12.0,12.21,12.0,12.21,817
2016-08-29,12.2,12.2,12.09,12.09,550
2016-08-30,12.2,12.58,12.0,12.49,22380
2016-08-31,12.37,12.67,12.0,12.16,47583
2016-09-01,12.29,12.3,12.24,12.3,10223
2016-09-02,12.32,12.32,12.25,12.32,2708
2016-09-06,12.34,12.34,12.25,12.25,748
2016-09-07,12.35,12.35,12.04,12.05,1467
2016-09-08,12.01,12.21,12.01,12.06,5067
2016-09-09,12.08,12.08,12.08,12.08,559
2016-09-12,12.03,12.17,12.03,12.06,7983
2016-09-13,12.19,12.19,12.11,12.11,1421
2016-09-14,12.19,12.19,12.19,12.19,218
2016-09-16,12.05,12.12,12.05,12.12,2578
2016-09-21,12.07,12.07,12.07,12.07,1061
2016-09-22,12.19,12.25,12.19,12.2,3188
2016-09-23,12.35,12.35,12.14,12.14,1650
2016-09-26,12.22,12.22,12.22,12.22,193
2016-09-27,12.15,12.16,12.15,12.15,1040
2016-09-28,12.13,12.13,12.13,12.13,162
2016-09-29,12.1,12.1,12.03,12.03,1200
2016-09-30,12.19,12.19,12.16,12.16,6465
2016-10-04,12.16,12.16,12.16,12.16,251
2016-10-11,12.1,12.19,12.1,12.11,1330
2016-10-12,12.34,12.35,12.34,12.34,490
2016-10-13,12.05,12.23,12.05,12.06,945
2016-10-17,12.2,12.25,12.08,12.08,6606
2016-10-21,12.48,12.48,12.48,12.48,100
2016-10-24,12.5,12.5,12.5,12.5,1011
2016-10-25,12.37,12.37,12.3,12.3,534
2016-10-26,12.14,12.19,12.1,12.11,3415
2016-10-27,12.11,12.14,12.05,12.14,6600
2016-10-28,12.14,12.19,12.14,12.18,2860
2016-10-31,12.11,12.17,12.11,12.17,1900
2016-11-01,12.17,12.21,12.17,12.21,6025
2016-11-02,12.11,12.18,12.1,12.18,2000
2016-11-03,12.13,12.13,12.09,12.09,987
2016-11-04,12.48,12.48,12.12,12.2,2993
2016-11-07,12.16,12.19,12.16,12.17,645
2016-11-08,12.23,12.33,12.23,12.27,1294
2016-11-09,12.25,12.37,12.16,12.16,5045
2016-11-10,12.43,12.43,12.17,12.17,933
2016-11-11,12.35,12.38,12.32,12.38,350
2016-11-14,12.4,12.52,12.4,12.46,2033
2016-11-15,12.14,12.21,12.12,12.21,27011
2016-11-16,12.3,12.46,12.09,12.45,4921
2016-11-17,13.0,13.0,12.66,12.78,15250
2016-11-18,12.5,12.5,12.39,12.5,4487
2016-11-21,12.48,12.48,12.47,12.47,1205
2016-11-22,12.59,12.59,12.53,12.53,1329
2016-11-23,12.5,12.5,12.39,12.5,3365
2016-11-25,12.52,12.52,12.5,12.51,1636
2016-11-28,12.5,12.57,12.31,12.44,6618
2016-11-29,12.73,12.73,12.73,12.73,168
2016-12-01,12.71,12.74,12.7,12.74,852
2016-12-02,12.58,12.58,12.58,12.58,121
2016-12-05,12.59,12.79,12.59,12.6,3111
2016-12-06,12.46,12.46,12.46,12.46,1458
2016-12-07,12.56,12.59,12.36,12.39,3713
2016-12-08,12.38,12.8,12.38,12.43,4196
2016-12-09,12.75,12.75,12.53,12.53,953
2016-12-12,12.69,12.75,12.39,12.75,9955
2016-12-13,12.73,12.75,12.72,12.75,492
2016-12-14,12.66,12.69,12.6,12.61,1771
2016-12-15,12.73,12.74,12.66,12.66,367
2016-12-16,12.79,12.79,12.79,12.79,638
2016-12-20,12.77,13.0,12.77,12.81,10489
2016-12-21,12.99,13.9,12.99,13.3,9836
2016-12-22,13.19,13.23,13.12,13.16,2832
2016-12-23,12.98,12.98,12.98,12.98,641
2016-12-28,12.99,13.47,12.99,13.45,2513
2016-12-30,13.5,13.5,12.79,13.49,2338
2017-01-03,13.5,13.5,13.03,13.31,1438
2017-01-04,13.45,13.45,13.29,13.39,4764
2017-01-05,13.31,13.32,13.3,13.3,3003
2017-01-10,13.3,13.4,12.73,13.39,4491
2017-01-11,13.4,13.4,13.4,13.4,202
2017-01-12,13.4,13.49,13.32,13.43,1568
2017-01-13,13.36,13.4,13.36,13.4,368
2017-01-17,13.02,13.02,13.02,13.02,1178
2017-01-18,13.27,13.4,13.27,13.4,3626
2017-01-19,13.4,13.4,13.4,13.4,1000
2017-01-20,13.39,14.46,13.36,13.94,6537
2017-01-23,13.49,13.78,13.49,13.7,14850
2017-01-24,13.58,13.75,13.58,13.7,8432
2017-01-25,13.65,13.65,13.12,13.48,8034
2017-01-26,13.74,13.74,13.68,13.68,600
2017-01-27,13.67,13.73,13.54,13.68,7734
2017-01-30,13.65,14.35,13.65,14.0,12658
2017-01-31,13.78,14.5,13.78,14.16,3522
2017-02-01,14.55,14.55,14.25,14.3,2805
2017-02-02,14.04,14.29,14.04,14.29,949
2017-02-03,14.0,14.27,14.0,14.27,2352
2017-02-06,14.31,14.31,14.31,14.31,212
2017-02-07,14.3,14.37,14.19,14.34,5913
2017-02-08,14.0,14.2,14.0,14.16,643
2017-02-09,14.33,14.33,14.33,14.33,105
2017-02-10,14.44,14.96,14.44,14.96,5939
2017-02-13,14.49,15.19,14.49,15.0,6265
2017-02-14,14.77,14.99,14.76,14.99,1325
2017-02-15,14.91,14.99,14.86,14.86,1610
2017-02-16,,,,14.86,0
2017-02-17,14.8,15.09,14.67,15.09,1079
2017-02-21,,,,15.09,0
2017-02-22,15.1,15.1,14.98,15.05,14347
2017-02-23,,,,15.05,0
2017-02-24,14.86,14.86,14.84,14.84,858
2017-02-27,14.95,15.0,14.57,14.94,3006
2017-02-28,14.61,14.81,14.61,14.81,518
2017-03-01,14.78,14.79,14.78,14.79,1251
2017-03-02,14.92,14.92,14.73,14.83,2234
2017-03-03,14.8,14.8,14.8,14.8,231
2017-03-06,14.71,14.97,14.7,14.97,1114
2017-03-07,,,,14.97,0
2017-03-08,15.0,15.0,14.7,14.99,715
2017-03-09,14.7,14.72,14.7,14.71,811
2017-03-10,14.69,14.7,14.55,14.55,3268
2017-03-13,,,,14.55,0
2017-03-14,14.89,14.89,14.55,14.56,1543
2017-03-15,14.7,14.7,14.55,14.55,291
2017-03-16,,,,14.55,0
2017-03-17,14.7,14.9,14.61,14.7,9405
2017-03-20,14.78,14.78,14.78,14.78,197
2017-03-21,14.7,14.7,14.7,14.7,308
2017-03-22,14.55,14.56,14.55,14.55,11311
2017-03-23,,,,14.55,0
2017-03-24,14.5,14.5,14.5,14.5,110
2017-03-27,14.55,14.6,14.3,14.57,1344
2017-03-28,14.3,14.3,14.2,14.2,3824
2017-03-29,,,,14.2,0
2017-03-30,14.49,14.5,14.49,14.5,1000
2017-03-31,14.5,14.61,14.46,14.6,18086
2017-04-03,14.6,14.7,14.6,14.7,14528
2017-04-04,14.69,14.75,14.68,14.75,22044
2017-04-05,,,,14.75,0
2017-04-06,14.5,14.72,14.5,14.72,6733
2017-04-07,14.65,14.65,14.65,14.65,720
2017-04-10,14.85,14.85,14.5,14.55,1755
2017-04-11,14.55,14.74,14.55,14.65,11542
2017-04-12,14.77,14.99,14.77,14.99,700
2017-04-13,15.0,15.1,14.67,14.67,11245
2017-04-17,14.84,15.0,14.84,15.0,601
2017-04-18,14.7,15.09,14.7,15.09,3736
2017-04-19,15.03,15.03,14.98,14.98,1762
2017-04-20,,,,14.98,0
2017-04-21,14.86,15.08,14.7,14.7,2699
2017-04-24,15.09,15.09,14.71,15.0,2822
2017-04-25,14.93,14.93,14.8,14.89,17176
2017-04-26,14.9,14.99,14.89,14.89,15117
2017-04-27,14.89,14.89,14.89,14.89,597
2017-04-28,14.82,15.0,14.8,15.0,1601
2017-05-01,14.53,14.9,14.53,14.9,1604
2017-05-02,14.9,14.99,14.8,14.8,1466
2017-05-03,14.9,15.0,14.75,14.75,3338
2017-05-04,15.01,15.03,14.98,14.98,19980
2017-05-05,15.04,15.04,15.04,15.04,187
2017-05-08,14.87,15.02,14.87,15.02,4154
2017-05-09,15.0,15.0,15.0,15.0,325
2017-05-10,15.0,15.05,15.0,15.01,7492
2017-05-11,15.0,15.05,15.0,15.0,4188
2017-05-12,15.0,15.1,15.0,15.1,2347
2017-05-15,15.04,15.04,15.0,15.02,5128
2017-05-16,15.35,15.35,15.1,15.3,3524
2017-05-17,,,,15.3,0
2017-05-18,15.19,15.2,15.1,15.1,2820
2017-05-19,15.2,15.29,15.2,15.29,3711
2017-05-22,,,,15.29,0
2017-05-23,15.25,15.81,15.25,15.3,18208
2017-05-24,15.05,15.5,15.05,15.5,6554
2017-05-25,15.25,15.25,15.25,15.25,379
2017-05-26,15.33,15.48,15.3,15.48,377
2017-05-30,15.26,15.3,15.26,15.3,3270
2017-05-31,,,,15.3,0
2017-06-01,15.3,15.3,15.2,15.2,704
2017-06-02,15.3,15.3,15.26,15.3,945
2017-06-05,15.47,15.47,15.3,15.36,3902
2017-06-06,15.5,15.5,15.5,15.5,148
2017-06-07,15.3,15.4,15.3,15.4,15363
2017-06-08,,,,15.4,0
2017-06-09,15.5,15.5,15.5,15.5,567
2017-06-12,15.48,15.5,15.47,15.49,1108
2017-06-13,15.47,16.0,15.47,15.99,11719
2017-06-14,15.5,15.5,15.3,15.5,4639
2017-06-15,15.5,15.5,15.5,15.5,973
2017-06-16,15.5,15.5,15.0,15.0,9134
2017-06-19,14.9,15.37,14.9,15.3,3482
2017-06-20,,,,15.3,0
2017-06-21,15.3,15.3,15.3,15.3,121
2017-06-22,15.25,15.5,15.25,15.45,15162
2017-06-23,15.45,15.5,15.45,15.49,2403
2017-06-26,15.5,15.5,15.49,15.49,2300
2017-06-27,,,,15.49,0
2017-06-28,15.56,15.92,15.56,15.92,1359
2017-06-29,15.32,15.72,15.31,15.72,655
2017-06-30,15.7,15.7,15.7,15.7,120
2017-07-03,,,,15.7,0
2017-07-05,15.6,15.6,15.3,15.33,1637
2017-07-06,15.47,15.47,15.35,15.36,2196
2017-07-07,15.32,15.42,15.3,15.4,785
2017-07-10,15.35,15.35,15.28,15.3,3283
2017-07-11,15.55,15.55,15.0,15.0,2526
2017-07-12,15.22,15.35,15.19,15.35,887
2017-07-13,15.56,15.56,15.56,15.56,200
2017-07-14,15.56,15.56,15.56,15.56,100
2017-07-17,,,,15.56,0
2017-07-18,15.41,15.41,15.18,15.18,278
2017-07-19,15.3,15.3,15.3,15.3,440
2017-07-20,15.18,15.62,15.18,15.62,2492
2017-07-21,,,,15.62,0
2017-07-24,15.27,15.54,15.18,15.19,6132
2017-07-25,15.35,15.5,15.18,15.18,3360
2017-07-26,15.3,15.3,15.3,15.3,230
2017-07-27,15.3,15.3,15.18,15.18,11183
2017-07-28,15.2,15.2,15.15,15.15,3312
2017-07-31,15.15,15.22,15.15,15.22,300
2017-08-01,,,,15.22,0
