Date,Open,High,Low,Close,Volume
2007-02-26,0.59,0.6,0.5,0.59,155189
2007-02-27,0.59,0.61,0.59,0.6,26100
2007-02-28,0.61,0.64,0.6,0.63,139700
2007-03-01,0.61,0.65,0.57,0.65,124900
2007-03-02,0.61,0.65,0.61,0.65,41964
2007-03-05,0.57,0.65,0.57,0.63,11900
2007-03-06,0.67,0.68,0.59,0.65,240600
2007-03-07,0.63,0.63,0.63,0.63,10150
2007-03-09,0.67,0.67,0.67,0.67,3000
2007-03-12,0.57,0.68,0.57,0.66,123310
2007-03-13,0.7,0.7,0.65,0.65,94785
2007-03-14,0.57,0.71,0.57,0.71,71311
2007-03-15,0.7,0.7,0.67,0.68,79170
2007-03-16,0.69,0.7,0.68,0.7,98414
2007-03-19,0.67,0.69,0.66,0.69,53000
2007-03-21,0.57,0.69,0.57,0.69,5072
2007-03-22,0.69,0.7,0.65,0.65,12609
2007-03-23,0.65,0.65,0.65,0.65,11200
2007-03-26,0.65,0.67,0.65,0.67,43300
2007-03-27,0.65,0.7,0.65,0.7,68120
2007-03-28,0.68,0.72,0.68,0.71,186639
2007-03-29,0.71,0.72,0.71,0.71,34300
2007-03-30,0.71,0.73,0.71,0.72,87321
2007-04-02,0.7,0.76,0.7,0.76,65200
2007-04-03,0.76,0.78,0.7,0.75,44398
2007-04-04,0.75,0.78,0.7,0.74,42429
2007-04-05,0.74,0.76,0.74,0.75,72500
2007-04-09,0.73,0.77,0.7,0.75,123541
2007-04-10,0.76,0.8,0.73,0.76,202701
2007-04-11,0.74,0.79,0.74,0.76,67111
2007-04-12,0.77,0.8,0.7,0.77,235750
2007-04-13,0.78,0.8,0.76,0.8,188100
2007-04-16,0.81,0.82,0.78,0.79,79309
2007-04-17,0.82,0.84,0.77,0.82,94988
2007-04-18,0.85,0.85,0.79,0.83,186100
2007-04-19,0.8,0.8,0.79,0.79,5000
2007-04-20,0.82,0.85,0.78,0.85,72780
2007-04-23,0.8,0.88,0.8,0.87,144604
2007-04-24,0.86,0.87,0.81,0.86,172360
2007-04-25,0.81,0.85,0.8,0.85,93829
2007-04-26,0.83,0.83,0.81,0.83,53368
2007-04-27,0.82,0.85,0.82,0.82,40600
2007-04-30,0.81,0.81,0.79,0.8,61000
2007-05-01,0.79,0.8,0.79,0.8,10750
2007-05-02,0.8,0.83,0.8,0.83,113200
2007-05-03,0.81,0.85,0.8,0.81,95360
2007-05-04,0.81,0.81,0.78,0.8,21800
2007-05-07,0.79,0.79,0.74,0.78,73100
2007-05-08,0.78,0.78,0.71,0.77,53828
2007-05-09,0.71,0.79,0.71,0.76,100961
2007-05-10,0.8,0.8,0.72,0.76,78990
2007-05-11,0.75,0.75,0.71,0.74,15800
2007-05-14,0.71,0.74,0.69,0.7,98050
2007-05-15,0.71,0.71,0.71,0.71,5300
2007-05-16,0.71,0.75,0.71,0.71,18675
2007-05-17,0.71,0.72,0.71,0.71,15100
2007-05-18,0.7,0.73,0.69,0.73,27400
2007-05-21,0.67,0.76,0.67,0.72,87320
2007-05-22,0.7,0.7,0.65,0.7,57450
2007-05-23,0.7,0.7,0.67,0.7,10131
2007-05-24,0.65,0.65,0.61,0.65,67540
2007-05-25,0.63,0.7,0.63,0.68,75700
2007-05-29,0.63,0.72,0.63,0.68,127895
2007-05-30,0.66,0.73,0.63,0.7,45994
2007-05-31,0.65,0.71,0.63,0.71,115520
2007-06-01,0.73,0.73,0.68,0.7,86138
2007-06-04,0.68,0.68,0.64,0.64,43480
2007-06-05,0.63,0.65,0.62,0.64,29260
2007-06-06,0.66,0.66,0.65,0.65,15050
2007-06-07,0.66,0.68,0.66,0.68,41574
2007-06-08,0.68,0.69,0.66,0.66,35300
2007-06-11,0.66,0.69,0.66,0.69,13248
2007-06-12,0.69,0.69,0.65,0.65,13876
2007-06-13,0.65,0.69,0.65,0.65,5450
2007-06-14,0.7,0.7,0.66,0.7,54063
2007-06-15,0.68,0.7,0.68,0.68,25700
2007-06-18,0.68,0.7,0.65,0.7,44794
2007-06-19,0.65,0.67,0.65,0.66,15700
2007-06-20,0.65,0.7,0.61,0.67,496500
2007-06-21,0.7,0.7,0.68,0.7,12500
2007-06-22,0.68,0.7,0.67,0.69,68500
2007-06-25,0.66,0.68,0.65,0.65,28185
2007-06-26,0.66,0.66,0.66,0.66,1000
2007-06-27,0.66,0.66,0.65,0.65,20000
2007-06-28,0.65,0.7,0.63,0.7,17000
2007-06-29,0.61,0.7,0.61,0.69,33472
2007-07-02,0.65,0.65,0.62,0.65,63900
2007-07-05,0.65,0.66,0.61,0.61,428630
2007-07-06,0.65,0.65,0.65,0.65,11500
2007-07-09,0.62,0.64,0.61,0.64,21500
2007-07-10,0.61,0.64,0.61,0.63,36200
2007-07-11,0.64,0.66,0.64,0.66,3900
2007-07-12,0.67,0.67,0.63,0.67,27580
2007-07-13,0.64,0.66,0.59,0.64,156007
2007-07-16,0.64,0.65,0.62,0.63,23200
2007-07-17,0.62,0.66,0.62,0.65,68944
2007-07-18,0.65,0.65,0.63,0.64,77300
2007-07-19,0.63,0.64,0.62,0.64,72190
2007-07-20,0.64,0.66,0.64,0.66,7400
2007-07-23,0.63,0.67,0.59,0.63,116717
2007-07-24,0.61,0.63,0.59,0.63,41740
2007-07-25,0.59,0.63,0.59,0.63,65860
2007-07-26,0.59,0.67,0.59,0.67,16200
2007-07-27,0.6,0.65,0.6,0.65,53700
2007-07-30,0.61,0.61,0.61,0.61,8777
2007-07-31,0.61,0.64,0.61,0.64,30000
2007-08-01,0.6,0.62,0.6,0.62,25500
2007-08-02,0.62,0.62,0.6,0.61,7700
2007-08-03,0.6,0.6,0.56,0.57,48124
2007-08-06,0.56,0.57,0.56,0.56,27000
2007-08-07,0.56,0.56,0.56,0.56,19000
2007-08-08,0.56,0.58,0.54,0.55,98187
2007-08-09,0.56,0.56,0.54,0.56,35150
2007-08-10,0.54,0.56,0.54,0.56,26000
2007-08-13,0.54,0.59,0.54,0.56,41683
2007-08-14,0.56,0.56,0.54,0.54,7500
2007-08-15,0.57,0.59,0.56,0.57,37500
2007-08-16,0.56,0.57,0.49,0.55,309820
2007-08-17,0.5,0.62,0.5,0.62,73045
2007-08-20,0.61,0.61,0.58,0.58,25500
2007-08-21,0.57,0.59,0.54,0.59,40000
2007-08-22,0.54,0.57,0.54,0.57,121026
2007-08-23,0.56,0.61,0.56,0.6,38700
2007-08-24,0.61,0.63,0.61,0.61,11600
2007-08-27,0.6,0.65,0.6,0.63,60100
2007-08-28,0.62,0.62,0.61,0.61,13000
2007-08-29,0.63,0.65,0.63,0.64,41288
2007-08-30,0.62,0.65,0.62,0.65,8112
2007-08-31,0.65,0.75,0.65,0.7,96174
2007-09-04,0.73,0.73,0.68,0.73,81200
2007-09-05,0.7,0.75,0.7,0.73,91100
2007-09-06,0.71,0.71,0.69,0.71,45500
2007-09-07,0.69,0.7,0.68,0.7,13712
2007-09-10,0.7,0.7,0.6,0.65,121185
2007-09-11,0.62,0.62,0.62,0.62,17000
2007-09-12,0.63,0.63,0.63,0.63,30000
2007-09-14,0.61,0.63,0.61,0.63,27100
2007-09-17,0.64,0.64,0.58,0.59,14100
2007-09-18,0.59,0.59,0.58,0.58,8500
2007-09-19,0.6,0.6,0.59,0.6,11000
2007-09-20,0.6,0.6,0.59,0.59,18000
2007-09-21,0.59,0.62,0.59,0.62,12500
2007-09-24,0.6,0.62,0.6,0.62,4600
2007-09-25,0.62,0.62,0.57,0.62,37200
2007-09-26,0.6,0.63,0.6,0.63,22200
2007-09-27,0.58,0.63,0.58,0.63,37456
2007-09-28,0.61,0.73,0.61,0.72,145100
2007-10-01,0.72,0.72,0.7,0.7,112300
2007-10-02,0.7,0.7,0.66,0.66,1254
2007-10-03,0.66,0.67,0.66,0.67,1160
2007-10-04,0.65,0.7,0.65,0.7,24600
2007-10-05,0.68,0.7,0.67,0.69,53000
2007-10-08,0.67,0.67,0.62,0.62,29484
2007-10-09,0.63,0.63,0.6,0.62,67200
2007-10-10,0.61,0.61,0.61,0.61,21125
2007-10-11,0.61,0.72,0.61,0.72,137250
2007-10-12,0.72,0.72,0.7,0.7,16842
2007-10-15,0.66,0.66,0.62,0.63,90489
2007-10-16,0.63,0.63,0.62,0.63,21500
2007-10-17,0.62,0.66,0.62,0.64,52484
2007-10-18,0.64,0.64,0.62,0.62,4343
2007-10-19,0.64,0.64,0.54,0.59,257600
2007-10-22,0.62,0.66,0.6,0.63,110800
2007-10-23,0.57,0.6,0.57,0.6,35209
2007-10-24,0.61,0.64,0.61,0.62,52700
2007-10-25,0.67,0.67,0.67,0.67,2500
2007-10-26,0.67,0.68,0.65,0.68,32162
2007-10-29,0.65,0.65,0.62,0.62,35300
2007-10-30,0.62,0.65,0.62,0.65,31815
2007-10-31,0.62,0.65,0.6,0.63,56150
2007-11-01,0.61,0.62,0.56,0.56,255990
2007-11-02,0.57,0.57,0.52,0.52,363446
2007-11-05,0.55,0.55,0.5,0.51,225150
2007-11-06,0.51,0.54,0.5,0.5,280100
2007-11-07,0.5,0.51,0.48,0.5,565175
2007-11-08,0.51,0.54,0.5,0.52,238500
2007-11-09,0.52,0.52,0.46,0.46,232948
2007-11-12,0.5,0.5,0.42,0.45,112200
2007-11-13,0.42,0.53,0.42,0.53,88500
2007-11-14,0.53,0.56,0.47,0.56,502967
2007-11-15,0.56,0.56,0.52,0.54,48200
2007-11-16,0.58,0.61,0.51,0.55,87100
2007-11-19,0.54,0.55,0.5,0.5,17620
2007-11-20,0.5,0.51,0.47,0.49,43200
2007-11-21,0.48,0.5,0.45,0.48,30700
2007-11-23,0.48,0.48,0.47,0.47,1100
2007-11-26,0.49,0.49,0.46,0.49,21800
2007-11-27,0.49,0.49,0.47,0.47,76500
2007-11-28,0.46,0.47,0.46,0.47,32000
2007-11-29,0.45,0.47,0.42,0.45,48290
2007-11-30,0.43,0.51,0.41,0.48,156210
2007-12-03,0.51,0.54,0.51,0.54,214330
2007-12-04,0.55,0.55,0.53,0.53,192849
2007-12-05,0.54,0.54,0.53,0.53,41450
2007-12-06,0.52,0.54,0.5,0.53,74454
2007-12-07,0.55,0.57,0.5,0.57,33050
2007-12-10,0.57,0.57,0.55,0.57,20600
2007-12-11,0.56,0.63,0.52,0.6,142500
2007-12-12,0.55,0.58,0.51,0.56,197600
2007-12-13,0.55,0.6,0.55,0.58,95300
2007-12-14,0.59,0.64,0.56,0.63,101000
2007-12-17,0.64,0.64,0.56,0.57,64957
2007-12-18,0.56,0.6,0.56,0.57,41092
2007-12-19,0.56,0.57,0.55,0.55,67865
2007-12-20,0.54,0.55,0.52,0.55,54310
2007-12-21,0.51,0.57,0.51,0.57,192300
2007-12-24,0.54,0.54,0.52,0.53,29000
2007-12-26,0.52,0.53,0.51,0.53,56664
2007-12-27,0.51,0.52,0.51,0.51,33538
2007-12-28,0.5,0.53,0.49,0.53,220356
2007-12-31,0.52,0.54,0.51,0.54,269460
2008-01-02,0.54,0.55,0.54,0.54,93309
2008-01-03,0.54,0.54,0.53,0.53,67718
2008-01-04,0.52,0.54,0.52,0.52,13309
2008-01-07,0.53,0.53,0.52,0.52,46000
2008-01-08,0.52,0.54,0.5,0.53,239109
2008-01-09,0.53,0.53,0.52,0.53,89609
2008-01-10,0.52,0.53,0.52,0.53,62500
2008-01-11,0.52,0.53,0.52,0.53,79700
2008-01-14,0.54,0.54,0.52,0.53,24250
2008-01-15,0.53,0.53,0.53,0.53,40000
2008-01-16,0.49,0.53,0.49,0.52,40200
2008-01-17,0.5,0.52,0.5,0.52,29727
2008-01-18,0.52,0.52,0.5,0.52,4344
2008-01-22,0.52,0.52,0.48,0.5,84800
2008-01-24,0.48,0.5,0.47,0.49,27500
2008-01-25,0.48,0.52,0.48,0.5,78000
2008-01-28,0.51,0.51,0.5,0.5,72500
2008-01-29,0.51,0.51,0.51,0.51,2800
2008-01-30,0.49,0.51,0.47,0.51,57915
2008-01-31,0.5,0.5,0.5,0.5,12000
2008-02-01,0.48,0.51,0.48,0.5,7300
2008-02-04,0.47,0.51,0.47,0.51,8640
2008-02-05,0.47,0.51,0.47,0.49,7500
2008-02-06,0.51,0.51,0.5,0.5,51000
2008-02-07,0.5,0.5,0.49,0.5,32000
2008-02-08,0.51,0.51,0.48,0.49,94374
2008-02-11,0.48,0.49,0.46,0.48,63950
2008-02-12,0.46,0.48,0.44,0.44,41000
2008-02-13,0.44,0.48,0.44,0.48,36800
2008-02-14,0.46,0.46,0.45,0.45,22000
2008-02-15,0.44,0.47,0.44,0.46,84000
2008-02-19,0.44,0.5,0.44,0.44,99030
2008-02-20,0.44,0.44,0.43,0.44,8220
2008-02-21,0.45,0.45,0.44,0.45,14000
2008-02-22,0.45,0.46,0.44,0.44,34550
2008-02-25,0.45,0.45,0.41,0.45,130275
2008-02-26,0.45,0.47,0.44,0.47,90750
2008-02-27,0.48,0.5,0.46,0.46,81698
2008-02-28,0.51,0.51,0.47,0.47,101100
2008-02-29,0.5,0.52,0.48,0.51,92200
2008-03-03,0.5,0.5,0.46,0.5,70500
2008-03-04,0.5,0.5,0.48,0.5,62631
2008-03-05,0.48,0.48,0.46,0.46,10930
2008-03-06,0.46,0.49,0.46,0.49,47100
2008-03-07,0.49,0.49,0.47,0.47,20701
2008-03-10,0.47,0.47,0.46,0.46,53000
2008-03-11,0.46,0.47,0.46,0.47,14000
2008-03-12,0.48,0.49,0.46,0.48,59185
2008-03-13,0.48,0.49,0.47,0.49,91795
2008-03-14,0.48,0.5,0.48,0.5,69148
2008-03-17,0.47,0.48,0.47,0.48,9600
2008-03-18,0.44,0.46,0.44,0.45,35854
2008-03-19,0.46,0.46,0.44,0.44,51630
2008-03-20,0.44,0.44,0.42,0.42,80000
2008-03-24,0.44,0.44,0.42,0.42,37500
2008-03-25,0.42,0.48,0.42,0.48,60300
2008-03-26,0.45,0.45,0.45,0.45,10000
2008-03-27,0.45,0.45,0.45,0.45,15000
2008-03-31,0.44,0.49,0.44,0.49,31000
2008-04-01,0.5,0.62,0.5,0.6,236644
2008-04-02,0.6,0.6,0.53,0.54,319053
2008-04-03,0.53,0.53,0.52,0.53,35440
2008-04-04,0.51,0.53,0.51,0.53,22500
2008-04-07,0.52,0.53,0.47,0.48,108500
2008-04-08,0.48,0.48,0.47,0.48,10833
2008-04-09,0.46,0.49,0.46,0.49,22000
2008-04-10,0.52,0.52,0.49,0.51,32033
2008-04-11,0.51,0.52,0.51,0.51,119450
2008-04-14,0.5,0.52,0.5,0.51,81814
2008-04-16,0.52,0.53,0.5,0.5,63450
2008-04-17,0.5,0.5,0.5,0.5,27000
2008-04-18,0.5,0.5,0.49,0.49,57850
2008-04-21,0.5,0.52,0.5,0.52,71000
2008-04-22,0.49,0.5,0.49,0.49,9819
2008-04-23,0.49,0.5,0.49,0.5,33687
2008-04-24,0.5,0.52,0.49,0.52,48500
2008-04-25,0.49,0.5,0.47,0.47,100020
2008-04-29,0.5,0.51,0.5,0.51,178243
2008-04-30,0.52,0.6,0.5,0.57,248326
2008-05-01,0.57,0.63,0.52,0.62,285924
2008-05-02,0.61,0.73,0.58,0.73,969368
2008-05-05,0.74,0.74,0.68,0.72,188825
2008-05-06,0.72,0.73,0.56,0.73,236500
2008-05-07,0.71,0.73,0.68,0.7,391614
2008-05-08,0.74,0.78,0.71,0.78,280154
2008-05-09,0.78,0.79,0.72,0.77,381395
2008-05-12,0.79,0.8,0.72,0.72,110976
2008-05-13,0.73,0.74,0.72,0.74,65500
2008-05-14,0.73,0.74,0.73,0.74,154900
2008-05-15,0.73,0.74,0.65,0.65,67000
2008-05-16,0.68,0.68,0.62,0.67,93850
2008-05-19,0.67,0.69,0.63,0.69,65100
2008-05-20,0.67,0.74,0.67,0.74,103500
2008-05-21,0.74,0.74,0.71,0.71,15600
2008-05-22,0.72,0.73,0.72,0.73,2130
2008-05-23,0.73,0.73,0.73,0.73,6500
2008-05-27,0.73,0.76,0.73,0.76,92425
2008-05-28,0.76,0.76,0.76,0.76,67900
2008-05-29,0.78,0.79,0.76,0.79,133852
2008-05-30,0.77,0.87,0.77,0.86,218414
2008-06-02,0.87,0.87,0.78,0.86,66562
2008-06-03,0.82,0.86,0.82,0.82,4600
2008-06-04,0.8,0.85,0.79,0.85,49388
2008-06-05,0.82,0.87,0.75,0.86,135144
2008-06-06,0.83,0.87,0.78,0.78,56246
2008-06-09,0.86,0.86,0.86,0.86,11644
2008-06-10,0.81,0.84,0.8,0.84,50571
2008-06-11,0.84,0.84,0.83,0.84,53748
2008-06-12,0.82,0.84,0.82,0.84,17100
2008-06-13,0.83,0.83,0.82,0.82,9250
2008-06-16,0.84,0.86,0.82,0.84,25420
2008-06-17,0.84,0.84,0.78,0.84,45030
2008-06-18,0.82,0.82,0.8,0.82,25179
2008-06-19,0.82,0.82,0.74,0.8,75559
2008-06-20,0.8,0.8,0.8,0.8,8500
2008-06-23,0.8,0.86,0.8,0.81,74450
2008-06-24,0.82,0.85,0.8,0.85,45300
2008-06-25,0.85,0.85,0.82,0.85,73565
2008-06-26,0.85,0.85,0.82,0.82,9800
2008-06-27,0.82,0.85,0.82,0.82,26000
2008-06-30,0.8,0.8,0.77,0.8,64430
2008-07-01,0.77,0.78,0.71,0.77,76222
2008-07-02,0.75,0.78,0.75,0.76,126924
2008-07-03,0.8,0.83,0.8,0.83,32548
2008-07-07,0.84,0.84,0.78,0.81,116594
2008-07-08,0.81,0.83,0.8,0.81,96400
2008-07-09,0.81,0.84,0.81,0.84,22120
2008-07-10,0.84,0.86,0.84,0.85,95800
2008-07-11,0.83,0.83,0.8,0.81,19500
2008-07-14,0.81,0.82,0.8,0.82,28374
2008-07-15,0.81,0.81,0.81,0.81,304
2008-07-16,0.8,0.8,0.73,0.73,137955
2008-07-17,0.72,0.77,0.72,0.75,74177
2008-07-18,0.75,0.75,0.72,0.75,12750
2008-07-21,0.75,0.75,0.72,0.75,36500
2008-07-22,0.73,0.76,0.72,0.75,37700
2008-07-24,0.74,0.76,0.72,0.76,189100
2008-07-25,0.76,0.76,0.71,0.72,34100
2008-07-28,0.71,0.71,0.7,0.7,33005
2008-07-29,0.76,0.76,0.7,0.7,9500
2008-07-30,0.71,0.75,0.71,0.75,4100
2008-07-31,0.75,0.75,0.75,0.75,4520
2008-08-01,0.73,0.76,0.73,0.76,35937
2008-08-04,0.75,0.75,0.75,0.75,5563
2008-08-05,0.76,0.76,0.76,0.76,5000
2008-08-06,0.77,0.84,0.77,0.81,61766
2008-08-07,0.82,0.82,0.75,0.75,18110
2008-08-08,0.75,0.76,0.74,0.74,60500
2008-08-11,0.74,0.75,0.72,0.75,44900
2008-08-12,0.72,0.76,0.71,0.76,36426
2008-08-13,0.72,0.73,0.72,0.73,5500
2008-08-14,0.73,0.76,0.73,0.73,12183
2008-08-15,0.73,0.73,0.7,0.7,42300
2008-08-18,0.72,0.72,0.68,0.68,17715
2008-08-19,0.68,0.69,0.68,0.69,67360
2008-08-20,0.69,0.7,0.68,0.68,79210
2008-08-21,0.67,0.68,0.67,0.68,62768
2008-08-22,0.69,0.72,0.68,0.72,125415
2008-08-25,0.7,0.76,0.7,0.73,12100
2008-08-26,0.72,0.76,0.72,0.76,15600
2008-08-27,0.72,0.73,0.72,0.73,45000
2008-08-28,0.73,0.8,0.73,0.74,19500
2008-08-29,0.75,0.75,0.74,0.74,11000
2008-09-02,0.75,0.77,0.73,0.77,12500
2008-09-03,0.73,0.73,0.73,0.73,6500
2008-09-04,0.73,0.73,0.63,0.67,271850
2008-09-05,0.67,0.67,0.67,0.67,5200
2008-09-08,0.67,0.67,0.66,0.67,35100
2008-09-09,0.67,0.68,0.67,0.67,46800
2008-09-10,0.66,0.67,0.66,0.67,29200
2008-09-11,0.66,0.66,0.66,0.66,6400
2008-09-12,0.66,0.66,0.66,0.66,5500
2008-09-15,0.66,0.66,0.62,0.62,36995
2008-09-16,0.64,0.65,0.64,0.65,19502
2008-09-17,0.65,0.65,0.62,0.63,17000
2008-09-18,0.62,0.62,0.54,0.57,62709
2008-09-19,0.59,0.59,0.53,0.56,60500
2008-09-22,0.56,0.56,0.5,0.52,129962
2008-09-23,0.54,0.54,0.53,0.54,9403
2008-09-24,0.55,0.55,0.55,0.55,403
2008-09-25,0.55,0.59,0.52,0.55,85900
2008-09-26,0.55,0.65,0.48,0.64,60800
2008-09-29,0.65,0.65,0.58,0.6,86603
2008-09-30,0.65,0.65,0.59,0.6,85550
2008-10-01,0.54,0.54,0.54,0.54,100
2008-10-02,0.56,0.56,0.51,0.52,123600
2008-10-03,0.51,0.51,0.49,0.49,17238
2008-10-06,0.5,0.5,0.47,0.49,23737
2008-10-07,0.48,0.48,0.44,0.44,101919
2008-10-08,0.46,0.46,0.43,0.45,46351
2008-10-09,0.43,0.43,0.41,0.41,68838
2008-10-10,0.41,0.46,0.41,0.43,22318
2008-10-13,0.46,0.46,0.46,0.46,1000
2008-10-14,0.48,0.48,0.43,0.43,290192
2008-10-15,0.43,0.43,0.42,0.42,24400
2008-10-16,0.45,0.45,0.45,0.45,5500
2008-10-17,0.42,0.45,0.42,0.43,18432
2008-10-20,0.43,0.44,0.43,0.44,8000
2008-10-21,0.45,0.45,0.43,0.43,20300
2008-10-22,0.42,0.42,0.41,0.42,20150
2008-10-23,0.44,0.44,0.41,0.41,37350
2008-10-24,0.41,0.48,0.41,0.48,29500
2008-10-27,0.42,0.45,0.42,0.42,76700
2008-10-28,0.43,0.43,0.43,0.43,19367
2008-10-29,0.41,0.41,0.41,0.41,20447
2008-10-30,0.41,0.41,0.41,0.41,12200
2008-10-31,0.42,0.42,0.42,0.42,10000
2008-11-03,0.42,0.42,0.42,0.42,13175
2008-11-04,0.42,0.42,0.42,0.42,5000
2008-11-05,0.42,0.43,0.42,0.43,9500
2008-11-06,0.43,0.47,0.42,0.43,55250
2008-11-07,0.43,0.43,0.42,0.42,34200
2008-11-10,0.41,0.41,0.41,0.41,35000
2008-11-11,0.41,0.42,0.4,0.42,37100
2008-11-12,0.4,0.4,0.31,0.35,168556
2008-11-13,0.35,0.37,0.27,0.32,106850
2008-11-14,0.33,0.38,0.33,0.38,1100
2008-11-17,0.33,0.34,0.25,0.34,262022
2008-11-18,0.27,0.33,0.27,0.33,32381
2008-11-19,0.31,0.33,0.29,0.32,44450
2008-11-20,0.29,0.33,0.27,0.27,36000
2008-11-21,0.27,0.33,0.27,0.33,31000
2008-11-24,0.33,0.33,0.25,0.32,110650
2008-11-25,0.25,0.27,0.24,0.25,308848
2008-11-26,0.24,0.26,0.24,0.26,35500
2008-11-28,0.26,0.31,0.24,0.27,79923
2008-12-01,0.27,0.3,0.27,0.3,21600
2008-12-02,0.25,0.3,0.25,0.3,15670
2008-12-03,0.3,0.3,0.3,0.3,4500
2008-12-04,0.3,0.32,0.29,0.32,132800
2008-12-05,0.3,0.36,0.3,0.33,61290
2008-12-08,0.36,0.59,0.36,0.56,235353
2008-12-09,0.51,0.54,0.47,0.54,145622
2008-12-10,0.54,0.54,0.5,0.5,33815
2008-12-11,0.52,0.59,0.52,0.52,64400
2008-12-12,0.51,0.53,0.5,0.53,44560
2008-12-15,0.5,0.5,0.46,0.46,174173
2008-12-16,0.36,0.5,0.36,0.4,10500
2008-12-17,0.41,0.55,0.41,0.55,42000
2008-12-18,0.54,0.54,0.4,0.4,99070
2008-12-19,0.4,0.45,0.34,0.45,732205
2008-12-22,0.42,0.42,0.4,0.42,28500
2008-12-23,0.42,0.42,0.37,0.37,55100
2008-12-24,0.37,0.39,0.37,0.39,51850
2008-12-26,0.39,0.55,0.39,0.4,48100
2008-12-29,0.4,0.42,0.39,0.4,38951
2008-12-30,0.4,0.4,0.38,0.38,118735
2008-12-31,0.52,0.52,0.38,0.44,213300
2009-01-02,0.4,0.42,0.38,0.38,21500
2009-01-05,0.38,0.41,0.38,0.4,45600
2009-01-06,0.38,0.42,0.38,0.38,42000
2009-01-07,0.38,0.38,0.35,0.35,142500
2009-01-08,0.35,0.37,0.33,0.35,149981
2009-01-09,0.35,0.38,0.34,0.35,88727
2009-01-12,0.36,0.36,0.35,0.35,71352
2009-01-13,0.38,0.4,0.38,0.4,30000
2009-01-14,0.36,0.36,0.36,0.36,20000
2009-01-15,0.36,0.36,0.36,0.36,34600
2009-01-16,0.42,0.42,0.36,0.36,103000
2009-01-20,0.36,0.4,0.34,0.34,259617
2009-01-21,0.34,0.42,0.34,0.42,20800
2009-01-22,0.36,0.36,0.36,0.36,20000
2009-01-23,0.36,0.36,0.34,0.34,60135
2009-01-26,0.34,0.36,0.34,0.35,32500
2009-01-28,0.34,0.35,0.34,0.35,7100
2009-01-29,0.34,0.35,0.34,0.34,83200
2009-01-30,0.34,0.34,0.34,0.34,21000
2009-02-02,0.34,0.36,0.34,0.35,67150
2009-02-03,0.35,0.4,0.34,0.38,157200
2009-02-04,0.4,0.4,0.36,0.36,58660
2009-02-05,0.36,0.39,0.34,0.34,81101
2009-02-06,0.35,0.37,0.34,0.36,78730
2009-02-09,0.36,0.36,0.36,0.36,215
2009-02-10,0.35,0.36,0.35,0.35,77450
2009-02-11,0.35,0.36,0.35,0.36,34500
2009-02-12,0.36,0.4,0.34,0.34,15250
2009-02-13,0.34,0.34,0.31,0.31,47000
2009-02-17,0.35,0.35,0.3,0.3,13100
2009-02-18,0.26,0.3,0.23,0.28,446400
2009-02-19,0.29,0.29,0.26,0.28,59020
2009-02-20,0.32,0.32,0.25,0.26,28000
2009-02-23,0.25,0.25,0.24,0.24,161018
2009-02-24,0.24,0.3,0.24,0.3,187920
2009-02-25,0.26,0.32,0.26,0.28,524202
2009-02-26,0.28,0.28,0.27,0.27,19818
2009-02-27,0.26,0.26,0.26,0.26,20000
2009-03-02,0.25,0.25,0.24,0.25,41750
2009-03-03,0.22,0.26,0.22,0.26,31600
2009-03-04,0.26,0.26,0.23,0.26,17500
2009-03-05,0.25,0.25,0.25,0.25,900
2009-03-06,0.3,0.3,0.3,0.3,14818
2009-03-09,0.3,0.3,0.21,0.21,12000
2009-03-10,0.25,0.32,0.23,0.32,46200
2009-03-11,0.25,0.32,0.25,0.32,139818
2009-03-12,0.28,0.29,0.28,0.29,20000
2009-03-13,0.25,0.31,0.25,0.31,2500
2009-03-16,0.31,0.33,0.3,0.3,45000
2009-03-18,0.28,0.3,0.28,0.28,25166
2009-03-19,0.28,0.28,0.26,0.26,18000
2009-03-20,0.29,0.29,0.29,0.29,5000
2009-03-23,0.27,0.3,0.26,0.3,39512
2009-03-24,0.27,0.28,0.24,0.26,148983
2009-03-25,0.28,0.28,0.26,0.28,34450
2009-03-26,0.28,0.3,0.26,0.26,16510
2009-03-27,0.26,0.34,0.25,0.34,124073
2009-03-30,0.26,0.26,0.26,0.26,1000
2009-03-31,0.34,0.34,0.26,0.34,26953
2009-04-01,0.31,0.32,0.29,0.32,603370
2009-04-02,0.34,0.38,0.32,0.38,82628
2009-04-03,0.34,0.46,0.34,0.42,115600
2009-04-06,0.41,0.48,0.39,0.48,73500
2009-04-07,0.51,0.51,0.48,0.5,255527
2009-04-08,0.51,0.51,0.45,0.45,34650
2009-04-09,0.45,0.47,0.45,0.45,42500
2009-04-13,0.45,0.46,0.43,0.45,47871
2009-04-14,0.46,0.46,0.41,0.41,23529
2009-04-15,0.41,0.45,0.41,0.45,20800
2009-04-16,0.51,0.51,0.4,0.42,27380
2009-04-17,0.41,0.41,0.4,0.4,16600
2009-04-20,0.49,0.49,0.39,0.48,5300
2009-04-21,0.45,0.45,0.44,0.44,3700
2009-04-22,0.43,0.43,0.4,0.4,30500
2009-04-23,0.43,0.44,0.42,0.42,58934
2009-04-24,0.44,0.49,0.44,0.47,44546
2009-04-27,0.46,0.47,0.41,0.42,938395
2009-04-28,0.45,0.45,0.42,0.42,43311
2009-04-30,0.43,0.49,0.43,0.49,13000
2009-05-01,0.49,0.49,0.49,0.49,5000
2009-05-04,0.48,0.48,0.45,0.47,20000
2009-05-05,0.45,0.46,0.45,0.46,13244
2009-05-06,0.48,0.59,0.46,0.58,176221
2009-05-07,0.47,0.58,0.45,0.46,191256
2009-05-08,0.45,0.56,0.45,0.55,17372
2009-05-11,0.55,0.59,0.55,0.55,35075
2009-05-12,0.54,0.58,0.5,0.54,15500
2009-05-13,0.58,0.58,0.49,0.57,7000
2009-05-14,0.5,0.5,0.48,0.48,23435
2009-05-15,0.48,0.48,0.43,0.45,31750
2009-05-18,0.43,0.45,0.43,0.44,22045
2009-05-19,0.45,0.45,0.45,0.45,2500
2009-05-20,0.46,0.46,0.45,0.45,5900
2009-05-21,0.46,0.46,0.42,0.42,23100
2009-05-22,0.44,0.44,0.44,0.44,7000
2009-05-26,0.42,0.44,0.42,0.44,2200
2009-05-27,0.44,0.44,0.44,0.44,4255
2009-05-28,0.44,0.52,0.34,0.52,104150
2009-05-29,0.44,0.54,0.44,0.54,10500
2009-06-01,0.4,0.5,0.4,0.4,10700
2009-06-02,0.45,0.45,0.45,0.45,100
2009-06-03,0.42,0.42,0.42,0.42,4000
2009-06-04,0.41,0.41,0.31,0.41,123941
2009-06-05,0.41,0.49,0.4,0.49,133750
2009-06-08,0.47,0.47,0.44,0.44,15000
2009-06-09,0.4,0.45,0.4,0.45,1800
2009-06-10,0.45,0.45,0.4,0.45,18491
2009-06-11,0.45,0.45,0.4,0.4,11900
2009-06-12,0.41,0.41,0.41,0.41,1000
2009-06-15,0.41,0.41,0.41,0.41,10600
2009-06-16,0.42,0.44,0.42,0.44,4550
2009-06-17,0.4,0.4,0.4,0.4,1595
2009-06-18,0.4,0.41,0.4,0.41,635
2009-06-19,0.4,0.43,0.4,0.43,6220
2009-06-23,0.4,0.4,0.4,0.4,1460
2009-06-24,0.42,0.42,0.4,0.42,8100
2009-06-25,0.41,0.42,0.41,0.41,19397
2009-06-26,0.4,0.4,0.39,0.39,8780
2009-06-29,0.34,0.42,0.34,0.4,21000
2009-06-30,0.34,0.41,0.34,0.4,23200
2009-07-01,0.35,0.35,0.35,0.35,5000
2009-07-02,0.35,0.4,0.35,0.4,85700
2009-07-06,0.4,0.4,0.38,0.4,33000
2009-07-07,0.4,0.4,0.39,0.39,9850
2009-07-08,0.39,0.4,0.39,0.4,62575
2009-07-09,0.4,0.4,0.4,0.4,10000
2009-07-10,0.4,0.45,0.39,0.4,941450
2009-07-13,0.4,0.4,0.4,0.4,208865
2009-07-14,0.39,0.4,0.36,0.4,66750
2009-07-15,0.39,0.4,0.39,0.4,14570
2009-07-16,0.4,0.4,0.37,0.39,112370
2009-07-17,0.37,0.4,0.37,0.38,23900
2009-07-20,0.39,0.39,0.39,0.39,4600
2009-07-21,0.39,0.4,0.39,0.4,7215
2009-07-22,0.4,0.4,0.39,0.39,34750
2009-07-23,0.4,0.4,0.39,0.39,71700
2009-07-24,0.39,0.39,0.38,0.39,63377
2009-07-27,0.38,0.39,0.37,0.39,156100
2009-07-28,0.37,0.39,0.37,0.39,40500
2009-07-29,0.39,0.39,0.39,0.39,15300
2009-07-30,0.38,0.39,0.38,0.39,71125
2009-07-31,0.38,0.39,0.37,0.39,144375
2009-08-03,0.39,0.39,0.39,0.39,3121
2009-08-04,0.39,0.39,0.39,0.39,15000
2009-08-06,0.39,0.39,0.39,0.39,43220
2009-08-07,0.39,0.39,0.39,0.39,87000
2009-08-10,0.39,0.39,0.36,0.37,39000
2009-08-11,0.36,0.36,0.36,0.36,5000
2009-08-12,0.39,0.39,0.39,0.39,5100
2009-08-13,0.39,0.39,0.37,0.39,21491
2009-08-14,0.39,0.39,0.39,0.39,2500
2009-08-17,0.38,0.38,0.38,0.38,41087
2009-08-18,0.39,0.45,0.39,0.45,1004099
2009-08-19,0.45,0.46,0.44,0.46,151910
2009-08-20,0.47,0.48,0.46,0.48,157072
2009-08-21,0.5,0.52,0.47,0.51,230200
2009-08-24,0.51,0.51,0.46,0.47,135100
2009-08-25,0.48,0.49,0.48,0.48,82500
2009-08-26,0.49,0.49,0.48,0.48,898083
2009-08-27,0.48,0.52,0.48,0.52,360386
2009-08-28,0.52,0.54,0.5,0.5,214980
2009-08-31,0.51,0.51,0.5,0.5,115600
2009-09-01,0.5,0.5,0.45,0.47,185653
2009-09-02,0.5,0.5,0.45,0.45,119810
2009-09-03,0.48,0.54,0.47,0.54,298200
2009-09-04,0.54,0.54,0.51,0.53,76000
2009-09-08,0.53,0.57,0.52,0.54,554893
2009-09-09,0.55,0.6,0.54,0.56,151050
2009-09-10,0.6,0.6,0.59,0.6,93970
2009-09-11,0.6,0.6,0.58,0.59,30600
2009-09-14,0.59,0.61,0.55,0.6,97000
2009-09-15,0.65,0.65,0.61,0.63,167557
2009-09-16,0.64,0.64,0.6,0.63,34000
2009-09-17,0.63,0.63,0.6,0.6,62350
2009-09-18,0.6,0.64,0.57,0.64,156943
2009-09-21,0.64,0.69,0.64,0.69,88723
2009-09-22,0.7,0.73,0.68,0.7,188720
2009-09-23,0.7,0.7,0.65,0.67,226736
2009-09-24,0.66,0.67,0.64,0.67,72361
2009-09-25,0.66,0.73,0.62,0.63,72760
2009-09-28,0.64,0.68,0.63,0.63,332308
2009-09-29,0.64,0.7,0.61,0.7,460925
2009-09-30,0.69,0.75,0.65,0.7,461950
2009-10-01,0.69,0.75,0.66,0.66,35150
2009-10-02,0.66,0.66,0.62,0.62,100722
2009-10-05,0.62,0.64,0.61,0.62,65650
2009-10-06,0.62,0.65,0.62,0.62,47006
2009-10-07,0.66,0.7,0.63,0.63,42500
2009-10-08,0.7,0.7,0.62,0.7,86416
2009-10-09,0.65,0.7,0.65,0.68,87168
2009-10-12,0.67,0.68,0.67,0.68,1755
2009-10-13,0.7,0.7,0.63,0.68,34250
2009-10-14,0.65,0.66,0.63,0.63,38175
2009-10-15,0.65,0.72,0.65,0.67,39400
2009-10-16,0.7,0.7,0.64,0.66,45347
2009-10-19,0.66,0.66,0.64,0.65,138132
2009-10-20,0.65,0.65,0.63,0.64,29930
2009-10-21,0.64,0.64,0.64,0.64,18000
2009-10-22,0.64,0.64,0.64,0.64,1500
2009-10-23,0.64,0.66,0.64,0.64,66800
2009-10-26,0.64,0.65,0.62,0.62,60127
2009-10-27,0.62,0.62,0.58,0.58,10000
2009-10-28,0.62,0.65,0.62,0.65,2800
2009-10-29,0.64,0.69,0.59,0.66,97104
2009-10-30,0.69,0.7,0.64,0.65,47447
2009-11-02,0.61,0.65,0.61,0.65,19683
2009-11-03,0.65,0.65,0.63,0.65,71075
2009-11-04,0.65,0.65,0.63,0.65,18200
2009-11-05,0.63,0.65,0.61,0.64,13050
2009-11-06,0.64,0.7,0.64,0.7,45338
2009-11-09,0.7,0.74,0.69,0.69,181231
2009-11-10,0.73,0.73,0.7,0.7,19584
2009-11-11,0.7,0.7,0.69,0.69,62600
2009-11-12,0.65,0.7,0.65,0.69,76115
2009-11-13,0.67,0.7,0.66,0.69,174600
2009-11-16,0.65,0.7,0.65,0.7,163373
2009-11-17,0.7,0.7,0.7,0.7,7466
2009-11-18,0.7,0.7,0.69,0.7,119800
2009-11-19,0.65,0.7,0.65,0.7,22170
2009-11-20,0.7,0.74,0.67,0.74,90520
2009-11-23,0.74,0.74,0.69,0.73,6274
2009-11-24,0.71,0.71,0.68,0.68,24760
2009-11-25,0.69,0.71,0.69,0.69,35200
2009-11-27,0.67,0.67,0.65,0.65,34200
2009-11-30,0.65,0.66,0.63,0.64,324630
2009-12-01,0.64,0.68,0.64,0.68,41019
2009-12-02,0.61,0.7,0.61,0.7,30880
2009-12-03,0.66,0.7,0.64,0.64,16300
2009-12-04,0.65,0.66,0.6,0.62,179012
2009-12-08,0.58,0.65,0.58,0.61,60270
2009-12-09,0.65,0.65,0.61,0.65,19630
2009-12-10,0.65,0.65,0.63,0.63,4500
2009-12-11,0.65,0.65,0.65,0.65,7325
2009-12-14,0.65,0.66,0.62,0.66,5195
2009-12-15,0.65,0.65,0.6,0.6,13825
2009-12-16,0.65,0.65,0.62,0.65,12600
2009-12-17,0.67,0.69,0.65,0.68,73725
2009-12-18,0.65,0.68,0.6,0.67,115722
2009-12-21,0.67,0.68,0.63,0.65,36770
2009-12-22,0.64,0.68,0.62,0.67,15843
2009-12-23,0.66,0.68,0.63,0.65,26750
2009-12-24,0.63,0.67,0.63,0.67,200
2009-12-28,0.64,0.68,0.64,0.65,21984
2009-12-29,0.62,0.7,0.62,0.7,28100
2009-12-30,0.7,0.7,0.63,0.69,18636
2009-12-31,0.64,0.7,0.64,0.69,54840
2010-01-04,0.69,0.71,0.68,0.68,68500
2010-01-05,0.7,0.72,0.67,0.68,145718
2010-01-06,0.68,0.72,0.68,0.7,67485
2010-01-07,0.7,0.71,0.65,0.68,27000
2010-01-08,0.68,0.7,0.67,0.7,45288
2010-01-11,0.67,0.7,0.67,0.7,9636
2010-01-12,0.7,0.7,0.69,0.69,18490
2010-01-13,0.7,0.71,0.69,0.7,34162
2010-01-14,0.71,0.71,0.69,0.71,90574
2010-01-15,0.71,0.72,0.7,0.7,15033
2010-01-19,0.7,0.72,0.68,0.72,37412
2010-01-20,0.69,0.72,0.69,0.69,8665
2010-01-21,0.69,0.7,0.69,0.69,20000
2010-01-22,0.73,0.73,0.69,0.73,22700
2010-01-25,0.73,0.73,0.7,0.7,21190
2010-01-26,0.73,0.73,0.68,0.68,5200
2010-01-27,0.65,0.65,0.65,0.65,6117
2010-01-28,0.65,0.7,0.61,0.7,38107
2010-01-29,0.67,0.67,0.67,0.67,3000
2010-02-01,0.65,0.65,0.63,0.63,15610
2010-02-02,0.65,0.65,0.65,0.65,1530
2010-02-03,0.62,0.62,0.56,0.61,89900
2010-02-04,0.57,0.68,0.57,0.68,47179
2010-02-08,0.6,0.75,0.6,0.7,52809
2010-02-09,0.55,0.7,0.55,0.7,37802
2010-02-10,0.61,0.7,0.56,0.7,56540
2010-02-11,0.7,0.7,0.63,0.68,2670
2010-02-12,0.64,0.68,0.64,0.68,5834
2010-02-16,0.69,0.69,0.66,0.66,312500
2010-02-17,0.65,0.7,0.65,0.66,674218
2010-02-18,0.67,0.7,0.67,0.7,19505
2010-02-19,0.69,0.7,0.66,0.66,36774
2010-02-22,0.68,0.68,0.68,0.68,10000
2010-02-23,0.68,0.7,0.68,0.7,14000
2010-02-24,0.7,0.72,0.67,0.72,345950
2010-02-25,0.72,0.74,0.7,0.74,91744
2010-02-26,0.74,0.74,0.73,0.73,77456
2010-03-01,0.74,0.76,0.7,0.75,129126
2010-03-02,0.76,0.81,0.75,0.78,326880
2010-03-03,0.79,0.85,0.78,0.81,811356
2010-03-04,0.83,0.85,0.81,0.85,109531
2010-03-05,0.85,0.87,0.83,0.83,67226
2010-03-08,0.8,0.87,0.8,0.85,41835
2010-03-09,0.85,0.85,0.8,0.85,17925
2010-03-10,0.8,0.85,0.8,0.85,19200
2010-03-11,0.85,0.85,0.84,0.84,33335
2010-03-12,0.82,0.85,0.82,0.85,6650
2010-03-15,0.84,0.84,0.8,0.83,33500
2010-03-16,0.85,0.87,0.83,0.87,83354
2010-03-17,0.84,0.87,0.75,0.85,217200
2010-03-18,0.89,0.89,0.8,0.88,31300
2010-03-19,0.81,0.88,0.78,0.88,24373
2010-03-22,0.88,0.88,0.82,0.88,8250
2010-03-23,0.88,0.88,0.85,0.88,22365
2010-03-24,0.81,0.86,0.81,0.86,22725
2010-03-26,0.8,0.88,0.79,0.88,23833
2010-03-29,0.78,0.88,0.78,0.84,7272
2010-03-30,0.81,0.88,0.81,0.86,31500
2010-03-31,0.86,0.86,0.8,0.86,40500
2010-04-05,0.8,0.85,0.8,0.84,29472
2010-04-06,0.8,0.85,0.8,0.85,58700
2010-04-07,0.78,0.9,0.7,0.75,103060
2010-04-08,0.75,0.75,0.65,0.71,265763
2010-04-09,0.78,0.78,0.67,0.7,135620
2010-04-12,0.75,0.75,0.65,0.7,36800
2010-04-13,0.7,0.7,0.5,0.7,7339121
2010-04-14,0.7,0.7,0.61,0.62,212271
2010-04-15,0.62,0.65,0.56,0.62,393162
2010-04-16,0.6,0.62,0.59,0.59,166146
2010-04-19,0.62,0.62,0.58,0.58,81639
2010-04-20,0.6,0.68,0.58,0.67,213244
2010-04-21,0.67,0.67,0.6,0.65,40772
2010-04-22,0.62,0.63,0.62,0.63,9440
2010-04-23,0.65,0.66,0.65,0.66,66900
2010-04-26,0.67,0.67,0.65,0.65,153500
2010-04-27,0.65,0.65,0.63,0.65,80250
2010-04-28,0.62,0.62,0.59,0.59,112900
2010-04-29,0.6,0.62,0.59,0.6,144178
2010-04-30,0.6,0.6,0.54,0.54,189800
2010-05-03,0.55,0.6,0.55,0.6,107400
2010-05-04,0.61,0.65,0.6,0.61,153143
2010-05-05,0.61,0.64,0.6,0.63,98270
2010-05-06,0.63,0.65,0.61,0.61,242978
2010-05-07,0.6,0.62,0.57,0.58,64800
2010-05-10,0.61,0.61,0.57,0.57,9000
2010-05-11,0.61,0.61,0.58,0.58,74150
2010-05-12,0.59,0.65,0.58,0.65,101700
2010-05-13,0.6,0.6,0.58,0.59,201000
2010-05-14,0.6,0.64,0.58,0.62,93425
2010-05-17,0.65,0.65,0.58,0.58,69100
2010-05-18,0.62,0.62,0.58,0.58,7950
2010-05-19,0.58,0.58,0.58,0.58,10000
2010-05-20,0.62,0.65,0.58,0.61,36300
2010-05-21,0.61,0.61,0.56,0.56,63775
2010-05-24,0.57,0.57,0.56,0.56,11125
2010-05-25,0.6,0.6,0.6,0.6,59195
2010-05-26,0.6,0.64,0.58,0.6,97785
2010-05-27,0.6,0.6,0.57,0.57,13500
2010-05-28,0.58,0.58,0.58,0.58,9894
2010-06-01,0.57,0.57,0.57,0.57,1000
2010-06-02,0.58,0.58,0.58,0.58,2500
2010-06-03,0.58,0.6,0.57,0.57,14770
2010-06-04,0.57,0.58,0.57,0.58,30982
2010-06-07,0.56,0.56,0.55,0.55,9100
2010-06-08,0.55,0.59,0.55,0.59,14900
2010-06-09,0.56,0.59,0.56,0.59,5350
2010-06-10,0.6,0.68,0.6,0.64,278644
2010-06-11,0.65,0.65,0.63,0.63,11750
2010-06-14,0.64,0.66,0.63,0.65,45600
2010-06-15,0.62,0.62,0.6,0.61,12500
2010-06-16,0.61,0.61,0.6,0.6,8800
2010-06-17,0.6,0.6,0.6,0.6,13780
2010-06-18,0.65,0.65,0.58,0.58,10700
2010-06-21,0.58,0.61,0.57,0.57,4264
2010-06-22,0.57,0.57,0.54,0.56,75000
2010-06-23,0.54,0.54,0.52,0.52,32460
2010-06-24,0.51,0.51,0.46,0.49,22850
2010-06-25,0.46,0.5,0.43,0.49,108900
2010-06-28,0.5,0.5,0.45,0.5,16975
2010-06-29,0.44,0.51,0.44,0.5,68695
2010-06-30,0.49,0.49,0.49,0.49,22000
2010-07-01,0.44,0.44,0.44,0.44,1300
2010-07-02,0.5,0.5,0.5,0.5,1500
2010-07-06,0.5,0.59,0.5,0.59,3200
2010-07-07,0.45,0.54,0.45,0.54,7000
2010-07-08,0.45,0.49,0.45,0.49,55100
2010-07-09,0.5,0.51,0.5,0.5,104000
2010-07-12,0.49,0.5,0.49,0.5,9650
2010-07-13,0.5,0.5,0.5,0.5,15000
2010-07-14,0.5,0.5,0.5,0.5,13500
2010-07-15,0.47,0.47,0.47,0.47,2000
2010-07-16,0.5,0.5,0.5,0.5,10000
2010-07-19,0.46,0.5,0.46,0.5,36850
2010-07-20,0.48,0.5,0.45,0.5,45650
2010-07-21,0.46,0.5,0.45,0.5,35700
2010-07-22,0.48,0.5,0.48,0.5,11750
2010-07-23,0.48,0.48,0.48,0.48,9100
2010-07-26,0.45,0.45,0.44,0.44,4600
2010-07-27,0.45,0.45,0.45,0.45,8650
2010-07-28,0.43,0.45,0.38,0.45,78265
2010-07-29,0.45,0.45,0.45,0.45,3000
2010-07-30,0.43,0.43,0.43,0.43,2000
2010-08-02,0.36,0.44,0.36,0.44,96600
2010-08-03,0.4,0.5,0.4,0.47,58805
2010-08-04,0.44,0.44,0.43,0.43,16200
2010-08-05,0.43,0.45,0.43,0.45,189050
2010-08-06,0.4,0.5,0.4,0.5,15400
2010-08-09,0.45,0.46,0.45,0.46,10000
2010-08-11,0.45,0.46,0.45,0.45,18999
2010-08-12,0.52,0.52,0.4,0.4,20500
2010-08-17,0.5,0.5,0.41,0.44,16000
2010-08-18,0.44,0.44,0.4,0.4,107500
2010-08-19,0.44,0.44,0.44,0.44,8000
2010-08-23,0.4,0.43,0.4,0.43,77600
2010-08-24,0.43,0.43,0.35,0.37,185600
2010-08-25,0.35,0.37,0.33,0.37,36625
2010-08-26,0.35,0.37,0.35,0.37,9500
2010-08-27,0.36,0.37,0.35,0.37,72200
2010-08-30,0.35,0.35,0.35,0.35,23000
2010-08-31,0.35,0.36,0.34,0.35,16600
2010-09-01,0.34,0.36,0.34,0.36,23350
2010-09-02,0.36,0.36,0.36,0.36,5100
2010-09-03,0.36,0.39,0.34,0.39,35402
2010-09-07,0.33,0.36,0.33,0.36,31903
2010-09-08,0.33,0.43,0.33,0.43,50950
2010-09-09,0.37,0.37,0.33,0.36,18917
2010-09-10,0.35,0.35,0.35,0.35,20300
2010-09-13,0.37,0.37,0.3,0.33,72600
2010-09-14,0.35,0.37,0.32,0.36,116582
2010-09-15,0.36,0.38,0.36,0.38,64100
2010-09-16,0.38,0.38,0.35,0.38,26337
2010-09-17,0.35,0.42,0.35,0.37,213268
2010-09-20,0.37,0.4,0.37,0.4,33850
2010-09-22,0.4,0.4,0.4,0.4,1500
2010-09-23,0.4,0.4,0.4,0.4,4771
2010-09-24,0.41,0.41,0.4,0.4,17800
2010-09-27,0.38,0.38,0.38,0.38,8000
2010-09-28,0.38,0.42,0.38,0.39,33330
2010-09-29,0.38,0.43,0.38,0.43,31500
2010-09-30,0.36,0.4,0.36,0.4,21800
2010-10-04,0.36,0.36,0.36,0.36,1000
2010-10-05,0.36,0.37,0.36,0.36,93500
2010-10-06,0.36,0.36,0.35,0.36,61643
2010-10-07,0.37,0.37,0.32,0.33,57950
2010-10-08,0.33,0.35,0.33,0.33,32300
2010-10-11,0.37,0.37,0.36,0.37,25850
2010-10-12,0.33,0.37,0.33,0.37,180400
2010-10-13,0.37,0.38,0.37,0.38,2100
2010-10-14,0.33,0.35,0.33,0.35,8700
2010-10-15,0.36,0.36,0.35,0.35,14500
2010-10-18,0.33,0.34,0.32,0.32,63126
2010-10-19,0.43,0.43,0.43,0.43,700
2010-10-21,0.43,0.43,0.36,0.38,85800
2010-10-22,0.4,0.43,0.4,0.4,52375
2010-10-25,0.4,0.4,0.4,0.4,500
2010-10-26,0.35,0.38,0.35,0.35,42230
2010-10-28,0.37,0.37,0.37,0.37,22533
2010-10-29,0.4,0.4,0.4,0.4,4700
2010-11-01,0.35,0.4,0.35,0.4,5900
2010-11-02,0.4,0.48,0.4,0.42,194900
2010-11-03,0.42,0.44,0.4,0.44,44100
2010-11-04,0.4,0.47,0.4,0.47,23500
2010-11-05,0.42,0.48,0.42,0.47,1300
2010-11-08,0.45,0.46,0.45,0.45,147503
2010-11-09,0.48,0.51,0.42,0.47,56600
2010-11-10,0.5,0.5,0.43,0.48,93312
2010-11-11,0.51,0.51,0.51,0.51,13580
2010-11-12,0.51,0.51,0.45,0.45,1030
2010-11-15,0.51,0.52,0.51,0.52,3200
2010-11-16,0.5,0.52,0.36,0.47,164850
2010-11-17,0.45,0.5,0.45,0.48,21500
2010-11-18,0.51,0.51,0.48,0.5,21584
2010-11-19,0.44,0.55,0.43,0.55,69117
2010-11-22,0.55,0.57,0.46,0.52,57115
2010-11-23,0.52,0.58,0.52,0.56,108000
2010-11-24,0.58,0.58,0.55,0.56,60560
2010-11-26,0.57,0.59,0.57,0.59,3100
2010-11-29,0.59,0.59,0.54,0.55,30675
2010-11-30,0.58,0.58,0.54,0.54,12000
2010-12-01,0.58,0.6,0.58,0.59,118709
2010-12-02,0.61,0.65,0.59,0.65,335411
2010-12-03,0.68,0.68,0.61,0.61,36900
2010-12-06,0.6,0.65,0.6,0.63,149968
2010-12-07,0.65,0.67,0.59,0.66,145500
2010-12-08,0.66,0.66,0.62,0.62,88769
2010-12-09,0.61,0.61,0.6,0.6,6050
2010-12-10,0.6,0.63,0.6,0.61,29350
2010-12-13,0.65,0.66,0.62,0.62,79631
2010-12-14,0.62,0.62,0.62,0.62,9500
2010-12-15,0.62,0.64,0.6,0.64,71720
2010-12-16,0.62,0.66,0.6,0.66,76610
2010-12-17,0.66,0.66,0.6,0.64,14895
2010-12-20,0.63,0.65,0.6,0.6,22350
2010-12-21,0.65,0.65,0.6,0.61,37730
2010-12-22,0.63,0.63,0.6,0.6,41700
2010-12-23,0.59,0.63,0.59,0.63,10403
2010-12-27,0.59,0.61,0.59,0.59,12381
2010-12-28,0.56,0.57,0.54,0.54,74980
2010-12-29,0.53,0.53,0.4,0.5,79050
2010-12-30,0.59,0.72,0.56,0.71,354525
2010-12-31,0.7,0.7,0.62,0.66,774407
2011-01-03,0.66,0.66,0.61,0.61,52500
2011-01-04,0.63,0.71,0.63,0.71,49405
2011-01-05,0.72,0.75,0.68,0.74,91695
2011-01-06,0.68,0.72,0.68,0.72,42698
2011-01-07,0.72,0.74,0.69,0.74,53301
2011-01-10,0.73,0.73,0.69,0.72,110487
2011-01-11,0.72,0.84,0.72,0.84,131130
2011-01-12,0.84,0.88,0.82,0.85,244471
2011-01-13,0.85,0.89,0.84,0.86,82963
2011-01-14,0.88,0.92,0.87,0.9,70800
2011-01-18,0.9,0.92,0.86,0.9,119457
2011-01-19,0.9,0.92,0.86,0.88,135011
2011-01-20,0.88,0.88,0.8,0.88,41245
2011-01-21,0.91,0.91,0.86,0.87,18651
2011-01-24,0.87,0.9,0.8,0.85,14600
2011-01-25,0.8,0.84,0.75,0.84,40750
2011-01-26,0.78,0.84,0.78,0.84,13415
2011-01-27,0.84,0.84,0.84,0.84,3000
2011-01-28,0.81,0.9,0.81,0.9,16813
2011-01-31,0.9,0.9,0.76,0.85,25499
2011-02-01,0.78,0.85,0.78,0.84,10793
2011-02-02,0.84,0.84,0.84,0.84,1600
2011-02-03,0.84,0.87,0.81,0.82,59031
2011-02-04,0.83,0.9,0.83,0.9,19450
2011-02-07,0.9,0.9,0.85,0.89,32500
2011-02-08,0.86,0.89,0.82,0.85,35525
2011-02-09,0.85,0.85,0.77,0.77,107770
2011-02-10,0.79,0.79,0.77,0.79,11800
2011-02-11,0.79,0.79,0.78,0.79,34185
2011-02-14,0.77,0.79,0.76,0.79,7600
2011-02-15,0.79,0.79,0.76,0.76,42500
2011-02-16,0.78,0.89,0.78,0.86,31293
2011-02-17,0.89,0.89,0.75,0.87,44750
2011-02-18,0.85,0.88,0.84,0.84,18670
2011-02-22,0.81,0.85,0.8,0.85,6600
2011-02-23,0.8,0.8,0.76,0.8,8450
2011-02-24,0.77,0.8,0.76,0.77,81805
2011-02-25,0.76,0.89,0.73,0.75,55133
2011-02-28,0.75,0.8,0.73,0.8,26200
2011-03-01,0.73,0.8,0.73,0.8,6430
2011-03-02,0.78,0.8,0.73,0.8,10500
2011-03-03,0.8,0.85,0.73,0.82,33450
2011-03-04,0.8,0.8,0.74,0.8,13710
2011-03-07,0.8,0.82,0.74,0.82,5400
2011-03-08,0.82,0.82,0.73,0.74,1210
2011-03-09,0.74,0.82,0.74,0.75,31750
2011-03-10,0.78,0.78,0.73,0.77,29470
2011-03-11,0.75,0.78,0.71,0.78,30568
2011-03-14,0.72,0.72,0.72,0.72,1000
2011-03-15,0.71,0.71,0.66,0.69,32031
2011-03-16,0.7,0.71,0.68,0.71,79696
2011-03-17,0.71,0.73,0.71,0.73,36044
2011-03-18,0.75,0.75,0.7,0.72,16070
2011-03-21,0.72,0.72,0.72,0.72,16220
2011-03-23,0.75,0.76,0.75,0.76,2700
2011-03-24,0.76,0.77,0.74,0.74,95662
2011-03-25,0.75,0.76,0.74,0.75,87600
2011-03-28,0.76,0.86,0.76,0.86,65200
2011-03-29,0.86,0.89,0.82,0.82,27075
2011-03-30,0.83,0.83,0.82,0.82,50300
2011-03-31,0.83,0.88,0.83,0.88,48400
2011-04-01,0.89,0.95,0.86,0.95,114970
2011-04-04,0.95,0.96,0.94,0.95,69371
2011-04-05,0.96,0.96,0.92,0.93,50568
2011-04-06,0.95,0.95,0.86,0.91,28455
2011-04-07,0.9,0.91,0.88,0.91,13740
2011-04-08,0.96,0.96,0.82,0.89,41311
2011-04-11,0.8,0.95,0.8,0.91,23515
2011-04-12,0.91,0.95,0.82,0.82,21500
2011-04-13,0.82,0.95,0.82,0.94,21500
2011-04-14,0.9,0.9,0.9,0.9,2000
2011-04-15,0.84,0.9,0.82,0.9,27000
2011-04-18,0.86,0.86,0.86,0.86,4500
2011-04-19,0.82,0.92,0.77,0.92,80600
2011-04-20,0.92,0.92,0.85,0.9,22340
2011-04-21,0.9,0.92,0.89,0.89,19800
2011-04-25,0.85,0.9,0.85,0.9,20500
2011-04-26,0.87,0.9,0.81,0.9,12650
2011-04-27,0.88,0.92,0.85,0.9,54699
2011-04-28,0.9,0.9,0.85,0.9,22730
2011-04-29,0.9,0.92,0.9,0.9,40170
2011-05-02,0.88,0.89,0.86,0.89,30970
2011-05-03,0.85,0.9,0.85,0.87,85120
2011-05-04,0.87,0.92,0.78,0.87,92435
2011-05-05,0.85,0.9,0.66,0.85,39750
2011-05-06,0.85,0.89,0.79,0.85,12565
2011-05-09,0.7,0.9,0.7,0.88,9100
2011-05-10,0.9,0.9,0.88,0.9,8840
2011-05-11,0.9,0.9,0.8,0.9,13295
2011-05-12,0.9,0.93,0.9,0.93,8340
2011-05-13,0.92,0.94,0.87,0.94,59195
2011-05-16,0.95,1.18,0.94,1.18,368815
2011-05-17,1.25,1.25,1.05,1.2,213046
2011-05-18,1.24,1.46,1.24,1.45,356963
2011-05-19,1.47,1.47,1.29,1.4,405647
2011-05-20,1.35,1.44,1.32,1.44,66470
2011-05-23,1.44,1.45,1.37,1.44,110008
2011-05-24,1.4,1.5,1.38,1.5,186245
2011-05-25,1.5,1.67,1.46,1.67,309665
2011-05-26,1.7,1.7,1.52,1.66,399207
2011-05-27,1.63,1.71,1.5,1.55,190631
2011-05-31,1.59,1.59,1.4,1.51,171434
2011-06-01,1.51,1.51,1.48,1.5,13905
2011-06-02,1.48,1.68,1.48,1.65,43555
2011-06-03,1.61,1.65,1.61,1.63,50025
2011-06-06,1.63,1.65,1.57,1.58,76733
2011-06-07,1.58,1.63,1.54,1.63,94252
2011-06-08,1.64,1.64,1.57,1.6,25737
2011-06-09,1.6,1.6,1.54,1.57,48126
2011-06-10,1.56,1.61,1.5,1.6,23391
2011-06-13,1.61,1.61,1.35,1.55,47695
2011-06-14,1.33,1.63,1.33,1.62,33933
2011-06-15,1.49,1.6,1.44,1.6,66620
2011-06-16,1.6,1.61,1.5,1.55,48418
2011-06-17,1.42,1.59,1.42,1.58,28560
2011-06-20,1.42,1.55,1.42,1.55,18563
2011-06-21,1.5,1.59,1.5,1.53,37715
2011-06-22,1.5,1.62,1.47,1.59,45470
2011-06-23,1.59,1.62,1.53,1.62,66718
2011-06-24,1.57,1.59,1.52,1.55,24942
2011-06-27,1.52,1.62,1.52,1.62,123864
2011-06-28,1.62,1.64,1.54,1.64,151300
2011-06-29,1.61,1.73,1.61,1.7,99521
2011-06-30,1.7,1.78,1.55,1.75,230697
2011-07-01,1.75,1.79,1.65,1.75,97614
2011-07-05,1.77,1.79,1.75,1.77,100121
2011-07-06,1.79,1.81,1.65,1.75,86915
2011-07-07,1.72,1.85,1.69,1.76,101396
2011-07-08,1.73,1.77,1.65,1.76,35400
2011-07-11,1.74,1.74,1.65,1.72,37930
2011-07-12,1.72,1.72,1.63,1.69,80202
2011-07-13,1.65,1.66,1.6,1.66,76605
2011-07-14,1.6,1.65,1.59,1.65,25900
2011-07-15,1.6,1.65,1.55,1.65,43569
2011-07-18,1.66,1.66,1.56,1.62,14731
2011-07-19,1.56,1.58,1.52,1.58,54225
2011-07-20,1.58,1.58,1.5,1.55,93046
2011-07-21,1.48,1.55,1.48,1.51,35723
2011-07-22,1.48,1.53,1.36,1.53,74005
2011-07-25,1.51,1.51,1.43,1.5,18000
2011-07-26,1.42,1.45,1.4,1.45,21700
2011-07-27,1.4,1.47,1.36,1.36,36049
2011-07-28,1.36,1.39,1.32,1.39,33414
2011-07-29,1.32,1.45,1.32,1.45,32000
2011-08-01,1.45,1.48,1.35,1.47,16860
2011-08-02,1.36,1.48,1.35,1.35,9300
2011-08-03,1.4,1.44,1.36,1.39,4575
2011-08-04,1.46,1.46,1.35,1.4,9050
2011-08-05,1.4,1.4,1.3,1.38,6236
2011-08-08,1.3,1.32,1.03,1.1,50059
2011-08-09,1.2,1.21,1.18,1.21,41950
2011-08-10,1.18,1.18,1.03,1.15,52510
2011-08-11,1.15,1.22,1.11,1.11,45550
2011-08-12,1.14,1.3,1.13,1.2,50532
2011-08-15,1.15,1.28,1.1,1.28,27190
2011-08-16,1.25,1.3,1.25,1.3,15635
2011-08-17,1.3,1.3,1.12,1.26,7625
2011-08-18,1.2,1.3,1.2,1.3,10805
2011-08-19,1.34,1.4,1.25,1.4,2100
2011-08-22,1.31,1.33,1.22,1.33,6910
2011-08-23,1.26,1.35,1.23,1.35,25400
2011-08-24,1.35,1.35,1.27,1.34,7355
2011-08-25,1.4,1.4,1.4,1.4,980
2011-08-26,1.38,1.38,1.25,1.3,34700
2011-08-29,1.3,1.37,1.27,1.33,11550
2011-08-30,1.33,1.4,1.3,1.4,39950
2011-08-31,1.4,1.47,1.34,1.45,62950
2011-09-01,1.45,1.52,1.34,1.37,71200
2011-09-02,1.34,1.34,1.3,1.32,26250
2011-09-06,1.45,1.45,1.24,1.26,48235
2011-09-07,1.26,1.36,1.23,1.36,19300
2011-09-08,1.38,1.38,1.15,1.38,51015
2011-09-09,1.4,1.4,1.21,1.3,26589
2011-09-12,1.25,1.25,1.25,1.25,1700
2011-09-13,1.16,1.3,1.16,1.28,51510
2011-09-14,1.2,1.25,1.16,1.24,44628
2011-09-15,1.25,1.3,1.25,1.3,190982
2011-09-16,1.35,1.42,1.25,1.4,113227
2011-09-19,1.41,1.41,1.2,1.39,104350
2011-09-20,1.39,1.39,1.3,1.31,19715
2011-09-21,1.3,1.3,1.28,1.29,7985
2011-09-22,1.26,1.28,1.23,1.28,36221
2011-09-23,1.28,1.28,1.18,1.25,45772
2011-09-26,1.22,1.26,1.17,1.26,27320
2011-09-27,1.28,1.3,1.0,1.0,213097
2011-09-28,1.03,1.26,0.99,1.26,181253
2011-09-29,1.26,1.31,1.24,1.31,136948
2011-09-30,1.25,1.29,1.24,1.29,70150
2011-10-03,1.25,1.25,1.19,1.2,80472
2011-10-04,1.15,1.2,1.1,1.19,33661
2011-10-05,1.23,1.23,1.15,1.18,48200
2011-10-06,1.2,1.25,1.2,1.24,299836
2011-10-07,1.23,1.25,1.23,1.25,985
2011-10-10,1.25,1.25,1.2,1.25,6300
2011-10-12,1.19,1.2,1.15,1.19,25750
2011-10-13,1.2,1.2,1.2,1.2,3500
2011-10-14,1.17,1.17,1.05,1.08,71755
2011-10-17,1.1,1.12,1.08,1.12,64668
2011-10-18,1.12,1.12,1.01,1.1,69025
2011-10-19,1.1,1.1,1.1,1.1,200
2011-10-20,1.05,1.07,1.04,1.07,61450
2011-10-21,1.11,1.15,1.1,1.15,48600
2011-10-24,1.14,1.18,1.11,1.18,37516
2011-10-25,1.15,1.25,1.15,1.24,78650
2011-10-26,1.21,1.26,1.18,1.25,81110
2011-10-27,1.25,1.31,1.24,1.31,584420
2011-10-28,1.29,1.29,1.27,1.28,22950
2011-10-31,1.27,1.3,1.25,1.27,63400
2011-11-01,1.25,1.25,1.24,1.24,25009
2011-11-02,1.24,1.25,1.22,1.25,21656
2011-11-03,1.21,1.25,1.21,1.25,52125
2011-11-04,1.26,1.26,1.17,1.25,41400
2011-11-07,1.25,1.25,1.21,1.24,31100
2011-11-08,1.24,1.24,1.2,1.22,42245
2011-11-09,1.22,1.25,1.2,1.25,18600
2011-11-10,1.3,1.39,1.25,1.38,451121
2011-11-11,1.35,1.44,1.35,1.44,59168
2011-11-14,1.42,1.44,1.37,1.41,241700
2011-11-15,1.41,1.42,1.35,1.42,35111
2011-11-16,1.4,1.41,1.33,1.4,115580
2011-11-17,1.4,1.41,1.35,1.4,115946
2011-11-18,1.41,1.41,1.35,1.37,81200
2011-11-21,1.34,1.4,1.29,1.35,10477
2011-11-22,1.38,1.38,1.36,1.37,73150
2011-11-23,1.37,1.4,1.21,1.3,37750
2011-11-25,1.27,1.27,1.17,1.25,18950
2011-11-28,1.25,1.29,1.14,1.17,86516
2011-11-29,1.17,1.23,1.17,1.21,77425
2011-11-30,1.21,1.25,1.17,1.25,89600
2011-12-01,1.25,1.34,1.25,1.3,25009
2011-12-02,1.32,1.39,1.28,1.35,25087
2011-12-05,1.36,1.36,1.27,1.34,24540
2011-12-06,1.28,1.34,1.21,1.34,26720
2011-12-07,1.34,1.34,1.2,1.25,386205
2011-12-08,1.2,1.27,1.2,1.22,293340
2011-12-09,1.26,1.29,1.23,1.27,206175
2011-12-12,1.3,1.3,1.25,1.29,82350
2011-12-13,1.29,1.3,1.25,1.29,44550
2011-12-14,1.25,1.27,1.22,1.25,62700
2011-12-15,1.23,1.28,1.21,1.25,30973
2011-12-16,1.25,1.25,1.21,1.25,9860
2011-12-19,1.22,1.22,1.17,1.19,82300
2011-12-20,1.19,1.19,1.09,1.15,159605
2011-12-21,1.15,1.19,1.12,1.18,38272
2011-12-22,1.18,1.23,1.15,1.23,15765
2011-12-23,1.23,1.25,1.23,1.25,11170
2011-12-27,1.25,1.3,1.25,1.3,12125
2011-12-28,1.3,1.31,1.25,1.3,31977
2011-12-29,1.25,1.32,1.22,1.32,188870
2011-12-30,1.31,1.33,1.25,1.29,83131
2012-01-03,1.33,1.34,1.21,1.29,36470
2012-01-04,1.29,1.29,1.21,1.29,55434
2012-01-05,1.25,1.3,1.25,1.3,126100
2012-01-06,1.27,1.27,1.2,1.24,138050
2012-01-09,1.2,1.25,1.2,1.22,17750
2012-01-10,1.22,1.24,1.17,1.2,6300
2012-01-11,1.24,1.24,1.16,1.21,30787
2012-01-12,1.17,1.2,1.15,1.2,28300
2012-01-13,1.18,1.21,1.06,1.21,68000
2012-01-17,1.18,1.18,1.15,1.18,17600
2012-01-18,1.15,1.2,1.15,1.17,1650
2012-01-19,1.17,1.17,1.13,1.17,47440
2012-01-20,1.15,1.18,1.13,1.18,76888
2012-01-23,1.11,1.19,1.11,1.19,48102
2012-01-24,1.19,1.19,1.12,1.15,29775
2012-01-25,1.13,1.22,1.1,1.21,18400
2012-01-26,1.15,1.19,1.1,1.18,12800
2012-01-27,1.15,1.22,1.04,1.22,42902
2012-01-30,1.17,1.22,1.05,1.22,5600
2012-01-31,1.19,1.19,1.15,1.19,3500
2012-02-01,1.21,1.21,1.1,1.19,25925
2012-02-02,1.14,1.19,1.11,1.19,18200
2012-02-03,1.17,1.19,1.07,1.17,249541
2012-02-06,1.15,1.26,1.15,1.26,359068
2012-02-07,1.26,1.35,1.26,1.33,271894
2012-02-08,1.33,1.39,1.22,1.29,333289
2012-02-09,1.25,1.3,1.19,1.19,124218
2012-02-10,1.2,1.2,1.09,1.19,149829
2012-02-13,1.18,1.18,1.15,1.16,9616
2012-02-14,1.15,1.18,1.12,1.16,72100
2012-02-15,1.15,1.2,1.15,1.2,48400
2012-02-16,1.2,1.22,1.17,1.21,59669
2012-02-17,1.21,1.21,1.15,1.2,17100
2012-02-21,1.17,1.19,1.15,1.17,11500
2012-02-22,1.15,1.19,1.14,1.19,29080
2012-02-23,1.17,1.2,1.17,1.2,26940
2012-02-24,1.18,1.19,1.18,1.19,34490
2012-02-27,1.19,1.24,1.19,1.2,229500
2012-02-28,1.22,1.22,1.15,1.2,30690
2012-02-29,1.22,1.22,1.2,1.2,216800
2012-03-01,1.22,1.32,1.2,1.3,186053
2012-03-02,1.31,1.34,1.28,1.3,279367
2012-03-05,1.31,1.32,1.27,1.32,49685
2012-03-06,1.34,1.35,1.28,1.35,53100
2012-03-07,1.35,1.36,1.25,1.34,108911
2012-03-08,1.31,1.34,1.3,1.34,237499
2012-03-09,1.35,1.36,1.3,1.31,100245
2012-03-12,1.35,1.35,1.27,1.31,123710
2012-03-13,1.31,1.31,1.28,1.28,98750
2012-03-14,1.29,1.34,1.28,1.34,22200
2012-03-15,1.3,1.34,1.25,1.33,51853
2012-03-16,1.3,1.32,1.2,1.32,68260
2012-03-19,1.3,1.33,1.21,1.29,24555
2012-03-20,1.27,1.33,1.25,1.25,43527
2012-03-21,1.22,1.3,1.22,1.25,37070
2012-03-22,1.22,1.34,1.21,1.34,47065
2012-03-23,1.26,1.32,1.24,1.31,51950
2012-03-26,1.25,1.25,1.2,1.25,54949
2012-03-27,1.22,1.26,1.22,1.25,70140
2012-03-28,1.23,1.25,1.19,1.23,68236
2012-03-29,1.23,1.24,1.11,1.15,119279
2012-03-30,1.19,1.22,1.18,1.2,34200
2012-04-02,1.19,1.2,1.11,1.13,105655
2012-04-03,1.11,1.14,1.08,1.09,97440
2012-04-04,1.08,1.13,1.08,1.13,19989
2012-04-05,1.09,1.09,0.96,1.0,741103
2012-04-09,1.0,1.0,0.91,0.92,974131
2012-04-10,0.98,0.98,0.9,0.91,212425
2012-04-11,0.94,0.96,0.89,0.9,117119
2012-04-12,0.88,0.95,0.88,0.93,109233
2012-04-13,0.96,1.0,0.95,1.0,66541
2012-04-16,1.0,1.01,0.95,0.98,55403
2012-04-17,0.97,0.99,0.9,0.95,40954
2012-04-18,0.94,1.0,0.94,0.95,148398
2012-04-19,0.96,0.96,0.91,0.93,80343
2012-04-20,0.93,0.94,0.92,0.93,86209
2012-04-23,0.93,0.93,0.9,0.92,26450
2012-04-24,0.92,0.95,0.92,0.95,74225
2012-04-25,0.96,1.0,0.92,1.0,9300
2012-04-26,0.94,0.99,0.91,0.92,107950
2012-04-27,0.91,0.92,0.85,0.9,73446
2012-04-30,0.88,0.9,0.85,0.85,30125
2012-05-01,0.84,0.84,0.78,0.82,219637
2012-05-02,0.82,0.82,0.79,0.82,30648
2012-05-03,0.82,0.9,0.82,0.9,15300
2012-05-04,0.9,0.9,0.9,0.9,2900
2012-05-07,0.85,0.91,0.84,0.91,79264
2012-05-08,0.85,0.87,0.83,0.87,7900
2012-05-09,0.87,0.87,0.8,0.83,67150
2012-05-10,0.8,0.83,0.76,0.79,75302
2012-05-11,0.81,0.87,0.79,0.87,184415
2012-05-14,0.81,0.89,0.81,0.89,48267
2012-05-15,0.89,0.89,0.82,0.88,38050
2012-05-16,0.82,0.86,0.82,0.86,9000
2012-05-17,0.86,0.9,0.84,0.9,151934
2012-05-18,0.9,0.9,0.81,0.84,25437
2012-05-21,0.81,0.83,0.78,0.83,59561
2012-05-22,0.79,0.83,0.79,0.83,10000
2012-05-23,0.83,0.87,0.83,0.87,2800
2012-05-24,0.8,0.87,0.8,0.87,20500
2012-05-25,0.89,0.89,0.79,0.89,32540
2012-05-29,0.89,0.9,0.75,0.81,186326
2012-05-30,0.84,0.84,0.84,0.84,14170
2012-05-31,0.78,0.84,0.78,0.84,6000
2012-06-01,0.81,0.81,0.75,0.78,60562
2012-06-04,0.75,0.78,0.72,0.78,22900
2012-06-05,0.78,0.89,0.78,0.89,53920
2012-06-06,0.89,0.89,0.79,0.89,22190
2012-06-07,0.89,0.89,0.86,0.87,53000
2012-06-08,0.88,0.88,0.82,0.87,39612
2012-06-11,0.89,0.89,0.81,0.87,28383
2012-06-12,0.84,0.87,0.83,0.87,4450
2012-06-13,0.85,0.87,0.85,0.86,15100
2012-06-14,0.86,0.86,0.85,0.85,14000
2012-06-15,0.84,0.86,0.82,0.85,39100
2012-06-18,0.82,0.86,0.82,0.86,10150
2012-06-19,0.86,0.9,0.86,0.9,18350
2012-06-20,0.84,0.85,0.75,0.84,68176
2012-06-21,0.8,0.84,0.8,0.84,4776
2012-06-22,0.8,0.85,0.7,0.8,50700
2012-06-25,0.8,0.88,0.76,0.88,20750
2012-06-26,0.88,0.88,0.88,0.88,6000
2012-06-27,0.86,0.88,0.82,0.88,13900
2012-06-28,0.86,0.89,0.85,0.89,18300
2012-06-29,0.89,0.9,0.82,0.9,14164
2012-07-02,0.87,0.87,0.86,0.86,7000
2012-07-03,0.8,0.83,0.8,0.82,66000
2012-07-05,0.82,0.87,0.82,0.87,21550
2012-07-06,0.82,0.87,0.82,0.82,32080
2012-07-09,0.8,0.81,0.8,0.8,19600
2012-07-10,0.76,0.85,0.76,0.85,1600
2012-07-11,0.78,0.84,0.78,0.84,28185
2012-07-12,0.75,0.84,0.75,0.84,200
2012-07-13,0.75,0.84,0.75,0.8,24039
2012-07-16,0.78,0.8,0.77,0.78,101108
2012-07-17,0.78,0.84,0.78,0.82,85576
2012-07-18,0.79,0.8,0.75,0.75,16130
2012-07-19,0.78,0.78,0.75,0.75,102689
2012-07-20,0.76,0.78,0.75,0.78,22109
2012-07-23,0.78,0.83,0.76,0.83,58180
2012-07-24,0.87,0.99,0.85,0.98,398363
2012-07-25,0.99,1.03,0.95,1.0,601385
2012-07-26,1.01,1.07,1.01,1.07,216116
2012-07-27,1.1,1.1,0.97,1.0,134702
2012-07-30,1.02,1.05,0.97,0.97,55836
2012-07-31,0.95,1.05,0.95,1.03,52950
2012-08-01,1.03,1.05,0.98,1.05,36419
2012-08-02,1.03,1.05,0.99,1.05,66272
2012-08-03,1.05,1.06,1.0,1.04,95550
2012-08-06,1.07,1.07,1.01,1.06,63870
2012-08-07,1.06,1.06,1.05,1.06,34672
2012-08-08,1.07,1.08,1.02,1.06,407335
2012-08-09,1.03,1.06,1.03,1.06,70405
2012-08-10,1.04,1.07,1.04,1.04,90671
2012-08-13,1.03,1.04,1.0,1.0,60025
2012-08-14,1.02,1.04,1.0,1.03,25565
2012-08-15,1.0,1.07,0.99,1.02,67194
2012-08-16,1.03,1.03,0.98,1.01,19281
2012-08-17,1.0,1.02,0.95,1.02,15150
2012-08-20,1.02,1.02,0.99,1.02,13083
2012-08-21,1.0,1.01,0.99,1.01,53300
2012-08-22,0.98,1.02,0.98,1.02,19600
2012-08-23,1.0,1.02,0.98,1.02,5600
2012-08-24,1.0,1.02,0.98,1.02,15400
2012-08-27,1.02,1.02,0.95,0.97,58670
2012-08-28,0.95,0.96,0.92,0.93,130935
2012-08-29,0.89,0.95,0.89,0.91,91500
2012-08-30,0.9,0.9,0.87,0.88,65539
2012-08-31,0.9,0.95,0.9,0.95,25900
2012-09-04,1.0,1.0,0.88,0.93,636045
2012-09-05,0.9,0.97,0.89,0.97,65835
2012-09-06,0.95,0.97,0.94,0.97,50920
2012-09-07,0.95,0.99,0.91,0.99,53185
2012-09-10,0.99,0.99,0.93,0.96,48850
2012-09-11,0.95,0.99,0.94,0.99,20051
2012-09-12,0.99,0.99,0.96,0.99,17180
2012-09-13,0.98,1.0,0.97,0.97,34200
2012-09-14,0.97,0.97,0.9,0.94,30490
2012-09-17,0.93,0.93,0.84,0.9,38430
2012-09-18,0.86,0.95,0.86,0.95,22974
2012-09-19,0.9,0.9,0.88,0.9,383800
2012-09-20,0.88,0.9,0.88,0.9,189675
2012-09-21,0.88,0.94,0.88,0.91,45200
2012-09-24,0.9,0.9,0.88,0.9,18350
2012-09-25,0.9,0.92,0.9,0.92,7775
2012-09-26,0.88,0.9,0.86,0.9,51195
2012-09-27,0.91,0.95,0.9,0.95,62750
2012-09-28,0.94,0.95,0.93,0.95,42455
2012-10-01,0.94,0.94,0.86,0.9,998619
2012-10-02,0.9,0.9,0.87,0.88,11750
2012-10-03,0.88,0.88,0.86,0.88,34420
2012-10-04,0.89,0.9,0.89,0.9,118500
2012-10-05,0.92,0.93,0.92,0.92,9230
2012-10-08,0.91,0.94,0.91,0.93,33202
2012-10-09,0.92,0.92,0.9,0.91,273845
2012-10-10,0.93,0.93,0.9,0.92,62393
2012-10-11,0.9,0.97,0.87,0.97,631000
2012-10-12,0.95,0.96,0.93,0.94,56600
2012-10-15,0.91,0.96,0.91,0.95,49300
2012-10-16,0.95,0.95,0.92,0.92,59800
2012-10-17,0.92,0.94,0.92,0.94,78218
2012-10-18,0.92,0.93,0.92,0.93,56100
2012-10-19,0.93,0.93,0.87,0.91,47745
2012-10-22,0.86,0.9,0.86,0.89,8296
2012-10-23,0.86,0.9,0.86,0.9,27120
2012-10-24,0.84,0.9,0.84,0.9,1200
2012-10-25,0.88,0.93,0.79,0.93,19944
2012-10-26,0.9,0.9,0.72,0.9,58288
2012-10-31,0.9,0.9,0.8,0.9,19700
2012-11-02,0.9,0.9,0.85,0.85,13400
2012-11-05,0.83,0.88,0.83,0.88,17539
2012-11-06,0.75,0.9,0.75,0.86,41083
2012-11-07,0.83,0.86,0.82,0.86,10112
2012-11-08,0.82,0.85,0.82,0.85,272123
2012-11-09,0.82,0.84,0.82,0.83,52067
2012-11-12,0.83,0.85,0.83,0.85,24515
2012-11-13,0.83,0.83,0.83,0.83,1000
2012-11-15,0.83,0.83,0.8,0.83,32923
2012-11-16,0.84,0.84,0.8,0.84,20690
2012-11-19,0.8,0.82,0.8,0.82,62404
2012-11-20,0.82,0.88,0.82,0.82,8450
2012-11-21,0.82,0.85,0.8,0.82,73384
2012-11-23,0.8,0.84,0.8,0.84,23000
2012-11-26,0.84,0.84,0.72,0.78,46135
2012-11-28,0.73,0.75,0.72,0.73,33108
2012-11-29,0.75,0.75,0.68,0.74,3037569
2012-11-30,0.71,0.8,0.7,0.75,142441
2012-12-03,0.75,0.75,0.7,0.72,36730
2012-12-04,0.75,0.75,0.67,0.67,920620
2012-12-05,0.67,0.7,0.67,0.68,19814
2012-12-06,0.69,0.73,0.69,0.7,41995
2012-12-07,0.7,0.7,0.69,0.69,6300
2012-12-10,0.69,0.7,0.67,0.7,22080
2012-12-11,0.68,0.7,0.67,0.7,13883
2012-12-12,0.65,0.7,0.62,0.69,51581
2012-12-13,0.68,0.7,0.65,0.7,6420
2012-12-14,0.65,0.7,0.64,0.68,50101
2012-12-17,0.7,0.74,0.63,0.66,90008
2012-12-18,0.66,0.66,0.62,0.63,47300
2012-12-19,0.63,0.65,0.62,0.63,107869
2012-12-20,0.62,0.67,0.58,0.64,246100
2012-12-21,0.62,0.65,0.61,0.62,19385
2012-12-24,0.61,0.61,0.6,0.6,134085
2012-12-26,0.6,0.6,0.55,0.59,72769
2012-12-27,0.58,0.59,0.54,0.59,917315
2012-12-28,0.58,0.58,0.52,0.54,249363
2012-12-31,0.53,0.61,0.52,0.61,324042
2013-01-02,0.6,0.7,0.6,0.65,22259
2013-01-03,0.65,0.65,0.58,0.58,6000
2013-01-04,0.66,0.66,0.63,0.63,33107
2013-01-07,0.59,0.66,0.59,0.66,21300
2013-01-08,0.61,0.64,0.6,0.62,22040
2013-01-09,0.66,0.66,0.59,0.61,29860
2013-01-10,0.61,0.66,0.61,0.66,51197
2013-01-11,0.69,0.7,0.64,0.68,22090
2013-01-14,0.69,0.71,0.66,0.67,20380
2013-01-15,0.7,0.7,0.66,0.67,23000
2013-01-16,0.66,0.7,0.66,0.67,4485
2013-01-17,0.73,0.73,0.66,0.68,36200
2013-01-18,0.68,0.72,0.67,0.72,59505
2013-01-22,0.65,0.72,0.65,0.7,16600
2013-01-23,0.68,0.68,0.66,0.68,11385
2013-01-24,0.59,0.73,0.59,0.7,18649
2013-01-25,0.66,0.66,0.46,0.52,879284
2013-01-28,0.51,0.51,0.47,0.47,234255
2013-01-29,0.49,0.51,0.49,0.49,137470
2013-01-30,0.51,0.55,0.5,0.5,427191
2013-01-31,0.5,0.52,0.49,0.5,63573
2013-02-01,0.5,0.5,0.5,0.5,124480
2013-02-04,0.5,0.5,0.46,0.46,143115
2013-02-05,0.46,0.5,0.45,0.5,97050
2013-02-06,0.5,0.5,0.46,0.47,69521
2013-02-07,0.47,0.5,0.46,0.49,68450
2013-02-08,0.48,0.5,0.46,0.5,88400
2013-02-11,0.5,0.5,0.46,0.47,219390
2013-02-12,0.47,0.49,0.47,0.49,35618
2013-02-13,0.49,0.5,0.48,0.48,201395
2013-02-14,0.47,0.5,0.47,0.48,39475
2013-02-15,0.48,0.48,0.48,0.48,23350
2013-02-19,0.48,0.48,0.45,0.46,155752
2013-02-20,0.46,0.46,0.42,0.44,260824
2013-02-21,0.42,0.46,0.42,0.43,155051
2013-02-22,0.45,0.45,0.43,0.43,103125
2013-02-25,0.43,0.43,0.42,0.43,31910
2013-02-26,0.43,0.44,0.43,0.43,14000
2013-02-27,0.44,0.48,0.44,0.45,46000
2013-02-28,0.47,0.47,0.45,0.45,58000
2013-03-01,0.45,0.45,0.44,0.44,575
2013-03-04,0.47,0.47,0.46,0.46,17525
2013-03-05,0.46,0.47,0.43,0.43,90500
2013-03-06,0.44,0.49,0.44,0.49,160013
2013-03-07,0.5,0.5,0.48,0.48,73090
2013-03-08,0.5,0.5,0.48,0.5,5330
2013-03-11,0.46,0.5,0.46,0.5,34835
2013-03-12,0.47,0.5,0.47,0.47,39099
2013-03-13,0.47,0.5,0.47,0.48,45285
2013-03-14,0.48,0.48,0.39,0.44,1038361
2013-03-15,0.44,0.45,0.44,0.44,36800
2013-03-18,0.44,0.46,0.42,0.42,43100
2013-03-19,0.44,0.44,0.43,0.44,26100
2013-03-20,0.44,0.44,0.42,0.42,35300
2013-03-21,0.42,0.44,0.39,0.4,123000
2013-03-22,0.41,0.41,0.39,0.4,88686
2013-03-25,0.38,0.4,0.38,0.39,31030
2013-03-26,0.4,0.4,0.38,0.4,108394
2013-03-27,0.38,0.4,0.38,0.4,34223
2013-03-28,0.4,0.4,0.38,0.4,28759
2013-04-01,0.4,0.4,0.38,0.38,40200
2013-04-02,0.38,0.38,0.38,0.38,5000
2013-04-03,0.4,0.4,0.39,0.4,62865
2013-04-04,0.4,0.4,0.38,0.38,121553
2013-04-05,0.38,0.4,0.38,0.4,99173
2013-04-08,0.4,0.4,0.39,0.39,28950
2013-04-09,0.39,0.4,0.38,0.4,262100
2013-04-10,0.39,0.4,0.38,0.39,138463
2013-04-11,0.38,0.4,0.36,0.38,122902
2013-04-12,0.38,0.38,0.37,0.38,113515
2013-04-15,0.38,0.38,0.37,0.38,167759
2013-04-16,0.38,0.38,0.37,0.37,30100
2013-04-17,0.37,0.37,0.35,0.37,54197
2013-04-18,0.36,0.37,0.35,0.36,17275
2013-04-19,0.35,0.35,0.33,0.34,151448
2013-04-22,0.34,0.34,0.3,0.31,145900
2013-04-23,0.31,0.32,0.31,0.32,29310
2013-04-24,0.32,0.39,0.31,0.39,258065
2013-04-25,0.38,0.38,0.36,0.38,87500
2013-04-26,0.38,0.38,0.34,0.36,34050
2013-04-29,0.34,0.36,0.33,0.34,41900
2013-04-30,0.34,0.37,0.33,0.37,159665
2013-05-01,0.37,0.37,0.34,0.37,155819
2013-05-02,0.37,0.37,0.34,0.36,128167
2013-05-03,0.33,0.37,0.33,0.37,244251
2013-05-06,0.4,0.44,0.37,0.38,520732
2013-05-07,0.4,0.4,0.37,0.39,373611
2013-05-08,0.39,0.42,0.39,0.4,209452
2013-05-09,0.4,0.41,0.39,0.41,357333
2013-05-10,0.41,0.46,0.4,0.46,1057058
2013-05-13,0.46,0.48,0.46,0.47,1298765
2013-05-14,0.47,0.47,0.43,0.46,476320
2013-05-15,0.45,0.46,0.44,0.46,330804
2013-05-16,0.46,0.48,0.46,0.48,160655
2013-05-17,0.48,0.48,0.47,0.48,150602
2013-05-20,0.48,0.48,0.47,0.48,211497
2013-05-21,0.5,0.5,0.48,0.49,131571
2013-05-22,0.49,0.49,0.45,0.46,61080
2013-05-23,0.46,0.47,0.45,0.47,15000
2013-05-24,0.45,0.47,0.45,0.47,23170
2013-05-28,0.46,0.47,0.45,0.47,36185
2013-05-29,0.45,0.46,0.42,0.45,45771
2013-05-30,0.45,0.47,0.42,0.47,58600
2013-05-31,0.43,0.47,0.43,0.47,122868
2013-06-03,0.46,0.47,0.41,0.43,147360
2013-06-04,0.41,0.43,0.36,0.39,343100
2013-06-05,0.39,0.39,0.38,0.39,67500
2013-06-06,0.42,0.42,0.38,0.4,68689
2013-06-07,0.42,0.42,0.38,0.38,58433
2013-06-10,0.38,0.38,0.33,0.36,228480
2013-06-11,0.34,0.34,0.32,0.34,482825
2013-06-12,0.35,0.35,0.34,0.35,194834
2013-06-13,0.35,0.36,0.34,0.35,29200
2013-06-14,0.35,0.35,0.34,0.35,608350
2013-06-17,0.36,0.36,0.34,0.34,16800
2013-06-18,0.36,0.36,0.36,0.36,31614
2013-06-19,0.36,0.38,0.36,0.38,20006
2013-06-20,0.38,0.38,0.35,0.38,35743
2013-06-21,0.38,0.44,0.37,0.44,189950
2013-06-24,0.42,0.44,0.4,0.44,20600
2013-06-25,0.42,0.42,0.4,0.41,18235
2013-06-26,0.41,0.41,0.4,0.41,32510
2013-06-27,0.41,0.42,0.4,0.42,74575
2013-06-28,0.4,0.42,0.35,0.4,44050
2013-07-01,0.4,0.41,0.38,0.41,28075
2013-07-02,0.42,0.42,0.38,0.41,35855
2013-07-03,0.42,0.42,0.42,0.42,2700
2013-07-05,0.39,0.42,0.39,0.42,6800
2013-07-08,0.42,0.42,0.38,0.41,5725
2013-07-09,0.38,0.41,0.38,0.41,7880
2013-07-10,0.38,0.39,0.38,0.39,17220
2013-07-11,0.38,0.39,0.38,0.38,34240
2013-07-12,0.37,0.38,0.37,0.38,35600
2013-07-15,0.35,0.42,0.35,0.4,629123
2013-07-16,0.4,0.42,0.4,0.42,153800
2013-07-17,0.38,0.42,0.38,0.4,56675
2013-07-18,0.4,0.42,0.39,0.41,123200
2013-07-19,0.42,0.42,0.37,0.39,36200
2013-07-22,0.42,0.46,0.38,0.46,391919
2013-07-23,0.46,0.48,0.46,0.47,331190
2013-07-24,0.47,0.47,0.42,0.42,49900
2013-07-25,0.4,0.46,0.4,0.46,34900
2013-07-26,0.46,0.46,0.46,0.46,6040
2013-07-29,0.46,0.46,0.43,0.45,25773
2013-07-30,0.45,0.45,0.42,0.45,23642
2013-07-31,0.43,0.45,0.43,0.45,181514
2013-08-01,0.45,0.45,0.43,0.44,63700
2013-08-02,0.44,0.44,0.44,0.44,27617
2013-08-05,0.44,0.44,0.42,0.42,56000
2013-08-06,0.44,0.45,0.44,0.45,31800
2013-08-07,0.42,0.43,0.4,0.43,82975
2013-08-08,0.4,0.44,0.34,0.44,613938
2013-08-09,0.43,0.45,0.4,0.4,62190
2013-08-12,0.44,0.44,0.4,0.41,49400
2013-08-13,0.4,0.42,0.39,0.4,132400
2013-08-14,0.4,0.4,0.39,0.4,18100
2013-08-15,0.4,0.4,0.36,0.39,80300
2013-08-16,0.39,0.39,0.39,0.39,2900
2013-08-19,0.39,0.39,0.36,0.39,41500
2013-08-20,0.36,0.39,0.36,0.38,6750
2013-08-21,0.36,0.38,0.35,0.37,157100
2013-08-22,0.38,0.38,0.34,0.36,82000
2013-08-23,0.34,0.38,0.34,0.38,10025
2013-08-26,0.35,0.38,0.35,0.38,18625
2013-08-27,0.37,0.38,0.37,0.38,18800
2013-08-28,0.37,0.38,0.35,0.35,48420
2013-08-29,0.35,0.36,0.34,0.36,120507
2013-08-30,0.36,0.36,0.34,0.35,61220
2013-09-03,0.45,0.45,0.35,0.36,40600
2013-09-04,0.35,0.37,0.35,0.37,7860
2013-09-05,0.36,0.37,0.36,0.36,43842
2013-09-06,0.34,0.37,0.34,0.36,41032
2013-09-09,0.37,0.37,0.34,0.37,89851
2013-09-10,0.37,0.37,0.37,0.37,8500
2013-09-11,0.36,0.37,0.34,0.36,19500
2013-09-12,0.36,0.37,0.36,0.36,11200
2013-09-13,0.36,0.38,0.36,0.38,9000
2013-09-16,0.38,0.38,0.36,0.36,51099
2013-09-17,0.35,0.36,0.35,0.35,23600
2013-09-18,0.34,0.36,0.34,0.35,37275
2013-09-19,0.34,0.36,0.34,0.35,35788
2013-09-20,0.34,0.35,0.34,0.35,3999
2013-09-24,0.35,0.36,0.35,0.35,39867
2013-09-25,0.36,0.41,0.36,0.41,211901
2013-09-26,0.4,0.42,0.39,0.39,47501
2013-09-27,0.37,0.38,0.34,0.35,100750
2013-09-30,0.37,0.4,0.34,0.38,225250
2013-10-01,0.37,0.39,0.37,0.39,74950
2013-10-02,0.38,0.42,0.37,0.42,142750
2013-10-03,0.42,0.48,0.41,0.46,556250
2013-10-04,0.46,0.5,0.42,0.5,828497
2013-10-07,0.5,0.5,0.47,0.47,465005
2013-10-08,0.48,0.5,0.47,0.48,28600
2013-10-09,0.47,0.49,0.41,0.48,210810
2013-10-10,0.49,0.49,0.46,0.49,190740
2013-10-11,0.47,0.49,0.46,0.49,14305
2013-10-14,0.46,0.48,0.45,0.48,103100
2013-10-15,0.49,0.5,0.47,0.49,657400
2013-10-16,0.5,0.5,0.48,0.48,29670
2013-10-17,0.46,0.5,0.45,0.5,83750
2013-10-18,0.47,0.55,0.47,0.54,810062
2013-10-21,0.54,0.56,0.54,0.56,493868
2013-10-22,0.56,0.6,0.56,0.59,1054038
2013-10-23,0.59,0.62,0.58,0.61,649498
2013-10-24,0.6,0.61,0.58,0.6,219680
2013-10-25,0.6,0.61,0.6,0.61,156633
2013-10-28,0.61,0.61,0.52,0.56,245660
2013-10-29,0.56,0.58,0.51,0.54,65830
2013-10-30,0.52,0.54,0.51,0.53,32600
2013-10-31,0.53,0.55,0.53,0.55,71715
2013-11-01,0.55,0.61,0.55,0.61,222650
2013-11-04,0.6,0.6,0.59,0.6,121700
2013-11-05,0.58,0.61,0.58,0.6,155956
2013-11-06,0.6,0.6,0.53,0.55,213510
2013-11-07,0.54,0.54,0.52,0.54,30220
2013-11-08,0.51,0.51,0.42,0.47,353920
2013-11-11,0.45,0.51,0.45,0.48,24307
2013-11-12,0.47,0.48,0.46,0.48,42847
2013-11-13,0.46,0.48,0.46,0.48,43413
2013-11-14,0.48,0.52,0.46,0.52,76408
2013-11-15,0.52,0.52,0.47,0.48,156076
2013-11-18,0.48,0.48,0.48,0.48,13000
2013-11-19,0.46,0.47,0.46,0.46,67555
2013-11-20,0.46,0.48,0.46,0.46,83257
2013-11-21,0.47,0.49,0.44,0.49,44941
2013-11-22,0.48,0.49,0.44,0.49,17900
2013-11-25,0.46,0.48,0.46,0.48,1600
2013-11-26,0.46,0.46,0.45,0.46,21200
2013-11-27,0.42,0.43,0.32,0.43,1511295
2013-11-29,0.39,0.45,0.39,0.45,214929
2013-12-02,0.41,0.45,0.41,0.45,26890
2013-12-03,0.45,0.46,0.43,0.46,113126
2013-12-04,0.44,0.46,0.44,0.46,16850
2013-12-05,0.44,0.45,0.42,0.43,55700
2013-12-06,0.45,0.45,0.41,0.43,115300
2013-12-09,0.45,0.46,0.42,0.44,93950
2013-12-10,0.43,0.45,0.4,0.44,75356
2013-12-11,0.45,0.45,0.4,0.42,109919
2013-12-12,0.42,0.42,0.39,0.42,130550
2013-12-13,0.42,0.51,0.41,0.47,135617
2013-12-16,0.45,0.48,0.42,0.45,55250
2013-12-17,0.43,0.45,0.4,0.42,78710
2013-12-18,0.4,0.45,0.4,0.45,26450
2013-12-19,0.44,0.46,0.41,0.46,62065
2013-12-20,0.44,0.46,0.42,0.45,205408
2013-12-23,0.46,0.47,0.37,0.42,70570
2013-12-24,0.43,0.44,0.41,0.43,110930
2013-12-26,0.42,0.48,0.41,0.45,142125
2013-12-27,0.44,0.44,0.39,0.4,260374
2013-12-30,0.4,0.43,0.39,0.43,66025
2013-12-31,0.37,0.46,0.37,0.46,182100
2014-01-02,0.44,0.47,0.44,0.47,27149
2014-01-03,0.47,0.47,0.44,0.47,26700
2014-01-06,0.41,0.48,0.41,0.46,53750
2014-01-07,0.46,0.47,0.43,0.45,86253
2014-01-08,0.43,0.45,0.43,0.45,41700
2014-01-09,0.43,0.45,0.43,0.45,65125
2014-01-10,0.43,0.48,0.43,0.46,80000
2014-01-13,0.46,0.46,0.43,0.46,60000
2014-01-14,0.43,0.5,0.43,0.48,130307
2014-01-15,0.5,0.5,0.45,0.49,146265
2014-01-16,0.51,0.54,0.48,0.51,223097
2014-01-17,0.52,0.54,0.47,0.51,31404
2014-01-21,0.52,0.54,0.5,0.52,181250
2014-01-22,0.51,0.54,0.51,0.54,95578
2014-01-23,0.54,0.54,0.49,0.51,54750
2014-01-24,0.5,0.52,0.49,0.49,101552
2014-01-27,0.52,0.54,0.48,0.5,88695
2014-01-28,6.0,6.5,6.0,6.1,18589
2014-01-29,6.08,6.3,6.08,6.1,5775
2014-01-30,6.0,6.3,5.35,6.1,10559
2014-01-31,5.3,6.49,5.3,6.0,15439
2014-02-03,6.2,6.2,6.0,6.0,13607
2014-02-04,5.95,6.05,5.8,6.0,3636
2014-02-05,5.95,5.95,5.58,5.6,7807
2014-02-07,5.5,5.9,5.36,5.9,8147
2014-02-10,5.9,5.9,5.9,5.9,315
2014-02-11,5.72,6.0,5.72,5.95,6034
2014-02-12,5.85,5.85,5.59,5.65,8450
2014-02-13,5.8,5.8,5.6,5.7,1961
2014-02-14,5.7,5.7,5.5,5.6,7895
2014-02-18,5.38,5.5,5.38,5.48,2807
2014-02-19,5.45,5.45,5.19,5.4,19844
2014-02-20,5.5,5.6,5.29,5.6,5594
2014-02-21,5.6,5.6,5.4,5.5,7124
2014-02-24,5.4,5.4,5.28,5.4,6488
2014-02-25,5.16,5.4,5.1,5.35,1982
2014-02-26,5.25,5.25,5.15,5.23,6108
2014-02-27,5.2,5.23,5.2,5.2,1092
2014-02-28,5.0,5.15,5.0,5.15,1667
2014-03-03,5.0,5.0,5.0,5.0,308
2014-03-04,4.9,4.9,4.75,4.85,10203
2014-03-05,4.8,4.8,4.5,4.8,10707
2014-03-06,4.8,5.9,4.53,5.75,26199
2014-03-07,5.75,5.75,5.6,5.7,20948
2014-03-10,5.75,5.75,5.7,5.7,10339
2014-03-11,5.75,5.75,5.35,5.75,8833
2014-03-12,5.75,5.75,5.7,5.7,4930
2014-03-13,5.75,5.75,5.05,5.4,3809
2014-03-14,5.35,5.35,5.11,5.25,13294
2014-03-17,5.05,5.25,5.0,5.2,7230
2014-03-18,5.14,5.14,4.5,4.8,29572
2014-03-19,4.75,4.75,4.7,4.75,19320
2014-03-20,4.7,4.7,4.56,4.69,20076
2014-03-21,4.7,4.7,4.55,4.6,7047
2014-03-24,4.45,4.45,4.25,4.4,11668
2014-03-25,4.26,4.4,4.2,4.25,11991
2014-03-26,4.25,4.3,4.21,4.21,6338
2014-03-27,4.21,4.39,4.2,4.39,9637
2014-03-28,4.33,4.58,4.3,4.3,6201
2014-03-31,4.43,4.58,4.43,4.58,598
2014-04-01,4.49,4.65,4.25,4.65,19615
2014-04-02,4.65,4.65,4.6,4.65,6516
2014-04-03,4.6,4.65,4.6,4.65,4332
2014-04-04,4.6,4.65,4.57,4.57,7656
2014-04-07,3.82,4.6,3.82,4.5,7889
2014-04-08,4.6,4.65,4.5,4.65,9665
2014-04-09,4.65,4.85,4.4,4.85,20613
2014-04-10,4.8,4.8,4.55,4.73,8358
2014-04-11,4.73,4.75,4.5,4.67,19356
2014-04-14,4.67,4.67,4.55,4.59,6808
2014-04-15,4.55,4.55,4.5,4.5,2260
2014-04-16,4.3,4.5,4.3,4.5,5928
2014-04-17,4.45,4.45,4.4,4.45,5800
2014-04-21,4.37,4.44,4.35,4.44,2841
2014-04-22,4.4,4.45,4.4,4.45,920
2014-04-24,4.45,4.45,4.45,4.45,120
2014-04-25,4.36,4.5,4.36,4.5,1768
2014-04-28,4.35,4.5,4.35,4.5,3310
2014-04-29,4.45,4.45,4.35,4.4,11062
2014-04-30,4.4,4.4,4.3,4.4,2216
2014-05-01,4.32,4.4,4.32,4.4,1874
2014-05-02,4.4,4.4,4.39,4.4,4425
2014-05-05,4.35,4.4,4.35,4.4,3877
2014-05-06,4.4,4.4,4.15,4.3,8004
2014-05-07,4.3,4.35,4.15,4.23,4467
2014-05-08,4.15,4.2,4.1,4.2,11452
2014-05-09,4.2,4.25,3.57,4.25,82547
2014-05-12,4.35,4.35,3.97,4.14,90632
2014-05-13,4.19,4.4,4.05,4.14,68088
2014-05-14,4.05,4.25,3.7,4.09,58035
2014-05-15,4.06,4.18,3.97,4.15,38345
2014-05-16,4.08,4.15,3.9,4.1,23886
2014-05-19,4.0,4.0,3.71,3.91,27942
2014-05-20,3.87,4.0,3.87,4.0,8232
2014-05-21,4.04,4.04,3.99,3.99,22976
2014-05-22,3.89,3.89,3.58,3.75,990865
2014-05-23,3.67,3.98,3.6,3.88,124891
2014-05-27,3.77,3.98,3.77,3.94,6906
2014-05-28,3.98,3.98,3.98,3.98,1629
2014-05-29,3.91,4.0,3.88,3.95,50287
2014-05-30,3.95,3.95,3.55,3.69,17581
2014-06-02,3.69,3.7,3.51,3.6,5650
2014-06-03,3.6,3.74,3.43,3.62,70342
2014-06-04,3.63,3.7,3.51,3.62,21082
2014-06-05,3.7,3.77,3.7,3.77,2076
2014-06-06,3.74,3.76,3.74,3.76,1400
2014-06-09,3.72,3.77,3.51,3.61,20555
2014-06-10,3.65,3.68,3.61,3.66,14766
2014-06-11,3.7,3.92,3.58,3.77,21143
2014-06-12,3.83,3.83,3.76,3.8,7930
2014-06-13,3.84,4.0,3.82,3.99,13856
2014-06-16,3.93,4.0,3.83,3.97,25545
2014-06-17,3.95,4.17,3.83,4.17,4498
2014-06-18,3.95,3.95,3.9,3.95,10442
2014-06-19,3.93,3.95,3.76,3.88,12212
2014-06-20,3.86,3.88,3.1,3.1,89690
2014-06-23,3.55,3.9,3.44,3.89,76431
2014-06-24,3.9,3.9,3.62,3.73,34373
2014-06-25,3.74,3.88,3.67,3.76,4472
2014-06-26,3.76,3.9,3.76,3.83,12774
2014-06-27,3.89,3.9,3.76,3.76,9494
2014-06-30,3.85,3.89,3.67,3.74,11550
2014-07-01,3.81,3.86,3.75,3.84,7133
2014-07-02,3.85,3.88,3.78,3.86,29094
2014-07-03,3.8,3.88,3.75,3.87,2079
2014-07-07,3.88,3.9,3.78,3.85,16269
2014-07-08,3.81,3.81,3.61,3.61,26310
2014-07-09,3.72,3.75,3.6,3.75,8366
2014-07-10,3.65,3.73,3.57,3.73,21519
2014-07-11,3.77,3.9,3.61,3.89,6696
2014-07-14,3.75,3.88,3.75,3.83,3883
2014-07-15,3.78,3.82,3.72,3.81,3795
2014-07-16,3.72,3.9,3.71,3.9,3872
2014-07-17,3.72,3.86,3.65,3.82,10416
2014-07-18,3.72,3.82,3.61,3.79,63362
2014-07-21,3.75,3.83,3.32,3.72,48659
2014-07-22,3.75,3.85,3.55,3.6,16517
2014-07-23,3.55,3.68,3.45,3.66,57864
2014-07-24,3.72,4.0,3.58,3.8,65753
2014-07-25,3.72,3.8,3.7,3.8,660
2014-07-28,3.78,3.99,3.75,3.96,19193
2014-07-29,4.0,4.0,3.82,4.0,17450
2014-07-31,3.96,3.96,3.92,3.94,830
2014-08-01,3.75,4.0,3.75,3.98,11663
2014-08-04,4.0,4.01,3.75,4.0,19381
2014-08-05,3.9,4.0,3.85,4.0,4231
2014-08-06,3.89,3.98,3.86,3.86,7049
2014-08-07,3.88,4.0,3.62,3.84,17255
2014-08-08,3.79,3.96,3.47,3.96,57444
2014-08-11,3.9,4.0,3.9,3.98,23057
2014-08-12,3.95,4.0,3.85,3.99,9991
2014-08-13,4.0,4.12,3.9,4.0,35439
2014-08-14,4.0,4.0,3.87,3.87,12789
2014-08-15,3.97,4.22,3.63,3.96,72684
2014-08-18,4.0,4.04,3.93,3.95,50885
2014-08-19,3.75,3.97,3.75,3.97,14788
2014-08-20,3.82,3.96,3.75,3.89,42784
2014-08-21,3.95,3.95,3.84,3.84,7475
2014-08-22,3.9,3.9,3.81,3.84,7247
2014-08-25,3.85,3.85,3.82,3.85,9609
2014-08-26,3.85,3.85,3.51,3.74,33893
2014-08-27,3.79,4.0,3.79,3.99,10397
2014-08-28,3.94,4.0,3.8,3.93,7641
2014-08-29,3.87,3.97,3.66,3.85,66176
2014-09-02,3.81,3.88,3.65,3.8,18702
2014-09-03,3.71,3.8,3.71,3.8,600
2014-09-04,3.72,3.84,3.72,3.73,10833
2014-09-05,3.7,3.83,3.7,3.75,6804
2014-09-08,3.79,3.83,3.7,3.82,6289
2014-09-09,3.84,3.84,3.71,3.71,10633
2014-09-10,3.72,3.84,3.7,3.82,10963
2014-09-11,3.77,3.88,3.77,3.88,3023
2014-09-12,3.86,3.86,3.86,3.86,877
2014-09-15,3.8,4.0,3.78,3.99,18079
2014-09-16,4.02,4.02,3.81,3.92,16412
2014-09-17,3.88,3.94,3.82,3.87,3026
2014-09-18,3.94,3.98,3.9,3.91,12265
2014-09-19,3.9,3.98,3.84,3.98,24475
2014-09-22,3.9,3.9,3.71,3.76,5687
2014-09-23,3.76,3.82,3.75,3.79,6303
2014-09-24,3.87,3.89,3.79,3.79,1939
2014-09-25,3.84,3.87,3.77,3.87,2642
2014-09-26,3.88,3.88,3.8,3.83,1438
2014-09-29,3.8,3.8,3.75,3.76,5033
2014-09-30,3.82,3.82,3.75,3.77,747
2014-10-01,3.71,3.71,3.4,3.57,71439
2014-10-02,3.46,3.78,3.4,3.77,58703
2014-10-03,3.53,4.13,3.51,3.81,243332
2014-10-06,3.93,4.39,3.62,3.72,194643
2014-10-07,3.84,3.93,3.44,3.53,157639
2014-10-08,3.66,3.84,3.5,3.51,79525
2014-10-09,3.5,3.52,3.32,3.38,19405
2014-10-10,3.47,3.47,3.1,3.1,37463
2014-10-13,3.15,3.17,2.9,3.02,26704
2014-10-14,2.95,3.16,2.95,3.0,7570
2014-10-15,2.82,3.01,2.62,2.68,17109
2014-10-16,2.6,2.73,2.6,2.71,15309
2014-10-17,2.74,3.02,2.74,2.98,5302
2014-10-20,3.0,3.0,2.76,2.87,9697
2014-10-21,2.89,3.01,2.89,2.95,11082
2014-10-22,3.0,3.24,3.0,3.24,4225
2014-10-23,3.29,3.37,3.2,3.32,9886
2014-10-24,3.49,3.6,3.1,3.45,36721
2014-10-27,3.54,3.54,3.38,3.44,6146
2014-10-28,3.4,3.53,3.26,3.28,11164
2014-10-29,3.31,3.69,3.09,3.11,121987
2014-10-30,3.56,3.75,3.13,3.2,46853
2014-10-31,3.25,3.3,3.09,3.14,20359
2014-11-03,3.19,3.2,3.1,3.1,9450
2014-11-04,3.08,3.23,3.08,3.15,5406
2014-11-05,3.22,3.22,2.9,2.97,8077
2014-11-06,2.99,2.99,2.61,2.62,29582
2014-11-07,2.68,2.68,2.39,2.6,34283
2014-11-10,2.58,2.75,2.51,2.62,46166
2014-11-11,2.72,2.87,2.58,2.62,39332
2014-11-12,2.55,2.7,2.55,2.59,11933
2014-11-13,2.95,2.95,2.58,2.69,26375
2014-11-14,2.7,2.9,2.56,2.56,10821
2014-11-17,2.58,2.66,2.45,2.48,17173
2014-11-18,2.48,2.55,2.4,2.46,19268
2014-11-19,2.41,2.41,2.2,2.23,23660
2014-11-20,2.05,2.4,2.05,2.4,73603
2014-11-21,2.26,2.42,2.21,2.39,33521
2014-11-24,2.3,2.35,2.15,2.22,31105
2014-11-25,2.32,2.38,2.22,2.38,11059
2014-11-26,2.34,2.34,2.2,2.2,25710
2014-11-28,2.25,2.25,2.25,2.25,506
2014-12-01,2.07,2.12,1.96,2.11,19070
2014-12-02,2.03,2.22,2.02,2.22,6955
2014-12-03,2.13,2.13,1.54,1.7,163556
2014-12-04,1.74,1.77,1.55,1.63,127225
2014-12-05,1.65,1.77,1.65,1.65,28293
2014-12-08,1.6,1.78,1.6,1.69,16568
2014-12-09,1.75,1.75,1.6,1.67,14856
2014-12-10,1.64,1.64,1.5,1.52,39025
2014-12-11,1.59,1.65,1.59,1.6,74820
2014-12-12,1.72,1.72,1.41,1.65,211358
2014-12-15,1.6,1.65,1.56,1.6,47946
2014-12-16,1.6,1.6,1.42,1.55,81029
2014-12-17,1.5,1.7,1.48,1.69,18386
2014-12-18,1.61,1.85,1.55,1.85,54262
2014-12-19,1.8,2.87,1.74,2.2,281869
2014-12-22,2.05,2.4,2.05,2.33,41380
2014-12-23,2.33,2.4,2.17,2.4,29494
2014-12-24,2.37,2.38,2.27,2.31,6412
2014-12-26,2.26,2.35,2.22,2.24,18586
2014-12-29,2.23,2.36,2.22,2.25,13857
2014-12-30,2.22,2.33,2.1,2.2,32707
2014-12-31,2.21,2.21,1.98,2.01,52363
2015-01-02,2.17,2.17,2.06,2.06,27695
2015-01-05,2.06,2.1,1.9,2.0,80593
2015-01-06,2.0,2.05,1.92,1.92,37667
2015-01-07,1.96,2.12,1.85,2.02,27730
2015-01-08,2.09,2.16,1.94,2.09,28924
2015-01-09,2.05,2.15,1.72,1.72,82098
2015-01-12,1.85,1.88,1.71,1.76,19116
2015-01-13,1.8,1.81,1.5,1.62,37581
2015-01-14,1.64,1.66,1.55,1.61,24600
2015-01-15,1.64,1.76,1.64,1.66,87412
2015-01-16,1.73,1.73,1.66,1.68,5161
2015-01-20,1.69,2.1,1.65,1.78,118167
2015-01-21,1.71,2.26,1.71,2.12,170499
2015-01-22,2.04,2.13,1.97,2.06,256234
2015-01-23,2.14,2.33,2.05,2.27,86854
2015-01-26,2.33,2.7,2.32,2.62,102353
2015-01-27,2.6,3.17,2.54,3.11,252832
2015-01-28,3.15,3.58,3.02,3.51,203965
2015-01-29,3.36,3.99,3.36,3.9,298741
2015-01-30,3.94,4.0,3.46,3.74,165408
2015-02-02,3.66,3.75,3.03,3.14,112508
2015-02-03,3.14,3.32,3.03,3.32,33051
2015-02-04,3.42,3.42,3.11,3.14,24438
2015-02-05,3.03,3.05,2.64,2.84,84692
2015-02-06,2.77,3.23,2.77,3.13,133098
2015-02-09,2.98,3.19,2.96,2.98,23963
2015-02-10,3.05,3.12,2.93,2.98,11020
2015-02-11,2.98,3.39,2.68,3.38,85541
2015-02-12,3.53,3.53,2.87,2.9,55812
2015-02-13,2.85,3.0,2.85,2.91,18772
2015-02-17,2.97,3.18,2.87,2.89,149350
2015-02-18,2.96,2.96,2.63,2.7,48041
2015-02-19,2.77,2.82,2.6,2.65,32291
2015-02-20,2.59,2.7,2.54,2.54,31482
2015-02-23,2.51,2.53,2.17,2.21,106731
2015-02-24,2.33,2.33,2.07,2.26,16172
2015-02-25,2.17,2.24,2.15,2.17,21954
2015-02-26,2.18,2.21,2.13,2.21,7880
2015-02-27,1.9,1.9,1.61,1.74,1357266
2015-03-02,1.8,1.85,1.75,1.78,149308
2015-03-03,1.85,1.85,1.67,1.7,184396
2015-03-04,1.7,1.79,1.7,1.76,126674
2015-03-05,1.79,1.8,1.71,1.71,132462
2015-03-06,1.77,1.79,1.67,1.67,97635
2015-03-09,1.67,1.74,1.55,1.63,87735
2015-03-10,1.58,1.68,1.5,1.55,148040
2015-03-11,1.58,1.61,1.48,1.54,349544
2015-03-12,1.61,1.62,1.46,1.56,63069
2015-03-13,1.52,1.58,1.44,1.5,85679
2015-03-16,1.45,1.7,1.45,1.69,187317
2015-03-17,1.73,1.73,1.56,1.59,137304
2015-03-18,1.61,1.61,1.41,1.43,204510
2015-03-19,1.47,1.6,1.42,1.5,103375
2015-03-20,1.46,1.51,1.42,1.47,68062
2015-03-23,1.5,1.56,1.43,1.5,84197
2015-03-24,1.51,1.6,1.45,1.51,127019
2015-03-25,1.56,1.56,1.42,1.44,91394
2015-03-26,1.42,1.48,1.23,1.41,190656
2015-03-27,1.42,1.57,1.4,1.51,89335
2015-03-30,1.51,1.51,1.3,1.45,56144
2015-03-31,1.45,1.47,1.42,1.44,41562
2015-04-01,1.45,1.54,1.42,1.48,100406
2015-04-02,1.51,1.52,1.37,1.39,90889
2015-04-06,1.39,1.45,1.37,1.43,9186
2015-04-07,1.48,1.48,1.4,1.42,40645
2015-04-08,1.43,1.44,1.39,1.43,12064
2015-04-09,1.43,1.43,1.39,1.39,38212
2015-04-10,1.39,1.41,1.37,1.4,43367
2015-04-13,1.43,1.5,1.35,1.43,68868
2015-04-14,1.4,1.48,1.37,1.4,11603
2015-04-15,1.48,1.48,1.37,1.44,45799
2015-04-16,1.57,1.65,1.43,1.64,166600
2015-04-17,1.7,1.7,1.55,1.6,134591
2015-04-20,1.68,1.87,1.65,1.82,604270
2015-04-21,1.82,1.95,1.66,1.76,255127
2015-04-22,1.74,1.86,1.71,1.74,91707
2015-04-23,1.81,1.83,1.64,1.71,101208
2015-04-24,1.72,1.77,1.68,1.76,38223
2015-04-27,1.79,1.79,1.6,1.61,78883
2015-04-28,1.58,1.61,1.45,1.54,125968
2015-04-29,1.49,1.52,1.45,1.5,39446
2015-04-30,1.51,1.51,1.47,1.47,42714
2015-05-01,1.44,1.53,1.42,1.48,62848
2015-05-04,1.45,1.59,1.45,1.5,20772
2015-05-05,1.48,1.55,1.48,1.48,35267
2015-05-06,1.49,1.52,1.47,1.47,7195
2015-05-07,1.48,1.5,1.48,1.48,14502
2015-05-08,1.48,1.5,1.46,1.5,14001
2015-05-11,1.54,1.61,1.5,1.54,59725
2015-05-12,1.6,1.6,1.56,1.57,5856
2015-05-13,1.61,1.72,1.56,1.56,77138
2015-05-14,1.6,1.75,1.5,1.65,89784
2015-05-15,1.66,1.89,1.65,1.71,129000
2015-05-18,1.73,1.75,1.65,1.67,35380
2015-05-19,1.67,1.67,1.58,1.58,34055
2015-05-20,1.63,1.63,1.56,1.57,23792
2015-05-21,1.6,1.65,1.51,1.62,73345
2015-05-22,1.64,1.64,1.5,1.55,37688
2015-05-26,1.56,1.63,1.55,1.58,57003
2015-05-27,1.6,1.63,1.52,1.58,30672
2015-05-28,1.6,2.14,1.6,1.89,1238415
2015-05-29,3.2,3.75,2.58,2.63,27749282
2015-06-01,2.63,2.74,2.16,2.25,1777365
2015-06-02,2.38,2.45,2.25,2.27,541058
2015-06-03,2.23,2.3,2.11,2.25,469079
2015-06-04,2.19,2.36,2.08,2.09,641555
2015-06-05,2.12,2.12,1.9,1.98,619283
2015-06-08,1.98,2.01,1.88,1.96,336632
2015-06-09,1.93,2.12,1.92,2.04,468333
2015-06-10,2.05,2.3,2.05,2.15,1489282
2015-06-11,2.18,2.28,2.01,2.01,807137
2015-06-12,2.04,2.04,1.88,1.88,523405
2015-06-15,1.81,2.16,1.81,1.97,1091608
2015-06-16,1.95,1.96,1.86,1.9,299183
2015-06-17,1.93,1.94,1.82,1.84,234349
2015-06-18,1.82,1.92,1.81,1.89,277494
2015-06-19,1.91,1.91,1.82,1.83,105111
2015-06-22,2.12,2.36,1.93,2.0,2977972
2015-06-23,2.04,2.04,1.9,1.92,294032
2015-06-24,1.96,1.96,1.85,1.87,177021
2015-06-25,1.87,1.9,1.8,1.83,201926
2015-06-26,1.84,1.93,1.8,1.86,266006
2015-06-29,1.83,1.86,1.8,1.81,225859
2015-06-30,1.81,1.83,1.65,1.67,374427
2015-07-01,1.76,1.76,1.44,1.56,749177
2015-07-02,1.55,1.55,1.49,1.54,172103
2015-07-06,1.51,1.51,1.45,1.49,105043
2015-07-07,1.47,1.5,1.45,1.5,99401
2015-07-08,1.48,1.5,1.34,1.37,204430
2015-07-09,1.39,1.42,1.35,1.39,178910
2015-07-10,1.37,1.43,1.36,1.37,109903
2015-07-13,1.4,1.57,1.38,1.43,61997
2015-07-14,1.58,2.1,1.58,1.72,7938174
2015-07-15,1.67,1.81,1.66,1.71,693700
2015-07-16,1.71,1.75,1.6,1.67,600669
2015-07-17,1.65,1.69,1.56,1.69,176591
2015-07-20,1.71,1.71,1.58,1.63,324377
2015-07-21,1.6,1.61,1.56,1.6,80375
2015-07-22,1.58,1.63,1.55,1.63,60544
2015-07-23,1.61,1.68,1.5,1.52,217623
2015-07-24,1.51,1.65,1.48,1.65,198625
2015-07-27,1.65,1.65,1.57,1.61,77585
2015-07-28,1.62,1.65,1.6,1.61,61715
2015-07-29,1.63,1.65,1.56,1.61,64642
2015-07-30,1.58,1.59,1.54,1.59,79121
2015-07-31,1.58,1.58,1.51,1.54,53091
2015-08-03,1.51,1.53,1.46,1.48,67159
2015-08-04,1.5,1.6,1.45,1.46,125043
2015-08-05,1.5,1.5,1.36,1.4,489659
2015-08-06,1.39,1.41,1.25,1.3,192040
2015-08-07,1.23,1.41,1.23,1.24,185127
2015-08-10,1.32,1.33,1.23,1.24,84815
2015-08-11,1.24,1.38,1.23,1.31,159836
2015-08-12,1.28,1.35,1.26,1.3,219409
2015-08-13,1.3,1.33,1.2,1.23,155180
2015-08-14,1.3,1.32,1.22,1.25,133058
2015-08-17,1.25,1.35,1.12,1.2,515519
2015-08-18,1.21,1.28,1.18,1.27,74910
2015-08-19,1.35,1.41,1.15,1.26,258405
2015-08-20,1.24,1.3,1.15,1.18,175531
2015-08-21,1.17,1.27,1.1,1.27,127005
2015-08-24,1.16,1.26,1.04,1.14,101623
2015-08-25,1.2,1.2,1.15,1.16,75521
2015-08-26,1.17,1.18,1.1,1.12,90621
2015-08-27,1.4,1.46,1.18,1.2,899513
2015-08-28,1.17,1.27,1.14,1.24,332551
2015-08-31,1.22,1.28,1.17,1.25,148064
2015-09-01,1.22,1.25,1.18,1.22,139326
2015-09-02,1.22,1.26,1.19,1.2,70796
2015-09-03,1.18,1.25,1.18,1.22,28929
2015-09-04,1.22,1.25,1.18,1.23,93084
2015-09-08,1.24,1.28,1.24,1.24,101691
2015-09-09,1.24,1.27,1.18,1.18,78994
2015-09-10,1.19,1.23,1.19,1.22,27063
2015-09-11,1.21,1.21,1.17,1.18,86911
2015-09-14,1.2,1.2,1.16,1.17,29064
2015-09-15,1.17,1.32,1.16,1.24,285898
2015-09-16,1.22,1.28,1.22,1.25,64355
2015-09-17,1.3,1.34,1.18,1.2,151917
2015-09-18,1.19,1.26,1.19,1.25,54169
2015-09-21,1.24,1.34,1.23,1.26,128281
2015-09-22,1.26,1.27,1.17,1.18,84664
2015-09-23,1.18,1.22,1.14,1.15,124939
2015-09-24,1.14,1.17,1.14,1.14,58417
2015-09-25,1.15,1.15,1.07,1.14,140103
2015-09-28,1.12,1.12,1.01,1.04,205370
2015-09-29,1.04,1.05,0.84,0.97,192260
2015-09-30,0.98,0.98,0.85,0.92,138564
2015-10-01,0.93,1.0,0.83,0.92,117419
2015-10-02,0.88,0.9,0.84,0.9,97715
2015-10-05,0.93,1.04,0.88,0.93,67492
2015-10-06,0.93,0.94,0.92,0.93,18424
2015-10-07,0.92,0.94,0.87,0.87,102346
2015-10-08,0.88,0.94,0.88,0.94,35076
2015-10-09,0.92,0.95,0.88,0.92,105091
2015-10-12,0.93,0.95,0.88,0.95,50784
2015-10-13,0.97,1.04,0.97,0.99,89441
2015-10-14,1.0,1.11,0.97,1.02,48019
2015-10-15,1.03,1.03,0.9,0.95,110061
2015-10-16,0.96,0.96,0.91,0.92,124822
2015-10-19,0.92,0.95,0.9,0.91,21848
2015-10-20,0.91,0.94,0.9,0.91,75036
2015-10-21,0.91,0.93,0.88,0.92,34998
2015-10-22,0.92,0.92,0.87,0.87,48367
2015-10-23,0.89,0.9,0.86,0.87,19360
2015-10-26,0.88,0.9,0.86,0.9,33263
2015-10-27,0.9,0.9,0.84,0.86,105435
2015-10-28,0.91,0.91,0.86,0.86,6368
2015-10-29,0.86,0.88,0.81,0.84,23953
2015-10-30,0.74,0.84,0.74,0.75,22770
2015-11-02,0.9,0.94,0.76,0.92,158054
2015-11-03,0.9,0.98,0.9,0.9,51260
2015-11-04,0.91,1.01,0.9,0.93,26586
2015-11-05,0.95,1.0,0.93,0.96,118765
2015-11-06,1.0,1.0,0.91,0.91,38605
2015-11-09,0.96,0.99,0.91,0.97,99376
2015-11-10,0.96,0.97,0.91,0.95,18316
2015-11-11,0.93,1.0,0.91,0.91,30619
2015-11-12,0.9,0.98,0.9,0.91,66097
2015-11-13,0.91,0.96,0.9,0.91,6651
2015-11-16,0.9,0.96,0.86,0.96,28919
2015-11-17,0.92,0.95,0.92,0.94,8660
2015-11-18,0.94,0.94,0.87,0.92,62510
2015-11-19,0.94,0.94,0.85,0.92,57259
2015-11-20,0.92,0.96,0.88,0.95,41211
2015-11-23,0.95,1.09,0.91,1.09,340004
2015-11-24,1.1,1.48,1.1,1.36,1360569
2015-11-25,1.25,1.35,1.16,1.27,328429
2015-11-27,1.25,1.27,1.2,1.23,54537
2015-11-30,1.19,1.24,1.13,1.18,78924
2015-12-01,1.12,1.17,1.12,1.14,121376
2015-12-02,1.11,1.15,1.02,1.06,91511
2015-12-03,1.08,1.08,1.0,1.05,31103
2015-12-04,1.02,1.11,1.01,1.08,75363
2015-12-07,1.08,1.08,1.01,1.01,29475
2015-12-08,0.98,1.08,0.98,1.02,71091
2015-12-09,1.02,1.06,0.98,0.98,70772
2015-12-10,1.02,1.02,0.96,0.97,68948
2015-12-11,0.99,1.02,0.95,0.99,87399
2015-12-14,0.99,0.99,0.92,0.92,25822
2015-12-15,0.96,0.96,0.9,0.94,25256
2015-12-16,0.96,0.96,0.89,0.93,114663
2015-12-17,0.96,0.96,0.9,0.91,45662
2015-12-18,0.92,1.0,0.92,1.0,65340
2015-12-21,1.03,1.05,1.02,1.03,93775
2015-12-22,1.05,1.06,0.99,1.05,124805
2015-12-23,1.18,1.22,1.1,1.19,271548
2015-12-24,1.2,1.2,1.12,1.16,67526
2015-12-28,1.15,1.2,1.1,1.1,103615
2015-12-29,1.16,1.17,1.1,1.16,48923
2015-12-30,1.17,1.17,1.08,1.09,84034
2015-12-31,1.08,1.12,1.04,1.07,108950
2016-01-04,1.03,1.12,1.03,1.06,23051
2016-01-05,1.08,1.11,1.04,1.08,107087
2016-01-06,1.1,1.1,1.0,1.0,53989
2016-01-07,1.0,1.03,0.92,0.92,38466
2016-01-08,0.97,0.97,0.9,0.94,30977
2016-01-11,0.91,1.02,0.87,0.87,46140
2016-01-12,0.9,0.97,0.89,0.89,78319
2016-01-13,0.9,0.9,0.72,0.83,78012
2016-01-14,0.82,0.9,0.77,0.89,46653
2016-01-15,0.91,0.91,0.83,0.84,27077
2016-01-19,0.84,0.84,0.73,0.75,105151
2016-01-20,0.75,0.79,0.7,0.74,65973
2016-01-21,0.72,0.75,0.71,0.74,18909
2016-01-22,0.74,0.74,0.7,0.72,95251
2016-01-25,0.7,0.73,0.65,0.68,24785
2016-01-26,0.67,0.7,0.62,0.68,85925
2016-01-27,0.68,0.73,0.66,0.69,22043
2016-01-28,0.72,0.75,0.64,0.64,60200
2016-01-29,0.75,0.75,0.62,0.64,44523
2016-02-01,0.64,0.73,0.64,0.65,37414
2016-02-02,0.65,0.71,0.63,0.67,18692
2016-02-03,0.66,0.73,0.66,0.72,41204
2016-02-04,0.72,0.75,0.68,0.7,60711
2016-02-05,0.7,0.72,0.65,0.68,28578
2016-02-08,0.64,0.68,0.62,0.62,13287
2016-02-09,0.62,0.73,0.62,0.66,24303
2016-02-10,0.68,0.7,0.62,0.63,13027
2016-02-11,0.63,0.64,0.52,0.59,46305
2016-02-12,0.61,0.67,0.49,0.6,178528
2016-02-16,0.61,0.66,0.57,0.64,41369
2016-02-17,0.59,0.69,0.59,0.62,61011
2016-02-18,0.64,0.69,0.61,0.66,9191
2016-02-19,0.64,0.74,0.63,0.66,19230
2016-02-22,0.63,0.66,0.63,0.64,11503
2016-02-23,0.64,0.68,0.49,0.55,32961
2016-02-24,0.55,0.6,0.51,0.57,15852
2016-02-25,0.6,0.6,0.54,0.54,10867
2016-02-26,0.54,0.62,0.54,0.61,31197
2016-02-29,0.62,0.67,0.54,0.56,43575
2016-03-01,0.58,0.62,0.58,0.6,17969
2016-03-02,0.6,0.62,0.58,0.61,58766
2016-03-03,0.64,0.66,0.61,0.61,31087
2016-03-04,0.67,0.75,0.61,0.63,248146
2016-03-07,0.65,0.73,0.64,0.71,139608
2016-03-08,0.73,0.73,0.65,0.66,60423
2016-03-09,0.69,0.73,0.66,0.66,78291
2016-03-10,0.73,0.73,0.65,0.65,29633
2016-03-11,0.7,0.73,0.62,0.66,85160
2016-03-14,0.69,0.72,0.65,0.72,36016
2016-03-15,0.65,0.73,0.63,0.73,65257
2016-03-16,0.74,0.74,0.71,0.71,37396
2016-03-17,0.7,0.74,0.66,0.69,26889
2016-03-18,1.03,1.15,0.71,0.75,2656851
2016-03-21,0.74,0.78,0.67,0.7,351065
2016-03-22,0.72,0.72,0.65,0.66,141031
2016-03-23,0.65,0.66,0.59,0.63,210057
2016-03-24,0.64,0.64,0.6,0.62,71845
2016-03-28,0.62,0.63,0.58,0.61,121800
2016-03-29,0.63,0.63,0.58,0.58,117361
2016-03-30,0.6,0.61,0.53,0.61,90340
2016-03-31,0.62,0.69,0.55,0.58,49679
2016-04-01,0.59,0.63,0.56,0.6,62637
2016-04-04,0.6,0.65,0.6,0.62,27560
2016-04-05,0.6,0.65,0.6,0.63,26888
2016-04-06,0.64,0.64,0.6,0.61,65215
2016-04-07,0.61,0.64,0.61,0.63,15993
2016-04-08,0.65,0.65,0.6,0.6,32516
2016-04-11,0.64,0.65,0.6,0.65,34723
2016-04-12,0.63,0.65,0.6,0.63,23705
2016-04-13,0.6,0.63,0.6,0.62,62303
2016-04-14,0.6,0.65,0.6,0.65,87877
2016-04-15,0.7,0.7,0.6,0.63,136553
2016-04-18,0.67,0.67,0.58,0.59,91628
2016-04-19,0.72,0.85,0.67,0.72,753058
2016-04-20,0.8,0.8,0.7,0.73,241561
2016-04-21,0.75,0.75,0.69,0.72,73722
2016-04-22,0.7,0.72,0.67,0.67,72358
2016-04-25,0.67,0.67,0.61,0.64,92404
2016-04-26,0.61,0.68,0.6,0.64,100692
2016-04-27,0.61,0.67,0.61,0.61,112472
2016-04-28,0.61,0.62,0.59,0.61,81601
2016-04-29,0.62,0.62,0.61,0.61,58884
2016-05-02,0.6,0.62,0.55,0.55,96695
2016-05-03,0.52,0.62,0.52,0.57,197345
2016-05-04,0.56,0.59,0.54,0.54,60779
2016-05-05,0.53,0.54,0.5,0.51,54530
2016-05-06,0.5,0.59,0.5,0.5,20056
2016-05-09,0.5,0.55,0.5,0.53,183621
2016-05-10,0.54,0.57,0.51,0.53,41542
2016-05-11,0.55,0.55,0.5,0.52,93027
2016-05-12,0.52,0.54,0.5,0.5,46533
2016-05-13,0.51,0.53,0.48,0.52,22552
2016-05-16,0.65,0.65,0.56,0.64,272272
2016-05-17,0.63,0.63,0.52,0.59,161706
2016-05-18,0.53,0.62,0.53,0.6,16400
2016-05-19,0.51,0.59,0.51,0.56,50866
2016-05-20,0.55,0.61,0.51,0.52,38827
2016-05-23,0.55,0.6,0.55,0.6,117626
2016-05-24,0.53,0.57,0.53,0.56,183465
2016-05-25,0.56,0.59,0.55,0.58,136255
2016-05-26,0.58,0.63,0.55,0.61,184622
2016-05-27,0.62,0.64,0.58,0.6,87271
2016-05-31,0.61,0.65,0.6,0.64,161091
2016-06-01,0.62,0.65,0.6,0.6,159222
2016-06-02,0.6,0.64,0.6,0.61,118429
2016-06-03,0.6,0.62,0.57,0.61,104760
2016-06-06,0.59,0.64,0.57,0.6,67112
2016-06-07,0.61,0.68,0.61,0.67,169206
2016-06-08,0.69,0.69,0.64,0.68,83217
2016-06-09,0.69,0.74,0.61,0.66,339231
2016-06-10,0.66,0.66,0.61,0.63,59810
2016-06-13,0.62,0.66,0.59,0.65,119338
2016-06-14,0.64,0.65,0.6,0.64,77596
2016-06-15,0.61,0.64,0.61,0.61,20360
2016-06-16,0.63,0.64,0.6,0.6,31917
2016-06-17,0.6,0.63,0.58,0.59,81627
2016-06-20,0.59,0.62,0.59,0.6,105858
2016-06-21,0.61,0.62,0.59,0.61,26551
2016-06-22,0.6,0.62,0.59,0.59,67685
2016-06-23,0.6,0.6,0.58,0.58,68036
2016-06-24,0.57,0.59,0.52,0.54,85554
2016-06-27,0.56,0.6,0.53,0.53,54878
2016-06-28,0.59,0.59,0.53,0.53,43100
2016-06-29,0.58,0.58,0.55,0.55,13852
2016-06-30,0.55,0.58,0.55,0.55,14732
2016-07-01,0.58,0.58,0.56,0.57,27022
2016-07-05,0.56,0.58,0.56,0.56,14635
2016-07-06,0.56,0.58,0.56,0.58,6455
2016-07-07,0.56,0.58,0.56,0.58,6307
2016-07-08,0.57,0.58,0.55,0.55,44646
2016-07-11,0.57,0.57,0.52,0.55,158925
2016-07-12,0.54,0.55,0.53,0.53,48373
2016-07-13,0.53,0.55,0.53,0.55,24826
2016-07-14,0.54,0.55,0.52,0.54,72007
2016-07-15,0.53,0.55,0.52,0.52,55918
2016-07-18,0.54,0.54,0.52,0.53,38796
2016-07-19,0.53,0.55,0.51,0.51,61565
2016-07-20,0.6,0.62,0.45,0.47,826146
2016-07-21,0.49,0.49,0.42,0.47,377443
2016-07-22,0.45,0.46,0.45,0.45,167542
2016-07-25,0.43,0.46,0.43,0.44,124248
2016-07-26,0.44,0.47,0.44,0.46,41757
2016-07-27,0.46,0.5,0.34,0.35,1446390
2016-07-28,0.35,0.4,0.35,0.38,280009
2016-07-29,0.38,0.4,0.36,0.37,111913
2016-08-01,0.36,0.39,0.35,0.35,133713
2016-08-02,0.35,0.38,0.34,0.36,158717
2016-08-03,0.36,0.38,0.34,0.38,183911
2016-08-04,0.39,0.39,0.35,0.36,98113
2016-08-05,0.37,0.39,0.35,0.38,74394
2016-08-08,0.38,0.38,0.35,0.38,136582
2016-08-09,0.38,0.38,0.36,0.37,118603
2016-08-10,0.38,0.38,0.36,0.38,174941
2016-08-11,0.37,0.38,0.36,0.37,70497
2016-08-12,0.37,0.4,0.36,0.39,176250
2016-08-15,0.39,0.4,0.3,0.35,284886
2016-08-16,0.38,0.39,0.33,0.37,290515
2016-08-17,0.36,0.38,0.36,0.38,20401
2016-08-18,0.37,0.38,0.35,0.35,97558
2016-08-19,0.36,0.38,0.36,0.38,44337
2016-08-22,0.37,0.38,0.36,0.38,53388
2016-08-23,0.38,0.38,0.35,0.37,127721
2016-08-24,0.37,0.37,0.35,0.36,25836
2016-08-25,0.35,0.36,0.34,0.34,87163
2016-08-26,0.33,0.35,0.32,0.33,101591
2016-08-29,0.34,0.34,0.3,0.31,228004
2016-08-30,0.31,0.33,0.3,0.31,243708
2016-08-31,0.3,0.32,0.28,0.29,248961
2016-09-01,0.29,0.33,0.29,0.32,107460
2016-09-02,0.29,0.31,0.29,0.29,178083
2016-09-06,0.29,0.31,0.29,0.29,124959
2016-09-07,0.29,0.3,0.28,0.28,217136
2016-09-08,0.3,0.3,0.29,0.3,32933
2016-09-09,0.29,0.3,0.27,0.29,187001
2016-09-12,0.3,0.3,0.26,0.28,121556
2016-09-13,0.28,0.28,0.25,0.28,256428
2016-09-14,0.28,0.28,0.26,0.28,139475
2016-09-15,0.27,0.31,0.27,0.28,195733
2016-09-16,0.27,0.3,0.27,0.3,199572
2016-09-19,0.29,0.31,0.28,0.3,132295
2016-09-20,0.28,0.31,0.28,0.3,135202
2016-09-21,0.26,0.3,0.26,0.28,180790
2016-09-22,0.29,0.3,0.28,0.29,103615
2016-09-23,0.3,0.36,0.28,0.33,1288905
2016-09-26,0.32,0.34,0.3,0.31,217116
2016-09-27,0.31,0.31,0.3,0.3,166892
2016-09-28,0.31,0.32,0.3,0.3,66498
2016-09-29,0.3,0.3,0.29,0.29,217612
2016-09-30,0.29,0.29,0.28,0.28,148694
2016-10-03,0.27,0.29,0.27,0.28,45924
2016-10-04,0.28,0.28,0.24,0.24,180557
2016-10-05,0.25,0.27,0.25,0.27,203366
2016-10-06,0.26,0.27,0.26,0.26,109922
2016-10-07,0.25,0.27,0.25,0.26,53958
2016-10-10,0.25,0.27,0.23,0.25,205301
2016-10-11,0.25,0.25,0.22,0.24,25717
2016-10-12,0.25,0.25,0.24,0.25,97320
2016-10-13,0.28,0.29,0.22,0.24,586688
2016-10-14,0.23,0.24,0.22,0.22,149959
2016-10-17,0.22,0.22,0.2,0.2,359399
2016-10-18,0.22,0.22,0.2,0.21,47982
2016-10-19,0.21,0.22,0.17,0.2,244600
2016-10-20,0.2,0.21,0.19,0.2,39717
2016-10-21,0.21,0.21,0.2,0.2,31992
2016-10-24,0.2,0.22,0.2,0.22,52444
2016-10-25,0.21,0.22,0.21,0.22,42288
2016-10-26,0.23,0.23,0.21,0.22,38639
2016-10-27,0.19,0.22,0.19,0.21,43434
2016-10-28,0.22,0.22,0.21,0.21,48815
2016-10-31,0.22,0.22,0.21,0.22,44998
2016-11-01,0.21,0.21,0.21,0.21,25143
2016-11-02,0.22,0.22,0.21,0.22,31004
2016-11-03,0.22,0.22,0.22,0.22,39396
2016-11-04,0.22,0.24,0.22,0.22,20591
2016-11-07,0.22,0.22,0.22,0.22,46250
2016-11-08,0.22,0.22,0.15,0.2,59354
2016-11-09,0.21,0.21,0.2,0.21,13009
2016-11-10,0.21,0.21,0.18,0.2,59623
2016-11-11,0.21,0.21,0.18,0.19,65927
2016-11-14,0.2,0.2,0.18,0.18,19031
2016-11-15,0.18,0.2,0.18,0.18,89624
2016-11-16,0.19,0.2,0.18,0.18,75063
2016-11-17,0.19,0.2,0.16,0.17,100044
2016-11-18,0.18,0.18,0.16,0.17,20834
2016-11-21,0.17,0.18,0.16,0.16,241548
2016-11-22,0.17,0.17,0.16,0.16,179259
2016-11-23,0.16,0.29,0.16,0.27,1968380
2016-11-25,0.27,0.27,0.19,0.24,299734
2016-11-28,0.24,0.25,0.24,0.24,130815
2016-11-29,0.24,0.25,0.2,0.23,123122
2016-11-30,0.23,0.23,0.19,0.21,293202
2016-12-01,0.2,0.22,0.2,0.22,60586
2016-12-02,0.22,0.23,0.2,0.2,63033
2016-12-05,0.21,0.3,0.21,0.24,846604
2016-12-06,0.26,0.26,0.21,0.21,249644
2016-12-07,0.22,0.28,0.21,0.24,769237
2016-12-08,0.25,0.4,0.22,0.36,4490854
2016-12-09,0.4,0.4,0.25,0.26,3588528
2016-12-12,0.27,0.56,0.27,0.37,11989176
2016-12-13,0.33,0.39,0.29,0.34,2032417
2016-12-14,0.34,0.39,0.3,0.32,1085098
2016-12-15,0.33,0.37,0.31,0.31,531741
2016-12-16,0.31,0.31,0.27,0.28,809203
2016-12-19,0.27,0.27,0.23,0.26,919918
2016-12-20,0.25,0.27,0.23,0.25,310359
2016-12-21,0.23,0.27,0.23,0.24,375092
2016-12-22,0.25,0.31,0.25,0.27,1745040
2016-12-23,0.26,0.27,0.24,0.25,369138
2016-12-27,0.26,0.27,0.23,0.24,369938
2016-12-28,0.25,0.25,0.24,0.24,215415
2016-12-29,0.24,0.32,0.23,0.29,3683328
2016-12-30,0.28,0.3,0.25,0.28,1017922
2017-01-03,0.28,0.34,0.26,0.29,802653
2017-01-04,0.29,0.32,0.28,0.28,278352
2017-01-05,0.3,0.3,0.26,0.29,367324
2017-01-06,0.29,0.29,0.27,0.28,210453
2017-01-09,0.28,0.29,0.25,0.26,505434
2017-01-10,0.26,0.28,0.26,0.27,129793
2017-01-11,0.29,0.32,0.27,0.29,1399330
2017-01-12,1.03,1.27,0.67,1.12,62104022
2017-01-13,1.43,1.59,0.98,0.98,63609835
2017-01-17,0.98,0.98,0.8,0.86,7095733
2017-01-18,0.9,0.92,0.72,0.74,3417205
2017-01-19,0.7,0.71,0.62,0.66,2791394
2017-01-20,0.67,0.93,0.66,0.86,8259480
2017-01-23,0.83,0.85,0.7,0.73,2742031
2017-01-24,0.77,0.77,0.7,0.73,762551
2017-01-25,0.73,0.73,0.67,0.68,1176400
2017-01-26,0.69,0.89,0.65,0.8,2939974
2017-01-27,0.75,0.79,0.71,0.71,1161924
2017-01-30,0.78,0.78,0.7,0.71,491358
2017-01-31,0.7,0.73,0.65,0.69,707849
2017-02-01,0.7,0.71,0.67,0.7,716695
2017-02-02,0.7,0.7,0.66,0.68,538780
2017-02-03,0.7,0.8,0.66,0.75,2450985
2017-02-06,0.77,0.77,0.7,0.73,835966
2017-02-07,0.75,0.75,0.69,0.7,663670
2017-02-08,0.71,0.71,0.66,0.68,1315525
2017-02-09,0.7,0.89,0.68,0.75,8330408
2017-02-10,0.74,0.77,0.7,0.75,1141203
2017-02-13,0.77,0.77,0.71,0.72,981717
2017-02-14,0.72,0.73,0.67,0.68,1566538
2017-02-15,0.72,0.74,0.68,0.7,1176632
2017-02-16,0.75,0.75,0.69,0.7,637068
2017-02-17,0.72,0.72,0.68,0.68,762314
2017-02-21,0.68,0.7,0.64,0.67,1399113
2017-02-22,0.7,0.7,0.27,0.48,1142075
2017-02-23,0.46,0.5,0.35,0.39,1058540
2017-02-24,0.38,0.45,0.36,0.43,734606
2017-02-27,0.43,0.47,0.39,0.42,424401
2017-02-28,0.42,0.46,0.39,0.4,299379
2017-03-01,0.4,0.66,0.4,0.58,2010726
2017-03-02,0.59,0.61,0.55,0.56,464321
2017-03-03,0.58,0.61,0.56,0.58,460698
2017-03-06,0.58,0.63,0.57,0.59,364677
2017-03-07,0.61,0.61,0.57,0.58,196054
2017-03-08,0.6,0.61,0.56,0.61,325462
2017-03-09,0.62,0.62,0.6,0.6,303283
2017-03-10,0.61,0.62,0.57,0.62,388581
2017-03-13,0.61,0.63,0.58,0.62,306482
2017-03-14,0.62,0.62,0.6,0.6,120739
2017-03-15,0.62,0.62,0.57,0.6,153861
2017-03-16,0.59,0.61,0.58,0.6,107816
2017-03-17,0.61,0.62,0.58,0.59,145296
2017-03-20,0.6,0.6,0.56,0.6,220915
2017-03-21,0.6,0.6,0.56,0.58,67685
2017-03-22,0.59,0.59,0.56,0.58,92240
2017-03-23,0.58,0.6,0.56,0.57,138023
2017-03-24,0.57,0.59,0.57,0.57,105956
2017-03-27,0.57,0.58,0.57,0.57,131282
2017-03-28,0.56,0.59,0.56,0.56,94762
2017-03-29,0.56,0.6,0.55,0.57,45995
2017-03-30,0.56,0.58,0.55,0.56,72226
2017-03-31,0.56,0.58,0.55,0.56,297237
2017-04-03,0.56,0.57,0.5,0.52,112776
2017-04-04,0.52,0.56,0.5,0.55,107567
2017-04-05,0.54,0.56,0.51,0.55,107627
2017-04-06,0.52,0.55,0.52,0.52,38303
2017-04-07,0.52,0.55,0.5,0.54,53139
2017-04-10,0.54,0.56,0.52,0.52,50354
2017-04-11,0.54,0.56,0.54,0.54,77132
2017-04-12,0.56,0.58,0.54,0.54,58370
2017-04-13,0.54,0.55,0.5,0.52,137367
2017-04-17,0.5,0.53,0.43,0.52,130027
2017-04-18,0.53,0.53,0.49,0.52,5768
2017-04-19,0.51,0.53,0.41,0.5,157749
2017-04-20,0.48,0.49,0.43,0.49,58931
2017-04-21,0.46,0.5,0.44,0.48,39417
2017-04-24,0.45,0.46,0.42,0.42,120997
2017-04-25,0.42,0.42,0.39,0.41,257379
2017-04-26,0.41,0.41,0.39,0.39,41573
2017-04-27,0.41,0.41,0.38,0.38,115244
2017-04-28,0.38,0.41,0.36,0.37,76619
2017-05-01,0.38,0.39,0.36,0.37,25964
2017-05-02,0.37,0.39,0.37,0.37,50737
2017-05-03,0.37,0.42,0.37,0.37,31192
2017-05-04,0.37,0.38,0.36,0.37,59683
2017-05-05,0.37,0.4,0.36,0.4,83351
2017-05-08,0.38,0.4,0.35,0.38,55551
2017-05-09,0.37,0.4,0.35,0.37,66055
2017-05-10,0.37,0.39,0.35,0.39,85089
2017-05-11,0.36,0.39,0.36,0.36,31643
2017-05-12,0.36,0.38,0.36,0.36,38308
2017-05-15,0.36,0.38,0.34,0.35,82885
2017-05-16,0.34,0.36,0.32,0.35,104200
2017-05-17,0.32,0.37,0.28,0.35,81418
2017-05-18,0.31,0.34,0.28,0.33,50827
2017-05-19,0.3,0.33,0.28,0.33,34838
2017-05-22,0.3,0.3,0.28,0.3,91042
2017-05-23,0.29,0.29,0.27,0.27,163065
2017-05-24,0.27,0.3,0.27,0.29,30397
2017-05-25,0.26,0.29,0.26,0.26,75007
2017-05-26,0.26,0.26,0.17,0.21,514909
2017-05-30,0.21,0.23,0.18,0.23,102366
2017-05-31,0.18,0.25,0.18,0.25,151263
2017-06-01,0.25,0.26,0.21,0.25,84098
2017-06-02,0.3,0.32,0.26,0.29,218132
2017-06-05,0.29,0.3,0.26,0.28,31713
2017-06-06,0.3,0.32,0.26,0.27,29640
2017-06-07,0.28,0.3,0.26,0.28,19709
2017-06-08,0.29,0.3,0.26,0.27,19098
2017-06-09,0.27,0.3,0.21,0.28,99891
2017-06-12,0.28,0.28,0.25,0.25,83822
2017-06-30,8.7,9.0,8.7,9.0,1425
2017-07-03,13.25,13.25,12.1,12.1,7008
2017-07-05,14.15,28.16,14.15,20.1,76514
2017-07-06,20.0,20.0,15.4,15.8,20204
2017-07-07,15.0,15.0,10.1,11.1,38161
2017-07-10,10.15,12.7,10.1,11.24,15639
2017-07-11,12.0,12.0,10.99,11.98,13928
2017-07-12,12.8,12.8,11.2,12.28,7830
2017-07-13,12.34,12.5,11.4,11.4,5790
2017-07-14,12.48,12.48,11.5,11.57,5939
2017-07-17,11.5,11.69,11.2,11.29,3054
2017-07-18,11.72,11.95,11.2,11.83,3609
2017-07-19,11.24,12.0,11.24,11.75,4076
2017-07-20,11.75,12.0,11.33,11.55,7559
2017-07-21,11.27,11.55,11.27,11.35,3134
2017-07-24,11.47,11.47,11.0,11.11,2776
2017-07-25,11.26,11.37,11.24,11.24,1281
2017-07-26,11.78,11.78,10.24,10.81,12577
2017-07-27,10.74,10.92,9.75,9.99,10607
2017-07-28,10.3,10.4,9.83,9.83,2474
2017-07-31,9.83,9.92,8.2,8.2,21009
2017-08-01,7.5,8.0,5.5,5.91,79319
