Date,Open,High,Low,Close,Volume
2009-08-04,4.2,4.64,4.2,4.31,26338
2009-08-05,4.49,4.49,4.2,4.2,13530
2009-08-06,4.22,4.38,3.78,4.1,23516
2009-08-07,4.19,4.2,4.0,4.13,37725
2009-08-10,4.05,4.16,3.82,4.12,12586
2009-08-11,4.1,4.49,3.85,3.94,15530
2009-08-12,3.95,4.38,3.95,4.27,20106
2009-08-13,4.26,4.26,4.05,4.11,4111
2009-08-14,4.12,4.25,3.96,4.01,19143
2009-08-17,3.98,4.01,3.61,3.7,33596
2009-08-18,3.72,3.87,3.71,3.84,8259
2009-08-19,3.82,3.97,3.65,3.97,11909
2009-08-20,3.97,4.13,3.8,4.09,10794
2009-08-21,4.25,4.25,3.86,4.19,46928
2009-08-24,4.18,4.18,3.92,3.99,9329
2009-08-25,4.24,4.24,4.0,4.03,11857
2009-08-26,4.02,4.22,3.88,4.22,20746
2009-08-27,4.17,4.19,4.01,4.19,7055
2009-08-28,4.19,4.19,3.92,3.96,30090
2009-08-31,3.94,3.95,3.86,3.94,27265
2009-09-01,3.91,4.0,3.85,3.9,18742
2009-09-02,3.87,3.88,3.77,3.86,12563
2009-09-03,3.86,3.88,3.78,3.87,22653
2009-09-04,3.82,3.96,3.82,3.93,7052
2009-09-08,3.84,4.16,3.84,4.06,19943
2009-09-09,4.16,4.16,3.89,4.01,24020
2009-09-10,4.0,4.17,3.99,4.17,10151
2009-09-11,4.14,4.14,4.01,4.11,9814
2009-09-14,4.13,4.18,4.04,4.15,30240
2009-09-15,4.14,4.23,4.06,4.23,22919
2009-09-16,4.25,4.27,4.2,4.22,9156
2009-09-17,4.23,4.27,4.15,4.25,11760
2009-09-18,4.24,4.6,4.15,4.25,542149
2009-09-21,4.25,4.61,4.25,4.53,21167
2009-09-22,4.55,4.65,4.52,4.58,25939
2009-09-23,4.6,4.76,4.53,4.69,22558
2009-09-24,4.71,4.71,4.54,4.59,18242
2009-09-25,4.6,4.71,4.6,4.62,12135
2009-09-28,4.64,4.64,4.52,4.52,22321
2009-09-29,4.53,4.6,4.5,4.5,23394
2009-09-30,4.05,4.41,4.05,4.11,57214
2009-10-01,4.12,4.14,4.03,4.05,28248
2009-10-02,4.03,4.3,4.03,4.13,17873
2009-10-05,4.06,4.12,4.06,4.09,7312
2009-10-06,4.11,4.51,4.08,4.32,15116
2009-10-07,4.3,4.52,4.3,4.5,28326
2009-10-08,4.32,4.55,4.32,4.52,20102
2009-10-09,4.51,4.52,4.3,4.5,23723
2009-10-12,4.53,4.64,4.53,4.58,31240
2009-10-13,4.58,4.6,4.52,4.52,6457
2009-10-14,4.55,4.62,4.49,4.6,9987
2009-10-15,4.58,4.62,4.45,4.51,11685
2009-10-16,4.49,4.49,4.34,4.41,15503
2009-10-19,4.47,4.59,4.36,4.58,5663
2009-10-20,4.51,4.62,4.5,4.54,12840
2009-10-21,4.55,4.64,4.3,4.34,31645
2009-10-22,4.35,4.55,4.35,4.49,25057
2009-10-23,4.48,4.48,4.25,4.25,26594
2009-10-26,4.4,4.4,4.13,4.17,13387
2009-10-27,4.11,4.21,4.07,4.1,15580
2009-10-28,4.09,4.4,4.09,4.24,15627
2009-10-29,4.26,4.26,4.06,4.16,23948
2009-10-30,4.1,4.23,3.93,3.96,48615
2009-11-02,3.99,4.2,3.97,4.08,8705
2009-11-03,4.01,4.08,3.91,3.95,20581
2009-11-04,3.94,4.0,3.91,3.91,28920
2009-11-05,3.92,4.25,3.92,4.23,54133
2009-11-06,4.2,4.36,4.05,4.35,14141
2009-11-09,4.37,4.42,4.26,4.38,40761
2009-11-10,4.36,4.48,4.17,4.24,12069
2009-11-11,4.27,4.35,4.21,4.22,15362
2009-11-12,4.06,4.16,3.81,3.82,37711
2009-11-13,3.87,3.98,3.87,3.96,25468
2009-11-16,3.98,4.22,3.98,4.22,21439
2009-11-17,4.21,4.22,4.04,4.19,5325
2009-11-18,4.19,4.24,4.16,4.18,4832
2009-11-19,4.16,4.23,4.07,4.07,24049
2009-11-20,4.05,4.23,3.9,4.03,24561
2009-11-23,4.05,4.2,4.05,4.2,8717
2009-11-24,4.19,4.19,3.96,4.08,23024
2009-11-25,4.07,4.2,3.98,4.19,31761
2009-11-27,4.14,4.16,4.03,4.03,14098
2009-11-30,4.02,4.02,3.84,3.84,31633
2009-12-01,3.87,3.92,3.82,3.89,34598
2009-12-02,3.87,3.95,3.85,3.93,25441
2009-12-03,3.95,4.06,3.95,3.98,11174
2009-12-04,4.12,4.18,4.04,4.18,15391
2009-12-07,3.85,4.07,3.85,4.0,16565
2009-12-08,3.98,4.22,3.98,4.02,18323
2009-12-09,4.03,4.17,3.99,4.1,12776
2009-12-10,4.1,4.16,3.92,3.96,33867
2009-12-11,3.98,4.17,3.98,4.02,6418
2009-12-14,4.04,4.08,3.88,4.07,15523
2009-12-15,4.08,4.09,3.95,3.96,10189
2009-12-16,3.99,4.1,3.99,4.05,16372
2009-12-17,4.03,4.09,3.91,3.93,14251
2009-12-18,3.97,4.15,3.95,4.1,136832
2009-12-21,4.1,4.17,3.95,3.98,34339
2009-12-22,4.0,4.08,3.76,3.8,67388
2009-12-23,3.82,4.03,3.8,3.98,25740
2009-12-24,4.0,4.0,3.86,3.86,6496
2009-12-28,4.0,4.03,3.88,3.97,24382
2009-12-29,3.99,4.03,3.96,4.01,129865
2009-12-30,4.04,4.16,3.98,4.16,95146
2009-12-31,4.15,4.15,4.01,4.05,77190
2010-01-04,4.09,4.21,4.06,4.08,62245
2010-01-05,4.07,4.11,4.01,4.04,29736
2010-01-06,4.03,4.04,3.8,3.9,67237
2010-01-07,3.91,4.09,3.91,4.09,19967
2010-01-08,4.09,4.1,4.05,4.1,6244
2010-01-11,4.09,4.09,3.8,3.96,38912
2010-01-12,3.93,4.05,3.93,4.02,41062
2010-01-13,4.02,4.08,4.0,4.06,24701
2010-01-14,4.03,4.16,3.98,4.05,29862
2010-01-15,4.1,4.11,4.03,4.04,35897
2010-01-19,4.02,4.04,3.95,4.04,40397
2010-01-20,4.03,4.03,3.88,3.98,16097
2010-01-21,3.95,4.01,3.94,3.95,46331
2010-01-22,3.94,4.0,3.93,3.96,44603
2010-01-25,3.99,4.02,3.95,4.01,22179
2010-01-26,3.98,4.0,3.94,3.94,17770
2010-01-27,3.91,4.02,3.91,4.01,19079
2010-01-28,4.03,4.03,3.94,3.94,31059
2010-01-29,4.08,4.08,3.98,4.04,25027
2010-02-01,4.05,4.05,3.96,3.98,22851
2010-02-02,3.97,3.97,3.93,3.93,35631
2010-02-03,3.91,4.08,3.91,3.94,44931
2010-02-04,3.95,3.97,3.77,3.86,81660
2010-02-05,3.9,4.01,3.85,3.94,29717
2010-02-08,3.93,4.01,3.88,3.89,19603
2010-02-09,3.93,4.03,3.91,3.94,12427
2010-02-10,3.9,3.94,3.85,3.94,36363
2010-02-11,3.92,3.93,3.85,3.92,11615
2010-02-12,3.88,3.93,3.85,3.85,12819
2010-02-16,3.88,3.94,3.88,3.92,29475
2010-02-17,3.94,3.94,3.9,3.92,19712
2010-02-18,3.99,4.03,3.97,3.99,28451
2010-02-19,3.99,3.99,3.86,3.88,23849
2010-02-22,3.88,3.98,3.83,3.96,35122
2010-02-23,3.97,3.97,3.86,3.92,15872
2010-02-24,3.97,4.03,3.97,4.03,19761
2010-02-25,3.98,4.09,3.98,4.09,23178
2010-02-26,4.08,4.23,4.08,4.22,52739
2010-03-01,4.22,4.4,4.2,4.38,38854
2010-03-02,4.39,4.41,4.33,4.37,28083
2010-03-03,4.39,4.42,4.32,4.32,20549
2010-03-04,4.35,4.4,4.23,4.28,11538
2010-03-05,4.28,4.46,4.09,4.46,30733
2010-03-08,4.19,4.48,4.19,4.46,20245
2010-03-09,4.23,4.55,4.23,4.5,25240
2010-03-10,4.49,4.54,4.43,4.54,21510
2010-03-11,4.5,4.53,4.35,4.45,13161
2010-03-12,4.45,4.54,4.31,4.42,23071
2010-03-15,4.43,4.54,4.42,4.5,19657
2010-03-16,4.5,4.52,4.46,4.52,12542
2010-03-17,4.51,4.56,4.43,4.45,16904
2010-03-18,4.39,4.43,4.31,4.43,22869
2010-03-19,4.45,4.45,4.27,4.35,45852
2010-03-22,4.33,4.4,4.25,4.39,11743
2010-03-23,4.39,4.39,4.33,4.36,25583
2010-03-24,4.27,4.36,4.26,4.26,38525
2010-03-25,4.28,4.33,4.1,4.22,12384
2010-03-26,4.22,4.39,4.2,4.36,22045
2010-03-29,4.29,4.34,4.24,4.32,16209
2010-03-30,4.28,4.33,4.21,4.31,18877
2010-03-31,4.29,4.44,4.25,4.27,51577
2010-04-05,4.34,4.4,4.34,4.4,7027
2010-04-06,4.3,4.39,4.3,4.36,16728
2010-04-07,4.34,4.46,4.28,4.29,16583
2010-04-08,4.28,4.45,4.28,4.38,23312
2010-04-09,4.39,4.39,4.23,4.25,35969
2010-04-12,4.26,4.4,4.26,4.32,31177
2010-04-13,4.32,4.36,4.24,4.25,7387
2010-04-14,4.24,4.25,4.23,4.25,18430
2010-04-15,4.26,4.26,3.93,4.22,246798
2010-04-16,4.21,4.36,4.01,4.11,108437
2010-04-19,4.11,4.35,4.11,4.26,41439
2010-04-20,4.28,4.38,4.28,4.38,57990
2010-04-21,4.33,4.5,4.3,4.42,50225
2010-04-22,4.38,4.5,4.35,4.44,39022
2010-04-23,4.43,4.45,4.4,4.45,15375
2010-04-26,4.5,4.8,4.33,4.4,37169
2010-04-27,4.4,4.55,4.28,4.28,42324
2010-04-28,4.28,4.38,4.25,4.32,15630
2010-04-29,4.35,4.35,4.1,4.24,82599
2010-04-30,4.26,4.26,4.15,4.17,65395
2010-05-03,4.17,4.21,3.93,4.17,41139
2010-05-04,4.08,4.1,3.96,4.06,82670
2010-05-05,4.05,4.05,3.88,3.95,46227
2010-05-06,3.91,4.05,3.88,3.88,54543
2010-05-07,3.87,4.01,3.85,3.88,64070
2010-05-10,3.98,4.02,3.8,4.01,112670
2010-05-11,3.94,3.95,3.83,3.94,31687
2010-05-12,3.91,3.99,3.81,3.98,36583
2010-05-13,3.96,3.96,3.81,3.9,26641
2010-05-14,3.87,4.11,3.87,4.06,43093
2010-05-17,4.08,4.24,3.94,4.14,23212
2010-05-18,4.19,4.19,4.03,4.07,28991
2010-05-19,4.08,4.08,3.96,3.99,30845
2010-05-20,3.93,4.02,3.85,3.9,49965
2010-05-21,3.85,4.08,3.85,4.02,63857
2010-05-24,4.0,4.02,3.81,3.81,65436
2010-05-25,3.8,3.82,3.72,3.76,54925
2010-05-26,3.75,3.84,3.71,3.73,31000
2010-05-27,3.82,4.07,3.8,4.07,58604
2010-05-28,4.05,4.09,3.97,4.06,51945
2010-06-01,4.04,4.07,4.0,4.03,54744
2010-06-02,4.03,4.18,3.98,4.13,19700
2010-06-03,4.11,4.23,4.11,4.2,49064
2010-06-04,4.11,4.2,3.98,4.0,39720
2010-06-07,4.01,4.01,3.77,3.77,32549
2010-06-08,3.71,3.8,3.7,3.72,47899
2010-06-09,3.76,3.81,3.67,3.71,21558
2010-06-10,3.78,3.88,3.7,3.85,78826
2010-06-11,3.79,3.87,3.71,3.86,25616
2010-06-14,3.86,3.89,3.75,3.79,18993
2010-06-15,3.83,3.94,3.79,3.92,54482
2010-06-16,4.01,4.15,4.01,4.07,101476
2010-06-17,4.11,4.14,4.04,4.05,26792
2010-06-18,4.07,4.14,4.0,4.07,107368
2010-06-21,4.14,4.22,3.91,3.94,80004
2010-06-22,3.97,4.12,3.78,3.8,52561
2010-06-23,3.78,3.86,3.74,3.82,90040
2010-06-24,3.78,3.85,3.71,3.78,114968
2010-06-25,3.78,3.85,3.74,3.76,2504812
2010-06-28,3.84,3.91,3.82,3.83,56155
2010-06-29,3.85,3.86,3.82,3.83,51995
2010-06-30,3.82,4.15,3.82,3.97,56050
2010-07-01,3.95,4.07,3.92,3.92,351181
2010-07-02,3.92,3.93,3.92,3.92,22340
2010-07-06,3.99,3.99,3.87,3.87,42785
2010-07-07,3.87,3.92,3.87,3.88,44116
2010-07-08,3.89,3.94,3.88,3.94,23313
2010-07-09,3.91,3.95,3.89,3.95,23435
2010-07-12,3.93,3.95,3.89,3.93,25608
2010-07-13,3.94,4.0,3.94,4.0,14417
2010-07-14,4.0,4.05,3.94,4.03,59621
2010-07-15,4.01,4.05,3.94,4.05,71041
2010-07-16,3.88,4.16,3.88,4.11,42497
2010-07-19,4.18,4.33,4.16,4.21,69088
2010-07-20,4.2,4.35,4.18,4.34,62196
2010-07-21,4.25,4.4,4.24,4.38,44418
2010-07-22,4.39,4.4,4.32,4.36,42203
2010-07-23,4.33,4.4,4.29,4.4,42386
2010-07-26,4.37,4.45,4.08,4.45,45652
2010-07-27,4.45,4.5,4.35,4.38,68832
2010-07-28,4.39,4.47,4.34,4.47,52491
2010-07-29,4.47,4.56,4.32,4.53,100393
2010-07-30,4.39,4.6,4.36,4.56,62277
2010-08-02,4.59,4.64,4.45,4.54,59502
2010-08-03,4.51,4.65,4.51,4.62,54925
2010-08-04,4.59,4.69,4.42,4.65,60411
2010-08-05,4.68,4.7,4.53,4.67,46117
2010-08-06,4.57,4.72,4.5,4.69,48846
2010-08-09,4.69,4.73,4.65,4.73,59474
2010-08-10,4.62,4.71,4.59,4.7,8499
2010-08-11,4.59,4.63,4.42,4.45,16427
2010-08-12,4.39,4.4,4.34,4.38,27264
2010-08-13,4.36,4.4,4.3,4.35,4821
2010-08-16,4.28,4.37,4.23,4.37,11388
2010-08-17,4.37,4.4,4.28,4.38,4550
2010-08-18,4.38,4.42,4.35,4.42,11600
2010-08-19,4.38,4.38,4.28,4.33,5762
2010-08-20,4.18,4.37,4.18,4.33,10807
2010-08-23,4.33,4.37,4.28,4.28,10700
2010-08-24,3.63,4.15,3.63,4.07,33432
2010-08-25,4.07,4.13,4.05,4.13,3334
2010-08-26,,,,4.13,0
2010-08-27,3.98,4.1,3.98,4.08,12049
2010-08-30,4.11,4.35,4.11,4.22,12179
2010-08-31,4.19,4.33,4.18,4.33,6283
2010-09-01,4.28,4.33,4.23,4.3,35095
2010-09-02,4.31,4.32,4.3,4.32,1000
2010-09-03,4.28,4.46,4.28,4.45,6685
2010-09-07,4.41,4.45,4.37,4.44,15281
2010-09-08,4.42,4.42,4.37,4.37,1567
2010-09-09,4.42,4.42,4.3,4.32,9516
2010-09-10,4.35,4.37,4.29,4.37,21483
2010-09-13,4.46,4.56,4.45,4.46,18061
2010-09-14,4.46,4.48,4.42,4.43,2568
2010-09-15,4.34,4.47,4.24,4.47,11380
2010-09-16,4.48,4.48,4.39,4.45,13500
2010-09-17,4.4,4.52,4.31,4.52,8183
2010-09-20,4.5,4.55,4.38,4.41,11299
2010-09-21,4.43,4.5,4.4,4.5,11200
2010-09-22,4.41,4.47,4.35,4.47,7718
2010-09-23,4.42,4.57,4.42,4.57,5527
2010-09-24,4.55,4.57,4.51,4.55,5909
2010-09-27,4.48,4.48,4.41,4.41,4439
2010-09-28,4.42,4.51,4.41,4.47,942
2010-09-29,4.43,4.45,4.31,4.32,10993
2010-09-30,4.39,4.59,4.24,4.52,46993
2010-10-01,4.6,4.65,4.56,4.56,24800
2010-10-04,4.62,4.74,4.5,4.51,33450
2010-10-05,4.57,4.69,4.51,4.65,22461
2010-10-06,4.67,4.7,4.6,4.69,16801
2010-10-07,4.7,4.74,4.57,4.65,11156
2010-10-08,4.68,4.7,4.67,4.7,3857
2010-10-11,4.7,4.75,4.6,4.64,30047
2010-10-12,4.65,4.77,4.59,4.75,38714
2010-10-13,4.58,4.78,4.58,4.73,15480
2010-10-14,4.73,4.74,4.62,4.74,37246
2010-10-15,4.74,4.74,4.65,4.71,5100
2010-10-18,4.66,4.78,4.66,4.75,39012
2010-10-19,4.65,4.7,4.65,4.69,17000
2010-10-20,4.65,4.74,4.6,4.74,78687
2010-10-21,4.7,4.91,4.55,4.77,81590
2010-10-22,4.77,4.77,4.68,4.72,12138
2010-10-25,4.72,4.76,4.65,4.66,15800
2010-10-26,4.7,4.83,4.59,4.66,35060
2010-10-27,4.7,4.72,4.67,4.69,10019
2010-10-28,4.78,4.78,4.7,4.73,3879
2010-10-29,4.73,4.83,4.71,4.75,13891
2010-11-01,4.73,4.94,4.73,4.9,45568
2010-11-02,4.9,4.96,4.87,4.96,19532
2010-11-03,4.92,5.0,4.9,4.93,15957
2010-11-04,4.97,5.2,4.96,5.2,27293
2010-11-05,5.2,5.3,5.04,5.3,132455
2010-11-08,5.38,5.38,5.03,5.29,21891
2010-11-09,5.35,5.35,5.25,5.27,4658
2010-11-10,5.27,5.27,5.12,5.25,14614
2010-11-11,5.26,5.27,5.09,5.21,9151
2010-11-12,5.21,5.21,5.0,5.11,23904
2010-11-15,5.1,5.2,5.09,5.09,11778
2010-11-16,5.07,5.17,4.82,5.15,20410
2010-11-17,5.05,5.12,5.0,5.02,22681
2010-11-18,5.07,5.14,5.07,5.1,17343
2010-11-19,5.14,5.14,5.0,5.09,16566
2010-11-22,5.09,5.15,5.08,5.15,11940
2010-11-23,5.14,5.14,5.03,5.1,35696
2010-11-24,5.11,5.11,4.96,5.04,12680
2010-11-26,5.09,5.2,5.04,5.2,64752
2010-11-29,5.2,5.2,5.0,5.08,17398
2010-11-30,5.08,5.08,4.94,5.07,24700
2010-12-01,5.08,5.12,4.92,5.12,80727
2010-12-02,5.05,5.07,5.02,5.06,32953
2010-12-03,5.06,5.06,4.96,5.0,25838
2010-12-06,5.06,5.06,4.99,5.03,34727
2010-12-07,5.04,5.1,4.95,5.05,28506
2010-12-08,5.1,5.1,5.0,5.09,8897
2010-12-09,5.09,5.09,4.98,5.05,22354
2010-12-10,5.08,5.08,5.0,5.03,6645
2010-12-13,5.03,5.03,4.95,4.98,25293
2010-12-14,4.96,4.99,4.96,4.96,9556
2010-12-15,4.96,4.96,4.75,4.86,48596
2010-12-16,4.84,5.0,4.84,4.97,42900
2010-12-17,4.95,5.09,4.91,5.09,26228
2010-12-20,4.98,5.09,4.93,4.97,42576
2010-12-21,4.97,5.04,4.86,5.0,14570
2010-12-22,5.01,5.05,4.99,5.01,13071
2010-12-23,5.01,5.01,4.9,4.99,16661
2010-12-27,4.98,5.05,4.9,5.05,29538
2010-12-28,5.09,5.09,5.01,5.05,26770
2010-12-29,4.85,4.97,4.8,4.95,41019
2010-12-30,4.9,4.93,4.86,4.9,21880
2010-12-31,4.9,5.07,4.9,5.05,24303
2011-01-03,5.05,5.05,4.8,4.95,47926
2011-01-04,4.91,4.91,4.75,4.9,47249
2011-01-05,4.88,4.94,4.82,4.92,7224
2011-01-06,4.93,4.99,4.88,4.99,13457
2011-01-07,4.99,5.02,4.9,5.0,41899
2011-01-10,4.97,5.04,4.9,4.9,21984
2011-01-11,4.96,5.01,4.96,5.01,3956
2011-01-12,5.01,5.05,4.98,5.04,32143
2011-01-13,5.05,5.07,5.01,5.01,22059
2011-01-14,5.01,5.09,5.0,5.09,48724
2011-01-18,5.03,5.2,5.03,5.14,37179
2011-01-19,5.13,5.17,5.11,5.16,19090
2011-01-20,5.17,5.17,5.0,5.0,17084
2011-01-21,5.01,5.11,5.0,5.02,19360
2011-01-24,5.01,5.01,4.99,5.0,13880
2011-01-25,5.05,5.05,4.97,5.03,4600
2011-01-26,5.05,5.05,5.02,5.04,10947
2011-01-27,5.1,5.1,4.97,5.01,11653
2011-01-28,4.98,5.06,4.97,5.0,5994
2011-01-31,5.01,5.07,5.01,5.07,1897
2011-02-01,5.05,5.05,4.92,5.05,20542
2011-02-02,5.05,5.06,4.97,5.0,23803
2011-02-03,5.0,5.06,5.0,5.06,5312
2011-02-04,5.05,5.06,5.05,5.05,15522
2011-02-07,5.07,5.07,5.01,5.07,11216
2011-02-08,5.04,5.11,5.04,5.11,33176
2011-02-09,5.12,5.12,5.05,5.06,15100
2011-02-10,5.14,5.15,5.06,5.15,18477
2011-02-11,5.1,5.12,5.08,5.08,9240
2011-02-14,5.06,5.1,5.06,5.09,15569
2011-02-15,5.06,5.1,4.98,5.03,123221
2011-02-16,5.0,5.0,4.87,4.9,52498
2011-02-17,4.87,4.97,4.82,4.97,102459
2011-02-18,4.94,4.97,4.75,4.95,63292
2011-02-22,4.9,4.97,4.9,4.94,13287
2011-02-23,4.94,4.97,4.86,4.93,15127
2011-02-24,4.89,4.95,4.85,4.92,9400
2011-02-25,4.88,5.0,4.87,4.91,43931
2011-02-28,4.98,5.07,4.94,5.05,35960
2011-03-01,5.05,5.08,5.01,5.06,7715
2011-03-02,5.05,5.06,4.99,5.06,35652
2011-03-03,5.06,5.09,5.0,5.06,16457
2011-03-04,5.1,5.1,4.95,4.95,34841
2011-03-07,4.93,4.98,4.9,4.91,12088
2011-03-08,4.95,4.98,4.9,4.95,7425
2011-03-09,4.93,4.98,4.9,4.93,4500
2011-03-10,4.94,4.97,4.91,4.94,4300
2011-03-11,4.92,5.0,4.88,4.88,7512
2011-03-14,4.88,5.0,4.88,4.95,21810
2011-03-15,4.91,4.91,4.85,4.88,8400
2011-03-16,4.88,4.9,4.75,4.87,10194
2011-03-17,4.83,5.0,4.75,5.0,22506
2011-03-18,4.99,4.99,4.9,4.92,19471
2011-03-21,4.99,4.99,4.82,4.94,13390
2011-03-22,4.9,4.9,4.86,4.88,2400
2011-03-23,4.85,4.92,4.85,4.86,10700
2011-03-24,4.9,4.92,4.87,4.92,7200
2011-03-25,4.91,5.0,4.91,4.94,19217
2011-03-28,4.99,5.0,4.91,4.97,8311
2011-03-29,4.91,4.98,4.9,4.95,2600
2011-03-30,4.92,5.05,4.91,5.05,12400
2011-03-31,5.05,5.05,4.99,5.05,16841
2011-04-01,5.04,5.04,4.95,4.97,29016
2011-04-04,4.99,5.0,4.92,4.92,10616
2011-04-05,4.86,4.98,4.86,4.91,4994
2011-04-06,4.96,4.96,4.87,4.88,12100
2011-04-07,4.85,4.97,4.85,4.97,3300
2011-04-08,4.95,5.06,4.95,5.0,45292
2011-04-11,4.97,4.97,4.83,4.97,46209
2011-04-12,4.9,4.92,4.75,4.83,29907
2011-04-13,4.86,4.89,4.81,4.89,10100
2011-04-14,4.83,4.93,4.81,4.92,5700
2011-04-15,4.86,4.89,4.85,4.89,2700
2011-04-18,4.91,4.91,4.75,4.8,16622
2011-04-19,4.8,4.87,4.77,4.77,2751
2011-04-20,4.77,4.82,4.75,4.76,9298
2011-04-21,4.76,4.76,4.68,4.71,15114
2011-04-25,4.64,4.76,4.64,4.7,14981
2011-04-26,4.69,4.7,4.65,4.68,6624
2011-04-27,4.72,4.88,4.72,4.8,34903
2011-04-28,4.8,4.92,4.8,4.85,4485
2011-04-29,4.87,4.88,4.84,4.86,9100
2011-05-02,4.79,7.74,4.76,4.94,69315
2011-05-03,4.9,5.02,4.87,5.02,13040
2011-05-04,5.05,5.09,4.95,4.96,55026
2011-05-05,4.92,4.96,4.89,4.96,19115
2011-05-06,4.91,4.97,4.91,4.97,900
2011-05-09,4.8,4.84,4.78,4.81,13630
2011-05-10,4.81,4.87,4.81,4.81,10532
2011-05-11,4.79,4.84,4.78,4.81,1642
2011-05-12,4.78,4.78,4.52,4.7,12383
2011-05-13,4.7,4.7,4.68,4.7,5609
2011-05-16,4.65,4.66,4.59,4.59,13600
2011-05-17,4.6,4.6,4.57,4.58,6070
2011-05-18,4.58,4.62,4.55,4.57,12224
2011-05-19,4.61,4.62,4.58,4.62,1051
2011-05-20,4.57,4.62,4.57,4.62,4825
2011-05-23,4.6,4.75,4.6,4.75,9833
2011-05-24,4.69,5.09,4.64,4.88,32024
2011-05-25,4.92,5.0,4.9,4.93,16250
2011-05-26,4.93,4.93,4.75,4.89,29858
2011-05-27,4.93,4.99,4.84,4.85,44695
2011-05-31,4.87,4.99,4.85,4.9,27919
2011-06-01,4.91,5.02,4.91,4.98,33587
2011-06-02,4.99,4.99,4.9,4.94,7336
2011-06-03,4.96,4.96,4.8,4.89,10699
2011-06-06,4.85,4.85,4.72,4.78,12534
2011-06-07,4.78,4.81,4.78,4.81,8410
2011-06-08,4.78,4.82,4.67,4.72,16516
2011-06-09,4.69,4.85,4.69,4.77,8400
2011-06-10,4.75,4.82,4.75,4.82,10659
2011-06-13,4.77,4.77,4.66,4.72,18400
2011-06-14,4.73,4.82,4.68,4.75,13102
2011-06-15,4.68,4.73,4.65,4.65,5283
2011-06-16,4.67,4.67,4.58,4.63,5466
2011-06-17,4.63,4.8,4.59,4.8,18821
2011-06-20,4.77,4.8,4.65,4.75,9785
2011-06-21,4.73,4.8,4.73,4.76,3265
2011-06-22,4.78,4.83,4.67,4.71,13900
2011-06-23,4.72,4.85,4.67,4.72,74292
2011-06-24,4.7,4.71,4.55,4.62,61937
2011-06-27,4.65,4.69,4.51,4.53,27485
2011-06-28,4.59,4.67,4.54,4.58,46650
2011-06-29,4.55,4.58,4.5,4.57,48355
2011-06-30,4.57,4.67,4.48,4.55,36136
2011-07-01,4.55,4.56,4.45,4.46,14520
2011-07-05,4.48,4.5,4.45,4.49,13337
2011-07-06,4.49,4.55,4.46,4.49,21100
2011-07-07,4.46,4.5,4.39,4.43,26214
2011-07-08,4.49,4.5,4.46,4.49,15950
2011-07-11,4.46,4.49,3.74,4.3,47816
2011-07-12,4.3,4.34,4.2,4.2,15000
2011-07-13,4.23,4.32,4.15,4.18,100975
2011-07-14,4.17,4.25,4.17,4.17,52602
2011-07-15,4.21,4.34,4.2,4.21,39410
2011-07-18,4.23,4.32,4.18,4.22,31511
2011-07-19,4.23,4.33,4.18,4.22,36368
2011-07-20,4.22,4.3,4.22,4.29,54200
2011-07-21,4.3,4.39,4.24,4.34,50472
2011-07-22,4.24,4.35,4.24,4.3,32180
2011-07-25,4.3,4.35,4.24,4.27,16428
2011-07-26,4.27,4.3,4.22,4.22,31900
2011-07-27,4.2,4.37,4.2,4.32,34414
2011-07-28,4.3,4.36,4.22,4.34,23854
2011-07-29,4.27,4.39,4.16,4.35,57364
2011-08-01,4.2,4.32,4.18,4.3,31767
2011-08-02,4.21,4.18,4.16,4.18,62160
2011-08-03,4.18,4.22,4.16,4.18,21268
2011-08-04,4.2,4.39,4.15,4.35,64222
2011-08-05,4.33,4.37,4.16,4.27,48504
2011-08-08,4.21,4.22,3.88,3.88,51436
2011-08-09,3.99,4.24,3.93,4.2,21702
2011-08-10,4.2,4.28,4.0,4.0,21556
2011-08-11,4.08,4.38,3.99,4.28,32364
2011-08-12,4.39,4.39,4.28,4.32,90280
2011-08-15,4.21,4.44,4.21,4.43,38924
2011-08-16,4.41,4.44,4.27,4.3,18200
2011-08-17,4.32,4.47,4.32,4.42,42536
2011-08-18,4.32,4.32,4.24,4.3,10120
2011-08-19,4.16,4.32,3.97,4.27,17294
2011-08-22,4.27,4.32,4.13,4.29,17368
2011-08-23,4.26,4.27,4.21,4.26,4500
2011-08-24,4.24,4.28,4.23,4.23,9390
2011-08-25,4.29,4.29,4.12,4.13,9910
2011-08-26,4.15,4.25,4.14,4.2,1977
2011-08-29,4.19,4.29,4.19,4.24,12243
2011-08-30,4.26,4.29,4.21,4.24,2700
2011-08-31,4.27,4.3,4.24,4.25,8557
2011-09-01,4.28,4.29,4.21,4.25,2640
2011-09-02,4.14,4.32,4.14,4.25,17517
2011-09-06,4.2,4.26,4.1,4.26,11162
2011-09-07,4.31,4.31,4.12,4.28,10063
2011-09-08,4.23,4.23,4.11,4.23,10575
2011-09-09,4.15,4.19,4.11,4.19,5714
2011-09-12,4.19,4.2,4.1,4.15,4481
2011-09-13,4.2,4.32,4.09,4.29,5200
2011-09-14,4.38,4.38,4.0,4.23,20089
2011-09-15,4.24,4.39,4.12,4.33,13976
2011-09-16,4.31,4.43,4.13,4.34,22883
2011-09-19,4.26,4.26,4.0,4.25,10770
2011-09-20,4.2,4.28,4.03,4.21,18863
2011-09-21,4.13,4.21,4.0,4.21,22495
2011-09-22,4.04,4.2,3.95,4.19,9050
2011-09-23,4.04,4.18,4.01,4.14,13801
2011-09-26,4.04,4.14,3.99,4.14,16985
2011-09-27,4.23,4.49,4.05,4.23,259906
2011-09-28,4.2,4.2,4.05,4.17,6938
2011-09-29,4.2,4.24,4.12,4.19,7814
2011-09-30,4.23,4.35,4.07,4.3,14920
2011-10-03,4.14,4.18,4.06,4.06,2423
2011-10-04,4.1,4.1,3.98,3.98,9049
2011-10-05,4.19,4.21,4.07,4.07,1100
2011-10-06,4.05,4.05,4.04,4.04,2685
2011-10-07,4.1,4.23,4.1,4.23,3882
2011-10-10,4.03,4.21,4.03,4.21,300
2011-10-11,4.17,4.24,4.16,4.17,1983
2011-10-12,4.07,4.25,4.07,4.25,5946
2011-10-13,4.23,4.23,4.12,4.18,12221
2011-10-14,4.14,4.22,4.14,4.22,352
2011-10-17,4.22,4.24,4.15,4.17,9381
2011-10-18,4.05,4.22,4.05,4.22,4819
2011-10-19,4.05,4.18,4.03,4.18,14360
2011-10-20,4.08,4.21,4.08,4.18,4017
2011-10-21,4.18,4.21,4.07,4.16,4700
2011-10-24,4.16,4.16,4.04,4.15,16755
2011-10-25,4.1,4.13,4.04,4.05,15956
2011-10-26,3.95,3.95,3.95,3.95,100
2011-10-27,4.0,4.25,4.0,4.25,26269
2011-10-28,4.23,4.23,4.06,4.18,38420
2011-10-31,4.18,4.18,4.04,4.14,26775
2011-11-01,4.02,4.14,4.02,4.14,5874
2011-11-02,4.08,4.18,4.04,4.18,19281
2011-11-03,4.16,4.21,4.1,4.21,11220
2011-11-04,4.21,4.25,4.1,4.25,23931
2011-11-07,4.22,4.22,4.03,4.18,11425
2011-11-08,4.2,4.2,4.12,4.15,8807
2011-11-09,4.15,4.2,4.06,4.2,24848
2011-11-10,4.2,4.2,4.14,4.2,23167
2011-11-11,4.2,4.25,4.15,4.16,17475
2011-11-14,4.16,4.2,4.14,4.2,11398
2011-11-15,4.17,4.17,4.15,4.16,9578
2011-11-16,4.14,4.2,4.12,4.12,19814
2011-11-17,4.17,4.25,4.12,4.22,6942
2011-11-18,4.12,4.16,4.06,4.14,18977
2011-11-21,4.14,4.15,4.12,4.12,12702
2011-11-22,4.16,4.16,4.06,4.06,14144
2011-11-23,4.06,4.14,4.03,4.03,10971
2011-11-25,4.05,4.12,4.05,4.12,500
2011-11-28,4.17,4.17,4.04,4.16,12840
2011-11-29,4.06,4.2,4.06,4.19,6435
2011-11-30,4.2,4.33,4.15,4.3,25255
2011-12-01,4.29,4.3,4.22,4.3,6500
2011-12-02,4.3,4.3,4.21,4.3,7470
2011-12-05,4.2,4.3,4.2,4.3,5388
2011-12-06,4.21,4.27,4.16,4.27,22980
2011-12-07,4.27,4.27,4.19,4.25,6641
2011-12-08,4.27,4.28,4.16,4.27,16299
2011-12-09,4.22,4.27,4.22,4.27,1800
2011-12-12,4.27,4.27,4.12,4.19,6047
2011-12-13,4.14,4.19,4.12,4.19,1823
2011-12-14,4.12,4.2,4.12,4.2,3835
2011-12-15,4.2,4.2,4.11,4.18,24367
2011-12-16,4.11,4.2,4.08,4.19,13396
2011-12-19,4.2,4.2,4.1,4.17,4900
2011-12-20,4.19,4.19,4.11,4.18,5144
2011-12-21,4.17,4.2,4.1,4.2,1200
2011-12-22,4.11,4.25,4.11,4.2,4800
2011-12-23,4.23,4.23,4.14,4.15,3905
2011-12-27,4.11,4.25,4.07,4.15,40356
2011-12-28,4.08,4.18,4.06,4.17,5400
2011-12-29,4.14,4.29,4.08,4.28,125590
2011-12-30,4.24,4.25,4.1,4.24,58546
2012-01-03,4.27,4.27,4.15,4.16,2700
2012-01-04,4.28,4.28,4.23,4.24,1272
2012-01-05,4.24,4.44,4.23,4.44,17509
2012-01-06,4.37,4.37,4.25,4.36,4917
2012-01-09,4.31,4.39,4.24,4.36,10817
2012-01-10,4.34,4.37,4.28,4.37,10256
2012-01-11,4.28,4.37,4.28,4.37,3898
2012-01-12,4.28,4.38,4.21,4.37,7740
2012-01-13,4.34,4.36,4.28,4.35,8374
2012-01-17,4.35,4.38,4.23,4.38,17186
2012-01-18,4.35,4.36,4.17,4.19,15449
2012-01-19,4.15,4.25,4.15,4.24,9392
2012-01-20,4.2,4.22,4.17,4.17,1500
2012-01-23,4.17,4.18,4.12,4.12,15175
2012-01-24,4.11,4.24,4.11,4.19,8825
2012-01-25,4.2,4.23,4.11,4.21,20910
2012-01-26,4.24,4.28,4.16,4.24,21883
2012-01-27,4.2,4.24,4.15,4.24,18180
2012-01-30,4.25,4.25,4.14,4.23,24150
2012-01-31,4.21,4.28,4.15,4.26,33206
2012-02-01,4.19,4.34,4.18,4.32,29284
2012-02-02,4.3,4.3,4.22,4.27,7124
2012-02-03,4.3,4.35,4.24,4.35,2012
2012-02-06,4.28,4.33,4.25,4.33,16307
2012-02-07,4.32,4.4,4.32,4.36,24564
2012-02-08,4.37,4.43,4.33,4.43,19954
2012-02-09,4.45,4.6,4.42,4.53,30898
2012-02-10,4.55,4.58,4.39,4.45,14332
2012-02-13,4.55,4.57,4.33,4.43,16411
2012-02-14,4.38,4.56,4.34,4.52,17730
2012-02-15,4.54,4.59,4.47,4.54,6750
2012-02-16,4.52,4.55,4.48,4.5,9253
2012-02-17,4.52,4.54,4.44,4.54,8042
2012-02-21,4.52,4.52,4.33,4.36,15185
2012-02-22,4.37,4.54,4.33,4.54,12998
2012-02-23,4.5,4.55,4.45,4.53,4461
2012-02-24,4.45,4.54,4.45,4.54,9200
2012-02-27,4.45,4.54,4.43,4.51,14995
2012-02-28,4.48,4.55,4.41,4.54,4068
2012-02-29,4.52,4.54,4.47,4.54,3938
2012-03-01,4.54,4.55,4.41,4.55,11542
2012-03-02,4.52,4.54,4.46,4.51,5568
2012-03-05,4.49,4.5,4.49,4.5,3566
2012-03-06,4.5,4.56,4.34,4.56,8221
2012-03-07,4.5,4.59,4.35,4.55,12097
2012-03-08,4.53,4.59,4.35,4.5,13210
2012-03-09,4.39,4.5,4.37,4.5,12102
2012-03-12,4.54,4.54,4.35,4.47,12526
2012-03-13,4.48,4.51,4.41,4.5,5225
2012-03-14,4.44,4.49,4.36,4.49,7982
2012-03-15,4.4,4.5,4.38,4.45,2431
2012-03-16,4.37,4.48,4.26,4.48,23226
2012-03-19,4.4,4.43,4.34,4.4,11966
2012-03-20,4.36,4.48,4.35,4.48,17646
2012-03-21,4.46,4.55,4.4,4.55,27040
2012-03-22,4.51,4.56,4.43,4.51,9010
2012-03-23,4.49,4.52,4.41,4.41,4022
2012-03-26,4.36,4.52,4.32,4.51,15040
2012-03-27,4.49,4.5,4.4,4.45,23713
2012-03-28,4.41,4.45,4.34,4.43,15255
2012-03-29,4.41,4.43,4.39,4.43,2500
2012-03-30,4.42,4.66,4.41,4.66,28667
2012-04-02,4.65,4.69,4.59,4.67,16036
2012-04-03,4.65,4.66,4.57,4.66,18040
2012-04-04,4.64,4.64,4.56,4.64,51932
2012-04-05,4.61,4.63,4.56,4.63,37800
2012-04-09,4.62,4.63,4.55,4.62,25846
2012-04-10,4.55,4.63,4.52,4.62,9015
2012-04-11,4.63,4.65,4.6,4.64,9600
2012-04-12,4.61,4.7,4.61,4.7,20456
2012-04-13,4.69,4.74,4.69,4.73,10619
2012-04-16,4.74,4.74,4.67,4.73,16300
2012-04-17,4.67,4.75,4.62,4.74,15110
2012-04-18,4.71,4.77,4.61,4.77,16043
2012-04-19,4.71,4.78,4.61,4.67,16599
2012-04-20,4.73,4.84,4.72,4.82,24341
2012-04-23,4.82,4.82,4.62,4.79,25108
2012-04-24,4.8,4.87,4.78,4.85,33602
2012-04-25,4.88,4.89,4.72,4.86,17439
2012-04-26,4.85,4.9,4.69,4.9,25523
2012-04-27,4.87,4.94,4.8,4.94,27479
2012-04-30,4.93,4.98,4.75,4.96,40327
2012-05-01,4.98,5.07,4.93,4.93,39158
2012-05-02,4.95,5.29,4.78,5.28,102739
2012-05-03,5.29,5.29,5.13,5.27,27070
2012-05-04,5.2,5.28,5.2,5.28,19889
2012-05-07,5.26,5.4,5.2,5.39,42167
2012-05-08,5.42,5.45,5.24,5.42,116637
2012-05-09,5.47,5.47,5.23,5.43,41137
2012-05-10,5.45,5.45,5.19,5.35,29581
2012-05-11,5.34,5.49,5.25,5.49,35957
2012-05-14,5.44,5.7,5.28,5.6,94146
2012-05-15,5.6,5.6,5.47,5.54,26101
2012-05-16,5.56,5.56,5.45,5.55,26346
2012-05-17,5.49,5.57,5.4,5.54,41815
2012-05-18,5.52,5.53,5.26,5.45,16634
2012-05-21,5.49,5.58,5.25,5.54,75985
2012-05-22,5.58,5.7,5.25,5.5,132080
2012-05-23,5.47,5.57,5.4,5.53,78408
2012-05-24,5.58,5.6,5.45,5.55,64311
2012-05-25,5.61,5.86,5.58,5.68,69551
2012-05-29,5.75,5.91,5.75,5.88,64357
2012-05-30,5.82,5.85,5.49,5.8,47220
2012-05-31,5.74,5.89,5.7,5.75,147425
2012-06-01,5.7,5.7,5.5,5.61,47403
2012-06-04,5.61,5.61,5.31,5.49,73728
2012-06-05,5.43,5.52,5.34,5.5,78867
2012-06-06,5.47,5.61,5.46,5.57,47740
2012-06-07,5.58,5.68,5.55,5.62,49350
2012-06-08,5.65,5.7,5.56,5.7,88570
2012-06-11,5.65,5.75,5.61,5.64,90975
2012-06-12,5.62,5.68,5.57,5.6,57246
2012-06-13,5.5,5.64,5.3,5.56,67504
2012-06-14,5.54,5.65,5.52,5.58,74403
2012-06-15,5.56,5.63,5.36,5.63,82569
2012-06-18,5.62,5.62,5.48,5.59,79268
2012-06-19,5.55,5.6,5.52,5.55,58186
2012-06-20,5.5,5.59,5.31,5.51,103770
2012-06-21,5.47,5.51,5.4,5.5,105603
2012-06-22,5.5,5.64,5.31,5.4,2219737
2012-06-25,5.35,5.4,5.27,5.29,124386
2012-06-26,5.26,5.32,5.18,5.18,95505
2012-06-27,5.16,5.25,5.16,5.21,75412
2012-06-28,5.19,5.25,5.14,5.24,89005
2012-06-29,5.3,5.42,5.21,5.41,121424
2012-07-02,5.43,5.44,5.32,5.44,87832
2012-07-03,5.38,5.45,5.32,5.44,50564
2012-07-05,5.39,5.49,5.36,5.48,81561
2012-07-06,5.41,5.49,5.33,5.48,37784
2012-07-09,5.43,5.49,5.37,5.48,41778
2012-07-10,5.49,5.49,5.39,5.46,36300
2012-07-11,5.44,5.46,5.38,5.43,36581
2012-07-12,5.33,5.37,5.26,5.37,43944
2012-07-13,5.4,5.44,5.26,5.42,38219
2012-07-16,5.39,5.42,5.21,5.26,49775
2012-07-17,5.3,5.39,5.16,5.37,39296
2012-07-18,5.35,5.4,5.32,5.38,30240
2012-07-19,5.35,5.35,5.21,5.24,12797
2012-07-20,5.17,5.25,5.17,5.21,33321
2012-07-23,5.15,5.16,5.06,5.08,30574
2012-07-24,5.0,5.02,4.9,4.91,31356
2012-07-25,4.95,4.97,4.68,4.81,41674
2012-07-26,4.83,4.83,4.7,4.73,23348
2012-07-27,4.76,4.84,4.7,4.82,35646
2012-07-30,4.84,4.87,4.76,4.81,55921
2012-07-31,4.8,4.95,4.8,4.94,49100
2012-08-01,4.96,4.96,4.79,4.85,49748
2012-08-02,4.8,4.94,4.8,4.88,33595
2012-08-03,4.86,4.98,4.84,4.98,36016
2012-08-06,4.96,4.99,4.89,4.96,58008
2012-08-07,4.99,5.05,4.76,5.05,47816
2012-08-08,5.05,5.08,4.99,5.03,21473
2012-08-09,5.05,5.07,4.99,5.07,23438
2012-08-10,5.08,5.13,5.02,5.07,47891
2012-08-13,5.84,5.84,5.56,5.69,742368
2012-08-14,5.74,5.79,5.66,5.73,174009
2012-08-15,5.7,5.79,5.68,5.7,80504
2012-08-16,5.7,5.71,5.65,5.7,83094
2012-08-17,5.67,6.05,5.67,6.04,149364
2012-08-20,6.08,6.18,5.99,6.07,157619
2012-08-21,6.1,6.19,6.01,6.08,120555
2012-08-22,6.11,6.17,6.01,6.07,124384
2012-08-23,6.06,6.15,5.98,6.02,73802
2012-08-24,6.0,6.13,6.0,6.1,142816
2012-08-27,6.05,6.23,6.01,6.09,179013
2012-08-28,6.1,6.3,6.1,6.21,57347
2012-08-29,6.21,6.34,6.21,6.34,86175
2012-08-30,6.3,6.41,6.3,6.36,51527
2012-08-31,6.37,6.44,6.35,6.41,63189
2012-09-04,6.43,6.45,6.35,6.42,57745
2012-09-05,6.44,6.49,6.38,6.46,58298
2012-09-06,6.5,6.55,6.43,6.53,56579
2012-09-07,6.54,6.62,6.49,6.58,64741
2012-09-10,6.58,6.58,6.35,6.45,50588
2012-09-11,6.44,6.58,6.44,6.52,56257
2012-09-12,6.58,6.58,6.44,6.49,79374
2012-09-13,6.52,6.54,6.41,6.47,52667
2012-09-14,6.5,6.54,6.45,6.48,54558
2012-09-17,6.45,6.45,6.26,6.34,43798
2012-09-18,6.3,6.32,6.25,6.31,27524
2012-09-19,6.23,6.28,6.19,6.23,51826
2012-09-20,6.19,6.19,6.0,6.09,102831
2012-09-21,6.17,6.17,6.02,6.07,107131
2012-09-24,6.04,6.26,6.04,6.11,30384
2012-09-25,6.11,6.2,6.0,6.03,70766
2012-09-26,6.03,6.15,6.0,6.03,24453
2012-09-27,6.01,6.03,5.9,5.94,63344
2012-09-28,5.91,6.0,5.9,5.9,34014
2012-10-01,5.9,6.06,5.9,6.05,45763
2012-10-02,6.08,6.13,6.03,6.11,42165
2012-10-03,6.12,6.13,6.01,6.07,35883
2012-10-04,6.1,6.16,5.99,6.1,26429
2012-10-05,6.09,6.17,6.09,6.13,17270
2012-10-08,6.14,6.18,6.03,6.04,34861
2012-10-09,6.06,6.13,5.96,6.04,36553
2012-10-10,6.03,6.08,5.93,6.08,29319
2012-10-11,6.09,6.13,5.9,6.08,55165
2012-10-12,6.06,6.1,6.0,6.08,15217
2012-10-15,6.1,6.1,6.0,6.1,21510
2012-10-16,6.02,6.22,5.93,6.2,43771
2012-10-17,6.19,6.24,6.18,6.21,11885
2012-10-18,6.23,6.24,6.04,6.06,29733
2012-10-19,6.02,6.02,5.89,5.94,71243
2012-10-22,5.92,5.98,5.68,5.85,26509
2012-10-23,5.84,5.88,5.75,5.79,22594
2012-10-24,5.78,5.86,5.76,5.79,16241
2012-10-25,6.08,6.09,5.94,6.07,12967
2012-10-26,6.05,6.16,5.99,6.1,10696
2012-10-31,6.05,6.17,6.0,6.05,35128
2012-11-01,6.05,6.16,5.88,5.97,38978
2012-11-02,6.03,6.03,5.79,5.83,21308
2012-11-05,5.75,6.0,5.75,5.95,22009
2012-11-06,5.98,5.98,5.77,5.95,8750
2012-11-07,5.89,5.89,5.75,5.76,35927
2012-11-08,5.75,5.98,5.6,5.7,76811
2012-11-09,5.67,5.83,5.6,5.76,20570
2012-11-12,5.79,5.79,5.53,5.59,44243
2012-11-13,5.55,5.74,5.55,5.7,17477
2012-11-14,5.83,5.83,5.5,5.52,34354
2012-11-15,5.5,5.66,5.44,5.48,73806
2012-11-16,5.45,5.65,5.4,5.62,60779
2012-11-19,5.65,5.74,5.65,5.74,17485
2012-11-20,5.71,5.76,5.65,5.72,25737
2012-11-21,5.74,5.74,5.65,5.67,10379
2012-11-23,5.72,5.73,5.65,5.71,19514
2012-11-26,5.72,5.77,5.66,5.76,25909
2012-11-27,5.77,5.8,5.68,5.7,28818
2012-11-28,5.69,5.72,5.68,5.68,15171
2012-11-29,5.73,5.73,5.67,5.69,34606
2012-11-30,5.71,5.84,5.65,5.69,25194
2012-12-03,5.7,5.77,5.7,5.74,32833
2012-12-04,5.75,5.82,5.55,5.71,37771
2012-12-05,5.71,5.77,5.62,5.74,30069
2012-12-06,5.71,5.75,5.65,5.67,15907
2012-12-07,5.65,5.71,5.63,5.67,40698
2012-12-10,5.69,5.69,5.45,5.59,31137
2012-12-11,5.54,5.7,5.54,5.69,53497
2012-12-12,5.68,5.8,5.66,5.74,12800
2012-12-13,5.7,5.83,5.6,5.79,23999
2012-12-14,5.76,5.84,5.75,5.83,17529
2012-12-17,5.8,5.96,5.7,5.86,67433
2012-12-18,5.98,6.1,5.85,6.07,95579
2012-12-19,6.1,6.16,6.03,6.12,55900
2012-12-20,6.11,6.16,6.0,6.15,80395
2012-12-21,6.1,6.24,5.98,6.23,195038
2012-12-24,6.2,6.23,6.11,6.23,34233
2012-12-26,6.23,6.23,6.15,6.19,14185
2012-12-27,6.19,6.19,6.01,6.01,32607
2012-12-28,6.01,6.07,5.9,6.0,28967
2012-12-31,6.02,6.14,5.91,6.01,75991
2013-01-02,6.12,6.14,5.87,6.04,83503
2013-01-03,6.07,6.19,6.05,6.08,81767
2013-01-04,6.12,6.12,6.0,6.07,21085
2013-01-07,6.03,6.09,5.97,6.01,35379
2013-01-08,6.02,6.08,5.96,6.02,19677
2013-01-09,6.05,6.05,5.94,6.01,13642
2013-01-10,6.03,6.05,5.92,6.05,28787
2013-01-11,6.06,6.15,5.94,6.06,41015
2013-01-14,6.03,6.06,6.0,6.03,14559
2013-01-15,6.0,6.06,5.85,5.99,40980
2013-01-16,6.0,6.04,5.92,5.97,14395
2013-01-17,6.0,6.0,5.85,5.98,36262
2013-01-18,5.96,6.1,5.86,5.95,57346
2013-01-22,5.93,6.09,5.9,5.96,69730
2013-01-23,5.94,5.98,5.9,5.95,38163
2013-01-24,5.94,5.96,5.9,5.95,17516
2013-01-25,5.97,5.97,5.86,5.93,11230
2013-01-28,5.91,5.95,5.86,5.93,23536
2013-01-29,5.91,5.97,5.86,5.94,27044
2013-01-30,5.9,5.9,5.79,5.87,24193
2013-01-31,5.87,5.95,5.69,5.83,67881
2013-02-01,5.85,6.1,5.62,5.93,32625
2013-02-04,5.86,5.92,5.7,5.79,34249
2013-02-05,5.81,5.85,5.75,5.85,9494
2013-02-06,5.8,5.86,5.75,5.84,32593
2013-02-07,5.82,5.85,5.75,5.82,30861
2013-02-08,5.78,5.89,5.78,5.82,16613
2013-02-11,5.75,5.75,5.67,5.72,47470
2013-02-12,5.7,5.7,5.56,5.59,40287
2013-02-13,5.56,5.64,5.49,5.54,99265
2013-02-14,5.51,5.72,5.43,5.64,27459
2013-02-15,5.67,5.69,5.55,5.66,54149
2013-02-19,5.63,5.7,5.63,5.67,11754
2013-02-20,5.66,5.73,5.63,5.64,48118
2013-02-21,5.63,5.65,5.55,5.6,22269
2013-02-22,5.59,5.65,5.59,5.64,17850
2013-02-25,5.65,5.69,5.58,5.58,35283
2013-02-26,5.61,5.62,5.51,5.53,34699
2013-02-27,5.54,5.56,5.48,5.53,43992
2013-02-28,5.52,5.57,5.48,5.5,50973
2013-03-01,5.46,5.67,5.46,5.53,177931
2013-03-04,5.47,5.51,5.4,5.42,50053
2013-03-05,5.42,5.45,5.38,5.43,70006
2013-03-06,5.44,5.53,5.44,5.48,39013
2013-03-07,5.46,5.58,5.46,5.55,47118
2013-03-08,5.59,5.68,5.5,5.63,83304
2013-03-11,5.6,5.71,5.59,5.61,50097
2013-03-12,5.58,5.65,5.52,5.59,45147
2013-03-13,5.55,5.58,5.5,5.56,17982
2013-03-14,5.58,5.58,5.5,5.53,33708
2013-03-15,5.54,5.56,5.5,5.5,144348
2013-03-18,5.47,5.7,5.47,5.64,30664
2013-03-19,5.64,5.67,5.56,5.65,24571
2013-03-20,5.62,5.71,5.56,5.63,28386
2013-03-21,5.59,5.65,5.53,5.54,20778
2013-03-22,5.57,5.61,5.55,5.59,11879
2013-03-25,5.62,5.62,5.5,5.59,28596
2013-03-26,5.57,5.69,5.54,5.66,67485
2013-03-27,5.51,5.64,5.5,5.55,95702
2013-03-28,5.5,5.64,5.5,5.6,38085
2013-04-01,5.57,5.65,5.56,5.61,39025
2013-04-02,5.59,5.65,5.56,5.62,39043
2013-04-03,5.6,5.64,5.52,5.52,44648
2013-04-04,5.52,5.57,5.52,5.53,16741
2013-04-05,5.5,5.66,5.5,5.64,41683
2013-04-08,5.67,5.67,5.6,5.64,16299
2013-04-09,5.65,5.68,5.62,5.63,23533
2013-04-10,5.64,5.68,5.6,5.66,44933
2013-04-11,5.63,5.66,5.57,5.64,21835
2013-04-12,5.65,5.69,5.62,5.65,17940
2013-04-15,5.65,5.65,5.5,5.5,43370
2013-04-16,5.54,5.79,5.54,5.75,35101
2013-04-17,5.71,5.71,5.5,5.54,61712
2013-04-18,5.52,5.62,5.51,5.58,25947
2013-04-19,5.56,5.67,5.56,5.66,30710
2013-04-22,5.68,5.71,5.57,5.65,50671
2013-04-23,5.69,5.7,5.65,5.67,25525
2013-04-24,5.65,5.68,5.62,5.64,20018
2013-04-25,5.61,5.68,5.54,5.66,16934
2013-04-26,5.66,5.68,5.6,5.67,18564
2013-04-29,5.67,5.69,5.65,5.68,22192
2013-04-30,5.68,5.83,5.67,5.82,56861
2013-05-01,5.79,5.88,5.57,5.6,67469
2013-05-02,5.62,5.68,5.62,5.65,12030
2013-05-03,5.72,5.79,5.67,5.74,19850
2013-05-06,5.76,5.89,5.76,5.89,18673
2013-05-07,5.89,5.95,5.86,5.93,28805
2013-05-08,5.94,6.02,5.91,6.0,24862
2013-05-09,6.0,6.01,5.75,5.99,57627
2013-05-10,6.0,6.07,5.96,6.06,14593
2013-05-13,6.06,6.23,6.01,6.06,24571
2013-05-14,6.04,6.07,5.98,6.03,46253
2013-05-15,6.0,6.03,5.96,6.02,13425
2013-05-16,6.0,6.03,5.97,6.0,18293
2013-05-17,6.03,6.08,5.99,6.07,26997
2013-05-20,6.04,6.12,6.0,6.09,27663
2013-05-21,6.08,6.11,5.99,6.0,30903
2013-05-22,6.0,6.1,5.98,5.99,40247
2013-05-23,5.97,6.03,5.97,6.0,15259
2013-05-24,5.98,6.09,5.98,6.09,24736
2013-05-28,6.15,6.18,6.07,6.16,40602
2013-05-29,6.11,6.18,6.06,6.15,17727
2013-05-30,6.15,6.15,6.04,6.13,73705
2013-05-31,6.09,6.11,5.96,6.08,34433
2013-06-03,6.09,6.35,6.07,6.31,53449
2013-06-04,6.3,6.38,6.2,6.25,54743
2013-06-05,6.2,6.2,5.95,5.99,47017
2013-06-06,6.01,6.15,5.98,6.14,40306
2013-06-07,6.19,6.2,6.02,6.19,26101
2013-06-10,6.19,6.21,6.14,6.2,10903
2013-06-11,6.15,6.15,6.01,6.07,24635
2013-06-12,6.06,6.11,6.02,6.11,31414
2013-06-13,6.15,6.29,6.15,6.29,36207
2013-06-14,6.31,6.31,6.22,6.28,21380
2013-06-17,6.31,6.32,6.21,6.32,16318
2013-06-18,6.27,6.35,6.16,6.31,34620
2013-06-19,6.26,6.3,6.16,6.2,38713
2013-06-20,6.14,6.15,6.04,6.06,29351
2013-06-21,6.09,6.12,6.04,6.11,76598
2013-06-24,6.04,6.07,5.95,5.96,41638
2013-06-25,5.98,6.1,5.97,6.06,16069
2013-06-26,6.08,6.17,6.03,6.11,18219
2013-06-27,6.33,6.33,6.21,6.31,32342
2013-06-28,6.31,6.44,6.27,6.36,174742
2013-07-01,6.38,6.44,6.25,6.34,42850
2013-07-02,6.32,6.32,6.0,6.19,67374
2013-07-03,6.15,6.23,6.1,6.16,21971
2013-07-05,6.24,6.28,6.14,6.18,29547
2013-07-08,6.19,6.2,6.12,6.15,31050
2013-07-09,6.2,6.2,6.15,6.19,24070
2013-07-10,6.17,6.25,6.17,6.22,24772
2013-07-11,6.26,6.26,6.14,6.22,22750
2013-07-12,6.19,6.26,6.18,6.23,4923
2013-07-15,6.26,6.42,6.26,6.4,18225
2013-07-16,6.39,6.45,6.37,6.44,24338
2013-07-17,6.49,6.49,6.18,6.43,29736
2013-07-18,6.46,6.47,6.4,6.46,14833
2013-07-19,6.43,6.49,6.34,6.47,61597
2013-07-22,6.47,6.47,6.41,6.43,23612
2013-07-23,6.44,6.46,6.35,6.4,10307
2013-07-24,6.41,6.45,6.36,6.37,20383
2013-07-25,6.4,6.43,6.34,6.42,42521
2013-07-26,6.35,6.38,6.31,6.38,8244
2013-07-29,6.35,6.35,6.18,6.23,29570
2013-07-30,6.26,6.32,6.2,6.29,10403
2013-07-31,6.27,6.27,6.2,6.21,12462
2013-08-01,6.26,6.32,6.25,6.32,14257
2013-08-02,6.29,6.34,6.25,6.29,16043
2013-08-05,6.3,6.32,6.25,6.25,9861
2013-08-06,6.25,6.28,6.2,6.2,13234
2013-08-07,6.2,6.28,6.2,6.25,21464
2013-08-08,6.27,6.29,6.15,6.23,20789
2013-08-09,6.27,6.28,6.23,6.23,4434
2013-08-12,6.23,6.28,6.23,6.27,7522
2013-08-13,6.29,6.29,6.26,6.28,7327
2013-08-14,6.3,6.48,6.3,6.37,65567
2013-08-15,6.32,6.37,6.26,6.26,17045
2013-08-16,6.25,6.3,6.22,6.22,13102
2013-08-19,6.26,6.27,6.22,6.22,21728
2013-08-20,6.24,6.33,6.2,6.24,26799
2013-08-21,6.2,6.26,6.2,6.22,12002
2013-08-22,6.32,6.33,6.29,6.33,6639
2013-08-23,6.32,6.34,6.2,6.32,21390
2013-08-26,6.34,6.37,6.25,6.35,31682
2013-08-27,6.26,6.36,6.23,6.26,31387
2013-08-28,6.25,6.29,6.24,6.25,11456
2013-08-29,6.25,6.29,6.24,6.28,23086
2013-08-30,6.26,6.26,6.18,6.24,38525
2013-09-03,6.3,6.3,6.18,6.22,21450
2013-09-04,6.27,6.27,6.21,6.23,13366
2013-09-05,6.25,6.27,6.23,6.24,7398
2013-09-06,6.26,6.26,6.16,6.25,24995
2013-09-09,6.23,6.32,6.23,6.32,15558
2013-09-10,6.32,6.42,6.32,6.41,33554
2013-09-11,6.41,6.41,6.37,6.37,9137
2013-09-12,6.35,6.39,6.35,6.39,8488
2013-09-13,6.41,6.41,6.3,6.4,6152
2013-09-16,6.45,6.46,6.37,6.42,26142
2013-09-17,6.42,6.47,6.37,6.47,33317
2013-09-18,6.49,6.49,6.3,6.47,42485
2013-09-19,6.48,6.5,6.43,6.5,23719
2013-09-20,6.5,6.5,6.41,6.47,36375
2013-09-23,6.42,6.51,6.37,6.51,18949
2013-09-24,6.51,6.54,6.51,6.53,18340
2013-09-25,6.49,6.55,6.48,6.53,11555
2013-09-26,6.51,6.58,6.48,6.58,10074
2013-09-27,6.52,6.57,6.5,6.51,14487
2013-09-30,6.46,6.57,6.46,6.57,14716
2013-10-01,6.55,6.58,6.45,6.57,17352
2013-10-02,6.55,6.64,6.46,6.53,48812
2013-10-03,6.54,6.54,6.17,6.2,82927
2013-10-04,6.17,6.28,6.1,6.23,58066
2013-10-07,6.16,6.28,6.11,6.15,36523
2013-10-08,6.19,6.19,6.08,6.15,29633
2013-10-09,6.19,6.32,6.09,6.25,42559
2013-10-10,6.32,6.34,6.28,6.34,24435
2013-10-11,6.31,6.41,6.31,6.41,18770
2013-10-14,6.4,6.5,6.4,6.49,24085
2013-10-15,6.49,6.5,6.48,6.49,10899
2013-10-16,6.51,6.52,6.46,6.52,22487
2013-10-17,6.51,6.62,6.48,6.6,55792
2013-10-18,6.64,6.65,6.59,6.64,29424
2013-10-21,6.62,6.74,6.56,6.57,51858
2013-10-22,6.63,6.79,6.58,6.79,75617
2013-10-23,6.73,6.87,6.63,6.84,54349
2013-10-24,6.86,6.93,6.8,6.81,17793
2013-10-25,6.85,6.85,6.76,6.76,26384
2013-10-28,6.78,6.82,6.71,6.76,44826
2013-10-29,6.79,6.8,6.76,6.78,21107
2013-10-30,6.79,6.8,6.6,6.72,25028
2013-10-31,6.6,6.74,6.6,6.62,18712
2013-11-01,6.59,6.69,6.58,6.61,58817
2013-11-04,6.63,6.63,6.53,6.57,59362
2013-11-05,6.52,6.58,6.39,6.51,94486
2013-11-06,6.53,6.67,6.45,6.47,55597
2013-11-07,6.48,6.61,6.34,6.53,61875
2013-11-08,6.52,6.64,6.48,6.6,37975
2013-11-11,6.61,6.62,6.52,6.52,5637
2013-11-12,6.52,6.69,6.52,6.68,22111
2013-11-13,6.61,6.69,6.59,6.68,15631
2013-11-14,6.69,6.69,6.57,6.58,33115
2013-11-15,6.57,6.67,6.53,6.65,17984
2013-11-18,6.65,6.78,6.55,6.67,10626
2013-11-19,6.71,6.78,6.62,6.77,18716
2013-11-20,6.78,6.87,6.71,6.74,31366
2013-11-21,6.79,7.0,6.79,6.99,42023
2013-11-22,6.99,7.12,6.94,7.1,42608
2013-11-25,7.05,7.3,7.05,7.17,33177
2013-11-26,7.22,7.26,7.11,7.25,13714
2013-11-27,7.19,7.26,7.15,7.25,27365
2013-11-29,7.31,7.31,7.22,7.29,26070
2013-12-02,7.26,7.29,7.19,7.26,33149
2013-12-03,7.23,7.34,7.22,7.3,43357
2013-12-04,7.32,7.38,7.22,7.33,68601
2013-12-05,7.36,7.36,7.25,7.29,16861
2013-12-06,7.34,7.37,7.22,7.35,26319
2013-12-09,7.34,7.37,7.26,7.34,36324
2013-12-10,7.31,7.37,7.2,7.34,26634
2013-12-11,7.3,7.39,7.3,7.37,21425
2013-12-12,7.42,7.42,7.33,7.4,24695
2013-12-13,7.39,7.43,7.32,7.37,35162
2013-12-16,7.42,7.45,7.38,7.41,18365
2013-12-17,7.42,7.43,7.29,7.35,15308
2013-12-18,7.36,7.42,7.33,7.39,24749
2013-12-19,7.35,7.47,7.34,7.35,15991
2013-12-20,7.38,7.47,7.33,7.45,90737
2013-12-23,7.4,7.46,7.38,7.46,45086
2013-12-24,7.47,7.47,7.44,7.47,11088
2013-12-26,7.64,7.64,7.44,7.47,16341
2013-12-27,7.5,7.5,7.38,7.49,9502
2013-12-30,7.46,7.5,7.39,7.46,17759
2013-12-31,7.49,7.51,7.42,7.49,24695
2014-01-02,7.54,7.55,7.39,7.43,18792
2014-01-03,7.42,7.59,7.42,7.52,18564
2014-01-06,7.53,7.63,7.38,7.48,44724
2014-01-07,7.48,7.59,7.45,7.51,12633
2014-01-08,7.5,7.5,7.35,7.45,26716
2014-01-09,7.49,7.5,7.32,7.39,21914
2014-01-10,7.41,7.44,7.28,7.4,19800
2014-01-13,7.36,7.62,7.34,7.36,29461
2014-01-14,7.39,7.43,7.37,7.4,14724
2014-01-15,7.39,7.63,7.37,7.49,26661
2014-01-16,7.58,7.58,7.41,7.5,6250
2014-01-17,7.5,7.63,7.5,7.53,15527
2014-01-21,7.61,7.61,7.48,7.56,16088
2014-01-22,7.6,7.62,7.47,7.57,22616
2014-01-23,7.59,7.61,7.47,7.52,17098
2014-01-24,7.47,7.58,7.47,7.55,27907
2014-01-27,7.54,7.55,7.48,7.5,59333
2014-01-28,7.5,7.55,7.46,7.48,26698
2014-01-29,7.42,7.52,7.42,7.47,24088
2014-01-30,7.52,7.61,7.46,7.48,24452
2014-01-31,7.37,7.59,7.37,7.44,29060
2014-02-03,7.41,7.41,7.24,7.29,51314
2014-02-04,7.35,7.45,7.28,7.34,25237
2014-02-05,7.3,7.38,7.28,7.3,25433
2014-02-06,7.34,7.34,7.18,7.26,59056
2014-02-07,7.25,7.3,7.18,7.27,51327
2014-02-10,7.25,7.34,7.14,7.22,72695
2014-02-11,7.3,7.36,7.23,7.35,12913
2014-02-12,7.37,7.38,7.29,7.38,19305
2014-02-13,7.37,7.44,7.25,7.31,27249
2014-02-14,7.33,7.4,7.25,7.32,11420
2014-02-18,7.2,7.37,7.18,7.34,39203
2014-02-19,7.29,7.42,7.21,7.25,36695
2014-02-20,7.33,7.44,7.3,7.4,21766
2014-02-21,7.44,7.44,7.36,7.44,56860
2014-02-24,7.48,7.48,7.4,7.41,28662
2014-02-25,7.37,7.48,7.2,7.3,73077
2014-02-26,7.3,7.3,7.14,7.15,109819
2014-02-27,7.11,7.47,7.11,7.47,157779
2014-02-28,7.48,7.48,7.35,7.42,55181
2014-03-03,7.42,7.46,7.33,7.41,25140
2014-03-04,7.49,7.54,7.42,7.51,84693
2014-03-05,7.48,7.54,7.45,7.53,15235
2014-03-06,7.58,7.6,7.51,7.54,26882
2014-03-07,7.56,7.6,7.55,7.6,24206
2014-03-10,7.55,7.58,7.41,7.53,26540
2014-03-11,7.55,7.56,7.37,7.53,63589
2014-03-12,7.49,7.6,7.45,7.49,29239
2014-03-13,7.39,7.54,7.36,7.4,25662
2014-03-14,7.37,7.47,7.36,7.45,35055
2014-03-17,7.47,7.58,7.46,7.54,18209
2014-03-18,7.54,7.54,7.51,7.54,18487
2014-03-19,7.52,7.58,7.49,7.56,25588
2014-03-20,7.52,7.58,7.51,7.57,32505
2014-03-21,7.58,7.58,7.39,7.45,138740
2014-03-24,7.43,7.5,7.43,7.47,24529
2014-03-25,7.5,7.5,7.45,7.46,13719
2014-03-26,7.49,7.49,7.43,7.43,26670
2014-03-27,7.43,7.48,7.31,7.36,24903
2014-03-28,7.34,7.43,7.32,7.38,17735
2014-03-31,7.49,7.51,7.27,7.33,50844
2014-04-01,7.36,7.52,7.36,7.5,23298
2014-04-02,7.45,7.51,7.36,7.49,21133
2014-04-03,7.46,7.5,7.37,7.5,18807
2014-04-04,7.5,7.58,7.28,7.37,34327
2014-04-07,7.34,7.34,7.1,7.26,35955
2014-04-08,7.29,7.37,7.23,7.34,24857
2014-04-09,7.37,7.48,7.27,7.46,43707
2014-04-10,7.41,7.5,7.24,7.26,49435
2014-04-11,7.19,7.33,7.19,7.26,28920
2014-04-14,7.33,7.37,7.2,7.26,41986
2014-04-15,7.29,7.29,7.12,7.23,31066
2014-04-16,7.29,7.29,7.16,7.22,10760
2014-04-17,7.2,7.39,7.07,7.31,16758
2014-04-21,7.26,7.28,7.16,7.2,23701
2014-04-22,7.2,7.3,7.14,7.21,35522
2014-04-23,7.17,7.27,7.09,7.15,54395
2014-04-24,7.18,7.22,7.12,7.2,42984
2014-04-25,7.15,7.28,7.1,7.1,30757
2014-04-28,7.1,7.15,7.07,7.11,23668
2014-04-29,7.15,7.15,7.06,7.09,33144
2014-04-30,7.08,7.11,7.01,7.08,52969
2014-05-01,7.05,7.11,7.01,7.09,66243
2014-05-02,7.08,7.12,7.03,7.11,25100
2014-05-05,7.03,7.18,7.03,7.05,36548
2014-05-06,7.04,7.1,7.0,7.03,64747
2014-05-07,7.03,7.05,6.95,7.01,33183
2014-05-08,6.86,7.03,6.86,6.96,24631
2014-05-09,6.91,7.05,6.86,6.99,60209
2014-05-12,7.01,7.4,7.01,7.37,112617
2014-05-13,7.34,7.4,7.33,7.36,106155
2014-05-14,7.32,7.88,7.32,7.54,227585
2014-05-15,7.58,7.74,7.54,7.73,132220
2014-05-16,7.71,8.16,7.69,8.15,200524
2014-05-19,8.15,8.39,8.15,8.35,105704
2014-05-20,8.32,8.41,8.2,8.23,166049
2014-05-21,8.25,8.25,8.14,8.18,61026
2014-05-22,8.22,8.46,8.19,8.41,161136
2014-05-23,8.45,8.5,8.4,8.5,106347
2014-05-27,8.5,8.71,8.5,8.68,163444
2014-05-28,8.7,8.74,8.65,8.7,46845
2014-05-29,8.7,8.83,8.7,8.8,64926
2014-05-30,8.83,8.86,8.76,8.81,77408
2014-06-02,8.85,8.85,8.57,8.6,53498
2014-06-03,8.55,8.67,8.44,8.5,78035
2014-06-04,8.49,8.64,8.41,8.56,61200
2014-06-05,8.55,8.87,8.49,8.85,103855
2014-06-06,8.9,8.97,8.41,8.92,95218
2014-06-09,8.89,8.93,8.81,8.9,47639
2014-06-10,8.87,8.91,8.87,8.89,17796
2014-06-11,8.85,8.88,8.65,8.76,30050
2014-06-12,8.71,8.75,8.57,8.63,24248
2014-06-13,8.65,8.66,8.53,8.59,18901
2014-06-16,8.59,8.72,8.41,8.47,36356
2014-06-17,8.43,8.64,8.37,8.57,28385
2014-06-18,8.52,8.58,8.41,8.56,28331
2014-06-19,8.58,8.58,8.42,8.46,37566
2014-06-20,8.52,8.72,8.46,8.61,157570
2014-06-23,8.65,8.65,8.41,8.47,77729
2014-06-24,8.47,8.55,8.41,8.42,38502
2014-06-25,8.37,8.51,8.37,8.48,23820
2014-06-26,8.5,8.56,8.38,8.47,25654
2014-06-27,8.42,8.7,8.32,8.64,253468
2014-06-30,8.6,8.64,8.51,8.53,88960
2014-07-01,8.55,8.7,8.42,8.48,80967
2014-07-02,8.49,8.5,8.3,8.35,125072
2014-07-03,8.36,8.4,8.25,8.32,27845
2014-07-07,8.28,8.4,8.23,8.28,39985
2014-07-08,8.27,8.38,8.22,8.32,45498
2014-07-09,8.34,8.44,8.29,8.34,28403
2014-07-10,8.24,8.32,8.2,8.25,62719
2014-07-11,8.21,8.27,8.19,8.25,19516
2014-07-14,8.3,8.41,8.24,8.29,26246
2014-07-15,8.24,8.32,8.13,8.16,45121
2014-07-16,8.19,8.27,8.13,8.14,39195
2014-07-17,8.12,8.22,8.09,8.14,57260
2014-07-18,8.1,8.19,8.08,8.12,68485
2014-07-21,8.05,8.07,7.93,8.0,141413
2014-07-22,8.05,8.29,8.05,8.19,68333
2014-07-23,8.19,8.23,8.16,8.2,41301
2014-07-24,8.32,8.35,8.13,8.17,37831
2014-07-25,8.11,8.18,8.03,8.11,30552
2014-07-28,8.14,8.2,8.01,8.14,16316
2014-07-29,8.18,8.23,8.08,8.11,13554
2014-07-30,8.17,8.21,8.11,8.2,14958
2014-07-31,8.12,8.16,8.01,8.03,31006
2014-08-01,8.07,8.1,8.0,8.02,35717
2014-08-04,8.01,8.24,7.97,8.08,26035
2014-08-05,8.07,8.08,8.0,8.05,25087
2014-08-06,7.99,8.55,7.99,8.5,132425
2014-08-07,8.47,8.75,8.16,8.17,51506
2014-08-08,8.14,8.47,8.13,8.43,34133
2014-08-11,8.5,8.71,8.5,8.62,47060
2014-08-12,8.56,8.61,8.42,8.48,39610
2014-08-13,8.47,8.48,8.42,8.45,20107
2014-08-14,8.42,8.44,8.32,8.37,35956
2014-08-15,8.47,8.47,8.25,8.33,30096
2014-08-18,8.35,8.4,8.25,8.4,19629
2014-08-19,8.38,8.94,8.36,8.84,210877
2014-08-20,8.84,8.9,8.72,8.72,81565
2014-08-21,8.71,8.77,8.67,8.71,37418
2014-08-22,8.71,8.71,8.52,8.53,39701
2014-08-25,8.6,8.65,8.53,8.57,25010
2014-08-26,8.57,8.7,8.53,8.69,42482
2014-08-27,8.6,8.61,8.5,8.56,43176
2014-08-28,8.67,8.67,8.5,8.52,24787
2014-08-29,8.57,8.69,8.56,8.64,11973
2014-09-02,8.6,8.69,8.5,8.63,57284
2014-09-03,8.66,8.72,8.5,8.56,23914
2014-09-04,8.52,8.65,8.52,8.53,13964
2014-09-05,8.51,8.75,8.51,8.54,27766
2014-09-08,8.56,8.68,8.55,8.6,15288
2014-09-09,8.55,8.73,8.37,8.38,74969
2014-09-10,8.39,8.45,8.32,8.42,29230
2014-09-11,8.37,8.46,8.34,8.45,23784
2014-09-12,8.42,8.45,8.28,8.3,50429
2014-09-15,8.32,8.47,7.98,8.43,91622
2014-09-16,8.44,8.8,8.4,8.74,65946
2014-09-17,8.79,8.85,8.64,8.76,22616
2014-09-18,8.83,8.85,8.7,8.73,40304
2014-09-19,8.72,8.72,8.41,8.44,54564
2014-09-22,8.49,8.63,8.46,8.5,41653
2014-09-23,8.5,8.64,8.48,8.6,52782
2014-09-24,8.65,8.67,8.59,8.67,50989
2014-09-25,8.67,8.7,8.55,8.58,24416
2014-09-26,8.58,8.65,8.52,8.59,13746
2014-09-29,8.54,8.6,8.5,8.53,28264
2014-09-30,8.5,8.54,8.38,8.4,70897
2014-10-01,8.35,8.42,8.27,8.31,41609
2014-10-02,8.31,8.48,7.82,8.42,19287
2014-10-03,8.53,8.56,8.32,8.43,21860
2014-10-06,8.42,8.47,8.42,8.44,10384
2014-10-07,8.39,8.46,8.31,8.35,13325
2014-10-08,8.31,8.48,8.31,8.45,27495
2014-10-09,8.47,8.47,8.27,8.31,34750
2014-10-10,8.25,8.48,8.25,8.31,21167
2014-10-13,8.24,8.57,8.2,8.47,54217
2014-10-14,8.58,8.64,8.46,8.62,87808
2014-10-15,8.5,8.76,8.43,8.73,64515
2014-10-16,8.6,8.95,8.6,8.81,109867
2014-10-17,8.94,8.94,8.57,8.67,79534
2014-10-20,8.61,8.94,8.6,8.94,49354
2014-10-21,9.0,9.06,8.93,9.04,64092
2014-10-22,9.06,9.1,9.01,9.05,31220
2014-10-23,9.1,9.1,9.0,9.08,35364
2014-10-24,9.1,9.1,8.98,9.02,12005
2014-10-27,9.02,9.19,9.02,9.16,48211
2014-10-28,9.24,9.55,9.22,9.47,254450
2014-10-29,9.5,9.57,9.34,9.54,69356
2014-10-30,9.48,9.75,9.48,9.75,62390
2014-10-31,9.82,10.11,9.82,9.97,89365
2014-11-03,10.0,10.25,9.9,10.16,71376
2014-11-04,10.1,10.36,9.95,10.23,45837
2014-11-05,10.34,10.45,10.09,10.26,69290
2014-11-06,10.18,10.34,10.16,10.32,20225
2014-11-07,10.35,10.4,10.16,10.37,48093
2014-11-10,10.35,10.54,10.3,10.54,49999
2014-11-11,10.47,10.67,10.47,10.67,66458
2014-11-12,10.66,11.33,10.66,11.32,373813
2014-11-13,11.41,12.09,11.36,11.98,492569
2014-11-14,11.98,12.06,11.79,11.99,180630
2014-11-17,11.99,12.07,11.86,11.87,165606
2014-11-18,11.96,12.08,11.58,11.77,89953
2014-11-19,11.78,11.78,11.35,11.63,67506
2014-11-20,11.47,12.08,11.47,12.02,119843
2014-11-21,12.12,12.12,11.81,11.92,46726
2014-11-24,11.87,12.11,11.86,12.0,94105
2014-11-25,12.08,12.22,12.01,12.16,44160
2014-11-26,12.16,12.16,11.74,12.0,57049
2014-11-28,11.92,12.13,11.84,11.89,36091
2014-12-01,11.89,12.16,11.82,12.08,64446
2014-12-02,12.11,12.25,12.02,12.23,52537
2014-12-03,12.28,12.4,11.96,12.3,75645
2014-12-04,12.33,12.35,12.03,12.12,57669
2014-12-05,12.16,12.32,12.07,12.18,34696
2014-12-08,12.19,12.28,11.68,12.04,50745
2014-12-09,12.0,12.46,11.9,12.43,63745
2014-12-10,12.44,12.44,12.19,12.32,73087
2014-12-11,12.33,12.79,12.33,12.59,80484
2014-12-12,12.41,12.88,12.38,12.59,48377
2014-12-15,12.68,12.76,12.23,12.5,68231
2014-12-16,12.54,12.99,12.5,12.89,137373
2014-12-17,12.89,12.98,12.79,12.93,91604
2014-12-18,13.15,13.15,12.84,12.88,58804
2014-12-19,12.81,13.02,12.77,12.81,171642
2014-12-22,12.8,13.0,12.8,13.0,24127
2014-12-23,13.11,13.13,12.87,12.96,56122
2014-12-24,12.93,13.06,12.59,12.78,57600
2014-12-26,12.79,12.98,12.77,12.97,34546
2014-12-29,13.01,13.01,12.84,12.99,37674
2014-12-30,12.9,13.1,12.75,12.96,76836
2014-12-31,13.01,13.5,12.99,13.26,318563
2015-01-02,13.28,13.28,12.5,13.03,98786
2015-01-05,12.92,13.24,12.86,12.98,65303
2015-01-06,13.06,13.06,12.5,12.81,79728
2015-01-07,12.85,13.0,12.75,12.97,55037
2015-01-08,13.0,13.33,12.91,12.99,82660
2015-01-09,12.94,13.17,12.79,13.02,34847
2015-01-12,12.78,12.97,12.68,12.85,50298
2015-01-13,13.0,13.07,12.77,12.95,28925
2015-01-14,12.83,12.93,12.64,12.65,43513
2015-01-15,12.56,12.7,12.13,12.34,82498
2015-01-16,12.29,12.44,12.24,12.4,69736
2015-01-20,12.36,12.42,12.22,12.32,30127
2015-01-21,12.33,12.33,11.68,11.98,100301
2015-01-22,11.94,12.26,11.94,12.24,50609
2015-01-23,12.27,12.27,12.03,12.23,35774
2015-01-26,12.25,12.37,12.16,12.21,57820
2015-01-27,12.15,12.22,12.01,12.04,40987
2015-01-28,12.05,12.12,11.76,12.02,115013
2015-01-29,12.02,12.19,11.99,12.18,63779
2015-01-30,12.07,12.22,11.96,12.09,77728
2015-02-02,12.09,12.15,11.93,12.12,52631
2015-02-03,12.12,12.19,12.0,12.09,33299
2015-02-04,12.01,12.15,12.01,12.08,32243
2015-02-05,12.1,12.1,11.96,12.02,78440
2015-02-06,12.0,12.05,11.97,12.05,65155
2015-02-09,12.05,12.12,11.95,11.97,52003
2015-02-10,12.0,12.12,11.98,12.03,55059
2015-02-11,12.0,12.14,11.98,11.99,62490
2015-02-12,12.01,12.05,11.98,12.03,50342
2015-02-13,12.05,12.14,12.0,12.03,32949
2015-02-17,12.06,12.2,11.93,12.1,32435
2015-02-18,12.12,12.24,12.01,12.16,46520
2015-02-19,12.18,12.37,12.04,12.35,66371
2015-02-20,12.31,12.75,12.25,12.72,177712
2015-02-23,12.72,12.82,12.58,12.63,39748
2015-02-24,12.68,12.94,12.64,12.73,27948
2015-02-25,12.7,12.9,12.7,12.81,21868
2015-02-26,12.76,13.0,12.66,12.88,46822
2015-02-27,12.8,13.09,12.8,12.98,47298
2015-03-02,12.98,13.04,12.87,12.95,41633
2015-03-03,12.85,12.96,12.82,12.95,27628
2015-03-04,12.85,12.94,12.7,12.9,20573
2015-03-05,12.84,12.92,12.59,12.74,32690
2015-03-06,12.64,12.92,12.45,12.46,33040
2015-03-09,12.53,13.0,12.23,12.9,30929
2015-03-10,12.82,13.08,12.42,13.05,69215
2015-03-11,13.1,13.27,12.99,13.14,50300
2015-03-12,13.23,13.5,13.11,13.48,62913
2015-03-13,13.5,13.6,13.34,13.47,28961
2015-03-16,13.6,13.62,13.46,13.53,41846
2015-03-17,13.5,13.5,13.24,13.33,33326
2015-03-18,13.3,13.51,13.07,13.39,39875
2015-03-19,13.39,13.65,13.37,13.6,38212
2015-03-20,13.65,13.65,13.44,13.63,98637
2015-03-23,13.61,13.67,13.58,13.61,54772
2015-03-24,13.61,13.69,13.57,13.65,20975
2015-03-25,13.66,13.71,13.38,13.46,36437
2015-03-26,13.43,13.69,13.36,13.62,19829
2015-03-27,13.62,13.63,13.35,13.46,21666
2015-03-30,13.46,13.63,13.44,13.62,41277
2015-03-31,13.58,13.62,12.44,13.45,381390
2015-04-01,13.41,13.76,13.41,13.71,99443
2015-04-02,13.76,13.76,13.4,13.51,30661
2015-04-06,13.46,13.82,13.35,13.69,52914
2015-04-07,13.71,13.8,13.46,13.74,41547
2015-04-08,13.79,13.81,13.52,13.81,27446
2015-04-09,13.82,13.83,13.35,13.81,31130
2015-04-10,13.84,13.9,13.61,13.79,26524
2015-04-13,13.71,13.78,13.55,13.61,34509
2015-04-14,13.61,13.66,13.43,13.51,25301
2015-04-15,13.54,13.9,13.48,13.73,27960
2015-04-16,13.73,13.81,13.57,13.69,14835
2015-04-17,13.59,13.59,13.13,13.25,61500
2015-04-20,13.29,13.75,13.29,13.67,28055
2015-04-21,13.63,13.73,13.45,13.54,36308
2015-04-22,13.55,13.86,13.47,13.82,36016
2015-04-23,13.72,13.92,13.66,13.87,24937
2015-04-24,13.86,14.11,13.8,14.0,32371
2015-04-27,14.03,14.21,13.76,13.97,40522
2015-04-28,13.91,14.17,13.82,14.06,25217
2015-04-29,14.04,14.08,13.82,13.83,16773
2015-04-30,13.75,13.75,13.23,13.32,50945
2015-05-01,13.39,13.83,13.2,13.32,39787
2015-05-04,13.65,13.83,13.21,13.37,49415
2015-05-05,13.41,13.65,13.02,13.07,37834
2015-05-06,13.04,13.46,13.04,13.34,63462
2015-05-07,13.38,13.69,13.35,13.52,42149
2015-05-08,13.65,13.73,13.33,13.65,55435
2015-05-11,13.63,13.69,13.22,13.42,53911
2015-05-12,13.41,13.5,13.11,13.37,41399
2015-05-13,13.45,13.48,13.12,13.22,31410
2015-05-14,13.2,13.44,13.19,13.27,58972
2015-05-15,13.29,13.44,13.06,13.21,46803
2015-05-18,13.13,13.4,12.88,13.38,45641
2015-05-19,13.33,13.41,13.26,13.32,47832
2015-05-20,13.41,13.43,13.26,13.41,17298
2015-05-21,13.44,13.51,13.28,13.4,27667
2015-05-22,13.33,13.55,13.06,13.13,27414
2015-05-26,13.02,13.4,12.91,13.13,33690
2015-05-27,13.0,13.56,13.0,13.5,42748
2015-05-28,13.5,13.73,13.39,13.39,12760
2015-05-29,13.36,13.48,13.2,13.37,32093
2015-06-01,13.4,13.58,13.34,13.48,20208
2015-06-02,13.35,13.72,13.35,13.6,33572
2015-06-03,13.67,13.99,13.58,13.94,40603
2015-06-04,13.94,14.45,13.94,14.06,83067
2015-06-05,14.08,14.1,13.85,13.99,42444
2015-06-08,13.95,14.02,13.69,13.73,15177
2015-06-09,13.66,14.02,13.54,13.7,11794
2015-06-10,13.8,14.07,13.54,13.8,20303
2015-06-11,13.77,13.97,13.73,13.93,10631
2015-06-12,13.95,14.06,13.7,13.88,26423
2015-06-15,13.85,14.05,13.34,13.57,35210
2015-06-16,13.54,13.69,13.34,13.6,32497
2015-06-17,13.65,13.66,13.31,13.45,21160
2015-06-18,13.55,13.85,13.44,13.53,41600
2015-06-19,13.48,14.31,13.17,13.38,119431
2015-06-22,13.34,13.58,13.0,13.22,76131
2015-06-23,13.33,13.45,13.09,13.31,86586
2015-06-24,13.32,13.5,12.98,13.12,70392
2015-06-25,13.22,13.28,13.1,13.16,34423
2015-06-26,13.24,13.45,13.09,13.44,265415
2015-06-29,13.3,13.6,13.14,13.52,82361
2015-06-30,13.61,13.91,13.57,13.85,66051
2015-07-01,13.88,14.04,13.79,14.0,36324
2015-07-02,14.04,14.05,13.87,13.97,35978
2015-07-06,13.88,14.05,13.52,13.66,59696
2015-07-07,13.64,13.65,13.46,13.63,44413
2015-07-08,13.51,13.75,13.38,13.49,65417
2015-07-09,13.6,13.69,13.42,13.57,32142
2015-07-10,13.69,13.95,13.6,13.89,46626
2015-07-13,13.9,14.02,13.88,14.0,45782
2015-07-14,14.06,14.18,14.0,14.15,44437
2015-07-15,14.19,14.22,13.79,13.91,31457
2015-07-16,13.96,14.2,13.91,14.08,43859
2015-07-17,14.14,14.14,13.86,14.0,42323
2015-07-20,14.04,14.14,13.6,13.68,36108
2015-07-21,13.85,13.88,13.29,13.34,119381
2015-07-22,13.57,13.57,12.73,12.83,214148
2015-07-23,12.74,12.91,12.25,12.33,197631
2015-07-24,12.3,12.35,11.99,12.03,164149
2015-07-27,11.9,12.59,11.86,12.31,337965
2015-07-28,12.36,12.58,11.96,12.19,122103
2015-07-29,12.15,12.15,11.79,11.92,109781
2015-07-30,11.93,12.05,11.71,11.99,117971
2015-07-31,12.0,12.11,11.71,11.78,131849
2015-08-03,11.91,12.09,11.71,11.97,106683
2015-08-04,12.26,12.4,12.02,12.32,77681
2015-08-05,12.4,12.5,12.07,12.16,33225
2015-08-06,12.17,12.18,11.8,12.08,46697
2015-08-07,11.99,12.6,11.99,12.28,111454
2015-08-10,12.38,12.84,12.3,12.76,126183
2015-08-11,12.68,12.99,12.61,12.86,67300
2015-08-12,12.81,13.18,12.67,13.04,70973
2015-08-13,13.2,13.2,12.93,13.06,37793
2015-08-14,13.09,13.21,12.98,13.14,72345
2015-08-17,13.02,13.25,12.98,13.25,50285
2015-08-18,13.16,13.26,13.1,13.15,52145
2015-08-19,13.09,13.43,12.81,13.3,34132
2015-08-20,13.16,13.16,12.88,12.95,31463
2015-08-21,12.74,13.45,12.69,13.06,120083
2015-08-24,12.51,13.08,11.92,12.65,85497
2015-08-25,12.9,12.9,12.44,12.56,75225
2015-08-26,12.85,12.9,12.35,12.84,69071
2015-08-27,12.88,13.03,12.63,12.93,41003
2015-08-28,12.84,12.92,12.71,12.92,41341
2015-08-31,12.84,13.09,12.72,12.83,83497
2015-09-01,12.8,12.91,12.6,12.69,39424
2015-09-02,12.88,12.88,12.65,12.82,44094
2015-09-03,12.77,12.95,12.57,12.65,50640
2015-09-04,12.5,12.92,12.5,12.72,18967
2015-09-08,12.86,12.86,12.58,12.64,23817
2015-09-09,12.77,12.77,12.57,12.62,49615
2015-09-10,12.56,12.83,12.36,12.44,40040
2015-09-11,12.35,12.46,12.3,12.35,53781
2015-09-14,12.33,12.44,12.18,12.28,27478
2015-09-15,12.28,12.54,12.22,12.4,36890
2015-09-16,12.38,12.67,12.27,12.63,29719
2015-09-17,12.6,12.69,12.52,12.57,35755
2015-09-18,12.41,12.77,12.4,12.68,123394
2015-09-21,12.7,12.88,12.46,12.54,74183
2015-09-22,12.47,12.82,12.46,12.61,32577
2015-09-23,12.6,12.8,12.54,12.69,47754
2015-09-24,12.63,12.82,12.55,12.81,27701
2015-09-25,12.92,12.92,12.59,12.63,35727
2015-09-28,12.64,12.71,12.44,12.45,39466
2015-09-29,12.45,12.79,12.45,12.67,17900
2015-09-30,12.75,12.79,12.52,12.67,29327
2015-10-01,12.76,13.23,12.76,13.11,65551
2015-10-02,13.0,13.16,12.88,13.16,46483
2015-10-05,13.28,13.8,13.25,13.74,43949
2015-10-06,13.74,13.77,13.54,13.62,31325
2015-10-07,13.71,13.85,13.5,13.82,59532
2015-10-08,13.85,14.87,13.51,14.67,77912
2015-10-09,14.67,15.12,14.5,15.09,58944
2015-10-12,15.14,15.97,14.82,15.9,91351
2015-10-13,15.9,15.94,15.54,15.65,86641
2015-10-14,15.63,15.93,14.68,14.75,118965
2015-10-15,14.77,14.95,14.69,14.94,62282
2015-10-16,14.97,15.19,14.82,15.09,63659
2015-10-19,15.09,15.42,15.05,15.41,65347
2015-10-20,15.44,15.72,15.32,15.64,49822
2015-10-21,15.63,15.71,15.13,15.16,112207
2015-10-22,15.27,15.64,14.95,15.16,72808
2015-10-23,15.31,15.5,15.16,15.5,37852
2015-10-26,15.4,15.76,15.29,15.68,42066
2015-10-27,15.7,15.79,14.8,15.52,45274
2015-10-28,15.52,15.92,15.33,15.89,62971
2015-10-29,15.88,15.94,15.75,15.79,33154
2015-10-30,15.83,15.83,15.35,15.5,60723
2015-11-02,15.5,15.79,15.41,15.71,44796
2015-11-03,15.59,16.01,15.59,15.95,40960
2015-11-04,15.97,17.31,15.92,16.13,136289
2015-11-05,16.21,16.21,16.02,16.08,36648
2015-11-06,16.0,16.21,15.61,16.21,65359
2015-11-09,16.24,16.24,15.7,15.76,38758
2015-11-10,15.75,15.97,15.71,15.79,22986
2015-11-11,15.8,15.81,15.52,15.52,31835
2015-11-12,15.5,15.67,15.01,15.33,31410
2015-11-13,15.19,15.44,15.1,15.12,38730
2015-11-16,15.06,15.06,14.6,14.81,56471
2015-11-17,14.79,14.79,14.68,14.68,25400
2015-11-18,14.67,14.8,14.44,14.56,97031
2015-11-19,14.51,14.82,14.51,14.7,24962
2015-11-20,14.8,14.98,14.69,14.76,55052
2015-11-23,14.7,14.78,14.46,14.49,44081
2015-11-24,14.5,14.5,14.06,14.17,72974
2015-11-25,14.16,14.6,14.16,14.54,75762
2015-11-27,14.6,14.65,14.37,14.52,29558
2015-11-30,14.49,14.54,14.27,14.43,53839
2015-12-01,14.54,14.71,14.3,14.39,20373
2015-12-02,14.23,14.56,14.21,14.42,43421
2015-12-03,14.38,14.44,14.2,14.32,36528
2015-12-04,14.3,14.58,14.24,14.49,23232
2015-12-07,14.41,14.5,14.29,14.43,37638
2015-12-08,14.31,14.47,14.29,14.39,30204
2015-12-09,14.38,14.42,14.13,14.16,71202
2015-12-10,14.13,14.45,13.85,13.87,48665
2015-12-11,13.6,13.84,13.58,13.61,82075
2015-12-14,13.57,13.76,13.35,13.41,42670
2015-12-15,13.49,13.56,13.22,13.36,74058
2015-12-16,13.42,13.5,13.28,13.41,55545
2015-12-17,13.47,13.58,13.26,13.37,36593
2015-12-18,13.28,13.45,13.22,13.23,112209
2015-12-21,13.32,13.44,13.05,13.16,61701
2015-12-22,13.23,13.23,12.97,13.15,80564
2015-12-23,13.25,13.46,13.25,13.4,40825
2015-12-24,13.38,13.57,13.31,13.47,13940
2015-12-28,13.5,13.6,13.36,13.42,23271
2015-12-29,13.51,13.55,13.26,13.52,24242
2015-12-30,13.54,13.55,13.27,13.29,28072
2015-12-31,13.19,13.81,13.08,13.11,52479
2016-01-04,12.81,13.82,12.74,12.8,68098
2016-01-05,12.82,12.93,12.74,12.76,40201
2016-01-06,12.64,12.87,12.64,12.73,46116
2016-01-07,12.65,12.65,12.38,12.4,80210
2016-01-08,12.42,12.58,12.38,12.38,38679
2016-01-11,12.4,12.4,11.93,11.96,98395
2016-01-12,12.07,12.07,11.63,11.64,93084
2016-01-13,10.67,11.64,10.67,11.09,77755
2016-01-14,11.08,11.23,10.85,10.91,78978
2016-01-15,10.6,10.73,10.29,10.48,119976
2016-01-19,10.56,10.61,10.16,10.37,82187
2016-01-20,10.31,10.87,10.11,10.74,58719
2016-01-21,10.73,10.96,10.6,10.7,38777
2016-01-22,10.81,10.99,10.76,10.98,27598
2016-01-25,10.9,10.93,10.74,10.81,23186
2016-01-26,10.82,10.92,10.59,10.7,27591
2016-01-27,10.65,10.72,10.43,10.62,47152
2016-01-28,10.7,10.72,10.5,10.52,22363
2016-01-29,10.5,10.96,10.5,10.86,39121
2016-02-01,10.74,10.88,10.7,10.71,18804
2016-02-02,10.6,10.6,10.5,10.53,22794
2016-02-03,10.63,10.63,10.15,10.41,41832
2016-02-04,10.37,10.51,10.25,10.29,27471
2016-02-05,10.21,10.21,10.03,10.07,97509
2016-02-08,9.83,9.95,9.78,9.89,82953
2016-02-09,9.76,9.93,9.76,9.78,41157
2016-02-10,9.77,10.01,9.71,9.85,68529
2016-02-11,9.85,10.02,9.73,9.84,32822
2016-02-12,9.89,10.1,9.86,10.06,21710
2016-02-16,10.12,10.3,10.02,10.13,44203
2016-02-17,10.15,10.3,10.0,10.15,51785
2016-02-18,10.11,10.21,9.77,9.89,57202
2016-02-19,9.88,10.17,9.77,9.94,27973
2016-02-22,10.01,10.35,9.94,10.25,48730
2016-02-23,10.01,10.44,10.01,10.39,45701
2016-02-24,10.32,10.41,10.0,10.36,36622
2016-02-25,10.41,10.41,10.0,10.09,44586
2016-02-26,10.12,10.41,10.12,10.2,41463
2016-02-29,10.26,10.27,10.02,10.06,18519
2016-03-01,10.14,10.28,10.01,10.1,37625
2016-03-02,10.06,10.42,10.06,10.14,23968
2016-03-03,10.14,10.61,10.14,10.55,34887
2016-03-04,10.7,11.41,10.7,11.33,38020
2016-03-07,11.34,11.59,10.96,11.28,51484
2016-03-08,11.19,11.28,11.03,11.04,32382
2016-03-09,11.07,12.11,11.03,11.98,76232
2016-03-10,11.98,12.27,11.34,11.95,64608
2016-03-11,12.05,12.19,11.49,11.93,38202
2016-03-14,11.85,11.85,11.51,11.6,38525
2016-03-15,11.57,11.65,11.21,11.39,39463
2016-03-16,11.26,11.69,11.26,11.63,28941
2016-03-17,11.65,12.06,11.54,11.93,18048
2016-03-18,12.0,12.11,11.58,11.99,58798
2016-03-21,12.0,12.18,11.95,12.0,27606
2016-03-22,12.0,12.03,11.87,11.93,30296
2016-03-23,11.95,11.95,11.45,11.51,22626
2016-03-24,11.52,11.62,11.4,11.54,29590
2016-03-28,11.62,11.7,11.51,11.61,26266
2016-03-29,11.59,11.93,11.48,11.9,19201
2016-03-30,12.0,12.08,11.72,11.82,26843
2016-03-31,11.78,12.15,11.7,11.98,74187
2016-04-01,11.9,12.17,11.9,12.1,19855
2016-04-04,12.0,12.07,11.88,11.96,17403
2016-04-05,11.82,11.9,11.6,11.81,29902
2016-04-06,11.75,11.85,11.7,11.79,12257
2016-04-07,11.67,12.1,11.67,11.94,41266
2016-04-08,11.9,12.07,11.86,12.01,29310
2016-04-11,12.1,12.13,11.94,12.08,22739
2016-04-12,12.06,12.14,12.05,12.12,14077
2016-04-13,12.14,12.35,12.08,12.26,35598
2016-04-14,12.3,12.45,12.21,12.34,15249
2016-04-15,12.27,12.5,12.2,12.44,33271
2016-04-18,12.54,12.63,12.46,12.48,12849
2016-04-19,12.49,12.64,12.15,12.27,41350
2016-04-20,12.44,12.49,12.23,12.39,26466
2016-04-21,12.44,12.59,12.42,12.54,25196
2016-04-22,12.57,12.79,11.12,12.69,14076
2016-04-25,12.73,12.87,12.4,12.69,24607
2016-04-26,12.67,12.81,12.6,12.79,11965
2016-04-27,12.7,13.02,12.69,12.87,25381
2016-04-28,12.8,12.99,12.8,12.9,22444
2016-04-29,12.83,13.03,12.66,12.97,23434
2016-05-02,12.69,13.47,12.69,13.37,20529
2016-05-03,13.17,13.7,13.1,13.54,31766
2016-05-04,13.46,13.6,13.35,13.57,28656
2016-05-05,13.63,13.65,12.89,13.04,51207
2016-05-06,13.1,13.39,12.75,13.39,21548
2016-05-09,13.46,13.79,13.29,13.63,43712
2016-05-10,13.61,13.75,13.45,13.5,61571
2016-05-11,13.58,13.58,12.91,13.1,31286
2016-05-12,13.09,13.16,12.66,13.12,29557
2016-05-13,13.12,13.19,12.93,13.07,18158
2016-05-16,13.04,13.43,12.99,13.35,37092
2016-05-17,13.37,13.37,12.65,12.76,67909
2016-05-18,12.78,12.91,12.65,12.89,18591
2016-05-19,12.77,13.0,12.67,12.86,20799
2016-05-20,12.94,13.04,12.81,13.03,50152
2016-05-23,12.99,13.05,12.87,12.87,20408
2016-05-24,12.87,13.2,12.87,13.1,23444
2016-05-25,13.05,13.28,12.9,13.02,11429
2016-05-26,13.04,13.04,12.51,12.51,45184
2016-05-27,13.16,13.16,12.5,12.71,21018
2016-05-31,12.66,12.66,12.27,12.52,34028
2016-06-01,12.5,12.81,12.36,12.72,69825
2016-06-02,12.62,12.85,12.56,12.82,10268
2016-06-03,12.74,12.92,12.58,12.64,23297
2016-06-06,12.66,12.75,12.65,12.71,20937
2016-06-07,12.7,12.76,12.65,12.69,13842
2016-06-08,12.67,12.94,12.67,12.86,25382
2016-06-09,12.87,12.99,12.84,12.93,23367
2016-06-10,12.89,12.93,12.6,12.9,18102
2016-06-13,12.92,13.2,12.57,12.59,24359
2016-06-14,12.53,12.73,12.41,12.43,17980
2016-06-15,12.38,12.67,12.32,12.35,26945
2016-06-16,12.36,12.46,12.06,12.36,58459
2016-06-17,12.35,12.35,12.17,12.35,64959
2016-06-20,12.43,12.43,12.15,12.31,39980
2016-06-21,12.22,12.39,12.22,12.32,25406
2016-06-22,12.35,12.35,12.08,12.14,23813
2016-06-23,12.25,12.35,12.15,12.31,41742
2016-06-24,11.92,12.39,11.92,12.1,93222
2016-06-27,12.05,12.05,11.88,11.97,94303
2016-06-28,12.03,12.14,11.92,11.94,23388
2016-06-29,12.04,12.52,12.04,12.48,31850
2016-06-30,12.47,12.64,12.35,12.49,60894
2016-07-01,12.61,12.61,12.15,12.22,30793
2016-07-05,12.24,12.28,12.01,12.08,33286
2016-07-06,11.98,12.1,11.91,12.07,17201
2016-07-07,12.04,12.33,12.04,12.31,26753
2016-07-08,12.35,12.73,12.35,12.6,45137
2016-07-11,12.55,12.86,12.55,12.79,25787
2016-07-12,12.81,12.91,12.81,12.82,38188
2016-07-13,12.79,12.93,12.78,12.87,28110
2016-07-14,13.0,13.0,12.77,12.83,18539
2016-07-15,12.91,12.91,12.45,12.57,61763
2016-07-18,13.25,14.0,13.25,13.78,150259
2016-07-19,13.74,13.74,13.36,13.4,76293
2016-07-20,13.4,13.46,13.3,13.42,11548
2016-07-21,13.32,13.42,12.99,13.33,36440
2016-07-22,13.34,13.81,13.34,13.79,65101
2016-07-25,13.71,13.77,13.56,13.61,13260
2016-07-26,13.57,13.65,13.23,13.51,25740
2016-07-27,13.46,13.72,13.41,13.69,18484
2016-07-28,13.73,13.93,13.56,13.83,39100
2016-07-29,13.86,13.96,13.69,13.75,23182
2016-08-01,13.83,13.84,13.51,13.56,10434
2016-08-02,13.64,13.67,13.33,13.39,25447
2016-08-03,13.28,13.37,13.27,13.3,29140
2016-08-04,13.33,13.42,13.1,13.16,18332
2016-08-05,13.27,13.42,13.27,13.3,23832
2016-08-08,13.22,13.28,13.14,13.15,16575
2016-08-09,13.4,13.4,12.78,13.22,20659
2016-08-10,13.17,13.17,13.03,13.1,12301
2016-08-11,13.08,13.18,13.04,13.1,26732
2016-08-12,13.06,13.14,12.73,12.76,66163
2016-08-15,12.8,12.85,12.62,12.69,52950
2016-08-16,12.62,13.05,12.62,12.77,171514
2016-08-17,12.76,13.1,12.61,13.02,116745
2016-08-18,13.02,13.46,12.89,13.36,115346
2016-08-19,13.3,13.43,12.62,13.09,99504
2016-08-22,12.96,13.18,12.93,13.16,30166
2016-08-23,13.13,13.51,13.11,13.29,80084
2016-08-24,13.33,13.55,13.31,13.49,56007
2016-08-25,13.49,13.54,13.42,13.44,28644
2016-08-26,13.49,13.51,13.2,13.25,31088
2016-08-29,13.3,13.31,13.07,13.14,19507
2016-08-30,13.1,13.58,13.1,13.54,35672
2016-08-31,13.51,13.55,13.25,13.53,38792
2016-09-01,13.5,13.51,13.23,13.51,41035
2016-09-02,13.53,13.61,13.44,13.61,40921
2016-09-06,13.51,13.59,13.16,13.54,155478
2016-09-07,13.49,13.59,13.47,13.55,89376
2016-09-08,13.47,13.58,13.41,13.51,79304
2016-09-09,13.99,13.99,13.63,13.74,70434
2016-09-12,13.66,13.75,13.49,13.6,37119
2016-09-13,13.58,13.58,13.16,13.46,64949
2016-09-14,13.43,13.45,13.25,13.25,48528
2016-09-15,13.2,13.36,13.17,13.35,34854
2016-09-16,13.35,13.38,13.16,13.38,122082
2016-09-19,13.33,13.65,13.33,13.57,25853
2016-09-20,13.56,13.65,13.43,13.55,39627
2016-09-21,13.55,13.61,13.49,13.58,30267
2016-09-22,13.58,13.67,13.56,13.61,44875
2016-09-23,13.63,13.63,13.45,13.5,56905
2016-09-26,13.35,13.47,13.33,13.45,46119
2016-09-27,13.42,13.64,13.41,13.6,27102
2016-09-28,13.62,13.62,13.26,13.4,59116
2016-09-29,13.37,13.37,13.23,13.26,29226
2016-09-30,13.3,13.4,13.27,13.35,37345
2016-10-03,13.28,13.46,13.2,13.41,43065
2016-10-04,13.41,13.52,13.3,13.35,38917
2016-10-05,13.36,13.51,13.16,13.4,19970
2016-10-06,13.38,13.5,13.36,13.4,12551
2016-10-07,13.37,13.5,13.29,13.4,17140
2016-10-10,13.42,13.6,13.41,13.45,28934
2016-10-11,13.45,13.45,13.3,13.34,31122
2016-10-12,13.32,13.54,13.32,13.5,27031
2016-10-13,13.55,13.55,13.43,13.48,59426
2016-10-14,13.53,13.54,13.42,13.5,28069
2016-10-17,13.4,13.61,13.4,13.56,24413
2016-10-18,13.61,13.68,13.55,13.56,20342
2016-10-19,13.63,13.72,13.6,13.65,22653
2016-10-20,13.69,13.75,13.58,13.66,44255
2016-10-21,13.57,13.75,13.57,13.58,8664
2016-10-24,13.67,13.67,13.57,13.59,13930
2016-10-25,13.62,13.63,13.52,13.54,19554
2016-10-26,13.61,13.64,13.41,13.5,31453
2016-10-27,13.58,13.62,13.41,13.48,20492
2016-10-28,13.41,13.61,13.16,13.21,77750
2016-10-31,13.21,13.25,13.17,13.19,37839
2016-11-01,13.15,13.15,12.62,12.68,136181
2016-11-02,12.71,12.74,12.6,12.65,40879
2016-11-03,12.72,12.74,12.62,12.63,19859
2016-11-04,12.7,12.75,12.55,12.59,16476
2016-11-07,12.8,12.8,12.54,12.7,35977
2016-11-08,13.0,13.6,12.7,13.12,140794
2016-11-09,13.24,13.52,12.92,13.45,128825
2016-11-10,13.45,13.92,13.45,13.82,97468
2016-11-11,13.89,14.2,13.77,14.05,92607
2016-11-14,14.19,14.42,13.95,14.15,49490
2016-11-15,14.22,14.31,13.98,14.16,65976
2016-11-16,14.17,14.74,14.1,14.7,59490
2016-11-17,14.97,14.99,14.84,14.92,75967
2016-11-18,14.86,15.1,14.77,15.07,81952
2016-11-21,15.05,15.17,14.81,14.95,71494
2016-11-22,15.04,15.16,14.89,15.13,60196
2016-11-23,15.18,15.3,15.14,15.3,56399
2016-11-25,15.31,15.31,15.23,15.29,18112
2016-11-28,15.3,15.6,15.3,15.59,50792
2016-11-29,15.63,15.97,15.13,15.83,107205
2016-11-30,15.9,15.94,15.41,15.71,102732
2016-12-01,15.95,15.95,15.6,15.93,83297
2016-12-02,15.82,15.99,15.76,15.76,63556
2016-12-05,15.77,16.19,15.66,16.0,86684
2016-12-06,16.09,16.09,15.81,15.88,52381
2016-12-07,16.01,16.06,15.76,15.84,62024
2016-12-08,15.86,16.0,15.84,16.0,80792
2016-12-09,16.05,16.1,16.03,16.06,64563
2016-12-12,16.0,16.17,15.94,16.15,60943
2016-12-13,16.18,16.24,16.04,16.21,38391
2016-12-14,16.29,16.45,16.14,16.26,37489
2016-12-15,16.38,16.38,16.0,16.04,58088
2016-12-16,16.12,16.42,16.02,16.05,78690
2016-12-19,16.6,16.9,16.31,16.8,163688
2016-12-20,17.09,17.18,16.75,16.88,77130
2016-12-21,16.88,16.88,16.28,16.39,58156
2016-12-22,16.27,16.46,16.11,16.38,44426
2016-12-23,16.41,16.45,16.27,16.43,21201
2016-12-27,16.39,16.58,16.39,16.49,31163
2016-12-28,16.56,16.78,16.46,16.75,46353
2016-12-29,16.82,17.02,16.38,16.47,67710
2016-12-30,16.57,16.69,16.3,16.6,39470
2017-01-03,16.83,16.85,16.58,16.68,55306
2017-01-04,16.82,16.92,16.67,16.84,53696
2017-01-05,16.88,16.92,16.62,16.72,48786
2017-01-06,16.85,16.88,16.68,16.85,52642
2017-01-09,16.96,16.96,16.61,16.91,41251
2017-01-10,16.9,16.93,16.76,16.87,25596
2017-01-11,16.79,16.87,16.73,16.83,15931
2017-01-12,16.92,16.93,16.48,16.62,18708
2017-01-13,16.73,17.02,16.72,16.92,36172
2017-01-17,16.8,17.02,16.5,16.6,51740
2017-01-18,16.71,16.71,16.34,16.63,27396
2017-01-19,16.54,16.59,16.29,16.56,48870
2017-01-20,16.44,16.88,16.33,16.76,69870
2017-01-23,16.61,16.78,16.48,16.66,14766
2017-01-24,16.72,17.03,16.46,16.95,27762
2017-01-25,17.06,17.06,16.0,16.92,21744
2017-01-26,16.93,17.0,16.69,16.79,13544
2017-01-27,16.57,16.83,16.53,16.72,20052
2017-01-30,16.74,16.77,15.97,15.97,26400
2017-01-31,16.03,16.41,16.03,16.35,38030
2017-02-01,16.68,16.68,16.16,16.27,28592
2017-02-02,16.28,16.41,16.05,16.2,45507
2017-02-03,16.35,16.45,16.18,16.33,28215
2017-02-06,16.33,16.59,16.22,16.26,17464
2017-02-07,16.36,16.59,16.36,16.46,22884
2017-02-08,16.5,16.82,15.97,16.13,32719
2017-02-09,16.21,16.47,16.03,16.22,91390
2017-02-10,16.29,16.5,16.12,16.44,53968
2017-02-13,16.57,16.75,16.57,16.69,19825
2017-02-14,16.46,16.77,16.46,16.61,11848
2017-02-15,16.59,16.61,16.38,16.51,13032
2017-02-16,16.47,16.57,16.16,16.3,14050
2017-02-17,16.4,16.4,16.05,16.16,20813
2017-02-21,16.1,16.18,15.93,15.99,23684
2017-02-22,16.0,16.12,15.94,16.1,14271
2017-02-23,16.1,16.2,16.05,16.1,25463
2017-02-24,16.1,16.2,15.72,16.16,23977
2017-02-27,16.09,16.31,16.08,16.14,16036
2017-02-28,16.07,16.15,15.93,15.94,31197
2017-03-01,16.05,16.13,15.9,15.98,21873
2017-03-02,15.99,16.1,15.96,15.97,21368
2017-03-03,15.91,16.0,15.87,15.91,36841
2017-03-06,15.88,16.44,15.85,15.87,42915
2017-03-07,15.55,15.82,15.52,15.61,30749
2017-03-08,15.73,16.0,15.43,15.43,20787
2017-03-09,15.41,15.96,15.41,15.75,24794
2017-03-10,15.86,16.05,15.49,15.52,19423
2017-03-13,15.51,15.74,15.43,15.43,11553
2017-03-14,15.43,15.43,15.16,15.27,19866
2017-03-15,15.33,15.48,15.18,15.23,23412
2017-03-16,15.29,15.57,15.29,15.5,27812
2017-03-17,15.49,16.51,15.49,16.04,98231
2017-03-20,16.07,16.28,15.98,16.27,25991
2017-03-21,16.27,16.4,15.94,16.0,36302
2017-03-22,16.39,16.39,15.76,15.91,21153
2017-03-23,15.94,16.15,15.9,15.97,24276
2017-03-24,16.04,16.07,15.91,15.95,18401
2017-03-27,15.78,15.97,15.76,15.84,16437
2017-03-28,15.84,15.9,15.72,15.75,14755
2017-03-29,15.68,16.01,14.56,15.49,26944
2017-03-30,15.49,15.64,15.35,15.5,23379
2017-03-31,15.33,15.65,15.33,15.54,34487
2017-04-03,15.54,15.67,15.08,15.12,36759
2017-04-04,15.16,15.44,14.88,14.99,29367
2017-04-05,14.97,15.75,14.75,14.77,39778
2017-04-06,14.77,15.33,14.59,14.75,31321
2017-04-07,14.65,14.82,14.65,14.77,18602
2017-04-10,14.7,14.9,14.6,14.78,45078
2017-04-11,14.79,14.9,14.67,14.73,53935
2017-04-12,14.76,16.85,14.76,14.86,44023
2017-04-13,14.87,14.99,14.8,14.92,46616
2017-04-17,14.88,15.09,14.88,15.04,50330
2017-04-18,14.94,15.46,14.81,14.85,28836
2017-04-19,14.82,15.3,14.65,14.69,49782
2017-04-20,14.95,14.95,14.71,14.74,61878
2017-04-21,14.84,14.93,14.62,14.65,73487
2017-04-24,14.9,14.9,14.61,14.81,46039
2017-04-25,14.96,15.06,14.85,14.89,38693
2017-04-26,14.81,15.64,14.81,15.51,35403
2017-04-27,15.43,15.82,15.43,15.61,30300
2017-04-28,15.59,15.85,15.37,15.73,32229
2017-05-01,15.65,15.76,15.53,15.68,15039
2017-05-02,16.56,16.56,14.75,14.99,99556
2017-05-03,14.91,15.16,14.81,15.1,29162
2017-05-04,15.15,15.24,14.9,15.02,23125
2017-05-05,15.22,15.43,14.96,15.31,42162
2017-05-08,15.3,15.43,15.08,15.4,25082
2017-05-09,15.5,15.83,15.42,15.83,55378
2017-05-10,15.72,16.27,15.53,15.6,22435
2017-05-11,15.54,15.7,15.31,15.32,17051
2017-05-12,15.3,15.6,15.06,15.2,54255
2017-05-15,15.26,15.72,15.26,15.59,51900
2017-05-16,15.49,15.53,15.34,15.49,26305
2017-05-17,15.38,15.38,15.09,15.12,33391
2017-05-18,15.31,15.75,15.25,15.64,52229
2017-05-19,15.55,15.79,15.44,15.76,44771
2017-05-22,15.82,16.01,15.82,16.01,29397
2017-05-23,16.14,16.23,15.96,16.03,41764
2017-05-24,16.21,16.21,15.81,15.87,28216
2017-05-25,15.87,16.08,15.8,16.0,29501
2017-05-26,16.05,16.24,15.94,16.12,24683
2017-05-30,16.01,16.05,15.8,15.82,55359
2017-05-31,15.9,16.2,15.85,15.96,27970
2017-06-01,16.08,16.13,16.01,16.11,27433
2017-06-02,16.12,16.76,16.06,16.63,62768
2017-06-05,16.5,16.64,16.36,16.51,16622
2017-06-06,16.36,16.66,16.21,16.25,20600
2017-06-07,16.12,16.47,16.12,16.3,24546
2017-06-08,16.49,16.79,16.13,16.39,49233
2017-06-09,16.18,16.58,16.18,16.52,40044
2017-06-12,16.55,16.57,16.14,16.33,23095
2017-06-13,16.44,16.54,16.21,16.33,17122
2017-06-14,16.33,16.53,16.22,16.47,23482
2017-06-15,16.29,16.45,15.88,16.08,52161
2017-06-16,15.81,15.9,15.58,15.83,92474
2017-06-19,15.83,15.94,15.81,15.91,14195
2017-06-20,15.83,15.89,15.66,15.69,9953
2017-06-21,15.8,15.96,15.66,15.68,25863
2017-06-22,15.78,15.91,15.5,15.52,13745
2017-06-23,15.53,15.63,15.27,15.44,98191
2017-06-26,15.46,16.29,15.46,15.73,36241
2017-06-27,15.65,15.85,15.65,15.73,24875
2017-06-28,15.82,16.28,15.8,16.07,20001
2017-06-29,16.25,16.32,16.05,16.19,52411
2017-06-30,16.18,16.37,15.95,16.13,20870
2017-07-03,16.16,16.26,15.95,16.19,10067
2017-07-05,16.18,16.18,15.78,15.92,23078
2017-07-06,15.81,15.9,15.76,15.8,41875
2017-07-07,15.9,16.06,15.9,15.96,25788
2017-07-10,15.9,16.02,15.8,15.9,39483
2017-07-11,15.89,15.96,15.6,15.65,24084
2017-07-12,15.72,15.86,15.66,15.79,28165
2017-07-13,15.89,15.89,15.37,15.49,54635
2017-07-14,15.55,16.02,15.54,15.89,62293
2017-07-17,15.88,16.06,15.82,16.01,56105
2017-07-18,15.99,16.03,15.95,15.98,22794
2017-07-19,15.99,16.2,15.95,16.02,22914
2017-07-20,16.02,16.15,15.83,16.06,49519
2017-07-21,16.17,16.17,15.82,15.84,23197
2017-07-24,15.83,15.98,15.52,15.88,28529
2017-07-25,15.96,16.05,15.78,15.87,38595
2017-07-26,15.86,16.09,15.82,16.03,44371
2017-07-27,16.03,16.38,15.78,16.02,31996
2017-07-28,16.0,16.06,15.91,16.02,36131
2017-07-31,16.03,16.17,15.86,15.96,19016
2017-08-01,15.8,16.03,15.8,16.0,22967
