Date,Open,High,Low,Close,Volume
2016-04-27,18.5,19.18,18.25,18.7,13623939
2016-04-28,18.5,19.1,18.5,18.73,1796412
2016-04-29,18.7,18.93,18.5,18.64,1263305
2016-05-02,18.98,19.15,18.66,18.87,403517
2016-05-03,18.67,19.07,18.55,18.96,424367
2016-05-04,18.9,18.99,18.58,18.78,610029
2016-05-05,18.75,18.99,18.65,18.8,780515
2016-05-06,18.8,18.93,18.64,18.87,857877
2016-05-09,18.76,19.08,18.75,18.9,760664
2016-05-10,18.87,19.18,18.79,18.99,901267
2016-05-11,19.2,19.55,19.11,19.23,1504039
2016-05-12,19.22,19.56,18.58,19.5,1068526
2016-05-13,19.42,19.6,19.12,19.17,361772
2016-05-16,19.07,19.76,19.05,19.54,330660
2016-05-17,19.1,19.7,19.1,19.4,457131
2016-05-18,19.1,19.59,19.1,19.44,152669
2016-05-19,19.15,19.59,19.03,19.31,436051
2016-05-20,19.04,19.44,19.04,19.32,443969
2016-05-23,19.5,19.58,19.16,19.37,1109577
2016-05-24,19.82,19.82,19.28,19.58,883856
2016-05-25,19.55,19.84,19.17,19.74,577924
2016-05-26,19.93,19.95,19.7,19.84,420181
2016-05-27,19.93,20.36,19.73,20.11,592068
2016-05-31,20.14,20.65,19.64,20.39,786324
2016-06-01,20.44,20.65,19.83,20.16,862523
2016-06-02,20.05,20.74,19.58,20.49,1039946
2016-06-03,20.38,20.77,19.93,20.46,248484
2016-06-06,20.66,21.1,20.33,20.5,960833
2016-06-07,20.42,21.49,20.0,20.85,788028
2016-06-08,20.83,21.52,20.5,21.18,680844
2016-06-09,20.96,21.9,20.82,21.69,722364
2016-06-10,21.52,22.08,21.1,21.72,548554
2016-06-13,21.68,22.38,21.52,22.01,740909
2016-06-14,21.95,22.2,21.52,22.09,550079
2016-06-15,22.09,22.84,22.06,22.52,664043
2016-06-16,22.44,22.6,22.0,22.41,733754
2016-06-17,22.49,22.5,21.92,22.05,3252484
2016-06-20,22.13,22.51,21.84,22.45,436403
2016-06-21,22.44,23.01,22.38,22.83,1159969
2016-06-22,22.84,23.13,22.5,22.7,578765
2016-06-23,22.6,23.28,21.71,22.5,944079
2016-06-24,21.57,22.15,21.36,21.38,4125215
2016-06-27,21.42,22.02,20.64,20.95,1017771
2016-06-28,21.18,21.7,20.72,21.06,546481
2016-06-29,21.69,21.91,21.09,21.16,653464
2016-06-30,21.2,21.99,20.82,21.98,1023097
2016-07-01,22.18,22.27,21.44,22.05,600675
2016-07-05,21.99,22.0,21.45,21.77,1063458
2016-07-06,21.68,22.18,21.62,22.15,468359
2016-07-07,22.11,22.44,21.87,22.16,381891
2016-07-08,22.33,22.5,22.12,22.27,259127
2016-07-11,22.43,22.69,22.15,22.27,403111
2016-07-12,22.39,22.74,22.39,22.51,296327
2016-07-13,22.5,22.75,22.37,22.42,164246
2016-07-14,22.67,22.72,22.07,22.34,284054
2016-07-15,22.49,22.52,21.79,22.41,166540
2016-07-18,22.44,22.65,22.31,22.53,192860
2016-07-19,22.47,22.75,22.36,22.51,300253
2016-07-20,22.54,22.72,22.0,22.48,349677
2016-07-21,22.4,22.55,21.67,22.05,284616
2016-07-22,22.04,22.74,22.02,22.09,212197
2016-07-25,22.1,22.21,21.98,22.11,165039
2016-07-26,22.06,22.76,22.06,22.69,323319
2016-07-27,22.69,23.16,22.56,23.14,253711
2016-07-28,23.04,23.42,22.83,22.9,365493
2016-07-29,22.88,23.21,22.67,23.01,179576
2016-08-01,23.11,23.87,22.57,22.65,394159
2016-08-02,22.67,23.48,22.4,22.97,233014
2016-08-03,22.95,23.36,22.72,23.2,153860
2016-08-04,23.24,23.38,22.4,22.63,436801
2016-08-05,22.71,23.68,22.38,22.75,228365
2016-08-08,22.71,23.0,22.57,22.93,161273
2016-08-09,22.96,23.42,22.4,22.74,548546
2016-08-10,22.71,23.02,21.84,22.21,451457
2016-08-11,22.08,22.96,22.0,22.34,236111
2016-08-12,22.33,22.5,21.9,22.03,563036
2016-08-15,22.03,22.29,21.77,21.91,593705
2016-08-16,21.47,23.44,20.8,23.05,891150
2016-08-17,23.06,23.11,22.34,22.89,512008
2016-08-18,22.82,23.13,22.31,22.92,375735
2016-08-19,22.82,22.82,22.26,22.81,464094
2016-08-22,22.73,22.88,22.51,22.84,558568
2016-08-23,22.82,23.22,22.62,22.68,625477
2016-08-24,22.68,22.83,22.19,22.21,305677
2016-08-25,22.14,22.65,21.85,22.23,187798
2016-08-26,22.18,22.54,22.0,22.23,204154
2016-08-29,22.19,22.53,22.09,22.15,135724
2016-08-30,22.12,22.61,22.07,22.31,191922
2016-08-31,22.35,22.65,22.08,22.54,169830
2016-09-01,22.55,23.17,22.44,22.84,317026
2016-09-02,22.86,23.06,22.18,22.37,236771
2016-09-06,22.36,22.5,22.02,22.31,185082
2016-09-07,22.24,22.3,21.91,22.21,221169
2016-09-08,22.25,22.49,21.94,21.98,214266
2016-09-09,22.03,22.08,21.29,21.44,253299
2016-09-12,21.41,21.68,21.22,21.55,261263
2016-09-13,21.6,22.49,20.58,20.8,972857
2016-09-14,20.84,21.18,20.84,21.05,577804
2016-09-15,20.95,21.74,20.95,21.31,523866
2016-09-16,21.4,21.53,21.0,21.49,463856
2016-09-19,21.65,22.24,21.64,21.88,273201
2016-09-20,21.94,22.03,21.79,21.83,148764
2016-09-21,21.94,22.11,21.56,21.98,279043
2016-09-22,22.04,22.72,22.04,22.72,242393
2016-09-23,22.56,23.19,22.52,23.07,160354
2016-09-26,22.9,23.19,22.8,23.13,141946
2016-09-27,23.04,23.04,22.18,22.89,303576
2016-09-28,22.99,23.21,22.68,22.99,641960
2016-09-29,22.87,23.1,22.67,22.88,656728
2016-09-30,22.99,23.7,22.7,23.59,803487
2016-10-03,23.71,23.75,22.92,23.05,406250
2016-10-04,23.1,23.1,22.71,22.92,228693
2016-10-05,23.0,23.46,22.94,23.41,276007
2016-10-06,23.3,23.44,23.03,23.31,128122
2016-10-07,23.3,23.46,22.76,23.07,184632
2016-10-10,23.35,23.56,23.12,23.29,202696
2016-10-11,23.33,23.33,22.8,22.96,174754
2016-10-12,22.88,22.98,22.52,22.75,328453
2016-10-13,22.55,22.69,22.14,22.5,135915
2016-10-14,22.67,22.84,22.36,22.41,97260
2016-10-17,22.4,22.59,22.15,22.24,170244
2016-10-18,22.31,22.47,21.87,22.01,216066
2016-10-19,21.98,22.3,21.9,22.04,82597
2016-10-20,21.92,22.52,21.92,22.4,87977
2016-10-21,22.18,22.6,22.18,22.52,83655
2016-10-24,22.63,22.75,22.06,22.67,180137
2016-10-25,22.59,23.0,22.48,22.5,165513
2016-10-26,22.26,22.58,22.12,22.43,115412
2016-10-27,22.56,22.56,22.02,22.12,148212
2016-10-28,22.16,22.42,22.09,22.35,89226
2016-10-31,22.38,22.38,21.56,21.9,492528
2016-11-01,21.98,22.5,21.82,22.21,314351
2016-11-02,22.28,22.31,21.76,21.87,338485
2016-11-03,21.86,21.92,21.14,21.33,469021
2016-11-04,21.26,21.99,21.1,21.66,279197
2016-11-07,22.04,22.43,21.82,22.32,486368
2016-11-08,21.32,22.57,21.1,22.2,419012
2016-11-09,22.16,22.76,21.89,22.56,349151
2016-11-10,21.36,22.33,21.07,22.05,5301474
2016-11-11,22.03,22.66,21.88,22.25,1042917
2016-11-14,22.35,22.54,21.69,21.69,860656
2016-11-15,21.7,22.14,21.58,22.02,719058
2016-11-16,21.9,22.27,21.75,22.24,489353
2016-11-17,21.84,22.5,21.8,22.25,2828748
2016-11-18,22.32,22.81,22.19,22.77,1287100
2016-11-21,22.88,23.08,22.7,22.73,730335
2016-11-22,22.81,23.16,22.38,23.14,474979
2016-11-23,23.01,23.46,22.85,23.16,597447
2016-11-25,23.14,23.61,23.11,23.58,229975
2016-11-28,23.47,23.49,23.09,23.21,426992
2016-11-29,23.14,23.79,23.14,23.38,1164173
2016-11-30,23.41,23.45,22.83,22.92,880533
2016-12-01,22.99,23.24,22.27,22.53,622681
2016-12-02,22.42,23.1,22.11,22.95,542333
2016-12-05,23.03,23.43,22.84,23.38,702347
2016-12-06,23.4,23.49,23.12,23.18,663047
2016-12-07,23.18,23.51,22.93,23.17,805118
2016-12-08,23.25,23.68,22.89,23.1,606592
2016-12-09,23.12,23.73,23.12,23.52,970566
2016-12-12,23.47,23.49,22.74,23.08,417677
2016-12-13,23.23,23.42,23.0,23.19,341402
2016-12-14,23.19,23.59,22.95,22.97,1048160
2016-12-15,22.99,23.0,22.32,22.72,925392
2016-12-16,22.8,23.06,22.43,22.73,3226106
2016-12-19,22.66,23.18,22.66,23.08,796679
2016-12-20,22.95,23.38,22.94,23.09,328219
2016-12-21,23.19,23.97,23.19,23.75,381679
2016-12-22,23.81,23.93,23.5,23.77,425875
2016-12-23,23.83,23.91,23.43,23.64,269423
2016-12-27,23.67,23.67,23.07,23.36,328233
2016-12-28,23.39,23.39,23.05,23.19,188984
2016-12-29,23.27,23.3,23.03,23.13,295120
2016-12-30,23.24,23.46,23.12,23.19,437477
2017-01-03,23.36,23.87,23.28,23.85,501748
2017-01-04,23.96,24.46,23.86,24.41,745999
2017-01-05,24.47,24.67,23.76,23.88,490524
2017-01-06,23.93,24.03,23.58,23.93,447008
2017-01-09,24.03,24.04,23.32,23.34,376860
2017-01-10,23.39,23.59,22.92,23.5,414991
2017-01-11,23.43,23.77,23.22,23.56,592350
2017-01-12,23.55,23.55,22.94,23.01,290722
2017-01-13,23.05,23.4,22.93,23.03,315936
2017-01-17,22.98,23.19,22.98,23.17,191349
2017-01-18,23.22,23.47,22.79,22.81,419576
2017-01-19,22.91,23.1,22.57,22.62,303929
2017-01-20,22.6,23.01,22.6,22.87,189422
2017-01-23,22.77,22.97,22.69,22.93,214677
2017-01-24,23.1,23.79,23.1,23.6,342783
2017-01-25,23.61,23.84,23.53,23.73,523869
2017-01-26,23.61,23.96,23.52,23.69,623945
2017-01-27,23.96,24.07,23.68,23.69,525257
2017-01-30,23.59,23.75,23.46,23.6,181213
2017-01-31,23.54,23.55,23.14,23.48,269539
2017-02-01,23.6,23.92,23.41,23.53,385143
2017-02-02,23.5,23.68,23.34,23.61,247734
2017-02-03,23.71,24.0,23.47,23.73,423438
2017-02-06,23.59,23.8,23.49,23.73,163487
2017-02-07,23.74,23.91,23.29,23.47,424928
2017-02-08,23.41,23.41,23.0,23.23,259595
2017-02-09,23.17,23.85,23.17,23.58,543490
2017-02-10,23.68,23.76,23.58,23.66,187943
2017-02-13,24.06,24.11,23.77,23.83,217811
2017-02-14,23.78,23.86,23.65,23.77,155886
2017-02-15,23.68,24.09,23.59,24.03,221868
2017-02-16,24.14,24.14,23.28,23.5,302765
2017-02-17,23.53,23.56,23.24,23.37,271547
2017-02-21,23.49,23.65,23.23,23.38,238266
2017-02-22,23.32,23.44,22.97,22.98,421257
2017-02-23,22.93,23.11,22.27,22.68,616973
2017-02-24,22.49,22.7,22.28,22.34,211312
2017-02-27,22.33,22.42,21.93,22.1,692073
2017-02-28,22.03,22.27,21.79,21.97,1062918
2017-03-01,22.1,22.17,21.85,22.12,446585
2017-03-02,22.05,22.3,22.01,22.09,268028
2017-03-03,22.07,22.36,22.01,22.34,306186
2017-03-06,22.11,22.54,22.11,22.35,728188
2017-03-07,22.21,22.36,21.92,22.01,542932
2017-03-08,21.25,22.0,20.87,21.27,2127932
2017-03-09,21.27,21.56,20.99,21.17,926904
2017-03-10,21.39,21.81,21.29,21.73,421994
2017-03-13,21.63,21.9,21.48,21.7,251461
2017-03-14,21.55,21.67,21.28,21.67,220008
2017-03-15,21.69,22.01,21.68,21.95,303475
2017-03-16,21.96,22.01,21.8,21.85,311693
2017-03-17,21.8,22.24,21.77,22.19,875142
2017-03-20,22.22,22.26,21.97,22.19,334386
2017-03-21,22.27,22.3,21.6,21.63,703456
2017-03-22,21.64,21.83,21.25,21.44,438209
2017-03-23,21.42,21.66,21.36,21.41,510768
2017-03-24,21.47,21.62,21.38,21.43,503094
2017-03-27,21.24,22.14,21.07,22.0,565647
2017-03-28,21.92,22.39,21.92,22.28,666189
2017-03-29,22.29,22.91,22.29,22.57,698991
2017-03-30,22.57,22.67,22.29,22.48,1150957
2017-03-31,22.46,22.57,22.07,22.18,1248583
2017-04-03,22.19,22.68,21.77,21.99,527580
2017-04-04,21.89,22.08,21.71,22.0,404596
2017-04-05,22.03,22.34,21.94,22.0,318023
2017-04-06,22.04,22.39,21.85,22.33,278725
2017-04-07,22.31,22.41,22.23,22.27,195739
2017-04-10,22.34,22.57,22.29,22.38,199618
2017-04-11,22.36,22.8,22.21,22.56,210155
2017-04-12,22.53,22.66,22.31,22.47,171448
2017-04-13,22.44,22.61,22.23,22.35,231176
2017-04-17,22.39,22.71,22.36,22.43,257943
2017-04-18,22.38,22.64,22.11,22.34,480541
2017-04-19,22.43,22.57,22.11,22.49,751275
2017-04-20,22.53,23.07,22.53,22.99,589871
2017-04-21,22.98,23.11,22.82,22.96,217625
2017-04-24,23.27,23.27,22.87,22.9,278878
2017-04-25,23.05,23.31,22.93,22.97,354995
2017-04-26,23.02,23.46,22.94,23.08,1111303
2017-04-27,23.12,23.95,22.91,23.64,1409228
2017-04-28,23.68,23.87,23.35,23.38,650252
2017-05-01,23.33,23.38,23.04,23.09,515239
2017-05-02,23.17,23.53,22.9,23.0,529631
2017-05-03,22.97,23.25,22.85,23.14,1615777
2017-05-04,23.2,23.23,22.76,22.84,623319
2017-05-05,22.5,23.19,22.01,22.83,1928204
2017-05-08,22.73,22.73,22.34,22.51,808913
2017-05-09,22.53,22.97,22.53,22.92,731163
2017-05-10,22.89,23.5,22.88,23.33,906100
2017-05-11,23.2,23.54,22.97,23.38,918548
2017-05-12,23.2,24.12,23.17,24.03,2402632
2017-05-15,24.26,24.32,23.97,24.01,556590
2017-05-16,23.97,24.45,23.74,24.32,548915
2017-05-17,24.08,24.09,23.59,23.6,732206
2017-05-18,23.62,23.77,23.47,23.59,500517
2017-05-19,23.61,24.0,23.61,23.73,415334
2017-05-22,23.79,24.02,23.67,23.73,517854
2017-05-23,23.8,23.91,23.67,23.69,779009
2017-05-24,23.78,23.78,23.46,23.64,448988
2017-05-25,23.58,23.73,23.1,23.54,1131410
2017-05-26,23.51,23.79,23.45,23.75,521780
2017-05-30,23.71,23.78,23.49,23.55,341954
2017-05-31,23.6,23.69,23.4,23.64,725797
2017-06-01,23.69,24.01,23.64,23.8,669365
2017-06-02,23.73,23.97,23.42,23.57,772967
2017-06-05,23.58,23.76,23.47,23.7,758766
2017-06-06,23.6,24.12,23.54,23.9,1110010
2017-06-07,23.93,24.28,23.75,24.2,1107583
2017-06-08,24.21,24.25,24.0,24.15,588084
2017-06-09,24.21,24.24,23.67,23.76,740937
2017-06-12,23.75,24.01,23.53,23.79,534336
2017-06-13,23.83,24.52,23.83,24.4,866559
2017-06-14,24.4,24.54,23.94,24.05,498903
2017-06-15,23.89,24.14,23.54,23.77,421427
2017-06-16,23.67,23.96,23.6,23.92,1016404
2017-06-19,24.0,24.5,23.93,24.3,627788
2017-06-20,24.21,24.25,23.68,23.75,395710
2017-06-21,23.84,23.86,23.26,23.3,780434
2017-06-22,23.38,23.52,23.04,23.33,954822
2017-06-23,23.33,24.07,23.16,24.0,5667111
2017-06-26,24.0,24.27,23.73,23.87,604197
2017-06-27,23.86,23.94,23.48,23.56,565234
2017-06-28,23.62,23.91,23.56,23.77,763912
2017-06-29,23.84,23.84,23.29,23.51,541789
2017-06-30,23.5,23.73,23.31,23.55,459836
2017-07-03,23.61,23.72,23.19,23.41,266798
2017-07-05,23.25,23.56,22.82,23.12,1208905
2017-07-06,23.05,23.2,22.94,23.09,537699
2017-07-07,23.13,23.63,23.07,23.47,522782
2017-07-10,23.41,24.03,23.29,23.78,799560
2017-07-11,23.78,24.1,23.67,24.01,474594
2017-07-12,24.17,24.38,23.98,24.19,576884
2017-07-13,24.22,24.25,23.65,23.98,572098
2017-07-14,24.0,24.22,23.79,23.97,248462
2017-07-17,23.95,24.04,23.56,23.58,297167
2017-07-18,23.51,23.82,23.45,23.78,824491
2017-07-19,23.89,23.96,23.75,23.86,1726055
2017-07-20,23.98,24.38,23.98,24.06,1174912
2017-07-21,24.19,24.37,23.93,23.94,561811
2017-07-24,23.96,24.62,23.96,24.51,529040
2017-07-25,24.6,24.94,24.56,24.72,952478
2017-07-26,24.69,24.83,24.38,24.73,442424
2017-07-27,24.78,24.83,24.26,24.38,535089
2017-07-28,24.28,24.76,23.86,24.01,1088967
2017-07-31,24.09,24.33,23.61,23.9,700052
2017-08-01,24.03,24.17,23.76,23.89,317446
