Date,Open,High,Low,Close,Volume
2003-03-19,50.0,50.0,50.0,50.0,125
2003-03-20,50.0,50.0,50.0,50.0,425
2003-03-25,50.0,58.0,50.0,58.0,24975
2003-04-02,52.24,52.24,50.0,50.0,1025
2003-04-08,52.0,52.0,52.0,52.0,50
2003-04-14,56.0,56.0,56.0,56.0,50
2003-04-15,48.56,48.56,48.56,48.56,1100
2003-04-16,52.4,52.4,52.4,52.4,5000
2003-04-17,56.4,58.0,52.0,52.0,7400
2003-04-22,57.0,57.0,57.0,57.0,100
2003-04-25,58.0,58.0,58.0,58.0,25
2003-05-01,52.0,52.0,52.0,52.0,525
2003-05-05,52.0,52.0,52.0,52.0,375
2003-05-09,52.4,53.0,52.0,53.0,1075
2003-05-12,54.0,55.0,52.0,55.0,5575
2003-05-13,55.0,55.0,55.0,55.0,100
2003-05-14,58.0,58.0,58.0,58.0,50
2003-05-15,58.0,58.0,58.0,58.0,50
2003-05-16,54.0,54.0,54.0,54.0,450
2003-05-23,54.0,54.0,54.0,54.0,375
2003-05-30,58.0,58.0,58.0,58.0,125
2003-06-09,56.0,56.0,52.4,54.0,500
2003-06-17,56.0,56.0,54.04,56.0,1625
2003-06-19,60.0,60.0,60.0,60.0,500
2003-06-20,60.0,60.0,60.0,60.0,250
2003-06-24,60.0,70.0,60.0,70.0,400
2003-06-26,66.0,66.0,66.0,66.0,150
2003-07-01,66.0,66.0,66.0,66.0,2500
2003-07-02,70.0,70.0,70.0,70.0,250
2003-07-08,68.0,68.0,68.0,68.0,75
2003-07-10,70.0,71.0,70.0,71.0,100
2003-07-22,74.0,74.0,74.0,74.0,300
2003-07-24,74.0,76.0,74.0,76.0,100
2003-08-05,72.0,72.0,72.0,72.0,0
2003-08-06,74.0,74.0,74.0,74.0,25
2003-08-07,72.0,72.0,72.0,72.0,0
2003-08-11,72.0,72.0,72.0,72.0,0
2003-08-12,72.0,72.0,72.0,72.0,0
2003-08-13,72.0,72.0,72.0,72.0,0
2003-08-14,72.0,72.0,72.0,72.0,75
2003-08-15,76.0,76.0,76.0,76.0,75
2003-08-19,72.0,72.0,72.0,72.0,0
2003-08-20,72.0,72.0,72.0,72.0,0
2003-08-21,72.0,72.0,72.0,72.0,0
2003-08-22,72.0,72.0,72.0,72.0,0
2003-08-26,72.0,72.0,72.0,72.0,50
2003-08-27,70.0,70.0,70.0,70.0,0
2003-08-28,70.0,70.0,70.0,70.0,0
2003-08-29,70.0,70.0,70.0,70.0,0
2003-09-02,70.0,70.0,70.0,70.0,0
2003-09-03,70.0,72.0,70.0,72.0,275
2003-09-04,70.0,70.0,70.0,70.0,0
2003-09-05,70.0,70.0,70.0,70.0,0
2003-09-08,68.2,68.2,68.2,68.2,50
2003-09-09,70.0,74.0,70.0,72.0,450
2003-09-12,76.0,76.0,76.0,76.0,375
2003-09-18,72.0,75.0,72.0,75.0,500
2003-09-29,71.4,71.4,71.4,71.4,50
2003-10-06,72.0,72.0,72.0,72.0,125
2003-10-09,72.0,72.0,72.0,72.0,0
2003-10-10,72.0,72.0,72.0,72.0,0
2003-10-13,72.0,72.0,72.0,72.0,0
2003-10-14,72.0,72.0,72.0,72.0,0
2003-10-15,72.0,72.0,72.0,72.0,0
2003-10-16,72.0,72.0,72.0,72.0,0
2003-10-17,76.0,76.0,76.0,76.0,0
2003-10-20,76.44,76.44,76.44,76.44,0
2003-10-21,76.44,76.44,76.44,76.44,0
2003-10-22,76.44,76.44,76.44,76.44,0
2003-10-23,76.44,76.44,76.44,76.44,0
2003-10-24,88.0,88.0,88.0,88.0,50
2003-10-27,78.0,78.0,78.0,78.0,0
2003-10-28,78.0,78.0,78.0,78.0,0
2003-10-29,78.4,78.4,78.4,78.4,25
2003-10-30,78.0,78.0,78.0,78.0,0
2003-10-31,84.0,84.0,84.0,84.0,400
2003-11-03,80.8,80.8,80.8,80.8,0
2003-11-04,81.0,81.0,81.0,81.0,0
2003-11-05,81.2,81.2,81.2,81.2,100
2003-11-06,84.4,87.0,84.4,87.0,612
2003-11-07,89.0,89.0,89.0,89.0,50
2003-11-10,92.0,92.0,92.0,92.0,50
2003-11-11,91.0,91.0,91.0,91.0,0
2003-11-12,92.0,93.0,86.0,86.0,650
2003-11-13,86.0,86.0,86.0,86.0,0
2003-11-14,86.0,86.0,86.0,86.0,0
2003-11-17,86.0,86.0,86.0,86.0,0
2003-11-18,86.0,86.0,86.0,86.0,0
2003-11-19,86.0,86.0,86.0,86.0,0
2003-11-20,86.0,86.0,86.0,86.0,0
2003-11-21,86.0,86.0,86.0,86.0,0
2003-11-24,86.0,86.0,86.0,86.0,0
2003-11-25,86.0,86.0,86.0,86.0,0
2003-11-26,86.0,86.0,86.0,86.0,0
2003-11-28,86.0,86.0,86.0,86.0,0
2003-12-01,86.2,86.2,86.2,86.2,0
2003-12-02,86.28,86.28,86.28,86.28,375
2003-12-03,86.2,86.2,86.2,86.2,0
2003-12-04,86.4,86.4,86.4,86.4,0
2003-12-05,90.0,90.0,86.8,86.8,5100
2003-12-08,87.0,87.0,87.0,87.0,0
2003-12-09,87.08,87.08,87.08,87.08,500
2003-12-10,87.0,87.0,87.0,87.0,0
2003-12-11,88.0,88.0,88.0,88.0,50
2003-12-12,87.2,87.2,87.2,87.2,0
2003-12-15,87.2,87.2,87.2,87.2,0
2003-12-16,87.2,87.2,87.2,87.2,0
2003-12-17,87.2,87.2,87.2,87.2,0
2003-12-18,87.2,87.2,87.2,87.2,0
2003-12-19,87.2,87.2,87.2,87.2,0
2003-12-22,87.2,87.2,87.2,87.2,0
2003-12-23,87.2,87.2,87.2,87.2,0
2003-12-24,87.2,87.2,87.2,87.2,0
2003-12-26,87.2,87.2,87.2,87.2,0
2003-12-29,87.2,87.2,87.2,87.2,0
2003-12-30,87.2,87.2,87.2,87.2,0
2003-12-31,87.2,87.2,87.2,87.2,0
2004-01-02,87.2,87.2,87.2,87.2,0
2004-01-05,90.0,90.0,90.0,90.0,35
2004-01-06,87.2,87.2,87.2,87.2,51
2004-01-07,87.2,87.2,87.2,87.2,0
2004-01-08,87.4,87.4,87.4,87.4,0
2004-01-09,88.0,88.0,88.0,88.0,188
2004-01-12,87.4,88.0,84.0,84.0,409
2004-01-13,86.0,86.0,86.0,86.0,50
2004-01-14,84.0,84.0,84.0,84.0,350
2004-01-15,84.0,84.0,84.0,84.0,0
2004-01-16,84.0,84.0,84.0,84.0,0
2004-01-20,84.0,84.0,84.0,84.0,0
2004-01-21,86.0,88.0,86.0,88.0,225
2004-01-22,86.0,86.0,86.0,86.0,0
2004-01-23,86.0,86.0,86.0,86.0,125
2004-01-26,86.0,86.0,86.0,86.0,0
2004-01-27,86.0,86.0,82.0,82.0,3075
2004-01-28,86.0,86.0,86.0,86.0,38
2004-01-29,82.4,82.4,82.4,82.4,250
2004-01-30,82.4,82.4,82.4,82.4,0
2004-02-02,82.12,82.12,82.12,82.12,0
2004-02-03,82.12,82.12,82.12,82.12,0
2004-02-04,82.12,82.12,82.12,82.12,0
2004-02-05,82.12,82.12,82.12,82.12,0
2004-02-06,82.12,82.12,82.12,82.12,0
2004-02-09,82.12,82.12,82.12,82.12,0
2004-02-10,82.12,82.12,82.12,82.12,0
2004-02-11,82.12,82.12,82.12,82.12,0
2004-02-12,83.96,83.96,83.96,83.96,125
2004-02-13,86.0,86.0,86.0,86.0,329
2004-02-17,84.0,84.0,84.0,84.0,0
2004-02-18,88.0,88.0,88.0,88.0,2750
2004-02-19,87.0,87.0,87.0,87.0,42
2004-02-20,84.0,84.0,84.0,84.0,0
2004-02-23,88.0,88.0,87.0,87.0,75
2004-02-24,87.0,87.0,87.0,87.0,50
2004-02-25,86.0,86.0,86.0,86.0,0
2004-02-26,86.0,86.0,86.0,86.0,0
2004-02-27,86.0,86.0,86.0,86.0,0
2004-03-01,87.0,87.0,80.0,87.0,5325
2004-03-02,87.0,87.0,87.0,87.0,84
2004-03-03,88.0,88.0,88.0,88.0,0
2004-03-04,88.0,88.0,88.0,88.0,0
2004-03-05,88.0,88.0,88.0,88.0,0
2004-03-08,88.0,88.0,88.0,88.0,0
2004-03-09,88.0,88.0,88.0,88.0,0
2004-03-10,88.0,88.0,88.0,88.0,50
2004-03-11,84.4,84.4,84.4,84.4,0
2004-03-12,84.4,84.4,84.4,84.4,0
2004-03-15,84.4,84.4,84.4,84.4,0
2004-03-16,84.4,84.4,84.4,84.4,0
2004-03-17,84.4,84.4,84.4,84.4,0
2004-03-18,98.0,100.0,98.0,100.0,125
2004-03-19,92.0,92.0,92.0,92.0,0
2004-03-22,90.0,90.0,90.0,90.0,0
2004-03-23,90.0,90.0,90.0,90.0,0
2004-03-24,90.0,90.0,90.0,90.0,0
2004-03-25,91.0,91.0,91.0,91.0,0
2004-03-26,100.0,100.0,100.0,100.0,375
2004-03-29,90.0,90.0,90.0,90.0,0
2004-03-30,90.0,90.0,90.0,90.0,0
2004-03-31,90.0,90.0,90.0,90.0,276
2004-04-01,100.0,100.0,100.0,100.0,275
2004-04-02,90.0,90.0,90.0,90.0,0
2004-04-05,90.0,90.0,90.0,90.0,0
2004-04-06,96.0,96.0,96.0,96.0,275
2004-04-07,96.0,96.0,96.0,96.0,0
2004-04-08,96.0,96.0,96.0,96.0,0
2004-04-12,96.0,96.0,96.0,96.0,0
2004-04-13,96.0,100.8,94.0,94.0,1250
2004-04-15,96.0,108.0,96.0,100.0,275
2004-04-16,102.0,102.0,102.0,102.0,1000
2004-04-19,111.0,111.0,111.0,111.0,250
2004-04-20,98.0,98.0,98.0,98.0,0
2004-04-22,98.0,98.0,98.0,98.0,0
2004-04-23,99.0,99.0,99.0,99.0,0
2004-04-26,105.0,105.0,105.0,105.0,31
2004-04-27,99.0,99.0,99.0,99.0,0
2004-04-28,99.0,99.0,99.0,99.0,0
2004-04-29,99.0,99.0,99.0,99.0,0
2004-04-30,99.0,99.0,99.0,99.0,0
2004-05-03,99.0,99.0,99.0,99.0,0
2004-05-04,99.0,99.0,99.0,99.0,0
2004-05-05,99.0,99.0,99.0,99.0,0
2004-05-06,99.0,99.0,99.0,99.0,0
2004-05-07,99.0,99.0,99.0,99.0,0
2004-05-10,100.0,100.0,99.0,100.0,812
2004-05-11,101.0,101.0,101.0,101.0,50
2004-05-12,98.0,98.0,98.0,98.0,38
2004-05-13,104.8,104.8,104.8,104.8,50
2004-05-14,104.8,104.8,104.8,104.8,100
2004-05-17,104.4,104.4,104.0,104.0,500
2004-05-18,96.0,96.0,96.0,96.0,0
2004-05-19,96.0,96.0,96.0,96.0,0
2004-05-20,96.0,96.0,96.0,96.0,0
2004-05-21,96.0,96.0,96.0,96.0,0
2004-05-24,96.0,96.0,96.0,96.0,0
2004-05-25,96.0,96.0,96.0,96.0,0
2004-05-26,96.0,96.0,96.0,96.0,0
2004-05-27,96.0,96.0,96.0,96.0,0
2004-05-28,96.0,96.0,96.0,96.0,0
2004-06-01,96.0,96.0,96.0,96.0,0
2004-06-02,96.0,96.0,96.0,96.0,0
2004-06-03,94.0,94.0,94.0,94.0,0
2004-06-04,94.0,94.0,94.0,94.0,0
2004-06-07,94.0,94.0,94.0,94.0,0
2004-06-08,94.0,94.0,94.0,94.0,0
2004-06-09,94.0,94.0,94.0,94.0,0
2004-06-10,94.04,94.04,94.04,94.04,50
2004-06-14,94.0,94.0,94.0,94.0,0
2004-06-15,94.0,94.0,94.0,94.0,0
2004-06-16,94.0,94.0,94.0,94.0,0
2004-06-17,94.0,94.0,94.0,94.0,0
2004-06-18,94.0,94.0,90.0,90.0,625
2004-06-21,90.0,90.0,89.96,90.0,725
2004-06-22,92.0,95.2,92.0,94.0,488
2004-06-23,95.2,95.2,95.2,95.2,25
2004-06-24,95.2,95.2,95.2,95.2,0
2004-06-25,95.2,95.2,95.2,95.2,0
2004-06-28,95.4,95.4,95.4,95.4,0
2004-06-29,95.4,95.4,95.4,95.4,0
2004-06-30,95.4,95.4,95.4,95.4,0
2004-07-01,95.4,95.4,95.4,95.4,0
2004-07-02,100.0,100.0,100.0,100.0,600
2004-07-06,95.4,95.4,95.4,95.4,0
2004-07-07,95.4,95.4,95.4,95.4,0
2004-07-08,95.4,95.4,95.4,95.4,0
2004-07-09,95.4,95.4,95.4,95.4,0
2004-07-12,95.4,95.4,95.4,95.4,0
2004-07-13,95.4,95.4,95.4,95.4,0
2004-07-14,95.4,95.4,95.4,95.4,0
2004-07-15,95.4,95.4,95.4,95.4,0
2004-07-16,95.4,95.4,95.4,95.4,0
2004-07-19,95.4,95.4,95.4,95.4,0
2004-07-20,95.4,95.4,95.4,95.4,0
2004-07-21,95.4,95.4,95.4,95.4,0
2004-07-22,95.4,95.4,95.4,95.4,0
2004-07-23,100.8,103.0,100.8,103.0,224
2004-07-26,105.0,105.0,104.0,104.0,475
2004-07-27,104.0,104.0,104.0,104.0,0
2004-07-28,104.0,104.0,104.0,104.0,0
2004-07-29,105.0,105.0,105.0,105.0,75
2004-07-30,106.0,106.0,106.0,106.0,0
2004-08-02,106.0,106.0,106.0,106.0,125
2004-08-03,106.8,112.0,106.8,112.0,125
2004-08-04,120.0,120.0,120.0,120.0,25
2004-08-05,107.6,107.6,107.6,107.6,0
2004-08-06,110.0,110.0,106.6,106.6,375
2004-08-09,106.6,106.6,106.6,106.6,88
2004-08-10,106.6,106.6,106.6,106.6,0
2004-08-11,106.6,106.6,106.6,106.6,0
2004-08-12,106.6,106.6,106.6,106.6,0
2004-08-13,106.6,106.6,106.6,106.6,0
2004-08-16,106.6,106.6,106.6,106.6,0
2004-08-17,106.6,106.6,106.6,106.6,0
2004-08-18,106.6,106.6,106.6,106.6,0
2004-08-19,106.6,106.6,106.6,106.6,0
2004-08-20,106.6,106.6,106.6,106.6,0
2004-08-23,106.6,106.6,106.6,106.6,0
2004-08-24,106.6,106.6,106.6,106.6,0
2004-08-25,106.6,106.6,106.6,106.6,0
2004-08-26,106.6,106.6,106.6,106.6,0
2004-08-27,108.0,108.0,108.0,108.0,25
2004-08-30,106.6,106.6,106.6,106.6,0
2004-09-23,60.0,60.0,60.0,60.0,325
2004-09-27,56.0,56.0,56.0,56.0,200
2004-10-01,66.0,68.8,66.0,68.8,250
2004-10-04,60.0,60.0,58.0,60.0,225
2004-10-05,56.0,56.0,56.0,56.0,50
2004-10-06,60.0,60.0,60.0,60.0,150
2004-10-13,60.0,60.0,60.0,60.0,100
2004-10-14,56.0,57.0,56.0,56.0,500
2004-10-15,59.0,61.0,59.0,60.0,3092
2004-10-18,60.0,60.0,60.0,60.0,5250
2004-10-19,60.0,62.0,60.0,61.0,5110
2004-10-20,64.0,68.0,64.0,68.0,250
2004-10-26,68.0,68.0,68.0,68.0,150
2004-10-27,66.0,68.0,66.0,68.0,100
2004-10-29,68.0,68.0,66.0,66.0,375
2004-11-03,67.8,67.8,65.0,65.6,150
2004-11-05,62.0,62.0,61.0,62.0,2350
2004-11-10,67.0,67.8,62.0,62.0,288
2004-11-12,62.0,62.0,62.0,62.0,488
2004-11-18,64.0,64.0,64.0,64.0,50
2004-11-22,62.0,62.0,59.0,60.0,700
2004-11-24,62.0,62.0,62.0,62.0,250
2004-11-29,62.0,62.0,62.0,62.0,175
2004-12-01,62.0,62.0,62.0,62.0,75
2004-12-03,64.0,64.0,62.0,62.0,1300
2004-12-06,61.2,61.2,61.2,61.2,126
2004-12-07,61.2,61.2,60.4,60.4,1575
2004-12-08,61.0,61.0,61.0,61.0,325
2004-12-14,62.0,63.6,62.0,63.0,4871
2004-12-22,63.0,63.0,63.0,63.0,50
2004-12-29,63.0,63.8,62.0,63.4,750
2005-01-04,64.0,64.0,64.0,64.0,250
2005-01-05,64.0,64.0,64.0,64.0,400
2005-01-06,64.0,64.0,64.0,64.0,600
2005-01-10,66.0,68.0,66.0,68.0,100
2005-01-13,68.0,68.0,68.0,68.0,125
2005-01-14,65.2,65.2,65.2,65.2,250
2005-01-18,68.0,68.0,68.0,68.0,75
2005-01-19,68.0,69.4,68.0,68.0,3975
2005-01-20,69.2,69.2,67.2,67.2,1125
2005-01-21,67.6,68.0,67.6,68.0,225
2005-01-24,68.0,68.0,68.0,68.0,750
2005-01-27,69.0,69.0,69.0,69.0,50
2005-01-28,69.4,71.96,69.4,71.96,100
2005-02-01,72.0,72.0,72.0,72.0,625
2005-02-04,72.0,72.0,72.0,72.0,54
2005-02-07,72.0,72.0,72.0,72.0,153
2005-02-08,69.0,73.96,69.0,73.96,1625
2005-02-10,73.0,73.8,73.0,73.8,425
2005-02-11,73.4,73.4,73.4,73.4,125
2005-02-15,73.8,73.92,73.8,73.92,618
2005-02-18,73.8,73.8,73.8,73.8,25
2005-02-22,73.2,73.2,73.0,73.0,400
2005-02-23,73.2,73.6,73.2,73.6,675
2005-02-24,73.8,74.0,73.8,74.0,175
2005-02-28,73.96,74.0,73.96,74.0,238
2005-03-01,74.0,74.0,73.8,73.8,347
2005-03-03,73.0,73.0,73.0,73.0,500
2005-03-04,73.8,73.8,73.8,73.8,100
2005-03-07,73.4,73.4,73.0,73.0,225
2005-03-09,73.0,73.0,73.0,73.0,200
2005-03-11,73.4,73.4,73.4,73.4,400
2005-03-14,72.8,72.8,72.0,72.0,200
2005-03-16,71.0,71.0,68.8,69.0,425
2005-03-18,70.0,70.0,70.0,70.0,55
2005-03-22,67.0,67.0,67.0,67.0,200
2005-03-23,69.0,69.0,69.0,69.0,50
2005-03-29,69.0,69.0,69.0,69.0,738
2005-03-31,69.0,69.0,68.0,68.0,162
2005-04-01,68.4,68.4,68.2,68.2,979
2005-04-04,67.6,67.6,67.6,67.6,38
2005-04-07,67.4,67.4,67.4,67.4,500
2005-04-08,68.96,68.96,68.96,68.96,50
2005-04-11,69.0,69.0,67.6,67.6,255
2005-04-15,68.2,69.2,68.04,68.04,3162
2005-04-18,68.04,68.04,68.0,68.0,525
2005-04-19,68.0,68.0,68.0,68.0,75
2005-04-20,68.0,68.0,68.0,68.0,25
2005-04-21,68.0,68.0,68.0,68.0,575
2005-04-22,68.0,68.0,68.0,68.0,600
2005-04-26,69.0,69.2,69.0,69.2,450
2005-04-29,68.6,68.6,68.6,68.6,384
2005-05-02,68.8,68.8,68.8,68.8,50
2005-05-03,69.6,69.6,69.2,69.2,425
2005-05-09,69.6,69.6,69.2,69.2,87
2005-05-10,69.2,70.0,69.2,70.0,4575
2005-05-11,69.0,69.0,69.0,69.0,2571
2005-05-12,69.6,70.0,69.0,69.0,460
2005-05-13,68.4,68.4,68.4,68.4,650
2005-05-17,69.6,71.0,69.6,71.0,2755
2005-05-18,72.0,72.0,72.0,72.0,125
2005-05-20,73.0,73.0,73.0,73.0,800
2005-05-23,72.0,72.0,70.0,70.0,2995
2005-05-24,72.0,72.0,72.0,72.0,100
2005-05-25,71.2,74.0,69.6,74.0,4675
2005-05-26,70.0,71.0,70.0,71.0,1050
2005-06-01,72.0,72.0,72.0,72.0,78
2005-06-02,70.0,70.0,70.0,70.0,124
2005-06-03,70.2,70.2,70.2,70.2,25
2005-06-07,69.6,69.6,69.6,69.6,100
2005-06-08,70.0,71.4,70.0,71.4,3000
2005-06-14,71.8,72.0,71.0,72.0,599
2005-06-15,72.0,72.0,72.0,72.0,468
2005-06-21,70.4,72.0,70.4,72.0,1375
2005-06-22,72.0,72.0,72.0,72.0,1525
2005-06-24,72.0,72.0,72.0,72.0,50
2005-06-27,72.0,72.0,72.0,72.0,25
2005-06-30,72.0,72.0,72.0,72.0,25
2005-07-01,70.4,72.0,70.4,72.0,181
2005-07-05,71.2,71.2,71.2,71.2,125
2005-07-11,72.0,72.0,72.0,72.0,40
2005-07-13,72.0,72.0,72.0,72.0,75
2005-07-18,72.0,72.0,71.0,72.0,2075
2005-07-19,71.0,71.0,71.0,71.0,77
2005-07-20,71.6,71.6,71.6,71.6,75
2005-07-21,71.96,72.0,71.96,72.0,905
2005-07-22,72.6,72.6,72.6,72.6,75
2005-07-25,72.6,73.2,72.6,73.2,975
2005-07-26,74.0,74.0,74.0,74.0,512
2005-07-27,72.0,74.0,72.0,74.0,1368
2005-07-29,72.0,72.0,72.0,72.0,73
2005-08-03,72.0,72.0,72.0,72.0,250
2005-08-05,72.2,72.8,72.2,72.8,132
2005-08-08,73.0,73.0,73.0,73.0,282
2005-08-11,72.0,72.0,72.0,72.0,1000
2005-08-12,74.0,74.0,74.0,74.0,125
2005-08-16,73.2,73.2,73.2,73.2,25
2005-08-22,75.8,80.0,75.8,80.0,466
2005-08-24,75.6,80.0,75.6,80.0,3231
2005-08-26,79.8,79.8,79.8,79.8,50
2005-09-01,78.0,78.0,74.0,78.0,178
2005-09-06,80.2,80.2,80.2,80.2,54
2005-09-07,80.2,80.2,80.2,80.2,50
2005-09-08,80.2,80.2,80.2,80.2,75
2005-09-09,82.0,82.0,82.0,82.0,75
2005-09-12,81.0,81.0,80.0,81.0,10346
2005-09-13,81.0,81.0,81.0,81.0,200
2005-09-16,81.0,81.0,81.0,81.0,125
2005-09-19,81.0,81.0,81.0,81.0,109
2005-09-20,81.0,81.0,81.0,81.0,25
2005-09-22,81.0,82.0,81.0,82.0,250
2005-09-23,78.0,78.0,78.0,78.0,125
2005-09-27,78.0,78.0,78.0,78.0,25
2005-09-29,79.0,79.0,79.0,79.0,125
2005-10-03,81.0,84.0,78.0,78.0,184
2005-10-04,82.0,82.0,81.0,81.0,100
2005-10-12,78.0,78.0,78.0,78.0,400
2005-10-13,79.0,79.0,79.0,79.0,350
2005-10-14,80.0,80.0,80.0,80.0,2500
2005-10-17,80.0,80.0,78.0,78.0,425
2005-10-20,79.0,79.0,79.0,79.0,88
2005-10-26,80.0,80.0,80.0,80.0,350
2005-10-27,80.0,80.0,80.0,80.0,104
2005-10-28,82.0,84.0,82.0,82.0,131
2005-10-31,84.0,84.0,84.0,84.0,500
2005-11-01,84.0,84.0,84.0,84.0,74
2005-11-02,80.2,81.0,79.0,80.0,4750
2005-11-03,80.2,82.0,80.2,82.0,1399
2005-11-07,81.0,81.0,81.0,81.0,1325
2005-11-09,82.0,82.0,81.0,81.4,980
2005-11-10,81.0,81.0,81.0,81.0,50
2005-11-11,81.0,81.0,81.0,81.0,250
2005-11-14,82.0,82.0,82.0,82.0,2500
2005-11-21,81.0,81.0,81.0,81.0,1325
2005-11-23,82.0,84.0,82.0,84.0,246
2005-11-25,82.0,82.0,82.0,82.0,216
2005-11-28,88.0,92.0,88.0,92.0,150
2005-11-29,95.0,95.0,92.0,94.0,250
2005-11-30,95.0,95.0,95.0,95.0,182
2005-12-01,95.0,95.0,95.0,95.0,25
2005-12-02,92.0,92.88,92.0,92.88,3625
2005-12-05,95.0,99.96,95.0,99.96,125
2005-12-06,94.6,94.6,92.0,92.0,125
2005-12-12,96.0,96.0,91.8,92.4,6494
2005-12-13,92.44,92.44,92.0,92.0,6775
2005-12-14,91.0,92.0,90.2,92.0,150
2005-12-15,96.0,96.0,92.0,92.0,1300
2005-12-19,92.0,93.0,92.0,93.0,3675
2005-12-20,92.0,93.0,92.0,93.0,3250
2005-12-27,93.0,94.8,93.0,94.8,625
2005-12-28,94.8,96.6,94.8,96.6,175
2005-12-29,97.6,97.6,97.6,97.6,138
2005-12-30,93.0,97.6,93.0,93.0,925
2006-01-03,97.6,97.6,97.6,97.6,1000
2006-01-04,94.0,94.8,94.0,94.8,3000
2006-01-05,96.0,98.0,96.0,96.0,538
2006-01-09,100.0,100.0,100.0,100.0,49
2006-01-10,100.0,105.4,100.0,102.0,219
2006-01-11,105.4,107.0,104.0,104.0,675
2006-01-12,105.2,105.2,104.0,104.0,1025
2006-01-13,104.0,104.4,102.4,102.4,125
2006-01-17,103.0,103.0,103.0,103.0,50
2006-01-18,103.0,103.0,103.0,103.0,75
2006-01-19,105.0,105.0,104.4,104.4,300
2006-01-20,104.4,104.4,104.4,104.4,25
2006-01-27,103.4,103.4,103.4,103.4,112
2006-01-30,103.4,103.4,103.4,103.4,250
2006-02-03,103.8,104.0,103.8,104.0,212
2006-02-06,103.8,103.8,103.8,103.8,250
2006-02-07,104.0,105.0,104.0,104.4,4594
2006-02-08,104.8,104.8,104.4,104.4,194
2006-02-09,104.0,104.8,103.8,104.6,3106
2006-02-10,104.8,109.0,104.6,104.6,1004
2006-02-13,109.0,109.0,109.0,109.0,272
2006-02-14,104.2,104.4,104.2,104.2,1388
2006-02-15,104.8,106.0,104.8,104.8,5147
2006-02-21,104.4,106.0,104.4,105.2,1000
2006-02-28,104.4,104.8,104.0,104.0,422
2006-03-01,106.0,106.0,106.0,106.0,25
2006-03-02,105.0,105.0,104.4,104.4,1068
2006-03-07,104.0,106.0,104.0,104.2,275
2006-03-09,104.4,104.4,104.4,104.4,625
2006-03-14,105.0,105.0,105.0,105.0,50
2006-03-15,104.2,104.2,102.0,102.0,1513
2006-03-17,102.0,102.0,102.0,102.0,75
2006-03-21,102.0,103.0,100.6,100.6,2249
2006-03-22,100.8,100.8,100.8,100.8,50
2006-03-23,100.8,100.8,100.8,100.8,6100
2006-03-28,101.4,101.6,101.0,101.0,550
2006-04-03,101.2,101.2,101.2,101.2,250
2006-04-04,101.0,101.0,101.0,101.0,800
2006-04-05,101.16,101.16,101.16,101.16,150
2006-04-06,101.16,101.16,101.16,101.16,90
2006-04-07,100.8,100.8,100.8,100.8,58
2006-04-17,101.16,101.16,101.16,101.16,40
2006-04-19,100.8,101.4,100.8,101.4,530
2006-04-21,101.0,101.16,100.8,100.8,445
2006-04-25,100.8,100.8,100.8,100.8,675
2006-04-27,100.6,101.0,100.6,101.0,300
2006-04-28,101.0,101.0,101.0,101.0,25
2006-05-01,100.6,101.0,100.6,101.0,200
2006-05-03,101.0,101.0,101.0,101.0,250
2006-05-05,100.6,100.6,100.6,100.6,25
2006-05-08,100.6,100.6,96.8,98.2,3085
2006-05-10,96.4,96.4,96.4,96.4,125
2006-05-11,97.0,98.0,96.4,98.0,1425
2006-05-12,98.2,101.0,98.2,101.0,674
2006-05-15,103.0,103.0,102.8,102.8,250
2006-05-16,100.6,100.6,100.6,100.6,50
2006-05-18,99.4,99.4,99.4,99.4,75
2006-05-19,98.2,98.2,98.2,98.2,200
2006-05-22,100.0,100.0,98.0,98.0,286
2006-05-24,98.0,98.0,98.0,98.0,50
2006-05-25,97.4,97.4,97.4,97.4,88
2006-05-30,96.8,96.8,96.8,96.8,75
2006-05-31,97.0,98.0,97.0,98.0,125
2006-06-01,98.0,98.0,98.0,98.0,31
2006-06-05,96.8,96.8,96.6,96.6,1075
2006-06-07,96.44,96.44,96.44,96.44,25
2006-06-12,96.8,97.0,95.4,96.0,2466
2006-06-13,95.0,95.0,95.0,95.0,200
2006-06-14,97.0,97.0,97.0,97.0,134
2006-06-21,95.0,97.2,95.0,97.2,225
2006-06-22,96.0,96.0,94.8,94.8,204
2006-06-23,94.04,94.04,94.04,94.04,50
2006-06-27,95.0,95.0,95.0,95.0,50
2006-06-28,93.6,93.6,93.6,93.6,225
2006-06-29,93.96,94.0,93.6,93.6,450
2006-06-30,94.0,94.0,93.6,93.6,250
2006-07-06,93.6,94.4,93.6,94.4,1500
2006-07-07,95.0,95.0,93.6,93.6,186
2006-07-10,93.6,94.4,93.6,94.4,379
2006-07-11,94.4,94.4,94.4,94.4,1350
2006-07-13,94.4,94.4,94.4,94.4,50
2006-07-14,95.0,96.0,95.0,96.0,675
2006-07-17,96.8,97.6,96.8,97.6,125
2006-07-20,97.6,102.0,97.6,102.0,812
2006-07-21,102.0,104.0,102.0,104.0,250
2006-07-24,104.0,104.0,102.0,104.0,5072
2006-07-25,99.0,99.0,98.0,98.0,375
2006-07-26,99.0,112.0,99.0,108.0,3057
2006-07-27,103.6,103.6,103.0,103.0,175
2006-08-01,104.0,104.0,104.0,104.0,50
2006-08-02,104.0,104.0,104.0,104.0,162
2006-08-03,104.0,104.0,103.0,103.0,322
2006-08-07,104.8,104.8,104.0,104.0,150
2006-08-09,104.0,104.0,103.0,103.0,500
2006-08-11,103.0,103.0,102.2,102.2,400
2006-08-14,102.2,102.2,102.2,102.2,266
2006-08-15,102.2,104.0,102.2,104.0,5006
2006-08-21,102.2,102.4,102.2,102.4,200
2006-08-22,104.0,104.0,102.4,102.4,170
2006-08-24,102.4,102.4,102.4,102.4,976
2006-08-28,102.6,102.6,102.0,102.0,75
2006-08-29,102.2,102.2,102.2,102.2,250
2006-08-31,102.2,104.0,102.2,104.0,422
2006-09-05,107.8,107.8,106.0,106.0,212
2006-09-06,106.0,106.4,106.0,106.4,250
2006-09-07,107.2,107.2,107.2,107.2,25
2006-09-08,104.4,104.4,104.4,104.4,62
2006-09-13,104.0,104.2,102.8,104.2,254
2006-09-14,102.8,104.24,102.4,104.24,1282
2006-09-19,106.0,106.0,106.0,106.0,250
2006-09-20,105.6,105.6,105.6,105.6,250
2006-09-22,105.6,105.6,105.6,105.6,124
2006-09-26,106.0,106.0,106.0,106.0,113
2006-09-27,106.0,107.12,106.0,107.12,525
2006-10-02,107.2,107.2,107.2,107.2,250
2006-10-03,107.2,107.2,107.2,107.2,44
2006-10-04,107.2,107.2,107.2,107.2,50
2006-10-05,107.2,107.24,104.4,104.4,2825
2006-10-06,105.6,106.0,105.6,106.0,150
2006-10-11,107.8,112.0,107.8,112.0,562
2006-10-13,111.0,111.0,111.0,111.0,250
2006-10-16,112.0,112.0,112.0,112.0,25
2006-10-19,116.0,116.0,116.0,116.0,50
2006-10-20,118.8,122.0,118.8,122.0,650
2006-10-23,118.0,118.0,118.0,118.0,125
2006-10-24,118.0,118.0,118.0,118.0,25
2006-10-25,118.0,118.0,118.0,118.0,50
2006-10-26,119.4,119.4,119.2,119.2,3750
2006-10-27,119.4,119.4,119.4,119.4,25
2006-10-30,119.4,119.4,119.4,119.4,50
2006-10-31,120.4,126.0,120.4,125.0,942
2006-11-01,124.0,124.0,123.52,123.52,200
2006-11-02,123.2,123.2,122.6,122.6,692
2006-11-03,122.4,123.0,122.4,122.4,355
2006-11-06,123.6,124.0,122.4,122.4,275
2006-11-07,123.0,123.0,121.04,121.04,350
2006-11-08,121.0,122.0,121.0,122.0,125
2006-11-09,122.0,122.0,121.8,121.8,175
2006-11-10,122.0,122.0,122.0,122.0,50
2006-11-13,121.92,121.92,121.6,121.6,208
2006-11-14,122.0,122.0,119.0,120.0,8462
2006-11-15,120.0,122.0,120.0,122.0,200
2006-11-17,121.0,121.0,121.0,121.0,125
2006-11-20,121.0,121.0,121.0,121.0,375
2006-11-21,121.0,121.0,121.0,121.0,25
2006-11-22,122.0,124.0,121.2,121.4,5475
2006-11-27,124.0,125.0,124.0,124.0,425
2006-11-28,126.2,128.0,126.2,128.0,1300
2006-11-29,126.6,128.6,126.6,128.6,128
2006-11-30,129.0,129.0,127.0,127.0,350
2006-12-01,129.0,129.0,129.0,129.0,50
2006-12-04,129.0,129.0,129.0,129.0,35
2006-12-05,129.0,129.0,129.0,129.0,46
2006-12-06,129.0,129.0,129.0,129.0,76
2006-12-07,129.0,129.0,128.9,128.9,775
2006-12-13,128.0,128.0,128.0,128.0,25
2006-12-14,130.0,130.0,128.2,128.2,350
2006-12-19,65.0,68.0,65.0,67.2,1300
2006-12-20,66.0,67.2,66.0,67.2,3182
2006-12-21,67.2,67.2,66.4,66.4,474
2006-12-22,66.2,66.2,65.4,65.4,945
2006-12-26,65.4,67.0,65.4,65.4,250
2006-12-27,65.96,65.96,65.96,65.96,32
2006-12-28,66.0,66.0,65.4,65.4,2331
2006-12-29,66.0,66.0,66.0,66.0,50
2007-01-04,64.92,64.92,64.92,64.92,75
2007-01-05,64.0,65.0,64.0,65.0,925
2007-01-08,65.0,65.0,64.0,65.0,774
2007-01-09,65.0,65.6,65.0,65.6,920
2007-01-10,65.0,65.0,65.0,65.0,50
2007-01-11,64.0,65.96,64.0,64.0,1453
2007-01-12,66.0,66.0,64.0,64.0,528
2007-01-16,64.0,64.6,64.0,64.6,437
2007-01-17,65.4,65.4,65.0,65.2,4074
2007-01-18,65.2,65.2,65.2,65.2,29
2007-01-19,65.0,65.0,65.0,65.0,406
2007-01-22,64.24,64.24,64.24,64.24,100
2007-01-23,64.24,65.6,64.24,65.0,2625
2007-01-24,65.6,65.6,65.6,65.6,508
2007-01-25,64.8,64.8,64.8,64.8,125
2007-01-29,66.0,66.0,66.0,66.0,50
2007-01-30,66.0,66.0,66.0,66.0,88
2007-01-31,66.0,66.0,66.0,66.0,125
2007-02-01,66.0,66.0,65.0,65.0,303
2007-02-02,66.0,66.0,65.0,65.0,1385
2007-02-05,65.0,65.0,63.0,63.0,3848
2007-02-06,64.0,66.0,64.0,64.4,5805
2007-02-07,64.0,64.0,63.8,63.8,3182
2007-02-08,63.6,64.0,63.6,64.0,132
2007-02-09,64.0,64.0,64.0,64.0,250
2007-02-12,64.0,64.0,64.0,64.0,31
2007-02-13,64.0,65.0,62.6,62.6,5150
2007-02-14,62.6,64.0,60.8,60.8,1000
2007-02-15,63.0,63.0,63.0,63.0,200
2007-02-16,63.0,63.0,61.0,62.0,475
2007-02-20,64.6,64.6,60.0,62.0,475
2007-02-21,62.0,62.0,62.0,62.0,100
2007-02-22,62.0,62.0,62.0,62.0,50
2007-02-26,62.0,62.0,62.0,62.0,209
2007-02-27,62.0,62.0,61.0,61.0,700
2007-02-28,61.0,61.0,60.0,60.4,2763
2007-03-01,60.96,60.96,60.96,60.96,75
2007-03-02,61.0,61.0,61.0,61.0,750
2007-03-05,60.0,60.0,60.0,60.0,350
2007-03-07,59.8,59.8,59.8,59.8,1750
2007-03-09,59.96,60.0,59.96,60.0,100
2007-03-12,60.0,60.0,60.0,60.0,525
2007-03-13,60.0,60.0,60.0,60.0,275
2007-03-14,60.0,60.0,60.0,60.0,518
2007-03-16,59.8,59.8,59.6,59.6,75
2007-03-19,59.24,59.24,59.2,59.2,142
2007-03-20,58.4,59.2,57.0,57.0,483
2007-03-21,57.4,58.4,57.4,58.4,434
2007-03-22,58.4,58.4,58.4,58.4,100
2007-03-26,59.0,59.0,59.0,59.0,175
2007-03-28,60.0,60.0,59.0,59.0,171
2007-04-02,59.0,59.4,59.0,59.4,600
2007-04-03,59.4,59.4,59.4,59.4,25
2007-04-04,59.4,59.4,59.4,59.4,295
2007-04-05,59.4,59.4,59.4,59.4,130
2007-04-09,59.8,60.8,59.8,60.8,744
2007-04-10,61.0,61.0,61.0,61.0,125
2007-04-11,59.2,59.2,59.2,59.2,1518
2007-04-13,59.2,60.0,59.2,60.0,75
2007-04-16,60.0,60.0,60.0,60.0,116
2007-04-17,62.0,62.0,61.0,61.0,475
2007-04-18,60.0,60.2,60.0,60.2,375
2007-04-19,61.0,61.0,60.04,60.04,325
2007-04-20,61.0,61.0,61.0,61.0,33
2007-04-23,60.2,60.6,60.2,60.6,500
2007-04-24,61.2,61.2,61.2,61.2,400
2007-04-25,61.2,61.2,61.2,61.2,433
2007-04-26,60.8,60.8,60.8,60.8,638
2007-04-30,60.8,60.8,60.4,60.8,680
2007-05-01,60.4,60.8,60.24,60.4,3000
2007-05-02,60.4,60.8,60.2,60.8,800
2007-05-04,60.4,60.4,60.4,60.4,350
2007-05-08,60.8,60.8,60.8,60.8,300
2007-05-14,60.4,60.44,60.4,60.44,275
2007-05-16,60.44,60.84,60.42,60.84,1882
2007-05-17,61.4,61.4,61.0,61.0,1040
2007-05-18,61.0,61.0,60.8,60.8,375
2007-05-21,60.6,60.6,60.6,60.6,615
2007-05-22,60.6,60.6,60.6,60.6,250
2007-05-29,60.6,60.6,60.6,60.6,250
2007-05-30,60.8,60.8,60.8,60.8,162
2007-05-31,60.6,60.6,60.2,60.2,238
2007-06-01,60.76,60.76,60.0,60.0,419
2007-06-05,60.0,60.0,60.0,60.0,400
2007-06-07,60.4,60.4,60.4,60.4,26
2007-06-08,60.0,60.0,60.0,60.0,50
2007-06-12,60.0,60.4,59.0,59.0,2740
2007-06-14,59.0,59.0,59.0,59.0,175
2007-06-15,58.6,59.0,58.6,58.8,534
2007-06-19,59.0,59.0,59.0,59.0,25
2007-06-22,58.2,58.2,58.0,58.0,125
2007-06-25,57.84,57.84,57.2,57.2,325
2007-06-26,57.96,57.96,57.96,57.96,300
2007-06-27,58.0,58.0,57.2,57.2,260
2007-06-28,58.0,58.0,58.0,58.0,50
2007-07-03,57.2,57.2,55.6,56.0,676
2007-07-06,56.6,57.0,56.0,56.0,334
2007-07-09,56.0,56.0,55.4,56.0,1776
2007-07-10,54.8,55.2,54.6,55.0,10190
2007-07-11,55.2,55.2,53.8,54.2,1688
2007-07-12,54.8,55.0,54.8,55.0,372
2007-07-13,54.8,55.0,54.36,54.4,1012
2007-07-16,54.2,54.2,54.2,54.2,160
2007-07-17,54.2,54.2,54.2,54.2,350
2007-07-18,54.8,54.8,54.2,54.2,1250
2007-07-19,54.2,54.2,53.0,53.0,8530
2007-07-20,53.0,53.0,51.6,51.6,825
2007-07-23,51.2,51.2,50.0,50.36,625
2007-07-24,50.0,50.0,43.8,43.8,2525
2007-07-25,44.04,45.2,44.0,45.2,1725
2007-07-26,46.0,47.8,46.0,46.0,2775
2007-07-27,47.2,49.6,47.2,49.6,665
2007-07-30,51.0,51.8,49.4,51.8,762
2007-07-31,51.2,51.2,50.8,50.8,750
2007-08-01,50.4,50.4,50.24,50.4,350
2007-08-02,50.4,52.0,50.0,52.0,3777
2007-08-03,51.6,51.6,51.2,51.2,980
2007-08-07,51.2,51.2,49.96,49.96,2950
2007-08-08,50.2,52.0,50.2,52.0,2203
2007-08-09,51.2,51.8,51.2,51.2,575
2007-08-10,50.8,50.8,50.4,50.4,588
2007-08-13,50.2,50.2,49.6,49.8,731
2007-08-14,49.4,49.4,47.4,47.8,1418
2007-08-15,47.0,48.0,47.0,48.0,175
2007-08-16,47.8,47.8,47.8,47.8,31
2007-08-17,47.0,47.0,40.44,46.0,3051
2007-08-20,49.6,50.0,49.6,50.0,175
2007-08-22,50.0,50.0,50.0,50.0,25
2007-08-28,50.0,50.08,45.44,49.0,1902
2007-08-30,50.36,50.36,50.36,50.36,125
2007-09-11,46.0,49.8,45.6,49.8,625
2007-09-12,46.4,46.6,46.4,46.6,313
2007-09-13,47.2,47.2,47.0,47.0,750
2007-09-14,47.0,49.0,46.76,49.0,1125
2007-09-18,48.0,50.0,47.2,50.0,138
2007-09-20,47.2,47.2,47.2,47.2,434
2007-09-21,49.2,49.2,47.08,47.08,550
2007-09-24,47.2,48.0,47.08,47.2,725
2007-09-25,47.0,49.6,46.4,47.0,698
2007-09-26,49.4,49.4,49.4,49.4,25
2007-09-28,47.0,49.6,47.0,49.6,340
2007-10-02,47.0,48.0,46.2,47.6,4383
2007-10-04,48.0,48.0,47.12,47.6,10400
2007-10-05,48.0,48.8,48.0,48.8,364
2007-10-08,48.0,48.0,47.6,47.6,250
2007-10-09,47.6,47.6,47.6,47.6,125
2007-10-11,47.8,47.8,47.8,47.8,100
2007-10-12,47.6,49.0,47.6,49.0,1050
2007-10-15,49.8,49.8,48.24,48.4,1595
2007-10-16,47.8,48.0,47.8,48.0,975
2007-10-17,47.64,47.64,47.6,47.6,410
2007-10-18,46.4,48.0,46.4,48.0,160
2007-10-19,47.6,48.0,47.0,47.0,3675
2007-10-23,46.44,46.44,46.44,46.44,13631
2007-10-24,46.4,46.6,46.0,46.6,3725
2007-10-25,46.6,46.8,46.4,46.4,3898
2007-10-26,46.4,46.4,46.4,46.4,25
2007-10-29,46.4,46.4,46.4,46.4,25
2007-10-30,46.64,46.6,46.6,46.6,6250
2007-10-31,46.4,46.4,46.4,46.4,33
2007-11-02,47.6,47.6,45.44,45.44,450
2007-11-05,44.8,44.8,44.8,44.8,100
2007-11-06,45.6,45.6,45.6,45.6,100
2007-11-07,45.4,45.4,45.4,45.4,7125
2007-11-08,44.4,44.4,44.0,44.0,208
2007-11-09,44.0,44.0,44.0,44.0,3483
2007-11-12,44.0,44.0,44.0,44.0,150
2007-11-14,44.8,45.4,44.8,45.4,275
2007-11-16,44.6,44.6,44.0,44.0,3539
2007-11-19,44.0,44.0,44.0,44.0,1250
2007-11-20,44.0,45.0,44.0,44.0,238
2007-11-21,44.0,44.0,44.0,44.0,262
2007-11-23,44.4,45.0,44.4,45.0,75
2007-11-26,45.0,45.0,44.8,44.8,325
2007-11-27,44.0,44.2,44.0,44.0,575
2007-11-28,44.2,44.2,44.16,44.16,10480
2007-11-29,44.0,44.0,44.0,44.0,750
2007-12-03,44.0,44.0,43.6,43.6,610
2007-12-04,44.0,44.0,44.0,44.0,275
2007-12-07,43.8,43.8,43.8,43.8,375
2007-12-10,43.6,44.0,43.6,44.0,3482
2007-12-11,44.0,44.0,43.6,43.6,10073
2007-12-12,43.96,44.0,43.96,44.0,100
2007-12-19,43.6,43.6,43.0,43.0,100
2007-12-20,43.2,43.2,43.2,43.2,50
2007-12-21,43.24,43.24,43.24,43.24,375
2007-12-26,42.4,43.0,42.4,42.4,5860
2007-12-27,42.2,43.6,40.2,40.88,1494
2007-12-28,40.2,40.2,40.2,40.2,150
2007-12-31,41.96,43.6,40.2,43.6,1775
2008-01-02,40.2,40.2,37.8,38.0,605
2008-01-04,43.52,43.6,43.52,43.6,1250
2008-01-09,39.0,39.0,39.0,39.0,100
2008-01-10,39.0,39.0,39.0,39.0,369
2008-01-18,41.0,41.0,41.0,41.0,200
2008-01-23,41.0,42.2,41.0,41.6,809
2008-01-24,42.0,42.2,42.0,42.0,275
2008-01-25,42.0,42.0,42.0,42.0,67
2008-01-28,41.6,42.6,40.0,40.6,39960
2008-01-29,40.4,40.4,38.2,38.2,1171
2008-01-30,40.0,40.0,40.0,40.0,450
2008-02-07,40.0,40.0,40.0,40.0,345
2008-02-12,39.6,40.0,38.4,40.0,650
2008-02-13,40.0,40.0,38.2,38.2,216
2008-02-14,39.0,39.0,38.2,38.2,418
2008-02-21,38.0,38.0,38.0,38.0,39
2008-02-26,38.0,38.0,37.4,38.0,364
2008-02-27,37.4,37.4,35.6,36.0,1720
2008-02-29,33.4,38.2,30.2,31.96,1384
2008-03-03,38.0,38.0,36.0,36.0,186
2008-03-04,32.0,32.0,32.0,32.0,50
2008-03-05,35.0,35.0,35.0,35.0,250
2008-03-06,34.0,34.0,34.0,34.0,250
2008-03-07,33.0,33.0,33.0,33.0,400
2008-03-10,32.24,33.0,32.24,32.24,350
2008-03-11,35.64,35.64,32.24,35.64,300
2008-03-12,35.8,35.8,32.4,32.4,279
2008-03-13,35.8,35.8,35.8,35.8,250
2008-03-19,35.0,35.0,34.0,34.0,200
2008-03-24,35.8,35.8,35.8,35.8,75
2008-04-01,33.6,33.6,33.6,33.6,162
2008-04-03,33.6,34.0,33.6,34.0,299
2008-04-04,34.0,35.8,34.0,34.0,3189
2008-04-09,34.2,35.0,34.2,35.0,250
2008-04-11,34.6,35.0,34.6,35.0,400
2008-04-14,35.0,35.0,35.0,35.0,125
2008-04-16,35.8,35.8,35.8,35.8,50
2008-04-18,35.0,35.8,35.0,35.8,2498
2008-04-21,35.0,35.0,35.0,35.0,100
2008-04-23,34.8,34.8,34.8,34.8,39
2008-04-24,34.8,34.8,34.8,34.8,250
2008-05-01,35.0,35.0,34.6,34.6,598
2008-05-02,33.0,33.2,29.2,33.2,1458
2008-05-06,31.0,31.0,31.0,31.0,25
2008-05-07,33.2,33.2,31.2,31.2,150
2008-05-09,32.2,32.2,32.0,32.04,375
2008-05-13,33.0,33.0,33.0,33.0,46
2008-05-14,33.0,33.0,32.0,32.4,600
2008-05-15,32.04,32.04,32.0,32.0,500
2008-05-16,32.0,32.0,31.04,31.04,425
2008-05-19,32.4,34.0,32.4,32.6,708
2008-05-22,32.0,32.0,32.0,32.0,79
2008-05-23,32.0,32.0,31.04,32.0,612
2008-05-27,32.0,32.0,32.0,32.0,75
2008-06-02,32.0,32.0,32.0,32.0,25
2008-06-03,32.0,32.0,32.0,32.0,250
2008-06-04,31.4,31.4,31.4,31.4,100
2008-06-06,32.0,32.0,32.0,32.0,38
2008-06-13,31.48,31.6,31.48,31.6,289
2008-06-16,32.0,32.0,32.0,32.0,150
2008-06-17,31.6,31.6,31.4,31.4,192
2008-06-18,31.4,31.4,31.04,31.04,250
2008-06-19,30.76,30.76,30.76,30.76,125
2008-06-20,30.76,30.76,30.76,30.76,125
2008-06-23,28.0,28.0,25.56,28.0,342
2008-06-25,24.0,24.0,24.0,24.0,25
2008-06-26,26.0,26.0,24.0,26.0,997
2008-06-27,26.0,26.0,23.4,23.4,180
2008-06-30,24.6,29.0,24.6,29.0,504
2008-07-01,29.0,29.0,29.0,29.0,25
2008-07-02,28.0,28.0,28.0,28.0,167
2008-07-03,24.0,24.0,24.0,24.0,45
2008-07-07,26.0,26.0,26.0,26.0,2075
2008-07-08,27.8,29.0,27.8,29.0,2293
2008-07-10,29.0,29.0,29.0,29.0,27
2008-07-11,28.0,28.0,28.0,28.0,150
2008-07-14,28.0,28.0,26.0,26.0,746
2008-07-15,24.2,24.4,20.6,21.0,2150
2008-07-16,22.0,22.0,22.0,22.0,450
2008-07-18,24.0,24.0,23.0,23.0,400
2008-07-22,23.4,23.4,23.4,23.4,100
2008-07-23,25.0,25.0,25.0,25.0,125
2008-07-24,26.0,26.0,26.0,26.0,125
2008-07-25,24.0,24.0,24.0,24.0,150
2008-07-31,24.0,24.0,22.6,22.6,375
2008-08-01,24.0,24.0,24.0,24.0,83
2008-08-11,24.0,24.0,23.96,24.0,1118
2008-08-12,24.4,24.4,24.4,24.4,250
2008-08-20,24.0,24.0,24.0,24.0,75
2008-08-25,24.0,24.0,22.96,23.0,330
2008-08-27,24.0,24.0,24.0,24.0,250
2008-09-02,23.6,23.6,22.0,23.6,44874
2008-09-03,22.44,22.8,22.44,22.8,275
2008-09-04,23.0,23.6,23.0,23.6,412
2008-09-05,23.6,27.0,23.6,27.0,342
2008-09-08,24.0,24.0,24.0,24.0,25
2008-09-10,23.84,23.84,23.84,23.84,25
2008-09-12,23.6,23.8,23.6,23.8,625
2008-09-15,23.8,28.0,23.8,25.0,724
2008-09-19,23.6,23.6,23.4,23.4,950
2008-09-22,22.6,23.32,22.6,23.0,303
2008-09-23,23.4,23.4,23.0,23.2,912
2008-09-25,23.2,23.2,23.2,23.2,350
2008-09-29,22.04,22.04,21.72,21.72,525
2008-09-30,28.0,28.0,23.36,23.4,954
2008-10-01,23.4,23.4,23.4,23.4,250
2008-10-02,22.4,23.4,22.4,23.4,246
2008-10-03,22.0,23.4,22.0,23.4,107
2008-10-07,22.4,22.6,22.4,22.4,1392
2008-10-08,22.4,22.4,22.4,22.4,280
2008-10-09,22.4,22.4,22.4,22.4,640
2008-10-10,22.4,23.4,21.0,23.4,4535
2008-10-13,23.4,23.4,23.4,23.4,31
2008-10-14,23.0,23.0,22.0,22.0,175
2008-10-17,22.0,22.0,22.0,22.0,125
2008-10-21,20.04,22.8,20.04,22.8,350
2008-10-22,23.0,23.4,22.8,22.8,745
2008-10-23,22.8,22.8,22.8,22.8,175
2008-10-24,23.0,23.0,23.0,23.0,125
2008-10-27,22.0,22.0,22.0,22.0,250
2008-10-28,23.0,23.0,23.0,23.0,849
2008-10-29,23.0,23.0,23.0,23.0,299
2008-11-11,23.24,23.24,23.24,23.24,675
2008-11-18,23.4,23.4,23.4,23.4,11750
2008-11-20,23.4,23.4,23.24,23.24,100
2008-11-21,23.24,23.24,23.0,23.0,1125
2008-11-24,22.0,24.0,22.0,24.0,825
2008-11-28,23.0,23.0,23.0,23.0,250
2008-12-01,23.0,23.0,23.0,23.0,2345
2008-12-03,22.0,22.0,22.0,22.0,100
2008-12-04,21.0,21.04,20.4,20.4,1456
2008-12-10,21.0,21.0,20.0,20.0,394
2008-12-11,23.0,23.0,23.0,23.0,30
2008-12-17,21.8,21.8,21.8,21.8,125
2008-12-18,22.0,22.0,22.0,22.0,1260
2008-12-19,21.2,22.0,21.0,21.0,2903
2008-12-23,20.64,21.4,20.64,21.4,2245
2008-12-24,21.4,21.4,21.4,21.4,34
2008-12-26,20.4,20.4,14.0,19.0,2753
2008-12-29,20.0,20.0,20.0,20.0,62
2008-12-30,21.2,21.2,21.0,21.0,904
2009-01-02,21.0,21.0,21.0,21.0,220
2009-01-05,20.0,21.2,20.0,21.2,394
2009-01-07,21.16,21.16,21.0,21.0,231
2009-01-08,21.0,24.0,21.0,24.0,4786
2009-01-09,23.0,23.0,23.0,23.0,78
2009-01-12,23.0,23.0,23.0,23.0,133
2009-01-14,21.2,21.2,21.2,21.2,26
2009-01-15,21.2,21.2,21.2,21.2,1928
2009-01-21,21.0,21.0,20.0,20.0,375
2009-01-26,20.0,20.0,20.0,20.0,250
2009-01-28,22.0,22.0,19.0,19.0,550
2009-01-29,21.0,21.0,21.0,21.0,250
2009-01-30,20.0,20.0,20.0,20.0,125
2009-02-02,23.0,23.0,23.0,23.0,43
2009-02-03,21.0,21.0,21.0,21.0,43
2009-02-05,20.0,21.0,20.0,20.96,330
2009-02-06,21.0,21.0,21.0,21.0,250
2009-02-13,19.0,19.0,19.0,19.0,38
2009-02-17,19.0,19.0,18.0,18.0,1488
2009-02-18,19.0,21.0,15.04,15.04,833
2009-02-19,15.0,19.2,15.0,15.04,448
2009-02-20,16.0,16.0,13.0,16.0,450
2009-02-26,14.0,14.0,14.0,14.0,50
2009-02-27,14.4,14.4,14.4,14.4,825
2009-03-06,15.0,15.0,14.4,14.4,875
2009-03-11,14.4,14.4,14.4,14.4,312
2009-03-12,18.96,18.96,18.84,18.84,275
2009-03-13,18.8,20.2,18.8,20.12,619
2009-03-19,20.12,20.12,20.08,20.12,375
2009-03-25,15.24,19.0,15.24,19.0,706
2009-03-27,14.6,14.6,14.6,14.6,475
2009-03-31,19.0,19.0,18.96,18.96,659
2009-04-02,19.0,19.0,19.0,19.0,463
2009-04-03,14.6,19.0,14.6,19.0,202
2009-04-06,18.96,18.96,18.96,18.96,125
2009-04-09,18.96,22.0,18.8,21.0,3084
2009-04-13,22.0,22.04,21.6,21.6,775
2009-04-14,23.0,23.0,23.0,23.0,2676
2009-04-15,21.0,21.0,21.0,21.0,218
2009-04-17,20.0,20.0,20.0,20.0,50
2009-04-23,20.0,20.0,19.0,19.0,84
2009-04-24,20.0,20.0,20.0,20.0,218
2009-05-04,21.0,21.0,21.0,21.0,71
2009-05-08,21.0,21.0,21.0,21.0,625
2009-05-11,20.0,22.04,20.0,22.0,898
2009-05-12,22.04,22.04,22.0,22.0,1875
2009-05-13,22.04,23.0,22.04,23.0,625
2009-05-15,22.04,22.04,21.0,21.0,591
2009-05-21,24.0,24.0,24.0,24.0,192
2009-05-26,20.0,20.0,16.0,19.0,1418
2009-05-28,19.0,19.0,19.0,19.0,500
2009-06-02,20.0,20.0,16.0,16.0,150
2009-06-03,23.0,24.0,23.0,24.0,290
2009-06-04,23.0,23.0,22.0,22.0,500
2009-06-09,24.0,24.0,24.0,24.0,126
2009-06-22,23.0,23.0,23.0,23.0,8500
2009-07-01,20.2,20.2,20.0,20.0,275
2009-07-02,23.08,23.08,23.08,23.08,123
2009-07-06,17.0,19.0,19.0,19.0,34
2009-07-08,21.6,21.6,21.6,21.6,859
2009-07-09,22.0,22.8,22.0,22.8,1834
2009-07-14,16.2,16.2,16.0,16.0,430
2009-07-15,16.0,16.0,16.0,16.0,125
2009-07-16,14.8,14.8,14.8,14.8,29
2009-07-20,15.0,15.0,15.0,15.0,625
2009-07-21,15.0,15.0,15.0,15.0,56
2009-07-23,15.0,15.0,15.0,15.0,352
2009-07-27,16.0,16.0,16.0,16.0,25
2009-07-28,15.0,15.0,15.0,15.0,122
2009-07-30,15.2,15.2,15.0,15.0,500
2009-07-31,16.0,16.0,16.0,16.0,25
2009-08-03,15.0,15.0,15.0,15.0,125
2009-08-04,15.0,15.0,15.0,15.0,27
2009-08-06,15.0,15.0,14.0,14.0,611
2009-08-07,15.0,15.0,14.04,14.04,486
2009-08-10,15.0,16.0,15.0,16.0,750
2009-08-19,15.8,15.8,14.0,14.0,1725
2009-08-20,14.0,14.0,14.0,14.0,229
2009-08-25,15.0,15.0,14.8,14.8,875
2009-08-26,15.0,15.0,15.0,15.0,631
2009-08-28,16.0,16.0,15.0,15.0,225
2009-08-31,14.6,14.6,14.04,14.04,609
2009-09-01,15.6,15.6,15.6,15.6,62
2009-09-09,15.0,15.0,14.84,14.84,905
2009-09-10,14.84,14.84,14.84,14.84,125
2009-09-14,14.92,14.92,14.28,14.36,1044
2009-09-15,15.84,15.84,15.84,15.84,65
2009-09-17,16.0,16.0,15.56,15.56,89
2009-09-22,14.56,14.56,13.4,13.4,961
2009-09-23,13.0,13.4,12.0,12.04,1195
2009-09-25,12.4,12.4,12.08,12.08,375
2009-09-28,13.0,13.0,12.04,12.04,1130
2009-09-29,12.04,13.0,10.44,11.0,4199
2009-09-30,11.0,11.0,10.2,10.6,975
2009-10-02,11.4,11.4,10.28,10.28,202
2009-10-06,12.2,12.2,12.2,12.2,250
2009-10-07,11.0,11.0,11.0,11.0,86
2009-10-12,11.0,11.0,11.0,11.0,56
2009-10-13,11.8,11.96,11.8,11.96,324
2009-10-16,11.0,11.0,11.0,11.0,1625
2009-10-22,10.8,10.8,10.8,10.8,125
2009-10-23,10.68,10.68,10.2,10.2,250
2009-10-26,10.2,10.2,9.8,9.8,3008
2009-10-27,11.0,12.0,11.0,11.0,938
2009-10-29,12.0,12.0,12.0,12.0,151
2009-11-02,12.0,14.84,12.0,14.84,118
2009-11-03,12.0,12.0,12.0,12.0,55
2009-11-05,12.0,12.0,12.0,12.0,103
2009-11-16,12.4,12.4,11.0,11.0,1032
2009-11-17,11.04,11.04,11.0,11.0,1018
2009-11-18,11.6,11.6,11.0,11.0,456
2009-11-19,11.0,11.0,11.0,11.0,954
2009-11-23,11.0,11.0,11.0,11.0,1009
2009-11-24,10.6,10.6,10.6,10.6,206
2009-11-25,10.6,10.6,10.4,10.4,768
2009-12-01,10.4,10.44,10.4,10.4,1195
2009-12-02,10.4,10.4,10.4,10.4,125
2009-12-03,10.4,10.6,10.4,10.4,700
2009-12-11,10.96,10.96,9.6,9.6,1306
2009-12-14,9.04,9.04,9.04,9.04,262
2009-12-15,8.4,8.4,8.0,8.2,1262
2009-12-16,8.2,8.2,8.2,8.2,250
2009-12-22,8.0,8.0,8.0,8.0,38
2009-12-23,8.0,8.04,8.0,8.0,1753
2009-12-24,9.4,9.4,9.4,9.4,25
2009-12-28,8.8,8.8,7.8,7.8,507
2009-12-29,7.8,8.4,7.8,8.4,700
2009-12-30,8.8,8.8,8.8,8.8,52
2009-12-31,8.4,8.4,7.2,8.4,2851
2010-01-04,8.4,8.4,8.4,8.4,125
2010-01-21,9.2,9.2,9.2,9.2,150
2010-02-02,9.2,9.2,9.2,9.2,250
2010-02-11,8.6,8.8,8.6,8.8,375
2010-02-12,9.0,9.0,9.0,9.0,111
2010-02-17,9.0,9.0,9.0,9.0,1618
2010-02-22,9.4,9.4,9.4,9.4,125
2010-03-01,9.6,9.6,9.6,9.6,125
2010-03-02,10.0,10.0,10.0,10.0,125
2010-03-03,11.0,11.0,11.0,11.0,250
2010-03-05,11.0,11.0,11.0,11.0,125
2010-03-08,11.0,11.0,11.0,11.0,2215
2010-03-09,11.0,11.0,11.0,11.0,608
2010-03-12,10.0,10.0,10.0,10.0,78
2010-03-15,11.0,11.0,11.0,11.0,350
2010-03-16,11.0,11.0,11.0,11.0,62
2010-03-17,11.0,11.0,11.0,11.0,125
2010-03-19,10.0,10.0,10.0,10.0,26
2010-03-23,11.0,11.0,9.2,9.2,252
2010-03-24,11.0,11.0,11.0,11.0,950
2010-03-29,10.0,10.0,10.0,10.0,514
2010-03-31,10.8,10.8,10.8,10.8,250
2010-04-07,10.0,10.0,9.6,9.6,794
2010-04-08,9.6,9.6,9.6,9.6,500
2010-04-09,9.6,9.6,9.6,9.6,500
2010-04-12,9.6,9.6,9.6,9.6,250
2010-04-19,9.6,9.6,9.6,9.6,338
2010-04-21,10.0,10.0,10.0,10.0,250
2010-04-22,11.0,11.0,10.0,10.0,3025
2010-04-23,12.0,14.0,12.0,14.0,498
2010-04-26,18.0,19.0,18.0,19.0,161
2010-04-27,18.0,18.0,14.0,16.0,822
2010-05-04,14.4,16.0,14.4,16.0,432
2010-05-07,14.32,14.32,13.0,13.0,154
2010-05-10,13.2,13.2,10.0,11.0,4270
2010-05-12,10.0,10.0,10.0,10.0,190
2010-05-14,10.04,10.04,9.8,9.8,450
2010-05-17,9.0,9.0,7.68,7.68,2862
2010-05-18,9.0,10.4,9.0,9.12,2106
2010-05-19,10.0,10.4,10.0,10.36,250
2010-05-27,9.2,9.2,9.2,9.2,375
2010-06-11,8.0,8.0,8.0,8.0,267
2010-06-17,8.0,8.0,8.0,8.0,75
2010-06-21,8.0,8.0,8.0,8.0,101
2010-06-23,9.2,9.2,7.8,7.8,712
2010-06-25,7.0,7.0,7.0,7.0,206
2010-06-29,8.0,8.0,8.0,8.0,50
2010-06-30,8.0,8.6,8.0,8.6,281
2010-07-01,10.0,10.0,7.0,7.0,729
2010-07-02,8.8,10.0,7.0,7.0,500
2010-07-06,9.0,9.0,7.2,7.2,202
2010-07-07,5.0,6.4,5.0,6.0,3548
2010-07-08,6.0,6.0,6.0,6.0,125
2010-07-12,5.4,5.4,5.4,5.4,29
2010-07-15,7.0,7.0,7.0,7.0,325
2010-07-20,7.0,7.0,7.0,7.0,321
2010-07-22,7.6,7.6,7.6,7.6,279
2010-07-27,7.6,7.6,7.6,7.6,132
2010-07-28,7.6,7.6,7.6,7.6,125
2010-07-29,7.6,7.6,7.6,7.6,250
2010-07-30,7.6,7.6,7.6,7.6,550
2010-08-02,7.6,7.6,7.6,7.6,150
2010-08-03,6.8,7.0,6.8,6.8,5175
2010-08-04,6.8,6.8,6.8,6.8,422
2010-08-05,6.8,6.8,6.8,6.8,1162
2010-08-06,6.44,6.8,6.44,6.8,280
2010-08-09,7.0,7.0,7.0,7.0,250
2010-08-10,7.0,7.0,7.0,7.0,634
2010-08-12,6.6,7.0,6.6,7.0,592
2010-08-13,7.0,8.2,7.0,8.2,709
2010-08-17,8.2,8.2,8.2,8.2,128
2010-08-23,7.4,7.4,7.4,7.4,536
2010-08-25,7.4,7.4,7.4,7.4,51
2010-08-26,7.4,7.4,6.6,6.6,696
2010-08-27,12.0,12.0,12.0,12.0,119
2010-08-31,7.0,10.4,6.6,10.4,1128
2010-09-01,10.4,10.4,10.4,10.4,284
2010-09-02,10.4,10.4,8.0,8.0,915
2010-09-03,9.96,9.96,8.0,8.0,200
2010-09-07,8.0,8.0,8.0,8.0,275
2010-09-08,8.0,8.0,8.0,8.0,150
2010-09-13,8.0,8.0,8.0,8.0,50
2010-09-21,7.6,7.6,7.6,7.6,125
2010-09-23,7.8,8.0,7.8,8.0,1250
2010-09-24,8.0,8.0,6.6,6.6,456
2010-09-27,6.6,6.6,6.6,6.6,875
2010-09-29,6.4,7.0,6.0,7.0,1634
2010-09-30,7.6,7.6,6.2,6.2,142
2010-10-01,6.4,6.4,6.4,6.4,1120
2010-10-04,7.0,7.0,7.0,7.0,1274
2010-10-07,7.2,7.6,7.2,7.6,775
2010-10-11,6.6,7.4,6.6,7.4,500
2010-10-12,7.4,7.4,6.8,6.8,327
2010-10-19,7.6,7.6,7.6,7.6,525
2010-10-20,6.8,6.8,6.6,6.6,250
2010-10-21,7.56,7.8,7.56,7.8,500
2010-10-26,8.0,8.0,8.0,8.0,500
2010-10-28,6.88,8.0,6.88,8.0,327
2010-11-03,7.2,7.96,7.04,7.96,1112
2010-11-04,6.92,8.0,6.6,6.6,3894
2010-11-05,7.0,7.0,7.0,7.0,125
2010-11-08,7.56,7.56,7.56,7.56,44
2010-11-12,6.88,6.96,6.6,6.96,996
2010-11-17,7.0,7.0,7.0,7.0,250
2010-11-19,6.6,6.6,6.48,6.48,1000
2010-11-22,6.64,6.64,6.64,6.64,250
2010-11-23,6.8,6.8,6.8,6.8,26
2010-11-24,6.8,6.8,6.48,6.48,378
2010-11-26,6.6,6.6,6.6,6.6,50
2010-11-30,6.8,6.8,6.8,6.8,188
2010-12-01,6.48,6.48,6.48,6.48,705
2010-12-02,6.48,6.48,6.48,6.48,100
2010-12-03,6.8,6.8,6.8,6.8,38
2010-12-06,6.8,6.8,6.8,6.8,50
2010-12-07,6.24,6.4,6.24,6.32,1732
2010-12-08,6.32,6.32,6.32,6.32,175
2010-12-09,6.8,7.0,6.8,7.0,1025
2010-12-10,7.0,7.0,6.32,6.32,2030
2010-12-13,6.4,6.4,6.0,6.36,2128
2010-12-14,6.4,6.4,6.32,6.32,1000
2010-12-20,7.0,7.0,6.6,6.6,500
2010-12-22,6.6,6.6,6.6,6.6,250
2010-12-23,7.0,7.2,6.68,6.68,3644
2010-12-27,7.36,7.4,7.2,7.2,4814
2010-12-28,6.52,6.52,6.52,6.52,65
2010-12-29,6.6,7.6,6.6,7.6,1351
2010-12-30,6.52,7.8,6.52,7.8,974
2010-12-31,7.6,7.6,7.6,7.6,125
2011-01-03,6.6,6.6,6.6,6.6,125
2011-01-05,7.0,7.0,7.0,7.0,900
2011-01-07,6.52,6.52,6.52,6.52,125
2011-01-14,6.6,6.6,6.52,6.52,1475
2011-01-21,6.8,6.8,6.6,6.6,1304
2011-01-28,6.68,6.68,6.68,6.68,625
2011-01-31,6.72,6.72,6.72,6.72,57
2011-02-01,6.72,6.72,6.72,6.72,73
2011-02-02,6.76,6.8,6.76,6.8,750
2011-02-03,6.8,7.6,6.76,6.76,750
2011-02-04,7.2,7.2,6.64,6.64,625
2011-02-07,6.6,6.6,6.6,6.6,307
2011-02-10,6.6,6.6,6.6,6.6,125
2011-02-18,6.28,6.28,6.28,6.28,500
2011-02-22,6.4,6.4,6.4,6.4,193
2011-02-28,6.32,6.8,6.28,6.8,1188
2011-03-01,6.8,6.8,6.8,6.8,57
2011-03-08,6.28,6.28,6.28,6.28,51
2011-03-11,6.4,6.4,6.4,6.4,125
2011-03-16,6.4,7.0,6.4,7.0,250
2011-03-17,6.4,6.4,6.4,6.4,250
2011-03-18,6.4,6.4,6.24,6.24,250
2011-03-22,6.4,6.4,6.04,6.04,2026
2011-03-25,6.08,6.08,6.08,6.08,36
2011-03-29,6.04,6.2,5.6,6.2,1770
2011-03-31,5.68,6.0,5.4,6.0,3750
2011-04-01,6.0,6.2,6.0,6.2,350
2011-04-05,6.2,6.2,6.2,6.2,250
2011-04-13,6.2,6.2,6.2,6.2,125
2011-04-19,5.96,5.96,5.4,5.4,250
2011-04-21,5.52,5.52,5.4,5.44,1330
2011-04-27,5.44,5.44,5.4,5.4,193
2011-04-28,5.52,5.52,5.0,5.2,1000
2011-05-02,5.4,5.4,5.4,5.4,125
2011-05-03,5.08,5.08,5.0,5.0,1043
2011-05-10,6.0,6.0,6.0,6.0,25
2011-05-13,6.0,6.0,6.0,6.0,25
2011-05-19,5.04,5.2,5.04,5.2,2848
2011-05-20,5.2,5.2,5.2,5.2,462
2011-05-23,4.36,5.0,3.4,5.0,17291
2011-05-24,5.0,5.4,5.0,5.4,1100
2011-05-25,5.6,5.6,5.6,5.6,138
2011-05-31,4.2,5.0,4.0,5.0,1925
2011-06-07,4.8,4.8,4.8,4.8,676
2011-06-10,4.2,4.2,4.2,4.2,514
2011-06-21,4.48,4.48,3.6,3.6,1514
2011-06-22,4.0,4.0,4.0,4.0,125
2011-06-30,4.4,4.4,4.4,4.4,491
2011-07-01,4.8,4.8,4.8,4.8,1250
2011-08-01,4.4,4.4,4.4,4.4,125
2011-08-08,4.04,4.04,4.04,4.04,654
2011-08-09,4.4,4.4,4.4,4.4,550
2011-08-11,4.4,4.4,4.4,4.4,688
2011-08-15,4.04,4.04,4.04,4.04,642
2011-08-17,4.04,4.04,4.04,4.04,250
2011-08-22,4.16,4.4,4.16,4.4,5676
2011-08-24,4.76,4.76,4.76,4.76,463
2011-08-25,4.2,4.2,4.2,4.2,534
2011-08-30,4.6,4.6,4.6,4.6,13475
2011-09-01,4.4,4.4,4.4,4.4,125
2011-09-02,4.4,4.4,4.4,4.4,507
2011-09-12,4.4,4.4,4.08,4.2,750
2011-09-14,4.08,4.08,4.08,4.08,125
2011-09-21,4.08,4.2,4.08,4.08,408
2011-09-26,4.12,4.12,4.12,4.12,600
2011-10-04,4.12,4.12,4.08,4.08,775
2011-10-05,4.2,4.2,4.2,4.2,263
2011-10-06,4.08,4.08,4.08,4.08,600
2011-10-07,4.08,4.08,4.08,4.08,150
2011-10-17,4.6,4.6,4.6,4.6,838
2011-10-24,4.2,4.2,4.2,4.2,500
2011-10-31,4.28,4.28,4.28,4.28,250
2011-11-01,4.04,4.04,4.0,4.04,2183
2011-11-02,3.4,3.4,3.4,3.4,43
2011-11-03,3.4,3.4,3.4,3.4,434
2011-11-04,4.04,4.6,4.04,4.6,688
2011-11-07,4.52,4.52,4.52,4.52,62
2011-11-08,4.56,4.8,4.56,4.8,3125
2011-11-09,4.8,4.8,4.8,4.8,654
2011-11-11,5.0,5.0,5.0,5.0,125
2011-11-15,4.08,4.08,4.08,4.08,125
2011-11-18,4.2,4.2,4.2,4.2,411
2011-11-22,3.0,4.6,3.0,4.6,1484
2011-11-23,4.6,4.6,4.6,4.6,43
2011-11-28,4.44,4.44,4.44,4.44,150
2011-11-30,4.0,4.6,4.0,4.6,496
2011-12-01,4.08,4.08,4.08,4.08,1252
2011-12-02,4.44,4.44,4.4,4.4,750
2011-12-05,4.4,4.4,4.4,4.4,250
2011-12-07,4.2,4.2,4.2,4.2,282
2011-12-12,4.4,4.4,4.4,4.4,202
2011-12-13,4.4,4.4,4.2,4.4,1701
2011-12-14,4.4,4.4,4.4,4.4,250
2011-12-15,4.4,4.4,4.4,4.4,125
2011-12-16,4.44,4.56,4.44,4.56,1394
2011-12-22,4.44,5.2,4.2,5.2,2593
2011-12-29,4.44,6.0,4.44,6.0,575
2012-01-04,5.6,5.6,5.6,5.6,151
2012-01-05,8.0,8.0,8.0,8.0,50
2012-01-06,4.8,4.8,4.8,4.8,250
2012-01-09,8.0,8.0,7.6,7.6,750
2012-01-10,5.2,5.2,5.2,5.2,150
2012-01-11,8.0,8.0,8.0,8.0,375
2012-01-17,8.0,8.0,8.0,8.0,267
2012-01-18,8.0,8.0,8.0,8.0,250
2012-01-20,8.84,9.2,8.2,8.2,2280
2012-01-23,7.8,7.8,7.8,7.8,250
2012-01-24,8.8,8.8,8.8,8.8,2000
2012-01-30,8.0,8.0,7.24,7.24,250
2012-01-31,6.0,6.0,6.0,6.0,778
2012-02-01,6.36,6.36,6.36,6.36,125
2012-02-02,6.36,6.36,6.36,6.36,250
2012-02-03,6.4,7.6,6.4,7.6,900
2012-02-06,7.6,7.6,7.6,7.6,3600
2012-02-08,7.84,7.84,7.84,7.84,3000
2012-02-13,7.0,8.0,7.0,8.0,189
2012-02-14,8.0,8.0,7.84,7.84,2625
2012-02-16,8.4,8.4,8.4,8.4,750
2012-02-21,7.0,7.0,7.0,7.0,250
2012-02-22,7.4,7.4,7.4,7.4,206
2012-02-27,7.4,7.8,7.4,7.8,175
2012-02-28,6.6,6.6,6.6,6.6,51
2012-02-29,7.4,7.4,7.4,7.4,1250
2012-03-01,7.4,9.24,7.4,9.24,1798
2012-03-02,9.0,9.24,8.8,9.24,2676
2012-03-05,8.8,8.8,8.4,8.4,456
2012-03-12,9.0,9.0,9.0,9.0,362
2012-03-13,9.0,9.0,9.0,9.0,310
2012-03-15,8.84,8.84,8.84,8.84,411
2012-03-22,9.2,9.2,9.2,9.2,411
2012-03-23,9.0,9.0,9.0,9.0,125
2012-03-26,9.0,9.0,9.0,9.0,339
2012-03-27,9.8,9.8,9.8,9.8,280
2012-03-28,9.0,9.0,9.0,9.0,125
2012-03-29,9.0,9.0,9.0,9.0,125
2012-03-30,10.0,10.0,10.0,10.0,25
2012-04-03,9.0,9.0,9.0,9.0,125
2012-04-11,10.0,10.0,10.0,10.0,69
2012-04-12,9.0,9.0,9.0,9.0,225
2012-04-13,9.0,9.0,9.0,9.0,875
2012-04-17,9.0,9.0,9.0,9.0,125
2012-04-24,9.0,9.0,9.0,9.0,225
2012-05-01,9.8,9.8,9.8,9.8,125
2012-05-02,9.8,9.8,9.8,9.8,500
2012-05-03,9.8,9.8,7.0,7.0,1446
2012-05-09,8.0,8.0,8.0,8.0,1070
2012-05-17,8.8,8.8,8.8,8.8,100
2012-05-18,8.8,8.8,8.8,8.8,37
2012-05-22,8.0,8.0,8.0,8.0,721
2012-05-30,7.0,7.2,6.8,7.2,2116
2012-06-01,9.6,8.8,7.8,7.8,459
2012-06-04,7.0,7.0,6.6,6.6,1075
2012-06-20,7.0,7.0,7.0,7.0,257
2012-07-17,7.0,7.0,7.0,7.0,204
2012-07-18,7.6,7.6,7.56,7.56,150
2012-07-24,7.4,7.4,7.4,7.4,125
2012-07-27,6.68,6.68,5.2,5.6,3978
2012-08-01,6.0,6.0,6.0,6.0,375
2012-08-06,5.6,5.6,5.6,5.6,175
2012-08-07,5.64,5.64,5.64,5.64,500
2012-08-09,5.6,5.6,5.6,5.6,77
2012-08-14,5.24,5.24,5.24,5.24,375
2012-08-16,6.0,6.2,6.0,6.2,1075
2012-08-17,5.28,5.28,5.28,5.28,379
2012-08-24,5.4,5.4,5.4,5.4,3857
2012-08-29,5.6,5.6,5.32,5.4,983
2012-08-30,5.4,5.4,5.4,5.4,414
2012-08-31,5.36,5.36,5.36,5.36,69
2012-09-04,6.4,7.8,6.4,7.8,3072
2012-09-05,7.8,7.8,7.8,7.8,250
2012-09-06,7.4,7.8,7.4,7.8,500
2012-09-07,7.4,7.8,7.4,7.8,550
2012-09-13,6.8,6.8,6.6,6.6,202
2012-09-14,7.6,7.6,7.6,7.6,166
2012-09-17,7.16,7.16,7.16,7.16,84
2012-09-19,6.8,6.8,6.8,6.8,174
2012-09-20,6.8,6.8,6.8,6.8,25
2012-09-25,7.8,7.8,7.8,7.8,42
2012-10-03,6.88,6.88,6.8,6.88,928
2012-10-05,6.88,6.88,6.88,6.88,625
2012-10-15,6.52,6.52,6.52,6.52,238
2012-11-13,6.56,6.56,6.56,6.56,125
2012-11-14,7.0,7.0,7.0,7.0,25
2012-11-16,7.0,7.0,6.8,6.8,400
2012-11-19,6.56,6.56,6.56,6.56,128
2012-11-27,6.6,6.6,6.6,6.6,51
2012-11-30,7.0,7.0,7.0,7.0,500
2012-12-04,6.8,7.0,6.8,7.0,228
2012-12-06,7.0,7.0,7.0,7.0,475
2012-12-11,6.84,7.0,6.8,6.8,625
2012-12-13,6.8,6.8,6.8,6.8,50
2012-12-14,6.8,6.8,6.8,6.8,434
2012-12-19,6.84,6.84,6.84,6.84,700
2012-12-20,7.92,7.92,6.8,6.8,968
2012-12-21,6.8,7.96,6.8,7.92,750
2012-12-26,9.16,9.16,9.16,9.16,25
2012-12-28,9.16,9.16,9.16,9.16,350
2012-12-31,9.16,9.16,9.16,9.16,854
2013-01-02,9.16,9.16,9.16,9.16,500
2013-01-03,9.16,9.16,9.16,9.16,250
2013-01-07,9.6,9.6,9.6,9.6,250
2013-01-09,9.2,9.2,9.2,9.2,25
2013-01-15,7.48,7.48,7.44,7.44,488
2013-01-16,7.44,7.44,7.44,7.44,822
2013-01-18,7.44,7.44,7.44,7.44,500
2013-01-22,7.4,7.4,6.92,6.92,1250
2013-01-23,7.0,7.0,6.92,7.0,1375
2013-01-28,7.6,8.0,7.6,8.0,737
2013-02-04,8.24,8.24,8.2,8.2,149
2013-02-07,7.4,7.4,7.12,7.12,822
2013-02-08,7.8,7.8,7.8,7.8,128
2013-02-11,8.0,8.0,8.0,8.0,225
2013-02-12,8.8,9.44,8.6,8.6,2875
2013-02-13,8.6,8.6,8.6,8.6,2675
2013-02-14,8.8,8.8,8.6,8.6,556
2013-02-15,8.6,8.6,8.6,8.6,575
2013-02-19,9.0,9.0,9.0,9.0,1500
2013-02-20,8.8,8.8,8.8,8.8,250
2013-02-21,8.8,9.2,8.8,9.2,14860
2013-02-25,9.2,9.52,9.2,9.52,438
2013-02-28,9.48,9.48,9.2,9.48,2000
2013-03-01,9.6,11.56,9.6,11.4,2870
2013-03-04,10.0,10.0,10.0,10.0,75
2013-03-06,10.4,10.4,9.96,10.0,1244
2013-03-07,10.0,10.0,9.68,9.68,37591
2013-03-08,10.0,10.0,10.0,10.0,250
2013-03-19,9.4,9.4,8.8,8.8,806
2013-03-22,9.0,9.0,8.8,8.8,351
2013-04-05,8.6,8.8,8.6,8.8,3500
2013-04-09,8.8,8.8,8.8,8.8,125
2013-04-10,9.12,9.12,9.12,9.12,125
2013-04-12,8.52,8.52,8.48,8.48,923
2013-04-22,8.44,8.44,8.44,8.44,125
2013-04-26,8.6,8.6,8.6,8.6,51
2013-04-29,8.6,8.88,8.6,8.88,3351
2013-05-02,8.2,8.4,8.2,8.4,909
2013-05-03,8.4,8.6,8.4,8.6,150
2013-05-07,8.8,8.96,8.8,8.96,400
2013-05-21,8.4,8.4,8.0,8.0,250
2013-05-28,8.44,8.44,8.36,8.36,275
2013-05-31,8.24,8.24,8.2,8.2,326
2013-06-05,8.6,9.0,8.6,9.0,376
2013-06-07,9.0,9.0,9.0,9.0,58
2013-06-12,8.4,8.4,8.4,8.4,162
2013-06-17,8.4,8.4,8.4,8.4,125
2013-06-18,8.4,8.4,8.4,8.4,250
2013-06-20,8.08,8.08,7.0,7.6,4050
2013-06-21,7.48,7.48,7.48,7.48,51
2013-06-25,8.0,8.2,8.0,8.2,913
2013-06-26,8.4,8.4,8.4,8.4,500
2013-06-27,8.04,8.04,8.04,8.04,175
2013-07-01,8.04,8.04,8.04,8.04,51
2013-07-08,8.4,8.52,8.2,8.2,733
2013-07-10,8.2,8.2,8.2,8.2,180
2013-07-11,8.2,8.2,8.2,8.2,250
2013-07-15,8.28,8.28,8.28,8.28,500
2013-07-16,8.28,8.28,8.08,8.08,1612
2013-07-17,8.08,8.4,8.08,8.4,4243
2013-07-18,8.6,8.6,8.6,8.6,25
2013-07-23,8.48,8.48,8.48,8.48,1250
2013-07-25,8.8,9.2,8.8,9.2,575
2013-07-29,9.92,10.32,9.4,10.32,3747
2013-07-30,10.4,10.4,9.8,9.8,275
2013-07-31,9.6,9.8,9.6,9.8,654
2013-08-01,9.6,9.88,9.44,9.8,2933
2013-08-05,10.0,10.0,9.4,9.8,2034
2013-08-06,9.52,10.0,9.52,10.0,904
2013-08-07,9.8,10.0,9.6,10.0,4989
2013-08-08,10.0,10.0,10.0,10.0,25
2013-08-12,10.0,10.76,10.0,10.76,900
2013-08-13,10.68,10.68,10.68,10.68,251
2013-08-16,10.0,10.0,10.0,10.0,25
2013-08-19,10.0,10.0,9.8,9.8,200
2013-08-21,10.0,10.0,10.0,10.0,250
2013-08-23,9.6,9.6,9.6,9.6,264
2013-08-26,9.6,10.0,8.6,10.0,478
2013-08-27,9.4,9.4,9.4,9.4,125
2013-08-28,9.6,9.6,9.6,9.6,25
2013-08-29,9.48,9.48,9.48,9.48,25
2013-08-30,10.0,10.0,10.0,10.0,25
2013-09-03,10.0,10.0,10.0,10.0,294
2013-09-05,9.4,9.4,9.4,9.4,534
2013-09-18,9.4,9.4,9.4,9.4,175
2013-09-24,9.76,9.76,9.4,9.4,629
2013-09-26,9.4,9.4,9.4,9.4,98
2013-09-30,9.8,9.8,9.8,9.8,25
2013-10-04,9.4,9.88,9.4,9.88,875
2013-10-10,9.8,9.8,9.8,9.8,2206
2013-10-11,9.8,9.8,9.8,9.8,646
2013-10-16,9.96,10.0,9.96,10.0,741
2013-10-21,10.2,10.4,10.2,10.4,100
2013-10-30,10.0,10.0,10.0,10.0,250
2013-10-31,10.12,10.12,10.12,10.12,25
2013-11-01,9.68,9.92,9.48,9.92,1601
2013-11-06,9.92,10.0,9.92,10.0,313
2013-11-07,9.48,9.92,9.92,9.92,108
2013-11-08,9.48,9.48,9.48,9.48,450
2013-11-11,10.0,10.0,10.0,10.0,518
2013-11-14,9.4,10.0,9.4,10.0,682
2013-11-18,10.0,10.0,10.0,10.0,675
2013-11-19,9.32,9.4,9.32,9.4,286
2013-11-21,9.6,10.0,9.6,10.0,683
2013-11-22,9.74,10.12,9.74,10.12,706
2013-11-25,9.68,9.68,9.68,9.68,420
2013-11-26,9.68,9.8,9.68,9.8,1321
2013-12-03,10.0,10.0,8.8,9.6,27720
2013-12-05,9.2,9.2,9.2,9.2,233
2013-12-11,9.4,9.4,9.4,9.4,500
2013-12-12,9.6,9.6,9.6,9.6,4250
2013-12-16,9.88,10.0,9.8,10.0,858
2013-12-19,9.8,10.0,9.8,10.0,1972
2013-12-20,9.8,9.8,9.8,9.8,4170
2013-12-23,9.2,9.48,9.04,9.48,671
2013-12-27,9.16,9.48,9.12,9.48,419
2013-12-31,9.4,9.48,9.16,9.48,664
2014-01-07,9.24,9.24,9.24,9.24,425
2014-01-09,9.24,9.49,9.2,9.49,306
2014-01-15,9.2,9.2,9.2,9.2,51
2014-01-22,9.56,9.6,9.56,9.6,100
2014-01-28,9.6,9.6,9.28,9.28,2318
2014-02-04,9.44,9.44,9.44,9.44,375
2014-02-13,9.2,9.4,9.2,9.4,1750
2014-02-20,9.2,9.2,9.2,9.2,84
2014-02-21,9.4,9.4,9.4,9.4,521
2014-02-28,9.6,9.8,9.6,9.6,553
2014-03-03,9.76,9.8,9.76,9.8,384
2014-03-04,9.96,10.0,9.8,10.0,5504
2014-03-05,9.71,9.71,9.6,9.6,1611
2014-03-06,9.8,10.0,9.8,9.8,775
2014-03-07,9.8,10.0,9.8,10.0,883
2014-03-10,10.12,10.12,9.96,9.96,90
2014-03-11,9.88,9.92,9.88,9.92,1350
2014-03-26,9.64,9.64,9.6,9.6,1764
2014-03-28,9.4,9.4,9.4,9.4,236
2014-03-31,9.84,9.84,9.84,9.84,25
2014-04-01,10.0,10.04,10.0,10.04,1014
2014-04-02,10.4,10.4,10.4,10.4,125
2014-04-07,9.6,9.6,9.6,9.6,33
2014-04-08,10.0,10.0,10.0,10.0,1000
2014-04-09,10.4,10.4,10.4,10.4,438
2014-04-10,10.38,10.38,10.0,10.0,650
2014-04-11,9.92,9.96,9.92,9.96,250
2014-04-14,9.96,10.0,9.96,10.0,275
2014-04-21,10.0,10.48,9.52,10.48,3250
2014-04-24,9.66,9.68,9.66,9.68,50
2014-04-25,9.68,9.68,9.68,9.68,500
2014-04-28,10.08,10.08,10.08,10.08,25
2014-05-02,10.0,10.0,9.68,9.68,1028
2014-05-05,10.0,10.0,10.0,10.0,157
2014-05-06,10.0,10.26,9.4,9.4,812
2014-05-07,9.9,9.92,9.9,9.92,190
2014-05-13,9.96,9.96,9.96,9.96,250
2014-05-22,10.0,10.0,10.0,10.0,1300
2014-05-23,10.0,10.0,9.92,10.0,6684
2014-05-27,10.0,10.2,10.0,10.2,2858
2014-05-30,10.2,10.2,10.2,10.2,1767
2014-06-04,9.6,10.28,9.6,10.2,1300
2014-06-05,10.2,10.2,10.2,10.2,1000
2014-06-09,10.0,10.0,10.0,10.0,1250
2014-06-12,9.64,9.64,9.64,9.64,51
2014-06-13,10.0,10.0,10.0,10.0,2762
2014-06-16,10.0,10.0,10.0,10.0,250
2014-06-18,9.96,10.0,9.96,10.0,718
2014-06-19,9.64,9.64,9.64,9.64,625
2014-06-20,10.03,10.03,10.0,10.0,50
2014-06-23,10.16,10.2,10.16,10.2,400
2014-06-30,10.0,10.2,9.2,10.2,3105
2014-07-08,10.0,10.0,10.0,10.0,500
2014-07-18,9.84,9.84,9.84,9.84,500
2014-07-23,10.6,10.6,10.6,10.6,3280
2014-07-24,9.72,10.28,9.72,10.28,3236
2014-07-30,10.6,10.6,10.6,10.6,35
2014-08-01,10.4,10.4,10.4,10.4,657
2014-08-04,10.4,10.4,10.2,10.2,1968
2014-08-11,10.26,10.26,10.2,10.2,2332
2014-08-12,10.2,10.2,10.2,10.2,454
2014-08-13,9.97,9.97,9.84,9.84,204
2014-08-18,10.0,10.0,9.84,9.84,518
2014-08-22,10.0,10.32,9.8,10.32,8753
2014-08-25,10.32,10.4,10.32,10.4,250
2014-08-26,10.0,10.0,10.0,10.0,25
2014-08-28,10.0,10.0,10.0,10.0,25
2014-08-29,10.0,10.0,10.0,10.0,325
2014-09-02,10.0,10.0,9.68,10.0,2086
2014-09-03,10.16,10.16,10.16,10.16,50
2014-09-04,10.16,10.16,10.16,10.16,1616
2014-09-09,10.12,10.62,10.0,10.6,3698
2014-09-10,10.68,11.28,10.68,11.28,2275
2014-09-11,11.28,11.28,11.28,11.28,2500
2014-09-12,11.4,11.4,11.4,11.4,100
2014-09-15,11.56,11.96,11.56,11.92,2150
2014-09-16,11.96,12.48,11.96,12.0,475
2014-09-17,12.12,12.2,11.84,12.0,4228
2014-09-24,12.4,12.4,12.16,12.2,920
2014-09-26,12.0,12.0,12.0,12.0,168
2014-10-01,11.84,11.84,11.84,11.84,1075
2014-10-02,11.6,11.6,11.6,11.6,625
2014-10-03,11.6,11.6,11.6,11.6,112
2014-10-06,11.7,11.8,11.6,11.68,5150
2014-10-08,11.96,12.0,11.94,12.0,223
2014-10-09,11.68,11.68,11.68,11.68,625
2014-10-15,11.68,11.88,11.6,11.88,5567
2014-10-22,11.6,11.6,11.6,11.6,1770
2014-10-24,11.64,11.64,11.6,11.6,51
2014-10-27,11.7,11.7,11.6,11.6,188
2014-10-28,11.8,12.48,11.8,12.48,477
2014-10-30,12.0,12.0,12.0,12.0,123
2014-10-31,12.0,12.2,12.0,12.2,6826
2014-11-03,12.32,12.32,12.32,12.32,250
2014-11-04,12.2,12.2,12.2,12.2,188
2014-11-05,12.2,12.2,12.2,12.2,112
2014-11-06,12.2,12.2,12.2,12.2,162
2014-11-13,12.0,12.0,12.0,12.0,25
2014-11-17,12.0,12.0,12.0,12.0,625
2014-11-18,11.6,11.6,11.6,11.6,26
2014-11-21,12.0,12.0,11.6,11.6,362
2014-11-25,11.6,11.6,11.6,11.6,257
2014-12-02,11.64,11.64,11.64,11.64,150
2014-12-04,12.0,12.0,11.6,11.6,374
2014-12-05,12.0,12.0,11.63,12.0,633
2014-12-08,12.4,14.2,12.2,13.0,4014
2014-12-09,13.2,13.28,12.44,13.2,849
2014-12-10,13.0,13.0,13.0,13.0,25
2014-12-15,13.16,13.16,13.0,13.0,112
2014-12-16,13.16,13.16,12.6,12.6,288
2014-12-17,13.0,13.16,13.0,13.12,325
2014-12-18,13.16,13.4,13.16,13.4,1400
2014-12-19,13.32,14.0,13.32,14.0,2311
2014-12-22,14.6,14.6,13.0,13.2,1875
2014-12-23,13.6,13.6,13.6,13.6,25
2014-12-26,14.96,14.96,14.8,14.8,50
2014-12-29,14.6,14.6,14.0,14.4,938
2014-12-30,13.2,13.2,13.2,13.2,25
2014-12-31,13.4,13.8,13.24,13.24,660
2015-01-05,14.6,14.6,13.6,13.8,780
2015-01-07,13.4,13.8,13.4,13.8,101
2015-01-08,14.0,14.0,14.0,14.0,216
2015-01-09,13.6,13.6,13.6,13.6,50
2015-01-12,13.8,13.8,13.64,13.64,250
2015-01-13,13.8,13.8,13.4,13.4,812
2015-01-14,13.6,13.6,13.6,13.6,125
2015-01-16,14.2,14.2,13.8,13.8,1048
2015-01-21,14.0,14.0,14.0,14.0,25
2015-01-22,14.16,14.16,13.6,13.6,350
2015-01-23,13.6,13.6,13.0,13.24,875
2015-01-26,13.2,13.2,12.08,13.0,3800
2015-01-27,13.2,13.2,13.2,13.2,125
2015-01-28,13.0,13.0,13.0,13.0,500
2015-01-29,13.0,13.36,12.8,12.8,2651
2015-02-02,12.96,13.0,12.8,12.8,450
2015-02-03,12.84,12.88,12.84,12.88,649
2015-02-05,13.0,13.16,12.92,12.92,1046
2015-02-12,13.6,13.6,13.6,13.6,100
2015-02-13,13.28,13.28,13.28,13.28,10462
2015-02-17,13.0,13.0,13.0,13.0,959
2015-02-18,13.13,13.2,13.13,13.2,50
2015-02-19,13.4,13.4,13.4,13.4,642
2015-02-23,13.52,13.6,13.52,13.6,525
2015-02-27,13.6,13.6,13.6,13.6,62
2015-03-05,13.44,13.44,13.4,13.4,2640
2015-03-10,13.6,13.6,13.6,13.6,28
2015-03-13,13.6,13.8,13.6,13.8,250
2015-03-16,13.84,13.84,13.8,13.8,2416
2015-03-18,13.2,13.2,13.2,13.2,75
2015-03-19,13.12,13.12,13.12,13.12,50
2015-03-23,13.76,13.8,13.76,13.8,750
2015-03-24,13.8,13.8,13.8,13.8,2000
2015-03-25,13.8,13.86,13.76,13.8,2375
2015-03-30,13.8,13.86,13.4,13.4,2590
2015-03-31,13.28,13.28,13.28,13.28,25
2015-04-01,13.6,13.86,13.6,13.8,650
2015-04-06,13.24,13.6,13.24,13.6,2825
2015-04-07,13.4,13.4,13.4,13.4,35
2015-04-08,13.4,13.4,13.4,13.4,25
2015-04-09,13.4,13.4,13.4,13.4,1250
2015-04-13,13.68,15.0,13.68,14.92,2118
2015-04-15,14.52,15.56,14.52,15.56,1165
2015-04-20,15.4,15.4,15.4,15.4,50
2015-04-21,14.2,14.4,13.8,14.4,696
2015-04-22,14.2,14.2,13.4,13.48,1500
2015-04-23,14.16,15.2,14.16,15.2,1431
2015-04-24,13.8,14.0,13.48,14.0,3450
2015-04-29,14.4,14.4,14.4,14.4,340
2015-05-01,15.0,15.0,14.6,14.6,75
2015-05-05,14.8,14.8,14.8,14.8,157
2015-05-08,14.4,14.4,14.2,14.2,2921
2015-05-12,14.4,14.4,14.4,14.4,25
2015-05-13,14.4,14.4,12.24,14.2,6383
2015-05-14,14.2,14.2,13.2,13.6,1224
2015-05-15,13.84,14.0,13.84,14.0,318
2015-05-18,14.2,14.2,14.2,14.2,375
2015-05-19,14.0,14.0,13.6,13.6,1204
2015-05-20,14.32,14.88,14.32,14.88,300
2015-05-21,14.84,14.84,13.6,14.4,1694
2015-05-22,14.4,15.0,14.4,14.8,3843
2015-05-26,14.86,14.86,14.8,14.8,4325
2015-05-27,14.8,14.8,14.8,14.8,25
2015-05-29,14.8,14.8,14.8,14.8,1625
2015-06-02,14.82,14.82,14.6,14.6,284
2015-06-03,14.6,14.8,14.6,14.8,425
2015-06-04,14.6,15.0,14.0,15.0,650
2015-06-05,15.0,15.0,15.0,15.0,50
2015-06-09,14.4,14.8,14.4,14.8,338
2015-06-12,14.8,16.0,14.8,16.0,3339
2015-06-15,14.82,14.84,14.8,14.84,325
2015-06-17,15.36,15.36,14.0,14.8,826
2015-06-18,15.0,15.0,15.0,15.0,464
2015-06-19,14.4,15.0,14.4,15.0,675
2015-06-22,14.6,14.6,14.6,14.6,504
2015-06-23,15.0,15.0,15.0,15.0,25
2015-06-26,15.24,15.92,15.2,15.92,775
2015-07-14,15.44,15.44,15.2,15.2,103
2015-07-15,15.4,15.4,15.4,15.4,557
2015-07-16,15.4,15.4,15.4,15.4,250
2015-07-17,15.92,16.0,15.68,15.68,1381
2015-07-22,15.96,17.2,15.68,15.68,1337
2015-07-23,15.68,15.68,15.68,15.68,274
2015-07-24,15.68,15.68,15.68,15.68,250
2015-07-27,15.68,15.68,15.68,15.68,550
2015-07-28,15.6,15.6,15.6,15.6,1550
2015-07-29,15.68,15.68,15.68,15.68,25
2015-07-30,16.0,16.0,16.0,16.0,250
2015-08-03,16.2,16.2,16.0,16.0,156
2015-08-05,15.84,15.84,15.8,15.8,988
2015-08-06,15.66,15.66,15.6,15.6,700
2015-08-11,15.6,15.6,15.6,15.6,1000
2015-08-14,15.8,15.8,15.8,15.8,25
2015-08-18,15.56,15.8,15.28,15.4,2460
2015-08-19,15.6,16.0,15.2,15.2,1263
2015-08-20,15.4,15.4,15.4,15.4,850
2015-08-21,15.24,15.4,15.2,15.28,3450
2015-08-24,15.28,15.28,14.92,15.2,586
2015-08-26,15.2,15.6,15.0,15.28,1164
2015-08-27,15.52,15.68,15.52,15.68,475
2015-08-28,15.6,15.6,15.4,15.4,547
2015-09-01,15.4,15.4,15.4,15.4,25
2015-09-02,15.4,15.4,15.4,15.4,975
2015-09-03,15.8,16.2,15.6,16.2,550
2015-09-04,16.0,16.0,16.0,16.0,822
2015-09-10,16.0,16.0,15.6,15.6,4003
2015-09-11,16.84,16.84,16.84,16.84,75
2015-09-14,16.8,16.8,16.8,16.8,50
2015-09-15,16.0,16.8,16.0,16.8,258
2015-09-17,16.52,16.52,15.0,15.2,9508
2015-09-18,15.38,15.4,15.04,15.08,1452
2015-09-21,15.32,15.32,15.08,15.32,325
2015-09-22,15.32,15.4,15.2,15.2,986
2015-09-23,15.1,15.18,15.04,15.05,40241
2015-10-01,15.05,15.05,15.0,15.0,2249
2015-10-02,15.0,15.0,15.0,15.0,132
2015-10-06,15.15,15.15,15.15,15.15,1752
2015-10-07,15.15,15.15,15.05,15.05,4750
2015-10-08,15.1,15.12,15.1,15.12,335
2015-10-09,15.15,15.15,15.15,15.15,255
2015-10-12,15.1,15.1,15.1,15.1,150
2015-10-13,15.1,15.15,15.1,15.11,1300
2015-10-14,15.15,15.15,15.1,15.1,4435
2015-10-15,15.12,15.25,15.12,15.25,5113
2015-10-19,15.25,15.25,15.25,15.25,1250
2015-10-20,15.1,15.25,15.0,15.2,3575
2015-10-22,15.2,15.25,15.05,15.25,3550
2015-10-23,15.3,15.4,15.3,15.3,920
2015-10-27,15.25,15.25,15.05,15.05,17934
2015-10-28,15.15,15.25,15.15,15.2,1000
2015-11-02,15.18,15.18,15.06,15.1,6950
2015-11-03,15.1,15.1,15.1,15.1,794
2015-11-05,15.1,15.1,15.1,15.1,2800
2015-11-09,15.1,15.1,15.1,15.1,2299
2015-11-10,15.1,15.1,15.1,15.1,2506
2015-11-11,15.15,15.15,15.1,15.1,6700
2015-11-12,15.15,15.3,15.15,15.3,20592
2015-11-13,15.25,15.98,15.25,15.5,4000
2015-11-16,15.7,16.0,15.7,15.75,2414
2015-11-17,15.7,15.7,15.5,15.6,1085
2015-11-18,15.6,15.6,15.5,15.5,900
2015-11-19,15.5,15.65,15.5,15.5,4200
2015-11-20,15.5,15.5,15.4,15.4,625
2015-11-23,15.6,15.6,15.3,15.3,775
2015-11-24,15.4,15.45,15.3,15.4,12280
2015-11-25,15.3,15.3,15.28,15.28,1504
2015-11-27,15.3,15.3,15.3,15.3,1400
2015-11-30,15.28,15.3,15.26,15.26,4527
2015-12-01,15.26,15.3,15.26,15.3,2300
2015-12-02,15.3,15.3,15.3,15.3,4800
2015-12-03,15.3,15.3,15.1,15.2,16100
2015-12-07,15.2,15.2,15.2,15.2,1150
2015-12-08,15.25,15.25,15.23,15.23,2700
2015-12-09,15.23,15.23,15.23,15.23,359
2015-12-10,15.25,15.25,15.25,15.25,6000
2015-12-11,15.25,15.25,15.25,15.25,2206
2015-12-16,15.5,15.7,15.5,15.7,350
2015-12-17,15.7,15.7,15.5,15.5,200
2015-12-18,15.3,15.3,15.25,15.25,1750
