Date,Open,High,Low,Close,Volume
2006-10-25,25.0,25.5,25.0,25.5,7900
2006-10-26,25.49,25.49,25.11,25.11,885
2006-10-27,25.25,25.51,25.25,25.51,3304
2006-10-30,25.55,25.65,25.4,25.4,3000
2006-10-31,25.4,25.5,25.36,25.5,1800
2006-11-01,25.5,25.5,25.4,25.4,1400
2006-11-02,25.4,25.41,25.38,25.38,3568
2006-11-03,25.45,25.45,25.45,25.45,1400
2006-11-06,25.45,25.55,25.45,25.5,3600
2006-11-07,25.5,25.5,25.4,25.4,9000
2006-11-08,25.45,25.45,25.45,25.45,800
2006-11-09,25.45,25.45,25.45,25.45,1000
2006-11-10,25.55,25.55,25.45,25.45,13200
2006-11-13,25.55,25.55,25.45,25.45,1746
2006-11-14,25.4,25.74,25.4,25.74,3929
2006-11-15,,,,25.74,0
2006-11-16,25.5,25.65,25.5,25.65,904
2006-11-17,26.0,26.0,25.21,25.35,22675
2006-11-20,25.4,25.63,25.37,25.46,13319
2006-11-21,25.45,25.73,25.44,25.65,9400
2006-11-22,,,,25.65,0
2006-11-24,25.73,25.73,25.73,25.73,200
2006-11-27,25.9,25.9,25.34,25.44,24604
2006-11-28,25.44,25.44,25.44,25.44,190
2006-11-29,25.44,25.45,25.4,25.4,1373
2006-11-30,25.44,25.44,25.36,25.44,3215
2006-12-01,25.4,25.68,25.4,25.44,5448
2006-12-04,25.49,25.49,25.41,25.44,1600
2006-12-05,25.44,25.49,25.44,25.47,2648
2006-12-06,25.49,25.68,25.45,25.45,2550
2006-12-07,25.4,25.45,25.4,25.45,2452
2006-12-08,25.44,25.44,25.44,25.44,2875
2006-12-11,25.44,25.44,25.44,25.44,400
2006-12-12,25.4,25.68,25.4,25.41,3724
2006-12-13,25.44,25.44,25.44,25.44,800
2006-12-14,25.44,25.44,25.44,25.44,1000
2006-12-15,25.45,25.45,25.45,25.45,720
2006-12-18,25.5,25.5,25.41,25.41,2608
2006-12-19,25.45,25.45,25.34,25.4,31200
2006-12-20,25.4,25.4,25.4,25.4,300
2006-12-21,25.4,25.44,25.4,25.44,1602
2006-12-22,25.35,25.35,25.35,25.35,400
2006-12-26,25.44,25.44,25.44,25.44,1000
2006-12-27,25.44,25.44,25.44,25.44,880
2006-12-28,25.44,25.44,25.44,25.44,1320
2006-12-29,25.44,25.44,25.43,25.44,1046
2007-01-03,25.43,25.43,25.43,25.43,604
2007-01-04,25.41,25.44,25.4,25.4,3954
2007-01-05,,,,25.4,0
2007-01-08,25.44,25.44,25.36,25.44,5165
2007-01-09,25.44,25.49,25.21,25.21,4300
2007-01-10,25.44,25.44,25.44,25.44,1100
2007-01-11,25.44,25.44,25.0,25.0,2080
2007-01-12,25.43,25.43,25.4,25.4,1400
2007-01-16,,,,25.4,0
2007-01-17,25.41,25.41,25.4,25.4,2700
2007-01-18,25.45,25.45,25.45,25.45,150
2007-01-19,25.4,25.4,25.38,25.39,2595
2007-01-22,25.26,25.42,25.26,25.4,1200
2007-01-23,25.4,25.4,25.26,25.3,2500
2007-01-24,25.4,25.4,25.3,25.35,4900
2007-01-25,,,,25.35,0
2007-01-26,25.32,25.48,25.32,25.32,3600
2007-01-29,25.32,25.48,25.32,25.47,1625
2007-01-30,25.38,25.38,25.38,25.38,800
2007-01-31,25.38,25.45,25.38,25.4,2303
2007-02-01,25.43,25.43,25.31,25.38,2050
2007-02-02,25.35,25.38,25.25,25.25,2300
2007-02-05,25.3,25.38,25.3,25.38,1388
2007-02-06,25.4,25.48,25.4,25.48,800
2007-02-07,25.48,25.48,25.38,25.38,600
2007-02-08,25.38,25.88,25.38,25.88,2000
2007-02-09,25.44,25.44,25.25,25.4,2734
2007-02-12,,,,25.4,0
2007-02-13,,,,25.4,0
2007-02-14,25.39,25.45,25.39,25.45,1200
2007-02-15,26.0,26.0,26.0,26.0,100
2007-02-16,25.5,25.5,25.13,25.13,900
2007-02-20,25.23,25.25,25.12,25.25,1201
2007-02-21,,,,25.25,0
2007-02-22,25.26,25.26,25.15,25.15,2620
2007-02-23,25.21,25.23,25.05,25.05,2250
2007-02-26,25.35,25.35,25.19,25.19,600
2007-02-27,25.15,25.15,25.09,25.15,2203
2007-02-28,25.24,25.24,25.16,25.24,2600
2007-03-01,25.27,25.27,25.16,25.16,500
2007-03-02,25.17,25.22,25.0,25.22,3699
2007-03-05,25.05,25.21,25.05,25.21,1175
2007-03-06,25.23,25.23,25.04,25.05,3580
2007-03-07,25.16,25.18,25.15,25.18,2842
2007-03-08,25.19,25.3,25.1,25.3,2200
2007-03-09,25.11,25.13,25.01,25.1,8000
2007-03-12,25.24,25.3,25.24,25.3,700
2007-03-13,25.4,25.74,25.32,25.32,4283
2007-03-14,25.33,25.33,25.3,25.3,2000
2007-03-15,25.3,25.3,25.3,25.3,300
2007-03-16,25.3,25.3,25.3,25.3,800
2007-03-19,25.3,25.34,25.26,25.3,2200
2007-03-20,25.25,25.25,25.15,25.24,12300
2007-03-21,25.24,25.24,25.15,25.19,1550
2007-03-22,25.16,25.19,25.05,25.19,1733
2007-03-23,25.2,25.2,25.15,25.15,1945
2007-03-26,25.16,25.16,25.16,25.16,400
2007-03-27,25.17,25.19,25.17,25.19,1000
2007-03-28,25.24,25.24,25.06,25.06,2050
2007-03-29,25.23,25.23,25.1,25.1,7025
2007-03-30,25.11,25.11,25.06,25.06,700
2007-04-02,25.15,25.24,25.1,25.14,3870
2007-04-03,25.01,25.15,25.01,25.14,2710
2007-04-04,25.14,25.14,25.14,25.14,300
2007-04-05,25.15,25.15,25.15,25.15,1095
2007-04-09,25.15,25.15,25.15,25.15,112
2007-04-10,25.15,25.35,25.06,25.15,5330
2007-04-11,25.15,25.15,25.15,25.15,1195
2007-04-12,25.25,25.25,25.25,25.25,400
2007-04-13,25.25,25.25,25.25,25.25,700
2007-04-16,25.29,25.29,25.29,25.29,200
2007-04-17,25.25,25.25,25.25,25.25,1000
2007-04-18,25.1,25.1,25.1,25.1,600
2007-04-19,25.2,25.25,25.2,25.25,600
2007-04-20,,,,25.25,0
2007-04-23,25.15,25.15,25.1,25.1,2100
2007-04-24,,,,25.1,0
2007-04-25,25.12,25.2,25.1,25.2,478
2007-04-26,,,,25.2,0
2007-04-27,25.1,25.11,25.01,25.01,4050
2007-04-30,,,,25.01,0
2007-05-01,,,,25.01,0
2007-05-02,25.1,25.16,25.1,25.16,1080
2007-05-03,25.21,25.21,25.15,25.15,400
2007-05-04,25.18,25.18,25.05,25.05,1100
2007-05-07,25.06,25.19,25.05,25.05,1700
2007-05-08,25.1,25.1,25.1,25.1,500
2007-05-09,25.1,25.1,25.05,25.06,2000
2007-05-10,25.05,25.05,25.0,25.0,9700
2007-05-11,25.0,25.28,24.99,25.0,22416
2007-05-14,25.1,25.1,25.1,25.1,600
2007-05-15,,,,25.1,0
2007-05-16,25.16,25.16,25.16,25.16,100
2007-05-17,25.15,25.27,25.01,25.01,950
2007-05-18,25.0,25.0,25.0,25.0,6150
2007-05-21,24.92,24.92,24.92,24.92,850
2007-05-22,24.95,25.27,24.92,25.02,5700
2007-05-23,25.01,25.01,25.0,25.0,1250
2007-05-24,25.03,25.15,25.02,25.15,600
2007-05-25,,,,25.15,0
2007-05-29,25.2,25.2,25.0,25.0,400
2007-05-30,25.2,25.25,25.2,25.25,2150
2007-05-31,,,,25.25,0
2007-06-01,,,,25.25,0
2007-06-04,,,,25.25,0
2007-06-05,,,,25.25,0
2007-06-06,25.25,25.25,25.0,25.0,1200
2007-06-07,25.0,25.3,25.0,25.3,1232
2007-06-08,,,,25.3,0
2007-06-11,24.93,25.1,24.93,25.1,1858
2007-06-12,25.4,25.4,25.01,25.1,8490
2007-06-13,25.29,25.31,25.29,25.3,3195
2007-06-14,,,,25.3,0
2007-06-15,25.21,25.21,25.21,25.21,250
2007-06-18,25.3,25.3,25.21,25.21,600
2007-06-19,,,,25.21,0
2007-06-20,25.05,25.05,24.74,24.74,1000
2007-06-21,24.79,24.79,24.76,24.76,400
2007-06-22,24.98,25.05,24.98,25.05,636
2007-06-25,25.09,25.09,25.0,25.0,700
2007-06-26,25.07,25.07,24.8,25.0,1580
2007-06-27,,,,25.0,0
2007-06-28,25.0,25.0,25.0,25.0,200
2007-06-29,25.0,25.0,25.0,25.0,500
2007-07-02,24.93,25.15,24.92,25.15,1094
2007-07-03,25.23,25.23,25.23,25.23,120
2007-07-05,,,,25.23,0
2007-07-06,25.24,25.24,25.04,25.04,928
2007-07-09,25.03,25.03,24.92,24.92,200
2007-07-10,,,,24.92,0
2007-07-11,25.15,25.15,24.6,24.74,2320
2007-07-12,24.74,24.74,24.74,24.74,100
2007-07-13,24.64,25.05,24.64,25.05,1310
2007-07-16,25.1,25.1,25.1,25.1,2000
2007-07-17,24.99,25.2,24.96,24.96,400
2007-07-18,24.99,25.43,24.99,25.06,300
2007-07-19,25.01,25.01,25.01,25.01,200
2007-07-20,,,,25.01,0
2007-07-23,25.2,25.2,25.2,25.2,200
2007-07-24,25.22,25.22,25.22,25.22,881
2007-07-25,25.25,25.25,25.06,25.06,2211
2007-07-26,25.0,25.25,24.21,24.5,4000
2007-07-27,25.34,25.34,25.34,25.34,400
2007-07-30,24.51,25.25,24.1,24.13,2081
2007-07-31,24.39,24.94,24.39,24.94,400
2007-08-01,24.74,24.98,24.74,24.75,3780
2007-08-02,24.61,24.75,24.25,24.25,4800
2007-08-03,24.54,24.54,24.54,24.54,120
2007-08-06,24.56,24.56,24.56,24.56,499
2007-08-07,24.25,24.25,23.45,23.45,700
2007-08-08,24.25,24.25,24.23,24.23,680
2007-08-09,24.0,24.0,24.0,24.0,100
2007-08-10,23.6,23.96,23.6,23.96,550
2007-08-13,23.99,24.0,23.99,24.0,400
2007-08-14,,,,24.0,0
2007-08-15,24.0,24.0,24.0,24.0,400
2007-08-16,23.9,23.9,23.9,23.9,450
2007-08-17,23.5,23.5,22.99,23.0,1400
2007-08-20,,,,23.0,0
2007-08-21,23.26,23.26,23.26,23.26,300
2007-08-22,23.4,23.5,23.4,23.5,600
2007-08-23,23.5,24.4,23.5,24.0,1305
2007-08-24,23.99,23.99,23.99,23.99,200
2007-08-27,23.28,23.28,23.0,23.0,600
2007-08-28,23.5,23.5,23.5,23.5,600
2007-08-29,23.24,23.24,23.01,23.01,1000
2007-08-30,23.71,23.73,23.0,23.0,1603
2007-08-31,23.72,23.72,23.72,23.72,100
2007-09-04,23.17,23.79,23.17,23.79,1143
2007-09-05,,,,23.79,0
2007-09-06,23.71,23.71,23.7,23.7,900
2007-09-07,23.51,23.51,23.5,23.51,697
2007-09-10,23.85,23.85,23.85,23.85,620
2007-09-11,23.62,23.62,23.62,23.62,275
2007-09-12,23.65,23.65,23.65,23.65,100
2007-09-13,23.99,24.75,23.76,23.76,1200
2007-09-14,23.51,24.1,23.5,24.1,600
2007-09-17,24.3,24.56,24.0,24.41,2497
2007-09-18,24.08,24.56,24.07,24.56,1320
2007-09-19,24.75,24.75,24.75,24.75,1000
2007-09-20,,,,24.75,0
2007-09-21,24.5,24.5,24.25,24.4,1400
2007-09-24,24.41,24.75,24.4,24.75,1302
2007-09-25,24.02,24.5,24.01,24.5,800
2007-09-26,24.01,24.35,24.01,24.05,1100
2007-09-27,,,,24.05,0
2007-09-28,24.11,24.64,24.11,24.64,2280
2007-10-01,24.45,24.45,24.45,24.45,100
2007-10-02,24.7,24.82,24.4,24.4,1500
2007-10-03,,,,24.4,0
2007-10-04,,,,24.4,0
2007-10-05,,,,24.4,0
2007-10-08,24.31,24.31,24.31,24.31,143
2007-10-09,,,,24.31,0
2007-10-10,,,,24.31,0
2007-10-11,,,,24.31,0
2007-10-12,24.78,24.78,24.75,24.75,788
2007-10-15,24.5,24.69,24.17,24.5,2000
2007-10-16,24.65,24.66,24.25,24.5,1000
2007-10-17,,,,24.5,0
2007-10-18,,,,24.5,0
2007-10-19,24.45,24.45,24.04,24.04,1700
2007-10-22,24.04,24.38,24.04,24.38,3200
2007-10-23,24.07,24.07,24.07,24.07,100
2007-10-24,,,,24.07,0
2007-10-25,24.07,24.07,24.07,24.07,700
2007-10-26,24.06,24.06,24.04,24.04,400
2007-10-29,24.44,24.5,24.44,24.5,1300
2007-10-30,24.5,24.5,24.5,24.5,1200
2007-10-31,,,,24.5,0
2007-11-01,24.5,24.7,24.25,24.25,1450
2007-11-02,24.7,24.7,24.66,24.66,365
2007-11-05,24.7,24.7,24.13,24.13,750
2007-11-06,23.99,23.99,23.79,23.79,300
2007-11-07,23.51,23.99,23.51,23.95,3200
2007-11-08,23.95,23.95,23.95,23.95,800
2007-11-09,23.95,24.24,23.55,24.0,1650
2007-11-12,,,,24.0,0
2007-11-13,23.91,23.92,23.1,23.1,1884
2007-11-14,23.24,23.25,23.0,23.08,1600
2007-11-15,23.0,23.0,22.01,22.49,1000
2007-11-16,21.9,21.96,21.9,21.96,700
2007-11-19,23.0,23.0,22.2,22.2,500
2007-11-20,22.0,22.0,21.6,21.73,850
2007-11-21,21.4,21.4,21.4,21.4,1000
2007-11-23,21.45,21.49,21.44,21.44,900
2007-11-26,21.5,21.5,21.4,21.4,820
2007-11-27,21.4,21.4,21.4,21.4,100
2007-11-28,21.2,22.95,20.0,21.8,5550
2007-11-29,,,,21.8,0
2007-11-30,20.59,20.59,20.59,20.59,300
2007-12-03,20.75,20.76,19.9,19.9,1802
2007-12-04,19.8,22.9,19.51,22.9,3984
2007-12-05,22.7,22.7,20.04,21.35,1200
2007-12-06,20.7,22.02,20.7,21.6,2412
2007-12-07,21.6,21.6,20.55,20.55,800
2007-12-10,20.61,20.61,20.61,20.61,500
2007-12-11,20.55,20.55,20.54,20.54,399
2007-12-12,20.54,20.54,19.0,19.0,7855
2007-12-13,19.04,19.04,19.01,19.01,400
2007-12-14,18.5,19.0,18.1,18.6,13023
2007-12-17,18.6,18.75,17.8,18.08,2625
2007-12-18,17.7,19.25,17.7,18.85,2030
2007-12-19,18.8,18.8,18.0,18.0,3394
2007-12-20,18.08,18.9,17.81,18.9,18856
2007-12-21,18.2,18.23,18.06,18.06,600
2007-12-24,18.05,19.26,18.05,18.29,1100
2007-12-26,18.27,18.5,18.25,18.5,3140
2007-12-27,18.05,18.25,17.6,17.75,4898
2007-12-28,17.74,18.87,17.04,18.85,4677
2007-12-31,17.45,18.75,17.05,18.34,17038
2008-01-02,17.84,19.1,17.84,18.51,13634
2008-01-03,19.2,19.21,18.88,19.15,13588
2008-01-04,19.15,19.94,18.43,19.15,6840
2008-01-07,,,,19.15,0
2008-01-08,18.54,19.5,18.54,19.5,700
2008-01-09,19.11,19.11,19.0,19.1,2860
2008-01-10,19.45,19.51,19.42,19.51,1236
2008-01-11,19.76,19.79,18.86,18.86,1461
2008-01-14,19.58,19.92,18.58,19.4,38840
2008-01-15,19.29,19.59,19.29,19.5,2911
2008-01-16,19.63,19.63,19.63,19.63,15000
2008-01-17,19.9,20.0,19.9,19.98,2012
2008-01-18,20.9,20.9,19.74,19.75,1100
2008-01-22,19.5,19.8,19.3,19.8,1800
2008-01-23,19.65,19.65,19.63,19.63,300
2008-01-24,19.78,19.85,19.78,19.85,200
2008-01-25,19.85,19.85,19.85,19.85,400
2008-01-28,19.85,20.33,19.6,19.6,4420
2008-01-29,20.0,20.0,20.0,20.0,100
2008-01-30,,,,20.0,0
2008-01-31,20.25,21.75,20.01,20.01,3890
2008-02-01,21.75,22.25,21.56,21.61,3110
2008-02-04,,,,21.61,0
2008-02-05,22.38,22.38,22.38,22.38,950
2008-02-06,22.28,22.28,22.0,22.2,400
2008-02-07,22.37,22.37,21.4,22.05,1202
2008-02-08,,,,22.05,0
2008-02-11,22.15,22.24,22.1,22.2,1000
2008-02-12,22.2,22.2,22.17,22.2,1200
2008-02-13,22.2,22.2,22.0,22.0,800
2008-02-14,22.24,22.24,22.24,22.24,700
2008-02-15,21.9,22.0,21.9,22.0,465
2008-02-19,22.1,22.35,22.1,22.35,2346
2008-02-20,21.81,22.33,21.32,22.33,546
2008-02-21,22.23,22.23,21.52,21.52,500
2008-02-22,22.0,22.0,22.0,22.0,300
2008-02-25,22.1,22.49,21.72,21.73,1200
2008-02-26,21.79,21.79,21.76,21.76,400
2008-02-27,21.81,21.81,21.81,21.81,500
2008-02-28,22.11,22.45,22.11,22.45,2800
2008-02-29,22.45,22.45,21.75,22.45,2055
2008-03-03,22.42,22.42,22.41,22.41,1000
2008-03-04,21.56,22.4,21.56,22.4,1400
2008-03-05,21.6,22.4,21.6,21.6,700
2008-03-06,21.65,22.0,21.65,21.75,2200
2008-03-07,21.55,21.55,21.35,21.35,1200
2008-03-10,21.75,22.15,21.39,21.39,1386
2008-03-11,22.09,22.09,21.26,21.26,1100
2008-03-12,21.15,21.15,21.15,21.15,800
2008-03-13,,,,21.15,0
2008-03-14,21.15,21.15,18.75,19.25,3278
2008-03-17,19.26,19.26,19.26,19.26,300
2008-03-18,19.02,20.0,19.02,20.0,300
2008-03-19,19.15,20.37,17.71,19.36,2904
2008-03-20,19.91,20.14,19.91,20.03,1300
2008-03-24,20.14,20.15,19.95,19.95,3800
2008-03-25,19.5,19.56,19.5,19.56,900
2008-03-26,,,,19.56,0
2008-03-27,,,,19.56,0
2008-03-28,,,,19.56,0
2008-03-31,19.5,20.0,19.5,20.0,700
2008-04-01,20.15,20.15,20.15,20.15,105
2008-04-02,,,,20.15,0
2008-04-03,19.51,19.51,19.51,19.51,200
2008-04-04,19.24,19.4,19.0,19.0,3380
2008-04-07,,,,19.0,0
2008-04-08,19.38,19.8,19.38,19.8,1100
2008-04-09,19.85,19.85,19.85,19.85,350
2008-04-10,19.51,19.75,18.84,19.75,2601
2008-04-11,,,,19.75,0
2008-04-14,19.79,20.54,19.79,20.26,635
2008-04-15,20.2,20.55,19.96,19.96,700
2008-04-16,19.99,19.99,19.99,19.99,500
2008-04-17,,,,19.99,0
2008-04-18,20.74,20.74,20.74,20.74,100
2008-04-21,20.03,20.03,20.0,20.0,412
2008-04-22,20.44,20.44,20.4,20.4,326
2008-04-23,20.41,20.74,20.4,20.74,1196
2008-04-24,,,,20.74,0
2008-04-25,20.74,20.74,20.02,20.02,725
2008-04-28,20.05,21.74,20.02,21.21,5114
2008-04-29,21.21,21.21,21.0,21.0,460
2008-04-30,21.09,21.1,21.0,21.04,2600
2008-05-01,,,,21.04,0
2008-05-02,21.01,21.23,21.01,21.23,2400
2008-05-05,21.25,21.25,21.0,21.0,1300
2008-05-06,21.04,21.04,21.0,21.03,600
2008-05-07,21.34,21.39,21.34,21.39,530
2008-05-08,,,,21.39,0
2008-05-09,21.54,21.65,20.9,20.95,2846
2008-05-12,21.04,21.17,21.04,21.17,200
2008-05-13,20.97,21.0,20.9,20.9,1500
2008-05-14,20.99,21.3,20.99,21.07,1500
2008-05-15,21.0,21.39,20.51,20.51,2605
2008-05-16,20.7,20.7,20.7,20.7,500
2008-05-19,20.51,21.24,20.51,21.24,1100
2008-05-20,20.8,20.8,20.8,20.8,400
2008-05-21,,,,20.8,0
2008-05-22,20.8,20.8,20.8,20.8,200
2008-05-23,20.52,20.75,20.52,20.75,495
2008-05-27,20.56,20.56,20.52,20.52,2200
2008-05-28,20.5,20.6,19.43,19.43,1200
2008-05-29,20.11,20.34,20.03,20.3,2541
2008-05-30,,,,20.3,0
2008-06-02,20.11,20.26,19.76,20.09,2628
2008-06-03,20.2,20.4,20.0,20.4,1600
2008-06-04,20.0,20.0,19.84,19.84,697
2008-06-05,20.34,20.94,19.99,19.99,2800
2008-06-06,20.4,20.48,20.4,20.48,2100
2008-06-09,20.03,20.5,20.0,20.0,1200
2008-06-10,20.15,21.1,20.15,21.05,950
2008-06-11,20.03,20.03,20.03,20.03,160
2008-06-12,,,,20.03,0
2008-06-13,,,,20.03,0
2008-06-16,20.7,20.71,20.7,20.71,250
2008-06-17,20.68,20.7,19.89,20.66,1250
2008-06-18,19.84,19.84,19.84,19.84,200
2008-06-19,19.84,19.86,19.83,19.83,600
2008-06-20,19.66,19.68,19.66,19.68,200
2008-06-23,19.5,19.5,19.5,19.5,250
2008-06-24,20.01,20.01,17.35,17.35,703
2008-06-25,18.51,18.65,18.34,18.65,800
2008-06-26,,,,18.65,0
2008-06-27,18.66,18.66,18.66,18.66,700
2008-06-30,18.9,18.9,18.9,18.9,200
2008-07-01,18.9,18.9,18.9,18.9,154
2008-07-02,18.9,19.0,18.9,19.0,800
2008-07-03,18.9,18.9,18.9,18.9,200
2008-07-07,18.9,18.9,18.9,18.9,100
2008-07-08,18.01,18.01,18.0,18.0,400
2008-07-09,18.05,18.05,17.77,17.77,800
2008-07-10,18.0,18.0,17.55,17.55,425
2008-07-11,17.35,17.35,17.0,17.0,2124
2008-07-14,18.0,18.0,13.86,16.49,2800
2008-07-15,15.01,15.01,15.0,15.0,600
2008-07-16,15.0,15.0,14.75,15.0,1790
2008-07-17,15.0,16.0,15.0,16.0,610
2008-07-18,15.92,17.99,15.23,17.99,2296
2008-07-21,,,,17.99,0
2008-07-22,,,,17.99,0
2008-07-23,17.65,18.0,17.65,18.0,3607
2008-07-24,18.0,18.94,16.91,18.86,2498
2008-07-25,18.93,18.93,18.93,18.93,300
2008-07-28,,,,18.93,0
2008-07-29,,,,18.93,0
2008-07-30,18.05,18.07,18.02,18.02,1066
2008-07-31,18.02,18.48,17.03,17.5,2855
2008-08-01,17.97,18.0,17.52,18.0,766
2008-08-04,17.52,17.52,17.52,17.52,600
2008-08-05,18.46,18.46,18.46,18.46,100
2008-08-06,,,,18.46,0
2008-08-07,18.04,18.04,18.04,18.04,100
2008-08-08,,,,18.04,0
2008-08-11,,,,18.04,0
2008-08-12,,,,18.04,0
2008-08-13,18.99,19.0,18.99,19.0,398
2008-08-14,,,,19.0,0
2008-08-15,19.0,19.0,18.04,19.0,600
2008-08-18,,,,19.0,0
2008-08-19,18.05,20.0,18.05,20.0,1050
2008-08-20,20.0,20.0,16.06,19.9,800
2008-08-21,,,,19.9,0
2008-08-22,19.66,19.66,19.66,19.66,200
2008-08-25,18.3,19.9,18.3,19.9,552
2008-08-26,18.95,19.89,18.95,19.89,200
2008-08-27,,,,19.89,0
2008-08-28,,,,19.89,0
2008-08-29,,,,19.89,0
2008-09-02,19.9,19.9,18.93,19.9,1250
2008-09-03,,,,19.9,0
2008-09-04,19.5,19.9,19.5,19.9,700
2008-09-05,19.86,19.86,19.86,19.86,200
2008-09-08,19.72,19.72,19.67,19.67,800
2008-09-09,,,,19.67,0
2008-09-10,,,,19.67,0
2008-09-11,19.01,19.5,18.54,19.21,2018
2008-09-12,19.0,19.3,19.0,19.0,609
2008-09-15,18.52,18.52,18.52,18.52,400
2008-09-16,18.52,18.52,16.81,16.81,7700
2008-09-17,16.77,16.77,16.0,16.0,1805
2008-09-18,16.0,17.94,15.01,17.94,1100
2008-09-19,16.6,17.5,16.58,17.1,2200
2008-09-22,17.31,17.5,16.61,16.61,900
2008-09-23,17.04,17.2,16.05,17.2,4650
2008-09-24,17.2,17.96,16.1,17.8,3150
2008-09-25,17.7,17.99,17.31,17.31,1300
2008-09-26,17.31,17.31,14.86,17.0,8798
2008-09-29,15.5,16.0,11.44,15.06,4696
2008-09-30,14.86,14.9,13.78,13.78,2300
2008-10-01,14.75,15.09,14.75,15.09,1100
2008-10-02,,,,15.09,0
2008-10-03,14.8,14.86,14.8,14.85,1800
2008-10-06,14.7,14.7,13.06,13.21,2400
2008-10-07,12.9,12.9,12.0,12.0,1794
2008-10-08,11.2,11.2,9.56,10.29,5950
2008-10-09,11.0,11.0,10.8,10.8,300
2008-10-10,10.8,10.8,7.48,9.54,4550
2008-10-13,10.19,13.1,8.87,11.0,14968
2008-10-14,11.5,13.2,11.5,12.34,1079
2008-10-15,,,,12.34,0
2008-10-16,13.79,13.79,13.7,13.7,200
2008-10-17,12.83,13.75,12.49,13.54,2078
2008-10-20,14.09,14.75,13.12,13.12,3875
2008-10-21,14.6,14.6,13.51,13.51,400
2008-10-22,14.0,14.0,11.99,12.59,6320
2008-10-23,12.5,13.05,12.5,13.05,400
2008-10-24,12.87,12.87,12.0,12.15,1405
2008-10-27,11.82,11.82,11.82,11.82,100
2008-10-28,13.0,13.0,13.0,13.0,150
2008-10-29,11.5,14.8,11.5,13.21,3700
2008-10-30,,,,13.21,0
2008-10-31,13.25,15.6,12.26,15.5,3093
2008-11-03,17.96,17.96,17.96,17.96,200
2008-11-04,16.99,17.0,16.24,16.24,4100
2008-11-05,,,,16.24,0
2008-11-06,15.0,15.01,14.7,14.7,500
2008-11-07,14.5,14.99,14.5,14.9,2400
2008-11-10,14.99,14.99,14.6,14.6,515
2008-11-11,14.03,14.24,12.66,12.98,1997
2008-11-12,12.66,12.66,11.1,11.66,1100
2008-11-13,11.72,13.99,11.72,13.25,4292
2008-11-14,,,,13.25,0
2008-11-17,13.5,13.5,11.8,12.5,2800
2008-11-18,12.51,12.51,11.75,11.75,1700
2008-11-19,11.7,11.7,9.5,10.98,10841
2008-11-20,8.5,11.72,8.5,9.5,1730
2008-11-21,11.92,11.92,7.8,8.5,5568
2008-11-24,9.5,10.21,9.46,10.21,4180
2008-11-25,9.5,9.5,9.5,9.5,200
2008-11-26,10.5,10.5,9.45,10.2,2219
2008-11-28,9.5,10.0,9.5,10.0,406
2008-12-01,9.78,10.99,8.83,10.99,2100
2008-12-02,,,,10.99,0
2008-12-03,9.0,9.52,9.0,9.0,4025
2008-12-04,8.51,10.2,8.51,9.9,3000
2008-12-05,9.26,10.5,9.26,10.5,3194
2008-12-08,10.4,11.5,9.83,11.5,4967
2008-12-09,10.33,10.34,9.06,9.5,2600
2008-12-10,9.4,10.38,9.4,10.38,500
2008-12-11,10.9,10.9,9.99,9.99,3617
2008-12-12,9.8,10.0,9.45,9.45,1439
2008-12-15,9.99,10.2,9.99,10.2,325
2008-12-16,9.51,10.51,9.51,10.51,700
2008-12-17,11.0,11.0,10.51,10.51,200
2008-12-18,10.34,11.05,10.34,11.05,400
2008-12-19,,,,11.05,0
2008-12-22,11.05,11.05,11.05,11.05,1800
2008-12-23,10.65,10.65,10.56,10.56,200
2008-12-24,10.57,10.58,10.57,10.58,590
2008-12-26,10.56,10.56,10.4,10.4,2000
2008-12-29,10.4,10.4,9.57,10.0,6500
2008-12-30,10.0,10.4,10.0,10.08,3275
2008-12-31,10.39,10.99,10.11,10.34,4952
2009-01-02,11.17,11.88,10.51,11.88,2340
2009-01-05,12.0,12.45,12.0,12.45,3213
2009-01-06,12.25,12.25,12.25,12.25,100
2009-01-07,12.44,13.41,12.26,12.75,1659
2009-01-08,13.45,14.3,12.69,13.82,4101
2009-01-09,13.0,13.0,13.0,13.0,100
2009-01-12,13.2,13.2,13.2,13.2,100
2009-01-13,13.0,13.0,11.6,11.8,4729
2009-01-14,11.51,12.75,11.49,12.75,3650
2009-01-15,11.85,13.82,11.85,13.01,8190
2009-01-16,,,,13.01,0
2009-01-20,,,,13.01,0
2009-01-21,11.4,12.07,11.35,12.07,620
2009-01-22,,,,12.07,0
2009-01-23,10.95,12.24,10.95,12.24,350
2009-01-26,12.24,12.25,12.24,12.25,400
2009-01-27,,,,12.25,0
2009-01-28,12.25,12.46,12.25,12.25,2532
2009-01-29,11.05,13.48,11.05,13.48,500
2009-01-30,12.0,13.46,11.18,13.46,3480
2009-02-02,,,,13.46,0
2009-02-03,11.2,11.2,11.2,11.2,400
2009-02-04,12.75,12.75,10.09,11.49,4790
2009-02-05,10.38,11.68,10.38,11.56,3490
2009-02-06,10.6,13.5,10.43,12.49,3000
2009-02-09,10.75,11.5,10.75,11.5,500
2009-02-10,,,,11.5,0
2009-02-11,11.4,12.28,9.95,12.28,2553
2009-02-12,11.71,12.24,10.06,12.24,6330
2009-02-13,11.45,11.46,10.51,10.51,2200
2009-02-17,10.5,10.95,9.8,10.33,4715
2009-02-18,9.78,9.78,9.78,9.78,300
2009-02-19,9.5,9.5,8.75,9.25,1696
2009-02-20,9.3,9.3,7.69,9.16,6149
2009-02-23,9.71,9.71,6.1,7.36,900
2009-02-24,7.25,8.8,7.25,8.8,4900
2009-02-25,8.5,8.77,7.65,7.92,3520
2009-02-26,8.95,10.25,8.1,10.0,9805
2009-02-27,9.45,10.24,8.45,10.24,3300
2009-03-02,10.48,10.48,8.2,10.2,5700
2009-03-03,8.0,10.16,6.75,8.5,16500
2009-03-04,8.5,8.99,8.0,8.6,3812
2009-03-05,9.16,10.02,8.1,8.7,8342
2009-03-06,8.26,8.26,7.7,7.7,1802
2009-03-09,8.0,8.0,7.33,7.69,2740
2009-03-10,7.76,10.4,7.76,10.4,2300
2009-03-11,8.75,8.75,7.92,8.01,1845
2009-03-12,8.5,8.74,8.5,8.74,668
2009-03-13,9.51,9.8,9.51,9.8,2700
2009-03-16,9.8,9.8,9.5,9.8,1750
2009-03-17,9.8,9.8,9.8,9.8,1000
2009-03-18,9.8,10.25,9.8,10.25,1920
2009-03-19,10.5,10.5,9.8,10.5,1344
2009-03-20,10.0,10.5,9.11,10.5,1575
2009-03-23,10.26,10.45,10.26,10.45,1600
2009-03-24,10.25,10.25,10.25,10.25,300
2009-03-25,11.55,11.55,11.55,11.55,100
2009-03-26,10.35,10.75,9.75,10.75,805
2009-03-27,11.5,11.5,11.0,11.0,225
2009-03-30,,,,11.0,0
2009-03-31,11.54,11.7,9.31,9.94,6975
2009-04-01,9.25,9.5,9.25,9.5,1400
2009-04-02,9.65,10.44,9.3,9.6,1100
2009-04-03,10.0,10.0,10.0,10.0,1500
2009-04-06,10.0,10.03,10.0,10.03,1025
2009-04-07,10.2,10.2,9.92,9.96,1100
2009-04-08,10.01,10.3,9.96,9.96,900
2009-04-09,10.5,10.5,9.63,9.73,2100
2009-04-13,10.3,11.0,10.3,10.5,2100
2009-04-14,,,,10.5,0
2009-04-15,10.65,11.47,10.49,11.47,3900
2009-04-16,11.0,11.8,11.0,11.8,1101
2009-04-17,12.44,12.44,11.75,11.75,400
2009-04-20,,,,11.75,0
2009-04-21,10.37,12.4,10.37,11.8,400
2009-04-22,10.0,12.38,10.0,12.38,1277
2009-04-23,12.37,12.37,12.24,12.24,200
2009-04-24,,,,12.24,0
2009-04-27,11.0,12.36,10.48,11.0,3201
2009-04-28,12.0,12.0,12.0,12.0,200
2009-04-29,12.32,12.32,11.4,11.4,500
2009-04-30,,,,11.4,0
2009-05-01,12.27,12.27,12.27,12.27,100
2009-05-04,12.2,13.25,12.2,12.8,3286
2009-05-05,13.0,13.0,12.4,12.86,1400
2009-05-06,13.09,13.1,12.29,12.49,6550
2009-05-07,12.06,12.3,12.05,12.05,2289
2009-05-08,12.3,12.49,12.3,12.49,1400
2009-05-11,12.3,12.32,11.52,12.2,3600
2009-05-12,12.03,13.0,12.03,12.5,6831
2009-05-13,12.64,12.64,12.64,12.64,113
2009-05-14,,,,12.64,0
2009-05-15,12.0,12.59,12.0,12.59,600
2009-05-18,13.7,13.7,12.91,12.91,825
2009-05-19,,,,12.91,0
2009-05-20,13.5,15.8,12.77,13.2,3800
2009-05-21,13.17,13.17,13.17,13.17,600
2009-05-22,,,,13.17,0
2009-05-26,14.09,14.79,13.7,14.0,2400
2009-05-27,14.4,14.4,13.5,13.97,1600
2009-05-28,14.07,14.07,14.0,14.05,400
2009-05-29,14.5,15.47,14.2,15.0,2074
2009-06-01,,,,15.0,0
2009-06-02,14.3,14.3,14.3,14.3,100
2009-06-03,15.0,15.95,15.0,15.8,1973
2009-06-04,16.0,16.2,15.99,16.2,700
2009-06-05,15.2,17.96,15.06,17.96,700
2009-06-08,16.5,16.59,16.25,16.25,1560
2009-06-09,16.14,16.14,15.44,16.0,1880
2009-06-10,15.21,17.23,15.21,17.23,3095
2009-06-11,17.39,17.39,16.75,16.75,1575
2009-06-12,17.43,17.49,17.0,17.0,885
2009-06-15,17.49,17.49,17.49,17.49,100
2009-06-16,16.8,17.38,16.5,16.85,3750
2009-06-17,17.0,17.19,16.5,16.9,4300
2009-06-18,16.99,17.05,16.99,17.05,809
2009-06-19,17.0,17.0,16.81,16.81,1200
2009-06-22,,,,16.81,0
2009-06-23,15.5,16.96,14.67,14.9,1600
2009-06-24,15.5,16.51,15.5,16.1,1900
2009-06-25,15.65,16.79,15.65,16.5,2900
2009-06-26,16.0,16.04,16.0,16.04,500
2009-06-29,15.51,16.1,15.51,15.74,850
2009-06-30,16.03,16.03,16.0,16.0,697
2009-07-01,15.74,15.74,15.51,15.68,1300
2009-07-02,15.7,15.7,15.7,15.7,135
2009-07-06,,,,15.7,0
2009-07-07,15.75,15.75,15.5,15.5,2400
2009-07-08,15.25,15.26,14.7,14.99,3300
2009-07-09,15.44,15.55,15.44,15.55,1950
2009-07-10,15.05,15.25,14.61,15.25,3500
2009-07-13,16.4,16.4,15.25,16.16,701
2009-07-14,14.52,15.55,14.52,15.55,1000
2009-07-15,15.61,16.38,15.31,16.38,2760
2009-07-16,,,,16.38,0
2009-07-17,15.37,15.67,14.54,15.67,1200
2009-07-20,16.0,16.0,16.0,16.0,300
2009-07-21,16.0,16.0,15.5,15.5,1105
2009-07-22,,,,15.5,0
2009-07-23,15.56,16.38,15.56,16.06,2400
2009-07-24,16.06,16.39,16.06,16.39,2200
2009-07-27,16.5,16.92,15.5,16.92,1630
2009-07-28,15.9,16.52,15.51,16.11,900
2009-07-29,16.48,16.6,16.44,16.55,2900
2009-07-30,16.54,16.55,15.8,16.5,3050
2009-07-31,15.01,16.73,15.01,16.73,9264
2009-08-03,16.67,16.73,16.5,16.62,2380
2009-08-04,16.63,17.0,16.63,16.8,6245
2009-08-05,17.03,17.2,16.64,17.2,11833
2009-08-06,16.82,16.82,16.82,16.82,100
2009-08-07,16.9,16.93,16.9,16.93,200
2009-08-10,17.0,17.3,17.0,17.3,2750
2009-08-11,17.2,17.3,16.9,17.3,2500
2009-08-12,17.41,17.9,17.1,17.9,4350
2009-08-13,17.73,18.0,17.7,17.76,3300
2009-08-14,17.75,18.28,17.74,18.0,3900
2009-08-17,17.52,19.5,17.52,19.5,2800
2009-08-18,18.81,18.97,18.62,18.97,2275
2009-08-19,17.86,18.46,17.61,18.46,3300
2009-08-20,18.5,18.52,18.24,18.4,1600
2009-08-21,18.11,18.93,17.58,18.93,1200
2009-08-24,18.0,18.0,17.91,17.95,480
2009-08-25,18.5,18.5,16.85,17.3,3507
2009-08-26,,,,17.3,0
2009-08-27,17.85,17.85,17.53,17.65,600
2009-08-28,18.0,18.0,18.0,18.0,291
2009-08-31,17.52,18.92,17.01,18.92,1453
2009-09-01,,,,18.92,0
2009-09-02,17.72,17.72,17.72,17.72,100
2009-09-03,18.02,18.02,18.02,18.02,100
2009-09-04,17.53,18.89,17.53,18.89,1863
2009-09-08,,,,18.89,0
2009-09-09,18.6,19.0,18.6,18.74,3100
2009-09-10,,,,18.74,0
2009-09-11,18.5,18.5,17.81,18.01,4200
2009-09-14,18.05,18.05,17.85,17.86,900
2009-09-15,17.87,18.5,17.87,18.5,1000
2009-09-16,18.4,18.4,17.88,18.0,1000
2009-09-17,18.0,18.1,18.0,18.1,900
2009-09-18,,,,18.1,0
2009-09-21,17.75,18.76,17.71,18.45,2850
2009-09-22,18.0,18.32,18.0,18.32,500
2009-09-23,18.25,18.78,17.74,18.78,1500
2009-09-24,,,,18.78,0
2009-09-25,18.15,18.83,18.15,18.83,500
2009-09-28,18.3,18.88,18.0,18.86,1400
2009-09-29,18.33,18.5,18.33,18.5,600
2009-09-30,18.2,18.2,17.75,17.8,1300
2009-10-01,18.0,18.3,17.75,18.0,4199
2009-10-02,17.9,18.0,17.89,18.0,1619
2009-10-05,17.96,17.97,17.72,17.72,1222
2009-10-06,17.92,18.96,17.72,18.96,1720
2009-10-07,18.5,18.5,17.89,17.9,3200
2009-10-08,18.4,18.4,18.4,18.4,100
2009-10-09,18.96,18.96,18.96,18.96,100
2009-10-12,18.25,18.25,17.9,17.9,300
2009-10-13,,,,17.9,0
2009-10-14,18.9,18.9,18.9,18.9,100
2009-10-15,18.96,18.96,18.34,18.79,600
2009-10-16,18.3,18.59,18.3,18.59,900
2009-10-19,18.9,18.95,18.71,18.95,800
2009-10-20,,,,18.95,0
2009-10-21,18.92,18.92,18.92,18.92,600
2009-10-22,18.96,18.96,18.46,18.83,3900
2009-10-23,18.59,18.94,18.43,18.49,3640
2009-10-26,18.88,18.88,18.88,18.88,180
2009-10-27,18.88,18.88,18.21,18.4,1600
2009-10-28,18.18,18.3,18.18,18.3,200
2009-10-29,18.16,18.16,18.07,18.1,815
2009-10-30,17.85,18.35,17.85,18.17,900
2009-11-02,18.25,18.25,18.25,18.25,200
2009-11-03,18.25,18.25,18.25,18.25,400
2009-11-04,18.26,18.49,18.26,18.49,200
2009-11-05,,,,18.49,0
2009-11-06,18.5,18.5,18.0,18.42,1280
2009-11-09,18.88,19.75,18.88,19.5,3077
2009-11-10,19.0,19.0,18.1,18.15,802
2009-11-11,,,,18.15,0
2009-11-12,18.53,18.53,18.24,18.24,1795
2009-11-13,18.3,18.56,18.3,18.5,3400
2009-11-16,18.29,19.0,18.29,19.0,1014
2009-11-17,19.1,19.1,18.9,18.9,500
2009-11-18,19.5,19.5,19.01,19.01,500
2009-11-19,18.82,18.85,18.45,18.85,1900
2009-11-20,18.51,18.51,18.5,18.5,800
2009-11-23,18.5,18.5,18.1,18.15,2300
2009-11-24,18.2,18.6,18.2,18.6,1400
2009-11-25,18.7,18.7,18.6,18.6,950
2009-11-27,18.75,18.75,18.15,18.15,1432
2009-11-30,18.15,18.5,18.12,18.5,1546
2009-12-01,18.75,18.88,18.16,18.31,2897
2009-12-02,18.28,18.28,18.28,18.28,100
2009-12-03,18.62,18.62,18.2,18.4,1500
2009-12-04,18.5,18.5,18.5,18.5,400
2009-12-07,18.5,18.5,18.2,18.2,400
2009-12-08,18.8,18.96,18.2,18.63,3200
2009-12-09,18.2,18.83,18.2,18.63,2850
2009-12-10,,,,18.63,0
2009-12-11,18.83,18.83,18.21,18.21,900
2009-12-14,18.5,18.77,18.5,18.74,1297
2009-12-15,18.78,18.78,18.78,18.78,137
2009-12-16,18.77,18.79,18.77,18.77,600
2009-12-17,18.53,18.9,18.5,18.7,1600
2009-12-18,,,,18.7,0
2009-12-21,18.24,18.49,18.2,18.49,6200
2009-12-22,18.01,18.11,18.0,18.06,4200
2009-12-23,18.06,18.25,17.68,18.25,2300
2009-12-24,18.37,18.37,18.2,18.2,500
2009-12-28,18.51,18.87,18.25,18.41,10475
2009-12-29,18.44,18.55,18.44,18.48,3200
2009-12-30,18.48,18.88,18.48,18.5,2400
2009-12-31,18.75,18.84,18.3,18.48,2940
2010-01-04,18.85,18.86,18.32,18.6,5352
2010-01-05,18.33,18.84,18.33,18.84,401
2010-01-06,18.86,18.86,18.5,18.81,2190
2010-01-07,18.78,18.8,18.78,18.8,235
2010-01-08,18.81,18.85,18.54,18.84,1370
2010-01-11,18.86,19.3,18.84,19.3,2132
2010-01-12,19.22,19.52,19.22,19.36,3315
2010-01-13,19.75,20.0,19.25,19.9,1000
2010-01-14,19.9,20.02,19.5,19.5,5435
2010-01-15,19.58,19.58,19.58,19.58,300
2010-01-19,20.0,20.0,19.26,19.31,3200
2010-01-20,19.99,19.99,19.7,19.75,3698
2010-01-21,19.97,21.57,19.72,19.74,1752
2010-01-22,19.7,19.81,19.62,19.73,1300
2010-01-25,20.0,21.35,19.71,21.0,3260
2010-01-26,21.3,22.26,21.3,21.6,5216
2010-01-27,21.22,21.56,20.02,20.1,5458
2010-01-28,20.73,21.99,20.73,21.52,3807
2010-01-29,21.5,21.9,20.32,21.9,4295
2010-02-01,21.7,21.7,21.42,21.42,580
2010-02-02,20.61,21.25,20.52,20.6,4600
2010-02-03,20.7,20.7,20.65,20.7,700
2010-02-04,21.46,21.48,20.99,20.99,1600
2010-02-05,20.52,21.47,20.2,20.4,9000
2010-02-08,20.41,21.74,20.41,21.0,1300
2010-02-09,21.0,21.74,21.0,21.72,1300
2010-02-10,22.05,22.05,20.72,20.74,1035
2010-02-11,22.2,22.2,21.1,21.26,1300
2010-02-12,21.72,22.25,21.12,21.33,6079
2010-02-16,22.5,22.5,21.52,21.52,1115
2010-02-17,22.26,22.26,20.77,21.85,4855
2010-02-18,21.45,21.45,21.06,21.06,340
2010-02-19,21.05,21.55,21.0,21.0,1140
2010-02-22,21.02,22.38,21.01,22.0,4542
2010-02-23,21.55,22.4,21.51,21.76,1140
2010-02-24,21.54,21.54,21.08,21.25,2109
2010-02-25,21.0,21.5,21.0,21.5,1240
2010-02-26,21.75,22.25,21.06,22.25,1540
2010-03-01,21.12,21.12,21.12,21.12,240
2010-03-02,21.5,22.0,21.5,22.0,500
2010-03-03,22.0,22.0,22.0,22.0,100
2010-03-04,21.16,22.25,21.16,22.25,514
2010-03-05,23.45,23.45,23.0,23.0,300
2010-03-08,22.25,22.29,21.27,22.06,3950
2010-03-09,22.0,22.0,22.0,22.0,200
2010-03-10,22.0,22.0,22.0,22.0,400
2010-03-11,22.5,22.5,21.52,22.04,1000
2010-03-12,22.5,22.5,22.5,22.5,100
2010-03-15,22.36,22.36,22.01,22.01,580
2010-03-16,22.04,22.2,21.56,21.83,2070
2010-03-17,21.83,21.95,21.7,21.95,2440
2010-03-18,22.15,22.36,21.3,21.81,2824
2010-03-19,21.79,22.36,21.79,22.08,1000
2010-03-22,20.96,21.5,20.87,21.14,3520
2010-03-23,21.7,21.7,21.1,21.5,1200
2010-03-24,22.0,22.0,21.25,21.25,300
2010-03-25,21.24,21.5,21.24,21.27,2050
2010-03-26,21.15,21.4,21.06,21.06,1600
2010-03-29,21.05,21.96,21.05,21.6,994
2010-03-30,,,,21.6,0
2010-03-31,,,,21.6,0
2010-04-05,21.64,21.64,21.64,21.64,600
2010-04-06,22.0,22.0,22.0,22.0,750
2010-04-07,21.3,21.3,21.22,21.22,400
2010-04-08,21.8,21.86,21.78,21.79,1300
2010-04-09,21.47,21.47,21.42,21.42,450
2010-04-12,21.98,21.98,21.6,21.62,800
2010-04-13,21.65,21.86,21.65,21.81,400
2010-04-14,,,,21.81,0
2010-04-15,21.8,22.0,21.8,22.0,1211
2010-04-16,22.19,22.36,22.19,22.33,850
2010-04-19,22.0,22.0,22.0,22.0,1000
2010-04-20,21.84,22.02,21.84,21.84,1903
2010-04-21,21.66,22.44,21.33,21.65,1757
2010-04-22,21.96,21.96,21.96,21.96,200
2010-04-23,,,,21.96,0
2010-04-26,21.32,21.8,21.31,21.72,2030
2010-04-27,21.42,22.25,21.42,21.46,1109
2010-04-28,21.49,21.49,21.41,21.41,200
2010-04-29,21.78,21.88,21.72,21.72,600
2010-04-30,21.94,21.94,21.52,21.9,395
2010-05-03,21.95,21.95,21.8,21.8,202
2010-05-04,21.86,21.86,21.75,21.83,1257
2010-05-05,21.9,22.34,21.9,22.34,600
2010-05-06,22.34,22.34,21.75,21.75,1598
2010-05-07,21.15,21.15,21.0,21.0,4103
2010-05-10,22.5,22.5,21.3,21.3,1494
2010-05-11,21.14,21.8,21.11,21.21,2711
2010-05-12,21.5,21.5,21.12,21.12,2199
2010-05-13,21.17,21.3,21.0,21.0,2200
2010-05-14,,,,21.0,0
2010-05-17,21.5,21.7,21.49,21.7,995
2010-05-18,21.6,21.71,21.46,21.7,1805
2010-05-19,21.73,21.73,21.4,21.4,2035
2010-05-20,21.01,21.4,21.01,21.01,7620
2010-05-21,21.04,21.04,21.04,21.04,100
2010-05-24,21.4,21.89,21.04,21.89,3175
2010-05-25,21.32,21.35,21.3,21.3,600
2010-05-26,,,,21.3,0
2010-05-27,21.3,21.3,21.05,21.05,1000
2010-05-28,21.83,21.83,21.83,21.83,100
2010-06-01,21.8,21.8,21.13,21.2,2420
2010-06-02,21.17,21.17,21.14,21.14,450
2010-06-03,21.08,21.1,21.08,21.1,400
2010-06-04,21.07,21.5,21.0,21.0,6462
2010-06-07,21.0,21.0,21.0,21.0,700
2010-06-08,21.0,21.4,21.0,21.39,1200
2010-06-09,21.01,21.39,21.0,21.39,4525
2010-06-10,,,,21.39,0
2010-06-11,21.8,21.8,21.79,21.79,1340
2010-06-14,21.9,22.0,21.9,22.0,599
2010-06-15,,,,22.0,0
2010-06-16,22.0,22.39,21.1,22.39,5900
2010-06-17,22.0,22.03,21.73,21.73,2650
2010-06-18,21.8,21.8,21.8,21.8,100
2010-06-21,21.8,22.59,21.2,21.95,11008
2010-06-22,22.47,22.47,22.46,22.46,200
2010-06-23,22.02,22.58,22.0,22.0,1600
2010-06-24,22.55,22.55,22.14,22.14,500
2010-06-25,,,,22.14,0
2010-06-28,22.0,22.15,22.0,22.15,600
2010-06-29,,,,22.15,0
2010-06-30,21.25,22.25,21.25,22.25,900
2010-07-01,22.7,22.7,22.35,22.59,1100
2010-07-02,22.69,22.7,22.69,22.7,600
2010-07-06,21.38,21.75,21.25,21.75,662
2010-07-07,21.8,22.3,21.6,21.6,800
2010-07-08,21.55,21.71,21.55,21.65,1422
2010-07-09,22.35,22.35,22.35,22.35,100
2010-07-12,,,,22.35,0
2010-07-13,21.54,21.62,21.54,21.62,700
2010-07-14,,,,21.62,0
2010-07-15,21.72,22.46,21.5,21.85,2681
2010-07-16,21.57,21.85,21.57,21.78,2030
2010-07-19,21.86,21.86,21.64,21.64,400
2010-07-20,21.83,21.83,21.83,21.83,100
2010-07-21,22.24,22.5,22.1,22.1,1437
2010-07-22,21.81,21.9,21.75,21.82,967
2010-07-23,22.5,22.5,22.5,22.5,400
2010-07-26,21.86,22.56,21.81,22.56,1150
2010-07-27,,,,22.56,0
2010-07-28,,,,22.56,0
2010-07-29,22.64,22.74,22.6,22.74,1062
2010-07-30,,,,22.74,0
2010-08-02,22.74,23.27,22.74,23.27,737
2010-08-03,23.25,23.27,22.13,22.13,1508
2010-08-04,,,,22.13,0
2010-08-05,23.24,23.7,23.24,23.7,700
2010-08-06,23.68,23.74,23.5,23.5,900
2010-08-09,23.73,23.74,23.4,23.74,1332
2010-08-10,23.74,23.9,23.74,23.9,1501
2010-08-11,24.0,24.0,24.0,24.0,300
2010-08-12,23.6,23.6,22.7,22.72,1756
2010-08-13,23.4,23.45,23.4,23.45,800
2010-08-16,23.4,23.45,22.82,22.82,1500
2010-08-17,23.25,23.92,22.95,23.34,1500
2010-08-18,23.36,23.36,22.83,23.0,1738
2010-08-19,23.35,23.36,23.35,23.36,300
2010-08-20,23.05,23.14,23.03,23.03,2400
2010-08-23,23.35,23.64,23.35,23.64,975
2010-08-24,23.64,23.99,23.64,23.64,823
2010-08-25,23.16,24.3,23.0,23.0,7104
2010-08-26,23.25,23.25,23.25,23.25,300
2010-08-27,23.5,23.5,23.5,23.5,200
2010-08-30,23.3,23.34,23.3,23.3,500
2010-08-31,23.5,23.5,23.5,23.5,176
2010-09-01,23.5,23.5,23.5,23.5,1350
2010-09-02,23.75,23.94,23.5,23.68,6598
2010-09-03,24.0,24.0,23.26,23.26,3750
2010-09-07,23.74,23.8,23.35,23.8,2638
2010-09-08,23.57,23.98,23.3,23.36,4377
2010-09-09,23.84,23.84,23.36,23.4,6029
2010-09-10,23.45,23.76,23.34,23.59,5858
2010-09-13,23.36,23.51,23.3,23.3,2700
2010-09-14,23.6,23.8,23.59,23.8,1250
2010-09-15,23.8,23.95,23.8,23.95,2800
2010-09-16,24.0,24.44,24.0,24.4,900
2010-09-17,24.4,24.59,24.4,24.5,1377
2010-09-20,24.45,24.45,23.3,23.3,4360
2010-09-21,24.12,24.12,23.52,23.72,953
2010-09-22,24.24,24.24,23.5,23.5,1450
2010-09-23,23.54,24.25,23.54,23.62,2001
2010-09-24,24.15,24.2,23.75,23.89,1780
2010-09-27,23.54,23.97,23.51,23.9,2600
2010-09-28,23.56,24.06,23.56,23.99,560
2010-09-29,23.89,24.2,23.62,24.2,2400
2010-09-30,24.2,24.69,23.84,24.69,1757
2010-10-01,24.5,24.5,24.5,24.5,200
2010-10-04,24.69,24.74,23.63,24.25,2909
2010-10-05,24.28,24.28,24.25,24.25,1200
2010-10-06,24.25,24.74,24.25,24.62,2489
2010-10-07,24.6,24.6,23.82,24.01,4432
2010-10-08,24.6,24.74,24.55,24.74,1700
2010-10-11,24.63,24.67,24.3,24.6,3245
2010-10-12,24.65,24.75,24.31,24.75,1200
2010-10-13,24.5,24.6,24.14,24.42,3700
2010-10-14,24.5,24.5,24.5,24.5,700
2010-10-18,24.51,24.55,24.08,24.11,2590
2010-10-19,24.23,24.27,23.83,24.2,3665
2010-10-20,24.2,24.44,24.2,24.44,3657
2010-10-22,24.11,24.11,24.11,24.11,100
2010-10-25,24.15,24.2,24.15,24.18,400
2010-10-26,24.41,24.53,24.24,24.53,1180
2010-10-27,24.44,24.75,24.26,24.65,2100
2010-10-28,24.26,24.26,24.26,24.26,475
2010-10-29,24.31,24.73,24.31,24.73,600
2010-11-01,24.41,25.0,24.41,24.75,1880
2010-11-02,24.74,24.75,24.74,24.75,640
2010-11-03,24.82,24.82,24.54,24.54,500
2010-11-08,24.75,0.0,0.0,0.0,0
2010-11-09,24.75,24.75,24.75,24.75,1804
2010-11-10,24.81,24.81,24.75,24.75,1290
2010-11-11,24.75,24.75,24.28,24.28,4650
2010-11-12,24.5,24.5,24.5,24.5,900
2010-11-15,24.75,24.75,24.75,24.75,350
2010-11-16,24.75,24.75,24.75,24.75,701
2010-11-17,25.19,25.19,24.77,24.93,4203
2010-11-18,25.0,25.0,24.91,24.91,836
2010-11-22,24.91,25.0,24.5,24.5,1790
2010-11-23,24.54,24.7,24.52,24.54,1200
2010-11-29,24.56,24.6,24.5,24.5,1100
2010-11-30,24.51,24.69,24.5,24.69,1502
2010-12-01,24.61,24.73,24.5,24.73,899
2010-12-03,24.75,24.75,24.51,24.51,415
2010-12-06,24.5,24.54,24.1,24.1,2987
2010-12-07,24.6,25.0,24.6,25.0,3651
2010-12-08,24.76,25.0,24.75,24.97,2504
2010-12-09,24.3,24.5,24.27,24.27,585
2010-12-10,24.34,24.34,24.09,24.09,1170
2010-12-13,24.1,24.2,24.1,24.1,1200
2010-12-14,24.25,24.49,24.25,24.3,900
2010-12-15,24.65,24.99,24.65,24.97,935
2010-12-16,24.5,24.54,24.5,24.54,2100
2010-12-17,24.92,24.92,24.92,24.92,300
2010-12-20,24.9,24.91,24.69,24.9,1800
2010-12-21,23.74,23.74,23.74,23.74,3600
2010-12-22,24.96,24.96,24.75,24.75,4208
2010-12-23,24.75,24.78,24.6,24.6,2050
2010-12-27,24.99,24.99,24.61,24.61,300
2010-12-28,24.21,24.5,24.21,24.5,850
2010-12-29,24.86,24.86,24.48,24.48,700
2010-12-30,24.5,24.54,24.2,24.2,3607
2010-12-31,24.5,24.5,24.5,24.5,1077
2011-01-03,24.77,24.77,24.5,24.5,600
2011-01-04,24.51,24.51,24.21,24.21,854
2011-01-05,24.5,24.54,24.5,24.53,600
2011-01-06,24.5,24.59,24.32,24.59,546
2011-01-07,24.25,24.5,24.25,24.5,621
2011-01-10,24.5,24.79,24.5,24.79,1156
2011-01-12,24.79,24.79,24.79,24.79,588
2011-01-13,24.9,24.9,24.9,24.9,500
2011-01-14,24.9,24.9,24.75,24.75,1600
2011-01-18,24.94,24.94,24.61,24.76,800
2011-01-19,24.75,24.76,24.52,24.52,1150
2011-01-20,24.75,24.75,24.5,24.55,500
2011-01-21,24.63,24.75,24.45,24.75,2200
2011-01-24,24.5,24.86,24.49,24.86,800
2011-01-25,24.49,24.97,24.44,24.85,2562
2011-01-26,24.5,24.83,24.39,24.39,7412
2011-01-27,24.35,24.36,24.35,24.36,790
2011-01-28,24.41,24.41,23.9,24.2,3990
2011-01-31,24.72,24.73,24.72,24.73,300
2011-02-01,24.6,24.6,24.6,24.6,300
2011-02-02,24.6,24.6,24.3,24.3,2279
2011-02-07,24.69,24.69,24.65,24.65,742
2011-02-08,24.76,25.0,24.64,25.0,2816
2011-02-09,24.4,24.4,24.4,24.4,100
2011-02-14,24.95,24.95,24.95,24.95,500
2011-02-15,25.0,25.0,25.0,25.0,100
2011-02-16,24.99,24.99,24.99,24.99,100
2011-02-17,25.0,25.0,25.0,25.0,600
2011-02-22,25.0,25.0,25.0,25.0,100
2011-02-23,25.0,25.05,24.73,25.0,1495
2011-02-24,25.0,25.0,25.0,25.0,800
2011-02-25,25.0,25.0,25.0,25.0,200
2011-02-28,24.81,24.99,24.8,24.86,1300
2011-03-01,24.95,24.95,24.9,24.9,500
2011-03-02,24.9,24.9,24.63,24.63,1149
2011-03-03,24.66,24.69,24.64,24.64,1900
2011-03-04,24.52,24.52,24.52,24.52,200
2011-03-07,24.53,24.54,24.53,24.54,637
2011-03-08,24.54,24.7,24.46,24.58,1208
2011-03-09,24.58,24.9,24.58,24.85,2530
2011-03-11,24.85,24.86,24.56,24.56,1288
2011-03-15,24.94,25.04,24.94,25.04,220
2011-03-16,25.01,25.01,24.29,24.53,2550
2011-03-17,24.4,24.43,24.16,24.17,1120
2011-03-18,24.17,24.35,24.17,24.35,1736
2011-03-21,24.49,24.5,24.49,24.5,300
2011-03-24,24.35,24.43,24.21,24.21,628
2011-03-25,24.57,24.57,24.57,24.57,130
2011-03-28,24.57,24.58,24.24,24.25,1400
2011-03-29,24.3,24.3,24.23,24.23,1823
2011-03-30,24.23,24.23,24.22,24.22,400
2011-03-31,24.59,24.59,24.52,24.57,500
2011-04-01,24.79,24.79,24.79,24.79,500
2011-04-04,24.6,24.6,24.6,24.6,100
2011-04-05,24.32,24.33,24.03,24.04,2312
2011-04-06,24.51,24.51,24.07,24.07,900
2011-04-07,24.44,24.76,24.37,24.76,2661
2011-04-12,24.72,24.72,24.72,24.72,500
2011-04-13,24.71,24.72,24.5,24.5,1584
2011-04-15,24.51,24.51,24.24,24.24,500
2011-04-18,24.28,24.79,24.24,24.5,500
2011-04-19,24.25,24.25,24.15,24.15,300
2011-04-20,24.31,24.5,24.31,24.35,3195
2011-04-21,24.35,24.35,24.35,24.35,200
2011-04-25,24.41,24.41,24.38,24.38,1000
2011-04-26,24.74,24.74,24.41,24.41,700
2011-04-28,24.5,24.71,24.5,24.7,1411
2011-04-29,,,,24.66,0
2011-05-02,24.45,24.45,24.45,24.45,400
2011-05-03,24.73,24.98,24.49,24.98,3408
2011-05-04,24.65,24.98,24.65,24.94,2096
2011-05-06,24.76,24.76,24.74,24.75,1180
2011-05-09,24.6,25.0,24.6,24.89,1510
2011-05-10,25.25,25.25,25.25,25.25,110
2011-05-11,24.65,25.12,24.63,25.12,805
2011-05-12,24.55,25.1,24.54,25.02,550
2011-05-13,25.15,25.16,24.99,25.01,900
2011-05-16,24.97,24.97,24.75,24.75,1876
2011-05-17,24.75,24.75,24.75,24.75,240
2011-05-18,24.6,24.62,24.6,24.6,600
2011-05-19,24.65,24.65,24.65,24.65,240
2011-05-20,24.95,24.95,24.93,24.93,400
2011-05-24,24.75,24.75,24.66,24.66,400
2011-05-25,24.68,24.69,24.6,24.6,1460
2011-05-26,24.6,24.6,24.6,24.6,500
2011-05-27,24.9,24.94,24.87,24.87,500
2011-05-31,24.87,24.87,24.81,24.82,1595
2011-06-01,,,,24.82,0
2011-06-02,24.82,24.85,24.82,24.85,503
2011-06-06,0.0,25.0,24.98,25.0,1200
2011-06-07,24.85,25.0,24.8,24.87,1500
2011-06-08,25.0,25.0,25.0,25.0,140
2011-06-09,25.0,25.0,24.79,24.79,1700
2011-06-10,25.0,25.0,25.0,25.0,100
2011-06-13,24.67,24.69,24.65,24.65,400
2011-06-15,24.65,24.65,24.65,24.65,520
2011-06-16,24.92,24.92,24.5,24.5,1090
2011-06-17,24.98,24.98,24.98,24.98,1000
2011-06-20,24.54,24.54,24.54,24.54,300
2011-06-22,24.96,25.0,24.91,24.99,1267
2011-06-23,24.7,25.0,24.7,25.0,300
2011-06-27,25.0,25.0,25.0,25.0,100
2011-06-28,25.0,25.0,25.0,25.0,400
2011-06-30,24.57,24.94,24.54,24.94,600
2011-07-01,24.94,25.0,24.94,25.0,1300
2011-07-05,25.0,25.0,24.93,24.93,700
2011-07-06,24.94,24.94,24.9,24.9,900
2011-07-11,25.0,25.02,24.52,24.83,2685
2011-07-13,24.77,24.77,24.77,24.77,350
2011-07-18,24.79,24.79,24.75,24.75,300
2011-07-20,24.99,24.99,24.9,24.9,650
2011-07-21,24.95,24.95,24.92,24.92,836
2011-07-22,24.79,24.79,24.79,24.79,300
2011-07-25,24.79,24.89,24.7,24.72,1150
2011-07-26,24.56,24.56,24.46,24.49,2921
2011-07-27,24.45,24.45,24.43,24.43,900
2011-07-28,24.27,24.46,24.27,24.46,745
2011-07-29,24.25,24.36,24.25,24.36,400
2011-08-01,24.48,24.5,24.25,24.5,1738
2011-08-02,24.61,24.95,24.95,24.95,806
2011-08-03,24.73,24.95,24.7,24.71,1528
2011-08-04,24.5,24.95,24.5,24.63,2018
2011-08-05,24.55,24.85,24.5,24.69,2069
2011-08-08,24.5,24.5,23.01,23.05,3100
2011-08-09,23.05,23.85,22.13,23.85,5264
2011-08-10,23.6,23.6,23.6,23.6,400
2011-08-11,23.61,23.61,22.75,22.75,1170
2011-08-12,22.81,23.48,22.81,23.48,600
2011-08-15,23.06,23.5,23.06,23.5,2131
2011-08-18,24.27,24.27,24.25,24.25,700
2011-08-19,24.0,24.0,24.0,24.0,100
2011-08-22,23.54,23.98,22.81,23.36,5128
2011-08-23,23.51,23.93,23.51,23.9,500
2011-08-25,23.6,23.6,23.6,23.6,300
2011-08-29,23.87,23.89,23.5,23.85,1200
2011-08-30,23.92,23.95,23.75,23.75,1396
2011-08-31,23.75,23.75,23.75,23.75,774
2011-09-01,24.14,24.14,23.75,23.75,400
2011-09-02,,,,23.75,0
2011-09-06,23.76,23.76,23.76,23.76,200
2011-09-07,23.76,23.76,23.76,23.76,200
2011-09-08,23.77,23.99,23.76,23.98,700
2011-09-09,24.23,24.23,23.99,23.99,600
2011-09-13,23.8,23.8,23.8,23.8,200
2011-09-14,24.2,24.2,24.2,24.2,400
2011-09-16,24.5,24.51,24.5,24.5,707
2011-09-19,24.5,24.5,23.82,23.82,600
2011-09-20,24.12,24.12,24.0,24.0,600
2011-09-21,24.12,24.15,24.12,24.15,4000
2011-09-22,23.8,24.0,23.8,24.0,1234
2011-09-23,23.89,23.89,23.05,23.39,1341
2011-09-26,23.83,23.83,23.83,23.83,704
2011-09-27,23.41,23.41,23.4,23.4,500
2011-09-28,23.37,23.37,23.11,23.11,700
2011-09-30,23.16,23.49,23.13,23.49,1900
2011-10-03,,,,23.09,0
2011-10-04,,,,23.09,0
2011-10-06,23.12,23.12,23.09,23.09,668
2011-10-07,23.11,23.3,23.09,23.09,500
2011-10-10,23.56,23.73,23.56,23.73,215
2011-10-11,23.15,23.49,23.14,23.49,400
2011-10-12,23.58,23.73,23.58,23.73,778
2011-10-13,23.7,23.72,23.7,23.72,400
2011-10-14,23.81,23.81,23.56,23.73,2159
2011-10-17,24.1,24.42,23.6,24.42,1490
2011-10-18,23.77,23.77,23.77,23.77,250
2011-10-19,24.34,24.45,24.29,24.39,800
2011-10-21,24.4,24.45,24.4,24.45,450
2011-10-25,24.42,24.42,24.07,24.07,838
2011-10-28,24.25,24.26,24.01,24.24,1050
2011-10-31,24.22,24.24,24.0,24.24,1430
2011-11-01,24.45,24.45,24.45,24.45,1000
2011-11-02,24.44,24.44,24.41,24.44,500
2011-11-04,24.02,24.02,24.02,24.02,150
2011-11-07,24.44,24.44,23.61,24.0,4911
2011-11-08,23.76,24.0,23.52,24.0,4100
2011-11-09,,,,23.69,0
2011-11-10,24.32,24.32,24.32,24.32,300
2011-11-11,24.25,24.25,23.82,23.96,1147
2011-11-14,24.35,24.35,24.24,24.34,2160
2011-11-15,24.0,24.03,24.0,24.0,1320
2011-11-16,24.06,24.06,24.0,24.0,1020
2011-11-18,24.24,24.24,24.2,24.2,600
2011-11-21,24.45,24.45,24.0,24.01,1879
2011-11-22,23.85,23.91,23.83,23.91,900
2011-11-29,23.87,24.36,23.81,24.36,2650
2011-11-30,24.25,24.25,23.45,23.45,3097
2011-12-01,23.95,24.0,23.95,24.0,1904
2011-12-02,23.55,23.77,23.55,23.77,200
2011-12-05,23.56,24.28,23.56,24.0,850
2011-12-06,23.75,24.0,23.75,24.0,590
2011-12-08,23.76,24.0,23.75,23.97,839
2011-12-09,24.0,24.0,24.0,24.0,400
2011-12-12,24.0,24.0,23.75,23.75,1725
2011-12-13,24.0,24.0,23.76,23.99,524
2011-12-14,23.99,24.15,23.76,23.76,3450
2011-12-15,23.78,24.0,23.75,24.0,800
2011-12-16,24.0,24.0,23.75,23.81,1850
2011-12-20,23.76,24.0,23.5,23.6,3586
2011-12-21,23.29,23.6,23.02,23.02,4752
2011-12-22,23.1,23.75,23.02,23.75,2500
2011-12-27,24.0,24.0,23.93,23.97,2700
2011-12-28,23.05,23.93,23.05,23.85,2725
2011-12-29,23.72,23.72,23.5,23.5,700
2011-12-30,23.95,23.95,23.73,23.92,1200
2012-01-03,24.0,24.0,23.92,23.96,2500
2012-01-04,23.98,24.2,23.98,24.2,4245
2012-01-05,24.21,24.39,24.21,24.39,270
2012-01-06,24.36,24.4,24.22,24.3,1215
2012-01-09,24.0,24.4,24.0,24.4,2074
2012-01-10,24.36,24.4,24.36,24.4,700
2012-01-11,24.43,24.5,24.43,24.5,200
2012-01-12,24.31,24.5,24.31,24.5,2675
2012-01-13,25.0,25.0,24.3,24.35,2098
2012-01-17,24.44,25.0,24.44,25.0,600
2012-01-18,24.75,24.75,24.45,24.45,1200
2012-01-20,24.75,24.75,24.75,24.75,400
2012-01-23,24.75,24.75,24.75,24.75,590
2012-01-25,24.86,24.86,24.86,24.86,700
2012-01-26,24.75,24.86,24.51,24.85,2206
2012-01-27,24.86,24.86,24.86,24.86,1400
2012-01-30,24.86,25.0,24.84,25.0,800
2012-01-31,24.96,25.0,24.96,25.0,230
2012-02-01,24.86,25.0,24.86,25.0,501
2012-02-02,25.1,25.5,25.0,25.5,1264
2012-02-03,25.25,25.5,25.0,25.1,5000
2012-02-06,25.1,25.1,25.1,25.1,100
2012-02-07,25.12,25.25,25.0,25.25,3283
2012-02-08,24.9,24.9,24.76,24.76,720
2012-02-09,24.85,24.85,24.85,24.85,100
2012-02-10,24.69,24.75,24.52,24.56,1700
2012-02-13,25.28,25.28,25.13,25.18,900
2012-02-14,25.27,25.27,25.01,25.01,400
2012-02-15,,,,25.27,0
2012-02-16,24.84,25.5,24.84,25.41,400
2012-02-17,25.0,25.41,25.0,25.25,1200
2012-02-21,25.6,25.6,25.57,25.6,700
2012-02-22,25.5,29.87,25.5,26.03,874
2012-02-23,25.21,25.75,25.21,25.21,2000
2012-02-24,25.25,25.73,25.25,25.73,217
2012-02-27,25.21,25.21,25.21,25.21,500
2012-02-28,25.21,25.22,25.01,25.02,957
2012-02-29,25.06,25.11,24.15,25.0,4577
2012-03-01,25.0,25.0,25.0,25.0,3204
2012-03-02,25.69,25.69,25.69,25.69,300
2012-03-05,25.04,25.04,25.0,25.0,600
2012-03-06,25.0,25.03,25.0,25.0,2320
2012-03-07,25.0,25.0,25.0,25.0,300
2012-03-08,,,,25.03,0
2012-03-09,,,,25.03,0
2012-03-12,24.97,25.0,24.89,24.9,1137
2012-03-13,,,,24.95,0
2012-03-14,,,,24.95,0
2012-03-15,25.69,25.69,25.63,25.63,400
2012-03-16,,,,25.63,0
2012-03-19,25.0,25.03,25.0,25.03,600
2012-03-20,24.85,25.0,24.84,25.0,1095
2012-03-21,,,,25.0,0
2012-03-22,,,,25.0,0
2012-03-23,,,,25.0,0
2012-03-26,25.05,25.05,25.05,25.05,100
2012-03-27,,,,25.0,0
2012-03-28,25.12,25.16,25.1,25.1,672
2012-03-29,25.07,25.07,25.07,25.07,400
2012-03-30,25.49,25.49,25.49,25.49,100
2012-04-02,25.49,25.7,25.49,25.68,784
2012-04-03,,,,25.68,0
2012-04-04,25.05,25.05,25.0,25.0,945
2012-04-05,24.62,25.0,24.62,24.62,800
2012-04-09,,,,24.74,0
2012-04-10,,,,24.74,0
2012-04-11,,,,24.74,0
2012-04-12,24.77,25.6,24.77,25.54,1900
2012-04-13,,,,25.54,0
2012-04-16,,,,25.54,0
2012-04-17,25.01,25.01,24.77,24.79,1971
2012-04-18,,,,24.99,0
2012-04-19,,,,24.99,0
2012-04-20,24.9,24.9,24.9,24.9,402
2012-04-23,25.0,25.0,24.97,24.97,1000
2012-04-24,25.4,25.4,24.93,24.93,500
2012-04-25,25.0,25.0,25.0,25.0,200
2012-04-26,,,,25.4,0
2012-04-27,,,,25.4,0
2012-04-30,24.99,24.99,24.95,24.95,800
2012-05-01,,,,24.95,0
2012-05-02,24.86,25.0,24.86,24.95,1140
2012-05-03,24.9,24.9,24.9,24.9,1370
2012-05-04,,,,24.94,0
2012-05-07,24.85,24.85,24.85,24.85,700
2012-05-08,25.29,25.29,25.26,25.26,245
2012-05-09,,,,25.26,0
2012-05-10,25.01,25.01,24.5,24.8,2259
2012-05-11,,,,24.8,0
2012-05-14,25.0,25.1,25.0,25.1,620
2012-05-15,,,,24.8,0
2012-05-16,,,,24.8,0
2012-05-17,,,,24.8,0
2012-05-18,25.1,25.1,25.1,25.1,1600
2012-05-21,,,,24.8,0
2012-05-22,25.3,25.3,25.29,25.3,1100
2012-05-23,25.47,25.47,25.3,25.3,1600
2012-05-24,25.3,25.3,24.8,24.8,6590
2012-05-25,25.0,25.0,25.0,25.0,150
2012-05-29,25.0,25.2,24.99,25.2,2442
2012-05-30,25.0,25.1,24.41,24.85,6850
2012-05-31,24.8,24.96,24.55,24.93,4693
2012-06-01,24.93,24.93,24.79,24.79,900
2012-06-04,24.74,25.3,24.68,24.68,4020
2012-06-05,24.72,24.72,24.48,24.72,4733
2012-06-06,24.51,24.72,24.51,24.72,2440
2012-06-07,24.72,24.97,24.53,24.53,6240
2012-06-08,24.88,24.88,24.56,24.56,1570
2012-06-11,24.56,24.88,24.56,24.88,700
2012-06-12,24.66,24.77,24.51,24.77,740
2012-06-13,,,,24.56,0
2012-06-14,24.74,24.99,24.7,24.98,4416
2012-06-15,24.99,25.2,24.99,25.2,1500
2012-06-18,25.06,25.2,25.06,25.2,1086
2012-06-19,24.95,24.95,24.95,24.95,277
2012-06-20,,,,25.2,0
2012-06-21,25.0,25.03,25.0,25.0,800
2012-06-22,25.22,25.25,24.96,24.96,1050
2012-06-25,25.03,25.03,24.99,24.99,246
2012-06-26,25.2,25.21,25.12,25.12,1450
2012-06-27,,,,25.12,0
2012-06-28,25.0,25.0,25.0,25.0,500
2012-06-29,,,,25.35,0
2012-07-02,25.0,25.0,25.0,25.0,410
2012-07-03,25.3,25.3,25.3,25.3,160
2012-07-05,,,,25.0,0
2012-07-06,25.0,25.0,25.0,25.0,195
2012-07-09,25.1,25.3,25.1,25.3,610
2012-07-10,25.1,25.13,25.1,25.1,1000
2012-07-11,25.35,25.35,25.35,25.35,300
2012-07-12,,,,25.13,0
2012-07-13,25.35,25.35,25.35,25.35,100
2012-07-16,25.35,25.35,25.35,25.35,250
2012-07-17,25.35,25.35,25.35,25.35,980
2012-07-18,25.11,25.18,25.05,25.17,1883
2012-07-19,25.2,25.25,25.2,25.2,817
2012-07-20,,,,25.2,0
2012-07-23,25.04,25.1,25.04,25.1,1200
2012-07-24,25.2,25.2,25.2,25.2,400
2012-07-25,25.25,25.32,25.25,25.32,4300
2012-07-26,25.32,25.32,25.32,25.32,300
2012-07-27,,,,25.32,0
2012-07-30,25.3,25.39,25.28,25.39,1350
2012-07-31,,,,25.4,0
2012-08-01,25.26,25.27,25.25,25.27,600
2012-08-02,25.25,25.25,25.14,25.18,1900
2012-08-03,25.15,25.15,24.76,25.02,1617
2012-08-06,25.09,25.2,25.09,25.2,300
2012-08-07,25.5,25.51,25.04,25.11,1300
2012-08-08,25.54,25.54,25.06,25.42,1750
2012-08-09,,,,25.28,0
2012-08-10,25.35,25.35,25.35,25.35,100
2012-08-13,25.12,25.25,25.12,25.25,2000
2012-08-14,25.15,25.35,25.15,25.35,980
2012-08-15,25.07,25.12,25.07,25.07,404
2012-08-16,,,,25.07,0
2012-08-17,25.55,25.55,25.11,25.13,3958
2012-08-20,25.11,25.11,25.11,25.11,200
2012-08-21,25.12,25.18,25.12,25.18,1050
2012-08-22,25.18,25.18,25.11,25.11,1614
2012-08-23,25.11,25.11,25.11,25.11,514
2012-08-24,25.11,25.3,25.11,25.3,1396
2012-08-27,,,,25.3,0
2012-08-28,25.11,25.13,25.03,25.06,2000
2012-08-29,25.15,25.16,25.15,25.16,200
2012-08-30,25.15,25.15,25.15,25.15,500
2012-08-31,25.24,25.24,25.24,25.24,212
2012-09-04,25.15,25.15,25.15,25.15,800
2012-09-05,25.23,25.23,25.23,25.23,630
2012-09-06,,,,25.05,0
2012-09-07,25.16,25.22,25.1,25.22,1988
2012-09-10,25.12,25.12,25.1,25.1,937
2012-09-11,25.2,25.2,25.2,25.2,200
2012-09-12,25.2,25.2,25.2,25.2,300
2012-09-13,25.19,25.19,25.18,25.18,700
2012-09-14,25.18,25.19,25.18,25.19,1361
2012-09-17,25.15,25.25,24.89,25.1,1451
2012-09-18,25.2,25.2,25.2,25.2,200
2012-09-19,25.0,25.0,25.0,25.0,100
2012-09-20,25.1,25.1,25.0,25.0,716
2012-09-21,25.05,25.16,25.05,25.15,1430
2012-09-24,25.18,25.18,25.18,25.18,135
2012-09-25,25.0,25.0,25.0,25.0,100
2012-09-26,25.09,25.09,25.06,25.06,300
2012-09-27,25.1,25.1,25.0,25.09,2245
2012-09-28,25.1,25.28,25.0,25.28,900
2012-10-01,25.01,25.3,25.01,25.3,850
2012-10-02,25.04,25.06,25.02,25.06,600
2012-10-03,25.19,25.29,25.03,25.28,1898
2012-10-04,,,,25.28,0
2012-10-05,25.2,25.2,25.2,25.2,1746
2012-10-08,,,,25.2,0
2012-10-09,,,,25.2,0
2012-10-10,25.05,25.05,25.05,25.05,200
2012-10-11,,,,25.2,0
2012-10-12,,,,25.2,0
2012-10-15,25.29,25.29,25.29,25.29,200
2012-10-16,25.29,25.7,25.29,25.67,798
2012-10-17,,,,25.7,0
2012-10-18,25.49,25.49,25.49,25.49,150
2012-10-19,25.15,25.17,25.1,25.12,1700
2012-10-22,,,,25.12,0
2012-10-23,,,,25.12,0
2012-10-24,25.17,25.17,25.17,25.17,100
2012-10-25,25.18,25.18,25.13,25.13,300
2012-10-26,25.14,25.14,25.1,25.1,3432
2012-10-31,25.2,25.2,25.2,25.2,337
2012-11-01,25.09,25.15,25.09,25.15,300
2012-11-02,25.26,25.26,25.26,25.26,100
2012-11-05,,,,25.26,0
2012-11-06,,,,25.26,0
2012-11-07,25.15,25.15,25.1,25.1,660
2012-11-08,25.24,25.25,25.24,25.25,829
2012-11-09,25.25,25.25,25.25,25.25,540
2012-11-12,25.08,25.08,25.08,25.08,250
2012-11-13,25.08,25.12,25.08,25.09,1000
2012-11-14,25.12,25.13,25.1,25.1,2750
2012-11-15,25.48,25.48,25.35,25.35,1200
2012-11-16,25.02,25.4,25.02,25.23,800
2012-11-19,25.23,25.23,25.23,25.23,200
2012-11-20,,,,25.23,0
2012-11-21,,,,25.23,0
2012-11-23,25.4,25.4,25.25,25.25,400
2012-11-26,25.13,25.46,25.13,25.4,1040
2012-11-28,25.17,25.46,25.15,25.4,2738
2012-12-03,25.25,25.25,25.25,25.25,100
2012-12-05,25.18,25.39,25.16,25.39,500
2012-12-07,25.37,25.39,25.2,25.36,1396
2012-12-10,25.37,25.37,25.37,25.37,100
2012-12-11,25.16,25.39,25.15,25.17,1250
2012-12-12,25.3,25.31,25.3,25.3,600
2012-12-13,25.22,25.28,25.22,25.28,400
2012-12-14,25.26,25.3,25.26,25.3,396
2012-12-17,25.31,25.31,25.28,25.28,416
2012-12-20,25.16,25.25,25.08,25.25,1355
2012-12-21,25.39,25.39,25.1,25.11,1497
2012-12-26,25.11,25.11,25.11,25.11,418
2012-12-27,25.3,25.3,25.11,25.15,1649
2012-12-31,25.15,25.16,25.15,25.16,600
2013-01-02,25.29,25.29,24.56,25.28,1555
2013-01-03,25.16,25.28,25.16,25.16,234
2013-01-04,25.15,25.15,25.15,25.15,100
2013-01-07,25.15,25.15,25.15,25.15,495
2013-01-08,25.27,25.3,25.27,25.3,1166
2013-01-09,25.5,25.5,25.16,25.24,1400
2013-01-15,25.2,25.4,25.2,25.4,500
2013-01-16,25.15,25.17,25.15,25.17,550
2013-01-18,25.2,25.2,25.15,25.15,323
2013-01-22,25.49,25.49,25.33,25.4,850
2013-01-24,25.29,25.31,25.29,25.31,300
2013-01-25,25.35,25.35,25.35,25.35,610
2013-01-28,25.38,25.38,25.38,25.38,200
2013-01-29,25.5,25.5,25.5,25.5,100
2013-01-30,25.3,25.4,25.3,25.3,1290
2013-01-31,25.27,25.27,25.27,25.27,168
2013-02-01,25.31,25.31,25.31,25.31,147
2013-02-06,25.27,25.27,25.26,25.27,398
2013-02-08,25.31,25.31,25.31,25.31,490
2013-02-11,25.27,25.5,25.27,25.49,2483
2013-02-12,25.5,25.5,25.5,25.5,153
2013-02-13,25.3,25.35,25.26,25.27,1370
2013-02-14,25.28,25.28,25.28,25.28,400
2013-02-15,25.26,25.31,25.18,25.24,1450
2013-02-19,25.15,25.35,25.15,25.26,1400
2013-02-20,25.31,25.32,25.31,25.31,350
2013-02-21,25.36,25.38,25.25,25.25,3690
2013-02-22,25.31,25.31,25.3,25.3,200
2013-02-25,25.28,25.66,25.28,25.66,300
2013-02-26,25.26,25.32,25.26,25.31,1550
2013-03-06,25.64,25.64,25.5,25.5,200
2013-03-07,25.5,25.5,25.5,25.5,800
2013-03-08,25.63,25.75,25.63,25.75,3311
2013-03-11,25.74,25.74,25.71,25.71,400
2013-03-12,25.33,25.46,25.33,25.46,450
2013-03-14,25.71,25.71,25.35,25.7,1500
2013-03-15,25.35,25.35,25.35,25.35,175
2013-03-18,25.36,25.36,25.36,25.36,300
2013-03-19,25.6,25.6,25.6,25.6,500
2013-03-20,25.76,25.76,25.76,25.76,100
2013-03-21,25.38,25.74,25.38,25.74,700
2013-03-26,25.7,25.74,25.7,25.74,549
2013-03-28,25.78,25.9,25.75,25.76,2316
2013-04-01,25.75,25.75,25.55,25.55,280
2013-04-02,25.63,25.63,25.6,25.6,200
2013-04-05,25.6,25.6,25.6,25.6,100
2013-04-08,25.5,25.5,25.5,25.5,200
2013-04-09,25.38,25.38,25.38,25.38,550
2013-04-12,25.4,25.4,25.4,25.4,505
2013-04-15,26.07,26.07,26.07,26.07,200
2013-04-16,25.9,25.9,25.9,25.9,656
2013-04-17,25.42,25.42,25.42,25.42,350
2013-04-23,25.55,25.95,25.5,25.51,895
2013-04-26,25.95,26.07,25.75,25.75,1110
2013-04-29,25.75,26.0,25.75,26.0,1871
2013-04-30,25.75,26.0,25.75,25.92,1584
2013-05-01,25.75,25.75,25.75,25.75,100
2013-05-02,25.75,26.07,25.43,26.07,690
2013-05-08,25.95,25.95,25.95,25.95,1400
2013-05-09,25.95,25.95,25.95,25.95,264
2013-05-10,26.07,26.07,26.07,26.07,176
2013-05-13,25.95,25.95,25.53,25.8,1242
2013-05-14,26.06,26.06,26.06,26.06,200
2013-05-15,26.0,26.09,26.0,26.09,826
2013-05-16,25.52,25.75,25.51,25.52,4699
2013-05-17,25.63,25.63,25.54,25.62,700
2013-05-20,25.83,26.0,25.66,25.66,2075
2013-05-21,25.65,25.7,25.65,25.7,500
2013-05-22,25.6,25.6,25.6,25.6,199
2013-05-24,25.9,25.9,25.9,25.9,390
2013-05-28,25.61,25.61,25.61,25.61,350
2013-05-29,25.63,26.08,25.63,26.08,550
2013-05-30,25.61,25.61,25.6,25.6,990
2013-05-31,25.52,25.52,25.5,25.5,325
2013-06-03,25.53,25.53,25.5,25.5,333
2013-06-04,25.66,25.66,25.66,25.66,550
2013-06-07,25.7,25.7,25.5,25.57,1249
2013-06-11,25.5,25.5,25.5,25.5,484
2013-06-12,25.45,25.45,25.4,25.4,1533
2013-06-13,25.4,25.5,25.4,25.5,2005
2013-06-17,25.4,25.4,25.4,25.4,100
2013-06-18,25.45,25.45,25.45,25.45,160
2013-06-19,25.42,25.42,25.42,25.42,800
2013-06-20,25.41,25.41,25.06,25.06,1177
2013-06-24,25.2,25.2,25.0,25.17,2300
2013-06-25,25.03,25.17,25.03,25.15,529
2013-06-26,25.15,25.15,25.15,25.15,377
2013-06-27,25.15,25.2,25.15,25.2,696
2013-06-28,25.2,25.2,25.2,25.2,1000
2013-07-03,25.38,25.38,25.03,25.12,1600
2013-07-05,25.18,25.24,25.18,25.24,600
2013-07-08,25.38,25.38,25.11,25.34,896
2013-07-09,25.26,25.26,25.25,25.26,700
2013-07-10,25.3,25.31,25.3,25.31,600
2013-07-11,25.4,25.4,25.3,25.4,2621
2013-07-12,25.26,25.4,25.26,25.26,2530
2013-07-16,25.35,25.35,25.35,25.35,400
2013-07-17,25.54,25.57,25.54,25.57,200
2013-07-18,25.58,25.58,25.4,25.4,1675
2013-07-19,25.35,25.35,25.18,25.18,334
2013-07-22,25.13,25.15,25.1,25.15,2130
2013-07-23,25.13,25.39,25.12,25.38,1913
2013-07-24,25.16,25.16,25.16,25.16,266
2013-07-30,25.35,25.35,25.17,25.17,632
2013-08-01,25.29,25.3,25.15,25.15,2988
2013-08-02,25.25,25.3,25.11,25.11,1640
2013-08-05,25.28,25.28,25.15,25.26,1150
2013-08-06,25.15,25.15,25.1,25.1,1000
2013-08-07,25.1,25.25,25.1,25.25,811
2013-08-09,25.1,25.1,25.1,25.1,600
2013-08-13,25.15,25.15,25.15,25.15,185
2013-08-14,25.15,25.15,25.1,25.1,370
2013-08-15,25.04,25.06,25.0,25.06,3234
2013-08-16,25.23,25.23,25.21,25.21,2061
2013-08-20,25.08,25.08,25.06,25.06,500
2013-08-21,24.95,24.95,24.95,24.95,107
2013-08-23,25.04,25.23,25.0,25.2,1950
2013-08-26,24.85,24.85,24.85,24.85,200
2013-08-27,25.24,25.24,24.9,25.23,1375
2013-08-30,24.85,24.85,24.52,24.52,1320
2013-09-03,24.86,24.86,24.86,24.86,300
2013-09-04,24.91,24.91,24.91,24.91,201
2013-09-05,24.51,25.12,24.51,25.12,1000
2013-09-06,24.58,25.07,24.54,25.07,879
2013-09-09,24.51,25.0,24.51,24.98,2405
2013-09-10,24.99,24.99,24.55,24.55,1200
2013-09-11,24.62,24.62,24.36,24.36,3245
2013-09-13,24.45,24.45,24.4,24.4,447
2013-09-18,24.35,24.35,24.19,24.35,3149
2013-09-19,24.71,24.74,24.6,24.6,2000
2013-09-20,24.31,24.87,24.31,24.71,2307
2013-09-23,24.79,24.79,24.79,24.79,300
2013-09-26,24.83,24.83,24.83,24.83,700
2013-09-27,24.79,24.79,24.79,24.79,100
2013-09-30,24.44,24.87,24.44,24.84,1780
2013-10-02,24.89,24.89,24.89,24.89,300
2013-10-04,24.88,24.88,24.88,24.88,900
2013-10-07,24.54,24.56,24.54,24.56,800
2013-10-08,24.84,24.84,24.84,24.84,425
2013-10-09,24.68,24.68,24.68,24.68,500
2013-10-11,24.88,24.88,24.76,24.76,700
2013-10-14,24.92,24.92,24.92,24.92,180
2013-10-15,24.87,24.87,24.87,24.87,200
2013-10-16,24.89,24.89,24.77,24.77,525
2013-10-17,24.75,24.75,24.62,24.62,1336
2013-10-18,24.91,24.91,24.51,24.51,900
2013-10-21,24.48,24.84,24.46,24.84,587
2013-10-22,24.84,24.84,24.48,24.5,1100
2013-10-23,24.98,24.99,24.98,24.99,991
2013-10-24,24.85,24.85,24.85,24.85,120
2013-10-25,24.79,24.79,24.74,24.74,1000
2013-10-28,24.75,24.75,24.75,24.75,210
2013-10-29,24.89,24.89,24.85,24.85,1049
2013-10-30,24.65,24.68,24.52,24.52,1470
2013-11-01,24.8,24.8,24.77,24.8,3201
2013-11-04,24.53,24.98,24.52,24.75,3427
2013-11-06,24.98,24.98,24.98,24.98,500
2013-11-08,24.77,24.99,24.76,24.99,1242
2013-11-11,24.99,24.99,24.8,24.8,2500
2013-11-12,25.0,25.01,24.8,24.85,1930
2013-11-13,24.82,24.82,24.82,24.82,150
2013-11-14,25.03,25.03,25.03,25.03,150
2013-11-15,24.8,25.14,24.8,25.14,1695
2013-11-20,24.95,24.95,24.95,24.95,600
2013-11-21,24.95,24.95,24.81,24.81,3700
2013-11-22,24.85,25.0,24.85,24.85,1600
2013-11-25,24.85,24.85,24.81,24.81,600
2013-11-27,25.0,25.0,25.0,25.0,200
2013-11-29,25.0,25.0,25.0,25.0,146
2013-12-03,25.05,25.15,24.85,24.88,1016
2013-12-05,24.65,24.65,24.65,24.65,200
2013-12-06,24.75,24.82,24.74,24.82,2330
2013-12-09,24.7,24.7,24.7,24.7,400
2013-12-13,24.7,24.7,24.54,24.54,700
2013-12-16,24.56,24.56,24.56,24.56,425
2013-12-18,25.0,25.0,24.62,24.64,1415
2013-12-19,24.9,24.9,24.7,24.7,367
2013-12-20,24.99,25.02,24.58,24.58,3419
2013-12-23,25.0,25.0,24.54,24.54,1405
2013-12-26,24.68,24.68,24.5,24.5,2305
2013-12-27,24.5,24.63,24.01,24.63,1200
2013-12-30,24.43,24.43,24.43,24.43,650
2013-12-31,24.5,24.5,24.45,24.45,1364
2014-01-06,24.44,24.58,24.44,24.58,590
2014-01-07,24.65,24.7,24.5,24.5,1418
2014-01-08,24.65,24.79,24.65,24.79,660
2014-01-09,24.69,24.76,24.45,24.45,2540
2014-01-10,24.63,24.69,24.5,24.55,3850
2014-01-13,24.51,24.77,24.46,24.59,3736
2014-01-14,24.72,24.72,24.65,24.7,1326
2014-01-15,24.6,24.65,24.44,24.44,5985
2014-01-16,24.77,25.02,24.49,24.6,5590
2014-01-17,24.93,24.93,24.48,24.75,700
2014-01-21,24.65,24.97,24.65,24.8,1974
2014-01-22,24.93,24.93,24.93,24.93,880
2014-01-23,24.9,24.9,24.73,24.79,1469
2014-01-24,24.98,25.02,24.7,24.7,7179
2014-01-27,24.7,24.7,24.7,24.7,160
2014-01-28,24.96,25.02,24.96,25.02,681
2014-01-31,24.8,24.81,24.75,24.75,2366
2014-02-03,24.95,24.95,24.77,24.77,1720
2014-02-04,24.81,24.81,24.81,24.81,147
2014-02-05,24.85,24.94,24.81,24.81,1846
2014-02-06,24.9,24.9,24.9,24.9,100
2014-02-07,24.94,25.24,24.94,25.24,2336
2014-02-10,24.78,24.78,24.78,24.78,300
2014-02-11,24.77,24.77,24.77,24.77,265
2014-02-12,24.8,25.24,24.8,25.24,629
2014-02-13,25.1,25.11,25.1,25.11,342
2014-02-14,24.72,24.72,24.72,24.72,283
2014-02-18,25.15,25.15,24.74,24.74,204
2014-02-19,24.75,25.16,24.75,25.05,2470
2014-02-20,24.8,24.8,24.8,24.8,110
2014-02-21,25.1,25.1,25.0,25.0,1250
2014-02-24,25.0,25.0,25.0,25.0,285
2014-02-25,25.0,25.44,25.0,25.44,4705
2014-02-26,25.49,25.49,25.49,25.49,462
2014-02-27,25.25,25.6,25.25,25.6,2708
2014-03-03,25.57,25.57,25.57,25.57,319
2014-03-04,25.6,25.65,25.5,25.65,1040
2014-03-06,25.24,25.24,25.23,25.23,220
2014-03-07,25.25,25.25,25.06,25.06,1560
2014-03-10,25.1,25.1,25.1,25.1,1319
2014-03-12,25.25,25.25,25.25,25.25,100
2014-03-13,25.11,25.11,25.09,25.11,350
2014-03-14,25.0,25.0,25.0,25.0,500
2014-03-17,25.25,25.25,25.1,25.1,722
2014-03-18,25.24,25.25,25.24,25.25,404
2014-03-20,25.05,25.05,25.05,25.05,400
2014-03-21,25.24,25.25,25.24,25.25,550
2014-03-24,25.2,25.25,25.2,25.25,478
2014-03-25,25.25,25.25,25.15,25.24,423
2014-03-26,25.85,25.96,25.7,25.72,2920
2014-03-27,26.0,26.0,26.0,26.0,975
2014-03-28,26.0,26.0,25.62,25.62,698
2014-03-31,26.0,26.0,26.0,26.0,270
2014-04-01,26.05,26.1,26.05,26.08,3116
2014-04-02,26.2,26.2,26.15,26.16,3201
2014-04-03,26.15,26.2,26.05,26.05,1989
2014-04-04,26.05,26.05,26.05,26.05,500
2014-04-07,25.25,25.6,25.13,25.6,2776
2014-04-08,25.47,25.85,25.39,25.4,4219
2014-04-09,25.2,25.38,25.2,25.22,2210
2014-04-10,25.25,25.26,25.25,25.25,800
2014-04-11,25.4,25.4,25.4,25.4,202
2014-04-15,25.43,25.43,25.43,25.43,165
2014-04-16,25.98,25.98,25.98,25.98,600
2014-04-17,25.39,25.39,25.36,25.36,1000
2014-04-21,25.37,25.37,25.37,25.37,500
2014-04-22,25.37,25.37,25.36,25.36,301
2014-04-24,25.43,25.43,25.43,25.43,300
2014-04-25,25.4,25.4,25.4,25.4,187
2014-04-30,25.46,25.48,25.26,25.4,3835
2014-05-01,25.35,25.35,25.26,25.26,871
2014-05-02,25.26,25.32,25.1,25.1,4474
2014-05-05,24.98,25.26,24.97,25.15,2332
2014-05-07,25.24,25.25,25.24,25.25,617
2014-05-08,25.26,25.26,25.26,25.26,600
2014-05-09,25.25,25.25,25.0,25.0,630
2014-05-12,25.25,25.25,25.24,25.24,1300
2014-05-13,25.01,25.01,25.01,25.01,224
2014-05-14,25.2,25.33,25.2,25.33,1359
2014-05-15,25.38,25.38,25.38,25.38,200
2014-05-16,25.07,25.31,24.99,25.21,2032
2014-05-20,25.15,25.15,25.15,25.15,104
2014-05-21,25.15,25.15,25.1,25.12,1106
2014-05-22,25.3,25.3,25.3,25.3,320
2014-05-27,25.1,25.28,25.1,25.28,840
2014-05-28,25.1,25.12,25.1,25.1,580
2014-06-03,25.16,25.16,25.15,25.15,505
2014-06-04,25.16,25.16,25.16,25.16,338
2014-06-09,25.3,25.3,25.3,25.3,100
2014-06-10,25.3,25.3,25.1,25.1,5480
2014-06-11,25.29,25.29,25.28,25.28,370
2014-06-12,25.2,25.2,25.11,25.19,1100
2014-06-13,25.2,25.2,25.2,25.2,450
2014-06-16,25.28,25.29,25.2,25.22,1355
2014-06-17,25.26,25.28,25.2,25.2,1404
2014-06-18,25.2,25.28,25.2,25.25,978
2014-06-25,25.2,25.3,25.2,25.3,540
2014-06-26,25.41,25.6,25.21,25.21,3353
2014-06-27,25.35,25.35,25.31,25.31,894
2014-06-30,25.35,25.35,25.22,25.22,1397
2014-07-02,25.2,25.22,25.2,25.22,2051
2014-07-08,25.25,25.25,25.25,25.25,850
2014-07-09,25.23,25.41,25.23,25.41,980
2014-07-11,25.38,25.74,25.23,25.23,6715
2014-07-14,25.24,25.24,25.24,25.24,100
2014-07-15,25.24,25.24,25.24,25.24,100
2014-07-16,25.43,25.43,25.43,25.43,300
2014-07-17,25.43,25.46,25.25,25.25,891
2014-07-18,25.35,25.35,25.35,25.35,200
2014-07-21,25.4,25.66,25.39,25.59,2640
2014-07-22,25.65,25.85,25.65,25.77,3450
2014-07-23,25.65,25.65,25.65,25.65,600
2014-07-24,25.32,25.32,25.31,25.32,800
2014-07-25,25.34,25.37,25.34,25.37,220
2014-07-28,25.28,25.29,25.28,25.28,1170
2014-07-29,25.26,25.42,25.26,25.42,1800
2014-07-31,25.25,25.26,25.07,25.07,2420
2014-08-01,25.09,25.09,25.09,25.09,100
2014-08-04,25.19,25.19,25.19,25.19,1596
2014-08-05,25.3,25.3,25.25,25.25,247
2014-08-06,25.36,25.36,25.11,25.11,1079
2014-08-07,25.25,25.25,25.25,25.25,101
2014-08-08,25.07,25.07,25.07,25.07,100
2014-08-11,25.2,25.2,25.2,25.2,333
2014-08-15,25.27,25.65,25.23,25.26,3331
2014-08-19,25.2,25.2,25.2,25.2,200
2014-08-20,25.27,25.27,25.27,25.27,225
2014-08-21,25.25,25.25,25.25,25.25,573
2014-08-22,25.43,25.5,25.43,25.5,2986
2014-08-25,25.67,25.67,25.67,25.67,100
2014-08-27,25.91,26.05,25.87,26.0,14217
2014-08-28,25.93,26.22,25.75,25.75,15305
2014-08-29,26.0,26.01,25.75,25.87,14274
2014-09-02,25.84,26.01,25.8,25.8,5302
2014-09-03,25.81,26.1,25.81,26.07,1457
2014-09-04,25.96,25.96,25.96,25.96,104
2014-09-05,25.61,25.9,25.61,25.74,3000
2014-09-08,25.63,25.85,25.6,25.69,5899
2014-09-09,25.61,25.84,25.61,25.78,5208
2014-09-10,25.65,25.88,25.64,25.68,9470
2014-09-11,25.62,26.37,25.6,26.37,9000
2014-09-12,25.71,26.27,25.71,26.27,7986
2014-09-15,25.9,25.9,25.9,25.9,695
2014-09-16,25.95,25.95,25.95,25.95,467
2014-09-17,25.5,25.95,25.35,25.68,5395
2014-09-18,25.6,25.7,25.24,25.7,2405
2014-09-19,25.7,26.05,25.5,26.02,8519
2014-09-22,25.22,25.8,25.22,25.8,500
2014-09-23,25.5,25.75,25.5,25.65,5568
2014-09-24,25.5,25.8,25.5,25.56,4268
2014-09-25,25.45,25.74,25.45,25.48,4766
2014-09-26,25.32,25.52,25.32,25.5,1107
2014-09-29,25.55,25.68,25.42,25.42,2506
2014-09-30,25.77,25.77,25.41,25.55,878
2014-10-01,25.29,25.5,25.29,25.3,3460
2014-10-02,25.44,25.57,25.06,25.06,3672
2014-10-03,25.3,25.49,25.08,25.3,3000
2014-10-06,25.3,25.3,25.11,25.11,600
2014-10-07,25.27,25.45,25.27,25.4,700
2014-10-08,25.54,25.54,25.54,25.54,300
2014-10-09,25.58,25.58,25.52,25.52,401
2014-10-10,25.35,25.35,25.3,25.3,401
2014-10-13,25.13,25.29,25.12,25.29,604
2014-10-14,25.28,25.28,25.1,25.15,950
2014-10-15,25.14,25.15,25.05,25.05,2500
2014-10-16,25.11,25.25,25.11,25.25,1200
2014-10-17,25.12,25.58,25.12,25.12,450
2014-10-20,25.32,25.32,25.15,25.15,310
2014-10-21,25.18,25.18,25.07,25.1,1230
2014-10-23,25.29,25.29,25.29,25.29,200
2014-10-27,25.1,25.1,25.1,25.1,400
2014-10-29,25.16,25.2,25.16,25.2,1187
2014-10-30,25.52,25.52,25.52,25.52,660
2014-10-31,25.5,25.5,25.45,25.45,251
2014-11-04,25.05,25.5,25.05,25.4,2680
2014-11-05,25.53,25.53,25.53,25.53,370
2014-11-06,25.16,25.16,25.13,25.13,509
2014-11-10,25.17,25.21,25.15,25.21,4290
2014-11-11,25.35,25.38,25.35,25.38,870
2014-11-12,25.39,25.39,25.16,25.16,2690
2014-11-14,25.16,25.16,25.16,25.16,200
2014-11-17,25.2,25.2,25.2,25.2,700
2014-11-18,25.29,25.29,25.29,25.29,100
2014-11-19,25.21,25.21,25.21,25.21,319
2014-11-20,25.22,25.22,25.21,25.22,1040
2014-11-21,25.25,25.3,25.25,25.3,1545
2014-11-24,25.37,25.37,25.37,25.37,135
2014-11-28,25.31,25.31,25.31,25.31,449
2014-12-02,25.32,25.45,25.31,25.45,1196
2014-12-03,25.45,25.46,25.45,25.45,1800
2014-12-05,25.33,25.34,25.32,25.32,1030
2014-12-08,25.46,25.46,25.46,25.46,101
2014-12-09,25.47,25.47,25.47,25.47,430
2014-12-11,25.37,25.37,25.37,25.37,300
2014-12-12,25.47,25.47,25.45,25.45,300
2014-12-16,25.47,25.47,25.36,25.36,840
2014-12-17,25.2,25.2,25.2,25.2,288
2014-12-19,25.47,25.47,25.25,25.27,1370
2014-12-22,25.45,25.45,25.45,25.45,310
2014-12-24,25.26,25.27,25.26,25.27,610
2014-12-29,25.27,25.29,25.24,25.29,2185
2014-12-30,25.24,25.24,25.18,25.18,1425
2015-01-02,25.2,25.2,25.2,25.2,881
2015-01-05,25.3,25.5,25.3,25.4,822
2015-01-06,25.45,25.45,25.45,25.45,761
2015-01-07,25.4,25.41,25.4,25.4,905
2015-01-08,25.42,25.42,25.3,25.3,780
2015-01-12,25.42,25.51,25.42,25.45,2136
2015-01-13,25.56,25.56,25.24,25.5,1200
2015-01-14,25.22,25.5,25.22,25.3,2900
2015-01-16,25.44,25.44,25.43,25.43,300
2015-01-20,25.49,25.5,25.3,25.5,2069
2015-01-22,25.25,26.37,25.25,25.75,5603
2015-01-23,25.27,25.78,25.27,25.77,1783
2015-01-27,26.34,26.34,25.7,25.75,1186
2015-01-28,25.52,26.1,25.38,26.07,77275
2015-01-29,25.58,27.1,25.57,26.53,99830
2015-01-30,26.47,26.48,26.06,26.29,25532
2015-02-03,26.09,26.1,25.95,25.95,3147
2015-02-04,26.27,26.27,25.68,25.68,1577
2015-02-05,26.22,26.22,25.76,25.76,302
2015-02-06,25.7,25.8,25.7,25.8,200
2015-02-09,26.2,26.2,25.6,25.7,4108
2015-02-10,25.8,25.8,25.7,25.7,492
2015-02-11,25.69,25.94,25.65,25.82,3868
2015-02-12,25.8,26.18,25.58,26.18,4895
2015-02-13,25.75,25.75,25.63,25.65,1122
2015-02-17,25.7,25.7,25.7,25.7,118
2015-02-18,25.5,25.7,25.49,25.6,4700
2015-02-20,25.43,25.43,25.43,25.43,108
2015-02-25,25.5,25.5,25.5,25.5,650
2015-03-03,25.88,25.88,25.88,25.88,562
2015-03-04,25.51,26.04,25.51,26.04,730
2015-03-05,25.94,25.94,25.52,25.65,820
2015-03-06,26.06,26.06,25.55,25.55,1200
2015-03-09,25.7,25.7,25.7,25.7,100
2015-03-10,25.51,25.51,25.51,25.51,403
2015-03-12,25.77,25.77,25.55,25.55,650
2015-03-13,25.55,25.56,25.45,25.49,3641
2015-03-17,25.77,25.77,25.21,25.57,5552
2015-03-18,25.58,25.58,25.23,25.28,3700
2015-03-19,25.37,25.82,25.33,25.36,2860
2015-03-20,25.33,25.33,25.31,25.31,600
2015-03-23,25.55,25.6,25.47,25.5,960
2015-03-24,25.59,25.61,25.59,25.61,404
2015-03-27,25.67,25.76,25.67,25.76,297
2015-03-31,25.65,25.65,25.65,25.65,260
2015-04-02,25.65,25.65,25.32,25.4,2118
2015-04-07,25.4,25.54,25.32,25.32,3393
2015-04-08,25.31,25.31,25.26,25.3,1454
2015-04-09,25.3,25.4,25.3,25.4,1524
2015-04-10,25.47,25.47,25.19,25.19,4510
2015-04-13,25.5,25.5,25.24,25.24,1098
2015-04-14,25.3,25.3,25.3,25.3,400
2015-04-15,25.32,25.32,25.32,25.32,407
2015-04-17,25.48,25.48,25.48,25.48,396
2015-04-20,25.45,25.45,25.45,25.45,722
2015-04-21,25.22,25.45,25.22,25.45,700
2015-04-22,25.44,25.52,25.35,25.52,2300
2015-04-23,25.56,25.56,25.35,25.35,1082
2015-04-27,25.08,25.31,25.08,25.31,1490
2015-04-28,25.4,25.41,25.35,25.35,1470
2015-04-29,25.36,25.37,25.3,25.37,1048
2015-05-01,25.4,25.4,25.4,25.4,234
2015-05-04,25.45,25.52,25.45,25.5,1298
2015-05-06,25.5,25.5,25.45,25.45,997
2015-05-07,25.5,25.5,25.25,25.25,3250
2015-05-11,25.3,25.45,25.3,25.45,200
2015-05-12,25.28,25.32,25.28,25.32,300
2015-05-13,25.28,25.34,25.28,25.29,840
2015-05-14,25.31,25.31,25.31,25.31,200
2015-05-15,25.32,25.62,25.32,25.49,5303
2015-05-20,25.4,25.4,25.4,25.4,500
2015-05-22,25.57,25.57,25.56,25.56,547
2015-05-27,25.4,25.4,25.4,25.4,200
2015-05-28,25.41,25.41,25.41,25.41,350
2015-05-29,25.5,25.5,25.4,25.4,233
2015-06-02,25.5,25.52,25.42,25.42,401
2015-06-03,25.4,25.4,25.4,25.4,200
2015-06-04,25.5,25.5,25.4,25.4,1500
2015-06-05,25.56,25.56,25.42,25.42,776
2015-06-08,25.4,25.4,25.31,25.34,1520
2015-06-11,25.31,25.31,25.22,25.22,1129
2015-06-12,25.21,25.57,25.21,25.5,1394
2015-06-15,25.61,25.61,25.61,25.61,200
2015-06-16,25.32,25.61,25.28,25.61,1895
2015-06-18,25.27,25.37,25.23,25.23,771
2015-06-22,25.52,25.52,25.52,25.52,792
2015-06-24,25.27,25.3,25.27,25.28,1582
2015-06-25,25.11,25.38,25.11,25.12,2159
2015-06-26,25.07,25.07,25.06,25.06,850
2015-06-29,25.24,25.24,24.91,24.97,4790
2015-06-30,25.03,25.08,25.0,25.08,535
2015-07-02,25.15,25.15,25.15,25.15,800
2015-07-06,25.1,25.14,25.1,25.14,390
2015-07-07,25.1,25.1,25.1,25.1,1199
2015-07-08,25.3,25.44,25.24,25.44,2935
2015-07-09,25.44,25.44,25.44,25.44,110
2015-07-10,25.43,25.43,25.43,25.43,100
2015-07-13,25.23,25.23,25.23,25.23,200
2015-07-15,25.44,25.44,25.42,25.42,1021
2015-07-16,25.5,25.5,25.5,25.5,225
2015-07-20,25.49,25.5,25.24,25.24,1640
2015-07-21,25.38,25.38,25.38,25.38,1100
2015-07-23,25.22,25.22,25.21,25.21,538
2015-07-24,25.36,25.52,25.36,25.47,1731
2015-07-27,25.23,25.47,25.16,25.47,3829
2015-07-28,25.47,25.47,25.11,25.11,540
2015-07-29,25.2,25.2,25.2,25.2,300
2015-07-31,25.16,25.16,25.16,25.16,100
2015-08-03,25.3,25.46,25.3,25.46,454
2015-08-04,25.17,25.4,25.17,25.4,513
2015-08-05,25.5,25.5,25.5,25.5,585
2015-08-06,25.51,25.51,25.51,25.51,187
2015-08-10,25.26,25.26,25.26,25.26,272
2015-08-12,25.35,25.35,25.35,25.35,966
2015-08-13,25.51,25.52,25.51,25.52,550
2015-08-17,25.23,25.25,25.22,25.25,2021
2015-08-18,25.25,25.25,25.25,25.25,417
2015-08-19,25.18,25.18,25.04,25.04,300
2015-08-20,25.1,25.1,25.1,25.1,300
2015-08-21,25.0,25.1,25.0,25.1,833
2015-08-24,25.1,25.11,25.1,25.11,350
2015-08-25,25.1,25.3,25.1,25.3,700
2015-08-26,25.0,25.47,25.0,25.47,400
2015-08-27,25.47,25.47,25.06,25.11,1550
2015-08-28,25.11,25.11,24.99,24.99,1080
2015-08-31,25.46,25.46,24.8,25.02,2182
2015-09-02,25.46,25.46,25.12,25.12,353
2015-09-08,25.14,25.15,25.13,25.15,539
2015-09-09,25.2,25.2,25.16,25.16,500
2015-09-11,25.2,25.3,25.03,25.15,2353
2015-09-14,25.03,25.03,25.0,25.0,821
2015-09-15,25.16,25.18,25.16,25.18,200
2015-09-16,25.0,25.02,24.91,24.95,3180
2015-09-17,25.06,25.06,25.06,25.06,100
2015-09-18,25.0,25.0,24.99,25.0,1050
2015-09-21,25.0,25.01,25.0,25.01,866
2015-09-23,25.1,25.1,24.91,24.92,3400
2015-09-24,24.91,24.91,24.5,24.9,3770
2015-09-28,24.9,24.96,24.9,24.96,200
2015-09-29,25.0,25.07,25.0,25.07,400
2015-09-30,25.16,25.16,25.16,25.16,834
2015-10-01,24.89,24.89,24.89,24.89,286
2015-10-02,25.09,25.09,25.09,25.09,373
2015-10-05,25.04,25.05,25.02,25.05,2575
2015-10-06,25.2,25.2,25.2,25.2,400
2015-10-07,25.25,25.29,25.14,25.29,2321
2015-10-08,25.01,25.01,24.99,24.99,500
2015-10-09,25.25,25.25,25.25,25.25,350
2015-10-12,25.02,25.02,25.02,25.02,100
2015-10-13,24.99,25.33,24.91,25.33,1581
2015-10-14,25.37,25.37,25.0,25.0,806
2015-10-15,25.33,25.34,25.3,25.3,1175
2015-10-20,25.31,25.31,25.31,25.31,501
2015-10-21,25.41,25.41,25.38,25.4,480
2015-10-22,24.95,24.96,24.91,24.96,895
2015-10-23,25.02,25.02,25.02,25.02,818
2015-10-27,25.34,25.34,25.34,25.34,666
2015-10-28,25.33,25.33,25.33,25.33,305
2015-10-29,25.35,25.35,25.35,25.35,500
2015-10-30,25.25,25.25,25.25,25.25,700
2015-11-03,25.25,25.25,25.08,25.12,975
2015-11-04,25.3,25.38,25.3,25.3,1435
2015-11-05,25.32,25.36,25.32,25.32,1276
2015-11-06,25.3,25.4,25.1,25.4,3368
2015-11-09,25.38,25.42,25.29,25.29,1200
2015-11-11,25.38,25.39,25.38,25.39,240
2015-11-13,25.15,25.2,25.06,25.2,3064
2015-11-16,25.2,25.2,25.1,25.12,1034
2015-11-17,25.13,25.13,25.13,25.13,100
2015-11-18,25.11,25.11,25.11,25.11,163
2015-11-20,25.12,25.12,25.12,25.12,195
2015-11-25,25.34,25.34,25.33,25.33,400
2015-11-30,25.37,25.39,25.37,25.39,1761
2015-12-01,25.2,25.3,25.2,25.3,1280
2015-12-02,25.39,25.39,25.39,25.39,198
2015-12-04,25.32,25.32,25.32,25.32,700
2015-12-08,25.29,25.29,25.11,25.16,1626
2015-12-10,25.38,25.38,25.36,25.36,830
2015-12-11,25.38,25.38,25.38,25.38,500
2015-12-14,25.15,25.2,25.1,25.1,3450
2015-12-15,25.1,25.1,25.02,25.02,1424
2015-12-16,25.1,25.1,24.85,24.85,2397
2015-12-17,24.9,25.0,24.9,25.0,6175
2015-12-18,25.1,25.16,25.1,25.16,500
2015-12-22,24.95,25.15,24.95,25.15,1030
2015-12-23,25.0,25.08,25.0,25.03,708
2015-12-24,25.01,25.01,25.01,25.01,145
2015-12-28,25.05,25.05,25.05,25.05,403
2015-12-29,25.17,25.17,25.1,25.1,900
2015-12-30,25.06,25.06,25.06,25.06,150
2016-01-04,25.22,25.22,25.22,25.22,856
2016-01-05,25.2,25.36,25.14,25.3,3818
2016-01-06,25.37,25.47,25.33,25.47,4891
2016-01-07,25.6,26.0,25.6,26.0,5770
2016-01-08,25.97,25.97,25.97,25.97,490
2016-01-11,25.95,25.95,25.6,25.6,2530
2016-01-12,25.6,26.25,25.6,26.25,650
2016-01-13,25.61,25.61,25.35,25.35,1745
2016-01-14,25.8,25.8,25.8,25.8,100
2016-01-19,25.3,25.3,25.3,25.3,897
2016-01-20,25.5,25.5,25.2,25.2,700
2016-01-21,25.2,25.65,25.2,25.3,1102
2016-01-22,25.98,25.98,25.98,25.98,160
2016-01-25,25.0,25.51,25.0,25.51,665
2016-01-28,25.23,25.4,25.21,25.4,2102
2016-01-29,25.25,25.25,25.25,25.25,240
2016-02-01,25.25,25.37,25.25,25.37,1800
2016-02-02,25.37,25.37,25.37,25.37,691
2016-02-04,25.38,25.98,25.38,25.98,1203
2016-02-05,25.33,25.34,25.33,25.34,200
2016-02-08,25.32,25.98,25.32,25.97,1746
2016-02-10,25.6,25.6,25.6,25.6,200
2016-02-11,25.35,25.81,25.35,25.81,1284
2016-02-12,25.4,25.4,25.3,25.3,800
2016-02-17,25.4,25.4,25.4,25.4,440
2016-02-18,25.35,25.35,25.25,25.35,3037
2016-02-19,25.29,25.35,25.18,25.34,7946
2016-02-22,25.35,25.5,25.35,25.5,364
2016-02-23,25.32,25.34,25.32,25.34,580
2016-02-24,25.8,26.05,25.65,25.71,2882
2016-02-25,25.65,25.65,25.65,25.65,1065
2016-02-26,25.62,25.65,25.62,25.65,900
2016-02-29,25.99,25.99,25.85,25.87,1658
2016-03-01,25.85,26.0,25.85,26.0,1870
2016-03-02,25.9,25.9,25.87,25.87,933
2016-03-03,25.85,25.9,25.85,25.9,700
2016-03-04,25.9,25.9,25.9,25.9,739
2016-03-07,26.0,26.0,26.0,26.0,360
2016-03-08,25.15,25.63,25.0,25.0,35842
2016-03-09,25.08,25.39,25.08,25.39,7126
2016-03-10,25.39,25.39,25.2,25.2,2160
2016-03-11,25.25,25.25,25.25,25.25,585
2016-03-14,25.44,25.58,25.23,25.58,2700
2016-03-15,25.32,25.32,25.32,25.32,150
2016-03-16,25.24,25.24,25.24,25.24,920
2016-03-17,25.0,25.0,24.85,24.98,22025
2016-03-18,25.0,25.15,24.96,25.1,20444
2016-03-21,25.2,25.27,25.1,25.27,800
2016-03-22,25.0,25.18,24.99,25.06,15780
2016-03-23,25.0,25.05,24.96,24.99,25770
2016-03-24,24.96,25.05,24.96,25.0,1670
2016-03-28,25.03,25.03,25.0,25.0,3215
2016-03-29,25.05,25.1,25.05,25.1,2223
2016-03-30,25.05,25.18,25.05,25.18,5603
2016-03-31,25.33,25.37,25.25,25.26,605
2016-04-01,25.2,25.37,25.15,25.3,3061
2016-04-04,25.19,25.19,25.02,25.04,33991
2016-04-05,25.03,25.19,25.03,25.14,4150
2016-04-06,25.16,25.2,25.06,25.06,883
2016-04-07,25.06,25.19,25.06,25.07,2071
2016-04-08,25.16,25.47,25.08,25.34,8002
2016-04-11,25.14,25.42,25.14,25.34,1017
2016-04-12,25.13,25.34,25.1,25.27,24717
2016-04-13,25.15,25.28,25.15,25.28,285
2016-04-14,25.28,25.28,25.28,25.28,263
2016-04-15,25.37,25.37,25.31,25.31,740
2016-04-18,25.27,25.34,25.24,25.32,10071
2016-04-19,25.33,25.35,25.16,25.32,1525
2016-04-20,25.29,25.29,25.16,25.19,7568
2016-04-22,25.29,25.29,25.19,25.25,1801
2016-04-25,25.25,25.28,25.15,25.25,4005
2016-04-26,25.33,25.33,25.15,25.32,3109
2016-04-27,25.32,25.33,25.2,25.3,7275
2016-04-28,25.3,25.35,25.3,25.33,3001
2016-04-29,25.23,25.35,25.23,25.3,2100
2016-05-02,25.22,25.41,25.22,25.33,4596
2016-05-03,25.4,25.44,25.35,25.43,1504
2016-05-04,25.37,25.4,25.34,25.34,1802
2016-05-05,25.41,25.41,25.3,25.38,3901
2016-05-06,25.41,25.41,25.35,25.35,1616
2016-05-09,25.46,25.46,25.35,25.38,1075
2016-05-10,25.48,25.48,25.44,25.44,408
2016-05-11,25.53,25.63,25.5,25.62,3034
2016-05-12,25.4,25.59,25.4,25.59,500
2016-05-13,25.59,25.6,25.58,25.58,1044
2016-05-16,25.4,25.42,25.2,25.2,7882
2016-05-17,25.0,25.34,25.0,25.15,3987
2016-05-18,25.12,25.13,25.02,25.04,22965
2016-05-19,25.05,25.06,25.05,25.06,1295
2016-05-20,25.09,25.09,25.04,25.06,5297
2016-05-23,25.15,25.23,25.15,25.2,16496
2016-05-24,25.24,25.24,25.1,25.12,2221
2016-05-25,25.18,25.18,25.13,25.18,7639
2016-05-26,25.21,25.35,25.21,25.35,7501
2016-05-31,25.33,25.35,25.14,25.16,9294
2016-06-01,25.29,25.32,25.27,25.32,5272
2016-06-02,25.24,25.26,25.21,25.26,1600
2016-06-03,25.37,25.37,25.31,25.31,350
2016-06-08,25.27,25.36,25.26,25.26,2576
2016-06-09,25.34,25.35,25.31,25.35,2096
2016-06-13,25.3,25.31,25.25,25.25,3305
2016-06-14,25.25,25.34,25.25,25.34,3452
2016-06-15,25.22,25.26,25.11,25.14,9300
2016-06-16,25.13,25.28,25.1,25.18,8628
2016-06-17,25.19,25.25,25.1,25.23,5479
2016-06-20,25.23,25.31,25.23,25.3,5910
2016-06-21,25.3,25.31,25.3,25.3,844
2016-06-22,25.3,25.31,25.23,25.25,3603
2016-06-24,25.31,25.31,25.3,25.3,468
2016-06-27,25.33,25.33,25.13,25.3,1036
2016-06-28,25.15,25.3,25.15,25.15,1320
2016-06-29,25.16,25.3,25.16,25.3,2736
2016-06-30,25.32,25.35,25.32,25.32,1720
2016-07-01,25.29,25.42,25.29,25.39,656
2016-07-05,25.42,25.43,25.42,25.43,2060
2016-07-06,25.43,25.43,25.41,25.41,1110
2016-07-07,25.44,25.45,25.35,25.35,2103
2016-07-08,25.35,25.35,25.35,25.35,660
2016-07-11,25.35,25.35,25.24,25.24,4282
2016-07-12,25.3,25.34,25.3,25.34,500
2016-07-13,25.43,25.43,25.37,25.37,200
2016-07-14,25.43,25.43,25.4,25.4,1911
2016-07-15,25.42,25.42,25.41,25.41,200
2016-07-18,25.42,25.49,25.41,25.49,2960
2016-07-19,25.45,25.49,25.42,25.48,3180
2016-07-20,25.46,25.47,25.31,25.33,1502
2016-07-21,25.47,25.47,25.47,25.47,261
2016-07-22,25.47,25.54,25.35,25.54,2758
2016-07-26,25.21,25.56,25.21,25.31,2300
2016-07-28,25.5,25.5,25.5,25.5,328
2016-07-29,25.5,25.51,25.5,25.51,1404
2016-08-01,25.36,25.45,25.36,25.38,2958
2016-08-03,25.48,25.48,25.29,25.3,2355
2016-08-04,25.32,25.34,25.3,25.34,2315
2016-08-05,25.33,25.34,25.3,25.34,3013
2016-08-08,25.34,25.5,25.34,25.42,2811
2016-08-09,25.5,25.5,25.45,25.49,1808
2016-08-10,25.49,25.49,25.43,25.44,1095
2016-08-12,25.39,25.45,25.39,25.45,1682
2016-08-15,25.45,25.45,25.45,25.45,675
2016-08-16,25.47,25.5,25.47,25.5,645
2016-08-17,25.4,25.44,25.4,25.44,451
2016-08-18,25.4,25.4,25.4,25.4,100
2016-08-19,25.4,25.4,25.29,25.29,538
2016-08-22,25.35,25.6,25.35,25.6,5669
2016-08-23,25.49,25.5,25.4,25.4,2151
2016-08-25,25.5,25.5,25.5,25.5,600
2016-08-26,25.51,25.51,25.3,25.4,1889
2016-08-29,25.36,25.4,25.31,25.31,975
2016-08-30,25.43,25.45,25.43,25.45,577
2016-09-01,25.5,25.58,25.42,25.44,1507
2016-09-02,25.4,25.4,25.4,25.4,464
2016-09-06,25.41,25.53,25.41,25.53,1932
2016-09-07,25.53,25.53,25.35,25.36,4326
2016-09-08,25.57,25.57,25.57,25.57,104
2016-09-09,25.37,25.37,25.37,25.37,462
2016-09-12,25.45,25.57,25.39,25.57,1388
2016-09-13,25.57,25.59,25.56,25.57,2152
2016-09-14,25.45,25.45,25.45,25.45,583
2016-09-15,25.46,25.46,25.12,25.27,8927
2016-09-16,25.3,25.51,25.3,25.49,3270
2016-09-19,25.35,25.35,25.26,25.34,840
2016-09-20,25.37,25.37,25.26,25.32,2500
2016-09-21,25.35,25.35,25.35,25.35,100
2016-09-22,25.4,25.4,25.33,25.33,1942
2016-09-23,25.33,25.33,25.29,25.33,878
2016-09-26,25.31,25.36,25.15,25.34,7540
2016-09-27,25.3,25.35,25.3,25.35,1141
2016-09-28,25.39,25.39,25.25,25.29,956
2016-09-29,25.3,25.3,25.3,25.3,201
2016-09-30,25.36,25.36,25.27,25.27,619
2016-10-03,25.35,25.35,25.29,25.29,459
2016-10-04,25.3,25.32,25.25,25.31,2743
2016-10-06,25.29,25.29,25.27,25.28,700
2016-10-07,25.54,25.54,25.23,25.4,5511
2016-10-10,25.29,25.3,25.22,25.25,2149
2016-10-11,25.3,25.35,25.16,25.16,7684
2016-10-12,25.21,25.26,25.15,25.17,4662
2016-10-13,25.34,25.34,25.34,25.34,601
2016-10-14,25.2,25.27,25.2,25.25,963
2016-10-18,25.33,25.35,25.33,25.33,1092
2016-10-19,25.25,25.25,25.25,25.25,100
2016-10-20,25.32,25.39,25.3,25.35,1234
2016-10-21,25.43,25.43,25.39,25.39,704
2016-10-24,25.25,25.37,25.25,25.37,1126
2016-10-25,25.23,25.23,25.23,25.23,670
2016-10-26,25.21,25.21,25.21,25.21,236
2016-10-27,25.33,25.33,25.33,25.33,300
2016-10-28,25.42,25.42,25.34,25.34,734
2016-11-01,25.42,25.42,25.18,25.2,825
2016-11-02,25.25,25.25,25.16,25.2,2542
2016-11-04,25.24,25.31,25.24,25.31,870
2016-11-07,25.28,25.34,25.28,25.34,1286
2016-11-08,25.32,25.32,25.32,25.32,430
2016-11-09,25.15,25.33,25.15,25.33,1467
2016-11-10,25.3,25.3,25.3,25.3,1035
2016-11-11,25.25,25.28,25.07,25.07,4901
2016-11-14,25.08,25.29,25.06,25.15,2399
2016-11-15,25.44,25.44,25.04,25.1,7895
2016-11-16,25.19,25.19,25.08,25.1,2701
2016-11-21,25.27,25.29,25.1,25.29,4156
2016-11-23,25.13,25.21,25.11,25.18,2483
2016-11-25,25.25,25.29,25.25,25.25,935
2016-11-28,25.26,25.36,25.08,25.3,2707
2016-11-29,25.19,25.33,25.19,25.32,1200
2016-11-30,25.32,25.32,25.21,25.21,5422
2016-12-01,25.17,25.17,25.16,25.17,3508
2016-12-02,25.15,25.15,25.11,25.15,7598
2016-12-05,25.15,25.15,25.11,25.11,1198
2016-12-06,25.13,25.26,25.11,25.11,11833
2016-12-07,25.13,25.15,25.1,25.14,7500
2016-12-08,25.14,25.15,25.1,25.13,4191
2016-12-09,25.18,25.21,25.12,25.12,1075
2016-12-12,25.15,25.2,25.11,25.14,15514
2016-12-13,25.19,25.19,25.19,25.19,991
2016-12-14,25.25,25.29,25.24,25.24,1226
2016-12-15,25.19,25.19,25.13,25.17,2405
2016-12-16,25.04,25.15,25.03,25.14,2688
2016-12-19,25.15,25.15,25.15,25.15,700
2016-12-20,25.11,25.11,25.11,25.11,400
2016-12-21,25.19,25.2,25.05,25.05,2600
2016-12-22,25.21,25.21,25.06,25.19,1834
2016-12-23,25.08,25.1,25.01,25.1,2330
2016-12-27,25.1,25.12,25.03,25.12,1727
2016-12-28,25.2,25.23,25.08,25.08,2133
2016-12-29,25.04,25.14,25.04,25.11,1928
2016-12-30,25.21,25.23,25.09,25.1,1935
2017-01-03,25.24,25.24,25.11,25.15,1180
2017-01-04,25.19,25.24,25.12,25.14,3976
2017-01-05,25.19,25.2,25.18,25.2,1000
2017-01-09,25.21,25.25,25.21,25.22,1881
2017-01-10,25.25,25.28,25.14,25.23,9462
2017-01-11,25.23,25.23,25.23,25.23,300
2017-01-12,25.26,25.31,25.24,25.31,2289
2017-01-13,25.32,25.33,25.32,25.32,1094
2017-01-17,25.33,25.35,25.33,25.35,2230
2017-01-18,25.2,25.27,25.1,25.27,550
2017-01-20,25.27,25.27,25.27,25.27,104
2017-01-23,25.16,25.23,25.14,25.17,7095
2017-01-24,25.29,25.29,25.29,25.29,184
2017-01-25,25.28,25.28,25.19,25.19,1092
2017-01-26,25.2,25.2,25.15,25.15,663
2017-01-27,25.19,25.28,25.19,25.26,1420
2017-01-30,25.17,25.17,25.17,25.17,246
2017-01-31,25.27,25.27,25.25,25.25,1279
2017-02-01,25.28,25.31,25.26,25.26,9086
2017-02-02,25.31,25.36,25.31,25.36,2804
2017-02-03,25.36,25.36,25.31,25.31,361
2017-02-06,25.36,25.36,25.25,25.25,716
2017-02-07,25.25,25.25,25.23,25.25,4679
2017-02-08,25.35,25.35,25.35,25.35,440
2017-02-09,25.35,25.35,25.23,25.28,17535
2017-02-10,25.29,25.29,25.29,25.29,520
2017-02-13,25.3,25.3,25.3,25.3,150
2017-02-14,25.26,25.27,25.18,25.25,9372
2017-02-15,25.19,25.23,25.19,25.23,495
2017-02-16,25.2,25.24,25.16,25.24,1016
2017-02-17,25.21,25.24,25.19,25.2,4647
2017-02-21,25.19,25.28,25.18,25.28,3690
2017-02-22,,,,25.28,0
2017-02-23,25.25,25.25,25.25,25.25,753
2017-02-24,25.32,25.32,25.28,25.28,791
2017-02-27,25.39,25.39,25.27,25.38,731
2017-02-28,25.38,25.38,25.32,25.37,1678
2017-03-01,25.38,25.39,25.35,25.36,3094
2017-03-02,25.39,25.39,25.32,25.32,498
2017-03-03,25.39,25.39,25.33,25.33,403
2017-03-06,,,,25.33,0
2017-03-07,,,,25.33,0
2017-03-08,25.3,25.3,25.3,25.3,419
2017-03-09,25.27,25.3,25.22,25.22,3852
2017-03-10,25.35,25.43,25.35,25.43,300
2017-03-13,25.34,25.4,25.34,25.4,2305
2017-03-14,25.24,25.39,25.22,25.39,1002
2017-03-15,25.4,25.4,25.38,25.38,644
2017-03-16,25.41,25.42,25.36,25.41,2170
2017-03-17,25.41,25.43,25.4,25.4,2072
2017-03-20,25.4,25.4,25.4,25.4,150
2017-03-21,,,,25.4,0
2017-03-22,25.23,25.36,25.23,25.36,947
2017-03-23,25.39,25.39,25.34,25.36,2034
2017-03-24,25.37,25.37,25.3,25.3,832
2017-03-27,25.39,25.39,25.25,25.26,2567
2017-03-28,25.27,25.31,25.25,25.31,1627
2017-03-29,25.31,25.31,25.31,25.31,987
2017-03-30,25.25,25.41,25.25,25.41,2075
2017-03-31,25.44,25.45,25.27,25.45,1455
2017-04-03,25.4,25.4,25.34,25.34,421
2017-04-04,,,,25.34,0
2017-04-05,25.27,25.47,25.27,25.4,2114
2017-04-06,25.37,25.4,25.37,25.4,340
2017-04-07,,,,25.4,0
2017-04-10,,,,25.4,0
2017-04-11,25.47,25.48,25.42,25.44,1514
2017-04-12,25.45,25.49,25.4,25.47,2140
2017-04-13,25.5,25.57,25.5,25.56,2201
2017-04-17,25.61,25.61,25.5,25.56,2503
2017-04-18,25.59,25.76,25.59,25.76,2529
2017-04-19,25.66,25.66,25.55,25.59,1922
2017-04-20,25.66,25.66,25.6,25.6,255
2017-04-21,25.63,25.63,25.63,25.63,468
2017-04-24,25.59,25.59,25.46,25.47,1916
2017-04-25,,,,25.47,0
2017-04-26,25.5,25.76,25.5,25.76,575
2017-04-27,,,,25.76,0
2017-04-28,25.5,25.75,25.5,25.75,1201
2017-05-01,25.7,25.77,25.6,25.77,2155
2017-05-02,25.62,25.78,25.62,25.78,1000
2017-05-03,25.63,25.63,25.45,25.61,1150
2017-05-04,25.7,25.81,25.7,25.7,2162
2017-05-05,25.76,25.76,25.76,25.76,500
2017-05-08,25.51,25.61,25.51,25.52,1655
2017-05-09,25.54,25.54,25.54,25.54,600
2017-05-10,,,,25.54,0
2017-05-11,25.46,25.47,25.46,25.46,727
2017-05-12,,,,25.46,0
2017-05-15,25.53,25.75,25.51,25.52,5895
2017-05-16,,,,25.52,0
2017-05-17,,,,25.52,0
2017-05-18,25.31,25.46,25.31,25.4,2472
2017-05-19,25.46,25.56,25.4,25.56,1408
2017-05-22,25.45,25.45,25.45,25.45,1081
2017-05-23,25.5,25.5,25.5,25.5,803
2017-05-24,25.58,25.58,25.58,25.58,550
2017-05-25,,,,25.58,0
2017-05-26,25.5,25.5,25.5,25.5,100
2017-05-30,25.46,25.46,25.46,25.46,380
2017-05-31,25.45,25.47,25.39,25.45,3905
2017-06-01,25.47,25.47,25.39,25.42,3814
2017-06-02,25.42,25.57,25.39,25.39,1153
2017-06-05,,,,25.39,0
2017-06-06,25.48,25.59,25.48,25.59,910
2017-06-07,25.59,25.73,25.56,25.73,1115
2017-06-08,25.61,25.75,25.61,25.69,2770
2017-06-09,25.51,25.63,25.5,25.63,910
2017-06-12,25.65,25.65,25.65,25.65,198
2017-06-13,25.79,25.79,25.6,25.6,1100
2017-06-14,25.71,25.71,25.71,25.71,195
2017-06-15,,,,25.71,0
2017-06-16,25.59,25.65,25.59,25.64,951
2017-06-19,25.45,25.68,25.45,25.68,304
2017-06-20,25.47,25.47,25.47,25.47,200
2017-06-21,25.38,25.38,25.38,25.38,140
2017-06-22,25.55,25.55,25.5,25.5,400
2017-06-23,,,,25.5,0
2017-06-26,25.72,25.72,25.52,25.52,700
2017-06-27,25.45,25.52,25.45,25.52,627
2017-06-28,25.68,25.68,25.64,25.64,673
2017-06-29,25.72,25.75,25.72,25.75,400
2017-06-30,25.75,25.75,25.69,25.69,682
2017-07-03,25.62,25.62,25.62,25.62,115
2017-07-05,25.64,25.74,25.48,25.51,2057
2017-07-06,25.51,25.51,25.51,25.51,600
2017-07-07,25.64,25.7,25.62,25.62,1350
2017-07-10,25.62,25.64,25.62,25.64,1103
2017-07-11,25.63,25.77,25.63,25.76,2390
2017-07-12,25.62,25.62,25.62,25.62,100
2017-07-13,,,,25.62,0
2017-07-14,25.69,25.72,25.65,25.72,1634
2017-07-17,25.79,25.95,25.75,25.85,3560
2017-07-18,25.78,25.85,25.78,25.85,2060
2017-07-19,25.76,25.76,25.76,25.76,1499
2017-07-20,25.73,25.73,25.73,25.73,990
2017-07-21,25.62,25.74,25.36,25.74,2300
2017-07-24,25.52,25.6,25.48,25.48,688
2017-07-25,25.59,25.6,25.59,25.6,315
2017-07-26,25.78,25.78,25.53,25.75,3367
2017-07-27,25.56,25.68,25.53,25.62,1521
2017-07-28,25.77,25.85,25.77,25.78,12513
2017-07-31,25.82,25.82,25.77,25.77,1066
2017-08-01,25.78,25.85,25.78,25.85,4045
