Date,Open,High,Low,Close,Volume
2003-01-03,27.5,27.5,27.5,27.5,500
2003-01-09,29.25,29.25,29.25,29.25,100
2003-01-10,29.25,29.25,27.5,27.5,200
2003-01-13,29.25,29.25,29.25,29.25,300
2003-01-15,28.0,28.0,28.0,28.0,800
2003-01-21,29.25,29.25,29.25,29.25,100
2003-01-22,28.0,28.0,28.0,28.0,500
2003-01-23,29.25,29.25,29.25,29.25,200
2003-01-29,29.25,29.25,29.25,29.25,200
2003-01-31,28.0,28.0,28.0,28.0,500
2003-02-03,30.49,30.5,30.49,30.5,400
2003-02-11,29.25,29.25,29.25,29.25,800
2003-02-20,28.26,28.26,28.26,28.26,200
2003-02-21,29.0,29.65,29.0,29.65,1200
2003-03-04,29.5,29.95,29.5,29.95,2000
2003-03-05,29.5,29.95,29.5,29.95,2000
2003-03-14,29.25,29.25,29.25,29.25,200
2003-03-20,29.5,29.5,29.5,29.5,200
2003-04-09,29.0,29.0,29.0,29.0,1000
2003-04-10,29.75,29.75,29.25,29.25,400
2003-04-14,29.75,29.75,29.75,29.75,400
2003-04-17,29.0,29.0,29.0,29.0,1200
2003-04-21,29.75,29.75,29.0,29.02,2500
2003-04-24,29.75,29.75,29.75,29.75,600
2003-04-25,29.0,29.0,29.0,29.0,2000
2003-04-28,29.75,29.75,29.75,29.75,1000
2003-05-05,29.75,29.75,29.75,29.75,1000
2003-05-07,29.25,29.25,29.25,29.25,200
2003-05-09,29.75,29.75,29.75,29.75,100
2003-06-12,30.0,30.0,30.0,30.0,100
2003-06-25,30.0,31.0,30.0,31.0,200
2003-07-02,30.01,30.01,30.01,30.01,1500
2003-07-07,30.68,30.68,30.68,30.68,1400
2003-08-21,30.5,31.0,30.5,31.0,200
2003-09-25,31.0,32.0,31.0,32.0,200
2003-09-26,30.5,30.5,30.5,30.5,200
2003-09-30,30.5,30.5,30.5,30.5,3000
2003-10-01,31.0,31.0,31.0,31.0,700
2003-10-03,31.0,31.0,31.0,31.0,1000
2003-10-06,30.5,30.5,30.5,30.5,400
2003-10-08,30.5,30.5,30.5,30.5,500
2003-10-14,31.25,31.25,30.5,31.25,6000
2003-10-16,32.0,32.0,32.0,32.0,200
2003-10-21,31.5,31.5,31.5,31.5,700
2003-10-23,31.01,31.01,31.01,31.01,100
2003-10-28,31.1,31.1,31.1,31.1,1400
2003-10-29,31.75,31.75,31.75,31.75,100
2003-10-30,31.0,31.0,31.0,31.0,100
2003-11-13,32.0,32.0,32.0,32.0,100
2003-11-14,31.75,31.75,31.75,31.75,100
2003-11-17,32.0,32.0,32.0,32.0,513
2003-11-19,32.0,32.0,32.0,32.0,700
2003-12-04,31.0,31.0,31.0,31.0,100
2003-12-30,31.0,31.0,31.0,31.0,261
2004-01-02,30.0,30.75,30.0,30.75,996
2004-01-16,31.5,31.5,31.0,31.0,656
2004-01-23,30.5,30.5,30.5,30.5,1181
2004-01-28,30.5,31.5,30.5,31.5,1777
2004-01-29,31.5,31.5,31.5,31.5,400
2004-01-30,31.5,31.5,31.5,31.5,200
2004-02-02,31.5,31.5,31.5,31.5,350
2004-02-09,31.5,31.5,31.5,31.5,864
2004-02-10,30.5,30.5,30.5,30.5,577
2004-02-11,31.25,31.25,31.25,31.25,200
2004-02-12,32.75,32.75,32.75,32.75,200
2004-02-24,32.5,32.5,32.25,32.25,405
2004-03-05,31.99,32.0,31.0,32.0,1007
2004-03-08,32.0,32.0,32.0,32.0,500
2004-03-10,31.99,32.0,31.99,32.0,322
2004-03-15,31.99,32.0,31.05,32.0,500
2004-03-16,32.0,32.0,32.0,32.0,290
2004-03-31,32.0,32.0,31.75,31.75,600
2004-04-01,32.0,32.0,31.75,31.75,808
2004-04-05,32.0,32.0,32.0,32.0,100
2004-04-14,32.0,32.0,32.0,32.0,308
2004-04-19,33.5,33.5,33.5,33.5,108
2004-04-28,32.0,32.0,32.0,32.0,200
2004-05-07,33.5,33.5,32.0,33.25,1885
2004-06-14,33.0,33.0,33.0,33.0,100
2004-06-24,33.0,33.0,33.0,33.0,604
2004-07-02,33.5,33.5,33.5,33.5,500
2004-07-09,34.25,34.25,34.25,34.25,100
2004-07-12,33.75,33.75,33.75,33.75,599
2004-07-19,34.75,34.75,34.75,34.75,419
2004-07-20,35.5,36.0,35.25,35.25,719
2004-07-29,35.5,36.0,35.5,36.0,594
2004-08-23,36.0,36.0,36.0,36.0,400
2004-10-13,36.65,36.65,36.65,36.65,1100
2004-10-14,38.0,38.0,38.0,38.0,1100
2004-12-06,35.25,35.25,35.25,35.25,100
2004-12-20,35.5,36.75,35.5,36.75,1730
2004-12-21,36.75,36.75,36.75,36.75,200
2005-01-03,37.0,38.0,37.0,38.0,1800
2005-01-04,38.5,38.5,38.5,38.5,200
2005-02-23,40.0,40.0,40.0,40.0,525
2005-02-25,41.0,41.5,40.75,41.5,2650
2005-03-01,42.0,42.0,41.51,41.51,820
2005-03-28,42.0,42.0,40.0,40.0,400
2005-03-29,41.5,41.5,41.5,41.5,200
2005-03-30,40.0,40.0,40.0,40.0,400
2005-03-31,39.0,39.0,38.0,38.0,904
2005-04-01,40.0,40.0,40.0,40.0,150
2005-04-11,42.0,44.0,41.5,44.0,1034
2005-04-12,46.0,46.0,45.0,45.0,786
2005-04-14,41.0,41.01,41.0,41.01,426
2005-04-28,41.0,41.0,40.5,41.0,1255
2005-05-19,41.0,41.0,41.0,41.0,175
2005-05-20,44.0,44.0,44.0,44.0,220
2005-06-10,38.0,38.0,38.0,38.0,140
2005-06-15,39.5,39.5,39.5,39.5,140
2005-06-20,40.0,40.0,40.0,40.0,280
2005-06-21,41.0,41.0,41.0,41.0,250
2005-06-23,41.0,41.0,41.0,41.0,315
2005-07-07,41.0,41.0,41.0,41.0,1622
2005-07-14,40.0,40.5,39.25,39.5,1043
2005-07-15,39.25,39.25,39.25,39.25,498
2005-07-18,40.0,40.0,40.0,40.0,498
2005-07-22,39.25,39.25,39.25,39.25,200
2005-07-25,40.5,40.5,40.5,40.5,250
2005-08-10,39.5,39.5,39.5,39.5,250
2005-08-15,40.5,40.5,39.5,39.5,600
2005-08-22,39.35,39.35,39.35,39.35,261
2005-08-23,39.35,39.35,39.35,39.35,200
2005-08-24,39.35,41.0,39.35,41.0,400
2005-08-25,40.5,40.5,40.5,40.5,461
2005-09-12,40.76,40.76,40.5,40.5,200
2005-09-13,40.76,40.76,40.76,40.76,100
2005-09-14,39.55,39.55,39.55,39.55,1349
2005-09-15,39.55,39.55,39.55,39.55,275
2005-09-16,41.0,41.0,41.0,41.0,441
2005-09-19,41.0,41.0,41.0,41.0,1100
2005-09-21,40.05,40.05,39.55,39.55,1149
2005-09-22,39.55,39.55,39.55,39.55,390
2005-09-23,40.5,40.5,40.5,40.5,530
2005-09-28,40.0,40.0,40.0,40.0,200
2005-09-29,40.0,40.0,39.75,40.0,4671
2005-09-30,39.55,40.5,39.5,40.5,5700
2005-10-03,40.0,40.0,39.5,39.5,700
2005-10-04,40.0,40.0,40.0,40.0,140
2005-10-05,40.0,40.0,39.95,39.95,1700
2005-10-06,39.5,39.5,39.5,39.5,100
2005-10-07,40.5,40.5,40.5,40.5,260
2005-10-10,39.5,39.5,39.5,39.5,400
2005-10-11,40.5,40.5,40.5,40.5,200
2005-10-13,39.5,40.5,39.5,40.5,513
2005-10-21,40.5,40.5,40.5,40.5,150
2005-10-25,40.5,40.5,40.5,40.5,123
2005-10-26,40.5,40.5,40.5,40.5,1000
2005-11-08,39.5,39.5,39.5,39.5,200
2005-11-09,39.5,39.5,39.5,39.5,700
2005-11-10,39.5,39.5,39.5,39.5,700
2005-11-11,39.5,39.5,39.5,39.5,400
2005-11-14,39.5,40.0,39.5,40.0,356
2005-11-17,40.0,40.0,40.0,40.0,500
2005-11-21,40.5,40.5,40.0,40.0,600
2005-11-28,40.5,40.5,40.5,40.5,300
2005-12-08,39.5,39.5,39.5,39.5,200
2005-12-12,40.5,40.5,40.5,40.5,200
2005-12-13,41.0,41.0,41.0,41.0,200
2005-12-21,40.5,41.0,40.25,41.0,2022
2006-01-03,41.0,41.0,41.0,41.0,200
2006-01-04,40.5,40.5,40.5,40.5,300
2006-01-06,39.5,40.0,39.5,40.0,648
2006-01-09,40.0,40.5,40.0,40.5,300
2006-01-10,39.52,39.52,39.52,39.52,100
2006-01-11,40.5,41.0,40.0,40.0,969
2006-01-20,40.5,40.75,40.5,40.75,900
2006-01-23,41.0,41.0,41.0,41.0,150
2006-01-26,40.0,40.0,40.0,40.0,374
2006-01-27,40.75,40.75,40.75,40.75,100
2006-02-02,40.75,40.75,40.75,40.75,175
2006-02-03,40.75,40.75,40.0,40.0,714
2006-02-07,40.7,40.7,40.7,40.7,236
2006-02-27,41.0,41.0,40.75,40.75,220
2006-02-28,40.25,40.75,40.25,40.75,800
2006-03-03,41.0,41.0,41.0,41.0,200
2006-03-06,41.0,41.0,41.0,41.0,1873
2006-03-08,40.5,40.5,40.5,40.5,200
2006-03-09,40.25,40.25,40.25,40.25,134
2006-03-10,40.5,40.5,40.5,40.5,377
2006-03-13,40.5,40.75,40.5,40.75,400
2006-03-14,40.85,40.85,40.85,40.85,250
2006-03-15,40.75,40.75,40.75,40.75,200
2006-03-17,40.75,41.5,40.75,41.5,300
2006-03-20,41.5,42.0,41.5,42.0,300
2006-03-30,41.0,42.0,41.0,42.0,2923
2006-04-03,41.0,41.0,41.0,41.0,200
2006-04-04,42.0,42.0,42.0,42.0,225
2006-04-05,42.0,42.0,42.0,42.0,582
2006-04-06,41.0,41.0,41.0,41.0,105
2006-04-10,41.0,41.0,41.0,41.0,708
2006-04-11,41.0,41.0,41.0,41.0,300
2006-04-13,41.0,41.5,41.0,41.5,400
2006-04-18,41.0,41.0,41.0,41.0,200
2006-04-19,41.0,41.0,41.0,41.0,200
2006-04-21,42.0,42.0,42.0,42.0,150
2006-04-25,42.0,42.0,42.0,42.0,140
2006-05-01,41.5,41.5,41.38,41.38,1846
2006-05-05,42.5,42.5,42.5,42.5,235
2006-05-08,42.0,42.0,42.0,42.0,235
2006-05-09,41.5,41.5,41.0,41.0,548
2006-05-15,41.5,41.5,41.5,41.5,100
2006-05-16,41.5,41.5,41.5,41.5,730
2006-05-23,41.5,42.5,41.5,42.5,1159
2006-06-01,42.5,42.5,42.5,42.5,459
2006-06-08,42.5,42.5,42.5,42.5,100
2006-06-14,41.5,41.5,41.5,41.5,100
2006-06-26,41.5,42.0,41.5,42.0,1007
2006-06-27,42.0,42.0,42.0,42.0,836
2006-06-30,41.5,41.5,41.5,41.5,348
2006-07-12,41.75,41.75,41.5,41.5,2252
2006-07-13,42.5,42.5,42.5,42.5,1223
2006-07-14,41.5,42.5,41.5,42.5,467
2006-07-24,42.5,42.5,42.5,42.5,626
2006-08-08,41.25,42.5,41.25,42.5,2003
2006-08-15,41.25,41.5,41.25,41.5,400
2006-08-28,41.5,41.5,41.5,41.5,468
2006-09-01,41.5,41.5,41.5,41.5,157
2006-09-06,41.25,41.5,41.25,41.25,623
2006-09-07,41.5,41.3,41.25,41.3,1133
2006-09-08,42.5,42.5,41.0,41.0,450
2006-09-12,41.0,43.0,41.0,43.0,479
2006-09-15,42.5,43.0,42.5,43.0,200
2006-09-18,42.5,42.5,42.5,42.5,100
2006-09-19,41.0,41.0,41.0,41.0,150
2006-09-22,41.75,41.75,41.75,41.75,783
2006-10-26,42.3,43.0,42.3,43.0,260
2006-11-02,42.25,42.25,42.25,42.25,130
2006-11-07,42.25,43.0,42.25,43.0,640
2006-11-10,42.5,42.5,42.5,42.5,100
2006-11-14,42.5,42.5,42.5,42.5,630
2006-11-17,42.5,42.5,42.5,42.5,100
2006-11-22,41.8,41.8,41.8,41.8,100
2006-11-24,41.75,41.75,41.75,41.75,200
2006-11-29,42.25,42.25,42.25,42.25,200
2007-01-03,40.5,40.5,40.5,40.5,2000
2007-01-04,40.5,40.5,40.5,40.5,290
2007-01-05,40.5,40.5,40.0,40.0,500
2007-01-10,40.0,40.0,40.0,40.0,700
2007-01-12,40.0,41.0,40.0,41.0,1620
2007-01-16,39.5,39.5,39.0,39.1,4925
2007-01-17,39.5,39.5,39.1,39.5,650
2007-01-18,39.0,39.0,39.0,39.0,200
2007-01-22,39.0,39.0,39.0,39.0,200
2007-01-23,39.0,39.0,39.0,39.0,200
2007-01-31,40.75,40.75,40.75,40.75,1500
2007-02-01,40.75,40.75,40.75,40.75,490
2007-02-08,39.0,39.0,39.0,39.0,380
2007-02-12,40.75,40.75,40.75,40.75,100
2007-02-13,40.75,40.75,40.75,40.75,950
2007-02-20,40.75,40.75,40.75,40.75,625
2007-02-21,41.5,41.5,41.5,41.5,174
2007-02-22,41.75,41.75,39.6,40.75,1630
2007-02-23,39.6,39.95,39.6,39.95,680
2007-02-26,39.95,39.95,39.95,39.95,332
2007-03-06,39.0,39.0,39.0,39.0,300
2007-03-13,39.0,39.0,39.0,39.0,830
2007-03-15,40.5,40.5,40.5,40.5,200
2007-03-19,39.0,39.0,39.0,39.0,300
2007-03-21,39.0,39.0,38.25,38.25,1845
2007-03-22,38.25,38.25,38.25,38.25,1065
2007-03-27,39.25,39.25,39.25,39.25,100
2007-03-29,39.25,39.25,39.25,39.25,118
2007-04-09,38.85,38.85,38.75,38.75,400
2007-04-10,38.15,38.15,38.15,38.15,646
2007-04-13,38.75,38.75,38.75,38.75,200
2007-04-18,38.75,38.75,38.75,38.75,202
2007-04-23,39.25,39.25,39.25,39.25,800
2007-04-27,39.25,39.25,39.25,39.25,100
2007-04-30,38.75,38.75,38.75,38.75,400
2007-05-02,39.35,39.35,39.35,39.35,3636
2007-05-07,39.35,39.35,39.0,39.0,438
2007-05-08,38.6,39.35,38.6,39.35,3000
2007-05-16,39.25,39.25,39.25,39.25,100
2007-05-18,39.5,39.5,39.5,39.5,100
2007-05-21,39.25,40.0,39.25,39.25,1006
2007-05-29,39.5,39.5,38.75,38.75,300
2007-05-30,38.75,38.75,38.75,38.75,530
2007-05-31,38.65,38.75,38.65,38.75,600
2007-06-07,38.65,38.65,38.65,38.65,300
2007-06-11,38.7,38.7,38.7,38.7,100
2007-06-14,39.5,39.5,38.7,38.7,200
2007-06-22,38.7,38.7,38.7,38.7,100
2007-06-27,38.7,38.7,38.5,38.5,476
2007-06-28,39.25,39.25,39.25,39.25,100
2007-07-02,39.0,39.0,39.0,39.0,200
2007-07-09,38.99,39.0,38.99,39.0,200
2007-07-16,38.5,38.5,38.5,38.5,300
2007-07-17,38.25,38.25,38.0,38.0,6564
2007-07-18,38.0,38.0,38.0,38.0,1613
2007-07-19,38.0,38.0,38.0,38.0,190
2007-07-23,38.0,38.0,38.0,38.0,200
2007-07-27,38.65,38.65,38.65,38.65,7184
2007-08-07,38.15,38.15,38.15,38.15,797
2007-08-13,38.15,38.15,38.15,38.15,426
2007-08-14,38.15,38.15,38.15,38.15,126
2007-08-15,38.15,38.15,38.15,38.15,1547
2007-08-16,38.15,38.65,38.15,38.65,3786
2007-08-20,38.15,38.15,38.15,38.15,289
2007-08-21,38.15,38.15,38.15,38.15,200
2007-08-31,38.0,38.0,38.0,38.0,162
2007-09-04,38.0,38.0,38.0,38.0,1064
2007-09-06,39.25,39.25,39.25,39.25,1000
2007-09-13,38.0,38.0,38.0,38.0,201
2007-09-19,38.0,38.0,38.0,38.0,1200
2007-10-03,38.0,38.0,38.0,38.0,799
2007-10-09,38.0,38.0,38.0,38.0,5270
2007-10-10,38.0,38.0,38.0,38.0,770
2007-10-15,38.0,38.0,38.0,38.0,1605
2007-10-19,38.0,38.0,38.0,38.0,363
2007-10-24,38.0,38.0,38.0,38.0,900
2007-10-25,38.0,38.0,38.0,38.0,500
2007-10-26,39.0,39.0,38.65,38.65,11641
2007-11-02,38.0,38.0,38.0,38.0,200
2007-11-14,38.0,38.0,38.0,38.0,500
2007-11-15,38.0,38.0,38.0,38.0,300
2007-11-16,38.65,38.65,38.65,38.65,1027
2007-11-23,40.75,40.75,40.5,40.5,400
2007-11-26,38.25,38.75,38.25,38.75,1627
2007-11-28,39.0,39.0,39.0,39.0,100
2007-11-29,36.0,36.0,36.0,36.0,300
2007-12-04,37.0,37.0,37.0,37.0,1500
2007-12-31,36.25,36.25,36.25,36.25,855
2008-01-09,36.0,36.25,36.0,36.25,1847
2008-01-10,36.0,36.0,36.0,36.0,300
2008-01-18,37.25,37.25,37.25,37.25,400
2008-01-24,37.25,37.25,37.25,37.25,100
2008-01-31,37.25,37.25,37.25,37.25,300
2008-02-01,37.25,37.25,37.25,37.25,1786
2008-02-06,36.27,36.27,36.27,36.27,120
2008-02-08,36.27,36.27,36.27,36.27,430
2008-02-12,37.0,37.0,37.0,37.0,230
2008-02-15,36.27,36.27,36.27,36.27,200
2008-02-19,36.25,36.25,36.25,36.25,105
2008-02-20,36.25,36.25,36.25,36.25,495
2008-02-29,36.0,36.0,36.0,36.0,987
2008-03-03,36.7,36.7,36.0,36.0,2435
2008-03-07,36.0,36.6,36.0,36.0,1424
2008-03-10,36.0,36.0,36.0,36.0,200
2008-03-11,36.0,37.0,36.0,36.0,1549
2008-03-13,36.0,37.0,36.0,36.5,18804
2008-03-19,36.0,36.0,36.0,36.0,280
2008-03-26,36.0,36.0,36.0,36.0,300
2008-03-31,36.0,36.0,36.0,36.0,494
2008-04-01,36.0,36.0,36.0,36.0,500
2008-04-02,36.0,36.0,36.0,36.0,244
2008-04-07,36.0,36.0,36.0,36.0,150
2008-04-09,36.05,36.05,36.0,36.0,250
2008-04-14,36.0,36.0,36.0,36.0,407
2008-04-22,36.25,36.25,36.25,36.25,400
2008-04-25,37.0,37.0,36.75,36.75,2503
2008-04-30,36.25,36.25,36.0,36.0,980
2008-05-01,37.0,37.0,37.0,37.0,380
2008-05-06,36.5,36.5,36.5,36.5,500
2008-05-09,36.25,36.25,36.25,36.25,500
2008-05-13,36.05,36.05,36.05,36.05,200
2008-05-15,35.25,35.25,35.25,35.25,200
2008-05-20,35.0,35.0,35.0,35.0,200
2008-05-21,34.27,34.27,34.27,34.27,279
2008-05-23,35.0,35.0,35.0,35.0,1000
2008-05-27,35.0,35.0,35.0,35.0,600
2008-05-29,34.5,34.5,34.5,34.5,230
2008-06-09,34.55,34.55,34.5,34.5,350
2008-06-10,34.3,34.3,34.3,34.3,100
2008-06-11,34.0,34.0,34.0,34.0,123
2008-06-12,34.0,34.0,33.0,33.0,761
2008-06-13,34.5,34.5,34.5,34.5,221
2008-06-16,33.0,33.0,33.0,33.0,100
2008-06-17,33.0,33.0,33.0,33.0,100
2008-06-18,33.0,33.0,31.65,31.65,1200
2008-06-19,30.0,30.0,30.0,30.0,329
2008-06-26,30.0,30.0,30.0,30.0,175
2008-07-01,29.25,29.25,29.25,29.25,200
2008-07-07,28.5,28.5,28.5,28.5,275
2008-07-08,28.5,28.5,28.5,28.5,125
2008-07-10,27.0,27.0,27.0,27.0,177
2008-07-11,26.75,26.75,26.25,26.25,700
2008-07-14,25.25,25.25,25.1,25.1,830
2008-07-15,24.0,24.0,24.0,24.0,1200
2008-07-18,22.05,24.5,22.05,24.5,890
2008-07-21,24.25,24.25,22.0,22.0,2435
2008-07-22,23.0,23.0,23.0,23.0,300
2008-07-25,22.0,22.0,22.0,22.0,2976
2008-07-28,22.0,22.02,22.0,22.02,1924
2008-07-29,23.5,23.5,23.0,23.0,1107
2008-07-31,23.0,23.0,23.0,23.0,100
2008-08-01,23.0,23.0,23.0,23.0,300
2008-08-04,22.0,22.0,22.0,22.0,400
2008-08-06,22.0,22.0,22.0,22.0,200
2008-08-07,22.0,22.0,22.0,22.0,600
2008-08-12,22.0,22.0,22.0,22.0,100
2008-08-14,22.0,22.0,22.0,22.0,200
2008-08-15,22.0,22.0,22.0,22.0,200
2008-08-18,22.0,22.0,22.0,22.0,100
2008-08-19,21.5,21.5,21.5,21.5,100
2008-08-20,21.5,21.5,21.0,21.0,600
2008-08-25,21.5,21.5,21.0,21.0,200
2008-09-03,21.0,21.25,21.0,21.0,600
2008-09-08,21.5,22.0,21.5,22.0,600
2008-09-10,21.9,21.9,21.9,21.9,100
2008-09-11,21.9,21.9,21.9,21.9,100
2008-09-12,23.0,23.0,23.0,23.0,1600
2008-09-19,25.0,25.0,25.0,25.0,200
2008-09-25,23.26,23.26,23.26,23.26,230
2008-09-26,23.75,23.75,23.25,23.25,596
2008-09-29,23.0,24.0,23.0,24.0,436
2008-10-02,25.0,27.0,25.0,26.5,636
2008-10-06,27.0,27.0,27.0,27.0,272
2008-10-07,27.0,28.0,27.0,27.0,1762
2008-10-13,24.5,24.5,23.0,23.0,600
2008-10-14,25.0,25.0,25.0,25.0,200
2008-10-17,,,,25.0,0
2008-10-20,,,,25.0,0
2008-10-21,,,,25.0,0
2008-10-22,,,,25.0,0
2008-10-23,,,,25.0,0
2008-10-24,,,,25.0,0
2008-10-27,,,,25.0,0
2008-10-28,,,,25.0,0
2008-10-29,,,,25.0,0
2008-10-30,,,,25.0,0
2008-10-31,23.1,23.25,23.1,23.25,300
2008-11-03,23.0,24.0,22.0,23.25,1580
2008-11-04,23.5,23.5,23.25,23.25,550
2008-11-05,,,,23.25,0
2008-11-06,,,,23.25,0
2008-11-07,24.5,24.5,23.0,23.0,578
2008-11-10,23.0,23.0,23.0,23.0,100
2008-11-11,23.0,23.0,22.0,22.0,1400
2008-11-12,,,,22.0,0
2008-11-13,22.75,22.75,22.75,22.75,200
2008-11-14,,,,22.75,0
2008-11-17,,,,22.75,0
2008-11-18,23.25,23.25,20.5,20.5,2800
2008-11-19,21.5,22.5,21.5,22.5,700
2008-11-20,22.5,22.5,22.5,22.5,100
2008-11-21,,,,22.5,0
2008-11-24,,,,22.5,0
2008-11-25,,,,22.5,0
2008-11-26,,,,22.5,0
2008-11-28,,,,22.5,0
2008-12-01,23.25,23.25,23.25,23.25,200
2008-12-02,,,,23.25,0
2008-12-03,,,,23.25,0
2008-12-04,,,,23.25,0
2008-12-05,,,,23.25,0
2008-12-08,20.8,20.8,20.8,20.8,100
2008-12-09,21.0,21.0,21.0,21.0,200
2008-12-10,,,,21.0,0
2008-12-11,20.8,20.8,20.0,20.0,1300
2008-12-12,,,,20.0,0
2008-12-15,,,,20.0,0
2008-12-16,,,,20.0,0
2008-12-17,22.0,22.0,22.0,22.0,246
2008-12-18,,,,22.0,0
2008-12-19,21.0,21.0,21.0,21.0,100
2008-12-22,,,,21.0,0
2008-12-23,22.0,22.0,22.0,22.0,1546
2008-12-24,,,,22.0,0
2008-12-26,,,,22.0,0
2008-12-29,,,,22.0,0
2008-12-30,22.5,22.5,20.75,20.75,1055
2008-12-31,,,,20.75,0
2009-01-02,22.25,22.25,22.25,22.25,728
2009-01-05,,,,22.25,0
2009-01-06,,,,22.25,0
2009-01-07,,,,22.25,0
2009-01-08,,,,22.25,0
2009-01-09,,,,22.25,0
2009-01-12,,,,22.25,0
2009-01-13,,,,22.25,0
2009-01-14,,,,22.25,0
2009-01-15,,,,22.25,0
2009-01-16,21.5,21.5,21.5,21.5,600
2009-01-20,,,,21.5,0
2009-01-21,21.5,22.0,21.5,22.0,500
2009-01-22,21.5,21.5,21.5,21.5,100
2009-01-23,21.5,21.5,21.5,21.5,170
2009-01-26,21.5,21.5,21.5,21.5,473
2009-01-27,21.5,21.5,21.5,21.5,300
2009-01-28,22.0,22.0,22.0,22.0,770
2009-01-29,,,,22.0,0
2009-01-30,21.5,21.5,21.5,21.5,1400
2009-02-02,,,,21.5,0
2009-02-03,22.0,22.0,22.0,22.0,1400
2009-02-04,21.5,21.5,21.5,21.5,400
2009-02-05,,,,21.5,0
2009-02-06,22.5,22.5,22.5,22.5,458
2009-02-09,22.5,22.5,22.5,22.5,358
2009-02-10,21.5,21.5,21.5,21.5,287
2009-02-11,,,,21.5,0
2009-02-12,,,,21.5,0
2009-02-13,21.5,21.5,21.5,21.5,121
2009-02-17,,,,21.5,0
2009-02-18,22.0,22.0,21.5,21.5,2048
2009-02-19,21.5,21.5,21.5,21.5,125
2009-02-20,22.0,22.0,22.0,22.0,1365
2009-02-23,,,,22.0,0
2009-02-24,,,,22.0,0
2009-02-25,,,,22.0,0
2009-02-26,,,,22.0,0
2009-02-27,,,,22.0,0
2009-03-02,,,,22.0,0
2009-03-03,20.0,20.0,20.0,20.0,500
2009-03-04,,,,20.0,0
2009-03-05,21.0,21.0,20.0,20.0,1472
2009-03-06,20.6,20.6,20.6,20.6,972
2009-03-09,,,,20.6,0
2009-03-10,,,,20.6,0
2009-03-11,,,,20.6,0
2009-03-12,,,,20.6,0
2009-03-13,,,,20.6,0
2009-03-16,,,,20.6,0
2009-03-17,,,,20.6,0
2009-03-18,,,,20.6,0
2009-03-19,,,,20.6,0
2009-03-20,,,,20.6,0
2009-03-23,,,,20.6,0
2009-03-24,,,,20.6,0
2009-03-25,,,,20.6,0
2009-03-26,,,,20.6,0
2009-03-27,,,,20.6,0
2009-03-30,,,,20.6,0
2009-03-31,,,,20.6,0
2009-04-01,23.0,23.0,23.0,23.0,492
2009-04-02,21.25,21.25,21.0,21.0,1307
2009-04-03,,,,21.0,0
2009-04-06,20.5,20.5,20.5,20.5,170
2009-04-07,,,,20.5,0
2009-04-08,,,,20.5,0
2009-04-09,,,,20.5,0
2009-04-13,,,,20.5,0
2009-04-14,,,,20.5,0
2009-04-15,,,,20.5,0
2009-04-16,,,,20.5,0
2009-04-17,,,,20.5,0
2009-04-20,20.5,20.5,20.5,20.5,100
2009-04-21,21.0,21.0,21.0,21.0,1153
2009-04-22,21.25,21.25,21.25,21.25,100
2009-04-23,,,,21.25,0
2009-04-24,,,,21.25,0
2009-04-27,22.0,22.0,22.0,22.0,1000
2009-04-28,22.65,22.65,22.65,22.65,100
2009-04-29,,,,22.65,0
2009-04-30,,,,22.65,0
2009-05-01,,,,22.65,0
2009-05-04,21.5,22.0,21.5,22.0,1025
2009-05-05,,,,22.0,0
2009-05-06,,,,22.0,0
2009-05-07,22.0,22.0,22.0,22.0,818
2009-05-08,23.0,23.0,23.0,23.0,200
2009-05-11,,,,23.0,0
2009-05-12,22.0,22.0,22.0,22.0,143
2009-05-13,22.0,22.0,22.0,22.0,100
2009-05-14,22.0,22.5,22.0,22.5,883
2009-05-15,,,,22.5,0
2009-05-18,22.5,22.5,22.5,22.5,868
2009-05-19,21.5,21.5,21.25,21.25,683
2009-05-20,,,,21.25,0
2009-05-21,,,,21.25,0
2009-05-22,,,,21.25,0
2009-05-26,,,,21.25,0
2009-05-27,21.0,21.25,20.0,20.0,2511
2009-05-28,20.0,20.0,20.0,20.0,700
2009-05-29,21.0,21.5,21.0,21.5,805
2009-06-01,21.5,21.5,21.5,21.5,295
2009-06-02,20.6,20.6,20.25,20.25,600
2009-06-03,,,,20.25,0
2009-06-04,,,,20.25,0
2009-06-05,20.5,20.5,20.35,20.35,800
2009-06-08,,,,20.35,0
2009-06-09,,,,20.35,0
2009-06-10,,,,20.35,0
2009-06-11,,,,20.35,0
2009-06-12,20.35,20.35,20.25,20.25,2800
2009-06-15,20.05,20.05,20.0,20.0,823
2009-06-16,20.01,20.01,20.0,20.0,1700
2009-06-17,,,,20.0,0
2009-06-18,20.0,20.0,20.0,20.0,500
2009-06-19,,,,20.0,0
2009-06-22,,,,20.0,0
2009-06-23,,,,20.0,0
2009-06-24,,,,20.0,0
2009-06-25,,,,20.0,0
2009-06-26,,,,20.0,0
2009-06-29,19.5,19.5,19.5,19.5,629
2009-06-30,19.5,19.5,19.5,19.5,200
2009-07-01,19.5,19.5,19.5,19.5,399
2009-07-02,19.5,19.5,19.5,19.5,250
2009-07-06,,,,19.5,0
2009-07-07,,,,19.5,0
2009-07-08,19.0,19.25,19.0,19.25,650
2009-07-09,19.0,19.01,19.0,19.01,650
2009-07-10,18.9,18.9,18.9,18.9,400
2009-07-13,18.65,18.8,18.65,18.8,1400
2009-07-14,18.8,18.8,18.8,18.8,500
2009-07-15,18.8,18.9,18.8,18.9,1700
2009-07-16,,,,18.9,0
2009-07-17,,,,18.9,0
2009-07-20,,,,18.9,0
2009-07-21,18.8,18.8,18.8,18.8,1066
2009-07-22,18.8,18.8,18.51,18.51,900
2009-07-23,18.5,18.5,18.5,18.5,700
2009-07-24,,,,18.5,0
2009-07-27,,,,18.5,0
2009-07-28,18.5,18.5,18.5,18.5,1200
2009-07-29,18.5,18.5,18.5,18.5,500
2009-07-30,18.5,19.0,18.5,19.0,2700
2009-07-31,18.5,18.5,18.5,18.5,183
2009-08-03,,,,18.5,0
2009-08-04,,,,18.5,0
2009-08-05,18.5,18.5,18.26,18.5,690
2009-08-06,18.5,18.5,18.5,18.5,983
2009-08-07,18.5,18.5,18.5,18.5,900
2009-08-10,18.25,18.5,18.25,18.5,1700
2009-08-12,,,,18.5,0
2009-08-13,,,,18.5,0
2009-08-14,,,,18.5,0
2009-08-17,,,,18.5,0
2009-08-18,,,,18.5,0
2009-08-19,,,,18.5,0
2009-08-20,,,,18.5,0
2009-08-21,,,,18.5,0
2009-08-24,,,,18.5,0
2009-08-25,,,,18.5,0
2009-08-26,,,,18.5,0
2009-08-27,,,,18.5,0
2009-08-28,18.25,18.25,18.25,18.25,1000
2009-08-31,18.25,18.25,18.25,18.25,280
2009-09-01,18.25,18.4,18.25,18.4,1000
2009-09-02,,,,18.4,0
2009-09-03,18.25,18.25,18.25,18.25,200
2009-09-04,18.25,18.25,18.25,18.25,800
2009-09-08,18.25,18.25,18.25,18.25,200
2009-09-09,,,,18.25,0
2009-09-10,18.1,18.1,18.1,18.1,500
2009-09-11,18.05,18.05,15.89,15.9,5739
2009-09-14,15.75,15.75,15.65,15.65,400
2009-09-15,15.63,15.63,15.4,15.63,3071
2009-09-16,15.63,15.63,15.63,15.63,300
2009-09-17,15.5,15.5,15.5,15.5,500
2009-09-18,15.5,15.5,15.25,15.4,1623
2009-09-21,15.4,15.4,15.35,15.4,3640
2009-09-22,15.3,15.3,15.3,15.3,793
2009-09-23,16.5,16.5,14.8,15.25,3742
2009-09-24,15.0,15.75,15.0,15.75,1701
2009-09-25,,,,15.75,0
2009-09-28,,,,15.75,0
2009-09-29,16.0,16.0,16.0,16.0,300
2009-09-30,,,,16.0,0
2009-10-01,16.0,16.0,16.0,16.0,200
2009-10-02,15.55,15.75,15.55,15.75,2400
2009-10-05,15.5,15.5,15.5,15.5,500
2009-10-06,,,,15.5,0
2009-10-07,15.5,16.0,15.5,16.0,2821
2009-10-08,15.75,15.75,15.75,15.75,200
2009-10-09,,,,15.75,0
2009-10-12,,,,15.75,0
2009-10-13,15.5,15.5,15.5,15.5,200
2009-10-14,16.0,16.0,16.0,16.0,300
2009-10-15,15.5,17.0,15.5,16.0,600
2009-10-16,,,,16.0,0
2009-10-19,15.6,15.6,15.6,15.6,199
2009-10-20,15.5,15.6,15.3,15.3,800
2009-10-21,,,,15.3,0
2009-10-22,15.5,16.0,15.5,15.5,1400
2009-10-23,16.5,16.5,16.5,16.5,200
2009-10-26,,,,16.5,0
2009-10-27,,,,16.5,0
2009-10-28,,,,16.5,0
2009-10-29,15.31,15.31,15.31,15.31,330
2009-10-30,16.25,16.25,16.25,16.25,400
2009-11-02,,,,16.25,0
2009-11-03,,,,16.25,0
2009-11-04,,,,16.25,0
2009-11-05,15.3,15.3,15.3,15.3,376
2009-11-06,15.3,15.3,15.3,15.3,200
2009-11-09,,,,15.3,0
2009-11-10,16.0,16.0,16.0,16.0,211
2009-11-11,,,,16.0,0
2009-11-12,,,,16.0,0
2009-11-13,16.0,16.0,16.0,16.0,257
2009-11-16,,,,16.0,0
2009-11-17,16.0,16.0,15.5,15.5,1732
2009-11-18,,,,15.5,0
2009-11-19,15.5,15.5,15.5,15.5,900
2009-11-20,15.3,15.3,15.3,15.3,114
2009-11-23,15.3,15.5,15.3,15.5,375
2009-11-24,15.3,15.3,15.25,15.25,725
2009-11-25,,,,15.25,0
2009-11-27,,,,15.25,0
2009-11-30,,,,15.25,0
2009-12-01,15.49,15.5,15.49,15.5,1696
2009-12-02,,,,15.5,0
2009-12-03,16.0,16.0,16.0,16.0,1870
2009-12-04,16.25,18.5,16.25,18.5,600
2009-12-07,,,,18.5,0
2009-12-08,18.0,18.5,18.0,18.5,300
2009-12-09,,,,18.5,0
2009-12-10,,,,18.5,0
2009-12-11,,,,18.5,0
2009-12-14,18.5,18.5,18.5,18.5,120
2009-12-15,19.1,19.1,19.1,19.1,100
2009-12-16,19.51,24.0,19.5,24.0,1300
2009-12-17,,,,24.0,0
2009-12-18,,,,24.0,0
2009-12-21,20.0,20.0,19.85,19.85,703
2009-12-22,20.0,20.0,19.85,20.0,893
2009-12-23,,,,20.0,0
2009-12-24,,,,20.0,0
2009-12-28,20.0,20.0,20.0,20.0,300
2009-12-29,,,,20.0,0
2009-12-30,,,,20.0,0
2009-12-31,,,,20.0,0
2010-01-04,20.5,20.5,20.5,20.5,103
2010-01-05,,,,20.5,0
2010-01-06,,,,20.5,0
2010-01-07,,,,20.5,0
2010-01-08,,,,20.5,0
2010-01-11,,,,20.5,0
2010-01-12,21.0,21.0,21.0,21.0,700
2010-01-13,21.0,21.0,21.0,21.0,400
2010-01-14,,,,21.0,0
2010-01-15,,,,21.0,0
2010-01-19,,,,21.0,0
2010-01-20,21.5,21.5,21.5,21.5,200
2010-01-21,21.0,21.0,21.0,21.0,382
2010-01-22,,,,21.0,0
2010-01-25,,,,21.0,0
2010-01-26,21.5,22.0,21.5,22.0,400
2010-01-27,22.0,22.0,22.0,22.0,500
2010-01-28,,,,22.0,0
2010-01-29,22.0,22.0,22.0,22.0,200
2010-02-01,22.0,22.0,22.0,22.0,227
2010-02-02,21.0,21.0,21.0,21.0,400
2010-02-03,22.0,22.0,22.0,22.0,100
2010-02-04,19.5,19.5,19.5,19.5,491
2010-02-05,21.0,21.0,21.0,21.0,447
2010-02-08,,,,21.0,0
2010-02-09,,,,21.0,0
2010-02-10,20.0,20.0,20.0,20.0,170
2010-02-11,19.55,19.55,19.55,19.55,200
2010-02-12,22.0,22.0,22.0,22.0,360
2010-02-16,,,,22.0,0
2010-02-17,,,,22.0,0
2010-02-18,22.5,22.5,22.5,22.5,300
2010-02-19,,,,22.5,0
2010-02-22,,,,22.5,0
2010-02-23,,,,22.5,0
2010-02-24,,,,22.5,0
2010-02-25,23.0,23.0,23.0,23.0,264
2010-02-26,,,,23.0,0
2010-03-01,,,,23.0,0
2010-03-02,23.0,23.0,23.0,23.0,300
2010-03-03,,,,23.0,0
2010-03-04,,,,23.0,0
2010-03-05,22.5,23.5,22.5,23.5,1439
2010-03-08,23.5,23.5,23.5,23.5,300
2010-03-09,24.65,24.65,23.5,23.5,1050
2010-03-10,,,,23.5,0
2010-03-11,,,,23.5,0
2010-03-12,,,,23.5,0
2010-03-15,24.0,24.0,24.0,24.0,100
2010-03-16,24.5,24.5,24.5,24.5,310
2010-03-17,,,,24.5,0
2010-03-18,24.0,24.0,24.0,24.0,100
2010-03-19,24.0,24.0,23.5,23.5,1261
2010-03-22,,,,23.5,0
2010-03-23,,,,23.5,0
2010-03-24,,,,23.5,0
2010-03-25,,,,23.5,0
2010-03-26,21.25,21.25,21.25,21.25,339
2010-03-29,22.0,22.0,22.0,22.0,784
2010-03-30,22.75,22.75,22.75,22.75,417
2010-03-31,,,,22.75,0
2010-04-05,,,,23.0,0
2010-04-06,,,,23.0,0
2010-04-07,22.75,22.75,22.75,22.75,100
2010-04-08,,,,22.75,0
2010-04-09,22.0,22.0,22.0,22.0,400
2010-04-12,,,,22.0,0
2010-04-13,23.0,23.0,23.0,23.0,150
2010-04-14,21.5,23.0,21.5,23.0,400
2010-04-15,21.5,21.5,21.0,21.0,975
2010-04-16,,,,21.0,0
2010-04-19,,,,21.0,0
2010-04-20,22.0,22.0,20.6,20.6,300
2010-04-21,,,,20.6,0
2010-04-22,,,,20.6,0
2010-04-23,21.5,22.0,21.5,22.0,1300
2010-04-26,,,,22.0,0
2010-04-27,21.5,21.5,21.5,21.5,200
2010-04-28,,,,21.5,0
2010-04-29,,,,21.5,0
2010-04-30,,,,21.5,0
2010-05-03,,,,21.5,0
2010-05-04,,,,21.5,0
2010-05-05,,,,21.5,0
2010-05-06,,,,21.5,0
2010-05-07,,,,21.5,0
2010-05-10,21.0,21.0,20.67,20.67,400
2010-05-11,21.0,21.0,21.0,21.0,100
2010-05-12,20.3,20.3,20.3,20.3,204
2010-05-13,21.0,21.0,21.0,21.0,400
2010-05-14,21.0,21.0,21.0,21.0,1280
2010-05-17,21.0,21.0,21.0,21.0,1000
2010-05-18,,,,21.0,0
2010-05-19,,,,21.0,0
2010-05-20,,,,21.0,0
2010-05-21,20.0,20.0,19.5,19.5,1000
2010-05-24,,,,19.5,0
2010-05-25,19.1,19.1,19.0,19.0,400
2010-05-26,18.75,18.75,18.75,18.75,100
2010-05-27,,,,18.75,0
2010-05-28,,,,18.75,0
2010-06-01,18.75,18.75,18.75,18.75,200
2010-06-02,18.75,19.1,18.75,19.1,1200
2010-06-03,19.0,19.1,19.0,19.1,925
2010-06-04,,,,19.1,0
2010-06-07,18.67,18.67,18.67,18.67,1354
2010-06-08,20.0,20.0,20.0,20.0,500
2010-06-09,,,,20.0,0
2010-06-10,,,,20.0,0
2010-06-11,,,,20.0,0
2010-06-14,18.67,18.67,18.67,18.67,100
2010-06-15,20.0,20.0,20.0,20.0,610
2010-06-16,,,,20.0,0
2010-06-17,20.0,20.0,19.75,19.75,1000
2010-06-18,,,,19.75,0
2010-06-21,18.68,19.0,18.67,19.0,789
2010-06-22,19.0,19.0,19.0,19.0,100
2010-06-23,,,,19.0,0
2010-06-24,,,,19.0,0
2010-06-25,19.0,19.0,19.0,19.0,107
2010-06-28,,,,19.0,0
2010-06-29,,,,19.0,0
2010-06-30,20.0,20.0,20.0,20.0,1000
2010-07-06,,,,20.0,0
2010-07-07,,,,20.0,0
2010-07-08,19.0,19.0,19.0,19.0,200
2010-07-09,19.5,19.5,19.47,19.47,593
2010-07-12,18.5,18.5,18.5,18.5,200
2010-07-13,,,,18.5,0
2010-07-14,19.5,19.5,19.5,19.5,200
2010-07-15,,,,19.5,0
2010-07-16,,,,19.5,0
2010-07-19,18.5,18.5,18.3,18.45,900
2010-07-20,,,,18.45,0
2010-07-21,,,,18.45,0
2010-07-22,,,,18.45,0
2010-07-23,18.0,18.0,18.0,18.0,100
2010-07-26,18.0,18.0,17.5,18.0,1793
2010-07-27,17.5,17.5,17.5,17.5,200
2010-07-28,17.9,17.9,17.9,17.9,200
2010-07-29,19.0,19.0,18.5,18.5,1937
2010-07-30,,,,18.5,0
2010-08-02,,,,18.5,0
2010-08-03,,,,18.5,0
2010-08-04,18.5,18.5,18.5,18.5,100
2010-08-05,,,,18.5,0
2010-08-06,,,,18.5,0
2010-08-09,18.25,18.25,18.25,18.25,730
2010-08-10,18.25,18.25,18.25,18.25,265
2010-08-11,17.85,17.85,17.36,17.4,1700
2010-08-12,,,,17.4,0
2010-08-13,17.2,17.5,17.2,17.5,875
2010-08-16,17.5,17.5,17.5,17.5,330
2010-08-17,,,,17.5,0
2010-08-18,17.75,17.75,17.75,17.75,2600
2010-08-19,17.75,17.75,17.75,17.75,405
2010-08-20,,,,17.75,0
2010-08-23,17.75,17.75,17.75,17.75,710
2010-08-24,17.75,17.75,17.75,17.75,180
2010-08-26,17.75,17.75,17.25,17.25,755
2010-08-27,,,,17.25,0
2010-08-30,17.5,17.5,17.5,17.5,323
2010-08-31,,,,17.5,0
2010-09-01,,,,17.5,0
2010-09-02,,,,17.5,0
2010-09-07,17.5,17.5,17.5,17.5,300
2010-09-08,17.5,17.5,17.5,17.5,400
2010-09-09,17.5,17.5,17.5,17.5,800
2010-09-10,,,,17.5,0
2010-09-13,17.5,17.5,17.5,17.5,500
2010-09-14,17.5,17.5,17.5,17.5,1000
2010-09-15,17.5,17.75,17.5,17.75,335
2010-09-16,17.5,17.5,17.5,17.5,516
2010-09-17,17.1,17.1,17.1,17.1,121
2010-09-20,17.1,17.1,17.0,17.0,1488
2010-10-04,17.9,17.9,17.75,17.75,412
2010-10-07,17.0,17.0,17.0,17.0,343
2010-10-12,17.5,17.63,17.25,17.45,2620
2010-10-13,18.0,18.0,18.0,18.0,140
2010-10-14,17.2,17.2,17.2,17.2,210
2010-10-15,17.0,17.1,17.0,17.0,1803
2010-10-18,16.63,16.95,16.63,16.95,791
2010-10-19,16.5,16.5,16.25,16.25,2342
2010-10-22,16.25,16.25,16.25,16.25,200
2010-10-25,16.5,16.5,16.5,16.5,1442
2010-10-27,16.5,16.5,16.5,16.5,200
2010-11-03,17.0,17.0,17.0,17.0,400
2010-11-15,17.0,17.0,17.0,17.0,100
2010-11-17,17.0,17.5,17.0,17.3,470
2010-11-18,17.4,17.5,17.35,17.5,1200
2010-11-24,17.26,17.26,17.0,17.0,800
2010-11-29,17.8,17.8,17.8,17.8,307
2010-12-07,17.0,17.0,17.0,17.0,300
2010-12-13,17.5,17.5,17.5,17.5,1245
2010-12-15,17.8,17.8,17.8,17.8,545
2010-12-16,17.5,17.8,17.5,17.8,300
2010-12-17,17.8,17.8,17.8,17.8,166
2010-12-30,17.8,17.8,17.8,17.8,149
2011-01-03,17.17,17.17,17.17,17.17,200
2011-01-04,17.5,18.0,17.5,18.0,2150
2011-01-06,18.0,18.0,17.25,17.25,3394
2011-01-07,17.25,17.25,17.25,17.25,3050
2011-01-10,17.15,17.15,17.1,17.15,1400
2011-01-11,17.0,17.0,17.0,17.0,600
2011-01-12,16.89,17.01,16.75,17.01,2200
2011-01-18,16.65,16.65,16.65,16.65,1000
2011-01-19,16.61,16.76,16.61,16.75,1590
2011-01-20,16.9,16.9,16.9,16.9,205
2011-01-24,17.0,17.0,17.0,17.0,200
2011-01-25,17.1,17.5,16.8,16.8,1700
2011-01-26,16.95,17.25,16.75,17.25,2510
2011-01-27,17.45,17.5,17.05,17.05,2803
2011-01-28,17.5,17.75,17.05,17.05,412
2011-02-02,17.75,17.75,17.75,17.75,500
2011-02-08,17.6,17.6,17.6,17.6,680
2011-02-10,17.65,17.65,17.65,17.65,118
2011-02-11,17.75,17.75,17.65,17.65,882
2011-02-14,18.0,18.0,18.0,18.0,438
2011-02-15,18.0,18.0,18.0,18.0,507
2011-02-18,18.1,18.1,18.1,18.1,200
2011-02-22,18.1,18.5,18.0,18.01,1607
2011-02-24,18.25,18.25,18.25,18.25,200
2011-02-28,18.25,19.0,18.25,18.35,1716
2011-03-01,18.26,18.26,17.8,17.8,1364
2011-03-02,17.8,17.8,17.8,17.8,120
2011-03-03,17.8,17.8,17.55,17.55,400
2011-03-09,17.56,17.56,17.56,17.56,100
2011-03-10,17.8,17.8,17.8,17.8,100
2011-03-15,18.0,18.4,18.0,18.4,556
2011-03-17,17.57,17.57,17.57,17.57,928
2011-03-18,17.64,18.0,17.64,18.0,814
2011-03-21,18.5,18.5,18.5,18.5,100
2011-03-30,17.65,17.65,17.5,17.57,857
2011-03-31,17.5,17.5,17.5,17.5,300
2011-04-01,17.5,17.5,17.5,17.5,2100
2011-04-05,17.26,17.26,17.0,17.0,2941
2011-04-06,17.0,17.05,17.0,17.0,2268
2011-04-11,17.5,17.5,17.5,17.5,100
2011-04-12,17.4,17.4,17.4,17.4,169
2011-04-13,17.6,17.6,17.6,17.6,200
2011-04-20,17.75,17.75,17.25,17.25,2120
2011-04-26,17.25,17.25,17.25,17.25,300
2011-04-27,17.75,17.75,17.75,17.75,733
2011-04-28,17.5,17.5,17.5,17.5,235
2011-05-02,17.75,18.0,17.75,18.0,2300
2011-05-04,17.5,17.5,17.2,17.2,2160
2011-05-06,17.55,17.55,17.55,17.55,694
2011-05-16,17.75,18.0,17.75,18.0,400
2011-05-18,18.25,18.25,18.25,18.25,1200
2011-05-25,19.0,19.0,19.0,19.0,200
2011-06-13,17.75,17.75,17.75,17.75,600
2011-06-15,17.75,17.75,17.3,17.3,1339
2011-06-16,17.5,17.5,17.5,17.5,562
2011-06-17,17.3,17.3,17.25,17.25,900
2011-06-20,17.5,17.5,17.5,17.5,441
2011-07-01,18.0,18.0,17.3,18.0,1386
2011-07-07,18.0,18.0,18.0,18.0,525
2011-07-08,18.25,18.37,18.25,18.37,442
2011-07-12,17.3,17.3,17.3,17.3,1048
2011-07-15,17.95,17.95,17.95,17.95,500
2011-07-19,17.3,17.3,17.0,17.16,5282
2011-07-20,17.2,17.4,17.2,17.4,1577
2011-07-21,17.4,17.4,17.4,17.4,500
2011-07-22,17.4,17.4,17.4,17.4,300
2011-07-26,17.4,17.4,17.4,17.4,354
2011-08-01,17.95,18.0,17.95,18.0,482
2011-08-03,17.5,17.5,17.5,17.5,600
2011-08-05,18.0,18.0,18.0,18.0,200
2011-08-08,17.5,17.5,17.5,17.5,800
2011-08-10,17.55,17.55,17.5,17.5,1045
2011-08-11,17.5,17.5,17.5,17.5,200
2011-08-12,17.5,17.5,17.5,17.5,255
2011-08-15,17.25,17.25,17.25,17.25,200
2011-08-16,16.75,16.75,16.75,16.75,323
2011-08-17,17.25,17.25,17.25,17.25,150
2011-08-18,17.0,17.25,16.61,17.0,4000
2011-08-19,17.0,17.0,17.0,17.0,1195
2011-08-22,16.65,16.65,16.6,16.6,945
2011-08-24,16.75,16.75,16.75,16.75,650
2011-08-26,16.6,16.6,16.5,16.5,712
2011-08-31,17.0,17.0,17.0,17.0,1900
2011-09-01,17.0,17.0,17.0,17.0,240
2011-09-07,17.8,17.8,17.8,17.8,400
2011-09-13,17.99,18.0,17.99,18.0,323
2011-09-14,17.75,17.75,17.75,17.75,200
2011-09-16,17.07,17.07,16.5,16.95,3258
2011-09-20,16.95,16.95,16.95,16.95,340
2011-09-21,17.0,17.0,17.0,17.0,100
2011-09-23,16.95,16.95,16.95,16.95,200
2011-09-26,17.5,17.5,17.5,17.5,680
2011-09-27,17.0,17.0,17.0,17.0,115
2011-09-28,17.0,17.0,17.0,17.0,380
2011-10-07,16.75,16.75,16.75,16.75,200
2011-10-12,16.75,17.5,16.75,17.0,1447
2011-10-13,16.75,16.75,16.75,16.75,400
2011-10-14,16.97,16.97,16.97,16.97,100
2011-10-21,16.15,16.87,16.15,16.15,686
2011-10-24,16.15,16.15,16.15,16.15,1912
2011-10-25,16.15,16.15,16.15,16.15,170
2011-10-27,16.5,16.5,16.25,16.5,1980
2011-10-31,16.7,16.7,16.5,16.5,356
2011-11-02,16.8,16.8,16.8,16.8,200
2011-11-03,17.0,17.0,17.0,17.0,1185
2011-11-09,17.0,17.0,17.0,17.0,300
2011-11-10,17.0,17.03,17.0,17.03,656
2011-11-14,17.0,17.0,17.0,17.0,600
2011-11-15,17.0,17.0,17.0,17.0,1400
2011-11-16,17.4,17.4,17.4,17.4,525
2011-11-21,17.0,17.0,17.0,17.0,1278
2011-11-23,17.95,17.95,17.35,17.35,300
2011-12-12,17.0,17.0,17.0,17.0,835
2011-12-15,17.21,17.25,17.21,17.25,1400
2011-12-19,17.0,17.0,17.0,17.0,446
2011-12-20,17.25,17.25,17.25,17.25,608
2011-12-22,17.15,17.15,17.15,17.15,624
2011-12-27,17.0,17.0,17.0,17.0,200
2011-12-28,17.25,17.25,17.25,17.25,124
2011-12-29,17.25,17.25,17.25,17.25,150
2012-01-05,17.0,17.0,17.0,17.0,100
2012-01-10,17.25,17.25,17.25,17.25,359
2012-01-11,17.25,17.25,17.25,17.25,881
2012-01-12,17.5,17.5,17.5,17.5,837
2012-01-17,17.5,17.75,17.5,17.75,381
2012-01-19,17.5,17.5,17.5,17.5,305
2012-01-23,17.75,17.75,17.75,17.75,782
2012-01-24,18.25,18.25,18.25,18.25,300
2012-02-01,17.95,18.0,17.95,18.0,2654
2012-02-03,18.1,18.25,18.1,18.25,1379
2012-02-07,19.0,19.0,19.0,19.0,400
2012-02-08,18.0,18.0,18.0,18.0,125
2012-02-10,18.25,18.25,18.25,18.25,821
2012-02-14,19.0,19.0,19.0,19.0,100
2012-02-16,19.0,19.0,19.0,19.0,536
2012-02-17,19.0,19.0,19.0,19.0,2500
2012-02-21,19.25,19.25,19.25,19.25,100
2012-02-22,18.5,19.25,18.5,19.25,900
2012-02-27,19.5,19.5,19.5,19.5,600
2012-02-28,19.5,19.5,19.5,19.5,300
2012-02-29,19.24,19.24,19.24,19.24,266
2012-03-08,19.25,19.25,19.25,19.25,1000
2012-03-14,19.9,19.95,19.9,19.95,200
2012-03-15,19.95,19.95,19.95,19.95,835
2012-03-16,19.95,19.95,19.95,19.95,384
2012-03-20,19.97,20.15,19.97,20.15,455
2012-03-27,20.97,20.97,20.97,20.97,500
2012-03-29,21.0,21.25,21.0,21.25,600
2012-04-03,21.25,21.25,21.25,21.25,200
2012-04-09,21.25,21.25,21.25,21.25,200
2012-04-12,21.27,21.27,21.27,21.27,400
2012-04-16,21.27,21.27,21.27,21.27,210
2012-04-18,22.0,22.25,22.0,22.25,810
2012-04-24,23.0,23.0,23.0,23.0,200
2012-04-25,24.5,24.5,24.5,24.5,200
2012-04-27,24.0,24.0,24.0,24.0,200
2012-04-30,22.25,22.25,22.25,22.25,446
2012-05-01,22.25,22.25,22.0,22.0,1750
2012-05-02,22.99,23.0,22.99,23.0,537
2012-05-03,21.71,21.71,21.71,21.71,200
2012-05-09,22.1,22.1,22.1,22.1,107
2012-05-16,22.27,22.27,22.27,22.27,300
2012-05-17,22.27,22.27,22.27,22.27,1388
2012-05-22,22.65,23.0,22.65,23.0,1000
2012-05-23,22.3,22.3,22.3,22.3,128
2012-05-25,22.35,22.35,22.35,22.35,200
2012-05-29,22.49,22.49,22.49,22.49,128
2012-05-30,22.05,22.05,22.0,22.0,230
2012-06-05,22.5,22.5,22.5,22.5,740
2012-06-06,22.5,23.0,22.5,23.0,1765
2012-06-12,22.5,22.5,22.5,22.5,468
2012-06-15,22.5,22.5,22.25,22.25,422
2012-06-19,22.2,22.25,22.2,22.2,3300
2012-06-20,22.25,22.5,22.25,22.5,510
2012-06-25,23.15,23.5,23.15,23.5,375
2012-06-26,23.5,23.5,23.5,23.5,520
2012-06-27,22.57,22.57,22.57,22.57,500
2012-06-29,22.57,22.57,22.57,22.57,600
2012-07-02,21.75,21.75,21.75,21.75,300
2012-07-05,21.75,21.75,21.7,21.7,405
2012-07-06,22.0,22.0,22.0,22.0,200
2012-07-10,21.55,21.55,21.55,21.55,436
2012-07-17,23.0,23.0,22.55,22.55,1300
2012-07-20,23.0,23.0,23.0,23.0,500
2012-07-23,21.75,21.75,21.75,21.75,720
2012-07-26,23.0,23.5,23.0,23.5,1358
2012-07-27,23.5,25.0,23.5,25.0,500
2012-08-01,24.5,24.5,24.5,24.5,200
2012-08-02,23.77,23.77,22.15,22.15,1860
2012-08-03,22.2,22.2,22.2,22.2,332
2012-08-08,22.41,22.41,22.41,22.41,157
2012-08-10,22.41,22.41,22.41,22.41,200
2012-08-13,22.94,22.95,22.94,22.95,500
2012-08-14,22.41,22.5,22.41,22.5,1527
2012-08-17,22.75,22.75,22.51,22.51,596
2012-08-20,22.95,22.95,22.95,22.95,125
2012-09-04,22.37,22.37,22.37,22.37,415
2012-09-06,22.5,22.85,22.5,22.5,815
2012-09-13,22.4,22.5,22.36,22.5,1240
2012-09-14,22.54,22.75,22.54,22.75,591
2012-09-18,23.25,23.25,23.25,23.25,1259
2012-09-20,23.25,23.25,23.25,23.25,200
2012-09-21,23.25,23.25,23.25,23.25,459
2012-09-26,23.01,23.01,23.01,23.01,359
2012-10-04,23.0,23.0,23.0,23.0,535
2012-10-11,22.5,22.5,22.5,22.5,400
2012-10-12,22.5,22.5,22.5,22.5,200
2012-10-15,23.0,23.0,23.0,23.0,995
2012-10-26,23.65,23.65,23.65,23.65,1284
2012-10-31,24.0,24.0,22.75,22.75,832
2012-11-01,22.75,22.75,22.67,22.75,200
2012-11-06,22.75,22.75,22.75,22.75,117
2012-11-09,23.25,23.25,23.25,23.25,183
2012-11-15,22.5,22.5,22.5,22.5,200
2012-11-16,22.25,22.25,22.25,22.25,587
2012-11-23,22.5,22.5,22.5,22.5,200
2012-11-26,22.75,22.75,22.75,22.75,674
2012-12-05,24.0,24.0,23.07,24.0,1964
2012-12-18,25.25,25.25,25.25,25.25,100
2012-12-19,25.25,25.25,24.0,24.0,275
2012-12-24,26.7,26.7,26.7,26.7,420
2012-12-26,26.7,26.7,24.17,24.5,1435
2012-12-27,25.95,25.95,25.95,25.95,332
2012-12-28,24.1,24.1,24.1,24.1,500
2012-12-31,26.95,26.95,25.25,25.25,500
2013-01-02,26.95,26.95,26.95,26.95,100
2013-01-03,26.95,26.95,26.95,26.95,1510
2013-01-04,26.75,33.0,26.75,33.0,300
2013-01-08,31.0,33.0,31.0,31.0,1622
2013-01-10,30.0,30.0,30.0,30.0,1100
2013-01-11,30.5,30.5,30.5,30.5,550
2013-01-15,31.0,31.0,30.25,30.25,5300
2013-01-16,30.25,31.0,30.25,31.0,9300
2013-01-17,30.5,30.5,30.5,30.5,120
2013-01-22,33.25,33.25,33.25,33.25,315
2013-01-23,33.0,33.0,32.75,33.0,1373
2013-01-24,33.0,33.0,31.0,32.0,962
2013-01-25,32.0,32.0,32.0,32.0,100
2013-01-28,31.94,31.94,31.94,31.94,100
2013-01-29,32.0,32.0,31.55,32.0,2200
2013-02-01,32.4,32.4,32.0,32.0,200
2013-02-04,31.0,31.0,29.05,30.6,2505
2013-02-08,30.5,30.5,29.96,30.5,1340
2013-02-11,30.75,31.0,30.75,31.0,800
2013-02-12,31.0,31.0,31.0,31.0,103
2013-02-15,31.0,31.07,31.0,31.0,2300
2013-02-20,31.0,31.0,31.0,31.0,160
2013-02-26,33.0,33.0,31.0,31.5,580
2013-03-04,30.0,30.25,30.0,30.25,3634
2013-03-05,29.55,29.55,29.46,29.46,1394
2013-03-06,29.86,29.98,29.01,29.01,1286
2013-03-12,29.3,29.3,29.3,29.3,200
2013-03-15,30.25,30.25,30.25,30.25,376
2013-03-19,30.0,30.0,30.0,30.0,639
2013-03-20,30.15,30.15,30.15,30.15,850
2013-03-21,30.15,30.15,30.15,30.15,195
2013-03-22,30.25,30.25,30.25,30.25,100
2013-04-17,28.85,29.01,28.5,28.5,420
2013-04-22,28.0,28.0,28.0,28.0,2000
2013-04-24,27.5,27.5,27.5,27.5,600
2013-04-26,28.25,28.25,28.0,28.0,723
2013-05-06,28.0,28.0,28.0,28.0,300
2013-05-07,28.0,28.0,28.0,28.0,290
2013-05-08,27.5,28.0,26.0,27.2,2360
2013-05-14,26.25,26.25,26.02,26.05,491
2013-05-16,26.92,26.92,26.5,26.5,500
2013-05-17,26.05,26.45,25.9,26.45,1700
2013-05-20,26.5,26.5,26.5,26.5,141
2013-05-22,27.0,27.0,27.0,27.0,450
2013-05-30,28.0,28.5,28.0,28.5,297
2013-05-31,27.0,27.0,26.17,26.17,200
2013-06-07,28.0,28.0,28.0,28.0,116
2013-06-17,27.0,27.0,27.0,27.0,701
2013-06-26,26.51,26.51,26.25,26.25,1800
2013-07-02,27.5,27.5,27.5,27.5,400
2013-07-03,28.0,28.0,28.0,28.0,365
2013-07-11,27.0,27.0,26.5,26.5,700
2013-07-16,27.09,27.25,27.09,27.25,1048
2013-07-18,27.45,27.75,27.45,27.75,300
2013-07-23,29.0,29.5,29.0,29.5,775
2013-07-24,30.0,32.5,28.0,32.5,2967
2013-07-25,30.0,31.5,30.0,31.5,1400
2013-07-26,31.0,31.0,31.0,31.0,300
2013-07-29,30.79,30.79,30.55,30.75,592
2013-07-30,30.5,30.5,30.5,30.5,2200
2013-07-31,30.5,30.5,30.5,30.5,400
2013-08-01,30.02,30.02,29.02,29.02,1900
2013-08-06,28.02,28.02,27.67,28.0,600
2013-08-07,28.61,28.61,28.61,28.61,500
2013-08-09,28.0,28.71,28.0,28.71,200
2013-08-12,27.57,27.57,27.57,27.57,460
2013-08-19,28.0,28.0,28.0,28.0,640
2013-08-26,28.0,28.0,28.0,28.0,700
2013-09-13,28.5,28.5,28.5,28.5,327
2013-09-17,28.26,29.0,28.26,29.0,897
2013-09-19,29.0,29.0,29.0,29.0,206
2013-09-30,28.26,28.26,28.0,28.0,331
2013-10-03,27.75,27.75,27.75,27.75,100
2013-10-10,27.57,27.75,27.5,27.75,1200
2013-10-11,26.62,26.62,26.62,26.62,200
2013-10-14,26.5,26.5,26.5,26.5,300
2013-10-15,26.1,26.1,25.96,26.07,9504
2013-10-16,26.0,26.0,25.85,26.0,644
2013-10-17,25.5,25.5,25.1,25.1,2428
2013-10-21,26.0,26.44,25.8,26.44,747
2013-10-23,25.95,25.95,25.95,25.95,964
2013-10-24,25.95,27.99,25.95,27.99,260
2013-10-25,26.0,26.0,24.85,26.0,9905
2013-10-28,25.0,25.0,25.0,25.0,390
2013-10-29,26.0,26.0,25.99,25.99,1300
2013-11-05,25.26,25.5,25.11,25.11,1119
2013-11-08,25.5,25.5,25.5,25.5,319
2013-11-12,25.27,25.27,25.17,25.25,496
2013-11-13,25.17,25.17,25.17,25.17,220
2013-11-14,25.8,25.8,25.8,25.8,300
2013-11-25,25.17,25.25,25.17,25.25,850
2013-11-26,25.24,25.24,25.24,25.24,100
2013-12-05,25.25,25.5,25.25,25.5,1000
2013-12-06,24.99,24.99,24.99,24.99,1200
2013-12-11,25.4,25.4,25.4,25.4,100
2013-12-13,25.4,25.4,25.4,25.4,480
2013-12-16,25.4,25.4,25.39,25.39,235
2013-12-17,25.07,25.4,25.07,25.4,3321
2013-12-18,25.4,25.4,25.4,25.4,9000
2013-12-19,25.4,25.4,25.4,25.4,1680
2013-12-20,25.35,25.35,25.35,25.35,98520
2013-12-23,26.0,26.0,26.0,26.0,3588
2013-12-26,25.75,26.0,25.15,26.0,14642
2013-12-27,26.0,26.0,26.0,26.0,30550
2013-12-30,26.25,26.25,26.25,26.25,500
2013-12-31,26.0,26.0,26.0,26.0,39752
2014-01-07,26.0,26.0,26.0,26.0,196
2014-01-15,25.75,26.0,25.75,26.0,1535
2014-01-16,26.25,26.35,26.25,26.35,200
2014-01-17,26.35,26.35,26.35,26.35,100
2014-01-24,26.75,26.75,26.75,26.75,100
2014-01-27,26.75,27.08,26.75,27.08,500
2014-01-31,27.5,27.5,26.35,26.35,2591
2014-02-04,26.6,26.6,26.6,26.6,330
2014-02-05,27.75,27.75,27.75,27.75,100
2014-02-07,27.75,27.85,27.75,27.75,424
2014-02-12,26.85,26.85,26.85,26.85,2912
2014-02-14,27.0,27.0,27.0,27.0,163
2014-02-18,27.1,27.1,27.1,27.1,300
2014-02-20,27.15,27.15,27.05,27.05,640
2014-02-21,27.25,27.25,27.25,27.25,1590
2014-02-25,27.1,27.1,27.1,27.1,3067
2014-02-27,27.05,27.05,27.05,27.05,139
2014-03-04,27.1,27.1,27.1,27.1,2237
2014-03-05,27.05,27.05,27.05,27.05,700
2014-03-06,27.9,27.95,27.9,27.95,500
2014-03-07,27.05,27.05,27.05,27.05,400
2014-03-10,27.05,27.05,27.05,27.05,450
2014-03-11,27.05,27.05,27.05,27.05,250
2014-03-14,27.05,27.05,27.05,27.05,700
2014-03-19,27.05,27.05,27.05,27.05,2050
2014-03-24,28.0,28.0,28.0,28.0,426
2014-03-27,27.1,27.1,27.1,27.1,350
2014-03-31,27.5,27.5,27.1,27.1,346
2014-04-02,27.1,27.1,27.1,27.1,400
2014-04-03,27.1,27.1,27.1,27.1,250
2014-04-04,27.1,27.1,27.05,27.05,1500
2014-04-08,27.07,27.07,27.07,27.07,1600
2014-04-09,27.05,27.05,27.05,27.05,105
2014-04-10,27.05,27.05,27.05,27.05,350
2014-04-11,27.05,27.05,27.05,27.05,650
2014-04-15,27.75,27.75,27.75,27.75,200
2014-04-25,27.75,27.75,27.75,27.75,1300
2014-04-28,27.5,27.5,27.15,27.2,2800
2014-04-29,27.75,27.75,27.75,27.75,1000
2014-04-30,27.25,27.4,27.25,27.25,3325
2014-05-01,27.25,27.5,27.25,27.25,1694
2014-05-02,27.5,27.5,27.5,27.5,200
2014-05-05,27.25,27.25,27.25,27.25,2010
2014-05-06,27.25,27.25,27.25,27.25,194
2014-05-07,27.25,27.25,27.25,27.25,700
2014-05-08,27.5,27.5,27.5,27.5,100
2014-05-09,27.75,27.75,27.75,27.75,594
2014-05-12,27.75,27.75,27.5,27.5,1300
2014-05-13,27.38,27.38,27.25,27.25,2100
2014-05-16,27.75,27.75,27.75,27.75,500
2014-05-20,27.85,28.0,27.85,28.0,1587
2014-05-27,30.5,30.5,30.5,30.5,124
2014-05-28,28.1,28.1,28.1,28.1,120
2014-05-30,28.1,28.1,28.0,28.0,1920
2014-06-05,28.25,28.25,28.25,28.25,655
2014-06-06,28.25,28.25,28.25,28.25,200
2014-06-10,28.25,28.25,28.25,28.25,498
2014-06-11,28.25,28.25,28.25,28.25,695
2014-06-17,28.25,28.25,28.25,28.25,1194
2014-06-18,28.75,28.75,28.75,28.75,412
2014-06-19,29.0,29.75,29.0,29.75,580
2014-06-20,30.0,30.0,29.01,29.01,460
2014-06-24,28.5,28.5,28.5,28.5,400
2014-06-27,29.5,29.5,29.5,29.5,400
2014-07-03,30.24,30.24,30.24,30.24,200
2014-07-08,30.0,30.0,30.0,30.0,273
2014-07-09,30.24,30.24,30.24,30.24,5000
2014-07-10,30.24,30.24,30.24,30.24,525
2014-07-11,30.24,30.24,28.55,28.55,1338
2014-07-16,29.0,29.5,29.0,29.0,2309
2014-07-22,29.5,29.5,29.5,29.5,450
2014-07-23,29.5,29.5,29.5,29.5,500
2014-07-24,29.5,29.5,28.55,29.5,1274
2014-07-25,29.5,29.5,29.5,29.5,410
2014-07-29,28.9,29.4,28.9,29.0,940
2014-08-01,29.5,29.5,29.5,29.5,150
2014-08-05,29.5,29.5,29.5,29.5,650
2014-08-06,29.5,29.5,29.5,29.5,200
2014-08-14,30.0,30.0,30.0,30.0,100
2014-08-21,30.0,30.0,30.0,30.0,853
2014-08-22,30.47,30.47,30.47,30.47,385
2014-08-25,30.47,30.47,30.47,30.47,1389
2014-08-26,30.47,30.47,30.47,30.47,5065
2014-08-27,30.47,30.47,30.25,30.25,283
2014-08-28,30.25,30.25,30.0,30.0,1294
2014-08-29,30.0,30.47,30.0,30.47,950
2014-09-04,30.46,30.46,30.46,30.46,101
2014-09-05,30.72,31.5,30.72,31.5,2800
2014-09-08,31.9,32.01,31.9,32.01,1400
2014-09-09,32.4,32.47,32.4,32.4,1449
2014-09-10,32.46,32.46,32.46,32.46,1250
2014-09-16,35.5,35.5,35.5,35.5,443
2014-09-17,34.98,34.98,34.93,34.93,388
2014-09-18,33.5,33.5,33.1,33.1,2576
2014-09-19,33.25,33.25,33.1,33.22,1300
2014-09-23,33.25,33.25,33.25,33.25,286
2014-09-26,35.86,35.86,35.7,35.7,802
2014-09-30,33.82,33.85,33.82,33.85,625
2014-10-01,33.85,33.85,33.8,33.8,500
2014-10-02,33.5,33.5,33.5,33.5,328
2014-10-06,33.3,33.3,33.25,33.25,1140
2014-10-08,33.35,33.35,33.35,33.35,500
2014-10-09,33.25,33.25,33.2,33.25,442
2014-10-10,33.25,33.25,33.25,33.25,300
2014-10-14,33.3,33.3,33.3,33.3,1827
2014-10-15,33.3,33.78,33.3,33.78,538
2014-10-16,33.25,33.25,33.25,33.25,100
2014-10-21,34.0,34.0,33.25,33.26,5070
2014-11-21,33.7,33.75,33.7,33.75,300
2014-11-24,33.32,33.35,33.32,33.35,403
2014-11-26,33.25,33.25,33.25,33.25,275
2014-12-01,33.72,33.72,33.25,33.25,312
2014-12-05,33.5,33.5,33.5,33.5,390
2014-12-08,33.5,33.5,33.5,33.5,222
2014-12-09,33.0,33.0,33.0,33.0,303
2014-12-15,33.49,33.75,33.49,33.75,1451
2014-12-16,33.0,33.93,33.0,33.93,952
2014-12-17,33.0,34.0,33.0,34.0,1662
2014-12-18,34.5,34.5,34.5,34.5,568
2014-12-19,33.16,35.39,33.0,33.0,5328
2014-12-23,33.0,33.61,33.0,33.61,342
2015-01-05,34.5,34.82,34.5,34.82,1059
2015-01-06,34.75,34.75,34.75,34.75,2200
2015-01-08,34.3,34.3,34.3,34.3,263
2015-01-16,34.5,34.5,34.5,34.5,119
2015-01-20,33.5,34.0,33.5,34.0,255
2015-01-27,34.25,34.25,34.25,34.25,240
2015-01-30,33.45,33.45,33.45,33.45,500
2015-02-02,33.45,33.45,33.26,33.26,600
2015-02-03,33.26,34.25,33.26,34.0,1200
2015-02-09,33.5,33.5,33.5,33.5,586
2015-02-12,33.26,33.26,33.26,33.26,900
2015-02-18,33.6,33.6,33.6,33.6,700
2015-02-23,33.5,33.6,33.5,33.6,1220
2015-02-26,33.05,33.05,33.03,33.05,1813
2015-02-27,33.0,33.0,33.0,33.0,500
2015-03-03,32.0,32.0,32.0,32.0,1200
2015-03-04,32.0,32.0,32.0,32.0,2265
2015-03-05,32.0,32.0,31.5,31.5,2406
2015-03-06,32.0,32.0,31.5,31.5,735
2015-03-09,32.83,32.83,32.83,32.83,1420
2015-03-11,33.0,33.0,33.0,33.0,108
2015-03-16,31.58,31.58,31.58,31.58,164
2015-03-17,32.0,32.0,32.0,32.0,700
2015-03-18,32.0,32.0,32.0,32.0,1600
2015-03-19,32.4,32.5,32.4,32.5,523
2015-03-23,32.0,32.0,32.0,32.0,2276
2015-03-24,31.74,31.74,31.74,31.74,316
2015-04-02,33.0,33.0,33.0,33.0,466
2015-04-09,33.01,33.01,33.0,33.0,256
2015-04-13,33.0,33.0,33.0,33.0,400
2015-04-14,31.6,33.0,31.6,33.0,300
2015-04-15,32.57,32.57,32.57,32.57,100
2015-04-16,32.57,32.57,32.57,32.57,242
2015-04-20,31.6,31.6,31.6,31.6,500
2015-04-22,31.71,31.71,31.71,31.71,104
2015-04-30,31.85,31.85,31.85,31.85,1375
2015-05-01,32.0,32.0,32.0,32.0,1650
2015-05-04,31.71,31.71,31.71,31.71,2100
2015-05-05,31.73,32.0,31.6,31.75,9249
2015-05-06,31.6,31.6,31.6,31.6,1224
2015-05-11,32.0,32.0,32.0,32.0,350
2015-05-12,31.79,31.8,31.79,31.8,643
2015-05-13,31.9,32.18,31.9,32.0,2450
2015-05-15,33.0,33.0,33.0,33.0,103
2015-05-21,33.0,33.0,32.5,32.5,1800
2015-05-26,34.0,34.0,33.5,33.5,420
2015-05-27,33.25,33.26,32.62,32.62,1200
2015-05-28,32.63,32.63,32.55,32.55,761
2015-06-09,32.75,32.75,32.7,32.7,3450
2015-06-11,32.5,32.5,32.5,32.5,210
2015-06-12,32.25,32.25,32.24,32.25,2176
2015-06-15,32.75,32.75,32.3,32.7,4525
2015-06-16,32.75,32.75,32.02,32.75,3586
2015-06-17,32.75,32.9,32.5,32.9,2037
2015-06-18,32.86,33.0,32.46,33.0,1425
2015-06-19,31.65,31.65,31.65,31.65,3172
2015-06-22,32.25,33.0,32.19,32.85,1231
2015-06-24,33.18,33.65,33.0,33.65,779
2015-06-25,33.65,33.65,33.65,33.65,210
2015-06-26,31.55,32.95,31.55,32.95,499
2015-06-29,34.0,34.0,31.74,32.75,1285
2015-07-01,32.15,32.15,32.15,32.15,435
2015-07-07,32.0,32.0,31.5,31.76,999
2015-07-08,31.86,31.88,31.75,31.75,404
2015-07-16,31.97,31.97,31.5,31.6,2387
2015-07-17,31.51,31.6,31.3,31.6,1328
2015-07-20,31.6,31.6,31.6,31.6,908
2015-07-21,31.6,31.6,31.55,31.55,311
2015-07-22,31.55,31.55,31.4,31.4,240
2015-07-23,31.06,31.6,31.01,31.6,2254
2015-07-24,33.0,33.0,32.99,32.99,300
2015-07-29,31.34,31.34,31.3,31.34,646
2015-07-30,31.39,31.5,31.39,31.5,613
2015-08-04,31.5,31.66,31.5,31.66,527
2015-08-05,31.55,31.75,31.55,31.7,1964
2015-08-06,31.25,31.25,31.25,31.25,148
2015-08-07,31.5,31.5,31.5,31.5,128
2015-08-13,31.5,31.5,31.5,31.5,1182
2015-08-14,31.25,31.25,31.25,31.25,455
2015-08-20,31.5,31.5,31.5,31.5,1000
2015-08-21,31.5,31.5,31.5,31.5,641
2015-08-31,31.52,31.97,31.52,31.97,396
2015-09-02,31.25,31.27,30.2,30.2,3320
2015-09-09,30.34,30.34,30.25,30.25,606
2015-09-14,30.33,30.55,30.33,30.55,284
2015-09-15,30.25,30.25,30.25,30.25,551
2015-09-16,30.4,30.4,30.4,30.4,151
2015-09-17,30.5,30.5,30.25,30.25,235
2015-09-18,30.5,31.82,30.5,31.82,1214
2015-09-25,34.0,34.0,34.0,34.0,800
2015-09-29,32.0,32.0,30.62,30.62,398
2015-10-06,30.8,30.82,30.8,30.8,888
2015-10-07,31.0,31.0,30.6,30.6,671
2015-10-08,30.6,31.05,30.6,31.05,1041
2015-10-09,31.0,31.0,31.0,31.0,300
2015-10-14,30.91,30.91,30.7,30.7,423
2015-10-15,30.7,30.7,30.61,30.7,1986
2015-10-21,30.6,30.6,30.6,30.6,2590
2015-10-22,30.6,30.6,27.37,28.9,17573
2015-10-23,29.24,30.0,29.2,29.95,6107
2015-10-29,30.95,31.01,30.88,31.01,2257
2015-10-30,31.05,32.0,31.05,31.5,1780
2015-11-02,32.49,33.0,31.94,31.94,659
2015-11-03,32.75,32.75,32.61,32.61,450
2015-11-04,32.0,32.01,32.0,32.0,530
2015-11-06,32.42,32.42,31.27,31.27,3609
2015-11-11,31.5,32.51,31.5,32.51,363
2015-11-12,32.63,33.0,32.01,32.5,1718
2015-11-16,33.95,34.0,33.95,34.0,3704
2015-11-18,32.52,32.64,32.52,32.64,223
2015-11-20,32.8,32.8,32.8,32.8,390
2015-11-23,32.8,34.0,32.8,34.0,1062
2015-11-24,34.0,34.0,33.99,33.99,769
2015-11-25,33.36,33.36,33.36,33.36,242
2015-11-27,33.74,33.74,33.74,33.74,130
2015-11-30,33.5,33.5,33.5,33.5,199
2015-12-01,33.76,34.6,33.75,34.6,12639
2015-12-02,34.75,34.75,34.75,34.75,228
2015-12-03,34.7,34.75,34.1,34.6,2128
2015-12-07,34.33,34.33,34.33,34.33,280
2015-12-10,33.75,33.75,33.75,33.75,287
2015-12-11,33.86,33.86,33.86,33.86,226
2015-12-15,33.75,33.75,33.75,33.75,168
2015-12-16,33.75,33.75,33.75,33.75,161
2015-12-18,34.5,34.5,34.5,34.5,393
2015-12-21,33.75,33.75,33.75,33.75,115
2015-12-22,33.75,33.75,32.59,33.21,3134
2015-12-23,32.79,32.79,32.55,32.55,308
2015-12-29,33.51,33.51,32.11,32.11,826
2015-12-31,32.11,33.35,32.11,32.4,1282
2016-01-05,32.35,32.35,32.35,32.35,250
2016-01-06,33.44,33.44,33.0,33.0,1119
2016-01-07,33.5,33.5,33.5,33.5,240
2016-01-08,33.25,34.0,33.25,34.0,301
2016-01-12,34.39,34.39,34.39,34.39,154
2016-01-13,33.01,33.75,33.0,33.75,911
2016-01-15,33.75,33.75,33.32,33.32,1002
2016-01-19,33.21,33.21,33.21,33.21,131
2016-01-20,33.0,33.0,33.0,33.0,1002
2016-01-21,33.29,33.29,33.2,33.2,202
2016-01-25,33.2,33.2,33.0,33.0,605
2016-01-26,33.0,33.0,33.0,33.0,138
2016-02-02,34.0,34.0,33.47,33.47,200
2016-02-05,33.5,33.5,33.5,33.5,425
2016-02-09,33.5,33.5,33.5,33.5,119
2016-02-12,33.0,33.75,33.0,33.75,404
2016-02-17,33.25,33.25,33.25,33.25,214
2016-02-18,33.25,33.25,33.1,33.1,234
2016-02-23,33.1,33.1,33.1,33.1,100
2016-03-01,31.43,31.5,31.43,31.5,571
2016-03-02,32.0,32.0,31.62,31.72,466
2016-03-04,33.79,33.79,33.79,33.79,200
2016-03-07,32.2,32.2,32.15,32.15,649
2016-03-08,32.1,32.1,32.1,32.1,412
2016-03-11,31.59,31.65,31.59,31.65,327
2016-03-15,32.75,32.75,32.75,32.75,328
2016-03-18,33.7,33.7,33.7,33.7,148
2016-03-21,31.55,31.55,31.5,31.5,521
2016-03-29,32.0,32.0,32.0,32.0,349
2016-03-30,32.0,32.0,32.0,32.0,316
2016-03-31,33.08,33.08,31.5,31.5,1091
2016-04-04,31.5,31.5,31.46,31.5,1372
2016-04-07,31.19,31.19,31.19,31.19,244
2016-04-12,31.5,31.5,31.5,31.5,793
2016-04-13,32.5,32.5,32.5,32.5,361
2016-04-14,33.0,33.0,33.0,33.0,216
2016-04-20,31.57,31.8,31.5,31.71,896
2016-04-21,31.88,31.88,31.88,31.88,260
2016-04-28,31.96,31.96,31.96,31.96,262
2016-05-03,32.01,32.24,32.0,32.24,800
2016-05-04,31.99,31.99,31.99,31.99,265
2016-05-06,31.68,31.68,31.61,31.61,1400
2016-05-11,31.75,31.75,31.5,31.5,1497
2016-05-12,31.75,31.75,31.75,31.75,405
2016-05-13,31.45,31.76,31.45,31.71,1009
2016-05-16,31.96,32.0,31.52,32.0,2575
2016-05-17,32.0,32.0,31.62,31.62,1263
2016-05-18,31.96,32.0,31.96,32.0,200
2016-05-19,31.49,31.7,31.48,31.5,1424
2016-05-20,31.99,31.99,31.5,31.5,975
2016-05-24,31.57,31.63,31.5,31.52,1546
2016-05-26,32.0,32.1,31.43,31.5,8199
2016-05-27,32.0,32.0,31.61,32.0,2434
2016-05-31,32.0,32.62,31.31,32.62,3840
2016-06-01,31.55,31.55,31.55,31.55,234
2016-06-02,31.94,31.94,31.94,31.94,156
2016-06-03,31.9,31.9,31.9,31.9,330
2016-06-06,31.92,31.92,31.9,31.9,1083
2016-06-07,31.99,32.0,31.99,32.0,1115
2016-06-08,31.99,32.54,31.99,32.02,1461
2016-06-09,32.0,32.0,31.95,31.95,1656
2016-06-10,31.79,32.0,31.77,32.0,1567
2016-06-13,33.0,33.0,31.77,31.77,1464
2016-06-14,32.0,32.1,32.0,32.0,2393
2016-06-15,32.0,32.11,32.0,32.0,1745
2016-06-17,31.78,31.79,31.75,31.79,805
2016-06-20,31.75,31.75,31.75,31.75,717
2016-06-21,31.75,31.91,31.75,31.91,495
2016-06-22,32.0,32.0,32.0,32.0,656
2016-06-23,32.0,32.7,31.91,32.46,10968
2016-06-24,32.0,32.61,31.75,31.75,8481
2016-06-27,32.0,32.0,31.66,31.66,1629
2016-06-30,31.74,32.0,31.66,31.66,438
2016-07-01,31.8,33.0,31.8,33.0,11412
2016-07-05,31.99,31.99,31.66,31.66,1444
2016-07-08,32.0,32.0,32.0,32.0,550
2016-07-11,31.99,32.2,31.75,32.0,4758
2016-07-13,32.17,32.2,32.1,32.2,1836
2016-07-14,32.03,32.03,32.0,32.0,1200
2016-07-15,32.0,32.0,32.0,32.0,245
2016-07-18,31.91,31.98,31.84,31.98,500
2016-07-19,32.0,32.0,32.0,32.0,1236
2016-07-20,32.4,32.75,32.3,32.6,8750
2016-07-21,32.9,33.49,32.9,33.46,4122
2016-07-25,33.5,33.5,33.46,33.5,1000
2016-07-26,33.47,33.76,33.47,33.76,1697
2016-07-27,33.79,33.8,33.74,33.74,2271
2016-07-28,33.76,33.76,33.47,33.47,3611
2016-07-29,33.47,34.0,33.43,34.0,2769
2016-08-01,33.5,33.5,33.4,33.4,468
2016-08-02,33.4,33.4,33.22,33.22,584
2016-08-03,33.01,33.01,33.0,33.0,430
2016-08-05,33.21,33.21,33.16,33.16,480
2016-08-08,33.0,33.02,33.0,33.0,3151
2016-08-09,33.0,33.0,33.0,33.0,255
2016-08-11,33.25,33.25,33.15,33.25,501
2016-08-15,33.39,33.4,33.35,33.35,1197
2016-08-16,33.4,33.44,33.39,33.44,364
2016-08-18,33.84,33.84,33.55,33.55,296
2016-08-23,33.53,33.53,33.43,33.43,580
2016-08-24,33.4,33.4,32.5,32.5,23782
2016-08-26,32.45,33.33,32.45,33.1,1802
2016-08-29,32.52,33.01,32.52,33.01,1650
2016-08-30,32.79,32.79,32.79,32.79,119
2016-09-06,33.36,33.4,32.9,33.4,2372
2016-09-07,33.48,34.0,32.94,32.94,2996
2016-09-08,33.75,34.0,33.33,34.0,633
2016-09-09,34.15,34.15,34.15,34.15,303
2016-09-12,32.87,34.24,32.87,33.33,2833
2016-09-13,34.1,34.25,34.1,34.25,803
2016-09-14,33.57,34.25,33.57,34.25,1484
2016-09-15,33.82,34.25,33.82,34.22,1724
2016-09-16,33.9,33.9,33.0,33.0,2495
2016-09-22,34.0,34.0,33.02,33.02,2471
2016-09-23,33.81,33.81,33.01,33.72,1615
2016-09-26,33.55,33.59,33.25,33.59,783
2016-09-28,33.29,33.56,33.28,33.28,1117
2016-09-29,33.39,33.9,33.39,33.9,672
2016-10-03,33.5,33.72,33.5,33.66,524
2016-10-04,33.93,34.25,33.88,34.18,2635
2016-10-05,34.25,34.25,33.82,34.25,4570
2016-10-06,34.2,34.25,33.9,34.25,4189
2016-10-11,33.85,34.35,33.5,34.27,4725
2016-10-12,33.61,34.35,33.61,34.35,1126
2016-10-13,34.5,34.5,34.5,34.5,1520
2016-10-14,33.83,34.5,33.7,34.35,791
2016-10-18,34.35,34.5,34.35,34.5,481
2016-10-19,34.5,34.5,34.5,34.5,265
2016-10-21,34.5,34.5,34.05,34.5,926
2016-10-24,34.08,35.95,34.08,35.95,3460
2016-10-25,35.0,35.0,35.0,35.0,112
2016-10-27,34.1,34.42,34.1,34.35,495
2016-10-28,35.66,35.66,35.66,35.66,327
2016-10-31,34.15,34.55,34.11,34.55,907
2016-11-09,34.55,34.55,34.4,34.4,293
2016-11-10,35.6,35.6,35.2,35.25,961
2016-11-11,35.2,35.95,34.6,35.5,2989
2016-11-16,35.5,35.5,35.25,35.5,1836
2016-11-17,35.5,36.0,35.5,35.6,744
2016-11-18,36.0,36.0,35.05,35.05,1090
2016-11-23,35.8,37.55,35.8,37.0,3902
2016-11-28,36.75,36.75,36.75,36.75,540
2016-12-01,36.8,36.8,36.8,36.8,489
2016-12-02,36.6,37.0,36.6,36.7,778
2016-12-05,38.0,38.18,37.5,37.55,5604
2016-12-07,37.5,38.25,37.15,38.25,4320
2016-12-08,38.15,39.0,38.15,39.0,343
2016-12-09,38.75,39.0,38.38,39.0,1188
2016-12-12,38.05,38.72,38.05,38.5,3015
2016-12-13,38.75,39.0,38.06,38.06,2952
2016-12-15,38.2,38.2,38.2,38.2,224
2016-12-16,38.21,38.21,38.1,38.1,688
2016-12-19,38.2,38.2,38.2,38.2,101
2016-12-20,38.5,38.89,38.5,38.87,615
2016-12-21,38.3,38.3,38.3,38.3,172
2016-12-22,38.1,38.1,38.1,38.1,215
2016-12-23,38.1,38.45,38.1,38.45,499
2016-12-27,38.14,38.2,38.1,38.2,5470
2016-12-28,38.35,38.35,38.2,38.2,2627
2016-12-29,38.99,39.0,38.99,39.0,2200
2016-12-30,38.7,38.7,38.7,38.7,100
2017-01-03,38.5,39.0,38.5,39.0,1364
2017-01-04,38.7,38.7,38.4,38.5,1284
2017-01-05,38.8,38.8,38.8,38.8,166
2017-01-06,38.5,38.71,38.5,38.71,914
2017-01-10,38.5,38.5,38.5,38.5,312
2017-01-11,38.5,38.55,38.5,38.55,465
2017-01-13,38.62,38.62,38.62,38.62,558
2017-01-18,39.63,39.63,39.63,39.63,300
2017-01-19,38.7,39.0,38.7,39.0,800
2017-01-23,39.89,39.89,39.6,39.6,704
2017-01-24,,,,39.6,0
2017-01-25,39.4,39.4,39.4,39.4,421
2017-01-26,39.75,39.75,39.68,39.68,332
2017-01-27,39.5,39.5,39.5,39.5,158
2017-01-30,39.7,39.7,39.2,39.2,2131
2017-01-31,39.0,39.0,39.0,39.0,205
2017-02-01,39.45,39.45,39.45,39.45,115
2017-02-02,,,,39.45,0
2017-02-03,40.0,40.0,40.0,40.0,2699
2017-02-06,,,,40.0,0
2017-02-07,40.5,40.5,40.5,40.5,285
2017-02-08,,,,40.5,0
2017-02-09,40.56,40.56,40.56,40.56,457
2017-02-10,39.2,39.25,39.2,39.2,843
2017-02-13,39.5,40.55,39.5,40.55,3119
2017-02-14,40.51,41.14,40.51,41.14,4213
2017-02-15,39.45,40.55,39.4,40.15,2240
2017-02-16,40.25,40.65,40.25,40.55,2188
2017-02-17,40.0,42.0,40.0,42.0,10114
2017-02-21,41.01,41.01,40.87,41.0,2602
2017-02-22,41.01,41.5,41.0,41.5,1565
2017-02-23,41.05,41.1,41.0,41.0,1142
2017-02-24,40.65,41.0,40.65,41.0,758
2017-02-27,41.0,41.0,40.95,40.95,431
2017-02-28,41.0,41.35,41.0,41.0,1457
2017-03-01,40.2,42.0,40.2,42.0,1774
2017-03-02,42.0,42.5,41.95,42.5,4537
2017-03-03,,,,42.5,0
2017-03-06,42.19,42.19,42.19,42.19,143
2017-03-07,41.89,41.89,41.5,41.5,2274
2017-03-08,41.2,41.5,41.2,41.5,6123
2017-03-09,41.75,41.92,41.75,41.92,2726
2017-03-10,41.95,41.95,41.2,41.2,3060
2017-03-13,41.3,41.84,41.25,41.25,883
2017-03-14,,,,41.25,0
2017-03-15,41.8,41.9,41.47,41.5,1773
2017-03-16,41.5,41.75,41.5,41.75,2825
2017-03-17,41.5,44.75,41.5,44.75,57152
2017-03-20,43.5,43.5,43.5,43.5,682
2017-03-21,42.55,43.0,42.55,43.0,347
2017-03-22,42.7,43.25,42.7,43.25,2668
2017-03-23,43.9,43.9,43.9,43.9,167
2017-03-24,,,,43.9,0
2017-03-27,43.15,44.5,43.08,44.5,1805
2017-03-28,44.0,45.52,43.85,45.52,5605
2017-03-29,45.3,46.0,43.15,43.15,5936
2017-03-30,,,,43.15,0
2017-03-31,44.0,45.4,43.7,45.15,6290
2017-04-03,44.0,45.09,43.6,43.7,932
2017-04-04,,,,43.7,0
2017-04-05,44.7,44.7,44.7,44.7,258
2017-04-06,44.05,44.09,44.0,44.0,1079
2017-04-07,44.0,44.56,44.0,44.05,2291
2017-04-10,44.1,44.1,44.1,44.1,325
2017-04-11,,,,44.1,0
2017-04-12,44.15,44.79,44.1,44.79,906
2017-04-13,44.1,45.7,44.1,45.7,3263
2017-04-17,45.58,45.58,45.58,45.58,228
2017-04-18,,,,45.58,0
2017-04-19,44.05,45.7,44.05,45.7,888
2017-04-20,,,,45.7,0
2017-04-21,45.63,45.7,45.63,45.7,1414
2017-04-24,44.9,46.0,44.17,46.0,2739
2017-04-25,45.48,45.95,44.95,45.6,1815
2017-04-26,45.55,45.75,45.55,45.75,888
2017-04-27,45.75,45.75,45.4,45.4,302
2017-04-28,45.75,45.75,45.75,45.75,522
2017-05-01,45.75,45.75,45.05,45.7,1080
2017-05-02,,,,45.7,0
2017-05-03,44.0,45.5,44.0,45.5,300
2017-05-04,45.25,45.25,45.25,45.25,434
2017-05-05,45.75,45.75,45.75,45.75,4299
2017-05-08,46.5,46.5,46.5,46.5,520
2017-05-09,,,,46.5,0
2017-05-10,,,,46.5,0
2017-05-11,46.0,46.0,46.0,46.0,4749
2017-05-12,46.5,47.55,46.5,47.55,662
2017-05-15,46.15,48.0,46.15,47.82,1462
2017-05-16,46.8,54.6,46.8,54.0,71327
2017-05-17,52.0,52.0,47.9,49.75,5987
2017-05-18,48.0,50.0,47.0,49.95,3236
2017-05-19,50.0,51.5,48.28,51.5,5273
2017-05-22,51.0,51.5,49.05,51.0,5776
2017-05-23,51.35,53.6,51.35,53.5,4472
2017-05-24,53.5,53.5,52.75,53.45,3526
2017-05-25,53.3,53.5,53.0,53.5,4740
2017-05-26,52.5,53.5,48.7,53.35,5520
2017-05-30,53.4,53.5,51.67,53.0,23384
2017-05-31,52.5,54.0,50.85,54.0,2511
2017-06-01,53.8,54.0,52.52,52.7,3505
2017-06-02,53.75,54.25,51.1,54.25,6090
2017-06-05,53.0,54.0,52.15,53.7,3132
2017-06-06,53.5,53.5,52.25,53.45,1712
2017-06-07,53.0,53.5,52.8,53.5,2776
2017-06-08,52.9,53.45,52.4,53.45,3929
2017-06-09,53.0,53.0,51.7,52.5,2041
2017-06-12,52.84,53.0,51.65,52.5,11458
2017-06-13,50.95,52.95,50.32,52.5,9462
2017-06-14,52.7,52.7,51.0,52.5,8547
2017-06-15,52.35,52.5,51.55,52.5,7329
2017-06-16,52.0,52.5,52.0,52.5,9737
2017-06-19,51.0,52.5,51.0,51.75,12504
2017-06-20,51.75,51.75,51.6,51.6,9851
2017-06-21,51.75,51.75,50.05,50.1,9902
2017-06-22,50.45,50.65,50.0,50.4,11075
2017-06-23,50.7,51.0,50.0,51.0,266746
2017-06-26,50.7,51.0,50.5,50.9,30671
2017-06-27,50.95,51.0,50.55,50.85,4528
2017-06-28,50.05,51.0,49.95,50.5,3446
2017-06-29,50.2,50.2,48.55,49.4,6489
2017-06-30,48.38,51.0,48.11,50.4,4922
2017-07-03,50.25,50.25,48.75,49.85,1825
2017-07-05,48.88,50.0,48.55,49.15,5738
2017-07-06,49.6,49.6,49.0,49.45,1696
2017-07-07,49.75,50.4,49.75,50.4,1452
2017-07-10,48.24,50.75,48.24,49.85,3650
2017-07-11,49.65,49.9,48.91,49.9,1921
2017-07-12,49.25,49.75,49.25,49.75,1810
2017-07-13,49.7,49.75,48.1,49.0,4466
2017-07-14,49.2,49.25,48.7,49.15,2508
2017-07-17,48.85,48.95,48.26,48.95,2768
2017-07-18,49.2,49.2,48.4,48.4,837
2017-07-19,48.7,49.25,48.7,49.25,988
2017-07-20,48.35,48.35,48.2,48.25,2501
2017-07-21,48.2,48.6,46.57,48.2,9258
2017-07-24,48.3,48.45,48.25,48.35,1837
2017-07-25,48.55,49.0,48.4,48.45,3949
2017-07-26,48.5,48.5,47.1,47.5,3730
2017-07-27,47.95,48.5,46.75,48.5,4511
2017-07-28,47.85,48.0,47.0,47.35,5151
2017-07-31,47.0,47.5,46.05,46.75,4982
2017-08-01,46.95,46.95,46.2,46.55,2721
