Date,Open,High,Low,Close,Volume
2014-01-29,85.0,89.8,83.9,85.4,564315
2014-01-30,86.4,90.0,86.1,89.5,138005
2014-01-31,89.5,90.5,87.9,90.2,90612
2014-02-03,90.3,90.6,88.0,88.5,33751
2014-02-04,88.5,89.0,84.2,87.5,62102
2014-02-05,87.5,89.0,85.8,87.5,80900
2014-02-06,87.5,91.0,87.3,88.3,108174
2014-02-07,89.9,89.9,87.2,87.6,49885
2014-02-10,87.5,88.1,86.5,87.8,30282
2014-02-11,87.1,87.5,86.4,87.5,32196
2014-02-12,88.0,88.0,85.1,86.2,41060
2014-02-13,86.4,88.8,85.8,88.8,25864
2014-02-14,89.0,89.5,88.1,88.5,82167
2014-02-18,89.2,89.2,86.92,88.0,17387
2014-02-19,87.5,89.0,87.5,88.9,30045
2014-02-20,88.0,88.8,87.1,88.5,28829
2014-02-21,89.4,89.7,86.6,88.2,39285
2014-02-24,87.9,88.9,86.6,87.8,34530
2014-02-25,89.5,90.8,88.5,89.8,34816
2014-02-26,90.5,91.9,89.9,91.3,62016
2014-02-27,91.5,91.9,90.0,91.1,37302
2014-02-28,90.4,91.9,90.2,91.0,17732
2014-03-03,91.3,91.3,89.1,89.8,28388
2014-03-04,90.5,90.5,88.8,89.3,40091
2014-03-05,88.8,90.9,88.8,90.7,42301
2014-03-06,90.6,92.0,89.9,92.0,85593
2014-03-07,91.6,92.5,89.35,90.7,129974
2014-03-10,90.6,91.08,89.4,89.8,48223
2014-03-11,88.8,89.3,86.8,86.9,51236
2014-03-12,87.0,87.1,85.95,86.4,23473
2014-03-13,86.8,86.9,82.2,82.7,95943
2014-03-14,82.2,83.1,80.1,82.0,71040
2014-03-17,82.7,85.7,82.2,85.7,66891
2014-03-18,85.4,85.6,83.45,83.8,48030
2014-03-19,84.2,84.3,83.4,83.8,38054
2014-03-20,84.0,84.0,82.3,83.2,57269
2014-03-21,83.5,83.9,81.8,82.9,59064
2014-03-24,82.8,84.5,82.8,83.8,74243
2014-03-25,83.6,86.1,83.5,85.7,56875
2014-03-26,85.6,87.1,84.5,86.3,29496
2014-03-27,86.8,87.6,86.4,87.4,63829
2014-03-28,87.0,89.5,87.0,88.5,61341
2014-03-31,88.5,88.7,86.1,88.4,759634
2014-04-01,87.9,88.5,85.5,87.0,86901
2014-04-02,87.0,89.2,87.0,89.2,38005
2014-04-03,89.3,90.0,88.1,90.0,48464
2014-04-04,90.0,91.2,88.5,88.5,84858
2014-04-07,88.0,88.0,86.4,87.2,53354
2014-04-08,87.5,88.6,85.9,86.0,70864
2014-04-09,86.2,86.7,85.1,85.7,38838
2014-04-10,85.1,85.6,83.8,83.8,55295
2014-04-11,83.5,85.1,82.5,83.0,41628
2014-04-14,84.0,84.3,82.7,83.0,42992
2014-04-15,83.4,84.15,82.6,83.5,50581
2014-04-16,84.2,85.0,83.5,83.6,28839
2014-04-17,83.5,84.1,82.9,83.9,22625
2014-04-21,84.4,84.8,82.8,83.9,28828
2014-04-22,83.8,84.7,83.0,83.6,64551
2014-04-23,83.8,84.5,83.7,84.1,29966
2014-04-24,84.8,85.9,84.1,85.7,35972
2014-04-25,85.1,86.1,85.1,85.5,24748
2014-04-28,85.5,86.1,84.9,85.4,24374
2014-04-29,85.5,86.5,85.33,85.6,27466
2014-04-30,85.5,86.5,85.2,85.8,51367
2014-05-01,86.1,87.0,84.3,86.2,50892
2014-05-02,86.0,86.6,83.9,84.5,38562
2014-05-05,84.0,87.4,83.9,86.7,41919
2014-05-06,86.1,87.4,85.0,86.2,27941
2014-05-07,86.3,86.4,84.2,85.4,38580
2014-05-08,85.7,86.55,85.1,85.1,34409
2014-05-09,84.7,86.9,84.7,86.5,27088
2014-05-12,86.9,88.6,86.3,88.2,48323
2014-05-13,87.7,87.7,85.2,86.1,38557
2014-05-14,86.2,86.7,84.2,85.0,42854
2014-05-15,84.5,85.0,81.4,81.8,116223
2014-05-16,81.8,86.6,81.8,85.2,54354
2014-05-19,85.0,86.1,83.8,84.2,30995
2014-05-20,83.8,85.1,83.5,84.8,46675
2014-05-21,85.0,85.2,83.5,84.7,23736
2014-05-22,86.2,86.7,84.9,85.0,114040
2014-05-23,85.0,85.7,84.8,85.0,81328
2014-05-27,90.7,97.02,89.2,96.5,418195
2014-05-28,98.6,98.93,93.2,95.5,235795
2014-05-29,96.8,104.4,96.5,101.7,293195
2014-05-30,102.2,105.4,99.0,104.9,141416
2014-06-02,104.9,106.1,103.1,105.8,98465
2014-06-03,105.8,109.4,104.3,108.0,108206
2014-06-04,108.0,109.9,105.3,107.7,81321
2014-06-05,108.1,111.25,107.2,109.5,88138
2014-06-06,110.3,112.5,109.2,112.0,93522
2014-06-09,113.0,115.0,112.5,113.9,106873
2014-06-10,110.5,111.2,109.1,110.4,94248
2014-06-11,110.0,110.0,106.8,107.9,46614
2014-06-12,107.9,111.6,107.0,111.4,70170
2014-06-13,111.8,111.8,108.0,109.7,42902
2014-06-16,109.9,109.9,107.4,109.5,40949
2014-06-17,109.9,110.0,108.1,109.8,47662
2014-06-18,110.2,110.2,107.5,107.6,64032
2014-06-19,107.8,109.7,106.8,107.5,47538
2014-06-20,108.2,111.5,108.2,109.4,95533
2014-06-23,110.0,110.34,105.8,107.1,77084
2014-06-24,107.3,108.4,104.9,105.0,53945
2014-06-25,104.3,107.66,104.0,107.1,58789
2014-06-26,107.0,107.2,103.6,103.8,45666
2014-06-27,103.3,105.5,103.1,105.0,91412
2014-06-30,105.0,106.7,103.8,106.2,63039
2014-07-01,106.0,108.5,106.0,106.7,60053
2014-07-02,106.4,107.65,105.8,106.8,34280
2014-07-03,108.4,108.4,105.3,106.5,34615
2014-07-07,106.3,106.7,104.9,104.9,48863
2014-07-08,104.6,106.5,104.0,104.5,197813
2014-07-09,105.0,106.4,104.5,106.0,30295
2014-07-10,104.4,105.4,103.5,105.2,34734
2014-07-11,105.0,105.0,103.3,104.6,33357
2014-07-14,105.1,105.3,104.7,105.0,72664
2014-07-15,105.0,105.1,102.8,104.3,36249
2014-07-16,104.3,105.0,103.4,103.9,39626
2014-07-17,103.5,103.8,99.5,99.9,104201
2014-07-18,99.8,102.1,99.2,101.9,72415
2014-07-21,101.8,102.3,100.0,102.0,34239
2014-07-22,102.5,103.7,102.0,102.2,33989
2014-07-23,102.2,106.2,101.0,101.9,35332
2014-07-24,101.9,102.0,100.0,100.6,30993
2014-07-25,100.1,100.5,99.4,99.6,38231
2014-07-28,99.4,99.4,95.8,96.5,64741
2014-07-29,96.4,97.1,93.0,94.9,69313
2014-07-30,94.9,98.1,91.2,96.0,139023
2014-07-31,96.1,97.6,94.2,97.5,75654
2014-08-01,97.5,99.8,96.4,99.1,70045
2014-08-04,99.2,101.2,98.9,101.0,58707
2014-08-05,100.9,102.1,98.4,98.7,65174
2014-08-06,98.6,100.5,96.9,97.3,44539
2014-08-07,98.0,99.2,96.7,97.3,33594
2014-08-08,97.2,97.9,95.0,95.8,48941
2014-08-11,96.2,98.1,95.3,97.6,107692
2014-08-12,98.0,98.7,97.42,98.3,33786
2014-08-13,98.5,98.9,97.9,98.1,46502
2014-08-14,98.5,98.99,97.2,97.5,40811
2014-08-15,98.5,98.77,96.2,97.4,53546
2014-08-18,98.4,98.7,97.3,98.0,43912
2014-08-19,98.5,99.9,97.3,99.7,43817
2014-08-20,100.0,101.2,99.3,100.9,46604
2014-08-21,101.2,103.2,99.5,103.1,31834
2014-08-22,103.4,103.8,102.0,102.6,44211
2014-08-25,103.2,103.2,101.4,101.6,48985
2014-08-26,102.3,102.95,101.6,102.3,66021
2014-08-27,103.0,103.7,102.0,103.2,88029
2014-08-28,103.2,111.3,102.0,109.9,165882
2014-08-29,109.9,109.9,105.8,109.6,81837
2014-09-02,110.0,110.3,104.7,106.2,81787
2014-09-03,107.3,108.4,106.4,107.0,108357
2014-09-04,105.4,105.4,102.0,102.4,46216
2014-09-05,102.5,103.9,99.5,99.9,58303
2014-09-08,99.9,99.9,96.4,97.8,63053
2014-09-09,97.9,99.3,96.6,97.2,34666
2014-09-10,97.7,98.0,95.5,97.8,33892
2014-09-11,95.0,96.5,91.3,94.1,127280
2014-09-12,93.5,94.0,86.0,86.1,189454
2014-09-15,85.8,85.8,80.0,82.6,254715
2014-09-16,82.1,84.5,81.9,83.0,89964
2014-09-17,83.6,83.8,80.9,81.3,82772
2014-09-18,81.5,82.38,78.5,79.1,113703
2014-09-19,79.1,80.0,68.8,69.3,336219
2014-09-22,69.6,70.2,64.0,64.4,247295
2014-09-23,64.8,66.2,62.2,63.9,408253
2014-09-24,64.4,69.5,63.9,68.7,219502
2014-09-25,69.2,72.0,66.7,67.0,162925
2014-09-26,67.5,69.4,66.4,67.8,99395
2014-09-29,67.8,68.5,66.8,67.3,65058
2014-09-30,68.4,68.9,66.3,66.6,82753
2014-10-01,67.3,67.4,63.35,63.9,90554
2014-10-02,63.6,64.5,60.1,62.4,122860
2014-10-03,63.8,63.8,60.2,60.6,97007
2014-10-06,61.1,63.6,60.87,62.8,69971
2014-10-07,62.9,65.1,61.6,61.7,66573
2014-10-08,61.5,62.8,58.0,62.7,104661
2014-10-09,63.4,63.4,58.0,58.1,93560
2014-10-10,58.0,59.34,55.1,56.6,86279
2014-10-13,56.7,62.2,56.7,58.1,120874
2014-10-14,58.2,61.6,57.5,58.5,81673
2014-10-15,57.0,59.0,54.15,55.4,134937
2014-10-16,55.1,57.4,54.8,56.0,133184
2014-10-17,57.4,60.4,57.0,57.3,85053
2014-10-20,57.4,58.4,55.9,57.8,61944
2014-10-21,58.7,61.5,58.3,61.4,75288
2014-10-22,61.9,63.9,59.1,59.2,86468
2014-10-23,59.5,62.0,59.2,59.8,71050
2014-10-24,59.9,59.9,57.1,58.5,70205
2014-10-27,57.8,58.2,54.6,55.0,94952
2014-10-28,55.6,57.0,54.9,56.4,84864
2014-10-29,56.9,58.47,56.5,58.0,46685
2014-10-30,58.3,59.8,56.5,58.6,110742
2014-10-31,60.2,62.5,58.2,61.9,120004
2014-11-03,62.6,62.7,58.7,59.0,76279
2014-11-04,57.3,57.4,54.8,55.2,87300
2014-11-05,55.8,57.9,54.7,56.3,66156
2014-11-06,56.0,56.3,53.8,55.3,95185
2014-11-07,55.9,56.67,53.8,54.4,119809
2014-11-10,55.0,56.3,50.1,51.2,124657
2014-11-11,51.7,51.7,49.3,49.9,106629
2014-11-12,50.0,51.0,49.1,49.4,75020
2014-11-13,49.7,49.9,40.6,41.7,362309
2014-11-14,41.1,43.0,40.8,42.8,119865
2014-11-17,42.6,43.1,40.6,41.0,126229
2014-11-18,40.7,41.9,39.5,39.7,151972
2014-11-19,39.5,40.1,29.5,31.6,751769
2014-11-20,32.0,32.9,31.6,32.1,318909
2014-11-21,33.1,35.6,32.3,34.8,270610
2014-11-24,36.7,37.2,32.8,33.2,231285
2014-11-25,33.4,34.5,30.87,31.7,362545
2014-11-26,27.3,28.5,24.7,26.6,811033
2014-11-28,25.0,25.2,23.1,24.3,454520
2014-12-01,23.6,23.7,17.4,19.4,763209
2014-12-02,19.5,21.6,18.8,19.4,380955
2014-12-03,19.5,22.6,19.5,21.7,319628
2014-12-04,21.1,21.8,19.6,19.7,393131
2014-12-05,19.9,20.0,18.4,18.5,402919
2014-12-08,18.5,18.9,15.3,15.8,408161
2014-12-09,15.6,17.6,15.5,17.1,463858
2014-12-10,16.6,16.7,15.4,15.5,274732
2014-12-11,15.9,16.8,15.5,15.6,127068
2014-12-12,15.0,15.4,14.6,14.7,222337
2014-12-15,15.2,16.0,13.2,13.6,234898
2014-12-16,13.3,15.4,13.1,14.4,229960
2014-12-17,14.5,16.9,14.5,16.5,228825
2014-12-18,18.9,19.8,16.9,17.5,379336
2014-12-19,17.5,18.5,16.8,18.5,189726
2014-12-22,18.5,19.15,17.9,18.0,158669
2014-12-23,18.6,19.0,17.0,17.6,136611
2014-12-24,17.0,17.6,16.2,16.8,102460
2014-12-26,17.1,17.9,16.9,17.6,108130
2014-12-29,18.0,18.2,16.6,16.8,196206
2014-12-30,17.0,17.0,16.2,16.3,91877
2014-12-31,16.5,17.2,16.1,16.3,147869
2015-01-02,16.4,16.9,16.1,16.8,61437
2015-01-05,16.4,16.5,15.2,15.3,98284
2015-01-06,15.2,15.3,13.9,14.3,219618
2015-01-07,14.5,14.5,13.8,14.1,124387
2015-01-08,14.5,14.7,14.0,14.2,103567
2015-01-09,14.3,14.8,13.75,14.1,104032
2015-01-12,14.0,14.0,12.3,12.5,272738
2015-01-13,12.0,12.6,11.5,11.6,153885
2015-01-14,11.5,12.2,11.2,11.9,155766
2015-01-15,12.6,13.27,12.5,13.1,184318
2015-01-16,13.1,14.7,12.8,14.6,168387
2015-01-20,14.3,14.3,13.5,14.0,76569
2015-01-21,14.1,15.6,14.1,15.3,91778
2015-01-22,17.4,18.0,16.4,16.7,343527
2015-01-23,16.7,17.1,14.9,15.0,104500
2015-01-26,15.2,15.6,14.2,15.2,47308
2015-01-27,15.5,15.9,15.1,15.7,61815
2015-01-28,16.0,16.0,14.5,15.0,130655
2015-01-29,15.0,15.1,14.0,14.4,78676
2015-01-30,13.9,14.9,13.5,14.3,100495
2015-02-02,15.1,15.8,14.9,15.7,98878
2015-02-03,16.8,17.7,16.5,17.7,211396
2015-02-04,16.9,16.9,15.8,16.8,134601
2015-02-05,16.8,17.9,16.8,17.5,101692
2015-02-06,17.7,18.7,17.55,18.5,151773
2015-02-09,18.9,23.7,18.7,22.7,503547
2015-02-10,22.6,22.7,19.9,21.6,293769
2015-02-11,21.6,21.6,19.8,20.3,163022
2015-02-12,21.7,22.3,20.8,21.2,164082
2015-02-13,21.9,22.3,20.5,21.0,290725
2015-02-17,21.0,21.3,20.0,20.7,208516
2015-02-18,20.4,20.7,20.0,20.2,92683
2015-02-19,19.7,19.8,18.7,19.0,146358
2015-02-20,19.2,19.3,18.3,18.7,97379
2015-02-23,18.5,18.5,16.9,17.1,138957
2015-02-24,17.3,17.52,16.4,16.5,64646
2015-02-25,16.7,17.0,15.8,16.8,85450
2015-02-26,15.6,16.4,15.5,15.6,129832
2015-02-27,15.5,16.1,15.3,16.1,80810
2015-03-02,16.1,16.2,15.3,15.6,80239
2015-03-03,15.9,16.0,15.3,15.3,125483
2015-03-04,15.3,15.5,14.5,15.3,84048
2015-03-05,15.2,15.3,14.6,14.6,51511
2015-03-06,14.5,14.6,12.85,13.1,178033
2015-03-09,13.1,13.2,11.8,12.9,137069
2015-03-10,12.7,12.7,11.8,12.1,106516
2015-03-11,12.5,13.0,12.2,12.9,82994
2015-03-12,13.3,13.8,13.1,13.2,61937
2015-03-13,13.2,13.2,11.7,12.8,128612
2015-03-16,11.5,11.9,11.3,11.7,107195
2015-03-17,11.3,11.7,11.1,11.2,109944
2015-03-18,11.2,12.1,11.0,11.8,190747
2015-03-19,11.5,11.7,11.1,11.2,86020
2015-03-20,11.5,12.8,11.45,12.0,113830
2015-03-23,12.0,12.7,12.0,12.3,64022
2015-03-24,12.5,12.5,12.0,12.0,34380
2015-03-25,11.8,11.9,11.5,11.7,91328
2015-03-26,12.2,12.7,11.8,12.5,71407
2015-03-27,12.5,12.5,11.8,12.2,82644
2015-03-30,12.2,12.2,11.6,11.6,47064
2015-03-31,11.6,11.7,11.5,11.6,29757
2015-04-01,11.1,12.3,11.1,12.0,37508
2015-04-02,12.2,12.4,11.8,12.1,31377
2015-04-06,12.1,13.6,12.1,13.5,163420
2015-04-07,13.3,14.1,13.1,13.3,105491
2015-04-08,13.0,13.0,11.9,12.0,110891
2015-04-09,12.1,13.1,12.0,13.1,84973
2015-04-10,13.5,13.7,13.0,13.4,66942
2015-04-13,13.8,14.2,13.1,13.5,81728
2015-04-14,13.6,14.2,13.5,14.1,97458
2015-04-15,14.4,17.5,14.3,16.6,307309
2015-04-16,16.3,17.0,15.1,16.3,218962
2015-04-17,16.0,17.0,15.4,16.2,130197
2015-04-20,16.8,17.9,16.1,16.6,180196
2015-04-21,17.3,17.3,15.0,15.0,147875
2015-04-22,14.9,15.3,14.6,15.1,96171
2015-04-23,15.5,15.79,14.8,15.2,132568
2015-04-24,15.6,15.6,14.3,14.3,116898
2015-04-27,14.5,14.7,13.0,13.2,116035
2015-04-28,13.2,13.9,13.2,13.6,62777
2015-04-29,13.7,14.9,13.7,14.7,129687
2015-04-30,15.2,15.7,14.8,15.4,134943
2015-05-01,15.0,15.6,14.2,14.9,70988
2015-05-04,15.1,15.2,14.5,14.6,70160
2015-05-05,15.4,15.7,15.0,15.3,116564
2015-05-06,15.8,16.5,15.3,15.9,161246
2015-05-07,16.1,16.1,14.5,14.6,155062
2015-05-08,15.0,15.9,14.3,15.8,122316
2015-05-11,15.4,16.5,15.4,15.9,60391
2015-05-12,16.1,16.3,15.8,16.2,46407
2015-05-13,16.5,16.8,16.2,16.5,77183
2015-05-14,16.7,16.7,15.7,16.2,92242
2015-05-15,16.2,16.2,15.2,15.3,84168
2015-05-18,15.4,16.0,14.3,14.8,116711
2015-05-19,14.5,14.6,13.8,14.1,110978
2015-05-20,14.7,14.7,13.29,13.7,163486
2015-05-21,13.9,14.8,13.5,14.7,199952
2015-05-22,14.5,14.8,14.1,14.3,115644
2015-05-26,14.0,14.5,13.5,14.4,62954
2015-05-27,14.3,14.6,13.9,14.5,81008
2015-05-28,14.3,14.3,13.5,13.6,85043
2015-05-29,13.6,13.8,13.0,13.3,371094
2015-06-01,13.3,13.6,12.9,13.1,106281
2015-06-02,13.3,13.7,13.1,13.6,162096
2015-06-03,13.7,13.7,13.3,13.4,93694
2015-06-04,13.2,13.3,12.9,13.0,78689
2015-06-05,13.1,13.64,12.9,13.5,99351
2015-06-08,13.7,14.3,13.6,14.2,98727
2015-06-09,14.1,15.2,13.99,15.1,135480
2015-06-10,15.4,15.5,15.0,15.4,75538
2015-06-11,15.2,15.4,14.4,14.5,46352
2015-06-12,14.2,14.4,14.0,14.4,38081
2015-06-15,14.0,14.0,12.8,12.9,309821
2015-06-16,12.9,13.0,12.7,12.8,78497
2015-06-17,13.0,13.1,12.2,12.3,114035
2015-06-18,12.3,12.7,11.9,12.0,154813
2015-06-19,12.3,12.3,11.1,11.6,176858
2015-06-22,11.7,12.0,11.4,12.0,95815
2015-06-23,12.1,12.2,11.8,12.0,99134
2015-06-24,11.9,12.2,11.8,12.0,89176
2015-06-25,11.9,12.0,11.0,11.5,135784
2015-06-26,11.5,12.9,11.4,12.9,214496
2015-06-29,12.2,13.0,11.8,12.1,127007
2015-06-30,12.2,12.25,11.7,11.9,39318
2015-07-01,11.8,12.0,11.6,12.0,50131
2015-07-02,11.9,12.1,11.8,12.1,28390
2015-07-06,11.5,11.6,11.2,11.5,93667
2015-07-07,11.3,12.1,10.9,11.8,110544
2015-07-08,11.5,11.9,11.4,11.7,41949
2015-07-09,11.9,12.2,11.7,12.0,55939
2015-07-10,12.4,12.6,11.6,12.1,46346
2015-07-13,11.8,12.0,11.5,12.0,46383
2015-07-14,11.9,12.3,11.6,11.9,58757
2015-07-15,11.8,11.9,11.4,11.5,48350
2015-07-16,11.4,11.6,11.2,11.4,46227
2015-07-17,11.3,11.4,10.9,11.1,59355
2015-07-20,11.1,11.4,10.25,10.4,100896
2015-07-21,10.4,10.6,10.2,10.5,63822
2015-07-22,10.3,10.6,10.1,10.5,30517
2015-07-23,10.4,10.8,10.3,10.5,41403
2015-07-24,10.5,10.7,10.0,10.1,43320
2015-07-27,10.4,10.4,9.7,9.9,59319
2015-07-28,9.9,10.1,9.46,9.7,71959
2015-07-29,9.5,10.5,9.0,10.4,105374
2015-07-30,10.3,10.5,10.0,10.2,24325
2015-07-31,10.1,10.3,9.4,9.4,53208
2015-08-03,9.4,9.9,8.5,8.55,85317
2015-08-04,8.8,9.48,8.6,8.85,41804
2015-08-05,8.8,9.2,8.6,8.64,17966
2015-08-06,8.3,8.43,8.03,8.2,67736
2015-08-07,8.0,8.4,7.9,8.0,32314
2015-08-10,8.0,8.8,8.0,8.8,46007
2015-08-11,8.3,8.71,8.02,8.43,19275
2015-08-12,8.0,8.92,8.0,8.68,28677
2015-08-13,8.7,8.8,7.73,7.9,76622
2015-08-14,7.9,8.1,7.9,7.92,20902
2015-08-17,7.8,7.9,7.0,7.23,39395
2015-08-18,7.2,7.46,7.0,7.02,24695
2015-08-19,7.0,7.18,6.52,6.7,37494
2015-08-20,6.7,6.9,6.5,6.5,59163
2015-08-21,6.5,6.7,6.32,6.4,50330
2015-08-24,5.8,6.2,5.1,5.55,90270
2015-08-25,7.0,7.0,5.6,5.68,45717
2015-08-26,5.87,6.03,5.5,6.0,33703
2015-08-27,7.1,8.12,6.51,7.41,181945
2015-08-28,7.6,8.5,7.2,7.9,119781
2015-08-31,7.9,9.2,7.8,8.69,88952
2015-09-01,8.5,8.63,7.63,8.0,77558
2015-09-02,8.28,8.7,7.7,8.24,32959
2015-09-03,8.6,8.7,7.82,7.96,33396
2015-09-04,8.0,8.0,7.18,7.53,38430
2015-09-08,8.0,8.0,7.37,7.9,35296
2015-09-09,7.8,8.0,7.11,7.2,123898
2015-09-10,7.1,8.1,7.0,8.08,53863
2015-09-11,7.74,8.5,7.1,8.4,83185
2015-09-14,7.85,8.3,7.7,7.76,22587
2015-09-15,7.7,8.2,7.7,8.2,19420
2015-09-16,8.1,8.7,8.03,8.56,38480
2015-09-17,8.3,8.7,8.01,8.58,25923
2015-09-18,8.4,8.6,7.7,7.7,21341
2015-09-21,7.7,7.72,7.35,7.35,17631
2015-09-22,7.3,7.54,6.8,7.12,19699
2015-09-23,7.24,7.46,6.7,7.25,24044
2015-09-24,6.92,7.39,6.88,7.38,15919
2015-09-25,7.16,10.4,7.1,10.1,71154
2015-09-28,9.21,9.3,7.56,7.7,46415
2015-09-29,7.6,7.65,7.5,7.51,18368
2015-09-30,7.7,7.94,7.5,7.7,14683
2015-10-01,7.8,8.0,7.3,7.47,20373
2015-10-02,7.25,8.03,7.24,8.03,27592
2015-10-05,7.7,8.4,7.7,8.36,41946
2015-10-06,8.0,9.38,7.7,9.0,99390
2015-10-07,9.4,9.5,8.4,9.4,74370
2015-10-08,9.22,9.8,8.82,9.4,30124
2015-10-09,9.6,10.3,9.5,10.0,104501
2015-10-12,9.8,10.0,8.7,9.89,49982
2015-10-13,9.7,10.0,9.3,9.37,14186
2015-10-14,9.2,9.8,9.2,9.7,8877
2015-10-15,9.41,10.4,9.41,10.2,53326
2015-10-16,10.2,10.4,9.5,10.0,39258
2015-10-19,9.8,9.8,9.0,9.0,67260
2015-10-20,9.1,9.5,9.02,9.23,51090
2015-10-21,8.9,9.34,8.01,8.26,57090
2015-10-22,8.47,9.04,8.0,8.5,25650
2015-10-23,8.6,9.1,8.3,8.66,47878
2015-10-26,8.44,8.6,8.13,8.4,40075
2015-10-27,8.02,8.5,7.8,7.8,24663
2015-10-28,7.88,8.5,7.6,8.12,25757
2015-10-29,7.9,8.68,7.8,7.8,50153
2015-10-30,8.2,8.39,7.74,8.26,38293
2015-11-02,8.4,9.0,8.4,8.73,117530
2015-11-03,8.6,9.3,8.6,9.0,82986
2015-11-04,8.9,9.1,8.2,8.24,82395
2015-11-05,8.0,8.4,7.9,8.02,67809
2015-11-06,7.9,8.39,7.7,7.82,55815
2015-11-09,7.4,7.98,7.2,7.78,50634
2015-11-10,7.4,8.3,7.4,8.08,12884
2015-11-11,7.72,8.3,7.72,7.76,6032
2015-11-12,7.7,8.0,6.99,6.99,40812
2015-11-13,6.7,7.7,6.64,6.89,40159
2015-11-16,6.8,7.2,6.75,7.04,43072
2015-11-17,7.1,7.1,6.89,6.9,23348
2015-11-18,6.85,7.05,6.8,6.92,19085
2015-11-19,7.0,7.29,6.4,6.46,49816
2015-11-20,6.5,6.98,6.1,6.29,23381
2015-11-23,6.12,6.2,6.0,6.2,46749
2015-11-24,6.1,6.48,5.82,5.99,50262
2015-11-25,6.0,6.0,5.2,5.71,98659
2015-11-27,5.1,5.3,4.5,5.22,68639
2015-11-30,4.8,5.56,4.8,5.49,80071
2015-12-01,5.45,5.5,5.02,5.35,50663
2015-12-02,5.3,5.4,4.69,4.87,83864
2015-12-03,4.98,5.29,4.87,5.0,35736
2015-12-04,4.7,5.09,4.44,4.51,122270
2015-12-07,4.2,4.48,3.7,3.9,94928
2015-12-08,3.7,3.91,3.7,3.89,46726
2015-12-09,3.8,4.06,3.4,3.47,59928
2015-12-10,3.4,3.57,3.22,3.3,65296
2015-12-11,3.1,3.31,2.9,3.02,52009
2015-12-14,3.0,3.19,2.9,3.08,32354
2015-12-15,3.1,3.5,2.95,3.0,66193
2015-12-16,2.8,3.0,2.5,2.55,97956
2015-12-17,2.6,2.76,2.22,2.29,83235
2015-12-18,2.2,3.8,2.1,3.7,195906
2015-12-21,3.8,3.9,2.75,2.76,74843
2015-12-22,2.7,2.8,2.5,2.69,48212
2015-12-23,2.6,3.0,2.6,2.7,79189
2015-12-24,2.75,2.9,2.59,2.65,17796
2015-12-28,2.7,2.7,2.18,2.46,66515
2015-12-29,2.4,2.5,2.2,2.38,49356
2015-12-30,2.37,2.44,2.21,2.3,42835
2015-12-31,2.47,2.81,2.12,2.46,512450
2016-01-04,2.57,2.67,2.35,2.42,175864
2016-01-05,2.4,2.4,1.99,2.07,286382
2016-01-06,1.94,2.27,1.8,2.26,217673
2016-01-07,2.2,2.2,1.83,1.86,182209
2016-01-08,2.0,2.15,1.8,1.83,124848
2016-01-11,1.91,1.97,1.6,1.7,107126
2016-01-12,1.78,1.78,1.36,1.45,137688
2016-01-13,1.42,1.59,1.42,1.45,100478
2016-01-14,1.45,2.38,1.42,1.99,379996
2016-01-15,1.94,1.94,1.46,1.54,214105
2016-01-19,1.6,1.9,1.55,1.68,322809
2016-01-20,1.57,1.8,1.4,1.78,178786
2016-01-21,1.82,1.88,1.69,1.8,85424
2016-01-22,1.85,1.85,1.55,1.83,272746
2016-01-25,1.86,2.3,1.66,1.73,389297
2016-01-26,1.73,1.74,1.52,1.64,321206
2016-01-27,1.7,1.75,1.55,1.66,128912
2016-01-28,1.8,1.93,1.62,1.74,209554
2016-01-29,1.8,1.85,1.72,1.81,290439
2016-02-01,1.71,1.71,1.57,1.7,92037
2016-02-02,1.65,1.65,1.6,1.64,112069
2016-02-03,1.63,1.64,1.5,1.64,141310
2016-02-04,1.64,1.81,1.64,1.71,298395
2016-02-05,1.77,1.87,1.67,1.77,198193
2016-02-08,1.67,1.8,1.6,1.7,101571
2016-02-09,1.67,1.68,1.59,1.65,158531
2016-02-10,1.69,1.71,1.62,1.63,36507
2016-02-11,1.62,1.67,1.61,1.66,128548
2016-02-12,1.67,1.73,1.61,1.62,259557
2016-02-16,1.65,1.76,1.61,1.72,134095
2016-02-17,1.75,1.91,1.73,1.87,144742
2016-02-18,1.91,1.96,1.69,1.73,67384
2016-02-19,1.73,1.73,1.67,1.7,103343
2016-02-22,1.78,1.86,1.76,1.8,83704
2016-02-23,1.8,1.89,1.68,1.74,94444
2016-02-24,1.69,1.76,1.6,1.75,115213
2016-02-25,1.66,1.75,1.65,1.74,77046
2016-02-26,1.8,1.8,1.67,1.73,97874
2016-02-29,1.73,1.84,1.69,1.74,88509
2016-03-01,1.75,1.9,1.73,1.84,180089
2016-03-02,1.86,2.03,1.86,2.03,197913
2016-03-03,2.06,2.69,2.04,2.47,524062
2016-03-04,2.68,3.47,2.47,3.34,914230
2016-03-07,3.98,4.36,3.39,3.52,719749
2016-03-08,3.5,3.5,3.0,3.03,313192
2016-03-09,3.06,3.99,2.92,3.14,763533
2016-03-10,3.1,3.16,2.99,3.09,204406
2016-03-11,3.22,3.39,3.1,3.21,143556
2016-03-14,3.2,3.6,3.08,3.6,291456
2016-03-15,3.58,3.58,2.97,3.13,310635
2016-03-16,3.12,3.22,3.07,3.18,89879
2016-03-17,3.23,3.35,3.15,3.26,96673
2016-03-18,3.3,3.97,3.2,3.91,407681
2016-03-21,3.76,3.76,3.29,3.32,240715
2016-03-22,3.39,3.39,3.15,3.23,103782
2016-03-23,3.2,3.22,2.88,2.89,205339
2016-03-24,2.82,2.92,2.42,2.86,179016
2016-03-28,2.97,2.97,2.7,2.94,111644
2016-03-29,2.86,2.91,2.71,2.88,79011
2016-03-30,2.91,3.12,2.74,2.77,116481
2016-03-31,2.78,2.9,2.61,2.74,135175
2016-04-01,2.69,2.69,2.51,2.64,93250
2016-04-04,2.69,2.72,2.36,2.5,115526
2016-04-05,2.49,2.59,2.38,2.53,115229
2016-04-06,2.53,2.69,2.53,2.6,51340
2016-04-07,2.6,2.69,2.48,2.53,107429
2016-04-08,2.62,2.75,2.55,2.72,71678
2016-04-11,2.76,2.89,2.68,2.74,71537
2016-04-12,2.75,3.2,2.72,3.04,271641
2016-04-13,3.02,3.4,3.02,3.19,251274
2016-04-14,3.22,3.23,2.83,2.91,114705
2016-04-15,2.88,3.0,2.79,2.95,58656
2016-04-18,2.72,3.0,2.6,2.9,143270
2016-04-19,2.93,3.15,2.93,3.05,247610
2016-04-20,3.04,3.17,2.95,3.07,103901
2016-04-21,3.11,3.11,2.88,2.91,101877
2016-04-22,2.83,3.11,2.83,3.01,99034
2016-04-25,3.01,3.01,2.86,2.96,107126
2016-04-26,2.96,3.45,2.89,3.29,322245
2016-04-27,3.45,4.0,3.33,3.77,344438
2016-04-28,3.8,4.72,3.54,3.65,684333
2016-04-29,3.85,4.23,3.75,3.78,204589
2016-05-02,3.79,3.87,3.51,3.77,117181
2016-05-03,3.73,3.75,3.36,3.42,99870
2016-05-04,3.45,3.66,3.25,3.3,92403
2016-05-05,3.43,3.43,3.25,3.27,77214
2016-05-06,3.25,3.59,3.25,3.45,130248
2016-05-09,3.39,3.39,3.02,3.12,141201
2016-05-10,3.14,3.2,3.02,3.18,69454
2016-05-11,3.28,3.44,3.2,3.23,122852
2016-05-12,3.33,3.39,3.04,3.09,73642
2016-05-13,3.03,3.18,3.01,3.11,124818
2016-05-16,3.17,3.27,3.12,3.18,53121
2016-05-17,3.13,3.4,3.09,3.26,43684
2016-05-18,3.27,3.37,3.03,3.05,82365
2016-05-19,3.02,3.2,2.8,3.16,180154
2016-05-20,3.16,3.26,3.08,3.18,52710
2016-05-23,3.15,3.22,2.96,3.08,70970
2016-05-24,3.11,3.17,2.91,3.02,67991
2016-05-25,3.09,3.36,3.03,3.35,111667
2016-05-26,3.47,3.48,3.09,3.13,110769
2016-05-27,3.28,3.46,3.2,3.45,163902
2016-05-31,3.46,3.76,3.44,3.64,160552
2016-06-01,3.65,3.93,3.52,3.84,171980
2016-06-02,3.8,3.8,3.5,3.68,74200
2016-06-03,3.72,3.72,3.51,3.55,50015
2016-06-06,3.58,4.02,3.58,3.93,115934
2016-06-07,3.96,4.4,3.96,4.3,251795
2016-06-08,4.42,5.88,4.42,5.01,685281
2016-06-09,5.01,5.47,4.8,5.15,203721
2016-06-10,5.24,6.93,5.24,6.0,964711
2016-06-13,6.14,6.3,5.52,6.27,408432
2016-06-14,6.25,6.79,5.75,6.07,483380
2016-06-15,6.0,6.4,5.4,5.89,407702
2016-06-16,5.9,6.08,5.46,5.69,340589
2016-06-17,5.81,6.37,5.81,6.11,462571
2016-06-20,6.27,6.7,6.13,6.27,398850
2016-06-21,6.27,6.39,5.83,6.14,292620
2016-06-22,6.29,6.35,5.85,5.92,303277
2016-06-23,6.23,8.08,6.0,7.82,1448298
2016-06-24,6.76,7.48,6.75,6.8,1484566
2016-06-27,6.75,6.75,5.77,5.82,452941
2016-06-28,6.3,7.23,6.15,6.75,512562
2016-06-29,7.14,7.35,6.71,6.79,427764
2016-06-30,6.61,6.81,6.25,6.74,281034
2016-07-01,6.75,6.97,6.51,6.8,330209
2016-07-05,6.55,6.68,6.03,6.37,255381
2016-07-06,6.4,6.4,5.95,6.08,200245
2016-07-07,6.15,6.65,5.85,5.98,391927
2016-07-08,5.97,5.98,5.31,5.77,660586
2016-07-11,5.75,5.77,5.45,5.55,259080
2016-07-12,5.73,6.25,5.69,6.0,541189
2016-07-13,6.09,6.35,5.8,5.96,368473
2016-07-14,5.97,6.12,5.8,5.88,155370
2016-07-15,5.88,5.99,5.22,5.29,327818
2016-07-18,5.43,5.43,4.9,5.35,307032
2016-07-19,5.38,5.38,5.03,5.18,144268
2016-07-20,5.2,5.23,4.92,5.14,177405
2016-07-21,5.14,5.4,4.91,4.94,253125
2016-07-22,4.94,4.99,4.6,4.84,215001
2016-07-25,4.75,4.83,4.44,4.54,215843
2016-07-26,4.45,4.78,4.34,4.66,145600
2016-07-27,4.6,4.82,4.5,4.64,117782
2016-07-28,4.72,4.72,4.29,4.36,154344
2016-07-29,4.29,4.58,4.21,4.52,119605
2016-08-01,4.5,4.5,4.19,4.21,95182
2016-08-02,4.25,4.29,3.6,3.81,298650
2016-08-03,3.8,4.19,3.7,4.15,203269
2016-08-04,4.2,4.38,3.97,4.35,157530
2016-08-05,4.31,4.44,4.03,4.06,156278
2016-08-08,4.15,4.6,4.1,4.53,245587
2016-08-09,4.58,4.62,4.2,4.31,150025
2016-08-10,4.37,4.47,4.1,4.14,156682
2016-08-11,4.22,4.4,4.16,4.31,87194
2016-08-12,4.33,4.45,4.15,4.27,107421
2016-08-15,4.24,4.46,4.15,4.34,139103
2016-08-16,4.37,4.48,4.15,4.35,163431
2016-08-17,4.33,4.35,4.15,4.28,64268
2016-08-18,4.31,4.43,4.25,4.39,172640
2016-08-19,4.35,4.42,4.2,4.33,109629
2016-08-22,4.29,4.44,4.1,4.3,130129
2016-08-23,4.26,4.3,4.11,4.21,103814
2016-08-24,4.16,4.23,3.88,4.13,198377
2016-08-25,4.2,4.2,3.76,4.12,135848
2016-08-26,4.14,4.25,4.03,4.09,153099
2016-08-29,4.11,4.16,4.01,4.1,73637
2016-08-30,4.09,4.13,3.8,3.86,109771
2016-08-31,3.87,3.87,3.35,3.58,256245
2016-09-01,3.53,3.53,3.36,3.41,117699
2016-09-02,3.5,3.63,3.38,3.41,154165
2016-09-06,3.48,3.7,3.42,3.62,213980
2016-09-07,3.6,3.73,3.44,3.53,87279
2016-09-08,3.59,3.82,3.53,3.76,153827
2016-09-09,3.68,3.86,3.5,3.57,103846
2016-09-12,3.5,3.6,3.42,3.48,72649
2016-09-13,3.42,3.42,3.21,3.34,126170
2016-09-14,3.3,3.5,3.25,3.31,62540
2016-09-15,3.31,3.4,3.23,3.25,103246
2016-09-16,3.16,3.38,3.16,3.24,92416
2016-09-19,3.24,3.4,3.17,3.19,69792
2016-09-20,3.18,3.27,3.02,3.03,69226
2016-09-21,3.13,3.6,3.06,3.38,661672
2016-09-22,3.47,3.56,3.26,3.32,200073
2016-09-23,3.3,3.38,3.1,3.18,154875
2016-09-26,3.22,3.25,3.15,3.18,40226
2016-09-27,3.09,3.16,2.74,2.75,283273
2016-09-28,2.79,3.24,2.69,3.19,308511
2016-09-29,3.25,3.39,3.02,3.11,235628
2016-09-30,3.17,3.19,2.96,3.03,98403
2016-10-03,3.02,3.17,2.95,2.96,97544
2016-10-04,3.22,3.26,2.92,2.96,202471
2016-10-05,3.07,3.15,2.99,3.07,79963
2016-10-06,3.13,3.34,3.07,3.22,175225
2016-10-07,3.24,3.24,3.05,3.07,69285
2016-10-10,3.15,3.28,3.05,3.15,120712
2016-10-11,3.13,3.18,2.9,3.0,97156
2016-10-12,3.0,3.06,2.84,3.01,139640
2016-10-13,2.95,2.98,2.81,2.9,65417
2016-10-14,2.91,2.94,2.77,2.89,43336
2016-10-17,2.9,2.9,2.45,2.63,445381
2016-10-18,2.66,2.66,2.46,2.58,115932
2016-10-19,2.62,2.78,2.61,2.76,129981
2016-10-20,2.73,2.8,2.64,2.75,64216
2016-10-21,2.77,2.77,2.67,2.68,56995
2016-10-24,2.66,2.72,2.52,2.68,68497
2016-10-25,2.65,2.69,2.57,2.63,86009
2016-10-26,2.58,2.74,2.58,2.7,34102
2016-10-27,2.76,2.78,2.63,2.71,17717
2016-10-28,2.69,2.74,2.59,2.61,86749
2016-10-31,2.59,2.61,2.51,2.55,63861
2016-11-01,2.59,2.63,2.46,2.56,88934
2016-11-02,2.54,2.61,2.46,2.47,19264
2016-11-03,2.48,2.59,2.41,2.48,75977
2016-11-04,2.46,2.5,2.28,2.47,85396
2016-11-07,2.53,2.64,2.49,2.56,64582
2016-11-08,2.49,2.59,2.45,2.47,81998
2016-11-09,2.4,2.68,2.39,2.57,84809
2016-11-10,2.55,2.71,2.44,2.67,51860
2016-11-11,2.64,2.72,2.62,2.67,69550
2016-11-14,2.66,2.69,2.51,2.58,49715
2016-11-15,2.63,2.9,2.6,2.82,165843
2016-11-16,2.8,2.92,2.75,2.81,63280
2016-11-17,2.94,3.13,2.57,2.64,132395
2016-11-18,2.68,2.73,2.61,2.62,62878
2016-11-21,2.66,3.2,2.65,2.97,346201
2016-11-22,3.01,3.98,2.99,3.36,726789
2016-11-23,3.58,3.6,3.08,3.3,270901
2016-11-25,3.29,3.29,3.02,3.05,71568
2016-11-28,3.11,3.18,2.95,2.96,94379
2016-11-29,2.89,2.94,2.6,2.79,223442
2016-11-30,3.1,3.39,3.01,3.12,343335
2016-12-01,3.24,3.43,3.15,3.18,338989
2016-12-02,3.17,3.35,3.03,3.2,131828
2016-12-05,3.26,3.4,3.15,3.24,104672
2016-12-06,3.15,3.34,3.1,3.21,92696
2016-12-07,3.15,3.37,3.13,3.19,152457
2016-12-08,3.19,3.29,3.04,3.26,72918
2016-12-09,3.26,3.72,3.25,3.62,378958
2016-12-12,4.1,4.8,3.8,3.84,607696
2016-12-13,4.01,4.25,3.65,4.21,336068
2016-12-14,4.19,4.19,3.75,3.76,249429
2016-12-15,3.7,3.9,3.59,3.71,168752
2016-12-16,3.8,4.08,3.71,3.97,227425
2016-12-19,4.0,4.04,3.85,3.91,134697
2016-12-20,3.95,4.11,3.8,3.82,157329
2016-12-21,3.83,3.83,3.64,3.68,126573
2016-12-22,3.67,3.73,3.35,3.4,200571
2016-12-23,3.4,3.4,3.16,3.21,168661
2016-12-27,3.26,3.26,3.0,3.15,216479
2016-12-28,3.15,3.18,3.02,3.07,120246
2016-12-29,3.07,3.45,3.07,3.45,168141
2016-12-30,3.39,3.39,3.08,3.17,121978
2017-01-03,3.3,3.48,3.22,3.33,149027
2017-01-04,3.29,3.42,3.26,3.34,57561
2017-01-05,3.4,3.58,3.3,3.32,122478
2017-01-06,3.34,3.41,3.18,3.26,78982
2017-01-09,3.18,3.26,3.1,3.13,71784
2017-01-10,3.15,3.3,3.12,3.21,66114
2017-01-11,3.23,3.4,3.23,3.35,59662
2017-01-12,3.48,3.49,3.23,3.26,85170
2017-01-13,3.26,3.45,3.21,3.25,45688
2017-01-17,3.21,3.4,3.16,3.18,53915
2017-01-18,3.15,3.17,3.02,3.11,116553
2017-01-19,3.07,3.14,3.02,3.08,64522
2017-01-20,3.16,3.36,3.08,3.33,117018
2017-01-23,3.3,3.38,3.09,3.3,111179
2017-01-24,3.37,3.37,3.15,3.16,56339
2017-01-25,3.22,3.48,3.22,3.39,161960
2017-01-26,3.46,3.58,3.3,3.32,121895
2017-01-27,3.22,3.42,3.21,3.4,111638
2017-01-30,3.38,3.38,3.1,3.12,100620
2017-01-31,3.13,3.15,2.7,2.81,438423
2017-02-01,2.76,2.79,2.55,2.71,132593
2017-02-02,2.61,2.63,2.3,2.35,417171
2017-02-03,2.42,2.58,2.34,2.39,161773
2017-02-06,2.45,2.47,2.14,2.23,213363
2017-02-07,2.29,2.3,2.13,2.21,91025
2017-02-08,2.25,2.25,1.95,1.99,182463
2017-02-09,2.1,2.1,1.92,2.02,163836
2017-02-10,2.05,2.21,2.05,2.15,85213
2017-02-13,2.14,2.15,2.05,2.13,56034
2017-02-14,2.14,2.17,2.1,2.13,61397
2017-02-15,2.09,2.16,2.06,2.1,42717
2017-02-16,2.1,2.15,2.05,2.14,89815
2017-02-17,2.14,2.16,2.06,2.12,91569
2017-02-21,2.13,2.17,2.08,2.09,64371
2017-02-22,2.06,2.06,1.85,1.98,167676
2017-02-23,1.93,2.01,1.86,1.98,90103
2017-02-24,1.93,2.03,1.92,1.96,70720
2017-02-27,1.96,2.03,1.91,1.98,66886
2017-02-28,1.96,1.96,1.7,1.81,189859
2017-03-01,1.76,1.77,1.69,1.7,212836
2017-03-02,1.69,1.75,1.5,1.57,260788
2017-03-03,1.61,1.65,1.5,1.54,139352
2017-03-06,1.58,1.6,1.5,1.57,66739
2017-03-07,1.58,1.6,1.4,1.41,159570
2017-03-08,1.42,1.5,1.39,1.39,105603
2017-03-09,1.4,1.43,1.39,1.39,50193
2017-03-10,1.41,1.44,1.28,1.32,66279
2017-03-13,1.3,1.38,1.3,1.3,40146
2017-03-14,1.29,1.33,1.21,1.24,88363
2017-03-15,1.26,1.28,1.25,1.26,46557
2017-03-16,1.29,1.37,1.25,1.28,44691
2017-03-17,1.31,1.43,1.31,1.41,134641
2017-03-20,1.45,1.52,1.4,1.52,78065
2017-03-21,1.55,1.59,1.46,1.51,84547
2017-03-22,1.54,1.57,1.5,1.52,77130
2017-03-23,1.54,1.55,1.43,1.46,50278
2017-03-24,1.46,1.46,1.3,1.46,35194
2017-03-27,1.44,1.49,1.4,1.44,16119
2017-03-28,1.44,1.54,1.44,1.5,45391
2017-03-29,1.49,2.02,1.49,1.94,531719
2017-03-30,2.1,2.15,1.78,1.79,167285
2017-03-31,1.86,1.92,1.6,1.69,140914
2017-04-03,1.68,1.71,1.65,1.68,19036
2017-04-04,1.3,1.34,0.72,0.75,1359059
2017-04-05,0.75,0.88,0.75,0.78,397275
2017-04-06,0.79,0.79,0.73,0.74,158820
2017-04-07,0.75,0.76,0.66,0.69,126684
2017-04-10,0.67,0.76,0.65,0.74,133541
2017-04-11,2.46,2.87,1.73,2.7,25158376
2017-04-12,3.34,3.89,2.53,2.65,16692405
2017-04-13,2.24,2.42,2.02,2.1,2890048
2017-04-17,2.1,2.22,1.77,1.8,1589357
2017-04-18,1.78,1.92,1.64,1.74,982315
2017-04-19,1.73,2.04,1.67,1.98,2133892
2017-04-20,2.02,3.24,1.95,2.7,22355692
2017-04-21,2.92,3.1,2.42,2.55,4827506
2017-04-24,2.56,2.59,2.3,2.33,852144
2017-04-25,2.3,2.3,2.11,2.2,992304
2017-04-26,2.2,3.06,2.19,2.4,5196998
2017-04-27,2.38,2.6,2.27,2.35,1149040
2017-04-28,2.46,2.62,2.3,2.53,1866887
2017-05-01,2.53,2.65,2.28,2.38,1028313
2017-05-02,2.36,2.42,2.2,2.37,703503
2017-05-03,2.42,2.42,2.17,2.2,479475
2017-05-04,2.12,2.18,2.02,2.15,659189
2017-05-05,2.11,2.33,2.01,2.31,920200
2017-05-08,2.26,2.77,2.19,2.74,2152183
2017-05-09,2.64,2.74,2.5,2.7,995897
2017-05-10,2.7,2.89,2.58,2.79,765967
2017-05-11,2.75,2.78,2.51,2.55,454102
2017-05-12,2.59,2.66,2.5,2.58,198746
2017-05-15,2.7,2.7,2.32,2.38,291184
2017-05-16,2.31,2.62,2.31,2.61,457511
2017-05-17,2.7,2.88,2.39,2.41,1245986
2017-05-18,2.44,2.76,2.42,2.72,600184
2017-05-19,2.7,2.7,2.52,2.59,586770
2017-05-22,2.6,2.73,2.57,2.68,314642
2017-05-23,2.65,2.65,2.5,2.51,287764
2017-05-24,2.5,2.51,2.35,2.41,295123
2017-05-25,2.46,2.46,2.25,2.3,369716
2017-05-26,2.33,2.43,2.26,2.36,202236
2017-05-30,2.3,2.49,2.26,2.46,216628
2017-05-31,2.46,2.46,2.28,2.38,138348
2017-06-01,2.43,2.52,2.31,2.4,330415
2017-06-02,2.46,2.46,2.31,2.36,184597
2017-06-05,2.34,2.52,2.33,2.4,165223
2017-06-06,2.38,2.44,2.3,2.31,234276
2017-06-07,2.32,2.33,2.15,2.2,314194
2017-06-08,2.22,2.33,2.15,2.19,180176
2017-06-09,2.22,2.29,2.17,2.24,155674
2017-06-12,2.23,2.31,2.21,2.24,79757
2017-06-13,2.24,2.42,2.22,2.36,250946
2017-06-14,2.33,2.35,2.16,2.19,173862
2017-06-15,2.19,2.23,2.13,2.19,122591
2017-06-16,2.19,2.19,2.05,2.1,104371
2017-06-19,2.12,2.12,1.94,1.94,228178
2017-06-20,1.92,1.94,1.75,1.79,207615
2017-06-21,1.8,1.8,1.5,1.57,366615
2017-06-22,1.55,1.62,1.51,1.59,220847
2017-06-23,1.57,1.61,1.48,1.49,155460
2017-06-26,1.51,1.65,1.45,1.49,463397
2017-06-27,1.5,1.55,1.46,1.5,118999
2017-06-28,1.5,1.53,1.28,1.36,434880
2017-06-29,1.38,1.38,1.3,1.31,133467
2017-06-30,1.33,1.39,1.31,1.33,138177
2017-07-03,1.32,1.45,1.32,1.43,143381
2017-07-05,1.44,1.94,1.44,1.84,1345167
2017-07-06,1.82,1.85,1.58,1.6,336960
2017-07-07,1.67,1.69,1.54,1.58,148205
2017-07-10,1.56,1.6,1.48,1.58,83608
2017-07-11,1.59,1.7,1.55,1.65,143704
2017-07-12,1.68,1.68,1.56,1.58,118195
2017-07-13,1.68,1.71,1.58,1.66,252874
2017-07-14,1.71,1.71,1.53,1.56,179655
2017-07-17,1.63,1.79,1.6,1.68,249387
2017-07-18,1.69,1.8,1.68,1.75,134499
2017-07-19,1.75,1.83,1.65,1.78,160358
2017-07-20,1.78,1.8,1.62,1.64,154266
2017-07-21,1.65,1.7,1.51,1.56,143728
2017-07-24,1.56,1.67,1.56,1.56,212069
2017-07-25,1.61,1.69,1.46,1.5,285692
2017-07-26,1.49,1.53,1.38,1.44,231983
2017-07-27,1.44,1.59,1.4,1.57,120471
2017-07-28,1.55,1.69,1.55,1.69,451965
2017-07-31,,,1.52,1.55,164031
2017-08-01,1.57,1.64,1.54,1.59,104478
