Date,Open,High,Low,Close,Volume
2014-12-12,30.16,35.25,30.0,33.99,8348556
2014-12-15,33.07,33.48,30.36,30.52,993426
2014-12-16,30.19,31.73,30.03,31.1,285501
2014-12-17,30.87,31.66,30.25,31.22,262175
2014-12-18,31.27,32.7,30.0,30.42,284338
2014-12-19,30.6,31.84,30.47,31.47,184924
2014-12-22,31.74,32.0,30.77,31.25,80744
2014-12-23,31.75,32.44,31.29,32.1,175007
2014-12-24,32.15,34.0,32.14,33.76,86716
2014-12-26,34.0,34.0,33.02,33.52,99970
2014-12-29,33.75,37.0,33.51,35.92,303644
2014-12-30,35.92,36.99,34.53,35.18,109874
2014-12-31,35.71,36.07,34.67,34.84,63968
2015-01-02,35.8,36.47,34.98,36.47,104508
2015-01-05,37.01,37.5,34.17,37.25,246244
2015-01-06,37.0,37.0,34.57,35.6,694788
2015-01-07,35.6,36.95,35.29,35.84,156564
2015-01-08,36.32,36.66,33.5,35.42,374697
2015-01-09,35.26,35.35,33.01,33.86,152817
2015-01-12,34.31,34.81,31.52,34.34,232460
2015-01-13,34.94,35.21,32.17,32.8,133091
2015-01-14,32.85,32.85,31.01,31.25,186634
2015-01-15,31.24,32.09,30.53,31.27,260321
2015-01-16,30.94,32.2,30.33,31.9,314163
2015-01-20,32.39,32.52,30.94,31.02,146687
2015-01-21,31.3,32.0,30.37,31.88,201726
2015-01-22,31.73,31.9,30.81,31.11,141975
2015-01-23,31.25,33.08,30.54,32.8,247864
2015-01-26,32.8,32.99,32.07,32.34,86391
2015-01-27,32.39,32.4,31.11,32.07,69883
2015-01-28,31.82,32.37,30.75,31.04,108889
2015-01-29,31.12,32.02,30.2,31.71,149372
2015-01-30,31.24,31.85,30.65,31.06,37064
2015-02-02,31.6,31.9,29.66,30.33,101650
2015-02-03,30.3,31.59,30.18,31.49,63325
2015-02-04,31.32,31.83,31.17,31.33,29788
2015-02-05,31.2,32.96,31.2,32.84,94037
2015-02-06,33.0,34.33,33.0,33.85,133783
2015-02-09,34.19,34.99,33.4,34.94,96050
2015-02-10,34.68,35.33,34.12,34.87,97756
2015-02-11,35.49,35.5,34.17,35.1,111463
2015-02-12,35.08,35.98,34.9,35.85,130688
2015-02-13,37.0,38.65,33.03,33.75,389484
2015-02-17,34.2,35.3,33.23,35.05,316747
2015-02-18,34.8,35.43,34.8,35.22,115927
2015-02-19,35.37,36.0,34.22,34.68,133638
2015-02-20,34.89,35.25,34.31,34.89,83544
2015-02-23,34.98,35.98,34.82,35.46,74595
2015-02-24,35.77,35.88,35.03,35.3,77419
2015-02-25,35.25,35.84,35.0,35.2,50887
2015-02-26,35.48,35.48,34.93,35.39,33599
2015-02-27,35.4,35.42,34.16,34.46,77549
2015-03-02,34.12,34.68,33.55,34.08,53883
2015-03-03,34.14,35.72,34.14,35.09,123223
2015-03-04,34.69,35.74,34.53,34.91,83151
2015-03-05,35.23,35.75,34.9,35.17,82240
2015-03-06,35.48,35.48,33.75,34.26,120137
2015-03-09,34.54,34.84,33.72,34.45,103021
2015-03-10,34.58,35.03,34.08,34.56,133853
2015-03-11,34.37,35.61,34.32,34.89,97987
2015-03-12,35.25,35.43,34.58,34.88,76075
2015-03-13,34.74,34.9,33.76,34.05,207073
2015-03-16,34.42,34.91,33.57,33.8,230949
2015-03-17,33.72,34.21,33.11,33.25,97285
2015-03-18,33.09,33.95,33.05,33.76,91146
2015-03-19,33.75,34.29,33.42,34.1,136579
2015-03-20,34.68,35.27,34.56,34.76,511148
2015-03-23,34.76,35.66,34.45,34.93,129957
2015-03-24,34.89,35.2,34.4,34.45,145365
2015-03-25,34.49,34.99,32.51,33.07,146106
2015-03-26,32.79,33.78,32.61,33.65,112565
2015-03-27,33.63,33.9,32.78,33.3,81432
2015-03-30,33.5,34.24,33.28,34.0,92400
2015-03-31,33.75,35.85,33.59,34.7,783516
2015-04-01,34.68,34.68,32.32,32.62,177599
2015-04-02,32.34,32.56,31.41,31.67,191283
2015-04-06,32.22,32.99,32.0,32.91,68410
2015-04-07,33.03,33.03,32.03,32.21,88264
2015-04-08,32.45,33.21,32.45,33.1,74924
2015-04-09,33.19,33.34,32.66,32.95,109109
2015-04-10,33.25,33.52,32.63,32.72,62690
2015-04-13,32.56,33.12,32.25,32.47,90416
2015-04-14,32.47,33.59,32.15,33.45,135332
2015-04-15,33.49,33.72,32.53,33.11,97289
2015-04-16,33.09,33.42,32.49,32.59,52267
2015-04-17,32.12,32.63,31.67,32.01,249165
2015-04-20,32.05,32.91,31.96,32.91,75339
2015-04-21,33.05,34.55,32.62,34.52,166329
2015-04-22,34.4,34.41,32.93,33.02,71234
2015-04-23,33.0,33.54,32.51,32.96,52787
2015-04-24,33.31,33.6,32.52,32.68,55903
2015-04-27,32.97,33.03,31.81,32.27,139782
2015-04-28,32.37,32.37,31.95,32.1,97613
2015-04-29,32.16,32.72,31.97,32.68,65079
2015-04-30,32.59,32.98,32.08,32.49,108852
2015-05-01,32.78,32.99,32.0,32.98,101489
2015-05-04,33.0,33.0,32.06,32.51,69254
2015-05-05,32.55,32.72,31.98,32.39,74803
2015-05-06,32.46,32.7,31.96,32.42,133751
2015-05-07,32.31,32.66,32.07,32.49,75945
2015-05-08,32.56,33.0,32.36,32.72,106476
2015-05-11,32.59,33.62,32.31,32.57,68790
2015-05-12,32.56,33.3,32.16,32.75,119338
2015-05-13,35.29,35.97,32.05,32.32,514842
2015-05-14,32.9,32.9,31.41,31.58,127579
2015-05-15,31.67,31.68,30.59,30.71,161086
2015-05-18,30.68,32.03,30.26,32.01,75054
2015-05-19,32.1,32.59,31.58,32.42,134677
2015-05-20,32.35,32.84,32.13,32.47,385305
2015-05-21,32.5,32.83,32.15,32.56,162065
2015-05-22,32.66,32.96,32.29,32.43,58585
2015-05-26,32.78,32.78,31.78,32.05,117844
2015-05-27,32.23,32.46,32.0,32.33,78280
2015-05-28,32.5,32.61,32.0,32.35,34662
2015-05-29,32.23,32.9,32.0,32.73,60296
2015-06-01,31.05,32.5,30.6,31.97,316422
2015-06-02,31.76,32.41,31.68,31.93,128569
2015-06-03,31.94,32.23,31.7,32.0,200377
2015-06-04,31.65,31.91,31.18,31.49,208469
2015-06-05,31.47,32.19,31.38,31.86,295613
2015-06-08,31.71,32.41,31.37,31.71,201080
2015-06-09,31.59,31.89,31.2,31.22,212891
2015-06-10,31.46,32.14,31.0,32.07,621245
2015-06-11,31.98,32.4,31.66,32.17,177347
2015-06-12,32.04,33.19,31.82,32.88,422061
2015-06-15,32.56,32.93,31.96,32.24,243560
2015-06-16,32.12,32.67,31.82,32.27,2116973
2015-06-17,32.35,33.16,32.35,32.65,330170
2015-06-18,32.85,32.91,31.87,32.7,1856751
2015-06-19,32.7,33.5,32.52,33.19,574322
2015-06-22,33.0,34.25,32.89,33.35,357026
2015-06-23,33.3,33.99,33.17,33.59,271902
2015-06-24,33.5,34.28,33.36,33.83,669750
2015-06-25,34.0,35.11,33.81,34.93,560616
2015-06-26,34.88,35.53,34.71,35.32,388790
2015-06-29,35.1,35.35,34.36,34.57,160992
2015-06-30,34.57,35.3,34.48,35.19,114730
2015-07-01,35.33,36.45,35.23,36.24,398746
2015-07-02,36.23,36.5,35.23,35.44,152708
2015-07-06,35.22,35.46,34.8,34.96,94109
2015-07-07,34.73,34.76,33.5,34.21,180495
2015-07-08,33.83,34.14,32.72,33.52,257593
2015-07-09,33.92,34.3,33.5,34.0,206312
2015-07-10,34.38,34.66,34.0,34.31,213906
2015-07-13,34.39,34.93,33.94,34.0,297630
2015-07-14,34.11,34.86,33.88,34.76,286705
2015-07-15,34.81,36.71,34.81,35.49,234112
2015-07-16,35.71,37.0,35.66,36.08,228039
2015-07-17,36.15,36.29,35.21,35.29,144766
2015-07-20,35.38,37.17,35.38,36.93,237963
2015-07-21,36.87,37.47,36.54,37.02,200820
2015-07-22,36.94,37.4,36.75,37.0,72401
2015-07-23,37.13,37.47,36.87,36.95,159961
2015-07-24,36.95,37.23,35.94,36.26,140793
2015-07-27,35.93,36.2,34.86,35.26,103656
2015-07-28,35.55,35.59,34.44,35.27,116826
2015-07-29,35.14,35.6,34.21,35.1,96455
2015-07-30,34.95,36.31,34.61,35.7,141678
2015-07-31,35.66,35.66,34.53,34.8,63232
2015-08-03,34.66,35.22,34.26,34.89,130937
2015-08-04,34.92,35.16,34.08,34.6,87636
2015-08-05,34.85,36.36,34.8,35.62,254630
2015-08-06,35.62,35.8,34.44,35.15,257228
2015-08-07,36.2,38.87,35.42,37.55,759430
2015-08-10,37.76,38.84,36.63,37.41,285958
2015-08-11,35.43,35.5,31.47,34.86,801566
2015-08-12,35.24,36.94,34.8,35.45,590953
2015-08-13,35.27,35.99,34.58,34.61,262606
2015-08-14,34.65,34.65,34.19,34.47,155969
2015-08-17,34.0,34.94,33.96,34.39,356322
2015-08-18,34.49,34.88,34.0,34.42,158278
2015-08-19,34.2,34.98,33.53,34.06,145476
2015-08-20,33.72,34.33,33.52,34.14,190599
2015-08-21,33.67,34.4,33.11,33.35,169973
2015-08-24,31.62,33.25,30.56,32.2,414822
2015-08-25,32.88,33.38,32.04,32.75,351780
2015-08-26,33.14,33.69,32.24,33.43,181380
2015-08-27,33.75,33.75,32.75,33.2,196981
2015-08-28,33.06,33.67,32.96,33.62,74803
2015-08-31,33.4,33.56,32.35,32.56,170844
2015-09-01,31.97,32.99,31.97,32.25,332036
2015-09-02,32.52,32.69,31.8,32.36,325957
2015-09-03,32.53,33.43,32.22,33.13,230271
2015-09-04,32.8,33.39,32.36,33.23,115939
2015-09-08,33.47,35.55,33.25,34.92,475626
2015-09-09,35.0,35.97,34.74,35.67,494815
2015-09-10,36.05,36.97,35.52,35.8,452886
2015-09-11,36.0,36.16,35.41,35.93,190119
2015-09-14,36.0,36.84,35.7,36.3,309678
2015-09-15,36.18,36.74,35.36,36.54,261628
2015-09-16,36.51,37.58,36.35,37.01,370953
2015-09-17,36.78,38.42,36.34,37.71,324959
2015-09-18,37.32,38.48,37.2,37.64,1324821
2015-09-21,38.46,39.99,37.8,39.43,562308
2015-09-22,38.95,39.41,38.3,38.88,134471
2015-09-23,38.83,39.77,38.58,39.24,124651
2015-09-24,39.0,39.5,38.64,39.29,114887
2015-09-25,39.54,39.67,38.71,39.0,392931
2015-09-28,38.7,38.98,38.0,38.17,403340
2015-09-29,38.14,38.31,37.2,37.35,263369
2015-09-30,37.61,38.23,37.3,38.11,243307
2015-10-01,37.97,38.07,36.91,37.25,228011
2015-10-02,36.62,39.5,36.62,39.43,333584
2015-10-05,39.5,39.99,38.9,39.09,194073
2015-10-06,38.93,39.17,38.28,39.01,150313
2015-10-07,38.96,39.5,38.63,39.31,184039
2015-10-08,39.25,39.63,38.63,39.0,211032
2015-10-09,38.88,39.99,38.74,39.44,219145
2015-10-12,39.57,39.87,38.94,39.36,95403
2015-10-13,39.06,39.62,39.03,39.4,92541
2015-10-14,39.33,39.72,37.88,38.03,165798
2015-10-15,38.08,38.76,37.51,38.48,210671
2015-10-16,38.65,39.26,38.05,39.0,229057
2015-10-19,38.79,39.1,38.47,38.91,163271
2015-10-20,38.92,39.01,38.08,38.77,109059
2015-10-21,38.9,39.0,38.02,38.29,80781
2015-10-22,38.46,39.37,38.46,38.92,104614
2015-10-23,39.21,39.48,38.83,39.0,125723
2015-10-26,38.78,39.19,38.32,38.85,105781
2015-10-27,38.9,38.98,38.29,38.67,136332
2015-10-28,38.74,39.67,38.57,39.15,148525
2015-10-29,39.0,39.55,38.86,38.99,124548
2015-10-30,39.02,39.72,38.79,39.65,170514
2015-11-02,39.44,40.0,39.05,39.91,359827
2015-11-03,39.74,40.06,39.21,39.69,189638
2015-11-04,39.69,40.13,39.03,39.75,197706
2015-11-05,39.77,40.0,39.1,39.2,151796
2015-11-06,38.04,38.26,35.03,36.01,656298
2015-11-09,35.85,36.12,35.14,35.43,292977
2015-11-10,35.25,35.3,33.17,34.12,857795
2015-11-11,34.13,34.81,33.73,34.6,432931
2015-11-12,34.68,35.6,34.01,35.58,240823
2015-11-13,35.5,35.62,34.4,34.65,240818
2015-11-16,34.55,35.31,34.55,34.97,148492
2015-11-17,35.2,35.81,35.05,35.52,240875
2015-11-18,35.97,36.38,35.29,36.31,152579
2015-11-19,36.1,36.89,36.01,36.43,224182
2015-11-20,36.65,38.4,36.42,37.73,376787
2015-11-23,37.69,37.99,37.27,37.35,64041
2015-11-24,37.2,37.48,36.85,37.37,59892
2015-11-25,37.21,38.19,37.21,37.74,115497
2015-11-27,37.72,37.94,36.66,37.43,58334
2015-11-30,37.51,37.76,36.97,37.61,283906
2015-12-01,37.47,37.82,36.1,36.4,201980
2015-12-02,36.02,37.06,36.02,36.48,194337
2015-12-03,36.28,36.48,35.31,36.1,285874
2015-12-04,36.08,36.77,36.08,36.63,104854
2015-12-07,36.4,37.19,36.16,37.09,195972
2015-12-08,36.74,37.3,36.37,36.91,123553
2015-12-09,36.34,36.9,36.3,36.71,172103
2015-12-10,36.78,36.78,35.4,36.1,350643
2015-12-11,35.38,36.43,35.12,35.72,342953
2015-12-14,35.66,35.94,35.21,35.6,267079
2015-12-15,36.15,36.75,35.46,36.28,377026
2015-12-16,36.31,36.75,36.31,36.59,161827
2015-12-17,36.75,36.75,36.4,36.51,142056
2015-12-18,36.43,36.75,35.93,36.26,396018
2015-12-21,36.22,36.47,35.52,36.42,188647
2015-12-22,36.73,37.42,36.64,37.07,275562
2015-12-23,37.0,37.5,36.7,37.04,258264
2015-12-24,37.03,37.52,36.56,37.47,167729
2015-12-28,37.47,37.53,36.75,37.05,111091
2015-12-29,37.19,37.45,36.3,36.5,144707
2015-12-30,36.55,37.27,36.53,36.67,85154
2015-12-31,36.68,36.81,36.19,36.43,83462
2016-01-04,35.79,36.23,35.08,36.05,342997
2016-01-05,35.95,36.2,35.56,35.91,223981
2016-01-06,35.32,35.66,35.18,35.31,489945
2016-01-07,34.88,35.22,34.41,34.88,498425
2016-01-08,34.63,35.02,34.04,34.33,691308
2016-01-11,34.37,34.69,33.22,34.0,437696
2016-01-12,34.31,34.58,33.61,34.42,220389
2016-01-13,34.42,34.71,32.3,32.59,567591
2016-01-14,32.74,32.96,31.63,32.71,363478
2016-01-15,31.94,31.94,29.79,30.68,676150
2016-01-19,31.06,31.14,29.08,29.54,416684
2016-01-20,29.01,29.81,28.12,29.46,611642
2016-01-21,29.53,29.77,28.48,28.91,235841
2016-01-22,29.36,30.18,29.23,29.47,304437
2016-01-25,29.29,29.69,28.51,28.79,528699
2016-01-26,28.86,28.92,27.95,28.83,336078
2016-01-27,28.7,28.73,27.62,28.07,597113
2016-01-28,28.32,28.56,27.15,27.66,375225
2016-01-29,27.64,28.51,27.53,28.22,374925
2016-02-01,28.1,28.83,27.67,28.52,267151
2016-02-02,28.33,29.08,28.16,28.57,358592
2016-02-03,28.71,28.78,27.84,28.37,216764
2016-02-04,28.3,30.13,28.24,29.9,522896
2016-02-05,29.8,29.8,20.91,23.24,3401794
2016-02-08,23.0,23.5,20.69,21.72,2209731
2016-02-09,21.72,22.94,20.38,20.83,1079769
2016-02-10,20.91,23.38,20.68,22.49,772471
2016-02-11,22.13,23.87,21.92,23.52,578597
2016-02-12,23.54,24.94,23.1,23.73,574605
2016-02-16,23.92,24.93,23.12,24.82,506715
2016-02-17,24.73,27.17,24.73,26.91,795595
2016-02-18,27.0,27.4,26.55,27.03,669063
2016-02-19,26.77,27.34,26.32,26.77,377668
2016-02-22,27.05,27.48,26.64,26.76,222732
2016-02-23,26.68,27.08,25.65,26.16,465523
2016-02-24,25.86,27.17,25.12,27.11,368606
2016-02-25,26.88,26.89,26.26,26.55,573633
2016-02-26,26.72,26.87,26.44,26.78,535783
2016-02-29,26.78,26.97,26.5,26.62,496669
2016-03-01,26.84,27.51,26.5,27.46,588412
2016-03-02,27.42,27.61,27.12,27.55,493362
2016-03-03,27.42,27.78,27.05,27.65,201857
2016-03-04,27.99,28.27,27.36,27.6,251090
2016-03-07,27.26,28.22,27.16,28.2,451559
2016-03-08,28.06,28.36,27.37,27.45,351143
2016-03-09,27.47,27.76,26.52,27.68,338133
2016-03-10,27.7,28.24,25.84,26.77,765090
2016-03-11,26.95,27.31,25.93,26.54,534392
2016-03-14,26.54,27.22,25.96,26.16,485803
2016-03-15,25.9,25.9,24.79,25.08,459263
2016-03-16,24.95,25.0,24.01,24.42,522574
2016-03-17,24.45,24.53,23.81,24.22,489301
2016-03-18,24.33,25.34,23.89,24.98,672508
2016-03-21,24.84,25.08,24.46,24.5,187716
2016-03-22,24.44,25.07,24.23,24.88,172849
2016-03-23,24.89,24.89,23.83,24.32,281040
2016-03-24,24.17,24.18,23.73,24.0,265298
2016-03-28,24.12,24.2,23.52,23.82,357687
2016-03-29,23.79,25.37,23.45,25.31,350830
2016-03-30,25.4,26.0,25.28,25.9,443848
2016-03-31,25.85,26.18,25.15,26.08,501286
2016-04-01,25.63,25.81,24.53,24.99,599497
2016-04-04,24.97,25.84,24.94,25.06,399019
2016-04-05,24.71,25.47,24.67,25.19,206750
2016-04-06,25.21,25.59,25.21,25.47,125421
2016-04-07,25.43,25.44,24.69,24.78,93657
2016-04-08,25.01,25.51,24.83,25.2,244272
2016-04-11,25.38,25.77,24.31,24.5,161079
2016-04-12,24.57,24.65,23.9,24.3,213843
2016-04-13,24.26,25.33,24.26,24.82,324677
2016-04-14,24.7,24.92,24.12,24.32,398073
2016-04-15,24.42,24.54,23.89,23.95,506277
2016-04-18,23.89,24.86,23.76,24.6,603738
2016-04-19,24.61,24.83,24.26,24.39,384547
2016-04-20,24.42,24.78,24.31,24.67,404432
2016-04-21,24.71,26.28,24.71,25.88,372487
2016-04-22,25.64,26.18,24.95,25.77,253520
2016-04-25,25.76,26.14,25.43,25.66,151258
2016-04-26,25.7,26.18,25.4,25.88,222245
2016-04-27,25.64,26.09,25.41,25.98,187052
2016-04-28,25.97,26.49,25.96,26.26,303214
2016-04-29,26.22,26.49,25.42,25.78,307648
2016-05-02,25.86,25.86,25.41,25.64,476361
2016-05-03,25.47,26.32,25.46,25.94,319362
2016-05-04,25.86,26.36,25.48,25.77,217016
2016-05-05,25.94,26.04,25.45,25.56,271480
2016-05-06,25.28,25.47,24.17,24.75,550976
2016-05-09,24.82,25.58,24.5,25.26,516113
2016-05-10,25.37,26.14,25.02,25.89,901897
2016-05-11,24.89,27.12,23.55,25.95,1340541
2016-05-12,26.22,27.09,25.62,26.03,623896
2016-05-13,25.78,26.06,25.26,25.49,557429
2016-05-16,25.04,26.08,25.04,25.86,336909
2016-05-17,25.88,26.48,25.74,25.99,562916
2016-05-18,25.83,26.58,25.59,26.41,388903
2016-05-19,26.41,26.83,25.76,25.84,298241
2016-05-20,25.94,26.75,25.78,26.69,300596
2016-05-23,26.33,28.26,26.33,27.82,798717
2016-05-24,28.14,28.14,27.69,27.9,511883
2016-05-25,27.91,28.09,27.73,27.92,395155
2016-05-26,28.0,28.02,27.06,27.7,422468
2016-05-27,27.72,29.29,27.69,29.28,713041
2016-05-31,29.15,30.53,29.05,30.16,695357
2016-06-01,29.9,30.62,29.23,30.52,793863
2016-06-02,30.34,31.27,29.7,31.1,439504
2016-06-03,31.1,31.89,30.59,31.21,353977
2016-06-06,31.03,31.85,30.87,31.49,430907
2016-06-07,31.49,32.52,31.18,32.35,388039
2016-06-08,32.16,32.71,31.98,32.55,205816
2016-06-09,32.45,32.69,32.1,32.27,238154
2016-06-10,31.84,31.84,30.37,30.5,766392
2016-06-13,30.47,31.1,29.91,29.96,436013
2016-06-14,29.92,30.34,29.6,30.14,358791
2016-06-15,29.77,30.18,29.6,29.96,645379
2016-06-16,29.75,30.0,29.46,29.73,332590
2016-06-17,29.83,30.64,29.58,30.23,484101
2016-06-20,29.66,31.41,29.6,31.01,446527
2016-06-21,31.07,31.3,30.72,30.98,267286
2016-06-22,31.01,31.13,30.08,30.11,418546
2016-06-23,30.4,31.22,30.15,31.2,503861
2016-06-24,30.28,30.86,29.88,30.14,2296253
2016-06-27,29.84,29.91,27.2,27.47,650432
2016-06-28,27.96,28.64,27.6,28.49,491924
2016-06-29,28.85,29.47,28.19,29.4,303480
2016-06-30,29.47,29.58,28.8,29.38,288528
2016-07-01,29.17,29.86,28.97,29.19,372546
2016-07-05,29.06,29.81,28.76,29.68,419724
2016-07-06,29.67,30.0,29.27,29.68,209382
2016-07-07,29.52,30.58,29.52,30.51,399929
2016-07-08,30.81,31.67,30.45,31.55,434847
2016-07-11,31.58,32.33,31.53,31.94,585641
2016-07-12,32.05,32.47,31.81,32.21,365560
2016-07-13,32.24,32.42,31.25,31.38,299939
2016-07-14,31.88,32.26,31.2,32.25,532546
2016-07-15,32.18,32.94,31.87,32.35,347433
2016-07-18,32.09,32.71,32.05,32.55,266878
2016-07-19,32.57,32.76,32.16,32.29,199387
2016-07-20,32.51,33.86,32.4,33.39,302870
2016-07-21,33.39,33.76,33.27,33.52,375407
2016-07-22,33.41,33.99,33.22,33.91,234100
2016-07-25,33.84,34.37,33.8,34.08,179135
2016-07-26,34.19,34.68,33.98,34.45,373636
2016-07-27,34.42,34.74,34.1,34.59,242841
2016-07-28,34.71,35.18,34.7,35.0,506068
2016-07-29,35.0,35.0,34.11,34.44,601966
2016-08-01,34.27,34.58,33.37,33.98,693256
2016-08-02,33.65,34.26,33.34,33.88,452579
2016-08-03,34.0,34.41,31.88,33.93,719670
2016-08-04,33.96,34.92,33.96,34.75,341356
2016-08-05,34.82,35.68,34.54,35.55,489830
2016-08-08,35.36,35.97,35.21,35.29,212455
2016-08-09,34.95,35.57,34.88,35.49,256918
2016-08-10,35.5,35.7,35.31,35.46,323362
2016-08-11,35.11,35.73,34.29,35.32,617902
2016-08-12,35.46,35.67,35.17,35.48,286634
2016-08-15,34.91,35.84,34.91,35.44,492732
2016-08-16,35.22,35.72,35.04,35.32,463440
2016-08-17,35.39,35.45,34.83,34.97,139929
2016-08-18,34.93,35.61,34.75,35.15,224214
2016-08-19,35.06,35.59,34.9,35.43,203267
2016-08-22,35.19,35.8,35.14,35.59,252494
2016-08-23,35.73,36.54,35.73,36.36,208269
2016-08-24,36.34,36.5,35.66,35.78,172511
2016-08-25,35.81,36.71,35.63,36.31,167319
2016-08-26,35.91,36.49,35.72,36.15,239157
2016-08-29,36.09,36.51,35.99,36.48,171257
2016-08-30,36.54,36.89,36.07,36.39,210421
2016-08-31,36.39,36.77,36.05,36.7,230269
2016-09-01,36.53,36.97,36.31,36.91,261147
2016-09-02,37.0,37.6,36.96,37.57,168839
2016-09-06,37.49,38.64,37.49,38.31,358931
2016-09-07,37.98,37.98,36.66,36.86,460396
2016-09-08,36.9,37.43,36.56,37.28,278905
2016-09-09,36.77,37.29,36.12,36.14,177045
2016-09-12,36.12,36.7,35.73,36.58,454782
2016-09-13,36.26,36.85,35.78,35.88,422849
2016-09-14,36.05,36.77,35.76,36.08,282050
2016-09-15,35.91,37.08,35.91,36.92,206254
2016-09-16,36.95,37.11,36.67,36.98,705788
2016-09-19,37.6,38.32,37.11,37.76,346991
2016-09-20,37.7,38.08,37.25,37.27,156696
2016-09-21,37.51,38.08,37.42,38.0,241655
2016-09-22,38.36,38.36,37.71,38.14,294803
2016-09-23,38.12,38.2,37.47,37.75,638351
2016-09-26,37.42,37.91,37.4,37.65,566911
2016-09-27,37.73,38.15,37.64,38.01,352389
2016-09-28,38.15,38.72,38.06,38.54,704454
2016-09-29,38.43,38.51,37.63,37.69,209154
2016-09-30,37.7,38.53,37.44,38.32,439973
2016-10-03,38.0,38.47,37.77,37.96,296287
2016-10-04,37.8,38.11,37.62,37.67,268292
2016-10-05,37.64,37.75,36.81,37.08,322313
2016-10-06,37.0,37.26,36.79,36.85,227112
2016-10-07,36.89,37.15,36.52,36.83,261406
2016-10-10,36.84,37.78,36.72,37.69,170546
2016-10-11,37.73,37.73,35.91,36.29,231118
2016-10-12,36.15,36.27,35.76,35.82,199212
2016-10-13,35.62,35.77,35.02,35.24,362916
2016-10-14,35.47,35.84,35.33,35.55,269070
2016-10-17,35.33,35.75,35.33,35.48,171255
2016-10-18,36.32,36.32,35.25,35.29,179111
2016-10-19,35.43,35.55,35.2,35.29,131594
2016-10-20,35.3,35.41,34.78,35.21,170060
2016-10-21,35.12,36.39,34.4,36.25,360979
2016-10-24,36.34,37.22,36.34,37.2,178069
2016-10-25,37.14,37.31,36.68,36.91,200183
2016-10-26,37.0,37.17,36.54,36.7,203163
2016-10-27,37.02,37.08,35.87,36.09,142586
2016-10-28,36.11,36.8,36.07,36.16,126453
2016-10-31,36.29,36.59,35.96,36.45,292335
2016-11-01,36.39,36.52,35.1,35.4,271034
2016-11-02,35.16,35.16,32.81,33.04,650403
2016-11-03,32.73,33.28,32.05,32.38,626532
2016-11-04,32.5,32.96,32.0,32.04,709865
2016-11-07,32.78,35.12,32.51,34.36,1168346
2016-11-08,32.85,34.3,30.39,34.01,1642053
2016-11-09,33.49,35.2,32.54,34.99,489386
2016-11-10,34.76,35.6,33.75,34.44,668488
2016-11-11,34.35,35.94,34.26,35.72,413722
2016-11-14,35.62,35.77,31.74,32.66,1253257
2016-11-15,32.69,34.0,32.6,33.51,442771
2016-11-16,33.33,33.97,32.85,33.79,254952
2016-11-17,33.91,34.87,33.34,34.75,468695
2016-11-18,34.68,34.99,33.46,33.84,1237641
2016-11-21,33.76,34.49,33.53,33.75,730563
2016-11-22,34.0,34.0,32.63,32.71,729701
2016-11-23,32.59,32.84,32.16,32.38,587685
2016-11-25,32.12,32.34,31.62,32.17,270384
2016-11-28,31.9,31.9,30.89,30.92,572013
2016-11-29,31.11,31.62,30.82,31.04,407179
2016-11-30,31.28,32.25,31.23,31.71,801476
2016-12-01,31.6,31.77,29.24,29.61,879705
2016-12-02,29.4,30.18,28.8,30.11,711607
2016-12-05,30.18,30.68,30.0,30.34,351489
2016-12-06,30.44,30.44,29.56,30.09,258723
2016-12-07,30.13,30.17,29.73,29.85,533258
2016-12-08,29.54,31.03,28.51,30.58,720667
2016-12-09,30.44,30.97,30.06,30.27,251528
2016-12-12,30.47,30.47,29.92,30.22,226049
2016-12-13,30.42,31.3,30.3,31.14,414402
2016-12-14,30.97,31.26,29.11,29.45,1025835
2016-12-15,29.14,29.43,28.68,29.01,664122
2016-12-16,29.22,29.48,28.93,29.37,749091
2016-12-19,29.11,29.42,28.69,28.8,815948
2016-12-20,28.77,28.88,28.05,28.1,708782
2016-12-21,28.15,28.48,27.93,27.94,477061
2016-12-22,28.0,28.4,27.85,28.2,881411
2016-12-23,28.23,28.54,28.17,28.36,228536
2016-12-27,28.24,28.74,28.24,28.52,217526
2016-12-28,28.69,28.77,28.0,28.21,444903
2016-12-29,28.23,28.39,28.02,28.26,237273
2016-12-30,28.28,28.32,27.87,28.25,439460
2017-01-03,28.57,29.87,28.4,29.82,1104408
2017-01-04,29.82,30.55,29.61,30.5,821402
2017-01-05,30.31,30.76,30.0,30.55,494351
2017-01-06,30.76,30.8,30.14,30.55,512853
2017-01-09,30.55,31.45,30.42,31.17,696485
2017-01-10,31.33,31.46,30.56,31.17,264567
2017-01-11,31.17,31.35,31.0,31.22,238513
2017-01-12,31.05,31.24,30.01,31.11,288723
2017-01-13,31.28,32.0,30.97,31.93,348972
2017-01-17,31.54,31.87,31.14,31.3,379394
2017-01-18,31.46,32.23,31.39,32.23,370154
2017-01-19,32.28,32.76,32.0,32.65,555626
2017-01-20,32.73,33.02,32.3,32.65,373766
2017-01-23,32.58,32.84,32.18,32.82,233087
2017-01-24,33.08,33.68,32.64,33.3,364523
2017-01-25,40.05,40.1,35.73,36.85,4253046
2017-01-26,36.93,37.74,36.23,36.28,850495
2017-01-27,36.49,36.59,35.29,35.67,353956
2017-01-30,35.56,36.06,34.67,35.8,365528
2017-01-31,35.6,36.26,35.28,36.2,213968
2017-02-01,36.48,36.56,35.56,35.87,257498
2017-02-02,35.91,36.65,35.38,36.39,253159
2017-02-03,36.77,37.49,36.44,37.45,430404
2017-02-06,37.0,37.47,36.8,36.97,477711
2017-02-07,37.0,37.56,36.87,36.95,454272
2017-02-08,37.6,38.61,35.17,35.79,1296881
2017-02-09,35.65,36.59,35.0,36.23,1064429
2017-02-10,35.82,36.56,35.82,36.0,780836
2017-02-13,36.0,36.11,35.54,35.57,567253
2017-02-14,35.68,35.91,34.57,35.0,518540
2017-02-15,34.72,35.32,34.61,35.11,578350
2017-02-16,35.18,35.23,34.49,34.61,540166
2017-02-17,35.09,35.65,34.5,35.53,523660
2017-02-21,35.72,35.99,35.24,35.57,457753
2017-02-22,35.25,35.68,34.48,34.5,309780
2017-02-23,34.5,34.79,33.75,33.98,564467
2017-02-24,33.54,34.12,33.1,34.06,487019
2017-02-27,34.06,34.53,33.64,34.45,380007
2017-02-28,35.31,35.5,34.75,35.18,560014
2017-03-01,35.52,36.55,35.35,36.52,699801
2017-03-02,36.2,36.26,35.79,36.11,534874
2017-03-03,36.04,37.24,35.99,37.18,567152
2017-03-06,36.82,37.21,36.8,37.02,644646
2017-03-07,35.89,36.75,35.63,36.63,285692
2017-03-08,36.71,37.16,36.69,37.12,357361
2017-03-09,36.96,37.33,36.28,36.76,1154405
2017-03-10,37.15,37.15,36.45,36.63,195195
2017-03-13,36.65,37.23,36.44,37.17,208855
2017-03-14,37.04,37.08,36.57,37.02,124328
2017-03-15,37.06,37.48,36.9,37.37,185093
2017-03-16,37.46,37.46,36.8,36.82,466684
2017-03-17,36.96,37.31,36.48,36.51,494383
2017-03-20,36.5,37.29,36.5,36.96,253604
2017-03-21,37.1,37.1,35.2,35.24,353495
2017-03-22,35.2,35.3,34.61,35.02,178349
2017-03-23,35.07,36.04,34.9,36.0,378377
2017-03-24,36.12,36.67,36.09,36.44,263396
2017-03-27,35.88,37.03,35.61,36.81,329343
2017-03-28,36.81,37.36,36.73,37.06,354926
2017-03-29,36.98,37.08,36.6,36.73,213907
2017-03-30,36.83,37.16,36.64,37.12,182307
2017-03-31,36.98,37.43,36.68,37.07,425464
2017-04-03,36.96,37.37,36.76,36.95,194953
2017-04-04,36.72,37.17,36.72,37.06,146431
2017-04-05,38.25,39.43,37.45,38.98,2097926
2017-04-06,39.13,39.7,38.61,39.52,606914
2017-04-07,39.23,39.84,38.95,39.28,433500
2017-04-10,39.16,39.52,38.9,38.97,325263
2017-04-11,38.8,39.0,38.36,38.84,236976
2017-04-12,38.92,39.09,38.74,38.9,162063
2017-04-13,38.56,38.89,37.31,38.34,437538
2017-04-17,38.3,38.92,38.19,38.86,176472
2017-04-18,38.71,39.37,38.71,39.3,409307
2017-04-19,39.5,40.09,39.41,39.47,326175
2017-04-20,39.86,39.89,39.14,39.69,160261
2017-04-21,39.7,39.85,39.38,39.41,193390
2017-04-24,40.0,40.0,39.0,39.14,237591
2017-04-25,39.49,40.13,39.47,39.52,431141
2017-04-26,39.54,40.06,39.39,39.87,272994
2017-04-27,40.0,40.7,39.8,40.44,357862
2017-04-28,40.44,40.44,39.19,39.98,225261
2017-05-01,40.02,40.5,39.72,40.48,165602
2017-05-02,40.71,40.78,40.32,40.69,142328
2017-05-03,40.5,40.99,40.16,40.48,246300
2017-05-04,40.72,41.46,40.34,41.07,155834
2017-05-05,40.82,41.41,40.43,41.4,276613
2017-05-08,41.44,41.89,40.55,40.63,370778
2017-05-09,40.42,41.79,40.42,41.29,733749
2017-05-10,41.7,44.49,41.35,43.46,1185615
2017-05-11,43.61,43.78,42.76,43.04,483276
2017-05-12,42.85,43.97,42.7,43.54,351684
2017-05-15,43.5,44.6,43.34,44.58,347197
2017-05-16,44.93,44.94,43.7,44.25,511927
2017-05-17,43.52,43.93,41.34,41.52,616797
2017-05-18,41.05,41.85,40.6,41.69,454141
2017-05-19,41.95,42.97,41.95,42.76,299396
2017-05-22,42.76,43.48,42.7,43.38,255080
2017-05-23,43.43,43.7,42.96,43.31,168784
2017-05-24,43.31,43.55,42.94,43.4,362528
2017-05-25,44.03,44.95,43.61,44.0,538651
2017-05-26,44.27,45.32,44.27,44.6,781488
2017-05-30,44.56,45.18,44.4,44.6,549992
2017-05-31,44.6,44.61,42.06,43.67,891689
2017-06-01,43.65,44.24,43.06,43.74,451354
2017-06-02,43.68,44.46,43.5,44.19,480569
2017-06-05,44.13,44.49,44.1,44.3,273777
2017-06-06,44.23,44.48,44.04,44.12,191023
2017-06-07,43.93,44.03,42.34,42.76,681328
2017-06-08,42.92,43.3,42.67,43.26,320994
2017-06-09,43.25,43.66,40.2,41.27,740763
2017-06-12,40.66,41.63,39.11,41.59,727190
2017-06-13,42.08,43.66,41.93,41.94,525950
2017-06-14,42.11,42.52,41.19,41.58,527579
2017-06-15,40.8,41.21,40.07,40.93,478882
2017-06-16,40.82,41.86,40.69,41.09,591219
2017-06-19,41.7,44.34,41.55,43.49,633507
2017-06-20,43.44,43.84,43.13,43.17,521768
2017-06-21,43.28,43.84,43.0,43.21,247706
2017-06-22,43.2,43.44,42.17,43.13,571045
2017-06-23,43.17,43.76,42.49,43.59,1122352
2017-06-26,43.68,44.0,42.62,43.17,234324
2017-06-27,42.9,43.42,42.32,42.43,268062
2017-06-28,42.85,43.45,41.91,43.36,256978
2017-06-29,43.21,43.23,41.8,42.9,491882
2017-06-30,43.06,43.59,42.84,43.01,248394
2017-07-03,43.12,43.28,42.48,43.1,218489
2017-07-05,43.26,43.58,43.08,43.53,211042
2017-07-06,43.09,43.55,42.87,43.35,260321
2017-07-07,43.54,44.79,43.46,44.6,454632
2017-07-10,44.48,45.24,44.25,44.98,551403
2017-07-11,44.99,46.53,44.84,46.28,509382
2017-07-12,46.68,47.79,45.91,47.38,824165
2017-07-13,47.56,47.56,45.66,46.15,445583
2017-07-14,46.32,47.8,46.0,47.7,948467
2017-07-17,47.7,48.46,47.38,48.28,572733
2017-07-18,48.14,48.62,47.63,48.34,1114923
2017-07-19,48.53,49.19,48.4,48.8,439092
2017-07-20,47.96,48.17,46.2,47.7,982270
2017-07-21,47.69,47.8,46.83,47.08,381760
2017-07-24,47.35,47.87,47.04,47.48,279116
2017-07-25,47.62,48.55,47.5,48.2,493545
2017-07-26,48.52,48.99,47.81,48.15,320146
2017-07-27,48.39,48.99,46.73,47.73,861563
2017-07-28,47.47,48.21,47.04,47.53,447932
2017-07-31,,,46.67,46.96,370555
2017-08-01,47.03,47.69,46.91,47.09,346736
