Date,Open,High,Low,Close,Volume
2015-04-29,15.08,15.11,15.04,15.11,6239
2015-04-30,15.11,15.11,14.97,14.97,38861
2015-05-01,15.07,15.15,15.02,15.14,8756
2015-05-04,15.22,15.29,15.15,15.18,17033
2015-05-05,15.17,15.19,14.94,14.96,80343
2015-05-06,14.95,14.95,14.81,14.85,10001
2015-05-07,14.81,14.92,14.81,14.89,4516
2015-05-08,15.65,15.65,15.03,15.1,2933
2015-05-11,15.1,15.1,15.04,15.05,3492
2015-05-12,15.14,15.14,14.93,14.95,2195
2015-05-13,14.9,14.91,14.9,14.9,766
2015-05-14,14.87,15.01,14.87,14.95,3116
2015-05-15,15.01,15.01,15.01,15.01,297
2015-05-19,15.05,15.09,15.05,15.09,1409
2015-05-20,15.08,15.1,15.08,15.1,850
2015-05-21,15.16,15.17,15.11,15.12,4513
2015-05-22,15.1,15.15,15.1,15.15,3200
2015-05-26,15.17,15.17,14.93,14.94,6345
2015-05-27,15.0,15.08,15.0,15.08,2350
2015-05-28,15.01,15.03,15.01,15.03,1557
2015-05-29,15.11,15.11,14.95,14.95,2368
2015-06-01,15.05,15.06,14.94,15.06,4400
2015-06-03,15.17,15.17,15.1,15.1,497
2015-06-04,14.99,14.99,14.91,14.97,2947
2015-06-05,14.9,14.9,14.9,14.9,200
2015-06-08,14.95,14.95,14.82,14.85,2575
2015-06-09,14.88,14.88,14.76,14.76,3989
2015-06-10,14.87,14.91,14.87,14.91,432
2015-06-11,14.98,14.98,14.91,14.91,261
2015-06-12,14.9,14.9,14.9,14.9,167
2015-06-15,14.66,14.66,14.66,14.66,100
2015-06-16,14.69,14.69,14.69,14.69,352
2015-06-17,14.78,14.78,14.78,14.78,300
2015-06-18,14.97,15.0,14.92,15.0,1516
2015-06-22,15.0,15.0,15.0,15.0,669
2015-06-24,14.92,14.92,14.88,14.88,751
2015-06-25,14.94,14.94,14.8,14.81,3830
2015-06-26,14.7,14.7,14.68,14.68,203
2015-06-29,14.41,14.45,14.41,14.45,220
2015-06-30,14.43,14.43,14.39,14.4,66404
2015-07-02,14.41,14.41,14.41,14.41,1000
2015-07-06,14.31,14.37,14.26,14.37,1057
2015-07-07,14.25,14.25,14.15,14.21,66384
2015-07-08,14.2,14.2,14.2,14.2,201
2015-07-10,14.34,14.34,14.33,14.33,400
2015-07-13,14.56,14.56,14.45,14.45,2044
2015-07-15,14.63,14.63,14.58,14.58,375
2015-07-17,14.65,14.65,14.6,14.6,407
2015-07-20,14.55,14.58,14.55,14.58,442
2015-07-22,14.47,14.47,14.47,14.47,320
2015-07-23,14.35,14.35,14.35,14.35,4319
2015-07-27,14.18,14.18,14.18,14.18,100
2015-07-28,14.18,14.18,14.18,14.18,33000
2015-07-30,14.43,14.51,14.43,14.51,250
2015-07-31,14.52,14.52,14.52,14.52,720
2015-08-04,14.47,14.47,14.47,14.47,100
2015-08-05,14.39,14.39,14.39,14.39,200
2015-08-11,14.22,14.22,14.22,14.22,1400
2015-08-12,13.94,13.94,13.94,13.94,200
2015-08-14,14.09,14.13,14.09,14.13,1900
2015-08-18,14.24,14.24,14.24,14.24,185
2015-08-19,14.04,14.04,14.04,14.04,215
2015-08-20,13.85,13.85,13.74,13.74,5677
2015-08-21,13.53,13.53,13.25,13.25,2205
2015-08-24,12.81,13.0,10.77,12.75,4751
2015-08-25,12.96,12.96,12.75,12.75,5938
2015-08-26,12.56,12.56,12.56,12.56,528
2015-08-27,12.94,13.22,12.94,13.2,12787
2015-08-31,13.15,13.18,13.1,13.15,80251
2015-09-02,12.78,13.04,12.76,13.04,4400
2015-09-03,13.17,13.17,13.17,13.17,381
2015-09-16,13.04,13.04,13.04,13.04,305
2015-09-28,12.51,12.51,12.1,12.16,6330
2015-09-29,12.08,12.08,12.08,12.08,102
2015-10-01,12.36,12.48,12.36,12.48,291
2015-10-05,12.87,12.92,12.87,12.92,646
2015-10-07,12.96,12.96,12.94,12.94,400
2015-10-08,12.91,12.91,12.91,12.91,101
2015-10-12,13.05,13.05,13.05,13.05,351
2015-10-13,13.05,13.05,13.05,13.05,1000
2015-10-14,12.88,12.97,12.88,12.96,6450
2015-10-15,12.94,12.94,12.94,12.94,1000
2015-10-19,13.23,13.23,13.23,13.23,180
2015-10-20,13.12,13.12,13.12,13.12,2000
2015-10-22,13.14,13.14,13.14,13.14,195
2015-10-26,13.44,13.44,13.4,13.4,1300
2015-11-03,13.75,13.75,13.75,13.75,416
2015-11-06,13.36,13.37,13.36,13.37,1250
2015-12-02,13.4,13.4,13.37,13.37,1440
2015-12-03,13.37,13.37,13.37,13.37,1200
2015-12-11,12.85,12.85,12.77,12.77,1502
2015-12-15,12.73,12.91,12.73,12.9,2410
2015-12-16,13.0,13.0,13.0,13.0,1000
2015-12-17,12.87,12.87,12.82,12.87,800
2015-12-18,12.64,12.64,12.64,12.64,963
2015-12-21,12.62,12.62,12.62,12.62,492
2015-12-23,13.01,13.01,13.01,13.01,1276
2015-12-28,12.86,12.86,12.86,12.86,686
2015-12-29,12.87,12.87,12.86,12.86,4800
2015-12-30,12.9,12.9,12.9,12.9,775
2015-12-31,12.79,12.81,12.78,12.78,8950
2016-01-06,12.39,12.4,12.39,12.4,1997
2016-01-07,12.15,12.15,12.15,12.15,252
2016-01-08,11.98,11.98,11.9,11.9,2293
2016-01-11,11.67,11.67,11.64,11.64,9436
2016-01-13,11.72,11.72,11.69,11.69,651
2016-01-15,11.5,11.5,11.44,11.44,851
2016-01-20,11.04,11.04,11.04,11.04,200
2016-01-26,11.58,11.58,11.58,11.58,404
2016-01-27,11.69,11.69,11.41,11.41,540
2016-02-04,11.75,11.75,11.75,11.75,1100
2016-02-08,11.18,11.18,11.11,11.17,1450
2016-02-11,11.08,11.08,11.07,11.08,648
2016-02-25,11.8,11.85,11.78,11.85,730
2016-02-26,12.06,12.06,12.06,12.06,197
2016-03-01,12.08,12.24,12.07,12.24,1120
2016-03-04,12.5,12.5,12.5,12.5,163
2016-03-07,12.56,12.56,12.56,12.56,3370
2016-03-08,12.31,12.31,12.31,12.31,191
2016-03-15,12.49,12.49,12.49,12.49,391
2016-03-18,12.95,12.95,12.89,12.89,662
2016-03-21,12.83,12.87,12.83,12.87,672
2016-03-22,12.89,12.91,12.89,12.91,700
2016-03-29,12.6,12.6,12.6,12.6,500
2016-04-22,13.16,13.17,13.16,13.17,1819
2016-04-25,13.14,13.14,13.05,13.08,3322
2016-04-26,13.1,13.14,13.1,13.1,3300
2016-05-02,13.1,13.1,13.1,13.1,1676
2016-05-04,12.99,12.99,12.99,12.99,220
2016-05-09,12.81,12.83,12.81,12.83,448
2016-05-10,12.56,12.95,12.13,12.95,10726
2016-05-16,12.87,12.87,12.87,12.87,584
2016-05-31,12.96,12.96,12.96,12.96,275
2016-06-06,13.22,13.22,13.22,13.22,240
2016-06-23,13.21,13.21,13.21,13.21,141
2016-07-01,13.0,13.0,13.0,13.0,134
2016-07-05,12.7,12.7,12.7,12.7,103
2016-07-06,12.78,12.78,12.78,12.78,451
2016-07-07,12.82,12.84,12.82,12.82,400
2016-07-13,13.33,13.37,13.33,13.35,1120
2016-07-19,13.5,13.5,13.5,13.5,200
2016-07-27,13.59,13.63,13.56,13.63,1685
2016-08-01,13.55,13.55,13.55,13.55,361
2016-08-04,13.59,13.59,13.53,13.53,312
2016-08-08,13.61,13.61,13.61,13.61,368
2016-08-11,13.74,13.74,13.74,13.74,128
2016-08-22,13.79,13.79,13.79,13.79,105
2016-08-25,13.73,13.73,13.73,13.73,1230
2016-08-31,13.69,13.69,13.69,13.69,1200
2016-09-06,13.85,13.85,13.8,13.8,208
2016-09-09,13.55,13.55,13.51,13.51,1307
2016-09-12,13.49,13.49,13.49,13.49,200
2016-09-19,13.49,13.51,13.49,13.51,1300
2016-10-03,13.61,13.61,13.61,13.61,400
2016-10-06,13.62,13.62,13.62,13.62,206
2016-10-07,13.71,13.71,13.59,13.59,767
2016-10-11,13.52,13.52,13.47,13.47,320
2016-10-14,13.4,13.4,13.28,13.28,1211
2016-10-17,13.27,13.27,13.27,13.27,300
2016-10-19,13.45,13.45,13.45,13.45,310
2016-10-21,13.51,13.51,13.5,13.5,700
2016-10-24,13.54,13.54,13.54,13.54,385
2016-11-02,13.15,13.17,13.15,13.17,300
2016-11-03,13.12,13.18,13.12,13.13,308
2016-11-09,13.24,13.58,13.24,13.58,5100
2016-11-15,13.58,13.58,13.58,13.58,130
2016-11-16,13.75,13.75,13.75,13.75,304
2016-11-17,13.83,13.84,13.83,13.84,500
2016-11-21,13.96,13.96,13.96,13.96,330
2016-11-25,14.16,14.16,14.16,14.16,200
2016-11-29,14.0,14.0,14.0,14.0,405
2016-12-01,14.02,14.02,14.02,14.02,201
2016-12-02,14.02,14.13,14.02,14.13,548
2016-12-05,14.25,14.25,14.24,14.24,201
2016-12-06,14.24,14.24,14.24,14.24,400
2016-12-07,14.35,14.46,14.35,14.39,2597
2016-12-08,14.56,14.56,14.56,14.56,202
2016-12-09,14.54,14.55,14.54,14.55,349
2016-12-12,14.55,14.55,14.55,14.55,100
2016-12-13,14.48,14.53,14.48,14.53,600
2016-12-14,14.43,14.52,14.32,14.32,404
2016-12-15,14.42,14.42,14.35,14.35,852
2016-12-16,14.42,14.42,14.34,14.38,400
2016-12-22,14.44,14.45,14.39,14.39,957
2016-12-23,14.36,14.45,14.36,14.45,1963
2016-12-27,14.59,14.59,14.59,14.59,345
2016-12-29,14.28,14.28,14.17,14.17,972
2016-12-30,14.24,14.24,14.24,14.24,245
2017-01-04,14.48,14.48,14.48,14.48,241
2017-01-05,14.46,14.49,14.46,14.49,314
2017-01-06,14.48,14.56,14.48,14.56,490
2017-01-09,14.47,14.47,14.47,14.47,224
2017-01-11,14.44,14.44,14.44,14.44,301
2017-01-12,14.42,14.42,14.42,14.42,365
2017-01-13,14.47,14.47,14.47,14.47,136
2017-01-17,14.37,14.37,14.37,14.37,270
2017-01-18,14.43,14.43,14.42,14.42,200
2017-01-20,14.42,14.42,14.4,14.4,200
2017-01-23,,,,14.4,0
2017-01-24,,,,14.4,0
2017-01-25,14.68,14.68,14.65,14.65,2811
2017-01-26,14.76,14.76,14.76,14.76,298
2017-01-27,,,,14.76,0
2017-01-30,,,,14.76,0
2017-01-31,14.48,14.48,14.48,14.48,103
2017-02-01,14.51,14.52,14.51,14.52,600
2017-02-02,14.57,14.57,14.57,14.57,309
2017-02-03,,,,14.57,0
2017-02-06,,,,14.57,0
2017-02-07,,,,14.57,0
2017-02-08,,,,14.57,0
2017-02-09,14.58,14.71,14.58,14.71,713
2017-02-10,,,,14.71,0
2017-02-13,,,,14.71,0
2017-02-14,14.9,14.9,14.9,14.9,300
2017-02-15,,,,14.9,0
2017-02-16,15.0,15.0,14.86,14.91,1511
2017-02-17,14.86,14.86,14.86,14.86,207
2017-02-21,,,,14.86,0
2017-02-22,14.85,14.99,14.85,14.99,1542
2017-02-23,,,,14.99,0
2017-02-24,14.85,14.86,14.83,14.83,1412
2017-02-27,,,,14.83,0
2017-02-28,14.86,14.86,14.86,14.86,175
2017-03-01,15.01,15.01,15.01,15.01,300
2017-03-02,14.9,14.9,14.9,14.9,279
2017-03-03,14.72,14.72,14.72,14.72,618
2017-03-06,,,,14.72,0
2017-03-07,,,,14.72,0
2017-03-08,14.62,14.62,14.58,14.58,273
2017-03-09,14.57,14.57,14.57,14.57,375
2017-03-10,14.65,14.65,14.63,14.63,900
2017-03-13,14.66,14.66,14.66,14.66,156
2017-03-14,,,,14.66,0
2017-03-15,,,,14.66,0
2017-03-16,14.76,14.76,14.74,14.76,995
2017-03-17,14.87,14.87,14.78,14.78,1594
2017-03-20,,,,14.78,0
2017-03-21,,,,14.78,0
2017-03-22,,,,14.78,0
2017-03-23,,,,14.78,0
2017-03-24,,,,14.78,0
2017-03-27,14.41,14.41,14.41,14.41,207
2017-03-28,,,,14.41,0
2017-03-29,14.68,14.68,14.62,14.64,2576
2017-03-30,,,,14.64,0
2017-03-31,,,,14.64,0
2017-04-03,14.7,14.75,14.7,14.75,1885
2017-04-04,,,,14.75,0
2017-04-05,,,,14.75,0
2017-04-06,,,,14.75,0
2017-04-07,,,,14.75,0
2017-04-10,,,,14.75,0
2017-04-11,14.53,14.55,14.53,14.54,2804
2017-04-12,14.51,14.51,14.51,14.51,826
2017-04-13,14.5,14.5,14.4,14.4,882
2017-04-17,14.41,14.41,14.41,14.41,902
2017-04-18,,,,14.41,0
2017-04-19,,,,14.41,0
2017-04-20,14.65,14.65,14.65,14.65,1000
2017-04-21,,,,14.65,0
2017-04-24,14.75,14.79,14.75,14.77,775
2017-04-25,,,,14.77,0
2017-04-26,,,,14.77,0
2017-04-27,,,,14.77,0
2017-04-28,,,,14.77,0
2017-05-01,15.01,15.01,15.01,15.01,203
2017-05-02,,,,15.01,0
2017-05-03,,,,15.01,0
2017-05-04,,,,15.01,0
2017-05-05,15.02,15.02,15.02,15.02,2764
2017-05-08,15.12,15.12,15.08,15.1,1879
2017-05-09,,,,15.1,0
2017-05-10,,,,15.1,0
2017-05-11,15.12,15.12,15.12,15.12,636
2017-05-12,15.21,15.21,15.09,15.09,811
2017-05-15,15.19,15.21,15.19,15.19,3277
2017-05-16,,,,15.19,0
2017-05-17,,,,15.19,0
2017-05-18,14.72,14.81,14.7,14.81,4699
2017-05-19,14.84,14.84,14.84,14.84,463
2017-05-22,,,,14.84,0
2017-05-23,,,,14.84,0
2017-05-24,,,,14.84,0
2017-05-25,,,,14.84,0
2017-05-26,15.17,15.17,15.17,15.17,327
2017-05-30,15.04,15.06,15.04,15.04,10895
2017-05-31,15.0,15.14,15.0,15.14,704
2017-06-01,15.27,15.27,15.27,15.27,1025
2017-06-02,15.26,15.26,15.26,15.26,2002
2017-06-05,15.2,15.2,15.2,15.2,282
2017-06-06,15.24,15.24,15.22,15.22,1827
2017-06-07,,,,15.22,0
2017-06-08,15.25,15.26,15.25,15.26,882
2017-06-09,15.36,15.41,15.36,15.41,314
2017-06-12,,,,15.41,0
2017-06-13,15.3,15.34,15.3,15.34,1175
2017-06-14,15.25,15.25,15.25,15.25,206
2017-06-15,,,,15.25,0
2017-06-16,,,,15.25,0
2017-06-19,15.37,15.45,15.35,15.44,3366
2017-06-20,15.16,15.16,15.16,15.16,263
2017-06-21,,,,15.16,0
2017-06-22,,,,15.16,0
2017-06-23,,,,15.16,0
2017-06-26,15.21,15.21,15.2,15.2,1406
2017-06-27,15.15,15.15,15.09,15.09,1004
2017-06-28,,,,15.09,0
2017-06-29,15.11,15.11,15.11,15.11,1528
2017-06-30,,,,15.11,0
2017-07-03,15.28,15.28,15.24,15.24,1458
2017-07-05,15.19,15.19,15.19,15.19,177
2017-07-06,,,,15.19,0
2017-07-07,15.02,15.08,15.02,15.08,626
2017-07-10,,,,15.08,0
2017-07-11,,,,15.08,0
2017-07-12,,,,15.08,0
2017-07-13,,,,15.08,0
2017-07-14,,,,15.08,0
2017-07-17,15.14,15.44,15.14,15.41,535
2017-07-18,15.39,15.39,15.39,15.39,105
2017-07-19,,,,15.39,0
2017-07-20,,,,15.39,0
2017-07-21,,,,15.39,0
2017-07-24,,,,15.39,0
2017-07-25,,,,15.39,0
2017-07-26,,,,15.39,0
2017-07-27,15.38,15.38,15.38,15.38,524
2017-07-28,15.34,15.34,15.34,15.34,306
2017-07-31,,,,15.34,0
2017-08-01,,,,15.34,0
