Date,Open,High,Low,Close,Volume
2016-06-10,19.5,20.84,18.84,18.98,1573940
2016-06-13,18.84,21.26,18.06,21.26,185071
2016-06-14,20.88,21.8,20.0,21.75,175607
2016-06-15,21.1,22.27,21.04,21.55,79208
2016-06-16,21.05,21.34,20.0,20.0,94594
2016-06-17,20.15,20.79,20.02,20.26,26383
2016-06-20,21.25,21.25,20.26,20.5,50720
2016-06-21,20.89,24.12,20.54,23.3,92462
2016-06-22,23.5,24.0,22.59,23.12,101315
2016-06-23,23.45,23.8,22.5,22.84,68553
2016-06-24,22.5,22.5,20.0,20.92,87711
2016-06-27,20.3,20.75,19.32,19.48,67530
2016-06-28,20.05,20.46,19.51,20.1,84676
2016-06-29,19.98,20.24,19.25,19.9,37751
2016-06-30,19.96,20.06,19.62,19.83,15966
2016-07-01,19.7,20.52,19.7,20.34,10533
2016-07-05,20.42,20.91,19.75,19.97,13014
2016-07-06,20.0,20.26,19.52,19.75,25676
2016-07-07,19.85,19.93,19.53,19.68,13126
2016-07-08,19.73,20.0,19.57,19.66,12701
2016-07-11,19.97,20.74,19.82,20.04,22963
2016-07-12,19.76,20.82,19.65,20.41,34892
2016-07-13,20.3,20.44,19.5,19.86,33405
2016-07-14,19.86,20.29,19.63,19.84,10337
2016-07-15,19.7,20.25,19.66,20.0,18096
2016-07-18,19.97,20.3,19.69,19.77,24156
2016-07-19,19.94,19.94,19.0,19.37,26406
2016-07-20,19.35,19.8,19.0,19.72,30983
2016-07-21,19.5,20.15,19.31,19.99,12679
2016-07-22,19.69,20.03,19.67,20.0,16078
2016-07-25,20.06,20.1,19.7,19.99,18395
2016-07-26,20.07,20.12,19.95,19.99,24901
2016-07-27,20.07,20.5,19.85,20.2,28146
2016-07-28,20.13,20.9,20.13,20.79,44746
2016-07-29,20.7,20.7,19.5,20.09,75892
2016-08-01,20.31,20.43,19.76,20.18,35532
2016-08-02,20.2,20.4,19.7,19.79,50119
2016-08-03,19.86,20.88,19.56,20.85,37200
2016-08-04,20.86,22.94,20.18,21.97,83749
2016-08-05,21.99,23.99,21.74,23.95,65077
2016-08-08,23.98,25.24,23.29,23.46,70226
2016-08-09,23.53,23.99,23.3,23.3,16838
2016-08-10,23.42,24.51,22.99,23.08,23061
2016-08-11,23.13,23.32,22.8,22.89,7298
2016-08-12,22.51,23.24,22.51,22.65,17655
2016-08-15,22.65,23.22,21.12,21.6,27424
2016-08-16,21.88,22.0,21.3,21.77,15449
2016-08-17,22.0,22.48,21.5,21.99,161502
2016-08-18,21.99,22.0,21.2,21.43,40571
2016-08-19,21.89,21.96,21.52,21.78,9990
2016-08-22,21.6,22.5,21.6,21.99,48640
2016-08-23,22.0,22.55,21.65,21.8,21552
2016-08-24,21.71,21.71,21.0,21.08,15725
2016-08-25,21.21,21.41,21.15,21.41,1881
2016-08-26,21.65,21.65,20.08,20.08,19756
2016-08-29,20.19,20.8,20.03,20.06,13690
2016-08-30,20.1,21.1,20.1,20.87,62580
2016-08-31,20.8,20.96,20.3,20.33,85202
2016-09-01,20.12,20.42,20.12,20.12,10927
2016-09-02,20.11,21.28,20.06,20.52,53444
2016-09-06,20.98,22.0,20.82,21.38,44505
2016-09-07,21.76,22.0,21.68,21.95,13018
2016-09-08,22.0,22.0,21.69,21.9,8976
2016-09-09,21.99,22.5,21.55,21.59,144509
2016-09-12,21.79,21.79,21.14,21.45,3204
2016-09-13,21.51,22.0,21.51,21.99,8822
2016-09-14,21.75,21.99,21.75,21.84,10050
2016-09-15,21.87,22.0,21.8,21.99,5877
2016-09-16,22.0,22.34,21.81,22.34,11724
2016-09-19,22.13,22.95,22.06,22.2,55929
2016-09-20,22.0,22.86,21.6,22.0,50130
2016-09-21,21.99,22.0,21.47,21.59,26383
2016-09-22,21.94,22.42,21.62,21.97,42930
2016-09-23,22.0,22.0,21.42,21.5,9560
2016-09-26,21.8,21.8,21.5,21.5,15850
2016-09-27,21.54,21.96,21.0,21.06,8490
2016-09-28,21.07,21.35,20.68,20.93,8314
2016-09-29,20.91,21.19,20.9,20.99,3745
2016-09-30,21.08,21.27,20.9,20.9,13114
2016-10-03,20.98,21.15,20.9,20.9,1968
2016-10-04,21.0,21.8,21.0,21.69,3452
2016-10-05,21.69,21.69,21.05,21.26,1807
2016-10-06,21.25,21.28,20.6,20.7,6906
2016-10-07,20.72,20.72,20.0,20.04,6595
2016-10-10,20.03,20.6,20.03,20.15,9187
2016-10-11,20.12,20.13,19.2,19.55,9747
2016-10-12,19.58,19.79,19.38,19.74,4623
2016-10-13,19.9,19.9,19.9,19.9,702
2016-10-14,19.93,20.02,19.73,19.76,2394
2016-10-17,19.79,19.81,19.2,19.47,5477
2016-10-18,19.53,19.55,19.01,19.29,3191
2016-10-19,19.11,19.46,19.11,19.17,2603
2016-10-20,19.03,19.11,18.6,18.6,6941
2016-10-21,18.61,19.5,18.61,18.91,12934
2016-10-24,19.0,19.0,18.83,19.0,8850
2016-10-25,18.96,19.0,18.19,18.27,20180
2016-10-26,18.12,18.35,18.0,18.0,6889
2016-10-27,18.03,18.3,18.0,18.0,10165
2016-10-28,18.16,18.25,17.53,17.86,8810
2016-10-31,17.83,17.83,17.32,17.32,3007
2016-11-01,17.48,17.49,16.32,16.32,8566
2016-11-02,16.34,16.84,16.1,16.18,10080
2016-11-03,16.2,16.32,15.57,15.75,17371
2016-11-04,15.98,16.2,15.92,16.04,9140
2016-11-07,16.42,16.6,16.3,16.3,5478
2016-11-08,16.36,16.36,15.87,16.2,1797
2016-11-09,15.73,15.88,15.0,15.04,13453
2016-11-10,15.16,15.2,14.05,14.05,8685
2016-11-11,14.61,14.61,12.45,12.65,31107
2016-11-14,12.99,14.19,12.99,13.54,16819
2016-11-15,13.75,13.93,13.1,13.33,27475
2016-11-16,13.51,14.6,13.45,13.59,53820
2016-11-17,14.29,15.5,13.81,15.11,58579
2016-11-18,15.39,17.28,14.3,14.68,82433
2016-11-21,15.0,15.48,13.16,13.55,29250
2016-11-22,13.45,13.9,13.45,13.57,14914
2016-11-23,13.44,13.9,13.44,13.59,6379
2016-11-25,13.93,14.05,13.62,13.63,5348
2016-11-28,14.0,14.0,13.5,13.53,12435
2016-11-29,13.47,13.91,13.47,13.91,12715
2016-11-30,13.71,13.98,13.61,13.71,3941
2016-12-01,13.77,13.88,13.4,13.44,24450
2016-12-02,13.41,14.6,13.24,14.46,32702
2016-12-05,14.55,14.78,14.08,14.62,25085
2016-12-06,15.02,15.45,14.84,15.1,10584
2016-12-07,15.7,15.7,15.19,15.25,2596
2016-12-08,15.33,15.9,15.33,15.87,8209
2016-12-09,15.93,15.93,15.21,15.43,5951
2016-12-12,14.92,15.09,14.6,14.62,8964
2016-12-13,14.52,14.52,14.0,14.45,10780
2016-12-14,14.5,15.0,14.22,14.35,10535
2016-12-15,14.51,14.51,14.11,14.16,11110
2016-12-16,14.0,14.28,13.83,14.05,4219
2016-12-19,14.07,14.49,14.07,14.08,2496
2016-12-20,14.28,14.28,13.85,13.87,13543
2016-12-21,13.87,14.05,13.62,13.62,12070
2016-12-22,13.77,13.97,13.5,13.76,10004
2016-12-23,13.75,13.75,13.54,13.58,10038
2016-12-27,13.58,13.82,13.58,13.69,4505
2016-12-28,13.59,13.59,13.26,13.55,10369
2016-12-29,13.49,13.56,13.0,13.0,16124
2016-12-30,13.26,15.99,13.01,15.55,77439
2017-01-03,15.26,15.26,14.7,14.82,15501
2017-01-04,14.97,14.97,14.62,14.63,3157
2017-01-05,14.65,14.79,14.65,14.71,4228
2017-01-06,14.72,14.72,14.5,14.51,34743
2017-01-09,14.47,14.6,14.4,14.5,7869
2017-01-10,14.6,14.71,14.5,14.53,7447
2017-01-11,14.75,14.75,14.57,14.57,398
2017-01-12,14.61,14.61,14.61,14.61,184
2017-01-13,14.7,15.23,14.7,14.8,4093
2017-01-17,14.95,14.95,14.46,14.58,4030
2017-01-18,14.63,14.8,14.31,14.48,14219
2017-01-19,14.49,14.65,14.32,14.54,8398
2017-01-20,14.55,14.55,14.46,14.46,2846
2017-01-23,14.7,14.7,14.3,14.49,10243
2017-01-24,14.5,14.8,14.5,14.66,12330
2017-01-25,14.66,14.66,14.52,14.52,7354
2017-01-26,,,,14.52,0
2017-01-27,,,,14.52,0
2017-01-30,14.67,14.67,14.66,14.66,218
2017-01-31,,,,14.66,0
2017-02-01,14.56,14.57,14.5,14.51,6388
2017-02-02,14.5,14.66,14.36,14.38,15415
2017-02-03,14.31,14.34,14.13,14.13,1082
2017-02-06,14.25,14.35,14.2,14.22,5226
2017-02-07,14.25,14.59,14.15,14.15,4564
2017-02-08,14.29,14.65,14.16,14.3,24015
2017-02-09,14.47,15.16,14.24,14.4,13874
2017-02-10,14.37,14.37,14.03,14.15,22443
2017-02-13,14.03,14.4,13.9,13.99,58807
2017-02-14,14.22,14.58,13.9,13.9,19521
2017-02-15,14.0,14.23,13.8,13.85,36859
2017-02-16,13.8,13.8,13.66,13.8,10958
2017-02-17,13.8,13.82,13.66,13.74,25433
2017-02-21,13.8,13.82,13.7,13.71,19351
2017-02-22,13.81,13.89,13.7,13.7,9860
2017-02-23,13.9,13.9,13.62,13.68,42864
2017-02-24,13.6,13.8,13.5,13.51,42752
2017-02-27,13.5,13.6,13.5,13.5,9090
2017-02-28,13.51,13.55,13.32,13.32,15810
2017-03-01,13.5,13.6,13.15,13.17,109361
2017-03-02,13.1,13.12,12.72,12.72,24629
2017-03-03,12.85,13.28,12.85,13.08,41409
2017-03-06,13.1,13.1,12.85,12.85,12528
2017-03-07,12.88,13.07,12.88,12.89,115642
2017-03-08,12.9,13.57,12.89,13.49,170038
2017-03-09,13.39,15.21,13.37,13.8,282410
2017-03-10,13.8,14.93,13.72,14.2,178500
2017-03-13,14.2,14.97,14.02,14.94,46585
2017-03-14,14.84,16.29,14.75,16.01,53983
2017-03-15,16.18,18.67,16.06,18.58,101834
2017-03-16,18.18,19.9,17.17,17.69,190567
2017-03-17,17.85,18.99,17.62,18.83,82803
2017-03-20,18.85,19.01,16.68,18.41,136842
2017-03-21,19.0,19.48,18.11,18.61,88011
2017-03-22,17.5,17.83,15.8,17.09,113144
2017-03-23,16.91,17.18,16.25,16.48,69776
2017-03-24,16.49,16.79,15.9,16.75,28720
2017-03-27,16.55,17.55,16.55,17.02,63592
2017-03-28,17.28,18.2,17.25,17.92,87693
2017-03-29,18.1,19.25,18.1,18.84,89163
2017-03-30,19.12,21.06,19.0,19.12,118503
2017-03-31,19.0,19.5,17.6,19.22,54138
2017-04-03,18.89,19.9,18.89,19.63,49472
2017-04-04,19.63,21.76,19.63,21.37,90861
2017-04-05,21.0,22.36,20.22,20.42,258811
2017-04-06,20.04,20.67,19.92,19.92,94714
2017-04-07,19.79,20.8,19.34,20.18,62012
2017-04-10,20.0,20.31,19.2,19.24,133345
2017-04-11,19.48,19.87,17.86,17.9,153524
2017-04-12,18.38,18.68,17.8,18.06,69079
2017-04-13,18.0,18.45,17.95,18.09,50949
2017-04-17,18.09,18.49,18.01,18.1,13077
2017-04-18,17.92,17.92,17.02,17.06,87665
2017-04-19,17.37,18.08,17.06,17.29,81366
2017-04-20,17.25,18.18,17.06,17.18,48034
2017-04-21,17.3,17.58,17.21,17.24,17582
2017-04-24,17.74,17.87,17.2,17.21,112940
2017-04-25,17.56,18.18,17.3,17.52,22629
2017-04-26,17.78,17.82,16.72,17.0,53527
2017-04-27,17.05,17.44,16.85,16.92,34561
2017-04-28,17.14,17.14,16.23,16.35,35551
2017-05-01,16.16,16.66,16.16,16.37,16486
2017-05-02,16.69,17.09,16.37,16.96,31567
2017-05-03,16.73,17.03,16.18,16.28,31887
2017-05-04,16.56,16.68,16.22,16.41,27693
2017-05-05,16.32,16.66,16.0,16.0,39122
2017-05-08,16.17,16.94,16.1,16.29,21139
2017-05-09,16.64,17.0,16.49,16.95,28285
2017-05-10,17.0,17.78,16.8,17.07,28068
2017-05-11,17.05,17.49,16.63,17.33,17021
2017-05-12,16.89,17.47,16.89,17.36,10273
2017-05-15,17.2,18.0,17.05,17.96,19925
2017-05-16,18.0,18.0,17.47,17.76,17985
2017-05-17,17.72,18.7,17.72,18.14,28965
2017-05-18,18.1,18.1,17.63,17.77,13626
2017-05-19,18.0,18.44,17.0,17.65,29960
2017-05-22,17.96,18.6,17.02,17.05,75093
2017-05-23,17.13,17.5,17.03,17.49,17275
2017-05-24,17.73,17.73,17.22,17.25,8533
2017-05-25,17.24,17.47,16.5,16.5,29522
2017-05-26,16.78,17.1,16.77,16.99,8704
2017-05-30,16.93,17.18,16.76,16.85,14299
2017-05-31,16.79,16.99,16.54,16.62,10690
2017-06-01,16.62,17.1,16.5,16.69,13363
2017-06-02,16.71,17.0,16.15,16.16,39927
2017-06-05,16.16,16.84,16.16,16.81,5616
2017-06-06,16.84,16.84,16.02,16.02,9671
2017-06-07,16.01,16.37,16.01,16.06,25948
2017-06-08,16.58,16.8,16.1,16.1,36908
2017-06-09,16.2,16.37,15.55,15.56,23466
2017-06-12,16.0,16.8,15.56,16.58,63188
2017-06-13,16.6,16.8,15.91,16.46,10813
2017-06-14,16.32,16.32,16.0,16.06,21411
2017-06-15,16.06,16.06,15.71,15.99,23347
2017-06-16,16.01,16.02,15.72,15.72,9238
2017-06-19,15.9,16.13,15.9,16.07,16435
2017-06-20,16.0,16.3,15.8,15.8,23276
2017-06-21,16.0,16.6,15.94,16.0,22715
2017-06-22,16.0,16.13,16.0,16.02,14061
2017-06-23,16.0,16.55,15.95,16.25,43324
2017-06-26,16.26,16.54,16.26,16.29,10551
2017-06-27,16.46,16.46,16.05,16.07,28151
2017-06-28,16.33,16.33,15.9,16.0,17225
2017-06-29,16.01,16.01,15.9,16.0,27195
2017-06-30,16.0,16.3,15.72,16.02,19135
2017-07-03,16.0,16.44,15.97,16.31,16646
2017-07-05,16.39,16.42,16.25,16.26,12833
2017-07-06,16.25,16.78,16.25,16.58,45683
2017-07-07,16.41,16.7,16.29,16.57,19736
2017-07-10,16.5,16.8,16.44,16.5,18110
2017-07-11,16.4,16.63,16.35,16.5,8174
2017-07-12,16.44,17.99,16.44,17.99,47143
2017-07-13,17.56,17.85,16.91,16.92,18476
2017-07-14,17.25,17.25,16.71,17.01,16511
2017-07-17,16.52,16.79,16.43,16.79,14731
2017-07-18,16.92,17.0,16.6,16.67,23102
2017-07-19,16.6,17.5,16.55,17.28,35414
2017-07-20,17.22,17.44,17.11,17.41,6013
2017-07-21,17.41,17.41,17.28,17.32,9000
2017-07-24,17.42,18.28,17.25,18.09,177638
2017-07-25,18.09,18.1,17.61,17.99,52166
2017-07-26,18.03,18.66,17.65,18.66,60182
2017-07-27,18.66,19.73,18.6,18.77,49012
2017-07-28,18.8,19.06,17.87,18.37,36973
2017-07-31,,,,18.39,60113
2017-08-01,18.39,18.5,18.01,18.18,169435
