Date,Open,High,Low,Close,Volume
2014-03-14,37.5,41.95,37.1,39.8,11539025
2014-03-17,40.0,40.4,37.07,37.25,1130736
2014-03-18,37.0,37.0,33.47,33.65,848865
2014-03-19,34.63,34.63,30.35,31.5,1281444
2014-03-20,31.25,32.8,30.16,31.99,1071559
2014-03-21,32.35,32.58,28.64,29.35,542501
2014-03-24,29.4,29.4,26.39,27.33,666005
2014-03-25,27.49,28.38,24.31,25.9,1086989
2014-03-26,25.89,27.08,24.62,24.77,698075
2014-03-27,24.5,25.1,22.67,23.46,677483
2014-03-28,23.0,24.0,21.3,21.42,1495450
2014-03-31,21.76,22.55,20.4,21.22,1128736
2014-04-01,21.1,24.95,21.1,23.97,1951029
2014-04-02,23.79,24.86,23.1,24.78,845211
2014-04-03,24.67,24.67,21.87,22.54,597060
2014-04-04,22.84,22.97,20.03,21.57,766715
2014-04-07,21.13,21.26,19.31,19.49,813356
2014-04-08,19.81,20.25,18.01,18.09,1769848
2014-04-09,18.45,19.36,18.02,19.27,990658
2014-04-10,19.21,19.43,17.0,18.31,827845
2014-04-11,17.78,18.07,16.89,17.08,705565
2014-04-14,17.4,17.6,15.52,16.2,1302856
2014-04-15,16.23,17.74,15.71,17.44,1285746
2014-04-16,17.65,19.2,17.65,18.55,1332072
2014-04-17,18.63,20.4,17.87,19.85,846106
2014-04-21,19.89,19.89,17.97,18.06,677055
2014-04-22,18.04,18.22,16.68,16.74,778600
2014-04-23,16.71,16.75,15.51,15.7,791299
2014-04-24,15.86,16.09,13.89,14.02,1406597
2014-04-25,13.74,14.87,13.7,14.06,1387322
2014-04-28,14.11,14.91,13.39,14.66,891748
2014-04-29,14.72,15.5,14.0,15.47,1076111
2014-04-30,15.35,15.57,14.48,15.02,633997
2014-05-01,15.1,15.88,14.63,15.59,525065
2014-05-02,15.61,15.8,14.79,15.27,338496
2014-05-05,15.03,15.03,13.79,14.09,560679
2014-05-06,13.91,14.3,13.7,13.88,385638
2014-05-07,13.94,14.23,11.66,11.8,1755483
2014-05-08,12.33,13.48,10.33,10.5,3006173
2014-05-09,10.5,11.7,10.05,11.54,1688346
2014-05-12,11.59,13.65,11.2,13.56,1704044
2014-05-13,13.42,14.77,12.9,14.76,1227081
2014-05-14,14.41,15.73,13.75,15.6,1426972
2014-05-15,15.39,15.9,14.86,15.03,864715
2014-05-16,15.06,15.74,14.81,15.6,458220
2014-05-19,15.29,17.33,15.28,17.03,1175933
2014-05-20,16.98,19.45,16.72,16.79,2472512
2014-05-21,18.13,18.46,16.91,17.3,1276342
2014-05-22,17.28,18.95,17.28,17.83,986906
2014-05-23,17.87,18.27,17.09,17.23,472691
2014-05-27,17.23,17.86,17.0,17.11,339825
2014-05-28,17.0,17.16,15.73,15.88,681554
2014-05-29,15.88,16.35,15.35,16.27,435102
2014-05-30,16.19,16.24,15.1,15.18,603549
2014-06-02,15.0,15.54,13.76,14.0,1220582
2014-06-03,13.81,14.0,13.56,13.8,654505
2014-06-04,13.59,13.79,13.05,13.32,767557
2014-06-05,13.33,14.39,13.2,14.1,650426
2014-06-06,16.49,16.49,13.85,15.18,813855
2014-06-09,15.17,16.46,14.58,16.35,610781
2014-06-10,16.25,17.14,15.62,16.86,694366
2014-06-11,16.84,17.33,16.3,17.14,436356
2014-06-12,17.17,17.34,16.38,16.87,340204
2014-06-13,16.82,17.63,16.5,17.16,488029
2014-06-16,17.04,17.9,16.62,17.43,563392
2014-06-17,17.12,17.4,15.87,16.01,723341
2014-06-18,16.02,16.23,14.8,14.98,642221
2014-06-19,15.26,15.96,15.0,15.85,588676
2014-06-20,15.75,15.75,15.06,15.17,854620
2014-06-23,15.17,15.64,15.17,15.33,203779
2014-06-24,15.17,15.5,14.91,15.17,264328
2014-06-25,14.99,15.14,14.86,14.98,220836
2014-06-26,15.23,15.23,14.75,15.09,379517
2014-06-27,15.0,15.69,14.92,15.12,1357075
2014-06-30,15.0,15.57,15.0,15.2,481535
2014-07-01,15.3,15.55,14.76,15.28,434930
2014-07-02,15.24,15.3,14.34,15.13,481602
2014-07-03,15.18,15.18,14.68,14.95,169745
2014-07-07,14.82,14.91,14.02,14.15,307678
2014-07-08,14.16,14.51,13.75,13.95,336559
2014-07-09,13.98,14.45,13.83,14.01,125307
2014-07-10,13.98,14.19,13.75,13.84,135859
2014-07-11,13.78,14.19,13.75,14.1,148404
2014-07-14,14.22,15.0,14.01,14.89,172010
2014-07-15,14.88,15.13,14.71,15.05,342560
2014-07-16,15.11,15.55,15.08,15.52,293026
2014-07-17,15.36,15.66,14.88,15.4,518218
2014-07-18,15.3,16.5,15.12,16.5,405140
2014-07-21,16.47,16.5,14.9,15.0,346395
2014-07-22,15.11,15.2,14.05,14.37,264250
2014-07-23,14.56,14.83,14.1,14.54,168586
2014-07-24,14.49,14.96,14.2,14.24,149658
2014-07-25,14.19,14.54,14.0,14.3,226661
2014-07-28,14.29,14.42,13.98,14.12,196519
2014-07-29,14.1,14.95,14.01,14.81,343952
2014-07-30,14.98,14.98,13.62,14.11,642789
2014-07-31,13.85,13.98,13.4,13.41,377442
2014-08-01,13.34,13.34,12.13,12.23,602652
2014-08-04,12.35,12.46,11.6,11.7,501945
2014-08-05,11.69,12.08,11.5,11.85,395437
2014-08-06,11.75,12.35,11.71,11.94,193407
2014-08-07,11.98,12.25,11.52,12.13,276285
2014-08-08,12.09,12.19,12.0,12.1,103134
2014-08-11,12.24,12.44,12.15,12.18,112851
2014-08-12,12.2,12.44,11.96,12.05,207954
2014-08-13,12.15,12.34,11.92,12.06,160506
2014-08-14,12.04,12.17,11.91,12.03,159536
2014-08-15,12.21,12.21,11.81,11.93,98249
2014-08-18,12.0,12.0,11.62,11.73,229384
2014-08-19,11.68,11.75,11.15,11.35,497210
2014-08-20,11.3,11.34,10.56,11.12,1230993
2014-08-21,11.08,11.41,10.88,11.18,472475
2014-08-22,11.14,11.24,10.85,11.04,721544
2014-08-25,11.13,11.13,10.64,10.71,384485
2014-08-26,10.79,10.86,10.58,10.67,192272
2014-08-27,10.66,11.6,10.56,11.38,480703
2014-08-28,11.41,11.82,11.01,11.77,606822
2014-08-29,11.93,11.93,11.56,11.91,523915
2014-09-02,11.99,13.97,11.86,13.4,1488699
2014-09-03,13.7,14.39,13.22,13.38,968735
2014-09-04,13.67,14.08,13.5,13.66,592565
2014-09-05,13.6,13.74,12.95,12.98,320987
2014-09-08,12.92,12.93,12.18,12.75,469176
2014-09-09,12.71,14.1,12.71,13.8,1026574
2014-09-10,13.91,14.46,13.51,14.1,1836697
2014-09-11,14.02,15.1,13.81,14.63,1304677
2014-09-12,14.91,15.05,14.05,14.08,518779
2014-09-15,14.06,14.47,12.96,13.33,604412
2014-09-16,13.25,13.39,12.87,13.24,450132
2014-09-17,13.3,13.35,12.97,13.0,294301
2014-09-18,13.06,13.17,12.95,13.02,285430
2014-09-19,13.0,13.08,12.84,12.99,310236
2014-09-22,12.85,12.98,12.07,12.1,581684
2014-09-23,12.04,12.7,12.02,12.4,262678
2014-09-24,12.44,12.86,12.35,12.81,246459
2014-09-25,12.7,12.95,12.36,12.86,409731
2014-09-26,12.9,13.25,12.87,13.01,241322
2014-09-29,12.82,13.21,12.62,13.14,257853
2014-09-30,13.06,13.36,12.9,12.94,439332
2014-10-01,12.79,12.79,11.85,11.91,498081
2014-10-02,11.86,12.14,11.37,11.85,374477
2014-10-03,11.92,12.21,11.55,12.09,240152
2014-10-06,12.14,12.22,11.58,11.83,275946
2014-10-07,11.69,12.27,11.56,11.68,201218
2014-10-08,11.59,12.23,11.22,12.21,323065
2014-10-09,12.11,12.11,11.71,11.96,287285
2014-10-10,11.85,12.05,11.58,11.66,187089
2014-10-13,11.59,12.07,11.39,11.66,273411
2014-10-14,11.7,12.05,11.22,11.67,376193
2014-10-15,11.25,12.0,11.25,11.93,276768
2014-10-16,11.7,12.19,11.7,12.05,376864
2014-10-17,12.1,12.1,11.63,11.63,163652
2014-10-20,11.63,11.98,11.29,11.41,223567
2014-10-21,11.41,11.65,11.2,11.32,239811
2014-10-22,11.35,11.37,10.92,10.96,250085
2014-10-23,11.01,11.81,10.84,11.23,1238142
2014-10-24,11.12,11.71,11.12,11.69,194937
2014-10-27,11.92,12.36,11.73,12.02,374148
2014-10-28,12.05,12.38,12.01,12.25,537368
2014-10-29,12.23,12.89,12.03,12.81,542427
2014-10-30,12.63,13.04,12.19,13.0,711212
2014-10-31,12.9,12.9,11.81,12.51,767152
2014-11-03,12.32,12.68,11.95,11.99,544584
2014-11-04,11.88,12.42,11.85,12.21,229658
2014-11-05,12.0,12.34,11.99,12.04,218611
2014-11-06,12.0,12.16,11.85,11.95,212045
2014-11-07,11.89,12.05,11.87,11.97,189774
2014-11-10,11.99,12.07,11.33,11.41,246442
2014-11-11,11.36,11.82,11.36,11.77,154327
2014-11-12,11.7,12.19,11.7,12.15,151562
2014-11-13,12.1,12.1,11.57,11.83,177948
2014-11-14,11.77,11.99,11.64,11.86,155366
2014-11-17,11.57,11.6,10.76,11.06,668256
2014-11-18,11.14,11.17,10.96,11.1,148461
2014-11-19,10.97,11.28,10.97,11.19,346430
2014-11-20,11.15,11.43,11.11,11.37,497756
2014-11-21,11.5,11.61,11.27,11.45,417426
2014-11-24,11.51,11.88,11.51,11.84,619095
2014-11-25,11.86,12.46,11.85,12.42,429787
2014-11-26,12.46,12.7,12.34,12.57,388387
2014-11-28,12.52,12.73,12.2,12.43,225333
2014-12-01,12.47,12.55,12.18,12.49,379251
2014-12-02,12.56,12.65,12.23,12.58,570895
2014-12-03,12.63,12.8,12.24,12.34,906608
2014-12-04,12.12,12.2,11.59,11.69,477334
2014-12-05,11.7,12.03,11.65,12.0,452622
2014-12-08,12.0,13.1,11.96,13.06,833538
2014-12-09,12.89,13.43,12.49,13.15,1800157
2014-12-10,13.08,13.44,13.01,13.2,359626
2014-12-11,13.17,13.34,12.85,12.9,413090
2014-12-12,12.77,12.8,12.12,12.17,345384
2014-12-15,12.22,12.28,11.62,11.67,685959
2014-12-16,11.67,11.74,11.17,11.23,364877
2014-12-17,11.2,11.26,10.78,11.26,832495
2014-12-18,11.41,11.9,11.29,11.9,440205
2014-12-19,11.86,12.0,11.48,11.61,995695
2014-12-22,11.6,11.98,11.6,11.71,235281
2014-12-23,11.73,11.98,11.59,11.84,445996
2014-12-24,11.84,12.33,11.84,12.14,123330
2014-12-26,12.28,12.88,12.15,12.21,403032
2014-12-29,12.15,12.25,11.25,11.65,495092
2014-12-30,11.59,11.59,11.29,11.46,311645
2014-12-31,11.86,12.15,11.68,11.7,742384
2015-01-02,11.79,11.99,11.3,11.67,487432
2015-01-05,11.63,11.63,10.95,11.23,634717
2015-01-06,11.22,11.28,10.44,10.8,640156
2015-01-07,10.88,11.1,10.66,11.09,434504
2015-01-08,11.19,11.19,10.91,11.15,384979
2015-01-09,11.15,11.2,10.63,10.7,408620
2015-01-12,10.74,10.74,9.9,9.93,873849
2015-01-13,9.97,10.11,9.11,9.31,1022871
2015-01-14,9.3,9.62,9.14,9.56,613468
2015-01-15,9.63,9.73,8.67,8.91,865009
2015-01-16,8.91,8.91,8.33,8.78,658408
2015-01-20,8.76,8.83,8.25,8.41,752084
2015-01-21,8.41,8.77,8.25,8.57,403313
2015-01-22,8.64,9.16,8.36,9.1,450312
2015-01-23,9.12,9.38,8.78,8.81,367415
2015-01-26,8.82,9.03,8.76,8.97,122420
2015-01-27,8.89,9.16,8.82,9.08,298200
2015-01-28,9.13,9.19,8.93,9.04,455542
2015-01-29,9.04,9.18,8.89,9.18,305118
2015-01-30,9.14,9.17,8.64,8.88,370784
2015-02-02,8.97,9.07,8.39,8.61,525947
2015-02-03,8.62,8.7,8.09,8.48,1135567
2015-02-04,8.39,8.6,8.22,8.51,347326
2015-02-05,8.52,8.89,8.5,8.64,342748
2015-02-06,8.38,8.78,8.37,8.73,696157
2015-02-09,8.7,8.74,8.42,8.5,223890
2015-02-10,8.6,8.74,8.48,8.61,346877
2015-02-11,8.6,8.9,8.5,8.6,264015
2015-02-12,8.65,9.12,8.5,9.06,709223
2015-02-13,9.12,9.25,8.84,9.19,380345
2015-02-17,9.2,9.24,8.92,9.13,297966
2015-02-18,9.17,9.67,9.0,9.46,1135717
2015-02-19,8.0,8.26,6.52,6.54,9026854
2015-02-20,6.63,7.44,6.63,7.16,4103149
2015-02-23,7.13,7.19,6.88,7.01,761910
2015-02-24,6.98,7.07,6.92,6.96,461692
2015-02-25,6.92,7.44,6.91,7.36,806670
2015-02-26,7.29,7.54,7.11,7.5,1127589
2015-02-27,7.46,7.5,7.27,7.29,739597
2015-03-02,7.27,7.64,7.17,7.56,344825
2015-03-03,7.53,7.54,7.25,7.41,794061
2015-03-04,7.35,7.5,7.27,7.49,421407
2015-03-05,7.47,7.5,7.19,7.35,417060
2015-03-06,7.27,7.44,7.07,7.17,497729
2015-03-09,7.17,7.35,7.01,7.16,390861
2015-03-10,7.05,7.33,7.05,7.22,350611
2015-03-11,7.21,7.29,7.1,7.28,332604
2015-03-12,7.29,7.43,7.24,7.42,235087
2015-03-13,7.39,7.92,7.39,7.85,920747
2015-03-16,7.8,8.05,7.7,7.88,600540
2015-03-17,7.83,8.38,7.78,8.31,639203
2015-03-18,8.29,9.05,8.27,8.97,1977334
2015-03-19,8.92,9.41,8.92,9.38,1121943
2015-03-20,9.37,9.39,8.6,8.82,1153164
2015-03-23,8.46,8.64,8.3,8.36,552391
2015-03-24,8.38,8.43,8.15,8.29,295784
2015-03-25,8.29,8.38,8.02,8.12,307476
2015-03-26,8.02,8.26,7.95,7.96,461379
2015-03-27,7.99,8.06,7.78,7.9,404830
2015-03-30,8.03,8.11,7.8,7.81,253001
2015-03-31,7.71,8.11,7.51,7.76,708587
2015-04-01,7.73,7.74,7.43,7.5,422070
2015-04-02,7.57,7.84,7.54,7.68,1234434
2015-04-06,7.69,7.92,7.69,7.81,295114
2015-04-07,7.78,8.15,7.69,7.71,314609
2015-04-08,7.75,8.06,7.7,7.79,671564
2015-04-09,7.7,7.96,7.68,7.71,372384
2015-04-10,7.69,7.79,7.57,7.6,321419
2015-04-13,7.61,7.9,7.48,7.52,335207
2015-04-14,7.5,7.51,7.31,7.46,336984
2015-04-15,7.46,7.64,7.37,7.54,394696
2015-04-16,7.56,8.18,7.54,7.87,1196949
2015-04-17,7.83,7.9,7.6,7.69,445293
2015-04-20,7.71,7.75,7.42,7.45,349275
2015-04-21,7.56,7.76,7.45,7.49,387589
2015-04-22,7.9,8.0,7.75,7.85,1663735
2015-04-23,7.92,8.0,7.65,7.92,522954
2015-04-24,7.92,8.34,7.92,7.99,434856
2015-04-27,7.99,8.09,7.72,7.77,399534
2015-04-28,7.77,7.83,7.5,7.54,408936
2015-04-29,7.5,8.0,7.5,7.7,325732
2015-04-30,7.69,7.77,7.45,7.53,368645
2015-05-01,7.56,7.64,7.14,7.26,476954
2015-05-04,7.26,7.48,7.23,7.28,301295
2015-05-05,7.4,7.59,7.23,7.36,353890
2015-05-06,7.3,7.45,6.96,7.08,729486
2015-05-07,7.02,8.35,6.99,7.93,1748948
2015-05-08,7.99,8.01,7.7,7.77,325751
2015-05-11,7.75,7.89,7.63,7.84,383135
2015-05-12,7.77,8.22,7.69,8.21,1024627
2015-05-13,8.2,9.3,8.2,9.06,4699649
2015-05-14,9.06,9.22,8.64,8.68,1141121
2015-05-15,8.68,8.73,8.4,8.49,1003418
2015-05-18,8.45,8.7,8.31,8.55,2033675
2015-05-19,8.56,8.89,8.54,8.65,1037193
2015-05-20,8.62,8.67,8.37,8.54,591226
2015-05-21,8.58,8.79,8.41,8.47,433742
2015-05-22,8.4,8.59,8.22,8.4,967196
2015-05-26,8.65,9.25,8.6,8.86,1847059
2015-05-27,8.9,9.1,8.83,9.03,961944
2015-05-28,9.01,9.11,8.76,8.85,586984
2015-05-29,8.85,8.94,8.59,8.73,648290
2015-06-01,8.83,9.07,8.7,8.76,683704
2015-06-02,8.79,9.14,8.71,9.04,648577
2015-06-03,8.96,9.35,8.9,9.11,919541
2015-06-04,9.05,9.2,8.91,9.1,580975
2015-06-05,9.12,9.28,8.98,9.26,482675
2015-06-08,9.21,9.6,9.11,9.52,924934
2015-06-09,9.54,9.63,9.2,9.38,1162033
2015-06-10,9.43,9.86,9.27,9.77,920962
2015-06-11,9.77,9.86,9.59,9.78,1215697
2015-06-12,9.77,9.81,9.66,9.74,916852
2015-06-15,9.71,10.36,9.67,10.28,2145614
2015-06-16,10.29,10.3,9.58,9.7,1516531
2015-06-17,9.71,9.72,8.81,9.05,1665688
2015-06-18,9.02,9.1,8.72,8.81,1341839
2015-06-19,8.78,8.87,8.51,8.55,1119914
2015-06-22,8.57,8.74,8.52,8.57,774515
2015-06-23,8.6,8.76,8.5,8.66,722322
2015-06-24,8.65,8.74,8.56,8.62,682603
2015-06-25,8.66,8.74,8.55,8.66,613701
2015-06-26,8.66,8.73,8.1,8.24,2287568
2015-06-29,8.17,8.2,7.98,8.14,1133910
2015-06-30,8.15,8.32,8.03,8.14,900128
2015-07-01,8.17,8.28,7.77,7.95,974693
2015-07-02,7.95,7.98,7.71,7.82,477796
2015-07-06,7.73,7.9,7.25,7.77,656631
2015-07-07,7.75,7.78,7.4,7.41,737016
2015-07-08,7.36,7.37,7.12,7.25,447822
2015-07-09,7.25,7.52,7.24,7.45,421733
2015-07-10,7.5,7.6,7.34,7.58,430032
2015-07-13,7.64,7.89,7.53,7.59,505376
2015-07-14,7.58,8.04,7.56,8.01,493740
2015-07-15,8.0,8.23,7.9,7.97,548456
2015-07-16,7.99,8.42,7.97,7.97,422040
2015-07-17,7.97,8.19,7.97,8.02,407655
2015-07-20,8.05,8.09,7.75,7.92,436909
2015-07-21,7.93,7.93,7.7,7.77,897767
2015-07-22,7.76,7.88,7.72,7.73,324299
2015-07-23,7.73,7.91,7.7,7.8,357251
2015-07-24,7.75,7.87,7.62,7.63,454427
2015-07-27,7.58,7.58,7.22,7.39,630253
2015-07-28,7.41,7.64,7.14,7.6,443684
2015-07-29,7.62,7.74,7.47,7.68,361261
2015-07-30,7.67,7.75,7.26,7.32,256852
2015-07-31,7.29,7.33,7.02,7.18,901562
2015-08-03,7.19,7.27,6.64,7.06,702601
2015-08-04,7.04,7.44,7.01,7.24,728087
2015-08-05,7.25,7.39,6.9,7.05,798870
2015-08-06,6.99,7.02,5.61,6.44,2728802
2015-08-07,6.39,6.39,5.91,6.06,920181
2015-08-10,6.06,6.59,6.0,6.35,827284
2015-08-11,6.26,6.3,5.88,5.89,624419
2015-08-12,5.76,6.22,5.51,6.2,1039025
2015-08-13,6.19,6.41,6.06,6.32,491024
2015-08-14,6.29,6.45,6.07,6.2,465343
2015-08-17,6.16,6.42,6.15,6.38,360967
2015-08-18,6.4,6.44,6.2,6.25,470083
2015-08-19,6.22,6.26,6.0,6.13,427018
2015-08-20,6.03,6.12,6.0,6.02,741103
2015-08-21,5.93,5.99,5.72,5.8,518759
2015-08-24,5.56,5.64,4.73,5.33,967035
2015-08-25,5.48,5.5,5.25,5.26,533933
2015-08-26,5.28,5.35,5.02,5.24,948363
2015-08-27,5.27,5.38,5.11,5.21,704231
2015-08-28,5.2,5.55,5.2,5.5,758774
2015-08-31,5.45,5.56,5.26,5.29,478552
2015-09-01,5.21,5.29,4.91,4.95,579417
2015-09-02,4.97,5.0,4.81,4.99,438307
2015-09-03,4.84,5.15,4.83,5.04,517560
2015-09-04,4.99,5.3,4.97,5.17,532769
2015-09-08,5.27,5.69,5.26,5.67,915548
2015-09-09,5.73,5.84,5.36,5.39,374035
2015-09-10,5.37,5.54,5.28,5.52,407141
2015-09-11,5.5,5.88,5.49,5.85,644114
2015-09-14,5.85,5.85,5.46,5.6,365821
2015-09-15,5.63,5.66,5.33,5.35,484633
2015-09-16,5.33,5.46,5.23,5.43,686479
2015-09-17,5.41,5.7,5.36,5.52,1066250
2015-09-18,5.45,5.49,5.25,5.37,1341081
2015-09-21,5.45,5.52,5.22,5.25,441103
2015-09-22,5.15,5.25,5.05,5.2,395831
2015-09-23,5.19,5.28,5.06,5.21,451984
2015-09-24,5.15,5.15,4.9,4.96,376182
2015-09-25,4.99,5.06,4.5,4.6,1036011
2015-09-28,4.54,4.59,4.2,4.29,2040278
2015-09-29,4.2,4.27,4.02,4.07,1307079
2015-09-30,4.03,4.27,4.03,4.2,971890
2015-10-01,4.2,4.2,3.94,4.03,2298879
2015-10-02,3.98,4.1,3.94,4.06,1192939
2015-10-05,4.08,4.21,4.05,4.17,699066
2015-10-06,4.2,4.23,4.01,4.12,533776
2015-10-07,4.22,4.43,4.18,4.39,685337
2015-10-08,4.37,4.68,4.27,4.63,785621
2015-10-09,5.0,5.25,4.87,4.99,1068385
2015-10-12,4.99,5.05,4.83,4.95,642571
2015-10-13,4.92,5.0,4.6,4.66,522116
2015-10-14,4.63,4.73,4.48,4.55,424139
2015-10-15,4.54,4.69,4.44,4.64,344257
2015-10-16,4.67,4.7,4.54,4.57,243968
2015-10-19,4.56,4.75,4.53,4.61,325161
2015-10-20,4.61,4.65,4.52,4.54,402752
2015-10-21,4.54,4.73,4.51,4.62,325453
2015-10-22,4.61,4.88,4.59,4.64,388461
2015-10-23,4.67,4.84,4.6,4.71,196416
2015-10-26,4.72,4.78,4.52,4.58,301806
2015-10-27,4.57,4.58,4.25,4.39,451292
2015-10-28,4.42,4.9,4.41,4.81,428075
2015-10-29,4.77,5.24,4.77,4.96,586122
2015-10-30,4.98,5.17,4.98,5.06,560275
2015-11-02,5.05,5.18,5.03,5.09,390496
2015-11-03,5.06,5.28,5.05,5.2,1117241
2015-11-04,5.2,5.39,5.05,5.3,835034
2015-11-05,4.81,4.86,3.59,3.62,5171903
2015-11-06,3.7,3.96,3.66,3.86,1730489
2015-11-09,3.86,3.91,3.8,3.85,685329
2015-11-10,3.83,3.88,3.7,3.8,788949
2015-11-11,3.97,4.02,3.82,3.83,750527
2015-11-12,3.83,4.0,3.75,3.87,632210
2015-11-13,3.83,3.9,3.73,3.85,332651
2015-11-16,3.85,4.0,3.81,3.97,391972
2015-11-17,4.04,4.08,3.88,3.94,519688
2015-11-18,3.9,3.96,3.82,3.95,699975
2015-11-19,3.93,4.07,3.9,4.07,431248
2015-11-20,4.08,4.18,3.92,4.01,270269
2015-11-23,4.16,4.21,3.93,4.19,529341
2015-11-24,4.15,4.31,4.09,4.13,473119
2015-11-25,4.14,4.14,4.03,4.05,325571
2015-11-27,4.06,4.06,3.92,3.95,210145
2015-11-30,3.97,4.06,3.93,4.0,732130
2015-12-01,4.03,4.19,3.94,4.15,785330
2015-12-02,4.16,4.24,4.09,4.23,293732
2015-12-03,4.25,4.49,4.24,4.34,490383
2015-12-04,4.36,4.44,4.08,4.4,431013
2015-12-07,4.4,4.4,4.2,4.31,358466
2015-12-08,4.25,4.25,4.15,4.16,426080
2015-12-09,4.13,4.15,3.95,3.97,566424
2015-12-10,3.97,4.11,3.94,4.09,433936
2015-12-11,4.02,4.06,3.86,3.88,357587
2015-12-14,3.82,4.09,3.82,4.01,851917
2015-12-15,4.02,4.11,3.98,3.99,3464437
2015-12-16,4.1,4.37,3.97,4.24,1244737
2015-12-17,4.28,4.39,4.05,4.1,541950
2015-12-18,4.1,4.3,4.1,4.24,1406811
2015-12-21,4.28,4.3,3.93,4.03,837855
2015-12-22,4.04,4.12,3.94,4.11,287542
2015-12-23,4.13,4.25,4.12,4.21,782167
2015-12-24,4.2,4.28,4.16,4.2,220424
2015-12-28,4.16,4.26,4.05,4.21,1163234
2015-12-29,4.2,4.24,4.08,4.18,742698
2015-12-30,4.15,4.44,4.15,4.39,579025
2015-12-31,4.35,4.45,4.21,4.27,540931
2016-01-04,4.17,4.18,3.98,4.15,658390
2016-01-05,4.17,4.17,4.0,4.14,279196
2016-01-06,4.06,4.09,3.86,3.87,552977
2016-01-07,3.77,3.79,3.49,3.62,679213
2016-01-08,3.62,4.01,3.62,3.95,941674
2016-01-11,3.99,4.0,3.78,3.94,762317
2016-01-12,3.98,4.05,3.66,3.75,450409
2016-01-13,3.76,3.88,3.59,3.75,715741
2016-01-14,3.79,3.8,3.49,3.51,541430
2016-01-15,3.39,3.5,3.33,3.49,400615
2016-01-19,3.53,3.53,3.32,3.4,729598
2016-01-20,3.34,3.54,3.16,3.48,677345
2016-01-21,3.47,3.69,3.43,3.52,339385
2016-01-22,3.57,3.75,3.57,3.64,218149
2016-01-25,3.61,3.74,3.35,3.35,470503
2016-01-26,3.37,3.38,3.17,3.29,583656
2016-01-27,3.26,3.39,3.16,3.16,272651
2016-01-28,3.19,3.21,3.09,3.13,239740
2016-01-29,3.15,3.41,3.08,3.31,441880
2016-02-01,3.27,3.42,3.2,3.37,263126
2016-02-02,3.3,3.41,3.2,3.22,347004
2016-02-03,3.24,3.38,3.14,3.36,386879
2016-02-04,3.34,3.45,3.25,3.41,382879
2016-02-05,3.41,3.41,3.25,3.32,328242
2016-02-08,3.26,3.26,3.0,3.11,450792
2016-02-09,3.07,3.07,2.82,2.87,542354
2016-02-10,2.9,2.97,2.59,2.68,502199
2016-02-11,2.61,2.71,2.54,2.64,341938
2016-02-12,2.64,2.73,2.63,2.66,302441
2016-02-16,2.69,3.07,2.69,3.06,610053
2016-02-17,3.09,3.35,3.05,3.33,664408
2016-02-18,3.03,3.19,2.67,2.73,888824
2016-02-19,2.73,2.93,2.71,2.83,324412
2016-02-22,2.86,3.02,2.81,2.88,406788
2016-02-23,2.87,2.97,2.82,2.82,409127
2016-02-24,2.8,3.0,2.68,2.99,712722
2016-02-25,2.99,3.15,2.95,3.06,404106
2016-02-26,3.09,3.6,3.09,3.25,830505
2016-02-29,3.25,3.47,3.25,3.32,348127
2016-03-01,3.36,3.41,3.13,3.15,348306
2016-03-02,3.13,3.27,3.08,3.2,453646
2016-03-03,3.18,3.4,3.18,3.35,284580
2016-03-04,3.35,3.59,3.35,3.41,362476
2016-03-07,3.41,3.53,3.41,3.48,269392
2016-03-08,3.43,3.5,3.29,3.29,159077
2016-03-09,3.32,3.32,3.13,3.17,128971
2016-03-10,3.19,3.2,3.0,3.01,101571
2016-03-11,3.04,3.27,3.04,3.24,154432
2016-03-14,3.22,3.43,3.09,3.14,498037
2016-03-15,3.11,3.24,3.04,3.06,255956
2016-03-16,3.05,3.15,3.02,3.1,193502
2016-03-17,3.09,3.48,3.08,3.38,297437
2016-03-18,3.38,3.47,3.33,3.39,506271
2016-03-21,3.37,3.58,3.37,3.45,155012
2016-03-22,3.42,3.45,3.35,3.38,81745
2016-03-23,3.34,3.41,2.97,3.0,414906
2016-03-24,2.99,3.1,2.93,3.05,130995
2016-03-28,3.07,3.11,3.0,3.1,85480
2016-03-29,3.08,3.27,2.98,3.24,189450
2016-03-30,3.24,3.33,3.12,3.19,209401
2016-03-31,3.2,3.4,3.17,3.33,156371
2016-04-01,3.29,3.45,3.25,3.41,112033
2016-04-04,3.41,3.62,3.41,3.48,133754
2016-04-05,3.45,3.64,3.45,3.47,219156
2016-04-06,3.48,3.68,3.47,3.58,150837
2016-04-07,3.54,3.55,3.42,3.45,124152
2016-04-08,3.53,3.64,3.53,3.57,103155
2016-04-11,3.59,3.65,3.36,3.38,284207
2016-04-12,3.4,3.58,3.33,3.44,143591
2016-04-13,3.47,3.65,3.38,3.52,203108
2016-04-14,3.51,3.58,3.42,3.45,356730
2016-04-15,3.43,3.64,3.43,3.58,146846
2016-04-18,3.55,3.71,3.5,3.56,173640
2016-04-19,3.58,3.68,3.4,3.41,220381
2016-04-20,3.41,3.6,3.37,3.52,232184
2016-04-21,3.5,3.75,3.5,3.73,195097
2016-04-22,3.68,3.82,3.68,3.76,91836
2016-04-25,3.75,3.95,3.75,3.92,203466
2016-04-26,3.95,4.0,3.83,3.91,159553
2016-04-27,3.91,3.94,3.78,3.81,70020
2016-04-28,3.79,3.89,3.68,3.69,125958
2016-04-29,3.57,3.73,3.51,3.6,173700
2016-05-02,3.64,3.66,3.52,3.54,93972
2016-05-03,3.53,3.55,3.46,3.48,97255
2016-05-04,3.44,3.55,3.39,3.39,94306
2016-05-05,3.42,3.47,3.18,3.23,129259
2016-05-06,3.23,3.31,3.16,3.27,180506
2016-05-09,3.26,3.4,3.2,3.37,154904
2016-05-10,3.37,3.39,3.22,3.27,122708
2016-05-11,3.48,3.64,3.23,3.36,255093
2016-05-12,3.35,3.43,3.28,3.3,207772
2016-05-13,3.26,3.38,3.26,3.34,101269
2016-05-16,3.34,3.52,3.16,3.23,319164
2016-05-17,3.23,3.35,3.15,3.2,172225
2016-05-18,3.77,4.15,3.7,4.05,2573146
2016-05-19,4.17,4.83,4.11,4.39,1661948
2016-05-20,4.32,4.55,4.1,4.19,641130
2016-05-23,4.1,4.23,4.05,4.2,341985
2016-05-24,4.23,4.31,3.92,4.11,282996
2016-05-25,4.09,4.3,4.09,4.2,352917
2016-05-26,4.23,4.26,4.1,4.22,149212
2016-05-27,4.2,4.45,4.2,4.3,369019
2016-05-31,4.34,4.44,4.21,4.21,468970
2016-06-01,4.25,4.76,4.15,4.63,653248
2016-06-02,4.63,4.74,4.54,4.65,485995
2016-06-03,4.69,4.7,4.57,4.6,295953
2016-06-06,4.58,4.68,4.55,4.64,399853
2016-06-07,4.67,4.97,4.59,4.8,450464
2016-06-08,4.79,4.84,4.66,4.77,351118
2016-06-09,4.7,4.73,4.43,4.49,336827
2016-06-10,4.42,4.59,4.31,4.5,291228
2016-06-13,4.5,4.71,4.41,4.56,336907
2016-06-14,4.54,4.59,4.32,4.4,273282
2016-06-15,4.38,4.6,4.36,4.41,283789
2016-06-16,4.38,4.48,4.29,4.45,159815
2016-06-17,4.47,4.64,4.41,4.6,735369
2016-06-20,4.63,4.85,4.56,4.6,375479
2016-06-21,4.61,4.68,4.45,4.53,237397
2016-06-22,4.53,4.65,4.46,4.48,140568
2016-06-23,4.55,4.73,4.55,4.61,251146
2016-06-24,4.41,4.51,4.32,4.48,865105
2016-06-27,4.44,4.44,3.77,3.89,1005529
2016-06-28,4.04,4.08,3.82,3.95,309620
2016-06-29,4.03,4.03,3.94,3.95,281318
2016-06-30,3.92,3.98,3.87,3.96,326930
2016-07-01,3.99,4.0,3.92,3.95,184608
2016-07-05,3.94,3.99,3.82,3.83,259793
2016-07-06,3.8,4.03,3.76,4.01,300932
2016-07-07,4.0,4.09,3.87,3.97,123134
2016-07-08,3.98,4.07,3.93,4.01,290185
2016-07-11,4.04,4.28,3.86,4.22,334341
2016-07-12,4.22,4.4,4.02,4.26,300309
2016-07-13,4.26,4.32,4.19,4.3,130311
2016-07-14,4.31,4.35,4.14,4.19,172727
2016-07-15,4.23,4.23,4.1,4.18,179679
2016-07-18,4.13,4.23,4.11,4.14,135726
2016-07-19,4.16,4.23,4.06,4.07,157469
2016-07-20,4.14,4.27,4.08,4.26,140398
2016-07-21,4.25,4.31,4.1,4.11,75025
2016-07-22,4.12,4.12,3.97,4.0,185854
2016-07-25,4.02,4.02,3.9,3.92,188255
2016-07-26,3.92,3.98,3.87,3.96,103535
2016-07-27,3.94,3.98,3.81,3.88,169675
2016-07-28,3.92,3.94,3.81,3.85,216205
2016-07-29,3.83,3.86,3.72,3.73,357073
2016-08-01,3.73,3.77,3.62,3.64,451557
2016-08-02,3.65,3.7,3.45,3.46,348294
2016-08-03,3.43,3.53,3.41,3.45,461790
2016-08-04,3.42,3.48,3.38,3.43,623516
2016-08-05,3.44,3.58,3.44,3.5,455989
2016-08-08,3.5,3.56,3.36,3.39,369751
2016-08-09,4.0,4.71,3.82,4.56,4976831
2016-08-10,4.56,4.57,4.28,4.31,620497
2016-08-11,4.31,4.44,4.08,4.41,599879
2016-08-12,4.34,4.52,4.32,4.5,313926
2016-08-15,4.48,4.6,4.44,4.59,293643
2016-08-16,4.54,4.57,4.0,4.3,1056579
2016-08-17,4.28,4.28,4.09,4.14,219493
2016-08-18,4.18,4.41,4.11,4.38,345041
2016-08-19,4.35,4.49,4.23,4.25,290065
2016-08-22,4.22,4.24,3.99,4.01,434964
2016-08-23,4.03,4.18,4.03,4.16,210881
2016-08-24,4.12,4.32,4.08,4.18,394582
2016-08-25,4.15,4.26,4.15,4.18,150262
2016-08-26,4.17,4.23,4.1,4.17,113847
2016-08-29,4.13,4.26,4.13,4.17,128612
2016-08-30,4.14,4.25,4.05,4.09,141210
2016-08-31,4.11,4.22,3.97,4.18,347361
2016-09-01,4.14,4.21,4.0,4.1,466625
2016-09-02,4.09,4.21,4.02,4.21,191292
2016-09-06,4.18,4.23,4.04,4.04,256029
2016-09-07,4.04,4.1,4.0,4.06,280802
2016-09-08,4.08,4.15,4.04,4.12,165143
2016-09-09,4.08,4.13,4.01,4.08,244194
2016-09-12,4.05,4.15,4.01,4.14,217694
2016-09-13,4.12,4.17,4.0,4.04,227258
2016-09-14,4.02,4.12,4.02,4.09,165363
2016-09-15,4.08,4.22,4.03,4.14,272347
2016-09-16,4.14,4.26,4.14,4.26,402935
2016-09-19,4.25,4.39,4.25,4.36,340615
2016-09-20,4.4,4.41,4.32,4.35,317058
2016-09-21,4.33,4.33,4.14,4.16,456501
2016-09-22,4.16,4.24,4.15,4.2,250908
2016-09-23,4.17,4.21,4.12,4.17,159015
2016-09-26,4.11,4.12,4.02,4.05,199168
2016-09-27,4.06,4.1,4.02,4.07,120478
2016-09-28,4.07,4.11,4.01,4.06,169383
2016-09-29,4.06,4.2,4.06,4.12,133685
2016-09-30,4.15,4.18,4.08,4.16,85029
2016-10-03,4.11,4.16,4.05,4.14,123973
2016-10-04,4.11,4.2,4.08,4.09,68796
2016-10-05,4.05,4.07,3.94,3.95,502123
2016-10-06,3.91,4.13,3.87,4.11,152370
2016-10-07,4.09,4.15,4.06,4.09,170076
2016-10-10,4.09,4.23,4.09,4.22,124346
2016-10-11,4.22,4.22,4.02,4.06,148266
2016-10-12,4.05,4.18,4.0,4.11,83635
2016-10-13,4.1,4.25,4.01,4.13,166834
2016-10-14,4.13,4.25,4.1,4.14,199732
2016-10-17,4.1,4.25,4.05,4.1,221246
2016-10-18,4.2,4.25,4.15,4.25,58434
2016-10-19,4.25,4.35,4.2,4.25,137607
2016-10-20,4.3,4.4,4.25,4.35,116568
2016-10-21,4.3,4.4,4.25,4.4,76551
2016-10-24,4.35,4.4,4.25,4.35,165230
2016-10-25,4.35,4.65,4.3,4.65,340522
2016-10-26,4.65,4.65,4.5,4.55,232542
2016-10-27,4.5,4.6,4.3,4.3,166210
2016-10-28,4.25,4.4,4.15,4.2,121621
2016-10-31,4.2,4.4,4.05,4.35,284452
2016-11-01,4.45,4.45,4.1,4.15,181044
2016-11-02,4.15,4.25,3.75,3.75,657495
2016-11-03,4.0,4.6,3.95,3.96,1013078
2016-11-04,3.95,4.1,3.85,3.85,243998
2016-11-07,4.0,4.1,3.85,3.9,204510
2016-11-08,3.9,3.95,3.7,3.7,332458
2016-11-09,3.7,4.05,3.6,4.0,409881
2016-11-10,4.0,4.52,4.0,4.5,408976
2016-11-11,4.5,4.95,4.25,4.9,730864
2016-11-14,5.0,5.0,4.75,4.95,626282
2016-11-15,4.85,5.05,4.75,4.95,352217
2016-11-16,4.95,5.15,4.8,4.95,381799
2016-11-17,5.15,5.15,4.85,4.9,282244
2016-11-18,4.95,5.1,4.68,4.75,268707
2016-11-21,4.9,4.9,4.75,4.85,146163
2016-11-22,4.8,5.0,4.7,4.95,337052
2016-11-23,4.85,5.12,4.85,5.05,273379
2016-11-25,5.0,5.05,4.85,5.0,116536
2016-11-28,5.0,5.0,4.81,4.95,156412
2016-11-29,4.9,5.0,4.6,4.6,216080
2016-11-30,4.65,4.8,4.5,4.65,395297
2016-12-01,4.65,4.65,4.25,4.35,375003
2016-12-02,4.35,4.4,4.15,4.2,288698
2016-12-05,4.15,4.5,4.15,4.45,170975
2016-12-06,4.55,4.65,4.3,4.6,177060
2016-12-07,4.6,4.65,4.55,4.65,85342
2016-12-08,4.65,4.65,4.45,4.65,177373
2016-12-09,4.6,4.65,4.5,4.65,123032
2016-12-12,4.6,4.65,4.42,4.6,187078
2016-12-13,4.65,4.65,4.5,4.65,200259
2016-12-14,4.6,4.75,4.5,4.65,351996
2016-12-15,4.6,4.75,4.55,4.65,245852
2016-12-16,4.7,4.9,4.65,4.75,367522
2016-12-19,4.8,4.9,4.65,4.85,110364
2016-12-20,4.95,5.1,4.88,5.1,452953
2016-12-21,5.05,5.25,5.05,5.2,348090
2016-12-22,5.3,5.35,5.15,5.3,277150
2016-12-23,5.3,5.45,5.3,5.45,146712
2016-12-27,5.4,5.5,5.3,5.35,145158
2016-12-28,5.3,5.35,5.2,5.3,126616
2016-12-29,5.3,5.4,5.0,5.05,295917
2016-12-30,5.1,5.1,4.85,4.95,412195
2017-01-03,5.05,5.1,4.85,4.95,419121
2017-01-04,5.05,5.1,4.88,5.0,752669
2017-01-05,4.65,4.65,4.1,4.35,1739293
2017-01-06,4.3,4.3,4.2,4.3,301865
2017-01-09,4.3,4.35,4.25,4.25,295507
2017-01-10,4.3,4.3,4.25,4.3,200822
2017-01-11,4.25,4.3,3.6,3.65,713364
2017-01-12,3.65,4.15,3.65,4.1,651850
2017-01-13,4.1,4.1,3.85,4.0,681629
2017-01-17,4.0,4.0,3.7,3.75,672293
2017-01-18,3.75,3.82,3.65,3.65,553625
2017-01-19,3.65,3.75,3.65,3.65,285636
2017-01-20,3.65,3.75,3.63,3.65,329193
2017-01-23,3.65,3.75,3.35,3.4,722992
2017-01-24,3.35,3.5,3.35,3.45,269195
2017-01-25,3.45,3.53,3.45,3.5,283600
2017-01-26,3.45,3.5,3.25,3.25,381698
2017-01-27,3.25,3.35,3.15,3.25,367799
2017-01-30,3.2,3.25,3.15,3.2,315305
2017-01-31,3.2,3.2,3.05,3.1,653325
2017-02-01,3.15,3.2,3.1,3.1,338442
2017-02-02,3.1,3.15,3.05,3.1,393406
2017-02-03,3.15,3.15,3.05,3.05,295741
2017-02-06,3.1,3.15,3.05,3.05,165373
2017-02-07,3.05,3.1,3.05,3.05,101417
2017-02-08,3.05,3.1,3.05,3.05,310012
2017-02-09,3.1,3.3,3.1,3.25,1168410
2017-02-10,3.3,3.35,3.15,3.2,473609
2017-02-13,3.25,3.25,3.05,3.15,485616
2017-02-14,3.1,3.15,3.05,3.15,398496
2017-02-15,3.1,3.25,3.1,3.15,735377
2017-02-16,3.5,3.9,3.45,3.85,1913126
2017-02-17,3.85,3.9,3.5,3.6,1048075
2017-02-21,3.55,3.8,3.45,3.75,782728
2017-02-22,3.7,3.7,3.55,3.55,239646
2017-02-23,3.55,3.6,3.5,3.5,159675
2017-02-24,3.5,3.55,3.4,3.5,526569
2017-02-27,3.55,3.7,3.5,3.7,303392
2017-02-28,3.7,3.7,3.5,3.55,273035
2017-03-01,3.6,3.65,3.55,3.65,196851
2017-03-02,3.65,3.65,3.55,3.55,135574
2017-03-03,3.55,3.55,3.4,3.45,217878
2017-03-06,3.45,3.45,3.3,3.4,186578
2017-03-07,3.4,3.4,3.25,3.3,102741
2017-03-08,3.35,3.35,3.25,3.25,75209
2017-03-09,3.25,3.3,3.2,3.2,207461
2017-03-10,3.2,3.5,3.2,3.25,168918
2017-03-13,3.25,3.4,3.25,3.3,184013
2017-03-14,3.3,3.4,3.25,3.35,215842
2017-03-15,3.35,3.45,3.35,3.4,175508
2017-03-16,3.4,3.45,3.25,3.3,1279981
2017-03-17,3.35,3.35,3.2,3.25,301889
2017-03-20,3.25,3.3,3.2,3.25,70504
2017-03-21,3.25,3.4,3.15,3.2,371401
2017-03-22,3.15,3.25,3.15,3.15,189356
2017-03-23,3.15,3.3,3.1,3.25,104388
2017-03-24,3.25,3.25,3.2,3.2,79778
2017-03-27,3.2,3.3,3.2,3.25,231360
2017-03-28,3.25,3.65,3.25,3.6,262298
2017-03-29,3.6,3.75,3.55,3.7,295240
2017-03-30,3.7,3.78,3.65,3.75,201884
2017-03-31,3.75,3.75,3.6,3.65,110095
2017-04-03,3.65,3.75,3.55,3.65,317007
2017-04-04,3.65,3.75,3.6,3.75,819689
2017-04-05,3.75,3.95,3.7,3.85,366032
2017-04-06,3.8,3.9,3.75,3.85,160194
2017-04-07,3.85,4.3,3.82,4.0,505565
2017-04-10,3.9,4.18,3.9,4.05,429387
2017-04-11,4.1,4.2,4.05,4.15,125034
2017-04-12,4.1,4.15,4.02,4.1,290006
2017-04-13,4.1,4.1,3.75,3.85,360723
2017-04-17,3.85,3.9,3.55,3.55,464974
2017-04-18,3.6,3.9,3.6,3.85,159288
2017-04-19,3.85,4.0,3.8,4.0,218503
2017-04-20,4.0,4.15,3.9,4.15,307750
2017-04-21,4.1,4.1,3.8,3.95,354288
2017-04-24,4.05,4.05,3.92,4.0,198405
2017-04-25,4.05,4.2,4.05,4.1,341251
2017-04-26,4.1,4.25,4.05,4.15,524663
2017-04-27,4.05,4.1,3.8,4.0,472043
2017-04-28,3.7,3.9,3.65,3.85,366365
2017-05-01,3.85,3.85,3.65,3.75,336179
2017-05-02,3.7,3.85,3.7,3.8,221661
2017-05-03,3.75,3.8,3.7,3.75,189793
2017-05-04,3.8,3.8,3.52,3.6,518855
2017-05-05,3.55,3.95,3.5,3.65,569322
2017-05-08,3.75,3.8,3.65,3.8,134862
2017-05-09,3.76,3.95,3.75,3.95,1930130
2017-05-10,4.1,4.65,4.05,4.45,1238571
2017-05-11,4.45,4.5,4.25,4.4,228828
2017-05-12,3.8,4.18,3.8,4.1,488675
2017-05-15,4.15,4.2,4.1,4.15,82329
2017-05-16,4.15,4.25,3.85,3.85,344782
2017-05-17,3.85,4.0,3.45,3.45,573693
2017-05-18,3.5,3.75,3.48,3.75,295986
2017-05-19,3.7,3.8,3.6,3.6,405563
2017-05-22,3.55,3.75,3.55,3.7,178500
2017-05-23,3.8,3.82,3.6,3.75,265370
2017-05-24,3.7,3.75,3.65,3.7,143820
2017-05-25,3.7,3.75,3.65,3.7,220915
2017-05-26,3.7,3.75,3.65,3.7,252466
2017-05-30,3.65,3.7,3.6,3.6,359112
2017-05-31,3.65,3.65,3.5,3.5,195587
2017-06-01,3.5,3.72,3.5,3.65,358235
2017-06-02,3.7,3.72,3.6,3.7,243756
2017-06-05,3.7,3.75,3.55,3.7,216092
2017-06-06,3.75,3.75,3.65,3.65,248572
2017-06-07,3.7,3.75,3.65,3.75,313458
2017-06-08,3.7,3.9,3.7,3.9,416595
2017-06-09,3.85,3.94,3.7,3.75,229282
2017-06-12,3.65,3.7,3.6,3.65,380870
2017-06-13,3.65,3.85,3.65,3.85,336928
2017-06-14,3.8,3.9,3.75,3.85,273001
2017-06-15,3.8,4.0,3.8,3.9,347569
2017-06-16,3.85,3.95,3.65,3.9,1710520
2017-06-19,3.9,4.1,3.8,4.05,625511
2017-06-20,4.05,4.15,3.9,4.05,313611
2017-06-21,4.05,4.22,4.0,4.0,326442
2017-06-22,4.05,4.15,4.0,4.15,291558
2017-06-23,4.1,4.35,4.05,4.35,2131656
2017-06-26,4.25,4.45,4.18,4.3,406766
2017-06-27,4.35,4.45,4.25,4.3,199982
2017-06-28,4.35,4.35,4.1,4.35,158565
2017-06-29,4.35,4.45,4.1,4.15,420103
2017-06-30,4.1,4.15,4.05,4.15,120932
2017-07-03,4.1,4.2,4.1,4.15,96859
2017-07-05,4.05,4.08,3.95,3.95,108960
2017-07-06,3.95,4.05,3.85,3.9,140537
2017-07-07,3.95,4.3,3.9,4.3,404731
2017-07-10,4.2,4.5,4.15,4.4,701486
2017-07-11,4.4,4.5,4.3,4.4,616151
2017-07-12,4.45,4.6,4.4,4.55,602013
2017-07-13,4.5,4.52,4.3,4.45,752103
2017-07-14,4.45,4.6,4.45,4.55,387134
2017-07-17,4.55,4.55,4.4,4.45,216725
2017-07-18,4.4,4.5,4.35,4.4,127498
2017-07-19,4.4,4.55,4.3,4.5,395225
2017-07-20,4.45,4.45,4.25,4.3,103109
2017-07-21,4.4,4.4,4.22,4.3,184182
2017-07-24,4.3,4.3,4.12,4.25,205621
2017-07-25,4.3,4.4,4.25,4.3,149160
2017-07-26,4.25,4.35,4.15,4.25,175419
2017-07-27,4.25,4.35,4.15,4.25,204953
2017-07-28,4.2,4.3,4.18,4.2,117242
2017-07-31,,4.45,,4.3,354385
2017-08-01,4.3,4.4,4.2,4.35,151509
