Date,Open,High,Low,Close,Volume
2015-12-29,25.33,25.43,25.3,25.43,947
2015-12-30,25.16,25.16,25.16,25.16,1100
2015-12-31,24.96,24.99,24.93,24.99,7100
2016-01-04,24.41,24.41,24.41,24.41,100
2016-01-05,24.4,24.4,24.4,24.4,100
2016-01-06,23.96,24.08,23.96,24.0,1867
2016-01-07,23.74,23.74,23.53,23.53,4400
2016-01-08,23.55,23.64,23.44,23.44,1656
2016-01-11,23.34,23.34,23.34,23.34,100
2016-01-12,23.44,23.44,23.44,23.44,214
2016-01-14,23.05,23.05,23.05,23.05,300
2016-01-15,22.64,22.64,22.49,22.49,620
2016-01-19,22.79,22.88,22.78,22.78,3442
2016-01-20,22.0,22.0,22.0,22.0,200
2016-01-21,22.53,22.53,22.53,22.53,115
2016-01-26,23.25,23.25,23.25,23.25,736
2016-01-29,23.61,23.61,23.61,23.61,100
2016-02-01,23.61,23.63,23.61,23.63,4135
2016-02-02,23.26,23.26,23.17,23.17,200
2016-02-05,23.53,23.53,23.53,23.53,111
2016-02-08,22.64,22.65,22.64,22.65,895
2016-02-09,22.43,22.52,22.43,22.52,200
2016-02-11,22.2,22.2,22.19,22.19,1000
2016-02-24,22.86,23.11,22.86,23.11,645
2016-03-01,23.56,23.56,23.56,23.56,100
2016-03-02,23.79,23.84,23.79,23.84,545
2016-03-04,24.35,24.35,24.35,24.35,100
2016-03-08,24.05,24.05,24.05,24.05,151
2016-03-11,24.64,24.64,24.62,24.62,200
2016-03-15,24.5,24.5,24.5,24.5,550
2016-03-24,24.34,24.34,24.34,24.34,100
2016-03-30,25.09,25.09,25.05,25.05,1385
2016-03-31,25.03,25.03,25.03,25.03,100
2016-04-01,24.47,24.47,24.32,24.32,400
2016-04-05,24.21,24.21,23.99,24.04,500
2016-04-06,24.15,24.38,24.15,24.38,220
2016-04-12,24.85,24.85,24.85,24.85,300
2016-04-19,25.84,25.84,25.84,25.84,300
2016-04-25,25.45,25.45,25.36,25.36,200
2016-04-26,25.49,25.49,25.49,25.49,125
2016-04-29,25.24,25.24,25.18,25.18,200
2016-05-02,25.61,25.61,25.34,25.4,700
2016-05-03,25.28,25.28,25.06,25.06,200
2016-05-04,24.88,24.88,24.88,24.88,100
2016-05-06,24.78,24.78,24.78,24.78,100
2016-05-09,24.81,24.81,24.81,24.81,120
2016-05-10,24.77,24.77,24.77,24.77,206
2016-05-11,24.92,24.92,24.92,24.92,1000
2016-05-13,24.7,24.7,24.7,24.7,100
2016-05-16,24.8,24.8,24.79,24.79,425
2016-05-17,24.83,24.83,24.83,24.83,100
2016-05-18,24.83,24.83,24.57,24.57,1282
2016-05-19,24.48,24.48,24.48,24.48,100
2016-05-20,24.52,24.59,24.52,24.59,600
2016-05-23,24.52,24.52,24.52,24.52,100
2016-05-24,24.76,24.76,24.76,24.76,300
2016-05-25,25.05,25.06,25.05,25.06,341
2016-05-27,25.06,25.06,25.06,25.06,450
2016-05-31,25.01,25.01,25.01,25.01,300
2016-06-06,25.47,25.47,25.38,25.38,525
2016-06-07,25.6,25.66,25.6,25.63,2250
2016-06-08,25.73,25.73,25.73,25.73,155
2016-06-13,24.58,24.58,24.37,24.37,380
2016-06-14,24.04,24.04,24.04,24.04,500
2016-06-15,24.24,24.35,24.2,24.2,1535
2016-06-16,23.87,23.87,23.87,23.87,100
2016-06-20,25.2,25.2,25.0,25.07,6800
2016-06-22,25.15,25.15,25.08,25.08,475
2016-06-24,24.12,24.12,23.79,23.81,1500
2016-06-27,23.43,23.43,23.17,23.19,703
2016-06-28,23.74,23.74,23.73,23.74,874
2016-06-29,24.37,24.39,24.37,24.39,368
2016-07-06,24.14,24.16,24.12,24.16,374
2016-07-13,25.27,25.27,25.27,25.27,344
2016-07-21,25.44,25.48,25.44,25.48,353
2016-07-22,25.53,25.53,25.5,25.52,2314
2016-07-25,25.47,25.49,25.4,25.4,1221
2016-07-26,25.56,25.56,25.56,25.56,100
2016-07-27,25.63,25.63,25.59,25.59,58388
2016-07-28,25.65,25.68,25.65,25.66,3511
2016-07-29,25.78,25.86,25.74,25.86,1799
2016-08-01,25.76,25.78,25.69,25.71,7918
2016-08-02,25.66,25.73,25.5,25.54,972
2016-08-03,25.46,25.48,25.44,25.47,1846
2016-08-04,25.54,25.56,25.49,25.56,697
2016-08-05,25.57,25.65,25.54,25.65,1699
2016-08-08,25.6,25.65,25.6,25.62,3266
2016-08-09,25.83,25.92,25.83,25.86,4100
2016-08-10,26.01,26.02,25.97,25.97,1296
2016-08-11,26.04,26.1,26.01,26.09,959
2016-08-12,26.12,26.12,26.12,26.12,100
2016-08-15,26.17,26.23,26.17,26.21,4341
2016-08-16,26.18,26.22,26.16,26.22,4875
2016-08-17,25.99,25.99,25.99,25.99,307
2016-08-18,26.16,26.21,26.15,26.21,910
2016-08-19,25.95,25.95,25.94,25.94,200
2016-08-22,25.98,26.12,25.97,26.11,2383
2016-08-23,26.32,26.33,26.28,26.29,1881
2016-08-24,26.25,26.25,26.25,26.25,200
2016-08-25,26.07,26.08,26.06,26.06,1154
2016-08-26,26.25,26.25,25.85,25.85,207
2016-08-29,25.83,25.9,25.83,25.9,200
2016-08-30,25.89,25.96,25.89,25.91,3315
2016-08-31,25.83,25.83,25.8,25.8,364
2016-09-01,25.82,25.88,25.82,25.88,2053
2016-09-02,26.05,26.05,26.05,26.05,461
2016-09-07,26.45,26.46,26.39,26.41,4295
2016-09-08,26.29,26.32,26.29,26.32,1030
2016-09-09,26.14,26.14,25.86,25.86,248
2016-09-12,25.62,25.92,25.54,25.92,1098
2016-09-13,25.43,25.49,25.43,25.49,1380
2016-09-14,25.36,25.36,25.36,25.36,402
2016-09-15,25.51,25.51,25.47,25.51,1200
2016-09-16,25.46,25.46,25.46,25.46,234
2016-09-19,25.46,25.56,25.46,25.52,759
2016-09-20,25.52,25.52,25.44,25.46,2696
2016-09-21,25.66,25.66,25.66,25.66,763
2016-09-22,26.21,26.28,26.21,26.22,2608
2016-09-28,25.82,25.82,25.82,25.82,197
2016-09-29,25.97,25.97,25.97,25.97,420
2016-09-30,25.82,25.82,25.82,25.82,104
2016-10-05,25.76,25.76,25.76,25.76,163
2016-10-06,25.74,25.78,25.74,25.75,416
2016-10-10,25.72,25.72,25.72,25.72,236
2016-10-13,25.14,25.14,25.13,25.13,980
2016-10-18,25.33,25.33,25.32,25.32,252
2016-10-19,25.43,25.5,25.43,25.48,813
2016-10-20,25.47,25.48,25.4,25.46,1395
2016-10-21,25.32,25.32,25.32,25.32,171
2016-10-27,25.14,25.15,25.14,25.15,963
2016-10-31,24.84,24.84,24.84,24.84,522
2016-11-02,24.76,24.84,24.7,24.7,2199
2016-11-07,24.65,24.68,24.65,24.68,449
2016-11-08,24.83,24.86,24.83,24.86,4619
2016-11-09,24.82,24.99,24.74,24.99,2065
2016-11-10,24.94,24.94,24.94,24.94,135
2016-11-11,24.52,24.52,24.44,24.44,584
2016-11-14,24.15,24.15,24.13,24.13,597
2016-11-15,24.2,24.24,24.2,24.24,4212
2016-11-16,24.13,24.13,24.13,24.13,264
2016-11-17,24.14,24.14,24.12,24.12,537
2016-11-22,24.46,24.46,24.46,24.46,675
2016-11-25,24.35,24.35,24.34,24.34,2930
2016-11-29,24.3,24.32,24.3,24.31,1432
2016-11-30,24.36,24.36,24.36,24.36,2004
2016-12-01,24.31,24.31,24.31,24.31,152
2016-12-02,24.29,24.4,24.29,24.33,3136
2016-12-05,24.59,24.59,24.59,24.59,168
2016-12-06,24.55,24.72,24.55,24.72,1410
2016-12-08,24.96,24.96,24.95,24.95,1160
2016-12-12,25.03,25.03,25.01,25.01,2000
2016-12-13,25.35,25.35,25.34,25.34,411
2016-12-15,24.77,24.85,24.77,24.8,2070
2016-12-16,24.78,24.78,24.65,24.78,967
2016-12-22,24.88,24.88,24.83,24.83,491
2016-12-23,24.26,24.26,24.09,24.15,825
2016-12-27,24.14,24.19,24.0,24.16,3368
2016-12-28,24.12,24.12,24.08,24.08,1120
2016-12-30,24.32,24.33,24.21,24.22,1003
2017-01-03,24.34,24.34,24.33,24.33,1109
2017-01-04,24.6,24.62,24.59,24.62,1494
2017-01-05,24.89,24.89,24.89,24.89,214
2017-01-06,25.0,25.0,24.82,24.82,278
2017-01-10,24.76,24.81,24.75,24.75,3018
2017-01-11,24.73,24.89,24.73,24.89,960
2017-01-12,24.86,24.87,24.84,24.84,1040
2017-01-13,24.99,24.99,24.95,24.95,2169
2017-01-18,24.81,24.81,24.81,24.81,361
2017-01-19,24.78,24.78,24.77,24.77,1148
2017-01-20,24.9,24.93,24.9,24.93,1033
2017-01-23,24.88,24.88,24.87,24.87,500
2017-01-24,24.92,24.92,24.92,24.92,155
2017-01-25,25.1,25.1,25.02,25.08,19061
2017-01-26,25.05,25.05,25.05,25.05,161
2017-01-27,,,,25.05,0
2017-01-30,24.82,24.82,24.8,24.81,810
2017-01-31,24.85,24.85,24.85,24.85,244
2017-02-01,,,,24.85,0
2017-02-02,25.06,25.08,25.0,25.0,3410
2017-02-03,25.15,25.15,25.15,25.15,1700
2017-02-06,25.0,25.0,24.87,24.87,425
2017-02-07,,,,24.87,0
2017-02-08,24.77,24.77,24.77,24.77,192
2017-02-09,25.03,25.03,25.01,25.01,678
2017-02-10,25.06,25.06,25.03,25.03,371
2017-02-13,25.13,25.13,25.13,25.13,240
2017-02-14,25.1,25.14,25.1,25.12,1654
2017-02-15,25.17,25.35,25.17,25.35,2376
2017-02-16,25.44,25.44,25.41,25.41,211
2017-02-17,25.28,25.28,25.28,25.28,103
2017-02-21,25.3,25.37,25.3,25.37,732
2017-02-22,,,,25.37,0
2017-02-23,25.47,25.47,25.4,25.42,953
2017-02-24,25.24,25.27,25.24,25.27,3006
2017-02-27,25.24,25.26,25.24,25.24,304
2017-02-28,25.22,25.22,25.22,25.22,290
2017-03-01,25.45,25.45,25.45,25.45,287
2017-03-02,,,,25.45,0
2017-03-03,25.27,25.39,25.27,25.39,965
2017-03-06,,,,25.39,0
2017-03-07,25.16,25.16,25.16,25.16,565
2017-03-08,25.14,25.14,25.14,25.14,100
2017-03-09,,,,25.14,0
2017-03-10,,,,25.14,0
2017-03-13,,,,25.14,0
2017-03-14,25.34,25.39,25.34,25.37,5809
2017-03-15,25.46,25.46,25.46,25.46,156
2017-03-16,25.85,25.85,25.85,25.85,246
2017-03-17,25.98,25.98,25.98,25.98,200
2017-03-20,25.88,25.89,25.86,25.89,3891
2017-03-21,25.82,25.82,25.8,25.8,2053
2017-03-22,25.64,25.64,25.62,25.62,399
2017-03-23,25.85,25.85,25.85,25.85,146
2017-03-24,25.87,25.88,25.87,25.88,637
2017-03-27,25.88,25.88,25.88,25.88,193
2017-03-28,26.06,26.06,26.06,26.06,1779
2017-03-29,26.1,26.11,26.08,26.08,1629
2017-03-30,,,,26.08,0
2017-03-31,26.01,26.01,25.97,25.97,635
2017-04-03,,,,25.97,0
2017-04-04,25.87,25.93,25.87,25.93,1578
2017-04-05,25.94,25.97,25.9,25.91,1107
2017-04-06,,,,25.91,0
2017-04-07,25.86,25.86,25.86,25.86,550
2017-04-10,25.89,25.91,25.89,25.91,1402
2017-04-11,25.85,25.96,25.84,25.9,2309
2017-04-12,,,,25.9,0
2017-04-13,25.84,25.84,25.78,25.78,780
2017-04-17,25.92,25.92,25.92,25.92,891
2017-04-18,25.8,25.88,25.77,25.88,5201
2017-04-19,25.78,25.78,25.78,25.78,359
2017-04-20,25.96,25.96,25.93,25.93,865
2017-04-21,25.86,25.86,25.86,25.86,144
2017-04-24,26.48,26.49,26.48,26.49,330
2017-04-25,26.51,26.64,26.51,26.64,618
2017-04-26,26.58,26.59,26.57,26.59,712
2017-04-27,26.57,26.59,26.57,26.59,566
2017-04-28,,,,26.59,0
2017-05-01,26.68,26.71,26.65,26.71,2406
2017-05-02,26.8,26.8,26.79,26.79,289
2017-05-03,26.85,26.85,26.85,26.85,100
2017-05-04,26.88,27.02,26.88,27.02,1265
2017-05-05,27.33,27.33,27.33,27.33,100
2017-05-08,27.09,27.09,27.09,27.09,255
2017-05-09,27.14,27.14,27.09,27.09,3734
2017-05-10,27.2,27.22,27.18,27.22,1360
2017-05-11,27.14,27.14,27.14,27.14,259
2017-05-12,27.28,27.28,27.28,27.28,104
2017-05-15,27.48,27.48,27.48,27.48,212
2017-05-16,27.66,27.67,27.63,27.67,650
2017-05-17,27.41,27.41,27.3,27.3,2313
2017-05-18,27.24,27.24,27.24,27.24,291
2017-05-19,27.63,27.63,27.62,27.62,810
2017-05-22,27.62,27.62,27.62,27.62,308
2017-05-23,,,,27.62,0
2017-05-24,27.65,27.75,27.65,27.75,903
2017-05-25,,,,27.75,0
2017-05-26,27.64,27.64,27.64,27.64,629
2017-05-30,27.59,27.59,27.58,27.58,1529
2017-05-31,27.61,27.61,27.59,27.59,927
2017-06-01,,,,27.59,0
2017-06-02,,,,27.59,0
2017-06-05,27.97,27.98,27.94,27.98,651
2017-06-06,27.89,27.91,27.89,27.9,930
2017-06-07,27.96,27.96,27.82,27.86,1558
2017-06-08,,,,27.86,0
2017-06-09,,,,27.86,0
2017-06-12,,,,27.86,0
2017-06-13,,,,27.86,0
2017-06-14,28.0,28.0,27.98,27.98,302
2017-06-15,27.55,27.69,27.53,27.69,2443
2017-06-16,,,,27.69,0
2017-06-19,,,,27.69,0
2017-06-20,27.75,27.75,27.72,27.73,705
2017-06-21,27.71,27.71,27.68,27.69,1328
2017-06-22,27.77,27.77,27.77,27.77,100
2017-06-23,27.86,27.86,27.85,27.85,550
2017-06-26,,,,27.85,0
2017-06-27,27.86,27.91,27.86,27.89,2368
2017-06-28,,,,27.89,0
2017-06-29,,,,27.89,0
2017-06-30,27.84,27.85,27.84,27.85,555
2017-07-03,,,,27.85,0
2017-07-05,27.7,27.7,27.7,27.7,102
2017-07-06,27.6,27.6,27.6,27.6,233
2017-07-07,27.66,27.66,27.66,27.66,344
2017-07-10,,,,27.66,0
2017-07-11,27.67,27.67,27.67,27.67,324
2017-07-12,28.06,28.06,28.05,28.06,1353
2017-07-13,,,,28.06,0
2017-07-14,,,,28.06,0
2017-07-17,28.16,28.16,28.16,28.16,254
2017-07-18,28.34,28.34,28.34,28.34,302
2017-07-19,28.49,28.54,28.49,28.53,584
2017-07-20,28.41,28.61,28.41,28.61,1213
2017-07-21,28.48,28.48,28.41,28.48,613
2017-07-24,28.44,28.44,28.44,28.44,136
2017-07-25,28.64,28.64,28.57,28.57,706
2017-07-26,28.61,28.75,28.58,28.75,1535
2017-07-27,28.67,28.67,28.66,28.66,1241
2017-07-28,28.7,28.72,28.66,28.72,1644
2017-07-31,28.69,28.79,28.68,28.79,1251
2017-08-01,,,,28.79,0
