Date,Open,High,Low,Close,Volume
2010-09-02,26.0,26.14,25.93,26.11,108633
2010-09-03,,,,26.43,0
2010-09-07,27.22,27.22,26.9,26.92,135848
2010-09-08,26.99,27.2,26.98,27.09,223689
2010-09-09,27.37,27.37,27.02,27.13,122993
2010-09-10,27.24,27.24,27.1,27.2,119837
2010-09-13,27.61,27.64,27.4,27.62,229393
2010-09-14,27.5,27.98,27.45,27.84,73226
2010-09-15,27.56,27.57,27.38,27.52,118587
2010-09-16,27.28,27.28,27.08,27.19,123909
2010-09-17,27.29,27.36,27.25,27.32,110048
2010-09-20,27.67,27.83,27.52,27.77,118508
2010-09-21,27.77,28.09,27.66,27.89,156732
2010-09-22,27.87,28.23,27.84,28.0,62448
2010-09-23,27.52,27.78,27.5,27.53,67544
2010-09-24,27.8,27.87,27.77,27.85,113091
2010-09-27,28.18,28.18,27.8,27.9,8781
2010-09-28,27.8,28.11,27.7,28.1,9418
2010-09-29,27.8,27.88,27.75,27.81,7795
2010-09-30,27.7,27.7,27.15,27.28,25970
2010-10-01,27.96,30.74,27.93,28.22,33830
2010-10-04,28.17,28.21,27.84,27.93,20193
2010-10-05,28.54,28.6,28.23,28.55,20522
2010-10-06,28.79,28.79,27.56,28.54,29859
2010-10-07,28.73,28.73,28.17,28.32,20157
2010-10-08,28.38,28.63,28.35,28.61,23337
2010-10-11,28.7,28.7,28.43,28.44,16717
2010-10-12,28.43,28.7,28.42,28.7,15605
2010-10-13,28.85,29.12,28.8,28.98,13124
2010-10-14,29.05,29.06,28.83,28.93,69278
2010-10-15,28.95,28.95,28.68,28.81,19440
2010-10-18,28.92,29.23,28.92,29.17,11877
2010-10-19,28.38,28.41,28.1,28.1,14981
2010-10-20,28.15,28.77,28.15,28.67,22587
2010-10-21,28.58,28.84,28.29,28.44,21087
2010-10-22,28.85,28.85,28.6,28.66,2503
2010-10-25,29.03,29.31,29.03,29.07,29367
2010-10-26,28.6,28.66,28.5,28.62,22846
2010-10-27,28.43,28.43,28.16,28.35,10700
2010-10-28,28.9,28.95,28.82,28.86,36081
2010-10-29,29.36,29.46,29.3,29.41,16541
2010-11-01,29.66,29.66,29.22,29.22,5913
2010-11-02,29.93,30.03,29.9,29.96,10299
2010-11-03,30.1,30.3,29.92,30.29,29914
2010-11-04,31.2,31.2,31.07,31.15,20835
2010-11-05,30.88,30.97,30.62,30.95,19241
2010-11-08,30.43,30.52,30.2,30.46,36546
2010-11-09,30.82,30.82,29.91,29.91,29290
2010-11-10,30.55,30.63,30.19,30.63,21091
2010-11-11,30.37,30.37,30.12,30.23,70123
2010-11-12,30.05,30.14,29.69,29.9,20481
2010-11-15,30.32,30.38,30.01,30.06,24539
2010-11-16,29.85,29.85,29.38,29.53,37917
2010-11-17,29.52,29.68,29.47,29.54,23555
2010-11-18,29.88,30.0,29.84,29.99,8003
2010-11-19,29.63,29.82,29.52,29.82,9759
2010-11-22,29.6,29.81,29.46,29.81,12713
2010-11-23,29.12,29.14,28.68,28.71,26885
2010-11-24,,,,29.3,0
2010-11-26,28.69,28.71,28.58,28.58,17397
2010-11-29,28.5,28.68,28.28,28.68,12952
2010-11-30,28.29,28.55,28.29,28.43,7249
2010-12-01,28.6,28.92,28.6,28.9,8670
2010-12-02,28.58,29.16,28.58,29.12,12901
2010-12-03,29.05,29.5,29.05,29.42,17269
2010-12-06,29.25,29.32,29.18,29.32,9144
2010-12-07,29.42,29.54,29.09,29.1,16096
2010-12-08,28.98,28.98,28.72,28.76,67986
2010-12-09,28.66,28.66,28.47,28.65,50030
2010-12-10,28.57,28.57,28.46,28.48,14288
2010-12-13,28.82,29.06,28.82,28.89,18307
2010-12-14,28.83,28.85,28.66,28.67,13380
2010-12-15,28.4,28.55,28.19,28.19,8726
2010-12-16,28.18,28.3,28.04,28.27,14040
2010-12-17,28.4,28.48,28.32,28.45,8729
2010-12-20,28.64,28.73,28.57,28.71,26279
2010-12-21,28.28,28.29,28.2,28.24,17633
2010-12-22,28.24,28.26,28.16,28.24,13559
2010-12-23,,,,28.42,0
2010-12-27,28.47,28.5,28.32,28.49,9419
2010-12-28,28.65,28.81,28.61,28.81,9071
2010-12-29,28.88,29.15,28.88,29.15,6223
2010-12-30,29.22,29.33,29.12,29.24,6472
2010-12-31,29.21,29.42,29.17,29.38,10940
2011-01-03,29.45,29.53,29.32,29.42,22891
2011-01-04,29.05,29.14,28.88,28.99,18726
2011-01-05,28.85,29.09,28.85,29.0,177549
2011-01-06,29.0,29.0,28.62,28.69,24542
2011-01-07,28.76,28.83,28.34,28.65,37165
2011-01-10,28.5,28.79,28.46,28.73,75220
2011-01-11,28.66,28.84,28.65,28.83,23229
2011-01-12,28.8,29.05,28.79,29.05,10455
2011-01-13,29.51,29.58,29.36,29.36,14930
2011-01-14,,,,29.45,0
2011-01-18,29.38,29.42,29.26,29.33,14668
2011-01-19,29.4,29.45,28.99,29.03,26622
2011-01-20,28.7,28.72,28.4,28.72,10707
2011-01-21,29.04,29.04,28.85,28.94,9249
2011-01-24,28.96,29.22,28.93,29.13,18856
2011-01-25,29.09,29.27,29.03,29.27,13180
2011-01-26,29.22,29.55,29.2,29.55,10404
2011-01-27,29.41,29.55,29.37,29.46,6801
2011-01-28,29.73,29.73,29.22,29.28,29185
2011-01-31,29.3,29.5,29.24,29.43,14713
2011-02-01,29.5,29.91,29.5,29.9,38041
2011-02-02,29.73,29.74,29.57,29.65,4878
2011-02-03,29.12,29.44,29.12,29.44,5113
2011-02-04,29.51,29.64,29.37,29.48,6345
2011-02-07,29.71,29.87,29.7,29.76,7240
2011-02-08,29.6,29.95,29.6,29.84,3797
2011-02-09,29.64,29.65,29.55,29.57,4456
2011-02-10,29.13,29.3,29.11,29.11,3600
2011-02-11,28.8,29.12,28.75,29.12,11554
2011-02-14,28.94,28.99,28.91,28.96,21665
2011-02-15,28.89,28.97,28.81,28.88,10761
2011-02-16,28.75,29.03,28.75,29.03,3170
2011-02-17,29.13,29.33,29.07,29.33,3264
2011-02-18,,,,29.49,0
2011-02-22,28.56,28.67,28.31,28.31,6194
2011-02-23,28.44,28.49,28.24,28.41,31428
2011-02-24,28.52,28.53,28.26,28.47,12413
2011-02-25,28.54,28.68,28.53,28.67,5700
2011-02-28,28.66,28.79,28.66,28.74,18936
2011-03-01,28.8,28.8,28.5,28.5,37814
2011-03-02,28.51,28.72,28.51,28.69,13072
2011-03-03,28.93,28.93,28.76,28.86,41390
2011-03-04,28.74,28.74,28.4,28.58,48588
2011-03-07,28.86,28.86,28.46,28.58,12828
2011-03-08,28.47,28.8,28.46,28.72,21118
2011-03-09,28.63,28.63,28.49,28.54,15147
2011-03-10,28.14,28.29,28.1,28.18,25957
2011-03-11,28.16,28.66,28.16,28.56,31359
2011-03-14,27.92,28.18,27.9,28.14,21861
2011-03-15,27.38,27.73,27.04,27.69,54455
2011-03-16,27.51,27.53,26.88,27.08,56030
2011-03-17,27.32,27.34,27.09,27.16,24095
2011-03-18,27.41,27.61,27.41,27.55,6046
2011-03-21,27.95,28.04,27.88,27.95,12997
2011-03-22,28.25,28.25,28.13,28.15,3124
2011-03-23,28.05,28.5,28.05,28.49,7616
2011-03-24,28.71,29.02,28.71,28.98,51740
2011-03-25,28.97,29.08,28.83,28.88,36432
2011-03-28,29.0,29.27,29.0,29.07,15038
2011-03-29,29.09,29.55,29.09,29.55,6194
2011-03-30,29.55,29.74,29.55,29.73,3654
2011-03-31,29.74,29.95,29.73,29.81,36161
2011-04-01,29.98,30.23,29.92,30.12,17860
2011-04-04,30.04,30.22,29.96,30.15,55964
2011-04-05,30.1,30.37,30.1,30.24,6715
2011-04-06,30.37,30.53,30.36,30.49,8539
2011-04-07,30.4,30.5,30.18,30.36,27109
2011-04-08,30.53,30.69,30.29,30.29,20687
2011-04-11,30.66,30.69,30.41,30.48,8203
2011-04-12,30.63,30.63,30.46,30.52,8873
2011-04-13,30.94,30.94,30.68,30.73,4278
2011-04-14,30.67,30.95,30.61,30.95,18595
2011-04-15,31.16,31.36,31.04,31.33,80169
2011-04-18,30.84,30.84,30.26,30.67,49900
2011-04-19,30.76,30.76,30.57,30.7,7840
2011-04-20,31.23,31.54,31.23,31.39,12437
2011-04-21,,,,31.67,0
2011-04-25,31.61,31.61,31.44,31.51,2796
2011-04-26,31.73,31.99,31.7,31.96,16978
2011-04-27,32.03,32.11,31.64,32.09,28624
2011-04-28,31.81,31.94,31.61,31.94,6802
2011-04-29,32.04,32.38,32.04,32.36,1260
2011-05-02,31.9,32.15,31.86,31.86,54590
2011-05-03,31.54,31.72,31.29,31.41,42654
2011-05-04,31.64,31.64,30.98,31.24,42337
2011-05-05,30.98,31.11,30.75,30.88,10407
2011-05-06,31.69,31.92,31.38,31.5,18770
2011-05-09,31.59,31.78,31.49,31.77,1236
2011-05-10,31.88,32.07,31.75,32.03,11399
2011-05-11,31.96,31.96,31.57,31.64,14461
2011-05-12,31.64,32.26,31.64,32.11,11820
2011-05-13,31.96,31.96,31.32,31.44,6797
2011-05-16,31.56,31.89,31.55,31.55,14873
2011-05-17,31.44,31.84,31.44,31.84,10154
2011-05-18,31.99,32.16,31.91,32.15,12599
2011-05-19,32.18,32.18,31.87,32.08,12862
2011-05-20,32.27,32.41,31.94,32.19,47508
2011-05-23,31.56,31.81,31.54,31.81,26764
2011-05-24,32.33,32.57,32.33,32.48,25243
2011-05-25,32.35,32.71,32.35,32.64,19824
2011-05-26,32.62,32.67,32.42,32.65,8680
2011-05-27,,,,32.73,0
2011-05-31,33.37,33.53,33.18,33.53,31341
2011-06-01,33.43,33.46,32.7,32.77,15563
2011-06-02,33.04,33.07,32.82,33.03,35526
2011-06-03,32.52,32.92,32.35,32.75,67023
2011-06-06,32.8,32.88,32.57,32.7,56623
2011-06-07,33.05,33.12,32.88,32.89,18323
2011-06-08,33.05,33.05,32.85,32.9,19365
2011-06-09,32.96,33.32,32.96,33.26,16480
2011-06-10,33.13,33.13,32.71,32.74,22157
2011-06-13,32.45,32.54,32.23,32.54,11356
2011-06-14,32.71,32.93,32.66,32.85,20132
2011-06-15,32.55,32.59,32.11,32.17,10674
2011-06-16,32.08,32.2,31.94,32.08,11820
2011-06-17,32.61,32.61,32.36,32.41,23737
2011-06-20,32.4,32.47,32.25,32.42,31357
2011-06-21,32.41,32.72,32.38,32.72,39580
2011-06-22,32.09,32.36,32.09,32.09,16957
2011-06-23,31.75,32.24,31.67,32.22,22970
2011-06-24,31.92,31.94,31.65,31.72,10200
2011-06-27,31.52,31.79,31.29,31.79,5590
2011-06-28,31.65,31.97,31.55,31.91,16993
2011-06-29,31.78,32.06,31.73,32.04,8019
2011-06-30,32.35,32.59,32.35,32.58,13682
2011-07-01,,,,32.81,0
2011-07-05,32.6,32.7,32.41,32.42,12814
2011-07-06,32.17,32.26,32.02,32.17,51938
2011-07-07,32.65,32.79,32.54,32.78,28713
2011-07-08,32.31,32.7,32.31,32.68,21212
2011-07-11,32.34,32.34,32.04,32.1,28317
2011-07-12,31.86,32.09,31.86,31.89,14877
2011-07-13,32.1,32.66,32.1,32.46,10145
2011-07-14,32.73,32.96,32.51,32.51,4378
2011-07-15,32.66,32.74,32.41,32.74,5929
2011-07-18,32.51,32.51,32.31,32.43,13826
2011-07-19,33.11,33.33,33.11,33.32,33406
2011-07-20,33.28,33.43,33.19,33.4,22340
2011-07-21,33.61,33.93,33.61,33.87,12867
2011-07-22,33.99,34.14,33.92,34.11,32554
2011-07-25,33.93,34.15,33.79,34.05,18456
2011-07-26,34.15,34.15,33.88,34.05,10299
2011-07-27,34.16,34.16,33.58,33.65,16632
2011-07-28,33.97,34.1,33.73,33.73,8436
2011-07-29,33.75,34.25,33.64,34.0,8280
2011-08-01,34.45,34.45,33.88,34.09,9599
2011-08-02,33.91,34.08,33.74,33.74,6753
2011-08-03,33.68,33.68,33.15,33.52,16628
2011-08-04,32.87,32.91,31.82,31.9,36563
2011-08-05,31.63,31.95,30.99,31.81,44465
2011-08-08,30.34,30.51,29.27,29.33,71649
2011-08-09,29.42,30.29,28.61,30.29,56005
2011-08-10,29.53,29.65,28.66,28.7,30204
2011-08-11,29.57,30.7,29.47,30.57,26274
2011-08-12,30.57,30.61,30.46,30.6,4141
2011-08-15,30.92,31.25,30.68,31.25,32305
2011-08-16,31.13,31.51,31.03,31.41,8495
2011-08-17,31.77,31.8,31.56,31.6,3747
2011-08-18,30.97,30.97,30.32,30.62,6913
2011-08-19,31.04,31.5,30.69,30.69,17327
2011-08-22,31.52,31.56,31.11,31.15,13980
2011-08-23,31.24,32.49,31.17,32.36,75549
2011-08-24,31.55,31.75,31.44,31.71,14419
2011-08-25,31.74,31.81,31.28,31.53,15456
2011-08-26,31.28,32.05,31.21,31.97,5700
2011-08-29,32.2,32.47,32.2,32.44,10704
2011-08-30,32.29,32.67,32.29,32.66,6163
2011-08-31,32.82,32.91,32.49,32.57,22193
2011-09-01,32.36,32.41,32.17,32.18,10004
2011-09-02,31.79,31.9,31.53,31.56,3654
2011-09-06,30.99,31.11,30.68,30.82,54197
2011-09-07,31.28,31.74,31.28,31.55,13651
2011-09-08,31.53,31.73,31.31,31.31,1802
2011-09-09,31.05,31.12,30.71,30.77,8878
2011-09-12,30.52,30.85,30.2,30.72,47526
2011-09-13,31.01,31.1,30.83,31.05,9000
2011-09-14,31.02,31.31,30.84,31.14,21793
2011-09-15,31.26,31.69,31.13,31.31,42310
2011-09-16,31.54,31.69,31.38,31.56,16790
2011-09-19,30.98,31.45,30.86,31.29,11056
2011-09-20,31.37,31.54,31.25,31.26,5700
2011-09-21,31.16,31.19,30.0,30.0,16352
2011-09-22,29.34,29.63,29.08,29.54,16090
2011-09-23,29.33,29.56,28.99,29.13,36736
2011-09-26,29.07,29.42,28.76,29.42,10680
2011-09-27,30.02,30.74,30.02,30.37,69263
2011-09-28,30.12,30.12,29.33,29.33,8460
2011-09-29,29.99,30.11,28.9,29.27,68612
2011-09-30,29.23,29.58,28.85,28.98,35464
2011-10-03,29.1,29.21,28.51,28.61,45236
2011-10-04,28.54,29.46,28.07,29.41,32347
2011-10-05,29.46,29.85,29.13,29.7,23554
2011-10-06,29.47,29.99,29.4,29.99,9724
2011-10-07,30.14,30.2,29.84,29.91,55484
2011-10-10,30.42,30.58,30.34,30.57,18591
2011-10-11,30.38,30.66,30.38,30.53,13425
2011-10-12,30.38,30.61,30.23,30.36,42254
2011-10-13,29.75,29.8,29.54,29.8,6497
2011-10-14,30.31,30.4,30.21,30.4,7744
2011-10-17,29.95,29.95,29.33,29.33,6400
2011-10-18,29.11,30.0,29.11,29.74,6500
2011-10-19,29.79,29.79,29.04,29.09,78920
2011-10-20,29.47,29.68,29.03,29.54,51003
2011-10-21,29.8,30.09,29.79,30.07,18670
2011-10-24,30.18,30.56,30.08,30.38,15569
2011-10-25,29.46,29.71,28.97,29.04,58478
2011-10-26,29.74,29.74,29.17,29.46,25457
2011-10-27,30.53,30.91,30.53,30.82,10582
2011-10-28,30.74,31.03,30.74,31.01,12196
2011-10-31,30.39,30.5,30.13,30.13,20512
2011-11-01,29.46,29.85,29.46,29.54,12490
2011-11-02,29.75,29.87,29.6,29.77,19535
2011-11-03,30.1,30.24,29.65,30.19,37158
2011-11-04,29.64,29.9,29.63,29.82,104202
2011-11-07,30.05,30.23,29.86,30.19,7102
2011-11-08,30.31,30.52,30.08,30.52,15308
2011-11-09,29.34,29.63,29.05,29.12,11524
2011-11-10,29.35,29.48,29.35,29.48,264
2011-11-11,29.62,30.01,29.62,29.91,12114
2011-11-14,29.25,29.29,28.9,28.9,4213
2011-11-15,28.92,28.98,28.88,28.98,2900
2011-11-16,28.51,28.58,28.19,28.19,3940
2011-11-17,28.08,28.13,27.67,27.68,12920
2011-11-18,27.97,27.97,27.74,27.74,3200
2011-11-21,27.5,27.5,27.09,27.31,6493
2011-11-22,27.31,27.39,27.09,27.31,12825
2011-11-23,,,,27.16,0
2011-11-25,27.0,27.3,26.97,26.97,19523
2011-11-28,27.66,27.99,27.57,27.63,18532
2011-11-29,27.98,28.08,27.85,27.94,5100
2011-11-30,29.29,29.39,28.96,29.31,20364
2011-12-01,28.77,28.91,28.68,28.69,15100
2011-12-02,28.88,28.94,28.76,28.76,2200
2011-12-05,29.19,29.19,28.94,28.94,3100
2011-12-06,28.97,29.14,28.9,28.99,3050
2011-12-07,28.65,28.79,28.49,28.79,19150
2011-12-08,28.6,28.6,28.17,28.17,1217
2011-12-09,28.68,29.01,28.68,29.01,1975
2011-12-12,28.35,28.36,28.07,28.11,7600
2011-12-13,28.51,28.7,27.97,27.97,2391
2011-12-14,27.91,27.95,27.7,27.72,475
2011-12-15,28.1,28.1,27.88,27.88,21922
2011-12-16,28.06,28.21,27.86,27.99,22922
2011-12-19,28.12,28.12,27.5,27.54,7102
2011-12-20,26.8,26.89,26.8,26.89,300
2011-12-21,26.66,26.66,26.41,26.66,4327
2011-12-22,26.74,26.88,26.74,26.85,7700
2011-12-23,,,,26.9,0
2011-12-27,26.79,26.91,26.78,26.82,5519
2011-12-28,27.15,27.16,26.76,26.77,5601
2011-12-29,26.95,27.18,26.93,27.16,6956
2011-12-30,,,,27.56,0
2012-01-03,28.07,28.32,28.07,28.22,7907
2012-01-04,27.93,28.15,27.82,28.03,24483
2012-01-05,27.79,27.79,27.58,27.77,7902
2012-01-06,27.59,27.59,27.4,27.42,51034
2012-01-09,27.53,27.71,27.47,27.71,25689
2012-01-10,27.85,28.07,27.85,27.87,5020
2012-01-11,27.69,27.93,27.69,27.88,4643
2012-01-12,27.7,27.88,27.62,27.84,4329
2012-01-13,,,,27.57,0
2012-01-17,28.02,28.04,27.94,27.97,10807
2012-01-18,28.35,28.62,28.25,28.62,8934
2012-01-19,28.54,28.58,28.53,28.55,5239
2012-01-20,28.67,28.75,28.59,28.69,3783
2012-01-23,29.03,29.11,28.88,29.01,7813
2012-01-24,28.48,28.85,28.48,28.84,6669
2012-01-25,28.63,29.26,28.59,29.26,9000
2012-01-26,29.54,29.56,29.14,29.17,13320
2012-01-27,29.46,29.56,29.44,29.55,4920
2012-01-30,29.41,29.52,29.41,29.46,2452
2012-01-31,29.78,29.78,29.54,29.54,4100
2012-02-01,30.13,30.22,30.05,30.06,2737
2012-02-02,29.98,30.06,29.96,29.96,2604
2012-02-03,30.26,30.36,30.26,30.36,501
2012-02-06,30.11,30.22,30.06,30.22,8157
2012-02-07,30.01,30.25,29.94,30.25,8050
2012-02-08,30.37,30.37,30.14,30.24,500
2012-02-09,30.43,30.5,30.3,30.37,11800
2012-02-10,30.23,30.28,30.21,30.23,13343
2012-02-13,30.47,30.47,30.39,30.44,1114
2012-02-14,30.19,30.29,30.05,30.28,13236
2012-02-15,29.98,29.98,29.82,29.82,106
2012-02-16,29.76,30.12,29.76,30.09,30466
2012-02-17,29.97,29.97,29.82,29.92,8345
2012-02-21,30.35,30.35,30.14,30.21,22568
2012-02-22,29.78,29.95,29.78,29.95,140
2012-02-23,29.88,30.25,29.88,30.25,4007
2012-02-24,30.15,30.16,30.09,30.16,600
2012-02-27,29.88,30.24,29.86,30.24,2400
2012-02-28,30.08,30.16,30.01,30.13,1765
2012-02-29,30.54,30.54,29.99,29.99,6301
2012-03-01,30.31,30.54,30.31,30.41,16392
2012-03-02,30.52,30.55,30.34,30.36,1750
2012-03-05,30.45,30.46,30.24,30.24,11450
2012-03-06,29.96,29.99,29.91,29.91,18449
2012-03-07,30.28,30.58,30.28,30.53,31718
2012-03-08,30.75,30.92,30.75,30.85,13953
2012-03-09,30.96,31.21,30.94,31.07,17224
2012-03-12,31.1,31.18,30.95,31.18,7972
2012-03-13,31.38,31.61,31.38,31.58,11234
2012-03-14,31.38,31.45,31.09,31.12,23836
2012-03-15,31.66,31.9,31.5,31.85,30197
2012-03-16,31.82,31.87,31.8,31.81,3710
2012-03-19,31.57,31.84,31.57,31.77,20175
2012-03-20,31.29,31.42,31.28,31.37,16861
2012-03-21,31.33,31.46,31.24,31.46,7098
2012-03-22,30.79,30.93,30.79,30.91,4232
2012-03-23,30.79,31.14,30.7,31.14,8411
2012-03-26,31.53,31.69,31.38,31.69,14494
2012-03-27,31.63,31.69,31.52,31.52,7320
2012-03-28,31.38,31.38,31.1,31.13,10891
2012-03-29,31.13,31.3,31.13,31.3,450
2012-03-30,31.7,31.7,31.63,31.66,16716
2012-04-02,31.54,31.77,31.38,31.72,8922
2012-04-03,31.4,31.43,31.21,31.28,17850
2012-04-04,31.04,31.04,30.93,30.99,2394
2012-04-05,30.9,31.07,30.89,30.98,34770
2012-04-09,30.83,30.93,30.74,30.86,6100
2012-04-10,31.15,31.2,30.7,30.75,18334
2012-04-11,31.17,31.2,30.98,31.01,5285
2012-04-12,31.33,31.64,31.33,31.62,3400
2012-04-13,31.62,31.62,31.23,31.25,18475
2012-04-16,31.27,31.32,31.11,31.19,4500
2012-04-17,31.32,31.62,31.26,31.55,14114
2012-04-18,31.48,31.6,31.42,31.46,76995
2012-04-19,31.36,31.63,31.36,31.36,1400
2012-04-20,31.28,31.54,31.28,31.39,21758
2012-04-23,31.11,31.22,31.06,31.22,6034
2012-04-24,31.48,31.58,31.37,31.48,7274
2012-04-25,31.64,31.83,31.61,31.83,9000
2012-04-26,31.55,31.66,31.51,31.66,5288
2012-04-27,31.78,31.94,31.71,31.86,11013
2012-04-30,31.92,31.92,31.72,31.72,9480
2012-05-01,32.02,32.14,32.02,32.08,2527
2012-05-02,31.96,32.2,31.96,32.2,900
2012-05-03,31.53,31.54,31.34,31.36,19129
2012-05-04,30.91,30.91,30.65,30.74,4574
2012-05-07,30.74,31.0,30.74,30.91,15940
2012-05-08,30.6,30.65,30.43,30.61,9500
2012-05-09,30.45,30.69,30.41,30.64,2658
2012-05-10,30.98,31.01,30.76,30.76,7500
2012-05-11,30.44,30.71,30.44,30.51,4300
2012-05-14,30.2,30.27,30.08,30.22,13144
2012-05-15,29.83,29.93,29.61,29.63,6932
2012-05-16,29.51,29.65,29.32,29.35,14014
2012-05-17,29.34,29.37,29.02,29.02,26232
2012-05-18,29.22,29.22,28.76,28.76,13588
2012-05-21,28.94,29.45,28.94,29.42,10419
2012-05-22,29.51,29.72,29.13,29.19,15979
2012-05-23,28.71,28.92,28.5,28.92,6822
2012-05-24,28.91,28.98,28.67,28.78,6675
2012-05-25,28.85,28.85,28.68,28.7,1300
2012-05-29,28.95,29.07,28.81,28.99,6254
2012-05-30,28.7,28.74,28.58,28.58,7346
2012-05-31,28.87,28.87,28.67,28.77,1800
2012-06-01,28.13,28.25,27.96,27.97,12373
2012-06-04,28.1,28.16,27.86,28.1,23187
2012-06-05,28.1,28.31,28.02,28.29,35507
2012-06-06,28.9,29.29,28.85,29.29,18851
2012-06-07,29.34,29.34,29.04,29.06,2023
2012-06-08,28.73,28.97,28.73,28.97,2240
2012-06-11,29.26,29.26,28.6,28.6,2874
2012-06-12,28.86,29.06,28.72,28.98,26156
2012-06-13,28.6,28.6,28.28,28.33,5174
2012-06-14,28.72,29.02,28.72,29.0,15776
2012-06-15,29.32,29.6,29.32,29.6,5683
2012-06-18,29.49,29.73,29.49,29.73,11258
2012-06-19,30.21,30.32,30.16,30.26,4749
2012-06-20,29.86,29.86,29.53,29.71,8943
2012-06-21,29.03,29.03,28.3,28.3,29819
2012-06-22,28.46,28.65,28.46,28.65,6255
2012-06-25,28.51,28.51,28.32,28.41,9879
2012-06-26,28.5,28.5,28.35,28.46,5142
2012-06-27,28.42,28.69,28.42,28.66,7928
2012-06-28,28.46,28.57,28.37,28.57,5284
2012-06-29,28.98,29.06,28.93,28.99,15262
2012-07-02,29.32,29.43,29.24,29.38,6625
2012-07-03,29.33,29.48,29.25,29.35,40383
2012-07-05,29.56,29.82,29.56,29.73,5900
2012-07-06,29.42,29.47,29.37,29.47,4480
2012-07-09,29.37,29.52,29.32,29.5,31502
2012-07-10,29.44,29.49,29.1,29.13,4823
2012-07-11,29.38,29.53,29.36,29.42,3328
2012-07-12,29.34,29.49,29.27,29.48,8146
2012-07-13,29.67,29.74,29.64,29.74,3790
2012-07-16,29.37,29.37,29.19,29.21,9000
2012-07-17,29.15,29.24,28.82,29.24,12068
2012-07-18,29.25,29.57,29.25,29.52,7122
2012-07-19,29.55,29.59,29.54,29.59,335
2012-07-20,29.24,29.27,29.16,29.19,9031
2012-07-23,28.88,28.94,28.7,28.94,9006
2012-07-24,28.61,28.69,28.56,28.69,6100
2012-07-25,28.91,29.08,28.81,28.95,4640
2012-07-26,29.61,29.75,29.58,29.72,7932
2012-07-27,29.95,30.19,29.94,30.19,800
2012-07-30,30.21,30.23,30.11,30.11,3917
2012-07-31,30.3,30.36,30.25,30.34,2300
2012-08-01,30.37,30.52,30.25,30.25,5193
2012-08-02,30.29,30.56,30.21,30.28,19970
2012-08-03,30.73,31.04,30.61,31.0,34014
2012-08-06,31.13,31.14,31.05,31.08,4830
2012-08-07,31.25,31.34,31.15,31.16,97807
2012-08-08,30.9,30.96,30.9,30.96,600
2012-08-09,30.62,30.79,30.62,30.65,11593
2012-08-10,30.6,30.81,30.6,30.76,13753
2012-08-13,30.9,30.9,30.77,30.86,7600
2012-08-14,31.03,31.03,30.81,30.82,3139
2012-08-15,30.93,31.18,30.93,31.17,4777
2012-08-16,31.03,31.18,30.97,31.18,10136
2012-08-17,31.18,31.19,31.02,31.09,6997
2012-08-20,31.3,31.4,31.23,31.33,4064
2012-08-21,31.74,31.74,31.58,31.58,2200
2012-08-22,31.32,31.51,31.24,31.51,3791
2012-08-23,31.43,31.43,31.29,31.43,17758
2012-08-24,31.0,31.12,30.89,31.12,2100
2012-08-27,31.01,31.02,30.91,30.98,5840
2012-08-28,30.87,30.97,30.86,30.87,2612
2012-08-29,30.84,30.84,30.69,30.69,2725
2012-08-30,30.7,30.7,30.55,30.55,2070
2012-08-31,31.13,31.14,30.91,31.04,8703
2012-09-04,30.79,30.81,30.61,30.69,19650
2012-09-05,30.88,30.88,30.61,30.68,43105
2012-09-06,30.96,31.45,30.96,31.39,37759
2012-09-07,31.6,31.87,31.58,31.85,20464
2012-09-10,31.88,31.96,31.77,31.77,11863
2012-09-11,32.2,32.55,32.2,32.49,9070
2012-09-12,32.91,32.91,32.75,32.83,1982
2012-09-13,32.77,33.63,32.77,33.51,13480
2012-09-14,33.36,33.59,33.34,33.46,38811
2012-09-17,33.56,33.56,33.32,33.34,3779
2012-09-18,33.19,33.28,33.19,33.27,2196
2012-09-19,33.3,33.36,33.24,33.26,12315
2012-09-20,33.31,33.51,33.3,33.5,9819
2012-09-21,33.7,33.7,33.53,33.54,2565
2012-09-24,33.12,33.2,33.06,33.16,8687
2012-09-25,33.45,33.51,33.02,33.03,26645
2012-09-26,32.9,33.13,32.9,33.06,7321
2012-09-27,33.33,33.6,33.33,33.54,1622
2012-09-28,33.69,33.77,33.47,33.66,27420
2012-10-01,33.92,34.1,33.86,33.87,23821
2012-10-02,34.4,34.4,34.09,34.19,37123
2012-10-03,34.21,34.21,33.93,34.02,29636
2012-10-04,33.97,34.06,33.81,34.0,9888
2012-10-05,34.21,34.39,33.93,34.02,15292
2012-10-08,34.28,34.34,34.08,34.16,28051
2012-10-09,34.03,34.04,33.69,33.73,21551
2012-10-10,33.81,33.81,33.59,33.61,12398
2012-10-11,33.82,33.87,33.62,33.62,10752
2012-10-12,33.65,33.74,33.65,33.71,918
2012-10-15,34.05,34.23,33.83,34.16,27188
2012-10-16,34.05,34.25,34.04,34.25,16567
2012-10-17,34.53,34.82,34.53,34.76,22634
2012-10-18,34.86,34.96,34.74,34.74,7849
2012-10-19,34.9,34.9,34.41,34.41,1679
2012-10-22,32.62,34.6,32.62,34.6,13777
2012-10-23,34.14,34.35,34.14,34.35,1663
2012-10-24,34.6,34.76,34.51,34.51,4958
2012-10-25,35.05,35.05,34.57,34.72,10038
2012-10-26,34.84,34.93,34.71,34.93,8466
2012-10-31,34.19,34.44,34.15,34.44,17419
2012-11-01,34.64,34.69,34.56,34.61,10044
2012-11-02,34.44,34.44,34.0,34.01,16260
2012-11-05,34.0,34.08,33.98,33.98,8762
2012-11-06,34.47,34.52,34.32,34.5,8387
2012-11-07,34.4,34.4,33.95,34.05,36965
2012-11-08,34.21,34.21,33.78,33.79,11575
2012-11-09,33.76,34.12,33.76,34.0,8277
2012-11-12,34.35,34.49,34.3,34.39,18423
2012-11-13,34.29,34.51,34.29,34.34,22968
2012-11-14,33.97,34.09,33.58,33.67,13987
2012-11-15,33.87,34.08,33.7,33.96,51728
2012-11-16,33.66,33.92,33.56,33.74,35808
2012-11-19,33.93,34.26,33.93,34.26,17171
2012-11-20,34.34,34.34,34.13,34.29,7245
2012-11-21,34.08,34.15,33.95,34.08,16293
2012-11-23,34.55,35.0,34.54,35.0,13485
2012-11-26,34.81,35.01,34.67,34.87,28595
2012-11-27,34.81,34.81,34.49,34.66,16689
2012-11-28,34.59,34.98,34.59,34.75,13639
2012-11-29,34.92,34.98,34.71,34.84,36481
2012-11-30,34.83,35.03,34.71,34.84,52702
2012-12-03,34.9,34.9,34.57,34.71,209300
2012-12-04,34.72,34.72,34.48,34.67,55283
2012-12-05,34.47,34.79,34.14,34.14,65553
2012-12-06,34.93,35.29,34.93,35.18,144017
2012-12-07,35.38,35.38,35.18,35.35,41239
2012-12-10,35.46,35.6,35.21,35.24,152425
2012-12-11,35.51,35.57,35.39,35.49,27421
2012-12-12,35.28,35.41,35.06,35.2,24712
2012-12-13,35.12,35.15,34.77,34.86,306912
2012-12-14,35.06,35.34,34.84,35.12,49711
2012-12-17,34.98,35.07,34.77,35.03,62359
2012-12-18,34.23,34.26,33.94,34.25,73984
2012-12-19,34.48,34.56,34.21,34.3,123814
2012-12-20,34.91,34.94,34.71,34.93,21517
2012-12-21,34.25,34.34,34.08,34.31,30433
2012-12-24,34.21,34.22,34.08,34.09,11015
2012-12-26,34.05,34.05,33.6,33.92,35171
2012-12-27,33.99,34.12,33.73,34.11,15869
2012-12-28,34.17,34.29,33.97,34.06,24976
2012-12-31,34.02,34.92,34.02,34.58,27153
2013-01-02,35.14,35.23,34.9,35.06,65039
2013-01-03,34.85,34.86,34.49,34.55,23481
2013-01-04,34.48,34.77,34.43,34.69,82676
2013-01-07,34.84,35.1,34.63,34.84,86564
2013-01-08,34.9,34.93,34.65,34.92,38550
2013-01-09,35.17,35.31,35.12,35.21,86034
2013-01-10,35.59,35.69,35.37,35.67,103342
2013-01-11,35.54,35.54,35.34,35.37,55488
2013-01-14,35.69,35.8,35.53,35.76,55975
2013-01-15,35.86,36.0,35.71,35.97,48965
2013-01-16,35.7,36.01,35.7,35.96,66025
2013-01-17,36.21,36.41,36.21,36.39,59111
2013-01-18,35.85,35.93,35.66,35.93,29261
2013-01-22,36.19,36.26,36.09,36.25,20546
2013-01-23,36.38,36.38,36.1,36.23,25766
2013-01-24,36.13,36.2,36.02,36.03,36592
2013-01-25,36.28,36.32,36.05,36.17,35376
2013-01-28,36.11,36.11,35.8,35.93,55209
2013-01-29,36.04,36.22,35.91,36.18,46768
2013-01-30,36.33,36.48,36.23,36.43,77954
2013-01-31,36.61,36.89,36.61,36.7,222585
2013-02-01,37.03,37.11,36.91,37.02,179940
2013-02-04,36.84,36.94,36.72,36.76,121060
2013-02-05,36.5,36.73,36.41,36.65,48534
2013-02-06,36.26,36.5,36.21,36.5,74894
2013-02-07,35.97,35.97,35.49,35.72,107384
2013-02-08,36.09,36.34,36.09,36.15,153973
2013-02-11,35.98,36.16,35.96,36.09,18651
2013-02-12,36.2,36.43,36.2,36.28,14817
2013-02-13,36.32,36.34,36.24,36.32,33818
2013-02-14,36.68,36.81,36.61,36.73,44628
2013-02-15,36.45,36.47,36.09,36.23,36298
2013-02-19,36.65,36.9,36.63,36.76,29822
2013-02-20,36.0,36.0,35.56,35.58,45636
2013-02-21,35.37,35.44,35.1,35.29,52648
2013-02-22,35.72,35.99,35.72,35.99,32419
2013-02-25,36.33,36.35,35.68,35.69,25296
2013-02-26,35.83,35.83,35.43,35.64,17006
2013-02-27,35.89,36.22,35.86,36.15,65807
2013-02-28,36.47,36.5,36.23,36.31,52142
2013-03-01,36.17,36.38,36.17,36.35,26094
2013-03-04,35.61,35.86,35.54,35.76,120434
2013-03-05,36.0,36.24,35.94,36.21,74960
2013-03-06,36.4,36.42,36.12,36.2,48338
2013-03-07,36.55,36.72,36.49,36.59,22291
2013-03-08,36.62,36.65,35.87,36.15,184923
2013-03-11,36.27,36.59,36.27,36.51,31386
2013-03-12,36.75,36.75,36.47,36.58,31624
2013-03-13,36.3,36.3,36.05,36.21,19230
2013-03-14,36.25,36.54,36.23,36.5,23723
2013-03-15,36.41,36.64,36.32,36.6,120661
2013-03-18,36.04,36.38,36.04,36.2,56693
2013-03-19,36.09,36.09,35.82,36.06,37505
2013-03-20,36.08,36.11,35.97,36.04,62027
2013-03-21,36.13,36.33,36.07,36.12,82666
2013-03-22,36.37,36.55,36.35,36.54,19515
2013-03-25,36.42,36.42,36.03,36.18,30947
2013-03-26,36.35,36.6,36.35,36.6,33767
2013-03-27,36.85,37.12,36.84,37.07,14917
2013-03-28,37.16,37.3,37.15,37.27,37984
2013-04-01,37.12,37.33,37.02,37.19,56937
2013-04-02,37.23,37.37,37.18,37.23,106229
2013-04-03,37.5,37.55,37.15,37.25,120904
2013-04-04,37.31,37.64,37.28,37.51,237121
2013-04-05,37.03,37.64,37.03,37.55,91606
2013-04-08,37.3,37.49,37.24,37.48,117304
2013-04-09,37.51,37.74,37.33,37.6,99448
2013-04-10,37.97,38.23,37.94,38.18,158819
2013-04-11,38.29,38.45,38.19,38.36,111673
2013-04-12,38.11,38.33,37.97,38.19,38808
2013-04-15,37.71,37.76,37.08,37.08,117388
2013-04-16,37.71,37.98,37.65,37.96,164788
2013-04-17,37.8,37.9,37.59,37.67,95957
2013-04-18,37.73,37.74,37.34,37.48,42170
2013-04-19,37.79,37.83,37.64,37.76,51431
2013-04-22,37.95,38.08,37.73,38.05,100849
2013-04-23,38.27,38.54,38.27,38.48,54582
2013-04-24,38.58,38.82,38.49,38.76,29823
2013-04-25,39.09,39.19,38.89,39.01,19713
2013-04-26,38.92,38.92,38.65,38.74,27490
2013-04-29,39.13,39.56,39.13,39.52,55961
2013-04-30,39.5,39.66,39.38,39.61,79714
2013-05-01,39.15,39.23,38.95,39.02,62273
2013-05-02,38.83,39.08,38.82,39.04,118125
2013-05-03,38.91,39.04,38.86,38.96,70013
2013-05-06,38.92,39.29,38.92,39.26,141424
2013-05-07,39.39,39.39,39.09,39.3,64515
2013-05-08,39.04,39.27,38.93,39.25,232057
2013-05-09,39.34,39.4,38.86,39.1,25825
2013-05-10,38.93,38.93,38.61,38.86,38108
2013-05-13,38.86,38.9,38.62,38.68,71456
2013-05-14,38.36,38.57,38.29,38.43,66516
2013-05-15,38.45,38.45,38.24,38.38,68443
2013-05-16,38.11,38.12,37.73,37.76,90987
2013-05-17,36.89,37.17,36.77,36.88,186855
2013-05-20,36.98,37.33,36.98,37.2,272665
2013-05-21,37.1,37.35,36.92,37.21,26978
2013-05-22,37.22,37.68,36.69,36.77,86929
2013-05-23,37.04,37.32,36.82,37.2,47844
2013-05-24,36.26,36.44,36.2,36.36,63578
2013-05-28,36.37,36.46,36.03,36.09,94626
2013-05-29,36.16,36.29,36.06,36.17,81768
2013-05-30,35.89,36.05,35.53,35.77,26483
2013-05-31,35.63,35.63,35.22,35.26,66199
2013-06-03,35.29,35.81,35.28,35.68,289252
2013-06-04,35.49,35.57,35.3,35.5,116886
2013-06-05,35.2,35.26,34.56,34.66,310347
2013-06-06,34.86,35.54,34.84,35.54,35451
2013-06-07,35.02,35.21,34.77,34.89,127842
2013-06-10,35.02,35.2,34.9,35.08,39684
2013-06-11,34.37,34.94,34.35,34.75,53581
2013-06-12,35.44,35.47,34.96,35.01,36448
2013-06-13,34.89,35.69,34.89,35.57,32539
2013-06-14,35.4,35.64,35.05,35.13,36759
2013-06-17,35.55,35.9,35.23,35.46,32075
2013-06-18,35.6,35.77,35.56,35.61,43991
2013-06-19,35.52,35.66,34.68,34.74,70212
2013-06-20,33.87,34.0,33.3,33.54,36646
2013-06-21,33.62,33.83,33.09,33.57,150646
2013-06-24,33.68,34.03,33.41,33.76,61762
2013-06-25,33.63,33.82,33.37,33.53,58304
2013-06-26,34.27,34.68,34.26,34.33,57747
2013-06-27,33.62,33.96,33.52,33.55,57011
2013-06-28,33.55,33.68,33.2,33.55,204748
2013-07-01,33.55,33.93,33.55,33.72,57326
2013-07-02,33.58,33.82,33.48,33.59,137410
2013-07-03,33.45,33.96,33.45,33.89,19398
2013-07-05,33.91,34.07,33.48,33.71,43284
2013-07-08,34.28,34.44,34.13,34.19,63338
2013-07-09,34.74,34.77,34.49,34.71,36819
2013-07-10,35.01,35.05,34.65,34.74,39437
2013-07-11,35.03,35.06,34.65,35.0,27021
2013-07-12,34.63,34.81,34.58,34.74,29287
2013-07-15,34.88,35.22,34.88,35.15,38896
2013-07-16,35.02,35.2,34.96,35.2,24893
2013-07-17,35.45,35.5,35.27,35.39,19149
2013-07-18,35.21,35.32,35.14,35.28,21798
2013-07-19,35.41,35.41,35.24,35.33,42206
2013-07-22,35.42,35.48,35.26,35.28,175164
2013-07-23,35.5,35.67,35.45,35.55,110757
2013-07-24,35.46,35.56,35.23,35.37,21774
2013-07-25,35.63,36.06,35.6,36.01,74808
2013-07-26,35.84,36.17,35.66,36.15,51901
2013-07-29,35.85,35.94,35.6,35.74,35956
2013-07-30,35.45,35.45,35.12,35.29,19845
2013-07-31,35.0,35.38,34.96,35.18,37616
2013-08-01,34.97,35.13,34.9,34.99,20354
2013-08-02,34.91,35.14,34.91,35.11,35622
2013-08-05,34.76,34.86,34.65,34.8,75092
2013-08-06,34.92,35.1,34.75,34.99,49805
2013-08-07,35.01,35.21,35.01,35.08,43528
2013-08-08,35.33,35.71,35.3,35.67,37043
2013-08-09,35.57,35.57,35.33,35.48,11435
2013-08-12,35.41,35.41,35.23,35.3,6693
2013-08-13,35.01,35.16,34.82,35.1,15260
2013-08-14,35.33,35.41,35.23,35.27,24428
2013-08-15,35.17,35.39,34.91,35.37,44789
2013-08-16,35.61,35.68,35.37,35.52,20292
2013-08-19,35.48,35.48,35.19,35.19,6441
2013-08-20,34.94,35.13,34.94,35.08,38269
2013-08-21,34.8,35.1,34.72,34.72,40286
2013-08-22,34.42,34.8,34.37,34.7,27876
2013-08-23,34.49,34.49,33.96,34.48,38418
2013-08-26,34.82,34.82,34.53,34.56,16684
2013-08-27,34.15,34.28,34.05,34.1,32203
2013-08-28,34.04,34.34,34.04,34.24,22590
2013-08-29,33.95,34.24,33.95,34.1,27782
2013-08-30,34.1,34.21,33.83,33.85,46554
2013-09-03,34.95,35.0,34.64,34.77,64445
2013-09-04,35.18,35.42,35.08,35.29,153998
2013-09-05,35.18,35.3,35.09,35.11,117696
2013-09-06,35.8,35.8,35.5,35.67,240950
2013-09-09,35.93,36.05,35.76,36.05,30876
2013-09-10,36.2,36.46,36.2,36.44,155662
2013-09-11,36.38,36.51,36.26,36.45,18553
2013-09-12,36.59,36.8,36.59,36.65,16701
2013-09-13,36.85,36.96,36.83,36.83,14740
2013-09-16,37.64,37.64,37.23,37.23,19169
2013-09-17,37.73,37.83,37.68,37.79,8644
2013-09-18,37.72,38.77,37.61,38.64,51199
2013-09-19,39.0,39.0,38.65,38.71,16421
2013-09-20,38.79,38.79,38.45,38.45,25216
2013-09-23,38.29,38.38,38.21,38.34,7247
2013-09-24,38.14,38.26,37.97,38.03,8843
2013-09-25,38.28,38.56,38.28,38.33,11101
2013-09-26,38.62,38.7,38.45,38.55,6047
2013-09-27,38.65,38.67,38.43,38.65,8315
2013-09-30,38.53,38.58,38.23,38.46,10919
2013-10-01,38.41,38.81,38.26,38.8,110169
2013-10-02,38.34,38.99,38.34,38.96,47928
2013-10-03,38.66,38.7,38.56,38.7,31096
2013-10-04,38.85,39.06,38.77,39.04,47959
2013-10-07,38.78,38.93,38.62,38.76,9003
2013-10-08,38.81,38.81,38.27,38.4,16456
2013-10-09,38.26,38.41,38.04,38.27,43298
2013-10-10,38.46,38.79,38.31,38.79,32536
2013-10-11,38.69,38.94,38.69,38.79,73414
2013-10-14,38.98,38.98,38.63,38.82,58671
2013-10-15,38.73,38.83,38.57,38.69,46454
2013-10-16,39.12,39.35,39.07,39.34,33056
2013-10-17,39.57,39.88,39.57,39.84,20213
2013-10-18,39.6,39.88,39.6,39.86,29636
2013-10-21,39.73,39.9,39.66,39.82,22330
2013-10-22,40.43,40.63,40.15,40.51,13615
2013-10-23,40.14,40.23,40.03,40.22,13457
2013-10-24,39.58,39.73,39.49,39.73,20971
2013-10-25,39.87,39.9,39.63,39.66,17210
2013-10-28,39.7,39.92,39.68,39.71,30215
2013-10-29,39.48,39.48,39.23,39.32,38149
2013-10-30,39.47,39.47,38.88,39.12,41934
2013-10-31,39.76,39.91,39.53,39.53,52340
2013-11-01,39.56,39.71,39.42,39.47,106241
2013-11-04,39.97,40.07,39.7,39.96,17534
2013-11-05,40.32,40.34,40.04,40.31,50210
2013-11-06,40.7,41.06,40.7,40.92,14184
2013-11-07,40.45,40.45,39.98,40.1,15650
2013-11-08,40.31,40.39,40.11,40.31,50452
2013-11-11,39.92,39.98,39.81,39.97,12632
2013-11-12,39.53,39.85,39.51,39.56,19025
2013-11-13,39.7,40.22,39.7,40.22,28455
2013-11-14,39.95,40.29,39.93,40.22,10558
2013-11-15,40.41,40.49,40.19,40.49,2307
2013-11-18,40.27,40.35,40.02,40.02,5047
2013-11-19,39.95,39.95,39.7,39.9,9307
2013-11-20,39.62,39.78,39.26,39.28,15165
2013-11-21,38.98,39.07,38.85,39.02,14369
2013-11-22,38.6,38.88,38.41,38.88,16170
2013-11-25,38.9,38.9,38.66,38.71,22484
2013-11-26,38.3,38.5,38.3,38.49,24344
2013-11-27,38.34,38.34,38.16,38.25,21148
2013-11-29,38.25,38.28,37.93,37.96,35785
2013-12-02,38.17,38.33,38.06,38.06,39278
2013-12-03,38.19,38.38,38.19,38.37,32422
2013-12-04,37.53,37.75,37.4,37.72,57464
2013-12-05,37.31,37.68,37.23,37.64,19237
2013-12-06,37.73,38.16,37.73,38.15,6734
2013-12-09,37.9,38.09,37.9,38.01,51196
2013-12-10,38.07,38.1,37.95,38.01,19933
2013-12-11,37.89,37.89,37.54,37.7,34336
2013-12-12,37.77,38.01,37.77,37.96,8621
2013-12-13,37.96,38.16,37.93,38.11,25410
2013-12-16,38.57,38.62,38.41,38.57,41227
2013-12-17,38.37,38.38,38.05,38.14,20897
2013-12-18,36.67,37.21,36.49,36.95,48055
2013-12-19,36.72,37.0,36.72,37.0,20110
2013-12-20,36.73,36.95,36.64,36.85,31181
2013-12-23,37.04,37.27,37.04,37.16,33745
2013-12-24,37.53,37.58,37.29,37.29,6040
2013-12-26,37.62,37.62,37.1,37.13,20662
2013-12-27,37.48,37.6,37.19,37.31,6004
2013-12-30,37.34,37.41,37.15,37.4,28442
2013-12-31,37.16,37.4,37.16,37.34,10513
2014-01-02,37.25,37.28,37.03,37.2,57163
2014-01-03,37.75,38.21,37.71,37.91,103976
2014-01-06,37.91,38.15,37.86,38.01,94347
2014-01-07,38.07,38.23,37.84,38.06,69717
2014-01-08,38.06,38.16,37.9,37.93,16780
2014-01-09,38.13,38.25,37.92,38.24,39336
2014-01-10,38.55,38.84,38.28,38.8,32079
2014-01-13,39.34,39.58,39.08,39.19,120204
2014-01-14,39.28,39.41,39.22,39.32,12637
2014-01-15,39.54,39.68,39.42,39.5,18483
2014-01-16,39.56,39.69,39.44,39.69,25306
2014-01-17,39.18,39.18,38.94,39.0,23867
2014-01-21,39.71,39.72,39.33,39.42,14903
2014-01-22,39.87,39.87,39.49,39.52,56186
2014-01-23,39.45,39.5,39.03,39.26,20202
2014-01-24,38.55,38.84,38.2,38.21,55337
2014-01-27,38.21,38.28,37.67,38.11,34027
2014-01-28,38.54,38.58,38.31,38.48,18732
2014-01-29,38.45,38.47,37.89,37.98,36632
2014-01-30,37.96,38.08,37.73,37.93,21785
2014-01-31,37.55,37.79,37.55,37.68,21427
2014-02-03,37.61,37.64,37.25,37.3,89274
2014-02-04,37.55,37.98,37.4,37.98,25759
2014-02-05,38.04,38.04,37.65,37.79,26838
2014-02-06,38.16,38.46,38.13,38.35,45277
2014-02-07,38.32,38.63,38.32,38.62,5983
2014-02-10,38.2,38.48,38.2,38.3,14913
2014-02-11,38.54,38.93,38.54,38.81,12273
2014-02-12,38.81,38.96,38.75,38.76,12283
2014-02-13,39.06,39.22,39.05,39.16,18102
2014-02-14,39.4,39.46,39.29,39.4,21412
2014-02-18,39.1,39.12,38.85,39.08,75504
2014-02-19,39.13,39.34,38.84,38.87,30594
2014-02-20,39.11,39.25,39.02,39.23,12121
2014-02-21,39.19,39.19,38.94,39.02,8742
2014-02-24,39.53,39.93,39.52,39.66,18550
2014-02-25,39.52,39.69,39.49,39.53,7574
2014-02-26,39.5,39.65,39.34,39.42,11939
2014-02-27,39.52,39.91,39.52,39.76,10611
2014-02-28,40.12,40.2,39.93,39.93,13742
2014-03-03,40.0,40.3,39.97,40.13,58720
2014-03-04,40.58,40.85,40.57,40.83,81866
2014-03-05,41.24,41.24,40.99,41.1,165171
2014-03-06,41.58,41.89,41.52,41.57,80943
2014-03-07,41.83,41.83,41.51,41.59,6652
2014-03-10,41.67,41.76,41.43,41.64,16795
2014-03-11,41.84,41.84,41.23,41.39,9925
2014-03-12,41.39,41.55,41.38,41.4,5438
2014-03-13,42.07,42.24,41.61,41.72,21196
2014-03-14,41.66,41.8,41.5,41.63,24196
2014-03-17,41.89,42.2,41.89,42.15,107777
2014-03-18,42.47,42.83,42.47,42.81,27260
2014-03-19,42.92,42.92,42.07,42.36,25236
2014-03-20,42.3,42.43,42.12,42.29,12145
2014-03-21,42.2,42.32,42.04,42.16,42454
2014-03-24,42.15,42.18,42.0,42.11,7591
2014-03-25,42.4,42.52,42.24,42.38,72750
2014-03-26,42.4,42.49,42.35,42.35,4310
2014-03-27,42.65,42.89,42.59,42.69,19491
2014-03-28,42.99,43.05,42.78,42.9,27484
2014-03-31,42.85,43.05,42.76,42.95,140563
2014-04-01,43.11,43.32,42.7,42.81,160005
2014-04-02,42.38,42.81,42.15,42.21,39955
2014-04-03,42.29,42.39,42.18,42.25,48006
2014-04-04,42.5,42.55,42.15,42.16,46308
2014-04-07,41.88,42.04,41.77,41.92,34161
2014-04-08,41.87,42.16,41.87,42.09,26442
2014-04-09,42.93,42.93,42.27,42.75,25943
2014-04-10,42.58,43.05,42.54,42.59,24202
2014-04-11,42.64,42.65,42.42,42.53,33739
2014-04-14,42.35,42.46,42.26,42.34,46451
2014-04-15,42.48,42.48,42.1,42.34,28394
2014-04-16,42.49,42.49,42.18,42.45,30790
2014-04-17,42.47,42.58,42.17,42.22,39748
2014-04-21,42.2,42.32,42.12,42.23,12588
2014-04-22,42.4,42.48,42.32,42.33,20268
2014-04-23,42.4,42.63,42.25,42.63,9816
2014-04-24,42.67,42.67,42.46,42.52,11555
2014-04-25,42.45,42.73,42.45,42.6,5673
2014-04-28,42.21,42.25,41.93,42.23,24979
2014-04-29,42.51,42.55,42.4,42.52,22260
2014-04-30,43.06,43.5,43.06,43.41,69368
2014-05-01,43.0,43.46,43.0,43.32,151459
2014-05-02,43.58,43.79,43.53,43.76,61834
2014-05-05,43.37,43.65,43.28,43.59,59937
2014-05-06,43.27,43.75,43.27,43.43,33439
2014-05-07,43.4,43.53,43.3,43.49,21616
2014-05-08,43.06,43.25,42.97,43.16,16716
2014-05-09,42.86,42.96,42.57,42.64,38453
2014-05-12,42.8,43.14,42.69,43.09,130960
2014-05-13,43.35,43.46,43.26,43.29,12518
2014-05-14,43.45,43.57,43.41,43.47,11949
2014-05-15,43.44,43.44,43.01,43.21,30786
2014-05-16,43.26,43.32,43.15,43.23,15518
2014-05-19,43.0,43.13,42.79,43.05,8512
2014-05-20,42.48,42.48,41.96,42.25,32711
2014-05-21,42.16,42.25,42.04,42.23,21160
2014-05-22,42.22,42.33,42.15,42.25,20518
2014-05-23,42.36,42.49,42.36,42.41,16344
2014-05-27,42.35,42.35,42.2,42.27,17150
2014-05-28,42.36,42.4,42.26,42.36,49503
2014-05-29,42.25,42.3,42.09,42.22,33215
2014-05-30,42.3,42.31,42.22,42.31,32330
2014-06-02,42.01,42.18,41.9,41.95,223160
2014-06-03,41.88,41.96,41.62,41.7,149294
2014-06-04,41.48,41.77,41.45,41.66,25051
2014-06-05,41.82,42.12,41.67,42.0,92222
2014-06-06,42.2,42.29,42.18,42.21,20344
2014-06-09,42.08,42.26,42.08,42.21,14453
2014-06-10,42.0,42.24,42.0,42.22,24901
2014-06-11,42.3,42.38,42.21,42.32,36054
2014-06-12,42.98,43.18,42.96,43.09,28837
2014-06-13,42.9,42.91,42.7,42.81,14944
2014-06-16,42.86,43.15,42.86,42.93,51015
2014-06-17,42.81,43.19,42.81,42.91,22403
2014-06-18,43.03,43.33,42.93,43.29,29400
2014-06-19,43.16,43.3,43.12,43.22,8074
2014-06-20,42.77,42.81,42.56,42.8,20204
2014-06-23,42.75,42.75,42.53,42.63,9878
2014-06-24,42.45,42.53,42.38,42.38,47864
2014-06-25,41.42,41.81,41.42,41.72,15893
2014-06-26,41.84,42.03,41.84,42.01,7509
2014-06-27,42.16,42.19,42.0,42.18,14986
2014-06-30,41.85,42.13,41.61,42.13,135048
2014-07-01,42.12,42.47,42.12,42.35,64414
2014-07-02,42.28,42.36,42.12,42.25,51571
2014-07-03,42.21,42.54,42.21,42.47,21638
2014-07-07,42.39,42.6,42.39,42.46,18507
2014-07-08,42.46,42.58,42.34,42.48,18826
2014-07-09,42.29,42.41,42.16,42.29,42461
2014-07-10,42.06,42.29,42.01,42.22,10633
2014-07-11,42.0,42.08,41.92,42.0,17129
2014-07-14,42.18,42.25,42.02,42.09,20544
2014-07-15,42.04,42.12,41.78,41.86,98240
2014-07-16,41.7,41.7,41.58,41.63,14325
2014-07-17,41.41,41.58,41.27,41.27,18989
2014-07-18,41.25,41.45,41.18,41.43,18914
2014-07-21,41.34,41.64,41.34,41.55,14367
2014-07-22,41.57,41.67,41.38,41.46,18989
2014-07-23,41.6,41.74,41.6,41.69,15565
2014-07-24,41.58,41.58,41.36,41.39,6921
2014-07-25,41.56,41.57,41.43,41.57,13935
2014-07-28,41.47,41.5,41.38,41.45,8067
2014-07-29,41.16,41.16,40.84,40.85,33556
2014-07-30,40.82,40.82,40.57,40.65,12239
2014-07-31,40.65,40.75,40.58,40.6,38078
2014-08-01,40.29,40.65,40.21,40.29,13377
2014-08-04,40.27,40.34,40.05,40.28,88710
2014-08-05,40.39,40.39,39.96,40.06,42103
2014-08-06,39.9,40.24,39.89,40.16,18371
2014-08-07,40.08,40.32,40.04,40.16,108235
2014-08-08,40.01,40.1,39.93,40.03,13280
2014-08-11,39.89,40.02,39.77,39.78,8791
2014-08-12,39.73,39.73,39.6,39.64,20873
2014-08-13,39.79,40.04,39.73,39.9,34295
2014-08-14,40.11,40.25,40.11,40.14,11269
2014-08-15,40.41,40.44,40.18,40.36,13535
2014-08-18,40.25,40.33,40.17,40.24,8967
2014-08-19,40.37,40.51,40.35,40.38,18752
2014-08-20,40.3,40.57,40.3,40.52,46187
2014-08-21,40.47,40.6,40.47,40.59,3966
2014-08-22,40.54,40.75,40.45,40.6,13964
2014-08-25,40.51,40.59,40.41,40.41,19261
2014-08-26,40.69,40.69,40.47,40.48,2313
2014-08-27,41.02,41.18,41.02,41.05,4762
2014-08-28,41.13,41.14,40.91,41.05,15026
2014-08-29,40.92,40.92,40.77,40.83,7794
2014-09-02,40.85,40.85,40.46,40.65,131088
2014-09-03,40.6,40.65,40.44,40.64,192801
2014-09-04,40.49,40.82,40.42,40.47,36464
2014-09-05,40.72,40.94,40.65,40.91,11733
2014-09-08,40.87,40.87,40.62,40.8,10877
2014-09-09,40.5,40.59,40.33,40.43,35821
2014-09-10,40.23,40.45,40.23,40.39,13366
2014-09-11,40.33,40.33,40.16,40.27,33853
2014-09-12,39.92,39.92,39.67,39.74,13914
2014-09-15,39.84,39.99,39.74,39.86,15328
2014-09-16,39.48,40.0,39.36,39.86,66105
2014-09-17,39.34,39.34,38.86,38.96,19728
2014-09-18,39.23,39.33,39.07,39.25,30727
2014-09-19,39.52,39.52,39.09,39.17,6203
2014-09-22,39.74,39.95,39.74,39.85,36801
2014-09-23,39.72,39.72,39.46,39.54,16706
2014-09-24,39.67,39.97,39.67,39.9,17521
2014-09-25,39.28,39.28,38.99,39.05,60681
2014-09-26,38.95,38.95,38.74,38.88,17048
2014-09-29,38.23,38.5,38.23,38.24,34940
2014-09-30,38.2,38.5,38.2,38.49,11920
2014-10-01,38.62,38.79,38.3,38.32,47848
2014-10-02,38.67,38.93,38.46,38.77,35617
2014-10-03,38.17,38.42,38.09,38.29,16608
2014-10-06,38.2,38.44,38.2,38.44,2984
2014-10-07,38.48,38.49,38.25,38.29,31741
2014-10-08,38.3,39.15,38.3,39.11,17459
2014-10-09,38.91,39.18,38.5,38.51,15450
2014-10-10,38.24,38.53,38.1,38.1,16742
2014-10-13,38.5,38.54,38.11,38.11,8881
2014-10-14,38.07,38.07,37.68,37.82,68871
2014-10-15,38.13,38.71,37.99,38.67,42268
2014-10-16,37.86,38.64,37.83,38.38,16556
2014-10-17,38.81,38.81,38.4,38.48,10686
2014-10-20,38.66,39.12,38.66,39.09,6597
2014-10-21,39.8,39.81,39.36,39.43,19328
2014-10-22,39.42,39.64,39.3,39.31,7188
2014-10-23,39.3,39.3,39.0,39.02,9820
2014-10-24,39.44,39.64,39.44,39.61,6467
2014-10-27,39.76,39.79,39.54,39.77,17806
2014-10-28,39.85,40.06,39.85,40.02,15186
2014-10-29,40.07,40.27,39.42,39.42,17511
2014-10-30,39.51,39.9,39.51,39.88,12609
2014-10-31,39.62,39.79,39.58,39.78,7118
2014-11-03,39.5,39.63,39.45,39.45,84424
2014-11-04,39.78,39.92,39.72,39.84,77272
2014-11-05,39.37,39.55,39.08,39.54,10674
2014-11-06,39.58,39.58,39.22,39.36,24893
2014-11-07,39.29,39.68,39.29,39.6,3582
2014-11-10,40.27,40.41,40.1,40.17,22355
2014-11-11,40.44,40.77,40.44,40.61,2232
2014-11-12,40.73,41.09,40.73,40.96,55124
2014-11-13,40.78,40.97,40.72,40.81,7644
2014-11-14,40.63,41.21,40.63,41.15,11960
2014-11-17,41.23,41.33,41.14,41.23,35687
2014-11-18,41.35,41.48,41.35,41.37,18939
2014-11-19,41.17,41.23,40.88,40.97,8236
2014-11-20,41.03,41.25,41.01,41.14,16325
2014-11-21,41.11,41.15,40.89,40.89,33273
2014-11-24,40.5,40.65,40.43,40.59,27596
2014-11-25,39.93,40.22,39.86,39.98,38542
2014-11-26,40.24,40.52,40.24,40.5,4100
2014-11-28,40.19,40.19,40.01,40.01,17981
2014-12-01,40.19,40.42,40.14,40.3,136925
2014-12-02,40.22,40.22,39.83,40.06,32700
2014-12-03,40.3,40.44,40.28,40.29,21585
2014-12-04,40.35,40.63,40.34,40.48,16658
2014-12-05,40.16,40.31,40.12,40.16,12878
2014-12-08,39.95,39.95,39.68,39.73,35527
2014-12-09,39.94,40.28,39.94,40.03,17812
2014-12-10,40.08,40.54,39.8,40.53,60244
2014-12-11,40.56,40.72,40.52,40.53,6398
2014-12-12,40.45,40.51,40.33,40.33,18661
2014-12-15,40.41,40.41,40.02,40.04,107834
2014-12-16,40.46,40.71,40.33,40.35,19904
2014-12-17,39.35,39.64,38.9,39.2,22148
2014-12-18,39.65,39.82,39.49,39.79,11836
2014-12-19,39.76,39.76,39.42,39.6,8262
2014-12-22,39.68,39.75,39.43,39.51,13311
2014-12-23,39.53,39.59,39.28,39.3,5735
2014-12-24,39.38,39.64,39.38,39.52,4773
2014-12-26,39.48,39.78,39.48,39.61,24032
2014-12-29,40.0,40.28,39.97,40.0,29072
2014-12-30,40.15,40.29,40.04,40.06,15640
2014-12-31,40.12,40.23,39.88,39.98,73522
2015-01-02,39.62,39.63,39.21,39.63,99479
2015-01-05,39.6,39.77,39.48,39.51,31073
2015-01-06,39.77,40.05,39.77,39.88,70382
2015-01-07,39.89,40.03,39.69,40.01,80288
2015-01-08,40.26,40.46,40.26,40.35,21748
2015-01-09,40.38,40.38,40.22,40.26,13068
2015-01-12,40.21,40.33,40.09,40.33,28706
2015-01-13,40.41,40.42,40.08,40.08,19470
2015-01-14,40.22,40.38,40.19,40.29,14314
2015-01-15,40.77,40.99,40.59,40.79,12021
2015-01-16,40.59,40.76,40.52,40.72,10595
2015-01-20,40.46,40.46,39.88,40.09,18886
2015-01-21,40.43,40.43,39.75,39.87,24960
2015-01-22,39.64,39.64,39.31,39.35,26151
2015-01-23,39.18,39.34,39.1,39.1,26772
2015-01-26,39.13,39.33,39.13,39.25,16440
2015-01-27,39.39,39.62,39.39,39.51,24960
2015-01-28,40.19,40.28,39.5,39.5,22328
2015-01-29,39.0,39.0,38.64,38.87,27866
2015-01-30,38.44,38.65,38.28,38.55,28313
2015-02-02,38.64,38.96,38.54,38.68,164055
2015-02-03,38.87,39.86,38.78,39.71,20854
2015-02-04,39.37,39.57,39.25,39.44,19758
2015-02-05,39.67,39.96,39.54,39.89,17642
2015-02-06,39.82,39.86,39.33,39.46,25327
2015-02-09,39.55,39.62,39.49,39.49,12098
2015-02-10,39.48,39.77,39.48,39.73,4949
2015-02-11,39.62,39.63,39.42,39.52,5949
2015-02-12,39.17,39.87,39.17,39.73,13347
2015-02-13,39.93,39.98,39.83,39.85,11986
2015-02-17,40.05,40.34,39.91,40.11,19201
2015-02-18,39.86,40.06,39.67,39.99,38884
2015-02-19,39.74,39.91,39.62,39.72,9686
2015-02-20,39.88,40.12,39.88,39.96,13835
2015-02-23,39.89,39.96,39.71,39.82,5227
2015-02-24,39.54,39.63,39.28,39.62,41855
2015-02-25,40.47,40.81,40.47,40.58,29142
2015-02-26,40.84,40.95,40.65,40.75,38502
2015-02-27,40.87,41.12,40.87,40.95,14069
2015-03-02,41.05,41.22,40.82,41.02,10657
2015-03-03,41.01,41.28,41.01,41.05,7033
2015-03-04,41.12,41.15,40.87,41.1,19233
2015-03-05,40.62,40.7,40.35,40.5,24019
2015-03-06,40.52,40.52,39.95,39.95,9553
2015-03-09,40.19,40.35,40.05,40.3,9890
2015-03-10,39.68,39.74,39.21,39.21,19226
2015-03-11,39.24,39.24,38.77,38.89,43820
2015-03-12,40.2,40.4,39.98,40.19,10188
2015-03-13,39.94,39.94,39.67,39.71,12427
2015-03-16,40.25,40.52,40.2,40.43,28148
2015-03-17,39.89,40.07,39.65,39.79,10102
2015-03-18,39.47,40.55,39.47,40.55,42366
2015-03-19,40.06,40.06,39.57,39.9,34950
2015-03-20,40.75,41.17,40.49,40.97,31598
2015-03-23,41.15,41.5,40.99,41.46,24592
2015-03-24,41.38,41.65,41.14,41.31,21082
2015-03-25,41.19,41.33,40.69,40.71,36693
2015-03-26,40.85,40.99,40.5,40.7,73253
2015-03-27,40.91,40.96,40.52,40.93,49437
2015-03-30,40.59,40.63,40.15,40.28,60195
2015-03-31,40.22,40.3,40.03,40.06,25297
2015-04-01,40.05,40.26,39.96,40.12,6692
2015-04-02,40.02,40.35,40.02,40.25,16856
2015-04-06,40.54,40.93,40.54,40.65,6697
2015-04-07,40.82,40.82,40.3,40.39,8229
2015-04-08,40.85,40.98,40.74,40.83,3249
2015-04-09,40.99,40.99,40.53,40.78,18363
2015-04-10,40.65,40.77,40.5,40.63,10694
2015-04-13,40.19,40.28,40.02,40.15,28065
2015-04-14,40.77,40.92,40.54,40.82,38503
2015-04-15,40.78,41.15,40.73,41.09,14633
2015-04-16,41.46,41.65,41.2,41.44,82568
2015-04-17,41.48,41.5,41.15,41.3,7290
2015-04-20,41.01,41.33,41.01,41.14,12599
2015-04-21,41.04,41.14,40.86,40.96,15984
2015-04-22,41.0,41.0,40.86,40.9,9102
2015-04-23,40.1,40.29,40.0,40.25,12217
2015-04-24,40.35,40.42,40.19,40.3,36761
2015-04-27,40.33,40.68,40.33,40.5,14655
2015-04-28,40.89,41.07,40.81,40.99,16442
2015-04-29,40.5,40.82,40.5,40.62,11697
2015-04-30,40.59,40.61,40.48,40.55,25380
2015-05-01,40.52,40.56,40.29,40.38,7259
2015-05-04,40.25,40.37,40.21,40.33,29775
2015-05-05,40.36,40.48,40.19,40.38,6967
2015-05-06,40.12,40.12,39.67,39.87,11099
2015-05-07,39.5,39.53,39.26,39.46,11926
2015-05-08,39.71,39.87,39.48,39.71,5695
2015-05-11,39.19,39.24,38.93,39.04,10619
2015-05-12,39.19,39.22,38.9,39.08,8721
2015-05-13,39.54,39.81,39.5,39.65,16120
2015-05-14,40.06,40.06,39.72,39.89,29836
2015-05-15,39.72,39.91,39.52,39.76,17328
2015-05-18,39.5,39.65,39.23,39.45,13782
2015-05-19,39.3,39.3,39.01,39.09,29745
2015-05-20,39.0,39.07,38.79,38.89,24730
2015-05-21,39.0,39.25,38.73,39.17,19990
2015-05-22,39.04,39.1,38.8,39.05,35294
2015-05-26,39.13,39.13,38.57,38.61,67575
2015-05-27,38.56,38.56,38.22,38.43,126726
2015-05-28,38.07,38.3,37.9,38.03,40285
2015-05-29,38.15,38.42,37.91,38.12,67833
2015-06-01,38.33,38.33,37.91,37.91,46389
2015-06-02,38.5,38.88,38.5,38.69,31983
2015-06-03,38.63,38.95,38.54,38.58,11525
2015-06-04,38.68,38.68,38.26,38.45,14215
2015-06-05,38.12,38.35,38.03,38.06,19568
2015-06-08,38.45,38.81,38.36,38.8,35799
2015-06-09,38.63,38.68,38.43,38.61,167392
2015-06-10,38.47,38.78,38.47,38.78,14704
2015-06-11,38.05,38.11,37.62,37.89,27976
2015-06-12,37.74,37.74,37.35,37.67,19421
2015-06-15,37.81,37.81,37.45,37.64,19052
2015-06-16,37.43,37.7,37.36,37.61,11090
2015-06-17,37.08,37.27,36.62,37.15,38683
2015-06-18,37.04,37.1,36.74,36.85,11973
2015-06-19,36.88,36.88,36.55,36.56,11631
2015-06-22,36.71,36.71,36.41,36.55,44741
2015-06-23,36.08,36.32,35.9,36.3,17546
2015-06-24,36.34,36.48,36.26,36.45,5500
2015-06-25,35.48,35.48,35.29,35.31,29229
2015-06-26,35.29,35.29,35.0,35.07,41115
2015-06-29,34.94,34.98,34.72,34.83,23505
2015-06-30,34.77,34.77,34.53,34.68,8784
2015-07-01,35.13,35.13,34.77,34.82,57054
2015-07-02,34.91,35.14,34.9,34.92,15633
2015-07-06,34.68,34.82,34.47,34.52,19595
2015-07-07,34.2,34.43,34.07,34.35,35258
2015-07-08,34.42,34.71,34.42,34.48,28853
2015-07-09,34.63,34.63,34.34,34.42,98695
2015-07-10,34.22,34.49,34.21,34.48,75934
2015-07-13,34.62,34.62,34.07,34.18,39753
2015-07-14,34.58,34.62,34.43,34.56,8628
2015-07-15,34.47,34.66,34.11,34.21,22694
2015-07-16,34.1,34.13,33.84,33.91,14818
2015-07-17,34.07,34.29,33.97,34.07,23701
2015-07-20,34.26,34.56,34.26,34.35,14807
2015-07-21,34.6,34.87,34.6,34.87,5298
2015-07-22,34.78,34.88,34.7,34.83,14635
2015-07-23,35.01,35.02,34.75,34.87,24285
2015-07-24,34.69,34.75,34.44,34.46,14082
2015-07-27,34.73,34.77,34.46,34.47,41693
2015-07-28,34.81,35.1,34.73,35.0,7614
2015-07-29,35.0,35.16,35.0,35.04,6759
2015-07-30,34.73,34.82,34.52,34.7,47031
2015-07-31,35.14,35.22,34.82,34.86,12488
2015-08-03,35.2,35.27,35.03,35.08,4817
2015-08-04,34.91,34.95,34.55,34.56,15727
2015-08-05,35.03,35.03,34.59,34.69,6709
2015-08-06,34.74,34.74,34.46,34.53,9085
2015-08-07,34.33,34.76,34.25,34.7,47606
2015-08-10,34.68,34.87,34.57,34.74,5981
2015-08-11,34.15,34.32,33.77,33.87,19704
2015-08-12,33.97,34.34,33.95,34.32,15056
2015-08-13,33.55,33.65,33.43,33.59,10290
2015-08-14,33.39,33.5,33.23,33.38,12617
2015-08-17,33.59,33.76,33.51,33.75,13981
2015-08-18,33.52,33.64,33.41,33.51,61892
2015-08-19,33.71,34.14,33.53,33.87,13638
2015-08-20,33.75,34.05,33.75,33.77,11549
2015-08-21,34.24,34.52,34.02,34.04,18729
2015-08-24,32.25,33.11,32.0,32.36,84929
2015-08-25,32.82,33.31,32.39,32.39,46488
2015-08-26,32.44,32.53,31.98,32.28,19602
2015-08-27,32.82,33.02,32.64,32.99,10869
2015-08-28,32.94,33.01,32.74,32.83,124621
2015-08-31,32.48,32.48,31.97,32.22,38202
2015-09-01,32.08,32.08,31.77,31.77,35325
2015-09-02,31.75,31.87,31.61,31.73,12701
2015-09-03,31.7,32.03,31.7,31.85,20649
2015-09-04,31.4,31.54,31.08,31.15,13478
2015-09-08,31.83,32.1,31.65,31.96,40644
2015-09-09,32.56,32.65,32.11,32.13,15956
2015-09-10,31.78,32.06,31.76,31.93,10678
2015-09-11,31.68,31.91,31.6,31.89,19127
2015-09-14,31.9,32.0,31.85,31.94,8567
2015-09-15,31.84,32.28,31.84,32.28,46635
2015-09-16,32.27,32.42,32.26,32.4,8536
2015-09-17,32.25,32.57,32.17,32.35,16992
2015-09-18,32.77,32.77,32.58,32.6,22933
2015-09-21,32.3,32.39,32.17,32.2,13888
2015-09-22,31.81,32.07,31.74,32.07,31245
2015-09-23,31.87,31.87,31.68,31.74,6141
2015-09-24,31.88,32.35,31.88,32.3,25843
2015-09-25,32.42,32.49,32.29,32.4,9272
2015-09-28,32.22,32.22,31.94,31.99,13650
2015-09-29,31.95,32.03,31.64,31.79,32241
2015-09-30,32.03,32.03,31.79,31.98,3347
2015-10-01,31.91,31.91,31.66,31.9,9833
2015-10-02,31.84,32.31,31.84,32.27,4854
2015-10-05,32.72,32.92,32.72,32.87,31317
2015-10-06,32.88,33.14,32.88,33.14,2007
2015-10-07,33.46,33.78,33.36,33.39,21076
2015-10-08,33.17,33.76,33.17,33.76,4617
2015-10-09,33.68,33.78,33.66,33.78,6981
2015-10-12,34.23,34.39,34.11,34.22,4613
2015-10-13,33.9,34.24,33.9,33.98,13547
2015-10-14,34.65,34.87,34.56,34.87,4649
2015-10-15,35.31,35.57,35.31,35.54,10726
2015-10-16,35.59,35.59,35.43,35.49,23616
2015-10-19,35.57,35.6,35.45,35.5,11159
2015-10-20,35.88,35.91,35.57,35.65,17643
2015-10-21,35.65,35.81,35.52,35.52,24472
2015-10-22,36.04,36.3,35.98,36.2,22998
2015-10-23,36.36,36.38,36.2,36.3,36116
2015-10-26,36.25,36.54,36.25,36.43,31748
2015-10-27,36.71,36.8,36.46,36.59,103565
2015-10-28,36.32,36.4,35.7,35.94,11836
2015-10-29,35.92,36.08,35.87,36.08,26301
2015-10-30,36.32,36.5,36.05,36.34,19740
2015-11-02,36.32,36.51,36.2,36.37,40493
2015-11-03,36.38,36.44,35.94,36.21,66634
2015-11-04,36.09,36.46,35.76,35.97,32390
2015-11-05,36.34,36.37,36.05,36.09,23242
2015-11-06,35.55,35.55,35.4,35.54,12039
2015-11-09,35.37,35.44,35.25,35.31,45097
2015-11-10,35.13,35.29,35.09,35.15,7155
2015-11-11,35.39,35.42,35.18,35.26,10811
2015-11-12,35.06,35.15,34.96,35.11,13241
2015-11-13,34.91,34.94,34.79,34.93,6738
2015-11-16,34.57,34.78,34.57,34.78,19601
2015-11-17,34.54,34.67,34.46,34.62,30633
2015-11-18,34.64,34.77,34.44,34.65,110688
2015-11-19,35.04,35.22,35.04,35.09,25945
2015-11-20,35.48,35.49,35.28,35.34,14805
2015-11-23,35.41,35.43,35.29,35.33,13520
2015-11-24,35.48,35.72,35.43,35.71,28772
2015-11-25,35.45,35.68,35.45,35.6,22469
2015-11-27,35.5,35.5,35.37,35.5,9460
2015-11-30,35.73,35.94,35.73,35.77,43816
2015-12-01,36.47,36.7,36.41,36.7,19031
2015-12-02,36.29,36.59,36.23,36.23,154516
2015-12-03,36.22,36.48,36.22,36.39,14370
2015-12-04,36.34,36.98,36.34,36.89,48799
2015-12-07,36.2,36.2,35.88,35.94,42872
2015-12-08,35.84,35.84,35.56,35.66,16256
2015-12-09,36.12,36.5,35.61,36.44,29134
2015-12-10,36.52,36.71,36.4,36.46,26042
2015-12-11,36.37,36.37,36.13,36.13,16043
2015-12-14,36.2,36.53,36.2,36.47,18713
2015-12-15,36.71,36.97,36.71,36.88,50967
2015-12-16,36.82,37.25,36.8,37.03,38823
2015-12-17,36.83,36.83,36.35,36.45,12986
2015-12-18,36.78,36.78,36.64,36.68,10396
2015-12-21,36.39,36.39,36.06,36.27,65624
2015-12-22,36.39,36.63,36.39,36.52,6339
2015-12-23,36.51,36.94,36.51,36.94,24950
2015-12-24,36.85,37.21,36.85,37.21,4934
2015-12-28,37.21,37.21,36.9,36.99,26257
2015-12-29,37.7,37.77,37.54,37.62,42442
2015-12-30,37.64,37.69,37.56,37.6,14605
2015-12-31,37.65,37.75,37.48,37.48,11286
2016-01-04,37.32,37.36,36.9,37.2,23937
2016-01-05,36.81,36.81,36.5,36.72,145658
2016-01-06,36.39,36.45,36.2,36.21,77941
2016-01-07,35.8,36.08,35.72,35.8,66340
2016-01-08,35.16,35.25,34.89,34.89,25089
2016-01-11,35.09,35.09,34.69,34.92,24518
2016-01-12,35.08,35.09,34.72,35.09,36744
2016-01-13,35.2,35.25,34.63,34.77,83379
2016-01-14,34.41,34.78,34.28,34.64,83752
2016-01-15,34.11,34.64,34.04,34.46,75954
2016-01-19,34.83,34.83,34.5,34.65,81098
2016-01-20,34.12,34.53,33.85,34.34,122037
2016-01-21,34.05,34.86,33.97,34.64,128229
2016-01-22,35.01,35.08,34.8,34.97,27137
2016-01-25,34.82,34.99,34.71,34.77,37596
2016-01-26,34.8,35.06,34.76,35.03,60646
2016-01-27,35.1,35.16,34.32,34.41,77116
2016-01-28,34.98,34.98,34.67,34.83,63364
2016-01-29,35.07,35.07,34.79,35.07,60939
2016-02-01,34.79,35.45,34.79,35.39,141313
2016-02-03,35.49,36.02,35.49,35.88,24218
2016-02-04,35.91,36.09,35.91,36.04,17616
2016-02-05,35.67,35.67,35.34,35.34,6111
2016-02-08,35.07,35.21,34.93,35.19,15600
2016-02-09,35.14,35.32,35.06,35.29,21733
2016-02-10,35.03,35.21,35.03,35.13,6426
2016-02-11,34.77,35.13,34.67,35.04,29313
2016-02-12,34.52,34.56,34.3,34.54,38293
2016-02-16,35.08,35.45,34.64,34.95,52420
2016-02-17,35.16,35.57,35.16,35.57,16627
2016-02-18,35.42,35.48,35.31,35.46,25072
2016-02-19,35.42,35.92,35.42,35.82,37444
2016-02-22,36.15,36.36,36.15,36.3,27866
2016-02-23,36.16,36.35,36.07,36.25,169369
2016-02-24,36.46,36.71,36.11,36.71,30727
2016-02-25,36.54,37.01,36.54,37.01,18552
2016-02-26,36.9,36.9,36.3,36.47,37278
2016-02-29,36.39,36.39,36.02,36.13,48982
2016-03-01,36.88,36.94,36.43,36.87,96670
2016-03-02,36.72,37.07,36.49,37.07,52824
2016-03-03,37.35,37.9,37.35,37.64,42687
2016-03-04,38.07,38.59,38.07,38.45,28798
2016-03-07,38.1,38.51,38.1,38.33,34842
2016-03-08,38.19,38.33,38.0,38.23,117958
2016-03-09,38.24,38.63,37.77,38.04,75928
2016-03-10,38.16,38.17,37.87,38.01,35173
2016-03-11,38.36,38.74,38.32,38.72,60053
2016-03-14,38.5,38.62,38.25,38.25,5897
2016-03-15,38.45,38.45,37.98,38.22,42440
2016-03-16,38.13,38.84,37.88,38.84,25125
2016-03-17,39.24,39.56,39.02,39.4,86641
2016-03-18,39.42,39.62,39.37,39.46,56537
2016-03-21,39.52,39.6,39.34,39.56,145281
2016-03-22,39.58,39.6,39.41,39.47,159105
2016-03-23,39.18,39.4,39.05,39.24,39861
2016-03-24,39.27,39.4,39.2,39.35,44091
2016-03-28,39.55,40.42,39.46,39.59,35604
2016-03-29,39.72,40.57,39.71,40.51,77498
2016-03-30,40.97,41.19,40.87,41.11,51565
2016-03-31,41.2,41.4,41.09,41.13,17784
2016-04-01,40.4,40.99,40.22,40.94,63459
2016-04-04,40.86,40.86,40.42,40.43,85837
2016-04-05,40.06,40.25,39.77,40.07,158796
2016-04-06,40.67,40.74,40.38,40.74,18757
2016-04-07,40.36,40.57,40.09,40.29,189345
2016-04-08,40.46,40.55,40.29,40.42,43724
2016-04-11,40.7,40.82,40.6,40.66,27063
2016-04-12,40.88,41.25,40.7,41.22,161633
2016-04-13,41.43,41.51,41.3,41.48,65382
2016-04-14,41.43,41.44,41.3,41.36,43368
2016-04-15,41.48,41.79,41.48,41.68,24916
2016-04-18,42.05,42.24,41.8,42.19,79071
2016-04-19,42.81,42.91,42.6,42.91,29045
2016-04-20,42.71,43.37,42.6,42.67,15061
2016-04-21,42.42,42.42,41.9,42.01,82034
2016-04-22,41.6,41.64,41.24,41.48,44429
2016-04-25,41.55,41.6,41.2,41.25,73374
2016-04-26,41.34,41.41,41.19,41.28,55628
2016-04-27,40.88,41.04,40.51,40.85,51918
2016-04-28,41.32,41.85,40.52,41.44,36736
2016-04-29,41.56,41.96,41.56,41.82,61517
2016-05-02,42.02,42.29,41.88,42.18,157126
2016-05-03,41.93,42.04,41.51,41.54,76329
2016-05-04,41.54,41.71,41.21,41.36,72752
2016-05-05,41.76,41.92,41.67,41.7,51483
2016-05-06,41.53,41.84,41.43,41.79,53272
2016-05-09,41.29,41.65,40.99,40.99,48212
2016-05-10,41.07,41.47,40.25,41.35,58762
2016-05-11,41.65,41.93,40.61,41.71,50183
2016-05-12,41.93,41.95,41.44,41.6,44590
2016-05-13,41.33,41.38,41.14,41.22,50023
2016-05-16,40.9,41.59,40.9,41.56,69644
2016-05-17,41.68,42.06,41.67,41.76,98168
2016-05-18,41.67,41.95,41.35,41.35,102576
2016-05-19,41.07,41.14,40.87,41.02,51603
2016-05-20,41.26,41.42,41.19,41.29,21413
2016-05-23,41.25,41.34,41.04,41.06,26535
2016-05-24,40.96,41.1,40.86,41.0,72288
2016-05-25,41.23,41.43,41.12,41.37,79114
2016-05-26,41.44,41.55,41.3,41.38,19642
2016-05-27,41.43,41.6,41.27,41.33,110908
2016-05-31,41.83,42.17,41.27,41.97,64065
2016-06-01,42.13,42.27,41.9,42.16,194080
2016-06-02,42.06,42.28,42.05,42.2,70419
2016-06-03,42.82,43.21,42.51,43.15,53769
2016-06-06,43.22,43.25,42.83,43.1,52846
2016-06-07,43.09,43.44,43.09,43.3,51499
2016-06-08,43.3,43.5,43.3,43.45,36646
2016-06-09,43.57,43.97,43.57,43.89,17620
2016-06-10,43.57,43.79,43.12,43.22,51260
2016-06-13,43.2,43.34,42.88,43.0,57054
2016-06-14,42.57,42.58,41.98,42.21,69018
2016-06-15,42.61,43.06,42.09,42.77,45196
2016-06-16,42.69,43.21,42.51,43.06,57083
2016-06-17,43.08,43.08,42.78,42.91,46430
2016-06-20,43.39,43.5,43.17,43.18,24243
2016-06-21,43.28,43.38,43.08,43.16,46707
2016-06-22,42.67,42.69,42.4,42.52,49096
2016-06-23,43.2,43.42,42.99,43.42,24231
2016-06-24,41.77,42.92,41.35,41.72,70477
2016-06-27,41.34,41.34,40.65,40.88,35030
2016-06-28,41.74,42.96,40.46,41.7,23027
2016-06-29,42.52,42.78,42.45,42.6,53131
2016-06-30,42.8,43.12,42.66,43.03,40357
2016-07-01,43.4,43.65,43.01,43.4,36040
2016-07-05,43.56,43.76,43.41,43.54,100583
2016-07-06,43.43,43.71,43.21,43.63,96877
2016-07-07,44.18,44.73,44.05,44.21,14922
2016-07-08,44.84,45.0,44.74,44.98,22020
2016-07-11,44.92,44.92,44.61,44.7,22052
2016-07-12,45.11,45.92,44.8,45.42,58710
2016-07-13,45.48,45.48,44.96,45.02,50060
2016-07-14,44.65,44.85,44.04,44.61,86121
2016-07-15,44.34,44.41,44.09,44.25,196195
2016-07-18,44.26,44.33,44.12,44.29,48861
2016-07-19,44.05,44.15,43.9,44.1,100079
2016-07-20,44.05,44.42,43.6,44.26,73741
2016-07-21,44.25,44.31,43.94,44.09,45479
2016-07-22,44.22,44.59,44.08,44.45,44367
2016-07-25,44.65,44.87,44.4,44.72,49908
2016-07-26,45.11,45.58,44.85,45.24,39201
2016-07-27,45.27,45.87,44.95,45.35,4972
2016-07-28,45.22,45.39,44.98,45.38,35347
2016-07-29,45.97,46.75,45.75,46.52,111262
2016-08-01,46.22,46.63,46.06,46.25,318849
2016-08-02,46.45,46.55,46.17,46.3,102052
2016-08-03,45.75,45.87,45.5,45.74,43922
2016-08-04,45.92,46.89,45.92,46.06,128758
2016-08-05,45.83,46.24,45.76,46.16,205762
2016-08-08,45.97,46.68,45.9,45.99,86274
2016-08-09,46.52,46.88,46.15,46.27,74072
2016-08-10,46.4,46.67,46.31,46.31,62459
2016-08-11,46.65,46.88,46.36,46.54,82225
2016-08-12,46.77,46.82,46.28,46.49,76672
2016-08-15,46.63,46.87,46.55,46.71,83503
2016-08-16,46.27,46.67,46.08,46.39,499712
2016-08-17,46.46,46.75,46.26,46.75,132470
2016-08-18,47.1,47.25,46.96,47.19,57148
2016-08-19,47.0,47.38,46.91,47.03,21214
2016-08-22,47.39,47.65,47.39,47.55,66250
2016-08-23,47.9,48.14,47.7,47.79,51343
2016-08-24,47.48,47.68,47.22,47.29,23763
2016-08-25,47.35,47.85,47.35,47.37,49607
2016-08-26,47.57,47.88,46.6,46.73,124962
2016-08-29,46.56,47.0,46.55,46.96,55091
2016-08-30,46.83,46.86,46.47,46.56,28324
2016-08-31,46.72,46.91,46.66,46.82,36298
2016-09-01,47.05,47.21,46.89,47.09,113538
2016-09-02,47.64,47.8,47.31,47.57,172563
2016-09-06,48.04,48.79,48.02,48.78,78350
2016-09-07,49.37,49.93,49.16,49.25,76784
2016-09-08,49.19,49.19,48.49,48.78,36601
2016-09-09,48.1,48.16,47.51,47.64,49315
2016-09-12,46.65,47.34,46.14,47.12,137771
2016-09-13,46.34,46.34,45.52,45.61,152512
2016-09-14,45.5,46.0,45.5,45.76,271755
2016-09-15,45.78,46.21,45.64,46.04,24412
2016-09-16,45.89,46.01,45.74,45.93,66656
2016-09-19,46.47,46.75,46.23,46.33,26211
2016-09-20,46.98,47.04,46.64,46.74,60768
2016-09-21,46.53,47.01,46.37,46.95,80600
2016-09-22,47.01,47.25,46.57,46.67,61527
2016-09-23,46.08,46.14,45.77,45.85,84209
2016-09-26,45.8,46.04,45.52,45.85,60862
2016-09-27,45.8,46.04,45.71,46.04,24998
2016-09-28,46.02,46.29,45.83,46.29,53957
2016-09-29,46.32,46.62,46.11,46.24,131482
2016-09-30,46.85,47.07,46.68,46.85,184963
2016-10-03,46.5,46.79,46.39,46.66,138337
2016-10-04,46.62,46.62,45.97,46.01,51013
2016-10-05,45.75,45.75,45.34,45.46,243167
2016-10-06,44.91,44.92,44.45,44.92,55017
2016-10-07,44.83,44.95,44.1,44.51,116504
2016-10-10,44.29,44.29,43.82,44.17,60232
2016-10-11,43.99,44.1,43.31,43.47,157150
2016-10-12,43.34,43.68,43.34,43.54,89457
2016-10-13,43.55,43.96,43.23,43.73,71788
2016-10-14,43.86,44.0,43.74,43.75,43436
2016-10-17,43.83,44.09,43.51,43.54,66171
2016-10-18,43.7,43.7,43.32,43.32,85914
2016-10-19,43.34,43.85,43.2,43.8,29934
2016-10-20,43.49,43.59,43.17,43.34,49058
2016-10-21,42.97,43.09,42.65,43.09,19391
2016-10-24,43.24,43.24,42.76,42.88,165345
2016-10-25,43.14,43.51,43.14,43.33,108691
2016-10-26,42.78,43.04,42.63,42.63,10828
2016-10-27,42.91,43.03,42.7,42.77,26611
2016-10-28,42.71,43.04,42.71,42.97,172406
2016-10-31,42.45,42.96,41.97,42.89,38093
2016-11-01,42.8,42.92,42.52,42.72,90743
2016-11-02,42.82,43.34,42.82,43.12,247109
2016-11-03,43.1,43.1,42.86,42.92,119115
2016-11-04,42.5,42.56,42.31,42.42,40192
2016-11-07,43.59,43.84,43.5,43.84,45296
2016-11-08,43.82,44.35,43.8,44.22,15094
2016-11-09,42.91,43.11,42.29,42.78,101044
2016-11-10,41.95,42.09,40.76,41.8,56268
2016-11-11,41.34,41.34,40.85,41.04,161939
2016-11-14,41.2,41.41,41.03,41.41,151195
2016-11-15,41.34,41.72,41.34,41.72,24109
2016-11-16,41.5,41.75,41.48,41.6,62107
2016-11-17,41.59,41.75,41.32,41.41,51843
2016-11-18,41.87,41.88,41.57,41.67,21642
2016-11-21,41.88,42.0,41.81,41.94,29113
2016-11-22,41.65,41.68,41.43,41.61,71398
2016-11-23,41.34,41.64,41.34,41.6,78842
2016-11-25,42.32,42.32,42.18,42.22,17589
2016-11-28,42.38,42.42,42.11,42.35,102548
2016-11-29,42.32,42.63,42.28,42.55,59437
2016-11-30,42.48,42.54,42.19,42.24,41635
2016-12-01,42.31,42.42,42.15,42.33,271724
2016-12-02,42.53,42.74,42.42,42.63,28945
2016-12-05,42.08,42.52,42.08,42.39,25951
2016-12-06,42.46,42.58,42.43,42.53,57312
2016-12-07,42.58,42.95,42.57,42.88,43908
2016-12-08,43.0,43.0,42.76,42.92,27344
2016-12-09,42.64,42.67,42.51,42.6,100063
2016-12-12,42.65,42.86,42.59,42.67,61246
2016-12-13,42.69,42.94,42.69,42.7,68278
2016-12-14,42.5,42.51,41.51,41.81,98713
2016-12-15,41.33,41.93,40.94,41.08,55998
2016-12-16,40.97,40.97,40.5,40.61,111718
2016-12-19,40.73,40.81,40.62,40.67,53109
2016-12-20,40.49,40.71,40.49,40.66,48244
2016-12-21,39.6,39.6,39.22,39.34,31483
2016-12-22,39.62,39.64,39.34,39.51,34130
2016-12-23,39.62,39.62,39.44,39.48,29490
2016-12-27,39.41,39.82,39.41,39.56,28890
2016-12-28,39.82,40.1,39.54,39.62,52422
2016-12-29,39.84,40.11,39.84,40.07,36903
2016-12-30,40.02,40.14,39.65,39.73,81588
2017-01-03,39.52,39.93,39.52,39.87,87761
2017-01-04,39.9,40.53,39.89,40.51,60751
2017-01-05,40.51,40.96,40.39,40.96,88447
2017-01-06,40.74,40.85,40.56,40.69,64162
2017-01-09,41.0,41.16,40.84,41.12,162917
2017-01-10,41.16,41.31,41.04,41.19,92035
2017-01-11,41.32,41.77,41.11,41.63,62247
2017-01-12,41.89,42.08,41.01,41.93,23520
2017-01-13,41.8,41.99,41.64,41.97,46157
2017-01-17,42.51,42.51,42.36,42.49,48694
2017-01-18,42.37,42.48,42.07,42.07,34555
2017-01-19,42.24,42.36,42.14,42.36,90070
2017-01-20,42.25,42.38,42.07,42.27,33058
2017-01-23,42.54,42.96,42.43,42.96,52351
2017-01-24,42.98,43.23,42.98,43.02,47408
2017-01-25,43.11,43.45,43.11,43.45,16649
2017-01-26,43.45,43.45,43.06,43.3,70886
2017-01-27,43.9,43.9,43.38,43.44,49421
2017-01-30,43.2,43.33,43.06,43.27,17867
2017-01-31,43.4,43.6,43.29,43.47,35167
2017-02-01,43.02,43.22,42.81,43.03,156122
2017-02-02,43.17,43.75,43.07,43.18,28456
2017-02-03,43.71,43.86,43.53,43.65,44468
2017-02-06,43.61,43.71,43.49,43.62,20047
2017-02-07,43.37,43.49,43.2,43.39,54898
2017-02-08,43.49,43.51,43.05,43.18,102183
2017-02-09,43.2,43.34,43.0,43.2,108844
2017-02-10,42.91,43.21,42.84,42.92,27584
2017-02-13,43.21,43.21,42.92,43.13,32616
2017-02-14,43.17,43.26,43.0,43.26,160234
2017-02-15,43.01,43.67,43.01,43.67,121679
2017-02-16,43.06,43.26,42.81,43.01,78876
2017-02-17,42.93,42.93,42.56,42.61,79784
2017-02-21,42.57,42.75,42.52,42.74,30253
2017-02-22,42.26,42.52,42.14,42.36,83053
2017-02-23,43.13,43.13,42.77,42.83,42700
2017-02-24,42.38,42.51,42.38,42.42,113152
2017-02-27,42.5,42.77,42.45,42.63,26655
2017-02-28,43.09,43.39,43.01,43.14,80356
2017-03-01,42.67,43.08,42.67,42.91,262687
2017-03-02,42.43,42.52,42.24,42.29,69086
2017-03-03,42.13,42.15,41.86,42.1,172525
2017-03-06,42.1,42.1,41.88,41.94,62521
2017-03-07,41.93,41.93,41.5,41.53,198642
2017-03-08,41.57,41.6,41.28,41.29,110419
2017-03-09,41.15,41.15,40.94,41.02,100983
2017-03-10,41.31,41.48,41.26,41.43,16702
2017-03-13,41.56,41.7,41.56,41.64,72057
2017-03-14,41.29,41.36,41.19,41.22,15394
2017-03-15,41.29,41.84,41.21,41.77,51536
2017-03-16,41.76,41.76,41.49,41.63,43913
2017-03-17,41.69,41.98,41.69,41.87,117487
2017-03-20,41.38,41.5,41.27,41.37,26672
2017-03-21,41.65,41.87,41.38,41.39,66499
2017-03-22,41.45,41.75,41.41,41.57,33375
2017-03-23,41.54,41.57,41.26,41.26,30691
2017-03-24,41.4,41.58,41.4,41.44,59783
2017-03-27,41.41,41.71,41.41,41.63,47009
2017-03-28,41.43,41.5,41.31,41.43,41348
2017-03-29,41.69,41.9,41.34,41.82,17379
2017-03-30,41.93,42.29,41.93,42.04,198558
2017-03-31,42.13,42.26,42.03,42.22,49766
2017-04-03,42.18,42.44,42.18,42.4,45701
2017-04-04,42.36,42.38,42.26,42.38,53170
2017-04-05,42.45,42.67,42.44,42.49,69623
2017-04-06,42.55,42.86,42.55,42.81,19723
2017-04-07,42.36,42.41,42.12,42.15,69359
2017-04-10,42.16,42.28,42.02,42.24,46089
2017-04-11,42.23,42.23,42.0,42.17,56782
2017-04-12,42.03,42.21,41.85,42.21,107487
2017-04-13,42.34,42.55,42.3,42.31,31117
2017-04-17,42.57,42.82,42.4,42.51,46479
2017-04-18,42.54,42.9,42.45,42.62,94639
2017-04-19,42.6,42.6,42.21,42.21,329436
2017-04-20,42.21,42.4,42.21,42.3,242749
2017-04-21,42.31,42.86,42.17,42.44,162624
2017-04-24,42.64,42.84,42.37,42.48,61165
2017-04-25,42.28,42.41,42.16,42.23,93537
2017-04-26,42.4,42.44,42.2,42.27,17131
2017-04-27,42.27,42.51,42.21,42.48,39203
2017-04-28,42.26,42.6,42.26,42.58,32472
2017-05-01,42.77,43.04,42.77,42.79,85435
2017-05-02,42.84,43.15,42.84,43.14,54978
2017-05-03,43.07,43.13,42.71,42.78,84364
2017-05-04,42.45,42.63,42.31,42.44,46102
2017-05-05,42.69,43.09,42.69,43.07,38391
2017-05-08,43.24,43.47,43.1,43.22,63120
2017-05-09,43.11,43.14,42.93,42.93,150227
2017-05-10,43.3,43.49,43.29,43.49,38214
2017-05-11,43.09,43.44,43.06,43.38,98066
2017-05-12,43.2,43.41,43.05,43.1,20790
2017-05-15,43.37,43.37,43.06,43.18,17532
2017-05-16,43.17,43.17,42.88,43.02,17386
2017-05-17,42.94,43.12,42.85,42.98,358124
2017-05-18,42.86,42.98,42.72,42.81,19872
2017-05-19,42.91,43.34,42.91,43.22,12856
2017-05-22,43.23,43.74,43.23,43.55,18032
2017-05-23,43.64,43.75,43.6,43.66,46058
2017-05-24,43.85,43.95,43.75,43.91,17234
2017-05-25,44.0,44.07,43.92,43.96,47271
2017-05-26,44.13,44.37,44.03,44.3,32983
2017-05-30,44.15,44.34,44.15,44.33,25866
2017-05-31,44.3,44.37,44.14,44.15,60243
2017-06-01,44.31,44.6,44.19,44.6,35410
2017-06-02,44.94,45.18,44.77,45.18,38859
2017-06-05,45.2,45.26,45.13,45.18,84833
2017-06-06,45.61,45.7,45.39,45.47,39405
2017-06-07,45.34,45.37,45.19,45.33,46072
2017-06-08,45.3,45.44,45.22,45.44,15782
2017-06-09,45.17,45.35,45.11,45.16,24845
2017-06-12,45.3,45.3,44.9,45.15,56222
2017-06-13,45.21,45.57,45.16,45.52,21772
2017-06-14,46.31,46.34,45.69,45.87,29425
2017-06-15,45.62,45.82,45.43,45.81,49265
2017-06-16,46.13,46.37,46.05,46.37,42650
2017-06-19,46.55,46.68,46.38,46.63,79387
2017-06-20,45.87,45.87,45.42,45.57,27426
2017-06-21,45.26,45.34,44.97,45.16,17443
2017-06-22,45.53,45.68,45.33,45.63,44520
2017-06-23,45.63,45.78,45.53,45.61,75072
2017-06-26,46.05,46.06,45.88,45.96,20882
2017-06-27,45.99,46.35,45.74,45.9,45156
2017-06-28,46.21,46.52,46.17,46.42,27655
2017-06-29,46.5,46.5,45.82,46.08,76132
2017-06-30,46.02,46.38,46.02,46.26,74270
2017-07-03,47.0,47.0,45.82,45.93,66643
2017-07-05,45.87,45.97,45.55,45.83,68054
2017-07-06,45.9,46.0,45.66,45.69,40267
2017-07-07,46.0,46.24,45.91,46.19,37957
2017-07-10,45.67,45.76,45.58,45.69,33658
2017-07-11,45.66,45.71,45.31,45.52,26380
2017-07-12,45.63,45.82,45.63,45.78,27107
2017-07-13,46.05,46.22,45.94,46.21,88214
2017-07-14,46.47,46.77,46.42,46.73,20097
2017-07-17,46.76,46.88,46.58,46.63,35560
2017-07-18,46.87,46.94,46.73,46.86,112041
2017-07-19,47.01,47.2,47.01,47.16,20698
2017-07-20,46.7,46.95,46.52,46.81,49176
2017-07-21,47.05,47.29,46.9,47.21,9675
2017-07-24,47.25,47.25,46.77,47.14,15315
2017-07-25,47.42,47.48,47.24,47.24,13648
2017-07-26,47.14,47.81,47.14,47.79,14861
2017-07-27,47.82,47.84,47.35,47.46,28495
2017-07-28,47.1,47.41,46.99,47.35,11526
2017-07-31,47.36,47.65,47.35,47.64,140483
2017-08-01,47.6,47.73,47.4,47.54,186977
