Date,Open,High,Low,Close,Volume
2010-09-28,20.0,20.01,20.0,20.0,579620
2010-09-29,20.0,20.01,20.0,20.01,68439
2010-09-30,20.04,20.12,20.0,20.11,87485
2010-10-01,20.12,20.2,20.09,20.15,50217
2010-10-04,20.15,20.18,20.0,20.0,73081
2010-10-05,20.05,20.2,20.01,20.15,90484
2010-10-06,20.18,20.19,20.03,20.08,37675
2010-10-07,20.05,20.11,20.05,20.08,16770
2010-10-08,20.1,20.1,20.01,20.02,31897
2010-10-11,20.08,20.15,20.0,20.04,44175
2010-10-12,20.05,20.32,20.03,20.28,29231
2010-10-13,20.25,20.25,20.0,20.03,48945
2010-10-14,20.05,20.25,20.01,20.06,46230
2010-10-15,20.16,20.18,20.04,20.1,41750
2010-10-18,20.14,20.2,20.07,20.14,33874
2010-10-19,20.14,20.2,20.04,20.18,44866
2010-10-20,20.19,20.19,20.02,20.02,34260
2010-10-21,20.48,20.48,20.02,20.03,39938
2010-10-22,20.09,20.19,20.02,20.02,44508
2010-10-25,20.05,20.15,20.02,20.05,85445
2010-10-26,20.09,20.15,20.05,20.12,44034
2010-10-27,20.09,20.13,20.0,20.01,94353
2010-10-28,20.01,20.04,20.0,20.0,77961
2010-10-29,20.0,20.05,20.0,20.01,63212
2010-11-01,20.0,20.02,20.0,20.0,620371
2010-11-02,20.01,20.01,20.0,20.0,227830
2010-11-03,20.01,20.07,20.0,20.05,103758
2010-11-04,20.03,20.19,20.01,20.02,115891
2010-11-05,20.07,20.14,20.02,20.06,73297
2010-11-08,20.09,20.14,19.88,20.14,124405
2010-11-09,20.09,20.1,20.01,20.1,99454
2010-11-10,20.14,20.14,20.0,20.03,79749
2010-11-11,20.01,20.12,20.01,20.05,69418
2010-11-12,20.05,20.07,19.56,19.61,105280
2010-11-15,19.7,19.9,18.58,18.97,257306
2010-11-16,18.25,18.98,17.73,18.82,316974
2010-11-17,18.9,19.11,18.74,19.01,133765
2010-11-18,19.5,19.5,18.81,18.9,163060
2010-11-19,19.1,19.23,18.96,19.23,94888
2010-11-22,19.4,19.4,18.76,19.0,162853
2010-11-23,19.02,19.07,18.51,18.85,154558
2010-11-24,19.0,19.18,18.7,19.11,88770
2010-11-26,19.12,19.19,19.03,19.1,21950
2010-11-29,19.1,19.1,18.7,18.77,136602
2010-11-30,18.84,19.29,18.65,19.27,154406
2010-12-01,19.19,19.19,18.77,18.95,135146
2010-12-02,19.0,19.46,18.56,19.34,243317
2010-12-03,19.25,19.28,18.99,19.1,97327
2010-12-06,19.15,19.16,18.77,18.78,134845
2010-12-07,18.81,18.97,18.6,18.82,180419
2010-12-08,18.67,18.91,18.4,18.76,233955
2010-12-09,18.67,18.9,18.4,18.63,195299
2010-12-10,18.71,18.71,18.26,18.56,238399
2010-12-13,18.52,18.54,18.25,18.41,202088
2010-12-14,18.38,18.56,18.29,18.3,216009
2010-12-15,18.38,18.42,18.04,18.2,277313
2010-12-16,18.29,18.36,18.01,18.21,271332
2010-12-17,18.23,18.29,18.04,18.16,201831
2010-12-20,18.26,18.38,17.95,18.05,354273
2010-12-21,18.7,18.7,18.01,18.12,230614
2010-12-22,18.15,18.34,18.05,18.18,203988
2010-12-23,18.27,18.64,18.14,18.63,174569
2010-12-27,18.7,18.73,18.3,18.41,192837
2010-12-28,18.5,18.57,18.17,18.28,281796
2010-12-29,18.2,18.41,18.0,18.26,290876
2010-12-30,18.18,18.38,18.11,18.12,245705
2010-12-31,18.11,18.27,18.09,18.17,320989
2011-01-03,18.25,18.25,17.96,18.05,202719
2011-01-04,18.15,18.51,18.06,18.48,181215
2011-01-05,18.52,18.72,18.35,18.64,160308
2011-01-06,18.68,18.87,18.57,18.8,157094
2011-01-07,18.87,18.87,18.63,18.79,124666
2011-01-10,18.69,18.83,18.55,18.8,111600
2011-01-11,18.7,18.87,18.67,18.76,123620
2011-01-12,18.72,18.78,18.63,18.7,129098
2011-01-13,18.74,18.79,18.65,18.7,141154
2011-01-14,18.76,18.87,18.7,18.86,106130
2011-01-18,18.89,18.97,18.6,18.9,139313
2011-01-19,18.87,19.16,18.75,19.16,305040
2011-01-20,19.03,19.11,18.83,18.9,121112
2011-01-21,19.0,19.03,18.86,19.02,85707
2011-01-24,18.96,19.13,18.84,18.94,139977
2011-01-25,19.01,19.04,18.81,18.87,126035
2011-01-26,18.95,19.0,18.73,18.94,149719
2011-01-27,18.97,19.05,18.88,19.0,116185
2011-01-28,18.93,19.09,18.9,18.96,104175
2011-01-31,19.0,19.03,18.75,18.91,85502
2011-02-01,18.79,19.12,18.79,19.0,133766
2011-02-02,18.89,19.09,18.86,19.03,108359
2011-02-03,18.99,19.08,18.9,19.06,93673
2011-02-04,19.01,19.17,18.95,19.11,115549
2011-02-07,19.03,19.23,19.03,19.17,158861
2011-02-08,19.22,19.22,19.06,19.09,116211
2011-02-09,19.0,19.44,18.97,19.44,158268
2011-02-10,19.35,19.45,19.26,19.45,101611
2011-02-11,19.47,19.47,19.25,19.39,123007
2011-02-14,19.43,19.52,19.21,19.29,150488
2011-02-15,19.37,19.4,19.21,19.23,78243
2011-02-16,19.31,19.58,19.25,19.3,213186
2011-02-17,19.28,19.53,19.22,19.52,125757
2011-02-18,19.49,19.56,19.34,19.45,113443
2011-02-22,19.39,19.39,18.89,18.91,205826
2011-02-23,18.92,19.14,18.83,18.98,146404
2011-02-24,18.96,19.05,18.8,18.95,134001
2011-02-25,18.9,19.12,18.82,18.89,167838
2011-02-28,18.99,19.07,18.91,19.07,107727
2011-03-01,19.08,19.09,18.76,18.89,74577
2011-03-02,18.83,19.07,18.77,18.96,100703
2011-03-03,19.07,19.07,18.88,19.04,91146
2011-03-04,19.0,19.03,18.85,18.96,79014
2011-03-07,18.95,19.02,18.81,18.83,80429
2011-03-08,18.82,18.99,18.77,18.84,110996
2011-03-09,18.9,18.91,18.72,18.8,101120
2011-03-10,18.73,18.89,18.66,18.73,94441
2011-03-11,18.74,18.83,18.61,18.7,107721
2011-03-14,18.65,18.74,18.61,18.61,62079
2011-03-15,18.54,18.61,18.28,18.52,132676
2011-03-16,18.63,18.71,18.5,18.56,107828
2011-03-17,18.6,18.76,18.57,18.73,128055
2011-03-18,18.75,18.77,18.53,18.66,101254
2011-03-21,18.73,18.79,18.65,18.79,74200
2011-03-22,18.7,18.75,18.64,18.75,98581
2011-03-23,18.69,18.86,18.67,18.86,97046
2011-03-24,18.8,19.25,18.77,18.8,99203
2011-03-25,18.94,18.94,18.76,18.89,79123
2011-03-28,18.9,18.9,18.67,18.72,174273
2011-03-29,18.71,18.75,18.62,18.66,128308
2011-03-30,18.7,18.84,18.68,18.7,100539
2011-03-31,18.7,18.99,18.7,18.96,204765
2011-04-01,18.81,18.92,18.73,18.92,98599
2011-04-04,18.99,18.99,18.73,18.74,132631
2011-04-05,18.7,18.83,18.66,18.75,143018
2011-04-06,18.85,18.89,18.72,18.88,111850
2011-04-07,18.88,18.88,18.76,18.83,109840
2011-04-08,18.86,18.95,18.84,18.87,127522
2011-04-11,18.87,18.94,18.81,18.94,85426
2011-04-12,18.94,19.12,18.87,19.08,121373
2011-04-13,19.04,19.09,18.95,18.95,120065
2011-04-14,18.98,18.98,18.82,18.87,105463
2011-04-15,18.97,18.97,18.81,18.92,92547
2011-04-18,18.91,19.07,18.87,19.06,111951
2011-04-19,19.09,19.17,19.01,19.15,144297
2011-04-20,19.3,19.3,19.02,19.13,153121
2011-04-21,19.15,19.15,18.95,19.11,150808
2011-04-25,19.01,19.12,18.8,18.8,281115
2011-04-26,18.87,18.94,18.76,18.86,193103
2011-04-27,18.86,19.0,18.85,18.99,126414
2011-04-28,18.99,19.03,18.94,18.97,146134
2011-04-29,19.0,19.15,19.0,19.14,120371
2011-05-02,19.04,19.06,18.98,18.98,101527
2011-05-03,18.95,19.04,18.81,19.03,138493
2011-05-04,19.0,19.04,18.88,18.97,78885
2011-05-05,19.0,19.02,18.85,18.86,125483
2011-05-06,18.94,19.1,18.86,19.1,82197
2011-05-09,18.98,19.09,18.98,19.05,78384
2011-05-10,19.07,19.2,18.99,19.19,110930
2011-05-11,19.21,19.21,19.05,19.12,114147
2011-05-12,19.1,19.22,19.04,19.22,138059
2011-05-13,19.21,19.31,19.16,19.29,117015
2011-05-16,19.33,19.36,19.16,19.16,92911
2011-05-17,19.23,19.33,19.06,19.1,183898
2011-05-18,19.18,19.34,19.12,19.22,114399
2011-05-19,19.33,19.33,19.11,19.13,102197
2011-05-20,19.22,19.27,19.01,19.01,119986
2011-05-23,19.0,19.07,18.87,18.9,134859
2011-05-24,19.0,19.02,18.77,18.86,162853
2011-05-25,18.91,18.99,18.8,18.96,119740
2011-05-26,18.94,19.09,18.92,19.09,106223
2011-05-27,19.13,19.26,19.09,19.23,85581
2011-05-31,19.18,19.24,19.1,19.23,99001
2011-06-01,19.11,19.19,19.05,19.17,68509
2011-06-02,19.13,19.13,18.92,18.96,121237
2011-06-03,18.86,19.04,18.86,18.9,88002
2011-06-06,18.86,18.91,18.7,18.83,104704
2011-06-07,18.88,18.94,18.83,18.89,83056
2011-06-08,18.9,18.91,18.73,18.91,64459
2011-06-09,18.89,18.89,18.62,18.75,96488
2011-06-10,18.74,18.8,18.61,18.61,88609
2011-06-13,18.7,18.7,18.57,18.69,62503
2011-06-14,18.63,18.79,18.62,18.74,87814
2011-06-15,18.52,18.62,18.3,18.35,192035
2011-06-16,18.4,18.65,18.36,18.5,107208
2011-06-17,18.59,18.59,18.47,18.59,107994
2011-06-20,18.49,18.6,18.42,18.49,51725
2011-06-21,18.54,18.54,18.35,18.48,115056
2011-06-22,18.49,18.76,18.42,18.59,98346
2011-06-23,18.46,18.59,18.43,18.59,96569
2011-06-24,18.58,18.59,18.34,18.38,66597
2011-06-27,18.38,18.44,18.35,18.43,72348
2011-06-28,18.46,18.65,18.46,18.65,67192
2011-06-29,18.72,18.83,18.65,18.7,72043
2011-06-30,18.7,18.79,18.63,18.74,111347
2011-07-01,18.49,18.9,18.49,18.85,110658
2011-07-05,18.71,18.9,18.62,18.83,87643
2011-07-06,18.84,18.84,18.6,18.71,85323
2011-07-07,18.74,18.82,18.6,18.62,110092
2011-07-08,18.55,18.57,18.39,18.55,152890
2011-07-11,18.38,18.61,18.38,18.53,61224
2011-07-12,18.58,18.64,18.53,18.6,69466
2011-07-13,18.58,18.74,18.5,18.72,107739
2011-07-14,18.73,18.73,18.45,18.48,78645
2011-07-15,18.62,18.62,18.38,18.46,78461
2011-07-18,18.41,18.57,18.38,18.5,121497
2011-07-19,18.59,18.67,18.45,18.65,107618
2011-07-20,18.54,18.77,18.42,18.61,128389
2011-07-21,18.78,18.78,18.61,18.7,78891
2011-07-22,18.63,18.84,18.46,18.8,140626
2011-07-25,18.47,18.67,18.41,18.46,204897
2011-07-26,18.45,18.52,18.33,18.34,112842
2011-07-27,18.2,18.27,17.91,18.0,218937
2011-07-28,17.91,18.11,17.62,17.76,264484
2011-07-29,17.76,17.92,17.5,17.92,255765
2011-08-01,17.93,18.09,17.64,17.77,165301
2011-08-02,17.72,17.83,17.58,17.58,155045
2011-08-03,17.59,17.77,17.37,17.75,151613
2011-08-04,17.7,17.7,16.24,16.99,446687
2011-08-05,16.86,17.1,16.64,16.92,248150
2011-08-08,16.03,16.74,15.17,15.59,558744
2011-08-09,15.79,16.29,15.17,15.88,259958
2011-08-10,15.63,15.8,15.32,15.53,224678
2011-08-11,15.42,16.12,15.42,16.04,324025
2011-08-12,16.08,16.46,16.0,16.46,169323
2011-08-15,16.7,16.94,16.6,16.63,138707
2011-08-16,16.54,16.65,16.36,16.37,122555
2011-08-17,16.47,16.86,16.44,16.78,132054
2011-08-18,16.38,16.41,16.07,16.26,115286
2011-08-19,16.17,16.33,16.07,16.21,107408
2011-08-22,16.38,16.42,15.95,15.99,84182
2011-08-23,15.99,16.28,15.95,16.11,135815
2011-08-24,16.16,16.19,15.82,15.97,171780
2011-08-25,16.01,16.04,15.84,15.87,120978
2011-08-26,15.86,16.22,15.86,16.21,90147
2011-08-29,16.52,16.59,16.32,16.57,121559
2011-08-30,16.69,16.8,16.51,16.63,106592
2011-08-31,16.78,16.79,16.59,16.71,129098
2011-09-01,16.81,16.81,16.34,16.4,97554
2011-09-02,15.9,16.5,15.9,16.37,89499
2011-09-06,16.1,16.24,15.97,16.09,61355
2011-09-07,16.16,16.3,16.13,16.23,67591
2011-09-08,16.23,16.28,16.03,16.1,93899
2011-09-09,16.02,16.1,15.92,15.99,77490
2011-09-12,15.95,16.05,15.77,15.91,83603
2011-09-13,15.92,16.01,15.81,15.99,79921
2011-09-14,15.99,16.07,15.77,15.77,190557
2011-09-15,15.92,15.98,15.8,15.86,90303
2011-09-16,15.85,16.15,15.85,15.93,99112
2011-09-19,15.93,16.15,15.92,16.0,101295
2011-09-20,15.96,16.18,15.91,15.96,176602
2011-09-21,15.93,16.08,15.84,15.92,117284
2011-09-22,15.76,15.84,15.4,15.43,124847
2011-09-23,15.37,15.66,15.37,15.55,178915
2011-09-26,15.38,15.5,15.21,15.5,207588
2011-09-27,15.6,15.67,15.45,15.51,211732
2011-09-28,15.51,15.68,15.45,15.57,130641
2011-09-29,15.75,15.88,15.5,15.58,121728
2011-09-30,15.5,16.02,15.26,16.02,499730
2011-10-03,15.72,15.75,15.1,15.2,105142
2011-10-04,14.92,15.0,14.03,14.29,351605
2011-10-05,14.34,14.48,14.24,14.43,189022
2011-10-06,14.47,14.77,14.43,14.77,139172
2011-10-07,14.92,14.95,14.58,14.65,100629
2011-10-10,14.9,15.25,14.8,15.25,119326
2011-10-11,15.1,15.54,14.9,15.54,254812
2011-10-12,15.5,15.88,15.41,15.65,158681
2011-10-13,15.72,15.72,15.34,15.56,129799
2011-10-14,15.6,15.86,15.51,15.7,78087
2011-10-17,15.75,15.9,15.42,15.47,195179
2011-10-18,15.4,16.0,15.4,16.0,127452
2011-10-19,15.98,16.27,15.89,16.03,136571
2011-10-20,16.08,16.17,15.94,16.03,115798
2011-10-21,16.02,16.19,15.81,16.1,112450
2011-10-24,16.01,16.39,16.01,16.08,119223
2011-10-25,15.97,16.2,15.78,15.83,194292
2011-10-26,15.97,16.29,15.97,16.04,168138
2011-10-27,16.44,16.59,16.2,16.55,236583
2011-10-28,16.55,16.62,16.33,16.48,78710
2011-10-31,16.4,16.74,16.4,16.63,206579
2011-11-01,16.38,16.38,16.14,16.28,73892
2011-11-02,16.33,16.66,16.3,16.53,47311
2011-11-03,16.48,16.52,16.29,16.32,90024
2011-11-04,16.11,16.28,16.11,16.24,85312
2011-11-07,16.2,16.3,16.12,16.26,84561
2011-11-08,16.27,16.47,16.02,16.29,156726
2011-11-09,15.99,16.22,15.98,16.07,76774
2011-11-10,16.12,16.19,15.81,15.84,146083
2011-11-11,15.97,16.11,15.85,15.93,241275
2011-11-14,15.86,15.96,15.85,15.94,104005
2011-11-15,15.9,16.12,15.67,15.87,155855
2011-11-16,15.7,16.07,15.67,15.81,189340
2011-11-17,15.88,16.04,15.71,15.78,194832
2011-11-18,15.85,15.94,15.75,15.79,81676
2011-11-21,15.71,15.76,15.44,15.58,148615
2011-11-22,15.54,15.58,15.4,15.44,127949
2011-11-23,15.47,15.57,15.26,15.26,118679
2011-11-25,15.26,15.44,15.26,15.39,38849
2011-11-28,15.62,15.78,15.38,15.43,158209
2011-11-29,15.5,15.57,15.31,15.52,148390
2011-11-30,15.8,15.8,15.61,15.78,170376
2011-12-01,15.62,15.68,15.46,15.52,163619
2011-12-02,15.6,15.6,15.4,15.48,157281
2011-12-05,15.55,15.6,15.45,15.52,174386
2011-12-06,15.51,15.58,15.46,15.49,130532
2011-12-07,15.52,15.58,15.46,15.53,179510
2011-12-08,15.48,15.54,15.36,15.47,133771
2011-12-09,15.57,15.72,15.51,15.66,198699
2011-12-12,15.62,15.69,15.37,15.51,172853
2011-12-13,15.48,15.67,15.46,15.61,128038
2011-12-14,15.52,15.6,15.29,15.54,123573
2011-12-15,15.5,15.61,15.32,15.36,204409
2011-12-16,15.36,15.46,15.23,15.3,149703
2011-12-19,15.35,15.37,15.1,15.16,180216
2011-12-20,15.3,15.36,15.24,15.28,268361
2011-12-21,15.3,15.36,15.13,15.24,265054
2011-12-22,15.22,15.4,15.12,15.29,342223
2011-12-23,15.35,15.39,15.27,15.38,259499
2011-12-27,15.3,15.38,15.3,15.31,314015
2011-12-28,15.2,15.23,15.1,15.17,334560
2011-12-29,15.18,15.34,15.18,15.32,239346
2011-12-30,15.26,15.29,15.2,15.27,355602
2012-01-03,15.3,15.55,15.3,15.5,155135
2012-01-04,15.42,15.55,15.35,15.54,138720
2012-01-05,15.52,15.64,15.45,15.62,154069
2012-01-06,15.66,15.73,15.57,15.7,126570
2012-01-09,15.72,15.87,15.7,15.87,111116
2012-01-10,15.89,15.99,15.84,15.95,142973
2012-01-11,15.9,16.18,15.9,16.13,183269
2012-01-12,16.04,16.27,15.98,16.09,189269
2012-01-13,16.05,16.15,15.96,16.06,77426
2012-01-17,16.24,16.25,16.1,16.17,155665
2012-01-18,16.16,16.29,16.14,16.24,145624
2012-01-19,16.34,16.38,16.28,16.37,149342
2012-01-20,16.32,16.43,16.3,16.43,179214
2012-01-23,16.4,16.49,16.36,16.39,131532
2012-01-24,16.45,16.49,16.38,16.46,179781
2012-01-25,16.48,16.68,16.45,16.68,209377
2012-01-26,16.67,16.84,16.67,16.84,176526
2012-01-27,16.88,16.9,16.7,16.85,159195
2012-01-30,16.87,16.94,16.77,16.93,148228
2012-01-31,17.07,17.19,17.01,17.19,232304
2012-02-01,17.22,17.24,17.05,17.11,254836
2012-02-02,17.15,17.22,16.98,17.02,176072
2012-02-03,17.02,17.11,16.93,17.06,188000
2012-02-06,16.95,17.23,16.93,17.23,186944
2012-02-07,17.22,17.29,17.06,17.17,259152
2012-02-08,17.17,17.28,17.11,17.22,159574
2012-02-09,17.28,17.32,17.18,17.24,185592
2012-02-10,17.26,17.26,17.18,17.24,110501
2012-02-13,17.33,17.33,17.22,17.32,119451
2012-02-14,17.3,17.37,17.2,17.37,156646
2012-02-15,17.23,17.46,17.23,17.32,208232
2012-02-16,17.27,17.48,17.26,17.48,216853
2012-02-17,17.59,17.65,17.5,17.55,180372
2012-02-21,17.69,17.69,17.56,17.61,160708
2012-02-22,17.64,17.73,17.57,17.62,177713
2012-02-23,17.68,17.68,17.51,17.52,170635
2012-02-24,17.5,17.79,17.5,17.78,254729
2012-02-27,17.79,17.9,17.75,17.89,163940
2012-02-28,17.95,18.02,17.84,17.97,207354
2012-02-29,17.96,18.02,17.93,17.99,166974
2012-03-01,17.91,18.05,17.91,18.05,140534
2012-03-02,18.09,18.11,17.82,17.82,248575
2012-03-05,17.82,18.02,17.76,18.02,207235
2012-03-06,17.95,17.99,17.58,17.77,304158
2012-03-07,17.72,17.96,17.62,17.86,160374
2012-03-08,17.85,17.94,17.71,17.94,127496
2012-03-09,17.91,18.12,17.88,18.01,110851
2012-03-12,18.08,18.08,17.55,17.81,103753
2012-03-13,17.95,17.95,17.76,17.88,137233
2012-03-14,17.89,18.09,17.83,17.96,259622
2012-03-15,18.07,18.09,17.92,18.05,181446
2012-03-16,18.12,18.2,18.04,18.09,169603
2012-03-19,18.12,18.32,18.1,18.22,161781
2012-03-20,18.25,18.27,18.12,18.23,147516
2012-03-21,18.19,18.26,18.05,18.08,121193
2012-03-22,18.09,18.13,17.93,17.94,103407
2012-03-23,17.88,18.03,17.84,17.94,97862
2012-03-26,17.98,18.15,17.91,18.07,153701
2012-03-27,18.1,18.14,17.98,18.14,170961
2012-03-28,18.19,18.26,18.04,18.21,145010
2012-03-29,18.25,18.27,18.1,18.19,164522
2012-03-30,18.26,18.26,18.11,18.13,105240
2012-04-02,17.99,18.2,17.99,18.14,134835
2012-04-03,18.24,18.24,18.04,18.11,116179
2012-04-04,18.1,18.18,18.04,18.09,84097
2012-04-05,18.12,18.12,18.05,18.05,79810
2012-04-09,18.11,18.11,17.8,17.94,90658
2012-04-10,18.0,18.04,17.61,17.68,148151
2012-04-11,17.72,18.0,17.64,17.87,150617
2012-04-12,17.92,18.02,17.84,17.97,112205
2012-04-13,17.98,18.0,17.87,17.94,73505
2012-04-16,18.01,18.04,17.94,18.04,96790
2012-04-17,18.05,18.06,17.96,18.05,118276
2012-04-18,18.05,18.1,17.97,18.06,116391
2012-04-19,18.09,18.18,18.05,18.1,113617
2012-04-20,18.08,18.08,17.91,17.94,112541
2012-04-23,17.92,17.98,17.83,17.98,81764
2012-04-24,18.03,18.05,17.9,18.02,109420
2012-04-25,18.13,18.13,17.86,18.09,160125
2012-04-26,18.01,18.18,18.0,18.16,161693
2012-04-27,18.15,18.16,18.05,18.16,104367
2012-04-30,18.1,18.2,18.1,18.2,134941
2012-05-01,18.12,18.14,17.98,18.07,99193
2012-05-02,18.06,18.1,18.04,18.05,75978
2012-05-03,18.09,18.1,17.91,17.96,126057
2012-05-04,17.94,17.97,17.88,17.92,47863
2012-05-07,17.9,17.99,17.86,17.96,71402
2012-05-08,17.95,17.97,17.82,17.97,76249
2012-05-09,17.95,17.96,17.76,17.96,78259
2012-05-10,18.02,18.02,17.9,17.92,92731
2012-05-11,17.92,18.03,17.89,17.98,55877
2012-05-14,17.98,17.98,17.77,17.79,106353
2012-05-15,17.84,17.87,17.53,17.57,176894
2012-05-16,17.71,17.81,17.57,17.58,157782
2012-05-17,17.55,17.59,17.18,17.23,190175
2012-05-18,17.2,17.35,17.06,17.13,129975
2012-05-21,17.2,17.42,17.1,17.39,79414
2012-05-22,17.43,17.44,17.28,17.34,69511
2012-05-23,17.3,17.36,17.21,17.34,77435
2012-05-24,17.41,17.44,17.15,17.35,162140
2012-05-25,17.36,17.49,17.16,17.36,103405
2012-05-29,17.45,17.59,17.38,17.59,83208
2012-05-30,17.46,17.46,17.4,17.44,69416
2012-05-31,17.46,18.18,17.41,17.41,153947
2012-06-01,17.19,17.29,17.04,17.2,124610
2012-06-04,17.15,17.2,16.94,16.94,109938
2012-06-05,16.99,17.08,16.78,16.9,151622
2012-06-06,16.93,17.08,16.81,17.03,103220
2012-06-07,17.04,17.15,16.87,16.87,68016
2012-06-08,17.0,17.22,16.92,17.2,82053
2012-06-11,17.32,17.32,17.14,17.19,84105
2012-06-12,17.22,17.29,17.13,17.23,64017
2012-06-13,17.15,17.32,17.15,17.25,80953
2012-06-14,17.23,17.42,17.23,17.38,59485
2012-06-15,17.45,17.53,17.29,17.36,124190
2012-06-18,17.43,17.54,17.31,17.44,108705
2012-06-19,17.49,17.67,17.45,17.65,125229
2012-06-20,17.68,17.81,17.54,17.73,95052
2012-06-21,17.74,17.74,17.5,17.56,111602
2012-06-22,17.55,17.76,17.55,17.72,92930
2012-06-25,17.6,17.6,17.47,17.52,77610
2012-06-26,17.48,18.0,17.33,17.71,261487
2012-06-27,17.67,17.85,17.64,17.74,92416
2012-06-28,17.74,17.92,17.74,17.9,61630
2012-06-29,17.96,18.14,17.65,17.65,247682
2012-07-02,17.79,17.88,17.67,17.88,76154
2012-07-03,17.88,18.05,17.79,17.88,134156
2012-07-05,17.92,17.93,17.77,17.93,62670
2012-07-06,17.9,18.04,17.85,17.97,96512
2012-07-09,17.98,18.07,17.89,18.05,135937
2012-07-10,18.05,18.1,17.92,18.0,80862
2012-07-11,17.98,18.09,17.93,17.96,52925
2012-07-12,17.96,18.01,17.79,17.9,74211
2012-07-13,18.02,18.08,17.89,18.01,67444
2012-07-16,18.09,18.09,17.9,17.99,85529
2012-07-17,18.09,18.15,17.95,18.12,87571
2012-07-18,18.01,18.12,17.99,18.12,94395
2012-07-19,18.06,18.17,18.01,18.02,109070
2012-07-20,18.03,18.06,17.95,17.98,59421
2012-07-23,17.91,18.0,17.9,17.97,93715
2012-07-24,17.97,18.0,17.91,17.98,129158
2012-07-25,18.04,18.1,17.94,17.97,164975
2012-07-26,18.09,18.1,17.98,18.03,91900
2012-07-27,18.06,18.14,18.0,18.11,75740
2012-07-30,18.11,18.15,18.09,18.14,89037
2012-07-31,18.09,18.22,18.03,18.22,133730
2012-08-01,18.07,18.35,18.07,18.21,100807
2012-08-02,18.1,18.25,18.02,18.25,115642
2012-08-03,18.25,18.29,18.18,18.23,74705
2012-08-06,18.3,18.3,18.13,18.23,75476
2012-08-07,18.2,18.27,18.14,18.18,84273
2012-08-08,18.12,18.26,18.12,18.18,80103
2012-08-09,18.23,18.29,18.13,18.23,184565
2012-08-10,18.26,18.26,18.14,18.21,90253
2012-08-13,18.24,18.3,18.2,18.3,64346
2012-08-14,18.28,18.42,18.15,18.33,174273
2012-08-15,18.39,18.42,18.26,18.35,105831
2012-08-16,18.36,18.42,18.2,18.3,137354
2012-08-17,18.33,18.4,18.26,18.32,125194
2012-08-20,18.32,18.35,18.26,18.33,130449
2012-08-21,18.3,18.39,17.92,18.28,163443
2012-08-22,18.29,18.38,18.25,18.36,116953
2012-08-23,18.31,18.34,18.25,18.29,103634
2012-08-24,18.29,18.38,18.21,18.38,80033
2012-08-27,18.37,18.38,18.27,18.3,134654
2012-08-28,18.32,18.36,18.2,18.3,140205
2012-08-29,18.33,18.36,18.27,18.28,76291
2012-08-30,18.23,18.38,18.23,18.38,114002
2012-08-31,18.38,18.39,18.27,18.36,89910
2012-09-04,18.27,18.34,18.18,18.33,74531
2012-09-05,18.34,18.34,18.2,18.2,100471
2012-09-06,18.34,18.34,18.2,18.26,75230
2012-09-07,18.35,18.35,18.22,18.26,59239
2012-09-10,18.24,18.3,18.23,18.27,55684
2012-09-11,18.32,18.48,18.28,18.48,83037
2012-09-12,18.52,18.54,18.42,18.53,72052
2012-09-13,18.54,18.72,18.48,18.68,125541
2012-09-14,18.71,18.85,18.68,18.82,133021
2012-09-17,18.92,18.94,18.83,18.89,109074
2012-09-18,18.88,18.92,18.82,18.85,123168
2012-09-19,18.9,18.95,18.79,18.8,175838
2012-09-20,18.67,18.78,18.62,18.68,123431
2012-09-21,18.8,18.9,18.69,18.79,171417
2012-09-24,18.85,18.87,18.7,18.77,155600
2012-09-25,18.84,18.84,18.75,18.75,179623
2012-09-26,18.8,18.8,18.58,18.61,94729
2012-09-27,18.7,18.74,18.61,18.67,62046
2012-09-28,18.67,18.79,18.65,18.74,135038
2012-10-01,18.71,18.78,18.64,18.65,96630
2012-10-02,18.61,18.74,18.6,18.61,63621
2012-10-03,18.6,18.64,18.5,18.54,106906
2012-10-04,18.65,18.67,18.54,18.64,77285
2012-10-05,18.7,18.72,18.55,18.61,58901
2012-10-08,18.69,18.81,18.59,18.7,92570
2012-10-09,18.79,18.81,18.68,18.81,112820
2012-10-10,18.8,18.8,18.48,18.57,117041
2012-10-11,18.68,18.76,18.52,18.67,101522
2012-10-12,18.72,18.79,18.62,18.73,102310
2012-10-15,18.78,18.83,18.63,18.78,71547
2012-10-16,18.88,18.92,18.7,18.78,152616
2012-10-17,18.86,18.92,18.81,18.88,95401
2012-10-18,18.86,18.97,18.81,18.89,109141
2012-10-19,18.9,18.9,18.75,18.75,83525
2012-10-22,18.83,18.92,18.74,18.84,105373
2012-10-23,18.8,18.87,18.7,18.81,130712
2012-10-24,18.85,18.9,18.71,18.71,121334
2012-10-25,18.83,18.83,18.44,18.57,218033
2012-10-26,18.62,18.77,18.51,18.56,183560
2012-10-31,18.62,18.88,18.46,18.78,179068
2012-11-01,18.71,18.71,18.55,18.68,79162
2012-11-02,18.71,18.71,18.55,18.65,54206
2012-11-05,18.69,18.69,18.56,18.65,57683
2012-11-06,18.7,18.7,18.59,18.62,50189
2012-11-07,18.64,18.64,18.36,18.56,80600
2012-11-08,18.58,18.65,18.41,18.45,93592
2012-11-09,18.45,18.48,18.18,18.27,89880
2012-11-12,18.34,18.34,18.13,18.23,114282
2012-11-13,18.19,18.28,18.02,18.03,138223
2012-11-14,17.98,18.09,17.46,17.5,211356
2012-11-15,17.65,17.76,16.83,17.64,392720
2012-11-16,17.7,17.99,17.47,17.91,200428
2012-11-19,18.04,18.23,18.0,18.09,116466
2012-11-20,18.17,18.2,17.99,18.05,115788
2012-11-21,17.63,17.81,17.52,17.78,323591
2012-11-23,17.93,17.94,17.75,17.88,44833
2012-11-26,17.74,17.88,17.67,17.74,171193
2012-11-27,17.66,17.89,17.66,17.84,146653
2012-11-28,17.73,17.87,17.73,17.79,151501
2012-11-29,17.8,17.89,17.8,17.82,117113
2012-11-30,17.81,17.95,17.81,17.91,117171
2012-12-03,17.79,17.86,17.75,17.85,109084
2012-12-04,17.82,17.9,17.73,17.78,178129
2012-12-05,17.74,17.8,17.71,17.8,130107
2012-12-06,17.79,17.9,17.74,17.76,125986
2012-12-07,17.86,17.86,17.62,17.81,178597
2012-12-10,17.84,17.89,17.72,17.86,211025
2012-12-11,17.9,18.0,17.83,18.0,182232
2012-12-12,17.93,18.05,17.91,17.93,134921
2012-12-13,17.89,17.95,17.74,17.83,119871
2012-12-14,17.77,17.94,17.77,17.82,130592
2012-12-17,17.83,18.05,17.81,18.04,170975
2012-12-18,18.05,18.05,17.88,17.99,123542
2012-12-19,17.95,18.06,17.95,18.01,117212
2012-12-20,18.03,18.07,17.98,18.06,129892
2012-12-21,18.0,18.12,18.0,18.05,101630
2012-12-24,18.1,18.11,18.0,18.05,116180
2012-12-26,18.01,18.1,18.0,18.09,114733
2012-12-27,18.04,18.04,17.78,17.96,195865
2012-12-28,17.92,17.96,17.79,17.81,128857
2012-12-31,17.73,18.15,17.66,18.12,154000
2013-01-02,18.16,18.44,18.14,18.41,103829
2013-01-03,18.42,18.48,18.33,18.42,141307
2013-01-04,18.4,18.71,18.34,18.69,214365
2013-01-07,18.69,18.74,18.55,18.56,150817
2013-01-08,18.61,18.69,18.57,18.67,111851
2013-01-09,18.69,18.77,18.65,18.77,106123
2013-01-10,18.78,18.78,18.63,18.7,139382
2013-01-11,18.74,18.74,18.65,18.69,72861
2013-01-14,18.67,18.74,18.66,18.72,85998
2013-01-15,18.72,18.79,18.68,18.77,132460
2013-01-16,18.76,19.33,18.73,18.93,240092
2013-01-17,18.97,18.98,18.86,18.98,128077
2013-01-18,18.91,18.99,18.85,18.91,107626
2013-01-22,18.91,19.03,18.87,18.95,120912
2013-01-23,18.99,19.02,18.95,18.96,128169
2013-01-24,19.01,19.05,18.95,18.96,137938
2013-01-25,19.04,19.04,18.99,19.03,70490
2013-01-28,19.12,19.12,18.9,18.9,132733
2013-01-29,18.9,19.0,18.86,18.97,126836
2013-01-30,18.94,18.97,18.82,18.89,114692
2013-01-31,18.97,18.97,18.81,18.83,111837
2013-02-01,18.9,18.9,18.68,18.71,111950
2013-02-04,18.62,18.71,18.5,18.59,155689
2013-02-05,18.52,18.71,18.52,18.7,94426
2013-02-06,18.79,18.79,18.55,18.68,126262
2013-02-07,18.68,18.68,18.56,18.67,135393
2013-02-08,18.78,18.93,18.67,18.82,158638
2013-02-11,18.75,18.84,18.75,18.79,68635
2013-02-12,18.88,18.95,18.79,18.91,114739
2013-02-13,19.02,19.02,18.75,18.85,75775
2013-02-14,18.76,18.92,18.75,18.85,99040
2013-02-15,18.95,18.97,18.7,18.77,102961
2013-02-19,18.86,18.92,18.75,18.89,135324
2013-02-20,18.95,18.95,18.78,18.85,177390
2013-02-21,18.92,18.92,18.73,18.75,127075
2013-02-22,18.82,18.88,18.78,18.87,98452
2013-02-25,18.9,18.92,18.75,18.8,100616
2013-02-26,18.8,18.93,18.75,18.85,207476
2013-02-27,18.95,18.95,18.81,18.92,145839
2013-02-28,18.95,18.95,18.82,18.95,109428
2013-03-01,18.86,18.95,18.79,18.93,88353
2013-03-04,18.95,19.07,18.85,19.07,149744
2013-03-05,19.16,19.16,18.83,18.87,87447
2013-03-06,18.98,18.99,18.63,18.85,167044
2013-03-07,18.8,19.0,18.8,18.84,96019
2013-03-08,18.89,18.9,18.79,18.87,75750
2013-03-11,18.8,19.04,18.77,19.02,118216
2013-03-12,19.05,19.16,18.93,19.07,208407
2013-03-13,19.15,19.2,19.03,19.1,109022
2013-03-14,19.03,19.11,18.93,19.06,102617
2013-03-15,19.12,19.2,18.75,18.84,259743
2013-03-18,18.8,19.04,18.8,19.04,112288
2013-03-19,19.0,19.14,18.85,18.9,97018
2013-03-20,18.86,18.98,18.78,18.82,82877
2013-03-21,18.88,19.0,18.77,18.95,119699
2013-03-22,18.92,19.0,18.87,18.98,94851
2013-03-25,18.98,19.01,18.85,18.96,139056
2013-03-26,18.95,19.12,18.94,19.06,85320
2013-03-27,19.06,19.09,18.92,19.05,62817
2013-03-28,19.05,19.11,18.98,18.98,121149
2013-04-01,18.9,19.03,18.84,18.91,49888
2013-04-02,18.97,19.02,18.84,18.85,68340
2013-04-03,18.77,18.94,18.69,18.8,124395
2013-04-04,18.8,18.94,18.76,18.89,81416
2013-04-05,18.7,18.91,18.65,18.89,136060
2013-04-08,18.83,19.04,18.83,18.97,58371
2013-04-09,19.02,19.02,18.88,18.93,98426
2013-04-10,18.89,18.99,18.84,18.95,133800
2013-04-11,18.95,19.09,18.89,19.08,83830
2013-04-12,18.96,19.13,18.96,19.13,67841
2013-04-15,19.15,19.15,18.83,18.9,130410
2013-04-16,19.0,19.08,18.88,18.97,117157
2013-04-17,18.97,18.98,18.76,18.89,93831
2013-04-18,18.92,18.92,18.77,18.84,68364
2013-04-19,18.8,18.97,18.8,18.8,67011
2013-04-22,18.96,18.96,18.74,18.79,110372
2013-04-23,18.9,18.94,18.82,18.88,68771
2013-04-24,18.89,19.0,18.83,19.0,93001
2013-04-25,19.0,19.11,18.96,19.06,98507
2013-04-26,19.02,19.11,18.94,19.09,57929
2013-04-29,19.16,19.16,19.05,19.1,46998
2013-04-30,19.05,19.24,19.05,19.13,98266
2013-05-01,19.11,19.14,19.0,19.14,85876
2013-05-02,19.2,19.21,19.11,19.2,66809
2013-05-03,19.25,19.25,19.09,19.16,51879
2013-05-06,19.12,19.16,18.95,18.95,103590
2013-05-07,19.05,19.16,18.99,19.16,90797
2013-05-08,19.2,19.26,19.12,19.19,67831
2013-05-09,19.2,19.2,19.05,19.13,88044
2013-05-10,19.12,19.19,19.06,19.15,83986
2013-05-13,19.16,19.16,18.95,19.04,125386
2013-05-14,18.98,19.07,18.93,18.99,133345
2013-05-15,19.07,19.14,18.91,18.94,128536
2013-05-16,19.0,19.11,18.87,19.01,138540
2013-05-17,19.11,19.11,18.9,19.0,116259
2013-05-20,19.03,19.04,18.91,18.95,69971
2013-05-21,18.9,19.1,18.9,19.07,110597
2013-05-22,19.06,19.07,18.81,18.88,139755
2013-05-23,18.76,18.9,18.68,18.83,175253
2013-05-24,18.85,18.85,18.7,18.75,102527
2013-05-28,18.87,18.87,18.68,18.73,97107
2013-05-29,18.73,18.73,18.35,18.5,190013
2013-05-30,18.58,18.66,18.36,18.39,121943
2013-05-31,18.43,18.49,18.19,18.2,136274
2013-06-03,18.18,18.33,17.85,18.0,171293
2013-06-04,17.98,18.09,17.91,17.98,213362
2013-06-05,17.89,18.05,17.86,17.99,120288
2013-06-06,17.93,17.98,17.75,17.91,198163
2013-06-07,17.86,17.99,17.83,17.94,137336
2013-06-10,17.97,18.0,17.86,17.88,248967
2013-06-11,17.66,17.96,17.63,17.69,139112
2013-06-12,17.68,17.77,17.5,17.52,145417
2013-06-13,17.59,17.69,17.36,17.66,151067
2013-06-14,17.63,17.78,17.56,17.63,115333
2013-06-17,17.8,17.99,17.51,17.55,259552
2013-06-18,17.71,17.71,17.58,17.69,236678
2013-06-19,17.65,17.83,17.5,17.57,202745
2013-06-20,17.5,17.51,17.2,17.33,301541
2013-06-21,17.44,17.44,17.18,17.34,132806
2013-06-24,17.18,17.27,16.65,16.79,388639
2013-06-25,16.81,17.16,16.71,17.16,173335
2013-06-26,17.28,17.56,17.28,17.5,186913
2013-06-27,17.51,17.87,17.47,17.83,89956
2013-06-28,17.7,17.85,17.47,17.56,94614
2013-07-01,17.6,17.78,17.46,17.5,116953
2013-07-02,17.54,17.57,17.12,17.14,111641
2013-07-03,17.04,17.23,17.04,17.23,67221
2013-07-05,17.23,17.23,16.81,16.81,99360
2013-07-08,16.76,17.1,16.76,16.95,170107
2013-07-09,16.85,17.21,16.84,17.12,145301
2013-07-10,17.16,17.25,17.07,17.2,68704
2013-07-11,17.32,17.67,17.32,17.67,155838
2013-07-12,17.65,17.65,17.25,17.28,111067
2013-07-15,17.5,17.6,17.41,17.54,134039
2013-07-16,17.63,17.63,17.34,17.38,141728
2013-07-17,17.35,17.66,17.35,17.62,131492
2013-07-18,17.62,17.75,17.55,17.71,112852
2013-07-19,17.64,17.7,17.4,17.43,93503
2013-07-22,17.5,17.66,17.43,17.63,66278
2013-07-23,17.75,17.84,17.53,17.79,106592
2013-07-24,17.75,17.82,17.6,17.63,82045
2013-07-25,17.67,17.72,17.6,17.67,66028
2013-07-26,17.6,17.65,17.42,17.51,114291
2013-07-29,17.48,17.57,17.3,17.4,129349
2013-07-30,17.56,17.63,17.41,17.63,78951
2013-07-31,17.59,17.7,17.58,17.63,145343
2013-08-01,17.67,17.74,17.42,17.51,255695
2013-08-02,17.53,17.9,17.53,17.77,109553
2013-08-05,17.62,17.67,17.45,17.51,116023
2013-08-06,17.45,17.53,17.21,17.45,105561
2013-08-07,17.33,17.53,17.25,17.42,64151
2013-08-08,17.37,17.52,17.19,17.25,82855
2013-08-09,17.19,17.48,17.19,17.4,72093
2013-08-12,17.4,17.53,17.4,17.51,66397
2013-08-13,17.5,17.5,17.31,17.32,110376
2013-08-14,17.39,17.44,17.2,17.2,106833
2013-08-15,17.22,17.3,16.96,17.02,176542
2013-08-16,17.12,17.19,16.92,16.95,231038
2013-08-19,16.94,17.14,16.93,16.96,142630
2013-08-20,16.96,17.17,16.96,17.05,123895
2013-08-21,16.93,17.06,16.81,17.02,147524
2013-08-22,16.96,17.24,16.94,17.13,102850
2013-08-23,17.08,17.25,17.06,17.17,66337
2013-08-26,17.2,17.28,17.09,17.18,97321
2013-08-27,17.0,17.2,17.0,17.1,189307
2013-08-28,17.04,17.21,16.96,17.08,131669
2013-08-29,16.95,17.15,16.95,17.11,88791
2013-08-30,17.07,17.15,17.05,17.11,71115
2013-09-03,17.03,17.42,17.02,17.42,89098
2013-09-04,17.33,17.49,16.98,16.98,320421
2013-09-05,16.98,17.15,16.91,16.93,280363
2013-09-06,16.97,17.07,16.91,16.96,117659
2013-09-09,17.0,17.08,16.95,16.98,65719
2013-09-10,17.01,17.04,16.93,16.95,146648
2013-09-11,16.88,17.12,16.88,17.03,191687
2013-09-12,17.02,17.08,17.0,17.03,99246
2013-09-13,17.03,17.08,16.94,17.01,87996
2013-09-16,17.04,17.22,17.04,17.12,158417
2013-09-17,17.16,17.35,17.12,17.31,116382
2013-09-18,17.23,17.66,17.02,17.65,146293
2013-09-19,17.7,17.82,17.7,17.8,229334
2013-09-20,17.75,17.78,17.67,17.74,126268
2013-09-23,17.75,17.85,17.65,17.65,89796
2013-09-24,17.62,17.72,17.6,17.64,56355
2013-09-25,17.63,17.68,17.53,17.63,103586
2013-09-26,17.61,17.72,17.56,17.67,105098
2013-09-27,17.59,17.77,17.59,17.76,58582
2013-09-30,17.7,17.79,17.54,17.54,182304
2013-10-01,17.57,17.68,17.55,17.6,132730
2013-10-02,17.52,17.62,17.38,17.43,124015
2013-10-03,17.43,17.66,17.28,17.62,85844
2013-10-04,17.53,17.59,17.35,17.44,106487
2013-10-07,17.39,17.49,17.34,17.44,72605
2013-10-08,17.4,17.5,17.22,17.28,115009
2013-10-09,17.29,17.36,17.23,17.3,79214
2013-10-10,17.36,17.45,17.26,17.36,84757
2013-10-11,17.28,17.46,17.22,17.45,110914
2013-10-14,17.34,17.49,17.33,17.47,91627
2013-10-15,17.4,17.47,17.32,17.39,70730
2013-10-16,17.48,17.58,17.31,17.33,139892
2013-10-17,17.33,17.69,17.32,17.61,129625
2013-10-18,17.56,17.71,17.49,17.59,138595
2013-10-21,17.55,17.64,17.47,17.52,104894
2013-10-22,17.51,17.7,17.51,17.64,144045
2013-10-23,17.56,17.69,17.56,17.62,100206
2013-10-24,17.6,17.73,17.58,17.64,103488
2013-10-25,17.6,17.75,17.58,17.69,117188
2013-10-28,17.65,17.73,17.63,17.69,101487
2013-10-29,17.69,17.8,17.67,17.69,112313
2013-10-30,17.71,17.77,17.61,17.66,107793
2013-10-31,17.62,17.68,17.6,17.62,71636
2013-11-01,17.53,17.62,17.45,17.58,81544
2013-11-04,17.58,17.67,17.57,17.63,73626
2013-11-05,17.68,17.72,17.56,17.57,114801
2013-11-06,17.6,17.66,17.57,17.57,104250
2013-11-07,17.56,17.63,17.47,17.47,121350
2013-11-08,17.41,17.5,17.4,17.47,54632
2013-11-11,17.41,17.54,17.41,17.51,89662
2013-11-12,17.44,17.53,17.41,17.42,99014
2013-11-13,17.36,17.48,17.35,17.42,133308
2013-11-14,17.42,17.48,17.37,17.43,78856
2013-11-15,17.44,17.48,17.4,17.44,78125
2013-11-18,17.43,17.49,17.43,17.43,193930
2013-11-19,17.39,17.5,17.37,17.43,98383
2013-11-20,17.45,17.5,17.3,17.35,152464
2013-11-21,17.31,17.37,17.28,17.28,97134
2013-11-22,17.3,17.35,17.25,17.28,116501
2013-11-25,17.37,17.37,17.27,17.29,165218
2013-11-26,17.26,17.36,17.24,17.27,79388
2013-11-27,17.26,17.38,17.22,17.34,96596
2013-11-29,17.3,17.45,17.3,17.4,55518
2013-12-02,17.26,17.32,17.15,17.26,112804
2013-12-03,17.19,17.3,17.19,17.23,162421
2013-12-04,17.12,17.24,17.12,17.17,98358
2013-12-05,17.09,17.16,17.08,17.09,110998
2013-12-06,17.06,17.12,17.02,17.09,160467
2013-12-09,17.05,17.25,17.05,17.13,144499
2013-12-10,17.2,17.24,17.09,17.13,163521
2013-12-11,17.1,17.19,17.07,17.12,263252
2013-12-12,17.06,17.14,17.06,17.11,152535
2013-12-13,17.11,17.17,17.02,17.1,163370
2013-12-16,17.05,17.1,17.0,17.0,272754
2013-12-17,16.99,17.21,16.96,17.14,185770
2013-12-18,17.13,17.22,17.01,17.02,252424
2013-12-19,17.0,17.11,16.99,17.0,204353
2013-12-20,17.01,17.12,16.97,17.07,202316
2013-12-23,17.09,17.39,17.09,17.3,161752
2013-12-24,17.22,17.4,17.22,17.31,79417
2013-12-26,17.3,17.44,17.3,17.38,147716
2013-12-27,17.31,17.37,17.23,17.34,162514
2013-12-30,17.38,17.38,17.12,17.16,285843
2013-12-31,17.14,17.27,17.11,17.22,295710
2014-01-02,17.15,17.25,17.1,17.21,226228
2014-01-03,17.18,17.25,17.08,17.11,123512
2014-01-06,17.11,17.31,17.11,17.16,116513
2014-01-07,17.15,17.39,17.15,17.32,131233
2014-01-08,17.28,17.43,17.28,17.4,93983
2014-01-09,17.38,17.47,17.38,17.42,99282
2014-01-10,17.4,17.53,17.4,17.45,78288
2014-01-13,17.42,17.49,17.42,17.49,159975
2014-01-14,17.41,17.59,17.41,17.47,144103
2014-01-15,17.52,17.61,17.49,17.49,115647
2014-01-16,17.54,17.71,17.5,17.71,121380
2014-01-17,17.68,17.72,17.61,17.64,85632
2014-01-21,17.74,17.76,17.64,17.67,149881
2014-01-22,17.71,17.77,17.67,17.7,114237
2014-01-23,17.63,17.77,17.62,17.65,114248
2014-01-24,17.62,17.83,17.61,17.79,170030
2014-01-27,17.82,17.83,17.55,17.65,176214
2014-01-28,17.66,17.66,17.55,17.56,89707
2014-01-29,17.55,17.56,17.4,17.5,111438
2014-01-30,17.62,17.65,17.48,17.53,121002
2014-01-31,17.42,17.59,17.42,17.51,73174
2014-02-03,17.37,17.45,17.31,17.34,112617
2014-02-04,17.35,17.48,17.35,17.45,126526
2014-02-05,17.39,17.53,17.35,17.44,66267
2014-02-06,17.37,17.49,17.33,17.46,142683
2014-02-07,17.49,17.63,17.45,17.58,89561
2014-02-10,17.55,17.63,17.51,17.62,85441
2014-02-11,17.59,17.68,17.58,17.64,44132
2014-02-12,17.7,17.71,17.6,17.63,74866
2014-02-13,17.62,17.73,17.6,17.73,97287
2014-02-14,17.79,17.8,17.72,17.8,71471
2014-02-18,17.77,17.84,17.7,17.77,110015
2014-02-19,17.72,17.8,17.7,17.75,86970
2014-02-20,17.81,17.85,17.74,17.85,83323
2014-02-21,17.81,17.85,17.76,17.77,96335
2014-02-24,17.83,17.85,17.71,17.73,82869
2014-02-25,17.75,17.85,17.73,17.85,65838
2014-02-26,17.85,17.85,17.76,17.82,71533
2014-02-27,17.77,17.98,17.77,17.91,85283
2014-02-28,17.88,18.02,17.87,17.88,94966
2014-03-03,17.8,18.04,17.79,18.02,263919
2014-03-04,18.01,18.11,18.01,18.02,136761
2014-03-05,18.02,18.04,17.78,17.78,96472
2014-03-06,17.77,17.83,17.74,17.78,187612
2014-03-07,17.79,17.79,17.6,17.63,54833
2014-03-10,17.63,17.78,17.61,17.75,160122
2014-03-11,17.74,17.8,17.64,17.64,91547
2014-03-12,17.58,17.72,17.56,17.66,277889
2014-03-13,17.67,17.68,17.44,17.54,252089
2014-03-14,17.45,17.56,17.43,17.52,155026
2014-03-17,17.62,17.62,17.49,17.52,74060
2014-03-18,17.56,17.67,17.54,17.62,111719
2014-03-19,17.65,17.69,17.53,17.53,59482
2014-03-20,17.53,17.58,17.45,17.51,113188
2014-03-21,17.53,17.62,17.48,17.51,172558
2014-03-24,17.5,17.55,17.46,17.46,82667
2014-03-25,17.48,17.6,17.48,17.56,89629
2014-03-26,17.59,17.62,17.55,17.59,110876
2014-03-27,17.54,17.59,17.5,17.56,100950
2014-03-28,17.57,17.64,17.55,17.61,68120
2014-03-31,17.62,17.74,17.62,17.73,97492
2014-04-01,17.67,17.67,17.6,17.61,65263
2014-04-02,17.6,17.62,17.47,17.53,137568
2014-04-03,17.52,17.59,17.47,17.54,150364
2014-04-04,17.65,17.69,17.5,17.51,125555
2014-04-07,17.48,17.6,17.48,17.57,99502
2014-04-08,17.57,17.65,17.54,17.65,67247
2014-04-09,17.66,17.7,17.57,17.7,110000
2014-04-10,17.67,17.71,17.58,17.64,148492
2014-04-11,17.58,17.67,17.58,17.64,63180
2014-04-14,17.65,17.7,17.63,17.69,94551
2014-04-15,17.68,17.71,17.65,17.68,91060
2014-04-16,17.76,17.8,17.71,17.79,112847
2014-04-17,17.8,17.88,17.77,17.88,123234
2014-04-21,17.92,17.92,17.84,17.88,88134
2014-04-22,17.86,17.88,17.83,17.86,77375
2014-04-23,17.86,17.94,17.85,17.9,114380
2014-04-24,18.0,18.0,17.86,17.94,106908
2014-04-25,17.94,17.94,17.9,17.94,83121
2014-04-28,17.98,17.98,17.91,17.96,58367
2014-04-29,17.98,18.01,17.96,18.0,78535
2014-04-30,18.0,18.02,17.97,18.02,71010
2014-05-01,17.87,17.92,17.79,17.88,76883
2014-05-02,17.9,17.92,17.86,17.92,47435
2014-05-05,17.9,17.94,17.87,17.94,88558
2014-05-06,17.9,17.93,17.86,17.86,72912
2014-05-07,17.86,17.88,17.85,17.86,74715
2014-05-08,17.87,17.92,17.87,17.87,77595
2014-05-09,17.89,18.03,17.89,18.0,78143
2014-05-12,18.06,18.06,17.94,17.98,80862
2014-05-13,18.01,18.03,17.93,17.97,78539
2014-05-14,17.95,17.99,17.93,17.99,65578
2014-05-15,17.96,17.99,17.95,17.98,91124
2014-05-16,18.02,18.05,17.94,18.04,120885
2014-05-19,18.06,18.06,18.02,18.03,61701
2014-05-20,18.01,18.04,17.97,18.02,55325
2014-05-21,18.04,18.05,18.0,18.02,77657
2014-05-22,18.02,18.06,18.0,18.01,83745
2014-05-23,18.0,18.05,18.0,18.02,50899
2014-05-27,18.05,18.09,17.99,18.0,57584
2014-05-28,18.0,18.1,17.95,18.05,111753
2014-05-29,18.06,18.11,18.04,18.06,102206
2014-05-30,18.08,18.15,18.06,18.14,111013
2014-06-02,18.1,18.1,17.99,17.99,69796
2014-06-03,17.99,18.02,17.95,17.96,91973
2014-06-04,18.0,18.0,17.88,17.89,94770
2014-06-05,17.88,17.97,17.87,17.88,91646
2014-06-06,17.92,17.94,17.9,17.9,72985
2014-06-09,17.89,17.93,17.88,17.88,76486
2014-06-10,17.86,17.93,17.86,17.89,64246
2014-06-11,17.94,17.97,17.87,17.9,97436
2014-06-12,17.92,18.0,17.88,17.97,81868
2014-06-13,18.01,18.03,17.97,18.03,72627
2014-06-16,18.06,18.07,17.97,18.05,64447
2014-06-17,18.09,18.12,18.03,18.09,91935
2014-06-18,18.05,18.15,18.03,18.11,83770
2014-06-19,18.12,18.17,18.07,18.16,74516
2014-06-20,18.16,18.18,18.1,18.1,57215
2014-06-23,18.12,18.13,18.11,18.13,44175
2014-06-24,18.17,18.22,18.15,18.15,89209
2014-06-25,18.15,18.2,18.12,18.12,68261
2014-06-26,18.14,18.14,18.12,18.13,64094
2014-06-27,18.13,18.17,18.12,18.12,40407
2014-06-30,18.13,18.19,18.12,18.15,114445
2014-07-01,18.18,18.18,17.97,17.97,73215
2014-07-02,17.98,18.05,17.94,17.95,65534
2014-07-03,17.96,17.98,17.89,17.9,50824
2014-07-07,17.94,18.0,17.89,17.92,48301
2014-07-08,17.9,18.01,17.9,17.97,80397
2014-07-09,17.96,18.02,17.91,17.94,114310
2014-07-10,17.9,17.98,17.9,17.96,55530
2014-07-11,17.95,18.0,17.92,17.96,44843
2014-07-14,18.01,18.02,17.95,17.96,63620
2014-07-15,18.0,18.01,17.89,17.9,98903
2014-07-16,17.9,17.99,17.9,17.93,116241
2014-07-17,17.88,17.92,17.79,17.86,112580
2014-07-18,17.86,17.88,17.84,17.87,64946
2014-07-21,17.83,17.87,17.81,17.85,57449
2014-07-22,17.85,17.9,17.82,17.86,89139
2014-07-23,17.89,17.93,17.86,17.87,88795
2014-07-24,17.88,17.94,17.88,17.94,89660
2014-07-25,17.87,17.94,17.87,17.9,62411
2014-07-28,17.87,17.91,17.85,17.88,73465
2014-07-29,17.92,17.92,17.85,17.87,50354
2014-07-30,17.86,17.87,17.71,17.72,102871
2014-07-31,17.72,17.72,17.42,17.42,157719
2014-08-01,17.22,17.31,17.22,17.29,93240
2014-08-04,17.22,17.31,17.22,17.28,116855
2014-08-05,17.18,17.2,17.0,17.16,126731
2014-08-06,17.06,17.19,16.97,17.19,101700
2014-08-07,17.15,17.25,17.13,17.21,100320
2014-08-08,17.21,17.3,17.18,17.28,67801
2014-08-11,17.28,17.47,17.28,17.47,76839
2014-08-12,17.39,17.51,17.39,17.47,147511
2014-08-13,17.55,17.57,17.49,17.57,88957
2014-08-14,17.56,17.62,17.56,17.59,59733
2014-08-15,17.64,17.64,17.57,17.62,84101
2014-08-18,17.64,17.67,17.56,17.56,113557
2014-08-19,17.62,17.68,17.58,17.68,84876
2014-08-20,17.62,17.68,17.61,17.61,57832
2014-08-21,17.62,17.69,17.57,17.58,61170
2014-08-22,17.6,17.6,17.55,17.55,56060
2014-08-25,17.58,17.61,17.5,17.54,66960
2014-08-26,17.51,17.64,17.51,17.62,78797
2014-08-27,17.58,17.64,17.58,17.6,62294
2014-08-28,17.58,17.64,17.53,17.64,71786
2014-08-29,17.63,17.67,17.6,17.66,53991
2014-09-02,17.54,17.56,17.5,17.51,39936
2014-09-03,17.53,17.56,17.5,17.52,71804
2014-09-04,17.53,17.56,17.48,17.48,62147
2014-09-05,17.49,17.51,17.46,17.5,53533
2014-09-08,17.45,17.49,17.39,17.39,76076
2014-09-09,17.35,17.41,17.24,17.25,117359
2014-09-10,17.22,17.34,17.2,17.31,55616
2014-09-11,17.29,17.35,17.23,17.27,100289
2014-09-12,17.22,17.27,17.2,17.26,84563
2014-09-15,17.29,17.29,17.11,17.15,106311
2014-09-16,17.18,17.19,17.11,17.15,110316
2014-09-17,17.18,17.24,17.15,17.23,73631
2014-09-18,17.24,17.25,17.2,17.21,82289
2014-09-19,17.25,17.27,17.22,17.23,48543
2014-09-22,17.21,17.24,17.1,17.14,113220
2014-09-23,17.11,17.18,17.08,17.09,134384
2014-09-24,17.06,17.14,17.06,17.07,102545
2014-09-25,17.06,17.08,16.93,16.98,173141
2014-09-26,16.92,16.97,16.85,16.97,97122
2014-09-29,16.87,16.96,16.86,16.96,92365
2014-09-30,16.93,17.09,16.9,17.09,250762
2014-10-01,16.92,17.04,16.92,17.0,130110
2014-10-02,16.94,17.02,16.93,16.96,165866
2014-10-03,16.98,17.02,16.93,16.93,133734
2014-10-06,16.95,17.22,16.94,17.18,290915
2014-10-07,17.1,17.18,17.0,17.0,93584
2014-10-08,16.97,17.16,16.97,17.09,217380
2014-10-09,17.06,17.16,17.0,17.06,166537
2014-10-10,16.98,17.04,16.92,16.94,90277
2014-10-13,16.9,16.92,16.59,16.61,114512
2014-10-14,16.64,16.77,16.59,16.69,178134
2014-10-15,16.52,16.82,16.12,16.63,416316
2014-10-16,16.57,16.8,16.47,16.7,246413
2014-10-17,16.78,16.99,16.73,16.9,80221
2014-10-20,16.88,17.03,16.87,16.89,140832
2014-10-21,16.9,17.18,16.89,17.16,200068
2014-10-22,17.16,17.28,17.16,17.19,129661
2014-10-23,17.24,17.27,17.18,17.18,169357
2014-10-24,17.16,17.28,17.13,17.22,100870
2014-10-27,17.19,17.22,17.13,17.18,75818
2014-10-28,17.24,17.27,17.19,17.2,110920
2014-10-29,17.2,17.23,17.12,17.13,86234
2014-10-30,17.17,17.23,17.13,17.18,81074
2014-10-31,17.22,17.28,17.11,17.19,197412
2014-11-03,17.11,17.11,17.06,17.1,54933
2014-11-04,17.06,17.08,17.01,17.01,58639
2014-11-05,17.04,17.07,16.97,17.01,58008
2014-11-06,17.0,17.1,16.94,17.08,80829
2014-11-07,17.06,17.08,16.98,17.02,57004
2014-11-10,17.02,17.05,16.96,17.0,72161
2014-11-11,16.95,17.0,16.91,16.98,111329
2014-11-12,16.95,17.02,16.94,17.0,87993
2014-11-13,16.99,17.05,16.97,16.97,84153
2014-11-14,16.98,16.99,16.83,16.86,103645
2014-11-17,16.85,16.85,16.68,16.71,187888
2014-11-18,16.71,16.75,16.66,16.72,264818
2014-11-19,16.66,16.68,16.63,16.64,141891
2014-11-20,16.61,16.66,16.57,16.64,147244
2014-11-21,16.67,16.71,16.6,16.66,212732
2014-11-24,16.66,16.71,16.65,16.67,132761
2014-11-25,16.66,16.75,16.63,16.72,157180
2014-11-26,16.73,16.79,16.72,16.78,104719
2014-11-28,16.78,16.8,16.71,16.79,54451
2014-12-01,16.66,16.68,16.59,16.63,104381
2014-12-02,16.6,16.63,16.6,16.61,105828
2014-12-03,16.6,16.61,16.39,16.42,207856
2014-12-04,16.41,16.45,16.35,16.37,153385
2014-12-05,16.39,16.43,16.34,16.41,189160
2014-12-08,16.41,16.41,16.16,16.18,246673
2014-12-09,16.15,16.15,16.0,16.09,331671
2014-12-10,16.0,16.04,15.84,15.84,266305
2014-12-11,15.88,15.99,15.79,15.84,339742
2014-12-12,15.79,15.79,15.65,15.66,151822
2014-12-15,15.66,15.74,15.51,15.59,287625
2014-12-16,15.54,15.55,15.37,15.47,332242
2014-12-17,15.45,15.86,15.45,15.85,310475
2014-12-18,15.94,16.12,15.9,16.01,304708
2014-12-19,16.03,16.16,16.03,16.13,188894
2014-12-22,16.16,16.17,16.03,16.09,262733
2014-12-23,16.09,16.15,16.06,16.13,327940
2014-12-24,16.13,16.26,16.13,16.18,116728
2014-12-26,16.18,16.25,16.17,16.19,115398
2014-12-29,16.16,16.21,16.09,16.09,282815
2014-12-30,16.06,16.11,15.98,16.0,348453
2014-12-31,16.0,16.08,15.96,16.0,403630
2015-01-02,15.93,16.12,15.93,16.03,98990
2015-01-05,15.97,15.98,15.89,15.97,80153
2015-01-06,15.92,15.99,15.9,15.95,83333
2015-01-07,15.99,16.11,15.97,15.98,244417
2015-01-08,16.02,16.18,16.02,16.18,181105
2015-01-09,16.16,16.23,16.13,16.18,98298
2015-01-12,16.21,16.21,16.0,16.06,191102
2015-01-13,16.07,16.15,16.04,16.08,131789
2015-01-14,15.92,16.04,15.87,16.04,156705
2015-01-15,16.09,16.09,15.94,16.01,156666
2015-01-16,16.02,16.09,16.01,16.09,124570
2015-01-20,16.07,16.07,15.97,16.0,86837
2015-01-21,16.01,16.06,15.96,16.03,150250
2015-01-22,16.07,16.15,16.03,16.13,150808
2015-01-23,16.13,16.25,16.11,16.22,235336
2015-01-26,16.2,16.24,16.18,16.18,143680
2015-01-27,16.15,16.2,16.11,16.19,86630
2015-01-28,16.17,16.19,16.09,16.1,94100
2015-01-29,16.13,16.18,16.08,16.18,95132
2015-01-30,16.14,16.17,16.12,16.14,73484
2015-02-02,16.04,16.04,15.96,15.96,99108
2015-02-03,15.99,16.04,15.99,16.03,205595
2015-02-04,16.0,16.07,15.95,15.97,152387
2015-02-05,16.0,16.17,16.0,16.17,135472
2015-02-06,16.14,16.19,16.14,16.14,68596
2015-02-09,16.12,16.25,16.12,16.25,114329
2015-02-10,16.22,16.3,16.22,16.26,136543
2015-02-11,16.23,16.31,16.23,16.29,101461
2015-02-12,16.33,16.33,16.25,16.3,98145
2015-02-13,16.32,16.37,16.3,16.37,79472
2015-02-17,16.38,16.38,16.3,16.35,119469
2015-02-18,16.38,16.4,16.31,16.39,200427
2015-02-19,16.34,16.4,16.33,16.36,126966
2015-02-20,16.39,16.39,16.32,16.35,99791
2015-02-23,16.37,16.5,16.35,16.46,178237
2015-02-24,16.47,16.49,16.41,16.46,82224
2015-02-25,16.49,16.53,16.45,16.52,92929
2015-02-26,16.52,16.54,16.47,16.53,75106
2015-02-27,16.5,16.6,16.5,16.6,79855
2015-03-02,16.5,16.52,16.41,16.42,61621
2015-03-03,16.42,16.43,16.29,16.39,95206
2015-03-04,16.36,16.42,16.35,16.4,82778
2015-03-05,16.4,16.42,16.36,16.36,103958
2015-03-06,16.36,16.38,16.26,16.28,156037
2015-03-09,16.25,16.32,16.25,16.26,51668
2015-03-10,16.23,16.28,16.2,16.21,70315
2015-03-11,16.21,16.24,16.2,16.22,44326
2015-03-12,16.23,16.26,16.22,16.23,70847
2015-03-13,16.23,16.26,16.18,16.26,61021
2015-03-16,16.3,16.32,16.2,16.31,117738
2015-03-17,16.32,16.32,16.18,16.25,110503
2015-03-18,16.21,16.35,16.2,16.35,104994
2015-03-19,16.32,16.32,16.22,16.25,85176
2015-03-20,16.28,16.4,16.28,16.39,116180
2015-03-23,16.35,16.4,16.33,16.4,70394
2015-03-24,16.37,16.42,16.34,16.41,84609
2015-03-25,16.38,16.44,16.34,16.34,126915
2015-03-26,16.34,16.38,16.33,16.36,68934
2015-03-27,16.36,16.39,16.33,16.35,107567
2015-03-30,16.38,16.41,16.36,16.4,48281
2015-03-31,16.35,16.45,16.35,16.38,117860
2015-04-01,16.26,16.38,16.26,16.32,79641
2015-04-02,16.35,16.35,16.31,16.34,40459
2015-04-06,16.34,16.39,16.32,16.39,67053
2015-04-07,16.36,16.43,16.36,16.43,64228
2015-04-08,16.41,16.46,16.4,16.42,76505
2015-04-09,16.42,16.46,16.42,16.44,70742
2015-04-10,16.46,16.48,16.42,16.46,36875
2015-04-13,16.48,16.48,16.43,16.45,55898
2015-04-14,16.43,16.48,16.43,16.48,80585
2015-04-15,16.5,16.53,16.46,16.5,147479
2015-04-16,16.52,16.57,16.48,16.57,127831
2015-04-17,16.54,16.55,16.5,16.53,92003
2015-04-20,16.56,16.63,16.52,16.53,140255
2015-04-21,16.54,16.7,16.54,16.63,154398
2015-04-22,16.65,16.65,16.6,16.63,61674
2015-04-23,16.65,16.67,16.61,16.66,97275
2015-04-24,16.69,16.73,16.64,16.66,154031
2015-04-27,16.7,16.72,16.62,16.68,102327
2015-04-28,16.65,16.66,16.56,16.57,112592
2015-04-29,16.57,16.57,16.5,16.56,100082
2015-04-30,16.53,16.55,16.51,16.53,100518
2015-05-01,16.45,16.5,16.42,16.44,80750
2015-05-04,16.43,16.5,16.43,16.49,63195
2015-05-05,16.46,16.48,16.38,16.44,101107
2015-05-06,16.45,16.45,16.33,16.35,71646
2015-05-07,16.33,16.44,16.31,16.38,108727
2015-05-08,16.44,16.46,16.39,16.44,48464
2015-05-11,16.4,16.4,16.34,16.36,83140
2015-05-12,16.36,16.38,16.31,16.34,47242
2015-05-13,16.32,16.33,16.28,16.33,78325
2015-05-14,16.37,16.4,16.34,16.36,70975
2015-05-15,16.42,16.45,16.31,16.4,72659
2015-05-18,16.42,16.42,16.33,16.41,66049
2015-05-19,16.38,16.4,16.31,16.33,88702
2015-05-20,16.33,16.4,16.33,16.36,78568
2015-05-21,16.38,16.42,16.37,16.38,104583
2015-05-22,16.39,16.45,16.37,16.42,63611
2015-05-26,16.42,16.42,16.3,16.31,49214
2015-05-27,16.37,16.38,16.31,16.33,76098
2015-05-28,16.34,16.35,16.3,16.32,54570
2015-05-29,16.28,16.38,16.28,16.38,42516
2015-06-01,16.3,16.3,16.22,16.22,69878
2015-06-02,16.18,16.28,16.18,16.26,50605
2015-06-03,16.26,16.26,16.2,16.24,70077
2015-06-04,16.2,16.21,16.1,16.1,113633
2015-06-05,16.07,16.07,15.92,16.0,126651
2015-06-08,15.97,15.98,15.89,15.9,44060
2015-06-09,15.92,15.93,15.8,15.84,68014
2015-06-10,15.87,15.87,15.82,15.82,59581
2015-06-11,15.81,15.84,15.78,15.81,57166
2015-06-12,15.75,15.78,15.66,15.69,148112
2015-06-15,15.69,15.75,15.65,15.7,79090
2015-06-16,15.73,15.82,15.68,15.82,108159
2015-06-17,15.81,15.86,15.78,15.81,89635
2015-06-18,15.8,15.9,15.8,15.82,151473
2015-06-19,15.77,15.87,15.77,15.87,104639
2015-06-22,15.88,15.94,15.83,15.94,106647
2015-06-23,15.9,15.95,15.86,15.93,94682
2015-06-24,15.96,16.02,15.91,16.02,213715
2015-06-25,15.97,15.97,15.78,15.78,94546
2015-06-26,15.82,15.82,15.64,15.64,110327
2015-06-29,15.58,15.63,15.47,15.55,71184
2015-06-30,15.61,15.72,15.58,15.64,168528
2015-07-01,15.58,15.72,15.56,15.59,142042
2015-07-02,15.58,15.63,15.52,15.62,112736
2015-07-06,15.52,15.59,15.52,15.56,79784
2015-07-07,15.56,15.58,15.4,15.53,145459
2015-07-08,15.48,15.5,15.43,15.47,119338
2015-07-09,15.53,15.54,15.46,15.46,109685
2015-07-10,15.54,15.57,15.51,15.51,56936
2015-07-13,15.52,15.52,15.45,15.45,96185
2015-07-14,15.46,15.48,15.41,15.41,100882
2015-07-15,15.39,15.45,15.37,15.39,172959
2015-07-16,15.43,15.54,15.42,15.54,93570
2015-07-17,15.52,15.58,15.51,15.58,109714
2015-07-20,15.55,15.55,15.38,15.44,75080
2015-07-21,15.39,15.4,15.3,15.35,128067
2015-07-22,15.28,15.31,15.09,15.13,156414
2015-07-23,15.14,15.17,15.08,15.1,108295
2015-07-24,15.12,15.12,14.89,14.94,112587
2015-07-27,14.91,14.91,14.74,14.84,106860
2015-07-28,14.85,14.92,14.83,14.91,194203
2015-07-29,14.93,15.02,14.91,14.98,124087
2015-07-30,14.92,15.01,14.92,14.94,175921
2015-07-31,14.94,15.13,14.94,15.1,184541
2015-08-03,14.98,15.05,14.98,15.04,78790
2015-08-04,15.03,15.09,15.02,15.02,78475
2015-08-05,15.05,15.18,15.05,15.11,141598
2015-08-06,15.07,15.11,14.82,14.89,176132
2015-08-07,14.85,14.92,14.83,14.85,94956
2015-08-10,14.87,14.9,14.77,14.79,104897
2015-08-11,14.77,14.77,14.68,14.7,127554
2015-08-12,14.66,14.83,14.65,14.83,125508
2015-08-13,14.76,14.8,14.68,14.7,130085
2015-08-14,14.67,14.79,14.67,14.77,81375
2015-08-17,14.78,14.79,14.72,14.78,89185
2015-08-18,14.78,14.8,14.68,14.71,115372
2015-08-19,14.66,14.76,14.6,14.63,150859
2015-08-20,14.61,14.63,14.5,14.6,155724
2015-08-21,14.5,14.58,14.41,14.46,135208
2015-08-24,13.99,14.28,13.59,14.1,234090
2015-08-25,14.25,14.33,14.18,14.28,167254
2015-08-26,14.34,14.41,14.26,14.4,186285
2015-08-27,14.44,14.52,14.38,14.49,116972
2015-08-28,14.45,14.52,14.43,14.46,76048
2015-08-31,14.47,14.48,14.39,14.46,95016
2015-09-01,14.3,14.37,14.3,14.37,89424
2015-09-02,14.38,14.46,14.37,14.46,71901
2015-09-03,14.44,14.56,14.44,14.47,95815
2015-09-04,14.45,14.49,14.4,14.48,105050
2015-09-08,14.54,14.57,14.51,14.54,71497
2015-09-09,14.53,14.56,14.34,14.37,68755
2015-09-10,14.4,14.49,14.39,14.46,66704
2015-09-11,14.43,14.47,14.39,14.45,54812
2015-09-14,14.43,14.44,14.35,14.38,48895
2015-09-15,14.4,14.4,14.34,14.36,82848
2015-09-16,14.37,14.43,14.31,14.37,135979
2015-09-17,14.34,14.44,14.31,14.43,111434
2015-09-18,14.36,14.5,14.36,14.47,86755
2015-09-21,14.42,14.5,14.42,14.49,136193
2015-09-22,14.4,14.47,14.38,14.47,102785
2015-09-23,14.46,14.49,14.42,14.42,74188
2015-09-24,14.35,14.36,14.26,14.34,125481
2015-09-25,14.36,14.51,14.36,14.46,155531
2015-09-28,14.44,14.44,14.13,14.17,87159
2015-09-29,14.17,14.2,13.96,14.0,124239
2015-09-30,14.05,14.12,13.87,14.09,215854
2015-10-01,13.95,13.99,13.74,13.8,152729
2015-10-02,13.72,13.78,13.63,13.75,188137
2015-10-05,13.83,13.86,13.79,13.81,245527
2015-10-06,13.84,13.87,13.81,13.86,191887
2015-10-07,13.92,14.06,13.91,14.05,150616
2015-10-08,14.01,14.56,14.01,14.51,877256
2015-10-09,14.49,14.77,14.48,14.74,341686
2015-10-12,14.72,14.84,14.7,14.82,147491
2015-10-13,14.75,14.81,14.66,14.67,198906
2015-10-14,14.67,14.71,14.45,14.48,202047
2015-10-15,14.53,14.66,14.47,14.63,144634
2015-10-16,14.68,14.87,14.65,14.84,173294
2015-10-19,14.81,14.85,14.76,14.84,69270
2015-10-20,14.8,14.85,14.76,14.81,84460
2015-10-21,14.85,14.86,14.78,14.8,125770
2015-10-22,14.81,14.9,14.75,14.75,95193
2015-10-23,14.8,14.84,14.69,14.74,139357
2015-10-26,14.69,14.75,14.69,14.72,112731
2015-10-27,14.7,14.89,14.7,14.89,125986
2015-10-28,14.88,14.88,14.83,14.84,88943
2015-10-29,14.88,14.9,14.79,14.87,127012
2015-10-30,14.93,14.97,14.83,14.96,126236
2015-11-02,14.95,14.95,14.89,14.92,128151
2015-11-03,14.87,14.91,14.8,14.87,78578
2015-11-04,14.84,14.86,14.77,14.81,78552
2015-11-05,14.75,14.76,14.65,14.68,143091
2015-11-06,14.61,14.66,14.57,14.63,96643
2015-11-09,14.59,14.59,14.44,14.44,93741
2015-11-10,14.39,14.49,14.39,14.45,85557
2015-11-11,14.41,14.46,14.25,14.27,116944
2015-11-12,14.24,14.28,14.2,14.23,147574
2015-11-13,14.2,14.28,14.16,14.26,332244
2015-11-16,14.3,14.3,14.19,14.23,144630
2015-11-17,14.27,14.37,14.24,14.3,174565
2015-11-18,14.38,14.56,14.32,14.56,380753
2015-11-19,14.53,14.53,14.26,14.29,160325
2015-11-20,14.24,14.38,14.24,14.34,168367
2015-11-23,14.29,14.39,14.29,14.37,205529
2015-11-24,14.32,14.37,14.3,14.36,111029
2015-11-25,14.32,14.33,14.25,14.27,128327
2015-11-27,14.24,14.33,14.1,14.15,78052
2015-11-30,14.17,14.18,14.05,14.12,225797
2015-12-01,14.01,14.12,14.01,14.1,135027
2015-12-02,14.07,14.2,14.07,14.16,96343
2015-12-03,14.13,14.18,14.08,14.09,124873
2015-12-04,14.07,14.15,14.07,14.11,77600
2015-12-07,14.06,14.09,13.98,14.03,185057
2015-12-08,13.94,13.99,13.91,13.91,94497
2015-12-09,13.95,13.99,13.76,13.79,179467
2015-12-10,13.8,13.89,13.73,13.85,161725
2015-12-11,13.75,13.76,13.46,13.58,408306
2015-12-14,13.53,13.62,13.29,13.36,335148
2015-12-15,13.38,13.57,13.38,13.49,240917
2015-12-16,13.51,13.79,13.51,13.79,279858
2015-12-17,13.8,13.89,13.68,13.82,263685
2015-12-18,13.84,13.94,13.83,13.93,146208
2015-12-21,13.93,14.0,13.87,13.99,285974
2015-12-22,13.97,14.05,13.92,14.05,153225
2015-12-23,14.06,14.21,14.06,14.17,117040
2015-12-24,14.17,14.28,14.16,14.2,53971
2015-12-28,14.2,14.21,14.04,14.09,134291
2015-12-29,14.16,14.16,14.01,14.09,142840
2015-12-30,14.04,14.09,13.95,14.0,162629
2015-12-31,14.0,14.19,13.94,14.08,202900
2016-01-04,13.88,14.08,13.85,13.95,85644
2016-01-05,13.97,14.04,13.96,14.01,117929
2016-01-06,13.94,14.05,13.94,14.0,149276
2016-01-07,13.95,14.02,13.91,13.98,120874
2016-01-08,14.07,14.07,13.87,13.9,98904
2016-01-11,13.95,13.96,13.85,13.89,148860
2016-01-12,13.96,13.96,13.81,13.87,135616
2016-01-13,13.84,13.85,13.53,13.54,334171
2016-01-14,13.55,13.62,13.47,13.49,244331
2016-01-15,13.34,13.34,13.17,13.28,220344
2016-01-19,13.36,13.4,13.14,13.19,305208
2016-01-20,13.13,13.16,12.91,13.01,317376
2016-01-21,13.05,13.16,12.93,13.06,645579
2016-01-22,13.16,13.31,13.16,13.28,128287
2016-01-25,13.22,13.35,13.22,13.22,91194
2016-01-26,13.23,13.46,13.22,13.39,84628
2016-01-27,13.35,13.49,13.35,13.45,123330
2016-01-28,13.46,13.65,13.45,13.65,139609
2016-01-29,13.7,13.77,13.64,13.73,303015
2016-02-01,13.59,13.66,13.52,13.65,136499
2016-02-02,13.57,13.57,13.45,13.54,68382
2016-02-03,13.54,13.59,13.47,13.55,111586
2016-02-04,13.5,13.54,13.44,13.47,119836
2016-02-05,13.42,13.49,13.4,13.45,114432
2016-02-08,13.38,13.38,13.23,13.25,121305
2016-02-09,13.14,13.24,13.11,13.24,108268
2016-02-10,13.25,13.3,13.19,13.2,86285
2016-02-11,13.12,13.13,13.0,13.08,124077
2016-02-12,13.18,13.29,13.08,13.28,158886
2016-02-16,13.41,13.41,13.26,13.32,145302
2016-02-17,13.41,13.5,13.41,13.47,117150
2016-02-18,13.46,13.57,13.46,13.52,113997
2016-02-19,13.52,13.66,13.5,13.66,67506
2016-02-22,13.76,13.77,13.62,13.77,151228
2016-02-23,13.71,13.72,13.58,13.66,105677
2016-02-24,13.61,13.73,13.56,13.73,59289
2016-02-25,13.7,13.77,13.66,13.76,55028
2016-02-26,13.78,13.83,13.68,13.73,87359
2016-02-29,13.73,14.06,13.73,14.01,168323
2016-03-01,13.98,14.25,13.94,14.22,172984
2016-03-02,14.23,14.26,14.13,14.25,82651
2016-03-03,14.24,14.38,14.2,14.26,187884
2016-03-04,14.34,14.36,14.31,14.32,93764
2016-03-07,14.3,14.36,14.3,14.35,102601
2016-03-08,14.29,14.37,14.27,14.35,59794
2016-03-09,14.35,14.41,14.31,14.38,103245
2016-03-10,14.39,14.43,14.35,14.4,85382
2016-03-11,14.45,14.61,14.42,14.59,85121
2016-03-14,14.61,14.61,14.53,14.6,51608
2016-03-15,14.62,14.8,14.43,14.76,299167
2016-03-16,14.76,14.85,14.64,14.76,104917
2016-03-17,14.79,14.8,14.72,14.8,64112
2016-03-18,14.82,14.84,14.72,14.8,62645
2016-03-21,14.73,14.8,14.73,14.77,79945
2016-03-22,14.78,14.8,14.69,14.76,125632
2016-03-23,14.77,14.8,14.71,14.74,64188
2016-03-24,14.65,14.7,14.58,14.6,119099
2016-03-28,14.66,14.66,14.45,14.46,143717
2016-03-29,14.45,14.5,14.41,14.48,47832
2016-03-30,14.53,14.64,14.52,14.55,111049
2016-03-31,14.59,14.62,14.54,14.62,88498
2016-04-01,14.56,14.56,14.4,14.51,108892
2016-04-04,14.48,14.54,14.41,14.43,52343
2016-04-05,14.38,14.45,14.35,14.39,61506
2016-04-06,14.44,14.49,14.38,14.49,121976
2016-04-07,14.42,14.47,14.4,14.47,61736
2016-04-08,14.48,14.57,14.48,14.56,76881
2016-04-11,14.6,14.61,14.55,14.59,92090
2016-04-12,14.62,14.64,14.59,14.62,36157
2016-04-13,14.65,14.69,14.65,14.69,77462
2016-04-14,14.71,14.71,14.61,14.67,87676
2016-04-15,14.67,14.67,14.55,14.61,142767
2016-04-18,14.53,14.77,14.53,14.77,230486
2016-04-19,14.77,14.82,14.75,14.78,91617
2016-04-20,14.82,14.84,14.78,14.83,54626
2016-04-21,14.84,14.85,14.76,14.8,78175
2016-04-22,14.8,14.86,14.79,14.86,61333
2016-04-25,14.84,14.84,14.75,14.83,171532
2016-04-26,14.8,14.92,14.8,14.9,170021
2016-04-27,14.88,14.94,14.84,14.91,97399
2016-04-28,14.86,14.93,14.86,14.89,108216
2016-04-29,14.89,14.92,14.86,14.9,71239
2016-05-02,14.83,14.86,14.77,14.77,51494
2016-05-03,14.67,14.79,14.67,14.71,52196
2016-05-04,14.68,14.73,14.59,14.63,168612
2016-05-05,14.63,14.67,14.59,14.59,81537
2016-05-06,14.59,14.6,14.52,14.55,69137
2016-05-09,14.55,14.57,14.51,14.54,57978
2016-05-10,14.53,14.6,14.53,14.59,62136
2016-05-11,14.6,14.63,14.53,14.55,93987
2016-05-12,14.6,14.64,14.53,14.55,103682
2016-05-13,14.51,14.62,14.51,14.54,78936
2016-05-16,14.6,14.68,14.56,14.67,66031
2016-05-17,14.7,14.71,14.63,14.71,117551
2016-05-18,14.69,14.75,14.66,14.73,89449
2016-05-19,14.69,14.69,14.54,14.56,106897
2016-05-20,14.61,14.64,14.58,14.62,52282
2016-05-23,14.64,14.82,14.64,14.68,284643
2016-05-24,14.7,14.72,14.59,14.63,113482
2016-05-25,14.7,14.7,14.65,14.67,84325
2016-05-26,14.68,14.72,14.66,14.7,68363
2016-05-27,14.72,14.82,14.7,14.82,93184
2016-05-31,14.79,14.84,14.79,14.83,85356
2016-06-01,14.7,14.78,14.7,14.74,49769
2016-06-02,14.7,14.73,14.68,14.71,58792
2016-06-03,14.66,14.78,14.66,14.78,63741
2016-06-06,14.78,14.83,14.75,14.79,72338
2016-06-07,14.84,14.86,14.8,14.83,125088
2016-06-08,14.86,14.9,14.84,14.88,74794
2016-06-09,14.87,14.94,14.86,14.93,155504
2016-06-10,14.91,14.94,14.86,14.9,170830
2016-06-13,14.89,14.94,14.85,14.87,111301
2016-06-14,14.83,14.86,14.8,14.82,55713
2016-06-15,14.86,14.86,14.8,14.8,54590
2016-06-16,14.79,14.79,14.69,14.73,138422
2016-06-17,14.71,14.77,14.7,14.77,97946
2016-06-20,14.8,14.85,14.75,14.79,126552
2016-06-21,14.8,14.84,14.8,14.83,149782
2016-06-22,14.83,14.85,14.81,14.83,100997
2016-06-23,14.88,14.92,14.88,14.91,61114
2016-06-24,14.47,14.85,14.47,14.66,162109
2016-06-27,14.56,14.6,14.38,14.38,121584
2016-06-28,14.46,14.53,14.46,14.53,155508
2016-06-29,14.59,14.69,14.59,14.68,200137
2016-06-30,14.68,14.85,14.65,14.83,241261
2016-07-01,14.75,14.76,14.71,14.73,58647
2016-07-05,14.7,14.72,14.65,14.69,44007
2016-07-06,14.67,14.77,14.67,14.75,84475
2016-07-07,14.78,14.88,14.75,14.86,181609
2016-07-08,14.88,15.0,14.88,14.98,53134
2016-07-11,14.99,15.03,14.99,15.0,50775
2016-07-12,15.02,15.12,15.02,15.08,72534
2016-07-13,15.13,15.13,15.04,15.08,230005
2016-07-14,15.12,15.12,15.04,15.05,85156
2016-07-15,15.1,15.15,15.08,15.14,106322
2016-07-18,15.19,15.23,15.15,15.22,98114
2016-07-19,15.18,15.2,15.12,15.14,53757
2016-07-20,15.12,15.29,15.12,15.27,64555
2016-07-21,15.27,15.3,15.23,15.27,107602
2016-07-22,15.28,15.35,15.24,15.27,167673
2016-07-25,15.25,15.26,15.21,15.26,72950
2016-07-26,15.29,15.3,15.24,15.28,99737
2016-07-27,15.29,15.29,15.14,15.23,163040
2016-07-28,15.25,15.25,15.19,15.23,84954
2016-07-29,15.2,15.31,15.19,15.31,226215
2016-08-01,15.21,15.31,15.15,15.29,328268
2016-08-02,15.23,15.3,15.2,15.21,159133
2016-08-03,15.2,15.34,15.18,15.31,170412
2016-08-04,15.26,15.34,15.22,15.34,148916
2016-08-05,15.33,15.4,15.3,15.33,140365
2016-08-08,15.38,15.38,15.23,15.33,186058
2016-08-09,15.33,15.36,15.3,15.32,85027
2016-08-10,15.33,15.38,15.31,15.36,111041
2016-08-11,15.34,15.43,15.34,15.4,66733
2016-08-12,15.46,15.5,15.42,15.5,83568
2016-08-15,15.55,15.62,15.53,15.62,124848
2016-08-16,15.61,15.62,15.55,15.62,212862
2016-08-17,15.66,15.68,15.6,15.65,97620
2016-08-18,15.67,15.76,15.66,15.73,75390
2016-08-19,15.75,15.76,15.7,15.74,108388
2016-08-22,15.71,15.75,15.69,15.72,53185
2016-08-23,15.74,15.81,15.74,15.79,64821
2016-08-24,15.82,15.82,15.68,15.77,75793
2016-08-25,15.72,15.77,15.72,15.74,71237
2016-08-26,15.76,15.82,15.73,15.8,134312
2016-08-29,15.83,15.85,15.8,15.83,89266
2016-08-30,15.83,15.83,15.8,15.81,50410
2016-08-31,15.84,15.86,15.8,15.86,136725
2016-09-01,15.81,15.81,15.7,15.73,106596
2016-09-02,15.7,15.76,15.7,15.76,49268
2016-09-06,15.8,15.85,15.79,15.85,46887
2016-09-07,15.81,15.89,15.81,15.87,59584
2016-09-08,15.84,15.94,15.75,15.76,133617
2016-09-09,15.68,15.75,15.42,15.45,106639
2016-09-12,15.42,15.57,15.39,15.48,112671
2016-09-13,15.36,15.45,15.28,15.31,61248
2016-09-14,15.3,15.4,15.21,15.21,119866
2016-09-15,15.3,15.81,15.25,15.48,182715
2016-09-16,15.48,15.49,15.41,15.45,104177
2016-09-19,15.46,15.48,15.38,15.38,69033
2016-09-20,15.45,15.49,15.42,15.46,83013
2016-09-21,15.48,15.61,15.48,15.59,86111
2016-09-22,15.65,15.73,15.59,15.59,73807
2016-09-23,15.54,15.59,15.47,15.47,150233
2016-09-26,15.4,15.46,15.39,15.4,99529
2016-09-27,15.43,15.48,15.39,15.46,73965
2016-09-28,15.47,15.58,15.43,15.54,136048
2016-09-29,15.49,15.55,15.49,15.51,58700
2016-09-30,15.55,15.61,15.54,15.59,81742
2016-10-03,15.52,15.52,15.47,15.49,89269
2016-10-04,15.47,15.55,15.4,15.43,193654
2016-10-05,15.46,15.47,15.41,15.42,148329
2016-10-06,15.43,15.46,15.41,15.43,64374
2016-10-07,15.42,15.47,15.42,15.45,69965
2016-10-10,15.49,15.54,15.48,15.54,46643
2016-10-11,15.51,15.52,15.45,15.52,59667
2016-10-12,15.52,15.52,15.41,15.46,48440
2016-10-13,15.41,15.43,15.37,15.41,65643
2016-10-14,15.43,15.47,15.39,15.39,78744
2016-10-17,15.44,15.45,15.39,15.4,306155
2016-10-18,15.48,15.56,15.4,15.5,147000
2016-10-19,15.51,15.6,15.5,15.6,96385
2016-10-20,15.55,15.6,15.49,15.53,78875
2016-10-21,15.55,15.63,15.52,15.61,143350
2016-10-24,15.59,15.67,15.59,15.67,71280
2016-10-25,15.66,15.74,15.65,15.72,93689
2016-10-26,15.71,15.77,15.7,15.73,94775
2016-10-27,15.73,15.74,15.67,15.69,127125
2016-10-28,15.7,15.7,15.53,15.53,96044
2016-10-31,15.57,15.59,15.5,15.52,97519
2016-11-01,15.47,15.47,15.32,15.37,76234
2016-11-02,15.35,15.35,15.19,15.2,124720
2016-11-03,15.21,15.26,15.06,15.09,150845
2016-11-04,15.07,15.17,15.05,15.12,101580
2016-11-07,15.2,15.35,15.2,15.34,108079
2016-11-08,15.3,15.37,15.29,15.35,62754
2016-11-09,15.15,15.27,15.15,15.26,93799
2016-11-10,15.22,15.27,14.91,15.14,265618
2016-11-11,15.06,15.1,14.99,15.02,143981
2016-11-14,15.04,15.13,15.0,15.09,134839
2016-11-15,15.16,15.37,15.09,15.31,140289
2016-11-16,15.32,15.52,15.27,15.38,148191
2016-11-17,15.44,15.49,15.34,15.35,64058
2016-11-18,15.35,15.5,15.34,15.47,97882
2016-11-21,15.44,15.58,15.44,15.5,86686
2016-11-22,15.54,15.65,15.54,15.56,111467
2016-11-23,15.53,15.59,15.53,15.56,130937
2016-11-25,15.53,15.65,15.53,15.59,45518
2016-11-28,15.63,15.69,15.62,15.69,91737
2016-11-29,15.66,15.75,15.66,15.7,69512
2016-11-30,15.7,15.75,15.63,15.72,70726
2016-12-01,15.57,15.58,15.33,15.33,125218
2016-12-02,15.35,15.48,15.35,15.44,72054
2016-12-05,15.4,15.57,15.4,15.53,87619
2016-12-06,15.49,15.67,15.49,15.67,126894
2016-12-07,15.58,15.78,15.58,15.74,195296
2016-12-08,15.62,15.84,15.62,15.79,140868
2016-12-09,15.76,15.9,15.76,15.89,105895
2016-12-12,15.9,15.91,15.79,15.9,128379
2016-12-13,15.89,16.01,15.89,16.0,458992
2016-12-14,16.02,16.05,15.99,16.0,198959
2016-12-15,15.9,16.06,15.9,16.02,189111
2016-12-16,16.05,16.05,15.98,15.98,82470
2016-12-19,16.0,16.12,16.0,16.1,51366
2016-12-20,16.05,16.21,15.99,16.0,174201
2016-12-21,15.96,16.01,15.89,15.94,135921
2016-12-22,16.0,16.0,15.89,15.9,228261
2016-12-23,15.87,15.95,15.87,15.92,91725
2016-12-27,15.91,15.98,15.91,15.93,122227
2016-12-28,15.8,16.1,15.8,16.03,227321
2016-12-29,16.01,16.13,16.0,16.02,111850
2016-12-30,16.02,16.11,16.02,16.08,214885
2017-01-03,16.21,16.45,16.13,16.32,484838
2017-01-04,16.26,16.5,16.26,16.5,388854
2017-01-05,16.53,16.54,16.42,16.51,350152
2017-01-06,16.47,16.51,16.31,16.42,148086
2017-01-09,16.37,16.49,16.37,16.46,110414
2017-01-10,16.42,16.56,16.42,16.51,135545
2017-01-11,16.5,16.53,16.5,16.52,149977
2017-01-12,16.5,16.53,16.34,16.5,161746
2017-01-13,16.47,16.55,16.46,16.46,89244
2017-01-17,16.54,16.55,16.4,16.47,129880
2017-01-18,16.47,16.51,16.34,16.35,158318
2017-01-19,16.31,16.37,16.31,16.37,70594
2017-01-20,16.35,16.42,16.34,16.41,68602
2017-01-23,16.44,16.53,16.44,16.49,109644
2017-01-24,16.5,16.6,16.47,16.57,112171
2017-01-25,16.6,16.82,16.6,16.68,168494
2017-01-26,16.74,16.75,16.65,16.68,69268
2017-01-27,16.65,16.7,16.6,16.6,130137
2017-01-30,16.6,16.73,16.58,16.7,130364
2017-01-31,16.65,16.7,16.6,16.67,136385
2017-02-01,16.61,16.63,16.52,16.55,71898
2017-02-02,16.54,16.57,16.51,16.55,66456
2017-02-03,16.64,16.69,16.6,16.64,150171
2017-02-06,16.67,16.74,16.61,16.74,131425
2017-02-07,16.74,16.75,16.64,16.72,97452
2017-02-08,16.72,16.77,16.66,16.71,158090
2017-02-09,16.7,16.72,16.53,16.54,136443
2017-02-10,16.57,16.6,16.5,16.54,155008
2017-02-13,16.6,16.65,16.57,16.63,85355
2017-02-14,16.63,16.79,16.58,16.73,90087
2017-02-15,16.77,16.83,16.72,16.83,83845
2017-02-16,16.87,16.9,16.79,16.87,106811
2017-02-17,16.78,16.86,16.76,16.85,83619
2017-02-21,16.81,16.86,16.78,16.78,93144
2017-02-22,16.81,16.9,16.78,16.84,105406
2017-02-23,16.87,16.91,16.84,16.84,60044
2017-02-24,16.82,16.93,16.81,16.9,102927
2017-02-27,16.91,16.94,16.9,16.94,82300
2017-02-28,16.93,17.07,16.93,17.05,98104
2017-03-01,16.97,17.04,16.95,16.97,96242
2017-03-02,17.01,17.1,16.88,16.9,138139
2017-03-03,16.86,16.98,16.86,16.95,127192
2017-03-06,16.91,17.04,16.91,17.04,111328
2017-03-07,17.0,17.0,16.93,16.94,86898
2017-03-08,16.95,16.95,16.73,16.73,114276
2017-03-09,16.68,16.71,16.41,16.47,215419
2017-03-10,16.56,16.61,16.5,16.53,97771
2017-03-13,16.54,16.66,16.54,16.54,101774
2017-03-14,16.5,16.52,16.37,16.47,119671
2017-03-15,16.53,16.64,16.39,16.64,193900
2017-03-16,16.67,16.67,16.45,16.46,353491
2017-03-17,16.49,16.62,16.49,16.6,165034
2017-03-20,16.61,16.72,16.58,16.65,103163
2017-03-21,16.66,16.69,16.4,16.44,198920
2017-03-22,16.51,16.61,16.39,16.61,104110
2017-03-23,16.6,16.6,16.51,16.53,60950
2017-03-24,16.54,16.6,16.46,16.47,84950
2017-03-27,16.43,16.57,16.43,16.5,102507
2017-03-28,16.51,16.58,16.5,16.54,159987
2017-03-29,16.56,16.65,16.52,16.58,127505
2017-03-30,16.63,16.65,16.6,16.6,129293
2017-03-31,16.63,16.71,16.63,16.66,154860
2017-04-03,16.67,16.67,16.54,16.6,61103
2017-04-04,16.6,16.7,16.6,16.65,108103
2017-04-05,16.74,16.75,16.68,16.72,75329
2017-04-06,16.73,16.76,16.7,16.74,76184
2017-04-07,16.72,16.79,16.71,16.75,64240
2017-04-10,16.78,16.88,16.75,16.87,87917
2017-04-11,16.88,16.93,16.8,16.93,81520
2017-04-12,16.93,16.93,16.8,16.83,81102
2017-04-13,16.83,16.92,16.83,16.9,71537
2017-04-17,16.9,16.91,16.77,16.78,139161
2017-04-18,16.82,16.9,16.79,16.88,106589
2017-04-19,16.9,16.9,16.8,16.84,75299
2017-04-20,16.82,16.9,16.82,16.87,80003
2017-04-21,16.89,16.93,16.87,16.92,84709
2017-04-24,17.0,17.0,16.9,16.96,239129
2017-04-25,16.96,17.0,16.95,16.96,108706
2017-04-26,16.97,17.1,16.97,17.06,93094
2017-04-27,17.06,17.23,17.03,17.21,100605
2017-04-28,17.21,17.3,17.15,17.3,141872
2017-05-01,17.17,17.18,17.11,17.16,108500
2017-05-02,17.19,17.19,17.11,17.16,85714
2017-05-03,17.15,17.15,17.07,17.08,73246
2017-05-04,17.1,17.1,16.9,16.92,132420
2017-05-05,16.98,17.04,16.95,17.04,93937
2017-05-08,17.06,17.09,17.0,17.05,104326
2017-05-09,17.08,17.15,17.07,17.08,122501
2017-05-10,17.11,17.16,17.08,17.11,90912
2017-05-11,17.1,17.12,17.01,17.03,86550
2017-05-12,17.05,17.15,17.05,17.12,75187
2017-05-15,17.17,17.2,17.15,17.18,119308
2017-05-16,17.22,17.24,17.17,17.17,82072
2017-05-17,17.12,17.17,17.01,17.07,174144
2017-05-18,17.08,17.11,17.01,17.11,67793
2017-05-19,17.1,17.2,17.1,17.13,180708
2017-05-22,17.12,17.16,17.08,17.15,79958
2017-05-23,17.17,17.18,17.13,17.17,112313
2017-05-24,17.17,17.24,17.16,17.21,68433
2017-05-25,17.19,17.24,17.19,17.23,94145
2017-05-26,17.24,17.25,17.19,17.25,113942
2017-05-30,17.25,18.12,17.22,17.27,237224
2017-05-31,17.27,17.32,17.23,17.31,151401
2017-06-01,17.28,17.28,17.04,17.11,179067
2017-06-02,17.12,17.14,17.07,17.14,92521
2017-06-05,17.17,17.17,17.11,17.14,80674
2017-06-06,17.12,17.15,17.09,17.12,79993
2017-06-07,17.14,17.2,17.13,17.16,92057
2017-06-08,17.23,17.23,17.07,17.14,107134
2017-06-09,17.2,17.21,17.11,17.15,71688
2017-06-12,17.17,17.18,17.14,17.16,51751
2017-06-13,17.16,17.2,17.1,17.1,109461
2017-06-14,17.21,17.22,17.15,17.22,102219
2017-06-15,17.28,17.28,17.16,17.2,94308
2017-06-16,17.2,17.26,17.18,17.21,101689
2017-06-19,17.27,17.39,17.25,17.32,103095
2017-06-20,17.36,17.36,17.24,17.27,129502
2017-06-21,17.27,17.45,17.14,17.18,121917
2017-06-22,17.22,17.23,17.08,17.2,114900
2017-06-23,17.22,17.22,17.17,17.2,91887
2017-06-26,17.26,17.28,17.12,17.21,134251
2017-06-27,17.24,17.29,17.17,17.21,147379
2017-06-28,17.27,17.32,17.25,17.28,168622
2017-06-29,17.29,17.29,17.07,17.1,204465
2017-06-30,17.14,17.31,17.14,17.24,250211
2017-07-03,17.22,17.22,17.12,17.15,78923
2017-07-05,17.25,17.25,16.84,16.89,282438
2017-07-06,16.87,17.1,16.85,17.03,153972
2017-07-07,17.05,17.09,17.0,17.07,99859
2017-07-10,17.04,17.07,16.98,17.04,90719
2017-07-11,17.05,17.12,17.0,17.09,87426
2017-07-12,17.12,17.18,17.09,17.16,98746
2017-07-13,17.22,17.22,17.08,17.08,79982
2017-07-14,17.12,17.12,17.03,17.09,214059
2017-07-17,17.17,17.17,17.05,17.06,222713
2017-07-18,17.09,17.12,17.07,17.08,123726
2017-07-19,17.18,17.18,17.07,17.09,204773
2017-07-20,17.11,17.17,17.11,17.13,106856
2017-07-21,17.16,17.18,17.08,17.15,350168
2017-07-24,17.17,17.2,17.11,17.16,285734
2017-07-25,17.18,17.18,17.09,17.1,389346
2017-07-26,17.12,17.19,17.11,17.15,331289
2017-07-27,17.17,17.17,17.11,17.13,242573
2017-07-28,17.16,17.18,17.12,17.14,199106
2017-07-31,,,17.15,17.17,292841
2017-08-01,17.13,17.13,17.07,17.08,193597
