Date,Open,High,Low,Close,Volume
2013-02-08,14.12,14.38,13.02,13.7,3394094
2013-02-11,13.5,13.88,12.95,13.3,287584
2013-02-12,13.0,13.34,12.4,12.51,243134
2013-02-13,12.25,13.3,12.25,13.0,131742
2013-02-14,12.85,13.51,12.81,13.4,74426
2013-02-15,13.21,13.4,12.94,13.02,143086
2013-02-19,12.87,13.27,12.6,12.91,110358
2013-02-20,12.76,13.01,12.6,12.75,59946
2013-02-21,12.5,12.81,12.5,12.56,29828
2013-02-22,12.75,13.31,12.26,12.53,55068
2013-02-25,13.18,13.18,12.37,12.58,81506
2013-02-26,12.51,12.55,12.27,12.4,51736
2013-02-27,12.46,12.69,12.0,12.32,48115
2013-02-28,12.27,12.63,12.25,12.49,16956
2013-03-01,12.98,12.98,12.45,12.5,18381
2013-03-04,12.89,13.89,12.56,13.62,542098
2013-03-05,14.22,14.69,14.0,14.31,414439
2013-03-06,14.3,14.7,13.72,14.06,132308
2013-03-07,14.02,14.46,13.68,13.92,96989
2013-03-08,13.68,14.09,13.68,13.96,64567
2013-03-11,14.15,14.15,13.75,14.05,25103
2013-03-12,14.18,14.18,13.75,13.84,53969
2013-03-13,13.83,14.0,13.51,13.62,27650
2013-03-14,13.62,14.2,12.62,13.7,350007
2013-03-15,13.67,14.01,13.25,13.6,126832
2013-03-18,12.95,13.73,12.95,13.59,64516
2013-03-19,13.4,13.75,13.4,13.54,68385
2013-03-20,13.69,13.95,13.23,13.72,84344
2013-03-21,13.98,13.98,13.59,13.8,27892
2013-03-22,13.75,14.45,13.75,14.42,52101
2013-03-25,14.45,15.24,14.13,15.15,127114
2013-03-26,15.15,15.8,15.15,15.55,172567
2013-03-27,15.48,15.86,15.16,15.16,54070
2013-03-28,15.09,15.71,14.7,15.09,588845
2013-04-01,15.02,15.43,14.71,14.96,66545
2013-04-02,15.01,15.01,14.14,14.65,109779
2013-04-03,14.72,14.72,14.23,14.64,21921
2013-04-04,14.7,15.0,14.23,14.71,44902
2013-04-05,14.63,14.88,14.2,14.79,82881
2013-04-08,14.82,15.45,14.61,15.28,63130
2013-04-09,14.82,15.16,14.82,14.92,70467
2013-04-10,14.82,15.27,14.6,14.91,79091
2013-04-11,15.06,15.06,14.72,14.93,30633
2013-04-12,14.86,14.9,14.13,14.72,48590
2013-04-15,14.72,15.0,14.37,14.5,57680
2013-04-16,14.59,14.96,14.57,14.91,14570
2013-04-17,14.84,14.84,13.94,14.11,34930
2013-04-18,14.22,14.6,14.06,14.42,21148
2013-04-19,14.43,14.51,14.05,14.38,11558
2013-04-22,14.14,14.58,13.86,14.39,27564
2013-04-23,14.45,14.5,13.95,14.44,42049
2013-04-24,14.41,14.9,14.25,14.75,56997
2013-04-25,14.77,15.25,14.77,14.88,59671
2013-04-26,14.79,15.07,14.5,14.57,17613
2013-04-29,14.58,15.0,14.5,14.99,27467
2013-04-30,14.91,15.18,14.87,15.0,20118
2013-05-01,14.89,15.0,14.43,14.44,35093
2013-05-02,14.58,15.0,14.27,14.89,40154
2013-05-03,15.0,15.0,14.67,14.99,13792
2013-05-06,15.03,15.03,14.74,14.96,17378
2013-05-07,14.48,14.98,14.42,14.88,16808
2013-05-08,14.85,15.49,14.53,15.05,19959
2013-05-09,14.6,15.57,14.6,15.03,27299
2013-05-10,15.07,15.1,14.67,14.88,6592
2013-05-13,15.09,15.61,14.62,15.42,33476
2013-05-14,14.96,15.01,12.77,13.13,818530
2013-05-15,13.14,13.2,12.75,12.93,75198
2013-05-16,12.93,13.09,12.1,12.13,109517
2013-05-17,12.15,12.15,11.15,11.39,138327
2013-05-20,11.29,11.39,10.62,11.0,103110
2013-05-21,11.07,11.18,10.87,10.91,44142
2013-05-22,10.85,11.1,10.44,10.54,76254
2013-05-23,10.55,10.78,10.22,10.36,63044
2013-05-24,10.33,10.5,9.32,9.65,178272
2013-05-28,10.06,10.53,9.67,9.96,103330
2013-05-29,9.96,10.66,9.73,10.66,137008
2013-05-30,10.68,10.71,10.42,10.45,55593
2013-05-31,10.31,10.38,10.03,10.04,61381
2013-06-03,9.96,10.34,9.86,10.22,83605
2013-06-04,10.28,10.29,9.76,9.97,39485
2013-06-05,9.99,10.1,9.87,9.88,52408
2013-06-06,9.94,10.1,9.82,9.95,30392
2013-06-07,10.05,10.05,9.81,9.96,44583
2013-06-10,10.03,10.44,9.9,10.28,57415
2013-06-11,10.15,10.35,9.95,9.98,85602
2013-06-12,9.99,10.28,9.88,9.96,49937
2013-06-13,9.89,9.9,9.67,9.8,32958
2013-06-14,9.85,9.91,9.68,9.73,7923
2013-06-17,9.95,9.95,9.53,9.63,69200
2013-06-18,9.57,9.89,9.55,9.6,49679
2013-06-19,9.66,9.81,9.5,9.5,31373
2013-06-20,9.44,9.52,8.39,8.41,94390
2013-06-21,8.46,8.87,8.46,8.78,111292
2013-06-24,8.82,9.05,8.7,8.9,85112
2013-06-25,9.31,9.45,9.16,9.35,68485
2013-06-26,9.65,10.12,9.5,10.0,138184
2013-06-27,10.23,10.64,10.06,10.23,133564
2013-06-28,10.24,10.55,10.09,10.52,266331
2013-07-01,10.65,10.76,10.11,10.54,54571
2013-07-02,10.58,10.65,10.51,10.56,19804
2013-07-03,10.5,10.55,9.97,10.14,27232
2013-07-05,10.27,10.27,9.81,10.11,49732
2013-07-08,9.93,10.18,9.81,9.92,30215
2013-07-09,9.93,9.95,9.75,9.86,119357
2013-07-10,9.87,10.14,9.86,10.06,55341
2013-07-11,10.22,10.24,9.64,9.98,32228
2013-07-12,9.93,10.0,9.55,9.7,98513
2013-07-15,9.7,9.98,9.6,9.98,23216
2013-07-16,9.97,10.16,9.65,9.94,27303
2013-07-17,9.89,10.39,9.77,10.35,40585
2013-07-18,10.44,10.65,10.44,10.61,49067
2013-07-19,10.74,10.95,10.17,10.31,81914
2013-07-22,10.25,11.18,10.25,10.93,95198
2013-07-23,10.93,11.5,10.93,11.45,44494
2013-07-24,11.48,11.59,11.14,11.41,44514
2013-07-25,11.36,11.78,10.42,11.77,40522
2013-07-26,11.67,11.76,11.34,11.46,36956
2013-07-29,11.45,11.53,11.09,11.32,40141
2013-07-30,11.3,11.75,11.3,11.58,33595
2013-07-31,11.59,12.31,11.5,12.13,71596
2013-08-01,12.29,12.36,12.15,12.25,33072
2013-08-02,12.28,12.94,12.0,12.94,54120
2013-08-05,12.87,12.87,12.31,12.43,65813
2013-08-06,12.37,12.47,11.05,12.11,24402
2013-08-07,12.01,12.19,11.85,12.16,16061
2013-08-08,12.15,12.15,11.88,12.03,13454
2013-08-09,11.97,12.05,11.91,11.93,12288
2013-08-12,12.0,12.1,11.9,12.03,30173
2013-08-13,11.83,11.83,11.36,11.58,112017
2013-08-14,11.5,11.96,11.49,11.85,117971
2013-08-15,11.73,12.41,11.73,11.92,69050
2013-08-16,11.94,11.94,11.46,11.48,15113
2013-08-19,11.1,11.42,11.07,11.11,16725
2013-08-20,11.1,11.17,11.05,11.17,10503
2013-08-21,11.27,11.84,11.27,11.73,35675
2013-08-22,11.8,11.88,11.7,11.73,16461
2013-08-23,11.74,11.9,11.52,11.6,12417
2013-08-26,11.6,11.6,11.45,11.56,108052
2013-08-27,11.48,11.48,10.74,10.95,17919
2013-08-28,10.89,11.31,10.57,10.76,17289
2013-08-29,10.77,11.16,10.62,10.76,18165
2013-08-30,10.71,11.07,10.55,10.65,15776
2013-09-03,10.77,11.22,10.65,11.18,51388
2013-09-04,11.25,11.99,11.12,11.56,137659
2013-09-05,11.68,11.68,11.54,11.59,5046
2013-09-06,11.71,11.84,11.5,11.73,26566
2013-09-09,11.71,11.89,11.45,11.55,28227
2013-09-10,11.58,11.7,11.35,11.51,49742
2013-09-11,11.44,11.55,11.32,11.5,27339
2013-09-12,11.42,11.71,11.15,11.58,33241
2013-09-13,11.62,11.69,11.48,11.66,14057
2013-09-16,11.7,11.7,11.18,11.37,27918
2013-09-17,11.45,11.61,11.4,11.51,27317
2013-09-18,11.56,11.7,11.19,11.51,29920
2013-09-19,11.38,11.65,11.38,11.57,10318
2013-09-20,11.57,11.94,11.5,11.81,21713
2013-09-23,11.84,11.88,11.35,11.6,22068
2013-09-24,11.54,12.15,11.44,12.04,156632
2013-09-25,12.02,12.45,11.47,11.47,77150
2013-09-26,11.6,11.6,11.18,11.44,19394
2013-09-27,11.35,11.58,11.3,11.33,57814
2013-09-30,11.18,12.25,10.86,11.95,53247
2013-10-01,11.91,12.43,11.91,12.15,26904
2013-10-02,12.0,12.0,11.6,11.62,17539
2013-10-03,11.28,12.1,11.25,11.85,60530
2013-10-04,11.9,13.32,11.9,13.14,56789
2013-10-07,13.05,13.27,12.8,12.97,39957
2013-10-08,12.85,13.2,12.74,12.84,55423
2013-10-09,12.88,13.24,12.83,13.01,36859
2013-10-10,13.18,13.7,12.94,13.57,71251
2013-10-11,13.67,14.08,13.62,13.8,35429
2013-10-14,13.88,13.88,12.75,13.59,26831
2013-10-15,13.53,13.65,13.35,13.5,36231
2013-10-16,13.5,13.72,13.49,13.62,47091
2013-10-17,13.58,13.82,13.34,13.6,35961
2013-10-18,13.5,13.83,13.5,13.79,32515
2013-10-21,13.7,13.77,12.43,13.34,26075
2013-10-22,13.28,13.5,13.27,13.4,33904
2013-10-23,13.3,13.3,12.8,13.15,38828
2013-10-24,13.21,13.21,11.87,12.14,87770
2013-10-25,12.15,12.15,11.45,11.69,103221
2013-10-28,11.58,12.0,11.5,11.75,35591
2013-10-29,11.94,11.94,11.59,11.8,47189
2013-10-30,11.7,12.47,11.7,12.18,54390
2013-10-31,12.3,12.5,11.9,12.14,25871
2013-11-01,12.13,12.25,11.85,11.91,28853
2013-11-04,11.97,12.27,11.58,12.08,21181
2013-11-05,12.0,12.5,12.0,12.41,20107
2013-11-06,12.47,12.55,12.32,12.49,30324
2013-11-07,12.36,12.5,11.97,12.02,21437
2013-11-08,12.0,12.11,11.97,12.01,86285
2013-11-11,11.97,12.5,11.93,12.01,19697
2013-11-12,11.9,12.49,10.75,11.98,52319
2013-11-13,11.96,11.96,11.03,11.79,58353
2013-11-14,11.75,11.99,11.06,11.34,179256
2013-11-15,11.3,11.81,11.15,11.3,101628
2013-11-18,11.37,11.56,11.25,11.49,42916
2013-11-19,11.44,11.44,11.2,11.35,28119
2013-11-20,11.31,11.59,11.21,11.38,48742
2013-11-21,11.44,11.66,11.35,11.47,34571
2013-11-22,11.5,11.7,11.42,11.55,14658
2013-11-25,11.55,12.31,11.55,11.87,27120
2013-11-26,11.96,12.08,11.69,11.93,34924
2013-11-27,11.98,11.99,11.8,11.96,38113
2013-11-29,12.0,12.0,11.88,11.98,7927
2013-12-02,11.94,11.99,11.04,11.3,42196
2013-12-03,11.27,11.27,10.08,10.28,65620
2013-12-04,10.2,10.49,10.07,10.45,18068
2013-12-05,10.4,10.58,10.0,10.55,32303
2013-12-06,10.58,10.58,10.38,10.48,44592
2013-12-09,10.37,10.44,10.26,10.34,15980
2013-12-10,10.29,10.48,10.28,10.3,27543
2013-12-11,10.29,10.42,9.61,9.96,81206
2013-12-12,10.02,10.3,10.02,10.25,66549
2013-12-13,10.42,10.45,10.08,10.22,38639
2013-12-16,10.22,10.22,9.89,9.99,21589
2013-12-17,9.94,9.99,9.75,9.86,19244
2013-12-18,9.85,10.08,9.8,9.98,92917
2013-12-19,9.92,10.45,9.92,10.03,25693
2013-12-20,10.08,10.25,9.76,9.98,68445
2013-12-23,9.97,10.11,9.77,10.04,63287
2013-12-24,9.89,10.52,9.89,10.08,11782
2013-12-26,10.12,10.16,9.84,10.01,54308
2013-12-27,10.05,10.14,9.87,10.14,37992
2013-12-30,10.14,10.22,10.0,10.06,33763
2013-12-31,10.03,10.38,10.03,10.11,33381
2014-01-02,10.05,10.13,10.0,10.02,37854
2014-01-03,10.08,10.1,9.82,9.93,29045
2014-01-06,9.93,9.93,9.75,9.88,20322
2014-01-07,9.93,9.97,9.83,9.89,51966
2014-01-08,9.92,9.92,9.78,9.83,22255
2014-01-09,9.78,10.31,9.71,10.26,93169
2014-01-10,10.5,11.64,10.5,11.1,136479
2014-01-13,11.11,11.31,10.81,11.0,64504
2014-01-14,11.04,11.64,10.81,11.32,72599
2014-01-15,11.4,11.4,11.0,11.09,26145
2014-01-16,11.13,11.35,11.13,11.24,24333
2014-01-17,11.28,11.31,11.0,11.01,29986
2014-01-21,11.12,11.36,10.91,11.06,19550
2014-01-22,11.06,11.3,10.95,11.09,42583
2014-01-23,11.32,11.32,11.0,11.04,17210
2014-01-24,10.92,11.19,10.66,10.99,123119
2014-01-27,11.31,11.31,10.92,11.19,46423
2014-01-28,11.16,11.44,11.05,11.4,70742
2014-01-29,11.26,11.4,10.93,11.24,71974
2014-01-30,11.23,11.38,11.11,11.34,37613
2014-01-31,11.23,11.92,11.02,11.79,100846
2014-02-03,11.79,11.79,11.27,11.34,128578
2014-02-04,11.37,11.37,11.09,11.28,43249
2014-02-05,11.25,11.25,11.06,11.16,52459
2014-02-06,11.0,11.26,10.87,10.98,39015
2014-02-07,11.0,11.28,10.91,11.22,28103
2014-02-10,11.15,11.15,10.76,11.02,42684
2014-02-11,10.82,11.18,10.68,11.02,35837
2014-02-12,11.0,11.16,10.89,11.07,30567
2014-02-13,11.04,11.54,11.04,11.4,34353
2014-02-14,11.42,11.47,11.2,11.43,7464
2014-02-18,11.47,11.64,11.22,11.39,39213
2014-02-19,11.29,11.55,11.22,11.47,30316
2014-02-20,11.42,11.81,11.42,11.74,47073
2014-02-21,11.76,12.0,11.25,11.74,39810
2014-02-24,11.75,11.87,11.73,11.78,10606
2014-02-25,11.71,12.35,11.55,12.25,24201
2014-02-26,12.0,12.95,11.7,12.65,66168
2014-02-27,12.53,13.25,12.53,12.83,101879
2014-02-28,12.88,13.0,12.5,12.59,30910
2014-03-03,12.45,12.75,11.8,12.02,28004
2014-03-04,12.1,12.41,11.92,12.17,52077
2014-03-05,12.23,12.48,11.99,12.27,34088
2014-03-06,12.22,12.36,11.85,11.92,39956
2014-03-07,11.91,12.48,11.85,12.4,14865
2014-03-10,12.34,12.43,12.12,12.19,17922
2014-03-11,12.21,12.57,11.51,11.8,21516
2014-03-12,11.8,12.0,11.31,11.54,40785
2014-03-13,11.6,11.79,11.3,11.61,29227
2014-03-14,11.52,11.62,11.05,11.21,40569
2014-03-17,11.39,11.41,10.96,11.25,71422
2014-03-18,11.32,12.29,11.25,11.93,109481
2014-03-19,12.15,12.15,11.28,11.9,26514
2014-03-20,11.93,11.95,11.51,11.78,29811
2014-03-21,11.87,11.98,11.71,11.72,44178
2014-03-24,11.82,11.88,10.75,10.99,72468
2014-03-25,11.22,11.47,10.82,11.07,24865
2014-03-26,11.1,11.47,10.05,10.2,405833
2014-03-27,10.3,11.34,10.01,10.1,114750
2014-03-28,10.21,11.11,9.89,10.05,54494
2014-03-31,10.21,11.14,10.05,10.34,25778
2014-04-01,10.91,10.91,10.15,10.22,38267
2014-04-02,10.29,10.45,9.83,10.09,52329
2014-04-03,10.07,10.19,9.72,9.99,43198
2014-04-04,10.12,10.32,9.26,9.55,45329
2014-04-07,9.45,9.71,9.26,9.57,41764
2014-04-08,9.64,10.11,9.48,9.93,48252
2014-04-09,10.0,12.08,10.0,12.0,121443
2014-04-10,11.87,11.93,11.14,11.66,82059
2014-04-11,11.52,11.96,11.19,11.26,38018
2014-04-14,11.13,11.52,10.62,10.97,104339
2014-04-15,10.96,11.35,10.33,10.79,58757
2014-04-16,10.84,11.18,10.2,10.43,34136
2014-04-17,10.43,10.43,9.91,10.01,37421
2014-04-21,10.06,10.45,9.82,9.94,36472
2014-04-22,9.96,10.11,9.87,9.96,31705
2014-04-23,9.99,10.43,9.8,9.87,23148
2014-04-24,10.4,10.41,9.81,9.93,17377
2014-04-25,9.9,10.11,9.76,9.97,31284
2014-04-28,10.05,10.52,9.44,9.69,36595
2014-04-29,9.8,9.81,9.33,9.38,38305
2014-04-30,9.43,10.65,9.29,10.09,52580
2014-05-01,10.1,10.67,9.75,10.54,46449
2014-05-02,10.52,11.4,10.07,10.15,48903
2014-05-05,10.12,10.12,9.68,9.92,11336
2014-05-06,9.93,10.11,9.72,9.73,21160
2014-05-07,9.74,9.74,9.42,9.5,12569
2014-05-08,9.43,9.66,9.2,9.56,22216
2014-05-09,9.46,9.63,9.22,9.51,16550
2014-05-12,9.5,10.3,9.5,10.12,30234
2014-05-13,9.5,10.73,9.5,10.57,68025
2014-05-14,10.63,10.87,10.45,10.59,67109
2014-05-15,10.6,10.6,10.29,10.47,36547
2014-05-16,10.48,10.53,9.88,10.09,24655
2014-05-19,10.16,10.54,9.97,10.52,14865
2014-05-20,10.41,10.88,10.25,10.45,19761
2014-05-21,10.45,10.75,10.25,10.45,21093
2014-05-22,10.54,10.55,10.33,10.39,16910
2014-05-23,10.44,10.5,10.01,10.15,26800
2014-05-27,10.22,10.27,9.79,9.89,29475
2014-05-28,9.82,10.09,9.36,9.94,28840
2014-05-29,9.87,9.91,9.5,9.57,65656
2014-05-30,9.56,10.2,9.5,10.06,41721
2014-06-02,10.04,10.73,10.03,10.54,33247
2014-06-03,10.55,10.83,9.86,10.05,43628
2014-06-04,9.96,10.13,9.65,9.8,56901
2014-06-05,9.88,10.17,9.72,9.95,37961
2014-06-06,10.2,10.95,9.92,10.68,111683
2014-06-09,10.73,10.88,10.4,10.4,26162
2014-06-10,10.29,10.55,10.06,10.16,26827
2014-06-11,10.16,10.32,9.92,10.0,33222
2014-06-12,10.03,10.31,9.77,9.85,35698
2014-06-13,10.01,10.55,9.9,10.43,30114
2014-06-16,10.27,10.71,10.14,10.43,62536
2014-06-17,10.36,10.76,10.17,10.39,71442
2014-06-18,10.43,10.64,10.3,10.46,21731
2014-06-19,10.45,10.87,10.35,10.84,36595
2014-06-20,10.89,11.38,10.66,11.17,39271
2014-06-23,11.35,11.35,10.72,10.75,51564
2014-06-24,11.06,11.06,10.29,10.52,36924
2014-06-25,10.42,10.62,10.22,10.43,30170
2014-06-26,10.32,10.85,10.32,10.76,34140
2014-06-27,10.67,11.85,10.52,11.78,668672
2014-06-30,11.63,12.4,11.27,12.32,139734
2014-07-01,12.21,12.6,11.45,11.92,85790
2014-07-02,11.66,11.86,11.5,11.64,26021
2014-07-03,11.8,11.86,11.44,11.63,3117
2014-07-07,11.61,11.77,11.43,11.57,13221
2014-07-08,11.51,12.0,11.48,11.78,25414
2014-07-09,11.8,11.9,11.52,11.75,12545
2014-07-10,11.51,11.91,11.51,11.62,8992
2014-07-11,11.55,11.67,11.4,11.45,13595
2014-07-14,11.56,12.13,11.41,12.13,43177
2014-07-15,12.4,13.28,11.9,11.98,127679
2014-07-16,11.62,12.94,11.62,12.77,39377
2014-07-17,12.75,13.32,12.75,13.07,92602
2014-07-18,13.1,13.2,12.69,12.93,55424
2014-07-21,12.87,13.2,12.76,13.08,40095
2014-07-22,13.22,14.24,13.0,13.98,138177
2014-07-23,13.44,13.99,13.35,13.74,77724
2014-07-24,13.44,13.89,13.44,13.63,42202
2014-07-25,13.73,13.73,13.48,13.59,29757
2014-07-28,13.69,13.69,13.4,13.56,26811
2014-07-29,13.66,13.99,13.39,13.85,47384
2014-07-30,13.91,14.0,13.82,13.9,31120
2014-07-31,13.81,13.85,13.06,13.22,38039
2014-08-01,13.09,13.5,12.88,13.25,46030
2014-08-04,13.39,13.46,12.97,13.1,29351
2014-08-05,13.19,13.19,12.57,12.98,33095
2014-08-06,12.84,13.25,12.78,13.0,56404
2014-08-07,12.87,13.13,12.87,12.94,18687
2014-08-08,12.85,13.0,12.85,12.87,17233
2014-08-11,12.95,13.25,12.85,12.85,45435
2014-08-12,12.85,13.25,12.85,12.98,33125
2014-08-13,13.01,13.14,12.52,12.6,37429
2014-08-14,12.92,13.21,12.6,12.81,28230
2014-08-15,11.78,12.35,11.78,12.05,541508
2014-08-18,12.06,12.17,12.0,12.0,79928
2014-08-19,12.0,12.13,11.9,12.04,34903
2014-08-20,12.07,12.57,12.0,12.32,87770
2014-08-21,12.22,12.65,12.22,12.44,30689
2014-08-22,12.52,12.59,12.28,12.49,25530
2014-08-25,12.57,12.94,12.51,12.82,77124
2014-08-26,12.82,13.1,12.81,13.1,39423
2014-08-27,13.05,13.07,12.53,12.85,51726
2014-08-28,12.78,13.0,12.63,12.84,82446
2014-08-29,12.89,13.08,12.64,12.74,54121
2014-09-02,12.76,12.99,12.52,12.86,41285
2014-09-03,12.85,12.96,12.57,12.71,18000
2014-09-04,12.79,12.97,12.61,12.68,47053
2014-09-05,12.61,12.97,12.5,12.73,28697
2014-09-08,12.63,12.97,12.32,12.49,28545
2014-09-09,12.42,12.63,12.25,12.32,35993
2014-09-10,12.32,12.57,12.08,12.28,65917
2014-09-11,12.22,12.61,12.06,12.43,24580
2014-09-12,12.41,12.64,12.4,12.43,75857
2014-09-15,12.47,12.57,12.19,12.52,59368
2014-09-16,12.53,12.55,12.28,12.4,34359
2014-09-17,12.49,12.49,12.05,12.24,23332
2014-09-18,12.36,12.36,11.78,11.87,44819
2014-09-19,11.95,12.75,11.95,12.32,146270
2014-09-22,12.13,12.29,11.97,12.22,20986
2014-09-23,12.24,12.37,11.8,11.8,43439
2014-09-24,11.99,11.99,11.31,11.44,46914
2014-09-25,11.47,11.47,10.47,10.59,150507
2014-09-26,10.59,11.1,10.5,10.79,46215
2014-09-29,10.75,10.97,10.52,10.67,87564
2014-09-30,10.73,11.5,10.63,10.79,127276
2014-10-01,10.76,10.76,10.0,10.54,127909
2014-10-02,10.47,10.71,10.14,10.3,59388
2014-10-03,10.44,10.81,10.44,10.53,64574
2014-10-06,10.46,11.42,9.88,10.12,66822
2014-10-07,10.11,10.19,9.67,9.89,54213
2014-10-08,10.01,10.12,9.78,9.98,25619
2014-10-09,9.97,10.02,9.18,9.22,49084
2014-10-10,9.15,9.79,9.12,9.57,63527
2014-10-13,9.54,9.84,9.28,9.51,48173
2014-10-14,9.5,9.62,8.84,9.61,180488
2014-10-15,9.99,9.99,8.52,9.32,109844
2014-10-16,8.5,9.74,8.5,9.15,80743
2014-10-17,9.28,9.69,9.14,9.45,48477
2014-10-20,9.39,9.74,8.95,9.12,68849
2014-10-21,8.9,9.19,8.57,8.79,102103
2014-10-22,9.25,10.14,9.12,9.83,188920
2014-10-23,9.88,9.95,9.45,9.62,75558
2014-10-24,9.62,9.72,9.23,9.51,44007
2014-10-27,9.33,9.54,9.28,9.39,32241
2014-10-28,9.47,9.93,9.06,9.71,80702
2014-10-29,9.79,9.84,9.28,9.51,74682
2014-10-30,9.36,10.18,9.28,9.95,102184
2014-10-31,9.81,10.12,9.42,10.12,82058
2014-11-03,10.1,10.5,9.52,10.26,56204
2014-11-04,10.27,10.65,10.1,10.5,43102
2014-11-05,10.5,10.67,10.23,10.6,49297
2014-11-06,10.7,10.9,10.36,10.59,50808
2014-11-07,10.66,11.16,10.66,11.05,136050
2014-11-10,11.25,11.48,11.2,11.3,200169
2014-11-11,10.68,10.9,8.5,9.23,404896
2014-11-12,9.1,9.12,8.29,8.7,334494
2014-11-13,8.66,8.74,8.28,8.46,215683
2014-11-14,8.46,8.49,8.0,8.25,160008
2014-11-17,8.0,8.15,7.25,7.41,306839
2014-11-18,7.5,7.8,6.95,7.61,162560
2014-11-19,7.65,8.11,7.47,7.68,110303
2014-11-20,7.64,8.02,7.45,7.65,148700
2014-11-21,7.63,7.73,7.45,7.52,91489
2014-11-24,7.45,7.86,7.03,7.54,133354
2014-11-25,7.55,7.63,7.14,7.29,162188
2014-11-26,7.29,7.55,7.15,7.32,190948
2014-11-28,7.55,7.55,7.19,7.35,24459
2014-12-01,7.5,7.52,6.79,6.91,124569
2014-12-02,6.94,7.02,6.53,6.59,85970
2014-12-03,6.7,6.91,6.25,6.32,124124
2014-12-04,6.25,6.39,5.91,6.09,154885
2014-12-05,6.08,6.42,6.0,6.25,76707
2014-12-08,6.08,6.3,5.3,6.11,120159
2014-12-09,6.04,6.22,5.82,6.16,76334
2014-12-10,6.45,6.48,6.04,6.26,96146
2014-12-11,6.2,6.48,6.14,6.45,59986
2014-12-12,6.33,6.48,6.22,6.48,150614
2014-12-15,6.62,6.84,6.44,6.67,97285
2014-12-16,6.66,6.94,6.62,6.73,98820
2014-12-17,6.78,7.28,6.6,7.12,52597
2014-12-18,7.25,7.67,7.06,7.5,101957
2014-12-19,7.5,8.14,7.2,7.99,152273
2014-12-22,8.05,8.2,7.82,7.95,72494
2014-12-23,7.95,8.02,7.55,7.67,63954
2014-12-24,7.76,7.78,7.33,7.51,33979
2014-12-26,7.64,7.7,6.78,7.16,84392
2014-12-29,7.1,7.25,6.7,6.92,248090
2014-12-30,6.92,7.22,6.65,6.81,164016
2014-12-31,6.8,7.18,6.75,7.16,168708
2015-01-02,7.16,7.42,6.88,7.42,41974
2015-01-05,7.26,7.59,7.26,7.49,57541
2015-01-06,7.47,7.47,7.11,7.37,45736
2015-01-07,7.4,7.56,7.09,7.51,109305
2015-01-08,7.6,7.88,7.45,7.76,83172
2015-01-09,7.65,7.65,7.27,7.34,34766
2015-01-12,7.31,7.31,7.0,7.18,44783
2015-01-13,7.2,7.34,7.04,7.1,38705
2015-01-14,6.95,7.5,6.95,7.31,91758
2015-01-15,7.3,7.3,6.85,6.97,70850
2015-01-16,6.95,7.18,6.91,7.12,21436
2015-01-20,7.53,7.53,7.06,7.1,12686
2015-01-21,7.31,7.31,6.95,7.11,46529
2015-01-22,7.18,7.36,7.0,7.15,39471
2015-01-23,7.1,7.24,6.96,7.18,24326
2015-01-26,7.29,7.29,7.0,7.05,33225
2015-01-27,7.0,7.04,6.9,7.0,46936
2015-01-28,7.0,7.14,6.91,7.03,63392
2015-01-29,7.29,7.29,6.95,7.01,27916
2015-01-30,7.0,7.2,6.98,7.09,17241
2015-02-02,7.15,7.16,6.98,7.02,43748
2015-02-03,7.01,7.15,6.68,6.98,71013
2015-02-04,6.97,7.09,6.96,6.96,20772
2015-02-05,7.02,7.16,6.98,7.02,24070
2015-02-06,7.19,7.37,6.99,7.26,28279
2015-02-09,7.22,7.8,7.22,7.74,77580
2015-02-10,7.71,7.79,7.6,7.79,46219
2015-02-11,7.7,7.92,7.7,7.9,42574
2015-02-12,7.9,7.97,7.7,7.87,80403
2015-02-13,7.83,8.08,7.83,8.03,76760
2015-02-17,8.0,8.07,7.93,8.0,32624
2015-02-18,8.15,8.24,7.95,8.06,169224
2015-02-19,8.1,8.1,7.79,7.9,9052
2015-02-20,7.66,8.07,7.66,7.77,147997
2015-02-23,7.7,7.74,7.45,7.55,27871
2015-02-24,7.55,7.55,7.16,7.16,51605
2015-02-25,7.17,7.33,7.05,7.13,31925
2015-02-26,7.16,7.29,7.01,7.09,51660
2015-02-27,7.11,7.37,7.11,7.18,12500
2015-03-02,7.16,7.57,7.16,7.26,28941
2015-03-03,7.2,7.87,7.2,7.49,79733
2015-03-04,7.53,7.93,7.3,7.77,30222
2015-03-05,7.79,8.11,7.58,7.71,25630
2015-03-06,7.74,7.9,7.41,7.44,24435
2015-03-09,7.55,7.55,7.1,7.17,12155
2015-03-10,7.13,7.25,7.01,7.03,22692
2015-03-11,7.02,7.72,7.02,7.21,16270
2015-03-12,7.24,7.53,7.18,7.21,14195
2015-03-13,7.22,7.3,6.9,6.98,38668
2015-03-16,6.95,7.5,6.72,7.35,43694
2015-03-17,7.28,7.37,7.05,7.17,30764
2015-03-18,7.89,7.89,7.12,7.53,46533
2015-03-19,8.8,9.38,8.4,9.24,330811
2015-03-20,9.25,9.25,8.76,9.13,128329
2015-03-23,9.22,9.37,8.85,9.37,77174
2015-03-24,9.37,9.38,8.87,9.07,47174
2015-03-25,9.14,9.18,8.5,8.79,60159
2015-03-26,8.65,8.97,8.5,8.62,28738
2015-03-27,8.52,8.72,8.21,8.51,63577
2015-03-30,8.47,8.47,7.74,7.87,140904
2015-03-31,8.0,8.07,7.54,7.81,52022
2015-04-01,7.77,7.8,7.61,7.75,20977
2015-04-02,7.75,8.0,7.68,8.0,40756
2015-04-06,8.03,8.03,7.64,8.0,30106
2015-04-07,7.88,8.07,7.6,8.07,33073
2015-04-08,7.94,8.11,7.81,7.97,14679
2015-04-09,7.86,7.98,7.77,7.86,19995
2015-04-10,7.76,7.81,7.62,7.73,21140
2015-04-13,7.76,7.82,7.6,7.68,31613
2015-04-14,7.76,7.92,7.58,7.92,33148
2015-04-15,7.75,7.91,7.61,7.89,35744
2015-04-16,7.77,7.8,7.65,7.74,22358
2015-04-17,7.81,7.85,7.68,7.75,8891
2015-04-20,7.72,7.88,7.65,7.85,22560
2015-04-21,7.81,7.85,7.27,7.6,29450
2015-04-22,7.69,7.69,7.35,7.36,25628
2015-04-23,7.4,7.6,7.4,7.57,15066
2015-04-24,7.57,7.57,7.28,7.55,26962
2015-04-27,7.6,7.6,7.45,7.51,11795
2015-04-28,7.39,7.76,7.39,7.66,17474
2015-04-29,7.65,8.24,7.52,8.05,45934
2015-04-30,7.96,7.99,7.56,7.56,22406
2015-05-01,7.67,7.96,7.45,7.45,33801
2015-05-04,7.45,7.54,7.42,7.43,49290
2015-05-05,7.45,7.5,7.35,7.43,27569
2015-05-06,7.35,7.46,7.34,7.45,47432
2015-05-07,7.45,7.77,7.37,7.75,10806
2015-05-08,7.7,7.98,7.44,7.96,19816
2015-05-11,8.05,8.09,7.9,7.99,50324
2015-05-12,7.9,7.9,7.45,7.69,31658
2015-05-13,7.5,7.77,7.13,7.75,72527
2015-05-14,5.75,6.21,5.34,5.86,789211
2015-05-15,5.78,5.99,5.5,5.84,312101
2015-05-18,5.86,5.86,5.35,5.47,206506
2015-05-19,5.24,5.5,4.7,4.96,330012
2015-05-20,4.92,5.2,4.7,5.2,114513
2015-05-21,5.21,5.45,4.95,4.96,175189
2015-05-22,4.97,5.18,4.96,5.0,247798
2015-05-26,5.13,5.15,4.8,4.87,74783
2015-05-27,4.95,5.09,4.81,4.95,60732
2015-05-28,4.97,5.11,4.95,5.03,178761
2015-05-29,5.01,5.12,4.8,5.03,101086
2015-06-01,5.0,5.12,4.81,4.88,49520
2015-06-02,4.84,5.04,4.83,4.88,48069
2015-06-03,4.93,5.1,4.83,4.86,40633
2015-06-04,4.81,4.87,4.67,4.73,43790
2015-06-05,4.7,4.91,4.67,4.83,27248
2015-06-08,4.79,4.88,4.72,4.72,63538
2015-06-09,4.83,4.83,4.68,4.79,28071
2015-06-10,4.8,4.87,4.73,4.76,73859
2015-06-11,4.8,4.96,4.78,4.95,107008
2015-06-12,4.89,5.12,4.88,5.1,86457
2015-06-15,5.1,5.1,4.86,5.04,48873
2015-06-16,5.06,5.1,4.82,5.01,52299
2015-06-17,4.98,5.02,4.84,4.92,108490
2015-06-18,4.9,5.0,4.77,4.92,51204
2015-06-19,4.93,5.06,4.58,4.58,116919
2015-06-22,4.58,5.02,4.58,5.02,97691
2015-06-23,5.03,5.12,4.89,5.0,55313
2015-06-24,5.0,5.11,4.85,4.88,68849
2015-06-25,4.86,4.86,4.68,4.78,36873
2015-06-26,4.86,5.2,4.85,4.99,85131
2015-06-29,4.97,5.02,4.82,4.94,106164
2015-06-30,4.96,5.09,4.89,4.97,38961
2015-07-01,5.02,5.05,4.85,4.95,46523
2015-07-02,4.93,5.09,4.84,4.96,37873
2015-07-06,4.98,5.05,4.84,4.96,38317
2015-07-07,4.93,4.95,4.63,4.77,53108
2015-07-08,4.72,4.75,4.6,4.69,26092
2015-07-09,4.77,4.99,4.71,4.89,30903
2015-07-10,4.94,5.29,4.82,5.27,85624
2015-07-13,5.26,5.3,5.11,5.14,35630
2015-07-14,5.16,5.21,5.09,5.18,28754
2015-07-15,4.98,5.21,4.98,5.09,18757
2015-07-16,5.1,5.19,5.03,5.19,50428
2015-07-17,5.2,5.2,5.04,5.09,29953
2015-07-20,5.03,5.12,4.88,4.92,60387
2015-07-21,4.89,4.91,4.76,4.84,46068
2015-07-22,4.78,4.96,4.78,4.87,58885
2015-07-23,4.91,4.92,4.74,4.85,28728
2015-07-24,4.86,4.86,4.7,4.78,50672
2015-07-27,4.75,4.75,4.48,4.5,66960
2015-07-28,4.57,4.57,4.26,4.5,52729
2015-07-29,4.47,4.81,4.47,4.8,77852
2015-07-30,4.76,4.78,4.59,4.73,19768
2015-07-31,4.71,4.75,4.59,4.64,17443
2015-08-03,4.67,4.7,4.35,4.45,22038
2015-08-04,4.49,4.49,4.25,4.25,32099
2015-08-05,4.32,4.32,4.2,4.24,79341
2015-08-06,4.25,4.42,4.03,4.37,41426
2015-08-07,4.33,4.34,4.15,4.29,22914
2015-08-10,4.25,4.26,4.0,4.15,23986
2015-08-11,4.11,4.54,4.11,4.33,88056
2015-08-12,4.47,5.2,4.44,4.73,213708
2015-08-13,4.71,4.76,4.13,4.4,299040
2015-08-14,4.39,4.57,4.3,4.57,39923
2015-08-17,4.53,4.98,4.46,4.92,81046
2015-08-18,4.89,4.89,4.66,4.7,15736
2015-08-19,4.79,4.99,4.61,4.64,26054
2015-08-20,4.64,4.64,4.41,4.58,59143
2015-08-21,4.49,4.66,4.33,4.48,42299
2015-08-24,4.25,4.47,4.11,4.26,41421
2015-08-25,4.36,4.54,4.18,4.24,81658
2015-08-26,4.43,4.49,4.22,4.35,28904
2015-08-27,4.42,5.15,4.33,4.91,208040
2015-08-28,4.9,5.19,4.88,5.17,52162
2015-08-31,5.14,5.28,5.1,5.18,44210
2015-09-01,5.09,5.14,4.7,4.77,57531
2015-09-02,4.92,5.0,4.67,4.78,32001
2015-09-03,4.89,4.91,4.73,4.8,15712
2015-09-04,4.72,4.77,4.66,4.77,5802
2015-09-08,4.62,4.95,4.62,4.81,10157
2015-09-09,4.89,4.89,4.69,4.73,12561
2015-09-10,4.65,4.78,4.63,4.67,9069
2015-09-11,4.76,4.88,4.73,4.83,13344
2015-09-14,4.74,4.98,4.74,4.97,73010
2015-09-15,4.96,5.1,4.92,4.99,21955
2015-09-16,5.02,5.14,4.88,4.99,35480
2015-09-17,4.54,5.05,4.54,5.0,27492
2015-09-18,4.9,5.06,4.8,4.91,59828
2015-09-21,4.9,4.95,4.87,4.91,35551
2015-09-22,4.83,4.91,4.83,4.89,7534
2015-09-23,4.88,4.9,4.82,4.89,90011
2015-09-24,4.87,4.87,4.75,4.76,25110
2015-09-25,4.83,4.83,4.69,4.7,36676
2015-09-28,4.71,4.76,4.38,4.45,39803
2015-09-29,4.45,4.53,4.25,4.38,80136
2015-09-30,4.38,5.14,4.36,5.0,62911
2015-10-01,5.09,5.09,4.72,4.95,12529
2015-10-02,4.79,4.89,4.63,4.68,34077
2015-10-05,5.06,5.08,4.78,4.99,7217
2015-10-06,4.93,5.0,4.79,4.87,13582
2015-10-07,4.87,4.98,4.71,4.71,6144
2015-10-08,4.74,5.07,4.74,4.84,16306
2015-10-09,4.76,4.8,4.52,4.74,23179
2015-10-12,4.74,4.74,4.54,4.65,14987
2015-10-13,4.63,4.78,4.63,4.65,4125
2015-10-14,4.62,4.84,4.62,4.71,23035
2015-10-15,4.78,4.78,4.6,4.75,28148
2015-10-16,4.71,4.71,4.49,4.5,35398
2015-10-19,4.57,4.66,4.57,4.63,11774
2015-10-20,4.52,4.63,4.52,4.6,19416
2015-10-21,4.5,4.64,4.5,4.56,16743
2015-10-22,4.53,4.64,4.53,4.53,18491
2015-10-23,4.6,4.63,4.51,4.54,11110
2015-10-26,4.5,4.64,4.49,4.55,18791
2015-10-27,4.5,4.6,4.49,4.5,9666
2015-10-28,4.5,4.58,4.46,4.5,34114
2015-10-29,4.46,4.58,4.33,4.39,44756
2015-10-30,4.35,4.48,4.16,4.29,48190
2015-11-02,4.23,4.46,4.23,4.45,46807
2015-11-03,4.4,4.73,4.34,4.69,24200
2015-11-04,4.7,4.84,4.48,4.5,17824
2015-11-05,4.44,4.49,4.19,4.24,50558
2015-11-06,4.26,4.58,4.25,4.25,22862
2015-11-09,4.28,4.74,4.25,4.33,37460
2015-11-10,4.44,4.68,4.44,4.59,36251
2015-11-11,4.66,4.66,4.37,4.51,12710
2015-11-12,4.56,4.65,4.55,4.58,32191
2015-11-13,4.58,4.59,4.48,4.54,16488
2015-11-16,4.6,4.72,4.55,4.61,55969
2015-11-17,4.6,4.62,4.41,4.48,70721
2015-11-18,4.51,4.6,4.5,4.55,32389
2015-11-19,4.55,4.62,4.54,4.55,31433
2015-11-20,4.55,4.75,4.55,4.75,45299
2015-11-23,4.72,5.01,4.72,4.97,52575
2015-11-24,4.92,5.08,4.92,5.0,14293
2015-11-25,5.01,5.05,4.85,4.89,11670
2015-11-27,4.89,5.02,4.64,5.02,52756
2015-11-30,5.17,5.47,5.05,5.42,81002
2015-12-01,5.36,5.59,5.2,5.54,33910
2015-12-02,5.54,6.1,5.54,5.77,73241
2015-12-03,5.95,5.95,5.62,5.77,21696
2015-12-04,5.78,5.78,5.52,5.75,37885
2015-12-07,5.65,5.83,5.65,5.75,27159
2015-12-08,5.68,5.79,5.66,5.77,22115
2015-12-09,5.71,5.9,5.71,5.86,26196
2015-12-10,5.92,6.25,5.85,6.19,38422
2015-12-11,6.15,6.22,5.86,5.92,33005
2015-12-14,5.98,5.98,5.8,5.84,54398
2015-12-15,5.92,6.04,5.56,5.78,67586
2015-12-16,5.8,5.95,5.8,5.93,32308
2015-12-17,6.0,6.05,5.85,6.0,29607
2015-12-18,5.94,6.13,5.75,6.0,37335
2015-12-21,6.07,6.12,5.92,6.04,24263
2015-12-22,6.02,6.42,5.92,6.39,37369
2015-12-23,6.41,6.74,6.4,6.73,70484
2015-12-24,6.75,6.94,6.72,6.77,12062
2015-12-28,6.83,6.83,6.34,6.46,35306
2015-12-29,6.54,6.6,5.62,5.96,65672
2015-12-30,5.83,6.39,5.79,5.91,14342
2015-12-31,5.95,6.72,5.72,6.7,80159
2016-01-04,6.67,6.67,6.23,6.59,41161
2016-01-05,6.72,6.72,6.25,6.35,35692
2016-01-06,6.04,6.52,6.04,6.4,16783
2016-01-07,6.01,6.33,6.01,6.13,18029
2016-01-08,6.2,6.35,5.86,6.04,28105
2016-01-11,6.41,6.51,5.96,6.11,21890
2016-01-12,6.19,6.38,5.71,6.1,19313
2016-01-13,6.11,6.18,5.82,6.01,24245
2016-01-14,6.1,6.92,6.1,6.81,180952
2016-01-15,6.48,6.82,6.1,6.13,23755
2016-01-19,6.42,6.42,5.47,5.9,49354
2016-01-20,6.02,6.02,5.45,5.71,30829
2016-01-21,5.66,5.8,5.51,5.64,33410
2016-01-22,5.68,6.17,5.34,5.58,31171
2016-01-25,5.57,5.76,5.55,5.6,16864
2016-01-26,5.67,5.67,5.31,5.59,24512
2016-01-27,5.9,6.03,5.41,5.8,30186
2016-01-28,5.81,5.81,5.46,5.68,42260
2016-01-29,5.58,6.07,5.54,5.94,31446
2016-02-01,5.55,6.05,5.55,5.91,28725
2016-02-02,5.91,5.92,5.58,5.92,14194
2016-02-03,5.9,5.94,5.75,5.94,10073
2016-02-04,5.87,5.94,5.39,5.79,41628
2016-02-05,5.73,6.05,5.54,5.69,17763
2016-02-08,5.7,5.7,5.05,5.39,23326
2016-02-09,5.31,5.69,5.15,5.42,121297
2016-02-10,5.42,5.6,5.42,5.57,620
2016-02-11,5.41,5.6,5.31,5.58,20836
2016-02-12,5.46,5.87,5.45,5.7,13519
2016-02-16,5.71,5.75,5.57,5.62,10540
2016-02-17,5.62,5.75,5.62,5.73,4866
2016-02-18,5.7,5.78,5.63,5.75,22514
2016-02-19,5.69,5.8,5.69,5.73,6601
2016-02-22,5.8,5.84,5.59,5.82,15252
2016-02-23,5.8,5.85,5.6,5.8,7051
2016-02-24,5.57,5.96,5.56,5.81,13106
2016-02-25,5.78,5.83,5.7,5.78,6938
2016-02-26,5.7,5.9,5.7,5.8,26201
2016-02-29,5.95,5.95,5.8,5.82,14792
2016-03-01,5.78,5.92,5.78,5.91,44342
2016-03-02,5.6,5.99,5.6,5.91,51782
2016-03-03,5.89,6.12,5.85,5.95,14947
2016-03-04,6.25,6.3,6.05,6.22,45710
2016-03-07,6.26,6.33,6.17,6.22,28358
2016-03-08,6.17,6.2,6.01,6.16,24871
2016-03-09,6.22,6.22,6.1,6.2,15084
2016-03-10,5.96,6.25,5.96,6.25,11719
2016-03-11,6.35,6.35,6.16,6.25,9133
2016-03-14,6.02,6.3,6.02,6.29,16985
2016-03-15,6.19,6.3,6.13,6.23,27230
2016-03-16,6.15,6.21,5.81,6.0,14480
2016-03-17,6.0,6.33,5.88,6.29,22574
2016-03-18,6.22,6.29,5.92,6.25,23505
2016-03-21,6.1,6.28,6.1,6.24,4658
2016-03-22,6.18,6.25,6.1,6.24,8976
2016-03-23,6.23,6.28,6.05,6.2,4448
2016-03-24,6.1,6.26,6.05,6.11,6884
2016-03-28,6.1,6.19,6.1,6.17,2350
2016-03-29,6.02,6.16,6.02,6.13,23516
2016-03-30,6.15,6.3,6.12,6.3,58743
2016-03-31,6.3,6.3,6.11,6.11,14629
2016-04-01,6.13,6.25,6.07,6.11,35688
2016-04-04,6.16,6.19,6.04,6.06,16361
2016-04-05,6.2,6.2,6.0,6.03,8194
2016-04-06,6.0,6.12,5.8,5.82,15416
2016-04-07,5.91,5.94,5.79,5.79,3916
2016-04-08,5.8,5.84,5.62,5.65,20517
2016-04-11,5.76,5.96,5.65,5.67,5689
2016-04-12,5.72,5.96,5.71,5.81,8836
2016-04-13,5.84,5.88,5.74,5.83,17548
2016-04-14,5.78,5.96,5.78,5.8,9363
2016-04-15,5.98,6.23,5.96,6.1,36616
2016-04-18,6.06,6.29,6.05,6.22,14227
2016-04-19,6.28,6.29,6.22,6.25,7446
2016-04-20,6.29,6.29,6.04,6.23,9749
2016-04-21,5.98,6.23,5.98,6.2,7877
2016-04-22,5.96,6.2,5.9,6.19,4380
2016-04-25,6.13,6.21,6.01,6.06,9417
2016-04-26,5.92,6.12,5.8,6.1,17388
2016-04-27,6.02,6.2,5.97,6.18,25333
2016-04-28,6.01,6.19,5.97,6.19,31761
2016-04-29,6.2,6.3,6.03,6.18,18060
2016-05-02,6.2,6.32,6.05,6.29,10160
2016-05-03,6.22,6.32,6.22,6.27,10384
2016-05-04,6.18,6.3,6.13,6.24,8350
2016-05-05,6.22,6.3,6.15,6.28,6056
2016-05-06,6.2,6.32,6.2,6.3,15206
2016-05-09,6.26,6.33,6.25,6.3,28887
2016-05-10,6.75,6.89,6.14,6.2,280945
2016-05-11,6.33,6.38,6.27,6.31,108740
2016-05-12,6.38,6.38,6.26,6.3,68142
2016-05-13,6.35,6.36,6.25,6.3,45216
2016-05-16,6.37,6.37,6.23,6.3,246088
2016-05-17,6.25,6.3,6.25,6.27,28524
2016-05-18,6.3,6.3,6.11,6.29,138407
2016-05-19,6.29,6.43,6.21,6.36,187942
2016-05-20,6.4,6.7,6.4,6.64,160163
2016-05-23,6.69,7.15,6.69,7.12,199630
2016-05-24,7.15,7.35,6.81,6.81,112336
2016-05-25,6.94,7.16,6.72,6.77,68281
2016-05-26,6.72,6.86,6.36,6.79,91124
2016-05-27,6.77,7.25,6.74,6.84,123982
2016-05-31,7.15,7.57,6.8,7.25,247750
2016-06-01,7.31,7.61,7.08,7.27,93424
2016-06-02,7.3,7.48,7.21,7.45,101471
2016-06-03,7.43,7.5,7.4,7.47,34070
2016-06-06,7.67,7.94,7.53,7.79,216196
2016-06-07,7.86,8.54,7.51,7.78,237189
2016-06-08,7.86,8.07,6.97,7.02,295661
2016-06-09,6.6,6.85,4.95,5.17,1434258
2016-06-10,5.1,5.2,4.44,4.55,468516
2016-06-13,4.27,4.5,4.03,4.03,340433
2016-06-14,4.02,4.18,3.72,4.1,319986
2016-06-15,4.31,4.43,4.05,4.09,146400
2016-06-16,4.09,4.12,3.9,3.99,138967
2016-06-17,4.02,4.1,3.91,4.01,94838
2016-06-20,4.07,4.48,4.07,4.35,388743
2016-06-21,4.36,4.45,4.26,4.35,117138
2016-06-22,4.51,4.57,4.3,4.41,113201
2016-06-23,4.47,4.49,4.28,4.42,138809
2016-06-24,4.19,4.36,4.03,4.25,152310
2016-06-27,3.98,4.14,3.9,3.96,167262
2016-06-28,4.01,4.1,3.95,4.04,70966
2016-06-29,4.03,4.26,3.9,4.03,207681
2016-06-30,4.04,4.13,3.91,3.93,51516
2016-07-01,3.93,4.54,3.73,4.38,333582
2016-07-05,4.37,4.37,4.02,4.11,70525
2016-07-06,4.06,4.13,4.0,4.07,28426
2016-07-07,4.07,4.15,3.98,4.14,104347
2016-07-08,4.16,4.24,4.0,4.06,73881
2016-07-11,4.02,4.22,4.02,4.02,110517
2016-07-12,4.04,4.19,4.01,4.13,107357
2016-07-13,4.14,4.21,4.02,4.04,38738
2016-07-14,4.07,4.13,4.01,4.07,23741
2016-07-15,4.07,4.1,3.95,3.96,134435
2016-07-18,3.98,4.02,3.85,3.94,40457
2016-07-19,3.92,4.01,3.8,3.88,37778
2016-07-20,3.89,3.95,3.83,3.9,19083
2016-07-21,3.87,3.96,3.85,3.85,26519
2016-07-22,3.94,3.99,3.85,3.93,47478
2016-07-25,3.94,4.03,3.84,3.84,103391
2016-07-26,3.87,3.91,3.83,3.91,47609
2016-07-27,3.87,3.99,3.87,3.96,73598
2016-07-28,3.99,4.03,3.9,4.0,34913
2016-07-29,4.02,4.02,3.87,4.0,70257
2016-08-01,3.94,4.0,3.9,3.96,36408
2016-08-02,3.98,3.98,3.94,3.96,20509
2016-08-03,3.99,3.99,3.92,3.96,22917
2016-08-04,3.96,3.99,3.9,3.93,61122
2016-08-05,3.93,3.99,3.92,3.98,31659
2016-08-08,3.98,4.06,3.92,4.0,252096
2016-08-09,5.09,5.1,4.53,4.7,4385724
2016-08-10,4.61,4.74,4.24,4.47,521356
2016-08-11,4.6,4.7,4.3,4.41,346219
2016-08-12,4.45,4.87,4.33,4.82,443078
2016-08-15,4.96,5.55,4.86,5.51,625392
2016-08-16,5.31,5.53,5.16,5.37,286351
2016-08-17,5.42,5.68,5.28,5.52,215566
2016-08-18,5.55,5.56,5.15,5.19,161486
2016-08-19,5.24,5.56,5.1,5.23,184127
2016-08-22,5.33,5.42,5.02,5.29,197760
2016-08-23,5.33,5.49,5.29,5.45,146964
2016-08-24,5.43,5.5,5.06,5.18,144009
2016-08-25,5.11,5.25,5.09,5.19,52006
2016-08-26,5.25,5.27,5.15,5.18,56614
2016-08-29,5.25,5.25,5.16,5.23,91506
2016-08-30,5.27,5.59,5.27,5.57,150943
2016-08-31,5.63,5.78,5.45,5.72,213421
2016-09-01,5.79,5.79,5.43,5.57,110363
2016-09-02,5.62,5.68,5.45,5.59,65329
2016-09-06,6.04,6.04,5.75,5.96,272683
2016-09-07,5.96,5.98,5.79,5.81,100961
2016-09-08,5.75,5.78,5.46,5.52,176835
2016-09-09,5.62,5.62,5.11,5.14,250692
2016-09-12,4.9,4.98,4.76,4.81,370826
2016-09-13,4.7,4.78,4.64,4.69,138622
2016-09-14,4.68,4.7,4.53,4.62,116704
2016-09-15,4.73,5.0,4.57,4.93,187338
2016-09-16,5.0,5.39,4.84,5.2,304115
2016-09-19,5.45,5.69,5.26,5.34,289238
2016-09-20,5.44,5.53,5.21,5.22,156575
2016-09-21,5.17,5.37,5.16,5.28,98155
2016-09-22,5.36,5.43,5.28,5.32,123761
2016-09-23,5.39,5.65,5.34,5.61,194600
2016-09-26,5.24,5.36,5.11,5.3,249935
2016-09-27,5.25,5.42,5.24,5.35,95060
2016-09-28,5.29,5.48,5.29,5.45,57781
2016-09-29,5.46,5.46,5.3,5.41,74808
2016-09-30,5.39,5.45,5.2,5.25,186100
2016-10-03,5.32,5.59,5.15,5.49,164224
2016-10-04,5.57,5.69,5.53,5.59,85429
2016-10-05,5.69,5.7,5.49,5.53,133113
2016-10-06,5.56,5.69,5.43,5.59,46898
2016-10-07,5.65,5.8,5.56,5.65,253146
2016-10-10,5.85,6.25,5.8,6.25,400588
2016-10-11,6.25,6.3,5.95,5.95,120620
2016-10-12,5.95,6.1,5.9,6.1,73026
2016-10-13,6.05,6.05,5.85,6.05,73995
2016-10-14,6.1,6.1,6.0,6.1,70351
2016-10-17,6.0,6.1,5.85,6.0,125653
2016-10-18,6.05,6.1,5.9,5.9,67657
2016-10-19,5.8,5.85,5.75,5.75,44154
2016-10-20,5.6,5.9,5.45,5.7,69079
2016-10-21,5.55,5.7,5.2,5.2,247413
2016-10-24,5.05,5.1,4.8,4.85,241230
2016-10-25,4.65,5.0,4.65,5.0,96172
2016-10-26,4.95,5.0,4.8,4.95,62296
2016-10-27,4.9,5.0,4.85,4.85,49417
2016-10-28,4.85,5.52,4.0,5.5,471519
2016-10-31,5.5,5.85,5.25,5.6,309209
2016-11-01,5.6,6.1,5.25,5.95,372197
2016-11-02,6.0,6.0,5.6,5.8,153961
2016-11-03,6.15,6.75,5.8,6.15,268879
2016-11-04,6.15,6.4,6.05,6.1,68475
2016-11-07,6.2,6.33,5.8,5.9,175222
2016-11-08,6.1,6.15,5.98,6.15,161506
2016-11-09,6.0,6.45,5.7,6.45,517109
2016-11-10,6.6,7.8,6.55,7.5,514477
2016-11-11,7.6,9.4,7.52,9.2,1147794
2016-11-14,9.75,10.9,9.4,10.3,1206412
2016-11-15,10.1,10.3,8.3,8.8,1066944
2016-11-16,8.8,10.5,8.51,10.45,936408
2016-11-17,10.5,10.7,9.98,10.2,428190
2016-11-18,10.25,10.28,9.75,9.8,345451
2016-11-21,10.0,11.3,9.75,11.1,1261804
2016-11-22,11.5,11.5,10.5,11.1,677903
2016-11-23,11.15,11.3,11.05,11.25,309222
2016-11-25,11.45,11.65,11.0,11.25,208429
2016-11-28,11.55,13.15,11.5,12.85,899850
2016-11-29,12.85,13.05,11.5,12.85,652607
2016-11-30,13.0,13.7,12.8,13.5,433954
2016-12-01,13.45,13.55,12.0,12.55,610047
2016-12-02,12.4,12.6,10.85,11.45,704612
2016-12-05,11.3,12.5,11.0,12.5,594074
2016-12-06,12.6,14.1,12.5,13.45,711500
2016-12-07,13.75,14.0,13.15,13.55,405339
2016-12-08,13.85,15.0,13.82,14.5,595145
2016-12-09,14.75,14.95,13.2,13.7,801794
2016-12-12,13.5,13.65,12.85,13.2,502583
2016-12-13,13.3,14.2,13.2,13.5,335290
2016-12-14,13.4,13.65,13.0,13.25,171305
2016-12-15,13.2,13.95,13.1,13.85,296099
2016-12-16,13.85,13.85,13.15,13.2,257665
2016-12-19,13.05,13.9,13.05,13.5,385002
2016-12-20,13.5,13.85,13.45,13.65,122779
2016-12-21,13.75,14.78,13.65,14.6,618817
2016-12-22,14.7,16.2,14.6,15.95,665976
2016-12-23,16.15,17.65,16.14,17.5,920561
2016-12-27,18.0,19.25,17.05,18.65,1483771
2016-12-28,19.0,19.3,18.15,18.25,731106
2016-12-29,18.55,18.7,15.5,16.05,1311147
2016-12-30,17.05,18.1,16.65,17.85,737728
2017-01-03,18.4,18.55,16.0,16.6,825372
2017-01-04,16.6,17.75,16.3,17.45,540271
2017-01-05,17.45,17.5,16.66,17.2,275101
2017-01-06,17.35,17.45,16.85,17.3,170612
2017-01-09,17.45,17.5,16.4,17.15,290474
2017-01-10,17.2,19.45,17.0,19.3,700137
2017-01-11,19.45,20.65,18.05,18.7,534801
2017-01-12,18.65,19.1,18.1,18.8,182341
2017-01-13,18.85,20.35,18.5,19.9,453998
2017-01-17,19.2,19.85,18.75,19.55,331084
2017-01-18,19.6,19.8,19.2,19.8,179641
2017-01-19,19.7,20.05,19.55,19.85,488292
2017-01-20,19.9,21.0,19.9,20.7,651655
2017-01-23,20.2,20.9,18.95,19.05,576118
2017-01-24,19.0,19.85,18.13,19.55,320476
2017-01-25,19.6,20.0,19.05,19.45,176400
2017-01-26,19.6,20.36,19.5,19.75,154522
2017-01-27,19.7,19.98,19.5,19.65,112683
2017-01-30,19.95,20.45,18.75,19.5,192709
2017-01-31,19.4,19.5,19.1,19.1,126515
2017-02-01,19.3,19.48,17.25,19.05,394079
2017-02-02,18.8,19.45,18.8,19.15,80060
2017-02-03,19.05,19.3,18.66,18.95,115035
2017-02-06,18.95,19.15,18.6,19.05,192540
2017-02-07,19.2,19.75,19.0,19.7,217818
2017-02-08,19.7,19.7,19.1,19.45,127652
2017-02-09,19.55,19.85,19.35,19.75,137000
2017-02-10,19.75,19.82,19.1,19.25,197537
2017-02-13,19.25,19.25,17.15,17.75,601943
2017-02-14,17.45,18.25,17.25,17.85,139524
2017-02-15,17.95,18.7,17.67,18.5,427928
2017-02-16,18.55,18.55,17.75,18.2,162364
2017-02-17,18.0,18.5,18.0,18.2,117398
2017-02-21,18.25,18.35,17.9,18.05,156287
2017-02-22,17.9,18.3,17.9,18.05,156837
2017-02-23,18.0,18.07,17.4,17.85,192868
2017-02-24,17.45,18.1,17.45,17.95,121032
2017-02-27,17.8,18.1,17.55,17.6,168384
2017-02-28,17.5,18.05,17.5,17.95,248685
2017-03-01,18.25,18.25,17.1,17.85,469852
2017-03-02,19.0,19.0,15.3,17.6,1098555
2017-03-03,17.9,18.24,16.45,16.8,514748
2017-03-06,16.75,18.15,16.55,18.0,494653
2017-03-07,18.1,18.2,17.12,17.35,341810
2017-03-08,15.3,16.0,14.9,15.65,1939584
2017-03-09,15.55,16.35,15.5,15.7,566535
2017-03-10,15.65,15.85,15.5,15.75,283352
2017-03-13,16.35,17.0,16.05,16.8,715198
2017-03-14,16.65,16.95,16.5,16.8,316793
2017-03-15,16.7,17.0,16.7,16.85,329326
2017-03-16,16.9,16.9,16.6,16.65,326042
2017-03-17,16.7,16.75,16.3,16.5,345476
2017-03-20,16.55,16.8,16.2,16.5,330892
2017-03-21,16.5,16.5,15.76,15.8,241677
2017-03-22,15.8,16.0,15.5,15.65,200836
2017-03-23,15.6,16.25,15.6,16.1,216263
2017-03-24,16.05,16.35,15.48,15.55,358687
2017-03-27,15.05,15.4,13.8,14.3,1078347
2017-03-28,14.3,14.95,14.3,14.9,281848
2017-03-29,14.95,15.35,14.9,15.05,190998
2017-03-30,15.1,15.95,15.1,15.95,263010
2017-03-31,16.2,16.25,15.6,16.0,332091
2017-04-03,16.15,16.35,15.4,16.0,392299
2017-04-04,15.85,16.22,15.75,16.1,231817
2017-04-05,16.2,16.4,15.9,15.95,177472
2017-04-06,15.85,16.2,15.4,16.2,168165
2017-04-07,16.2,16.5,16.0,16.45,330377
2017-04-10,16.4,16.55,16.0,16.05,295151
2017-04-11,16.0,17.0,16.0,17.0,439507
2017-04-12,16.9,16.9,15.45,15.65,413608
2017-04-13,15.65,15.82,15.0,15.1,266393
2017-04-17,15.1,15.65,15.08,15.5,351817
2017-04-18,15.5,15.9,15.35,15.75,343657
2017-04-19,15.8,15.9,15.05,15.4,237058
2017-04-20,15.6,15.95,15.6,15.8,283306
2017-04-21,15.85,16.0,15.65,15.7,218776
2017-04-24,15.95,15.96,15.7,15.85,159841
2017-04-25,16.0,16.43,15.45,15.9,723560
2017-04-26,15.75,16.05,15.4,15.9,254118
2017-04-27,16.0,16.45,15.85,16.05,269549
2017-04-28,16.15,16.9,16.05,16.75,496073
2017-05-01,16.95,17.9,16.42,17.75,678494
2017-05-02,17.75,17.95,17.0,17.05,328969
2017-05-03,17.05,17.42,16.7,17.1,341501
2017-05-04,19.1,20.7,18.5,20.05,1788995
2017-05-05,20.0,21.65,19.85,21.15,944675
2017-05-08,20.95,20.95,19.9,20.15,573919
2017-05-09,20.15,20.5,19.55,20.35,307232
2017-05-10,20.6,20.7,20.05,20.65,200420
2017-05-11,20.5,20.85,19.89,20.6,228494
2017-05-12,20.45,22.83,20.45,22.3,805644
2017-05-15,22.5,22.6,21.7,21.75,244591
2017-05-16,21.8,22.2,21.05,21.55,269008
2017-05-17,21.0,21.04,19.95,20.05,527265
2017-05-18,19.95,20.8,19.75,20.5,343525
2017-05-19,20.7,21.45,20.7,20.85,268247
2017-05-22,20.9,21.2,19.9,20.1,361741
2017-05-23,20.1,20.45,19.86,20.35,259002
2017-05-24,20.4,21.0,20.35,20.95,227288
2017-05-25,21.05,21.8,21.05,21.2,368471
2017-05-26,21.25,22.6,21.24,21.8,435008
2017-05-30,21.8,22.05,21.55,21.9,275152
2017-05-31,22.05,22.5,21.85,22.25,299819
2017-06-01,22.4,22.9,22.0,22.9,307456
2017-06-02,22.9,22.95,22.15,22.2,330762
2017-06-05,22.2,22.2,21.35,21.8,177873
2017-06-06,21.6,21.8,20.85,21.15,157399
2017-06-07,21.15,21.6,21.12,21.3,140012
2017-06-08,21.35,21.6,20.95,21.0,167038
2017-06-09,21.0,21.15,19.95,20.25,300966
2017-06-12,20.75,21.85,20.75,21.15,372645
2017-06-13,21.2,21.45,20.3,21.35,355078
2017-06-14,21.25,22.2,21.15,21.95,588878
2017-06-15,21.95,22.2,21.65,22.05,294252
2017-06-16,22.05,24.85,21.94,24.85,918990
2017-06-19,24.95,25.25,23.38,23.5,531003
2017-06-20,23.5,24.45,23.1,23.9,354094
2017-06-21,24.15,25.05,23.3,23.95,416272
2017-06-22,23.75,24.35,23.6,24.25,403091
2017-06-23,24.2,25.6,24.0,25.45,2224642
2017-06-26,24.5,24.95,23.8,24.1,1040065
2017-06-27,24.15,24.65,23.5,24.3,425961
2017-06-28,24.5,24.9,23.8,24.65,481060
2017-06-29,24.65,25.5,23.55,24.05,485645
2017-06-30,24.25,24.25,23.2,23.5,396637
2017-07-03,23.65,23.75,22.85,23.5,230871
2017-07-05,23.45,23.6,22.9,23.35,225343
2017-07-06,23.1,23.55,22.95,23.15,184213
2017-07-07,23.2,23.6,23.18,23.55,183484
2017-07-10,23.6,24.3,23.5,24.2,287881
2017-07-11,24.6,24.95,24.1,24.35,264459
2017-07-12,24.55,25.05,24.5,24.7,313815
2017-07-13,24.9,26.05,24.75,25.5,412356
2017-07-14,25.9,26.8,25.3,25.7,587871
2017-07-17,26.45,27.15,25.8,26.4,534643
2017-07-18,26.45,26.75,25.28,26.7,455888
2017-07-19,26.6,28.05,26.4,27.95,530259
2017-07-20,28.3,28.44,27.2,27.8,294395
2017-07-21,28.2,28.5,27.55,28.05,257039
2017-07-24,28.45,28.47,27.6,28.4,303927
2017-07-25,28.55,29.2,28.25,28.65,388083
2017-07-26,29.1,29.25,28.55,28.95,288030
2017-07-27,29.15,29.15,27.25,27.8,450435
2017-07-28,27.6,28.25,24.7,28.05,759606
2017-07-31,28.5,28.5,27.2,28.05,338942
2017-08-01,28.1,28.3,26.25,26.95,346268
