Date,Open,High,Low,Close,Volume
2007-12-17,49.45,49.63,49.24,49.37,2100
2007-12-18,49.63,49.63,48.72,49.02,2200
2007-12-19,49.17,49.4,48.46,48.72,11700
2007-12-20,50.68,50.68,48.6,49.0,10000
2007-12-21,49.93,49.98,49.2,49.83,7500
2007-12-24,50.17,50.17,49.5,49.66,7700
2007-12-26,50.22,50.22,49.6,49.8,10100
2007-12-27,50.49,50.49,49.6,49.75,11300
2007-12-28,49.86,49.88,49.8,49.86,4500
2007-12-31,50.3,50.38,49.86,50.38,13100
2008-01-02,50.16,53.2,50.16,51.55,87200
2008-01-03,52.45,52.7,50.75,51.03,22300
2008-01-04,51.86,51.86,48.73,49.26,44500
2008-01-07,49.84,49.84,48.5,48.89,19100
2008-01-08,49.66,49.66,48.86,48.86,28700
2008-01-09,48.9,49.64,48.53,49.19,14800
2008-01-10,49.86,49.86,49.05,49.26,11100
2008-01-11,51.0,51.0,48.31,48.48,44400
2008-01-14,47.64,48.85,47.64,48.85,7700
2008-01-15,48.85,48.85,47.98,48.13,11200
2008-01-16,48.0,48.0,47.0,47.0,12000
2008-01-17,47.95,47.95,46.03,46.14,11700
2008-01-18,46.0,47.26,45.85,46.15,16200
2008-01-22,40.15,44.07,39.0,44.07,15300
2008-01-23,42.8,43.06,42.0,42.57,14900
2008-01-24,44.19,44.22,43.32,44.01,11900
2008-01-25,46.05,46.05,44.52,44.52,14000
2008-01-28,45.09,45.09,44.22,44.78,22300
2008-01-29,46.1,46.14,44.68,45.2,32700
2008-01-30,45.76,45.93,44.68,45.65,14800
2008-01-31,46.55,46.55,44.5,46.21,7900
2008-02-01,46.87,46.87,46.19,46.39,26800
2008-02-04,47.37,47.37,46.81,46.96,18800
2008-02-05,46.55,46.55,45.48,45.53,20100
2008-02-06,47.42,47.42,45.25,45.25,10400
2008-02-07,44.6,45.22,44.5,44.91,7400
2008-02-08,45.32,45.32,44.7,45.27,6400
2008-02-11,45.66,45.66,44.8,45.23,18300
2008-02-12,46.67,46.67,45.93,46.43,22600
2008-02-13,46.77,46.77,46.17,46.41,18200
2008-02-14,47.11,47.11,46.53,46.79,14500
2008-02-15,46.66,46.66,46.0,46.46,5700
2008-02-19,47.55,47.55,46.9,47.07,134500
2008-02-20,46.83,46.83,45.96,46.3,16600
2008-02-21,47.35,47.35,46.0,46.0,19600
2008-02-22,46.87,46.87,45.72,46.25,7300
2008-02-25,46.9,46.9,46.14,46.62,26300
2008-02-26,47.04,47.32,46.24,46.76,29100
2008-02-27,47.66,47.68,46.72,47.19,11400
2008-02-28,47.52,47.52,46.66,46.8,25100
2008-02-29,47.67,47.67,45.53,45.74,31400
2008-03-03,45.21,46.79,45.15,46.66,28400
2008-03-04,46.02,46.02,44.72,45.39,22200
2008-03-05,45.55,45.64,45.08,45.64,5500
2008-03-06,45.97,45.97,45.15,45.16,16400
2008-03-07,45.0,45.19,44.27,44.7,15500
2008-03-10,45.47,45.47,43.86,44.25,18100
2008-03-11,45.64,46.43,45.2,46.43,14700
2008-03-12,46.59,46.62,45.64,45.67,12400
2008-03-13,45.77,46.06,44.8,45.84,22900
2008-03-14,47.04,47.04,44.5,45.16,30700
2008-03-17,45.0,45.0,44.0,44.69,33100
2008-03-18,45.03,46.65,44.81,46.65,20300
2008-03-19,45.73,45.73,43.88,44.06,21800
2008-03-20,44.92,44.92,43.2,44.36,27000
2008-03-24,44.4,44.99,43.95,44.79,31500
2008-03-25,45.96,45.96,44.18,45.23,59300
2008-03-26,46.13,46.13,44.0,45.0,34200
2008-03-27,45.7,53.86,44.9,45.0,38800
2008-03-28,45.75,45.75,44.9,45.1,21100
2008-03-31,45.64,45.64,44.89,45.03,39800
2008-04-01,46.09,46.09,45.02,45.48,25700
2008-04-02,46.17,46.17,45.54,45.79,21300
2008-04-03,46.66,46.66,45.79,46.3,39900
2008-04-04,46.85,46.85,46.0,46.4,22600
2008-04-07,46.98,46.98,46.28,46.48,26500
2008-04-08,46.67,46.67,46.05,46.29,37300
2008-04-09,46.25,46.25,45.81,45.9,19900
2008-04-10,46.39,46.39,45.47,45.74,36200
2008-04-11,45.69,45.69,45.27,45.3,17500
2008-04-14,45.99,45.99,44.97,45.3,32600
2008-04-15,46.4,46.4,45.43,45.59,21600
2008-04-16,46.34,46.92,46.34,46.92,33300
2008-04-17,47.18,47.18,46.44,46.6,33600
2008-04-18,47.06,47.06,46.65,46.8,30800
2008-04-21,46.87,47.18,46.55,46.8,38800
2008-04-22,47.17,47.17,46.56,46.65,27500
2008-04-23,47.07,47.07,46.5,47.0,28800
2008-04-24,47.04,47.23,46.43,47.15,60500
2008-04-25,47.2,47.2,46.75,47.0,37900
2008-04-28,47.48,47.48,47.03,47.07,54500
2008-04-29,47.09,47.09,46.65,46.7,26500
2008-04-30,47.3,47.3,46.76,46.98,43000
2008-05-01,47.37,47.5,46.75,47.25,46500
2008-05-02,47.08,47.8,47.07,47.3,56700
2008-05-05,47.7,47.7,47.04,47.29,37500
2008-05-06,47.58,48.08,47.18,47.68,32300
2008-05-07,47.82,47.82,46.75,46.75,79600
2008-05-08,47.41,47.43,47.06,47.23,88900
2008-05-09,47.18,47.22,46.7,47.22,17200
2008-05-12,47.43,47.67,47.09,47.65,30700
2008-05-13,47.78,47.84,47.35,47.65,58100
2008-05-14,47.79,47.92,47.52,47.61,78500
2008-05-15,48.07,48.08,47.6,48.0,23700
2008-05-16,48.03,48.29,47.9,48.29,30300
2008-05-19,48.63,48.79,48.43,48.45,33400
2008-05-20,48.57,48.57,48.28,48.45,24300
2008-05-21,48.96,49.0,48.37,48.55,44100
2008-05-22,48.74,48.86,48.38,48.65,58600
2008-05-23,48.79,48.79,47.87,47.98,23500
2008-05-27,48.3,48.3,47.5,47.9,37600
2008-05-28,48.0,48.0,47.72,47.98,19000
2008-05-29,47.93,48.14,47.77,47.96,23500
2008-05-30,48.13,48.16,47.82,48.01,28200
2008-06-02,47.91,47.91,47.33,47.68,22300
2008-06-03,47.69,47.75,47.22,47.45,16400
2008-06-04,47.76,47.76,47.21,47.4,18600
2008-06-05,47.06,47.93,47.06,47.93,33900
2008-06-06,47.82,47.89,46.98,46.98,47100
2008-06-09,47.11,47.5,47.01,47.3,39300
2008-06-10,47.29,47.29,46.33,46.49,42700
2008-06-11,46.34,46.34,45.93,45.99,83900
2008-06-12,45.83,45.83,45.33,45.54,20800
2008-06-13,45.5,45.63,45.17,45.6,67500
2008-06-16,45.9,45.99,45.6,45.95,46900
2008-06-17,46.4,47.0,46.17,46.19,46300
2008-06-18,46.15,46.27,45.88,45.94,14200
2008-06-19,46.27,46.27,45.7,46.2,27500
2008-06-20,45.68,45.68,44.7,44.7,36700
2008-06-23,44.7,44.75,44.51,44.69,26700
2008-06-24,44.74,44.74,43.64,44.03,19000
2008-06-25,44.98,45.06,44.21,44.41,24500
2008-06-26,44.64,44.64,43.62,43.69,32800
2008-06-27,44.06,44.2,43.65,43.78,12000
2008-06-30,44.05,44.4,44.0,44.29,30600
2008-07-01,43.79,43.92,43.33,43.92,49000
2008-07-02,43.87,44.73,43.25,43.48,15000
2008-07-03,43.48,43.52,43.12,43.24,6800
2008-07-07,44.08,44.08,42.63,43.05,21300
2008-07-08,42.63,42.97,42.43,42.97,25300
2008-07-09,43.45,43.45,42.85,42.85,42600
2008-07-10,43.27,43.37,42.18,43.08,15700
2008-07-11,43.19,43.19,42.25,42.54,147500
2008-07-14,43.29,43.29,42.61,42.62,13300
2008-07-15,42.5,42.5,41.59,41.87,31700
2008-07-16,41.78,42.0,41.7,41.96,342500
2008-07-17,42.76,42.92,42.02,42.24,51600
2008-07-18,42.74,42.74,42.0,42.38,322800
2008-07-21,43.03,43.04,42.65,43.03,36700
2008-07-22,43.31,43.45,42.83,43.45,37300
2008-07-23,43.43,43.43,42.77,42.99,40700
2008-07-24,43.12,43.12,42.31,42.31,24500
2008-07-25,43.03,43.03,42.51,42.61,14900
2008-07-28,42.5,42.69,41.92,42.11,32600
2008-07-29,42.39,42.52,41.75,42.52,27000
2008-07-30,42.67,42.92,42.32,42.92,49200
2008-07-31,43.06,43.06,42.44,42.44,128500
2008-08-01,42.86,42.86,41.9,41.99,15700
2008-08-04,41.78,42.34,41.34,41.34,23500
2008-08-05,41.47,41.79,41.0,41.79,46200
2008-08-06,41.97,42.05,41.62,41.93,30400
2008-08-07,42.17,42.17,41.21,41.28,61200
2008-08-08,41.84,41.84,40.51,41.29,34900
2008-08-11,41.56,41.56,41.05,41.22,35300
2008-08-12,41.18,41.18,40.6,40.68,34500
2008-08-13,40.74,40.74,40.21,40.45,62300
2008-08-14,40.49,40.65,40.25,40.48,28700
2008-08-15,40.41,40.41,40.1,40.15,19000
2008-08-18,40.15,40.5,39.91,40.03,24300
2008-08-19,40.07,40.07,39.72,39.91,37000
2008-08-20,39.86,40.42,39.86,40.42,47300
2008-08-21,40.28,40.64,40.12,40.64,12700
2008-08-22,40.95,40.95,40.33,40.43,40200
2008-08-25,40.4,40.47,39.98,40.0,86000
2008-08-26,40.0,40.52,40.0,40.32,28300
2008-08-27,40.92,40.92,39.74,40.82,23300
2008-08-28,41.42,41.42,40.79,40.99,24200
2008-08-29,41.49,41.49,40.61,40.61,31000
2008-09-02,41.35,41.35,40.2,40.2,34500
2008-09-03,40.5,40.5,39.7,40.09,53300
2008-09-04,40.14,40.14,38.62,38.81,59400
2008-09-05,38.71,38.71,37.71,38.15,48600
2008-09-08,40.1,40.1,38.15,38.52,28600
2008-09-09,38.59,38.6,36.74,36.74,34800
2008-09-10,36.8,37.3,36.8,36.94,104000
2008-09-11,36.31,37.36,36.14,37.18,51100
2008-09-12,37.58,38.25,36.81,38.24,36300
2008-09-15,37.42,37.42,36.3,36.56,14700
2008-09-16,35.61,36.71,35.47,36.44,50500
2008-09-17,35.82,37.02,32.06,34.89,64000
2008-09-18,35.31,36.05,34.42,35.57,40000
2008-09-19,39.11,39.29,35.26,37.76,19800
2008-09-22,38.15,38.15,34.51,37.69,15600
2008-09-23,39.0,39.0,36.5,37.27,44100
2008-09-24,38.54,38.54,36.94,37.34,11700
2008-09-25,38.05,38.16,37.51,37.94,20900
2008-09-26,37.44,38.04,37.44,38.0,22300
2008-09-29,36.64,36.64,34.5,34.5,59100
2008-09-30,34.89,36.47,34.89,36.47,26900
2008-10-01,36.45,36.56,35.92,36.33,393800
2008-10-02,35.3,36.03,34.51,34.9,60100
2008-10-03,34.0,35.39,34.0,34.18,37900
2008-10-06,33.31,33.6,30.41,31.36,100900
2008-10-07,31.41,32.6,30.18,30.69,45000
2008-10-08,29.39,31.1,29.23,30.27,71900
2008-10-09,28.43,30.48,27.24,28.9,53700
2008-10-10,25.02,28.0,24.56,26.49,127700
2008-10-13,29.99,30.1,27.99,29.96,38300
2008-10-14,30.12,33.32,29.29,30.75,75700
2008-10-15,29.0,29.73,27.5,27.5,39500
2008-10-16,27.38,28.89,26.5,28.67,40600
2008-10-17,27.53,30.16,27.44,28.8,63200
2008-10-20,27.5,32.19,27.5,31.96,91800
2008-10-21,31.26,31.26,29.35,29.7,36400
2008-10-22,28.48,29.96,27.07,27.07,26500
2008-10-23,26.94,28.67,26.76,27.84,25900
2008-10-24,26.75,27.84,25.0,26.85,61300
2008-10-27,27.75,27.75,25.23,25.23,54700
2008-10-28,25.73,28.59,25.45,28.25,38200
2008-10-29,28.2,30.13,27.91,30.13,62100
2008-10-30,30.66,30.66,28.4,29.3,85600
2008-10-31,32.06,32.06,28.39,29.8,39600
2008-11-03,29.05,30.1,29.05,30.0,19600
2008-11-04,31.45,31.6,30.4,31.36,45000
2008-11-05,32.25,32.25,30.54,30.79,55800
2008-11-06,30.94,30.94,28.19,28.59,222900
2008-11-07,29.93,30.17,29.23,29.74,43800
2008-11-10,31.18,31.18,29.22,29.33,50623
2008-11-11,28.77,29.4,28.0,28.51,70212
2008-11-12,28.6,28.6,27.03,27.41,53862
2008-11-13,28.13,29.38,26.38,29.16,58281
2008-11-14,28.36,29.27,27.75,28.22,42811
2008-11-17,28.37,28.37,27.24,27.79,69228
2008-11-18,28.43,28.43,26.15,27.3,46675
2008-11-19,26.59,27.53,26.11,26.11,34100
2008-11-20,26.79,26.79,24.43,24.94,76665
2008-11-21,28.42,28.42,24.59,25.93,48352
2008-11-24,25.76,28.19,25.76,28.16,76963
2008-11-25,28.17,28.55,26.79,27.95,134024
2008-11-26,27.78,28.42,26.5,28.1,96518
2008-11-28,26.88,27.84,26.88,27.38,61239
2008-12-01,27.98,27.98,25.76,26.03,67670
2008-12-02,25.25,26.66,25.15,26.63,114414
2008-12-03,26.58,27.44,25.6,27.44,46941
2008-12-04,26.75,26.89,25.6,25.85,51983
2008-12-05,26.3,26.4,24.78,26.4,55875
2008-12-08,27.49,27.84,27.01,27.66,96362
2008-12-09,27.89,27.89,26.5,26.91,83220
2008-12-10,26.5,28.22,26.5,28.19,85124
2008-12-11,28.39,28.66,27.73,27.99,62564
2008-12-12,27.87,28.45,26.87,28.24,87648
2008-12-15,28.38,28.5,27.86,28.38,50518
2008-12-16,28.87,29.64,28.26,29.52,52929
2008-12-17,29.34,30.06,29.26,29.81,90232
2008-12-18,30.18,30.24,28.98,29.41,79773
2008-12-19,29.43,29.68,29.0,29.35,60475
2008-12-22,29.29,29.29,27.66,28.35,70767
2008-12-23,28.25,29.0,27.85,28.02,73074
2008-12-24,28.77,28.92,27.91,28.37,30653
2008-12-26,28.89,28.89,27.94,28.28,46271
2008-12-29,29.41,29.41,28.12,28.45,71303
2008-12-30,29.13,29.53,28.69,29.3,74909
2008-12-31,29.39,30.24,28.7,29.91,126610
2009-01-02,30.32,30.41,29.47,30.21,99137
2009-01-05,30.5,30.5,29.95,30.13,65030
2009-01-06,30.1,30.49,29.55,30.28,69752
2009-01-07,30.9,30.9,29.26,29.4,85959
2009-01-08,30.2,30.2,29.01,29.95,80797
2009-01-09,29.63,30.24,28.5,28.95,74483
2009-01-12,29.67,29.67,27.95,28.12,56614
2009-01-13,28.43,28.43,27.44,27.86,46539
2009-01-14,27.61,27.61,26.5,26.75,93244
2009-01-15,27.35,27.35,26.0,27.28,78269
2009-01-16,27.78,27.78,26.75,27.35,82933
2009-01-20,27.52,28.5,25.69,25.85,100498
2009-01-21,25.91,26.85,25.76,26.85,158957
2009-01-22,26.04,26.37,25.77,26.22,52379
2009-01-23,26.16,26.53,25.5,26.42,38798
2009-01-26,26.79,27.04,26.4,26.84,45237
2009-01-27,27.07,27.26,26.65,27.09,132846
2009-01-28,27.95,28.26,27.12,27.89,155260
2009-01-29,27.5,27.7,26.69,26.74,170820
2009-01-30,26.85,27.05,26.03,26.03,159801
2009-02-02,26.08,26.49,25.83,26.29,144632
2009-02-03,26.29,26.91,26.07,26.77,120244
2009-02-04,26.45,27.14,26.41,26.71,950839
2009-02-05,26.49,27.8,26.33,27.21,791173
2009-02-06,27.15,27.78,27.08,27.65,86486
2009-02-09,27.48,27.64,27.3,27.55,100076
2009-02-10,27.4,27.48,26.15,26.35,117647
2009-02-11,27.46,27.46,26.13,26.43,107169
2009-02-12,26.0,26.42,25.52,26.42,99043
2009-02-13,26.32,26.39,26.01,26.11,222654
2009-02-17,26.1,26.1,24.7,24.89,148649
2009-02-18,24.86,25.09,24.39,24.63,83147
2009-02-19,24.86,25.22,24.67,24.68,65447
2009-02-20,24.11,24.42,23.55,24.08,129392
2009-02-23,24.19,25.0,23.1,23.1,76249
2009-02-24,23.25,24.07,23.12,23.86,84970
2009-02-25,23.85,23.85,23.0,23.45,53029
2009-02-26,23.73,24.0,23.07,23.14,60702
2009-02-27,22.86,23.28,22.49,22.93,122159
2009-03-02,22.23,22.23,21.36,21.36,160171
2009-03-03,21.56,21.8,20.52,21.21,446188
2009-03-04,21.44,22.46,21.44,22.1,163348
2009-03-05,21.56,21.79,21.03,21.36,156814
2009-03-06,21.26,21.85,20.83,21.27,72611
2009-03-09,20.74,21.29,20.59,20.9,75408
2009-03-10,21.49,22.0,21.48,21.95,37304
2009-03-11,22.2,22.23,21.59,21.91,91861
2009-03-12,21.9,22.45,21.45,22.45,81141
2009-03-13,22.4,22.45,22.03,22.42,49042
2009-03-16,23.0,23.38,22.53,22.53,39206
2009-03-17,22.6,23.6,22.6,23.54,109152
2009-03-18,24.18,24.18,23.07,24.08,49254
2009-03-19,24.68,24.68,24.14,24.32,61696
2009-03-20,24.54,24.55,24.02,24.14,93815
2009-03-23,24.94,25.76,24.68,25.55,93216
2009-03-24,24.99,25.26,24.69,24.85,42760
2009-03-25,25.06,25.41,24.67,25.19,42249
2009-03-26,25.43,25.43,25.01,25.38,51952
2009-03-27,25.01,25.01,24.63,24.75,42790
2009-03-30,24.5,24.5,23.5,23.7,40468
2009-03-31,24.47,24.77,24.04,24.48,128408
2009-04-01,24.28,24.78,24.0,24.7,62857
2009-04-02,25.16,25.71,25.0,25.23,48338
2009-04-03,25.11,25.51,25.0,25.34,47950
2009-04-06,25.59,25.59,24.71,25.02,38374
2009-04-07,24.91,24.97,24.5,24.5,47718
2009-04-08,24.75,25.22,24.63,25.17,32931
2009-04-09,25.97,25.97,25.0,25.14,35499
2009-04-13,25.62,25.62,25.1,25.42,34644
2009-04-14,25.49,25.55,25.17,25.22,39258
2009-04-15,25.29,25.86,25.28,25.86,31303
2009-04-16,25.96,25.98,25.46,25.63,47782
2009-04-17,25.53,25.89,25.48,25.89,48271
2009-04-20,25.33,25.34,24.62,24.73,42302
2009-04-21,24.72,25.46,24.52,24.96,48560
2009-04-22,25.1,25.52,24.85,25.24,20531
2009-04-23,25.38,25.45,25.03,25.31,35283
2009-04-24,25.65,25.98,25.64,25.98,20776
2009-04-27,25.49,26.49,25.0,25.15,36629
2009-04-28,24.98,25.49,24.75,25.23,55117
2009-04-29,25.72,26.18,25.72,25.76,34520
2009-04-30,26.45,26.54,25.81,25.9,65439
2009-05-01,26.25,26.59,26.07,26.59,77182
2009-05-04,26.98,27.65,26.78,27.65,41767
2009-05-05,27.55,27.58,27.1,27.25,88648
2009-05-06,27.88,27.89,27.26,27.6,48565
2009-05-07,27.9,27.99,27.03,27.38,114820
2009-05-08,27.96,28.49,27.84,28.45,157993
2009-05-11,27.5,28.17,27.41,27.94,121993
2009-05-12,27.99,27.99,27.51,27.86,49641
2009-05-13,27.75,27.75,26.96,27.11,75812
2009-05-14,27.15,27.57,27.01,27.41,47893
2009-05-15,27.69,28.0,26.79,27.19,43981
2009-05-18,27.4,27.88,27.2,27.74,47184
2009-05-19,27.96,28.36,27.71,28.26,57208
2009-05-20,28.54,28.85,28.25,28.41,82271
2009-05-21,28.49,28.49,27.85,28.18,46385
2009-05-22,28.2,28.61,28.15,28.51,41192
2009-05-26,28.3,29.25,28.06,28.98,95550
2009-05-27,28.97,29.16,28.56,28.7,49342
2009-05-28,29.16,29.26,28.65,29.22,54392
2009-05-29,29.4,29.79,28.92,29.79,201026
2009-06-01,30.01,30.54,29.59,30.45,149529
2009-06-02,30.39,30.57,30.12,30.37,66132
2009-06-03,30.59,30.59,29.37,29.87,59414
2009-06-04,30.08,30.08,29.51,30.05,55509
2009-06-05,30.18,30.18,29.25,29.38,107923
2009-06-08,29.22,29.54,28.8,29.31,48322
2009-06-09,29.54,29.8,29.31,29.71,235539
2009-06-10,30.1,30.1,29.34,29.75,136782
2009-06-11,30.47,30.58,29.95,30.38,79806
2009-06-12,30.11,30.38,29.71,30.14,74038
2009-06-15,29.75,29.75,28.91,29.18,74015
2009-06-16,29.67,29.67,28.7,29.0,90626
2009-06-17,28.86,28.86,28.13,28.57,116156
2009-06-18,28.87,29.03,28.59,29.02,74311
2009-06-19,28.94,29.27,28.74,28.74,33385
2009-06-22,28.1,28.53,27.57,27.74,50256
2009-06-23,27.69,28.18,27.49,28.07,33140
2009-06-24,28.42,28.69,28.01,28.09,49720
2009-06-25,27.84,28.9,27.84,28.9,90857
2009-06-26,28.92,29.13,28.68,29.13,124161
2009-06-29,29.19,29.27,28.72,29.27,90088
2009-06-30,29.4,29.44,28.64,29.23,336516
2009-07-01,29.04,29.54,28.98,29.05,265727
2009-07-02,29.01,29.05,28.43,28.67,52959
2009-07-06,28.38,28.54,28.04,28.54,23841
2009-07-07,28.53,28.53,27.62,27.62,47014
2009-07-08,27.85,27.95,27.17,27.66,156168
2009-07-09,27.96,28.3,27.56,28.14,118074
2009-07-10,27.75,27.88,27.45,27.88,34883
2009-07-13,27.93,28.3,27.6,28.16,22464
2009-07-14,28.59,28.59,28.16,28.45,212158
2009-07-15,29.12,29.44,28.92,29.3,99984
2009-07-16,29.36,29.66,29.15,29.32,295972
2009-07-17,29.64,29.71,29.37,29.61,145048
2009-07-20,30.05,30.21,29.84,30.21,164369
2009-07-21,30.6,30.6,29.86,29.92,98822
2009-07-22,30.06,30.46,30.06,30.33,79335
2009-07-23,30.4,31.17,30.31,30.82,97260
2009-07-24,30.79,30.99,30.48,30.83,76867
2009-07-27,31.05,31.08,30.63,30.85,132264
2009-07-28,30.92,30.96,30.42,30.59,87247
2009-07-29,30.59,30.59,30.16,30.34,53935
2009-07-30,30.82,31.14,30.62,30.98,99746
2009-07-31,31.06,31.36,30.76,31.05,82984
2009-08-03,31.03,31.97,31.03,31.92,122089
2009-08-04,31.82,31.94,31.57,31.84,86488
2009-08-05,31.85,32.0,31.35,31.59,217152
2009-08-06,31.77,31.83,31.16,31.38,91082
2009-08-07,31.64,31.67,31.22,31.5,63226
2009-08-10,31.43,31.53,31.26,31.53,99846
2009-08-12,31.19,31.91,31.1,31.43,96641
2009-08-13,31.77,31.78,31.51,31.63,78012
2009-08-14,31.85,31.85,31.23,31.48,77718
2009-08-17,30.69,31.0,30.3,30.52,144809
2009-08-18,30.87,30.99,30.52,30.94,68887
2009-08-19,30.7,31.25,30.64,31.09,75935
2009-08-20,31.16,31.53,31.14,31.53,68470
2009-08-21,31.83,32.07,31.75,31.99,98473
2009-08-24,32.21,32.53,32.11,32.3,265321
2009-08-25,32.33,32.53,32.1,32.1,95874
2009-08-26,32.06,32.15,31.75,31.99,115702
2009-08-27,32.09,32.25,31.61,32.03,197199
2009-08-28,32.51,32.51,31.95,32.0,269166
2009-08-31,31.81,31.88,31.5,31.73,53607
2009-09-01,31.55,31.75,30.82,31.05,112896
2009-09-02,30.75,31.05,30.56,30.82,37320
2009-09-03,31.25,31.39,31.05,31.36,169695
2009-09-04,31.42,31.91,31.33,31.88,270896
2009-09-08,32.38,32.49,32.05,32.16,68110
2009-09-09,32.29,32.62,32.29,32.5,69586
2009-09-10,32.53,33.0,32.3,32.91,55867
2009-09-11,32.99,33.04,32.77,32.95,64103
2009-09-14,32.6,33.13,32.6,33.13,75635
2009-09-15,33.07,33.34,32.74,33.31,92483
2009-09-16,33.71,33.74,33.22,33.7,147887
2009-09-17,33.58,33.81,33.27,33.41,100151
2009-09-18,33.63,33.63,33.36,33.6,92228
2009-09-21,33.24,33.59,33.11,33.46,102107
2009-09-22,33.92,33.99,33.31,33.91,77158
2009-09-23,33.91,34.06,33.44,33.44,88450
2009-09-24,33.75,33.76,32.96,33.14,105445
2009-09-25,32.86,33.28,32.86,33.06,41108
2009-09-28,33.25,33.82,33.22,33.65,260824
2009-09-29,33.61,33.61,33.29,33.35,108924
2009-09-30,33.61,33.62,33.06,33.53,83910
2009-10-01,33.32,33.38,32.6,32.72,75118
2009-10-02,32.42,32.6,32.27,32.46,66069
2009-10-05,32.51,33.05,32.51,33.02,35397
2009-10-06,33.3,33.59,33.26,33.45,196099
2009-10-07,33.21,33.49,33.21,33.49,39731
2009-10-08,33.85,34.05,33.62,34.05,64670
2009-10-09,33.86,34.05,33.62,33.92,35316
2009-10-12,34.17,34.18,33.87,33.92,52727
2009-10-13,33.97,34.0,33.74,33.99,241052
2009-10-14,34.5,34.5,34.2,34.41,49856
2009-10-15,34.22,34.51,34.06,34.45,68656
2009-10-16,34.15,34.44,33.88,34.22,86157
2009-10-19,34.4,34.62,34.17,34.58,59542
2009-10-20,34.76,34.76,34.19,34.34,98682
2009-10-21,34.36,34.79,34.29,34.31,197242
2009-10-22,34.2,34.64,34.03,34.62,59885
2009-10-23,34.49,34.82,33.77,33.87,59381
2009-10-26,34.0,34.27,33.0,33.0,134983
2009-10-27,33.37,33.46,33.03,33.07,70895
2009-10-28,33.1,33.14,32.32,32.32,96843
2009-10-29,32.72,33.37,32.72,33.34,93289
2009-10-30,33.25,33.25,32.1,32.1,179961
2009-11-02,32.68,32.86,32.0,32.34,131768
2009-11-03,31.96,32.48,31.86,32.44,78766
2009-11-04,32.97,33.09,32.65,32.77,52567
2009-11-05,33.34,33.54,33.18,33.54,61960
2009-11-06,33.43,33.86,33.25,33.55,154755
2009-11-09,33.8,34.37,33.8,34.25,66830
2009-11-10,34.08,34.32,34.0,34.29,46070
2009-11-11,34.52,34.7,34.16,34.33,284583
2009-11-12,34.27,34.47,33.75,33.81,64577
2009-11-13,34.0,34.32,33.81,34.32,55439
2009-11-16,34.57,34.89,34.43,34.69,61566
2009-11-17,34.67,34.73,34.36,34.73,58647
2009-11-18,34.65,34.84,34.43,34.67,539872
2009-11-19,34.24,34.24,33.76,34.07,131178
2009-11-20,33.69,33.91,33.69,33.9,42815
2009-11-23,34.35,34.69,34.25,34.44,83842
2009-11-24,34.31,34.44,34.08,34.43,70687
2009-11-25,34.59,34.9,34.44,34.75,45841
2009-11-27,33.95,34.27,33.59,34.12,46626
2009-11-30,34.12,34.32,33.91,34.24,109945
2009-12-01,34.84,35.01,34.34,35.01,82755
2009-12-02,35.05,35.06,34.61,34.95,41032
2009-12-03,35.14,35.23,34.72,34.73,73500
2009-12-04,35.14,35.29,34.5,34.73,45454
2009-12-07,34.81,34.95,34.6,34.65,38851
2009-12-08,34.51,34.51,34.0,34.21,44769
2009-12-09,34.3,34.3,33.92,34.22,65088
2009-12-10,34.25,34.56,34.23,34.51,104880
2009-12-11,34.69,34.7,34.48,34.66,60434
2009-12-14,34.71,34.93,34.71,34.85,68637
2009-12-15,34.81,34.91,34.66,34.83,64771
2009-12-16,35.02,35.15,34.85,34.97,70568
2009-12-17,34.61,34.63,34.16,34.22,79799
2009-12-18,34.48,34.6,34.12,34.5,49171
2009-12-21,34.1,34.19,33.69,33.89,61227
2009-12-22,33.84,34.04,33.72,33.89,360693
2009-12-23,34.0,34.18,33.93,34.18,100665
2009-12-24,34.15,34.4,34.06,34.4,43640
2009-12-28,34.44,34.62,34.4,34.43,123339
2009-12-29,34.6,34.86,34.55,34.72,163687
2009-12-30,34.42,34.66,34.3,34.58,39085
2009-12-31,,,,34.08,0
2010-01-04,34.74,35.21,34.65,35.14,881426
2010-01-05,35.24,35.41,35.05,35.3,89108
2010-01-06,35.17,35.52,35.17,35.42,59576
2010-01-07,35.36,35.43,35.07,35.43,178953
2010-01-08,35.26,35.67,35.26,35.67,78589
2010-01-11,35.96,36.02,35.75,35.89,69969
2010-01-12,35.24,35.65,35.24,35.4,48315
2010-01-13,35.47,35.66,35.4,35.59,112645
2010-01-14,35.62,35.77,35.47,35.75,94845
2010-01-15,,,,35.26,0
2010-01-19,35.25,35.78,35.1,35.77,67228
2010-01-20,35.23,35.5,34.88,35.18,89371
2010-01-21,35.19,35.26,34.3,34.51,102894
2010-01-22,34.33,34.46,33.7,33.8,70168
2010-01-25,34.18,34.3,34.04,34.18,260748
2010-01-26,34.01,34.28,33.72,33.86,124872
2010-01-27,33.88,33.96,33.51,33.96,168240
2010-01-28,34.03,34.05,33.17,33.5,64027
2010-01-29,33.54,33.65,32.76,32.89,227548
2010-02-01,33.42,33.6,33.34,33.54,99702
2010-02-02,33.76,34.05,33.51,34.04,46205
2010-02-03,33.81,33.91,33.53,33.59,44873
2010-02-04,33.23,33.23,32.24,32.25,96466
2010-02-05,32.32,32.32,31.28,31.93,426111
2010-02-08,32.0,32.1,31.61,31.61,51939
2010-02-09,32.03,32.66,31.88,32.33,158499
2010-02-10,32.47,32.47,31.95,32.3,70125
2010-02-11,32.34,32.58,31.92,32.56,169681
2010-02-12,,,,32.28,0
2010-02-16,32.57,33.0,32.43,32.91,200517
2010-02-17,33.07,33.11,32.83,32.89,61564
2010-02-18,33.14,33.14,32.67,33.09,84554
2010-02-19,32.69,33.17,32.69,33.12,214191
2010-02-22,33.18,33.62,32.99,33.08,89877
2010-02-23,33.1,33.1,32.53,32.54,44611
2010-02-24,32.57,33.02,32.57,32.86,170976
2010-02-25,32.43,32.81,32.14,32.71,247988
2010-02-26,32.66,33.03,32.58,33.0,255879
2010-03-01,32.9,33.3,32.86,33.23,508507
2010-03-02,33.33,33.68,33.32,33.45,96377
2010-03-03,33.79,34.0,33.73,33.75,30203
2010-03-04,33.86,33.86,33.55,33.74,45163
2010-03-05,33.99,34.28,33.87,34.2,64958
2010-03-08,34.21,34.35,34.16,34.3,29169
2010-03-09,34.13,34.35,33.86,34.24,35221
2010-03-10,34.14,34.46,34.06,34.33,57625
2010-03-11,34.28,34.41,34.12,34.41,66245
2010-03-12,34.66,34.66,34.32,34.5,64967
2010-03-15,34.42,34.42,34.09,34.42,107754
2010-03-16,34.37,34.72,34.25,34.72,79135
2010-03-17,34.84,34.92,34.68,34.71,51371
2010-03-18,34.8,34.8,34.33,34.5,130803
2010-03-19,34.39,34.4,34.02,34.31,84771
2010-03-22,34.01,34.31,33.71,34.31,51179
2010-03-23,34.31,34.45,34.02,34.45,73531
2010-03-24,33.97,33.97,33.75,33.78,188391
2010-03-25,34.12,34.16,33.78,33.83,61110
2010-03-26,34.09,34.09,33.79,33.96,27771
2010-03-29,34.02,34.34,34.02,34.34,28454
2010-03-30,34.53,34.53,34.25,34.33,50135
2010-03-31,34.35,34.5,34.16,34.21,82512
2010-04-05,34.86,34.98,34.74,34.98,36186
2010-04-06,34.67,34.89,34.46,34.79,88692
2010-04-07,34.89,34.89,34.43,34.52,34490
2010-04-08,34.52,34.72,34.26,34.7,35074
2010-04-09,34.83,35.12,34.8,35.12,28571
2010-04-12,35.2,35.25,35.14,35.21,35245
2010-04-13,35.25,35.25,34.79,35.04,40165
2010-04-14,35.37,35.45,35.19,35.4,43321
2010-04-15,35.18,35.47,35.18,35.43,66664
2010-04-16,35.03,35.22,34.58,34.69,38435
2010-04-19,34.49,34.72,34.37,34.71,36179
2010-04-20,34.92,35.12,34.92,35.08,37057
2010-04-21,35.03,35.03,34.62,34.83,291937
2010-04-22,34.51,34.77,34.25,34.58,94308
2010-04-23,34.58,34.92,34.37,34.92,33871
2010-04-26,34.8,34.86,34.62,34.65,46727
2010-04-27,34.44,34.5,33.48,33.53,56663
2010-04-28,33.88,33.88,33.15,33.47,348841
2010-04-29,33.95,34.0,33.81,33.86,48541
2010-04-30,33.88,34.0,33.68,33.75,245043
2010-05-03,34.05,34.27,33.87,34.17,40732
2010-05-04,33.4,33.6,32.92,33.05,41813
2010-05-05,32.37,32.76,32.25,32.4,57580
2010-05-06,32.1,32.3,22.03,30.62,212536
2010-05-07,30.95,31.52,29.97,30.86,160684
2010-05-10,31.86,32.97,31.86,32.45,52722
2010-05-11,32.1,32.78,31.34,32.16,95295
2010-05-12,32.67,32.86,32.32,32.71,54943
2010-05-13,32.46,32.61,32.17,32.27,37255
2010-05-14,32.02,32.07,31.3,31.54,48341
2010-05-17,31.49,31.59,30.74,31.33,54540
2010-05-18,31.57,31.76,30.64,30.76,57502
2010-05-19,30.59,30.79,30.19,30.71,257547
2010-05-20,30.0,30.02,29.22,29.45,114345
2010-05-21,29.11,30.14,29.09,30.08,74317
2010-05-24,29.61,29.99,29.49,29.49,156229
2010-05-25,28.6,29.46,28.56,29.46,72504
2010-05-26,29.7,29.7,28.9,28.96,84089
2010-05-27,29.86,30.48,29.86,30.48,66590
2010-05-28,,,,30.17,0
2010-06-01,30.02,30.37,29.67,29.67,58761
2010-06-02,29.76,30.49,29.7,30.49,53731
2010-06-03,30.55,30.69,30.21,30.52,61444
2010-06-04,29.97,30.05,29.18,29.43,32485
2010-06-07,29.49,29.71,29.06,29.16,66299
2010-06-08,29.11,29.58,29.0,29.49,54910
2010-06-09,29.71,30.05,29.36,29.52,30153
2010-06-10,30.23,30.66,30.23,30.61,28388
2010-06-11,30.21,30.7,30.21,30.7,42762
2010-06-14,31.19,31.2,30.72,30.73,53971
2010-06-15,31.34,31.82,31.19,31.81,37887
2010-06-16,31.37,31.79,31.35,31.7,39820
2010-06-17,31.88,31.88,31.47,31.71,54880
2010-06-18,31.66,31.81,31.61,31.71,18126
2010-06-21,31.83,31.96,31.07,31.17,40432
2010-06-22,31.18,31.38,30.69,30.81,93015
2010-06-23,31.01,31.01,30.49,30.77,31398
2010-06-24,30.75,30.75,30.34,30.44,60274
2010-06-25,30.54,30.75,30.22,30.67,41367
2010-06-28,30.56,30.73,30.36,30.49,34543
2010-06-29,30.1,30.1,29.3,29.38,48949
2010-06-30,29.36,29.76,29.18,29.25,45609
2010-07-01,29.42,29.6,29.0,29.48,117458
2010-07-02,,,,29.58,0
2010-07-06,30.37,30.6,30.0,30.27,41455
2010-07-07,30.32,31.27,30.32,31.19,69807
2010-07-08,31.37,31.49,31.12,31.45,57854
2010-07-09,31.36,31.58,31.25,31.58,25101
2010-07-12,31.33,31.48,31.16,31.46,58473
2010-07-13,31.74,31.85,31.57,31.72,101638
2010-07-14,31.59,31.75,31.47,31.64,25072
2010-07-15,31.81,32.0,31.59,31.96,51740
2010-07-16,31.75,31.75,31.1,31.19,34908
2010-07-19,31.34,31.64,31.2,31.52,29530
2010-07-20,30.99,31.83,30.98,31.76,49495
2010-07-21,31.85,31.85,31.1,31.25,56100
2010-07-22,31.86,32.32,31.86,32.14,62359
2010-07-23,32.04,32.36,31.92,32.36,50045
2010-07-26,32.35,32.68,32.25,32.68,152225
2010-07-27,32.84,32.84,32.45,32.67,44146
2010-07-28,32.61,32.61,32.33,32.38,27890
2010-07-29,32.75,32.83,32.11,32.38,41970
2010-07-30,31.97,32.53,31.97,32.45,50259
2010-08-02,32.95,33.38,32.93,33.36,26700
2010-08-03,33.12,33.43,33.1,33.32,73657
2010-08-04,33.25,33.48,33.21,33.4,36330
2010-08-05,33.35,33.45,33.18,33.36,42800
2010-08-06,33.11,33.5,33.07,33.5,52949
2010-08-09,33.47,33.68,33.42,33.47,17998
2010-08-10,32.84,33.35,32.79,33.23,83805
2010-08-11,32.53,32.53,31.98,32.05,52187
2010-08-12,31.84,32.06,31.66,31.98,39964
2010-08-13,31.88,32.19,31.88,31.94,18859
2010-08-16,31.83,32.13,31.83,32.03,22922
2010-08-17,32.48,32.74,32.38,32.55,17822
2010-08-18,32.69,32.73,32.42,32.57,24833
2010-08-19,32.5,32.5,31.79,32.01,30969
2010-08-20,31.61,31.88,31.52,31.86,36280
2010-08-23,31.81,32.13,31.72,31.72,27966
2010-08-24,31.34,31.61,31.29,31.46,25103
2010-08-25,31.35,31.64,31.13,31.57,41095
2010-08-26,31.8,31.84,31.38,31.44,48150
2010-08-27,31.48,32.23,31.48,32.18,46656
2010-08-30,32.0,32.08,31.68,31.68,14846
2010-08-31,31.73,32.02,31.71,31.83,37619
2010-09-01,32.38,32.8,32.38,32.72,47614
2010-09-02,32.69,32.92,32.66,32.91,31405
2010-09-03,,,,33.27,0
2010-09-07,33.15,33.15,32.81,32.81,40580
2010-09-08,32.99,33.27,32.99,33.11,31305
2010-09-09,33.54,33.54,33.08,33.15,24006
2010-09-10,33.34,33.37,33.2,33.22,31070
2010-09-13,33.72,33.72,33.51,33.6,49907
2010-09-14,33.56,33.81,33.33,33.6,36235
2010-09-15,33.51,33.58,33.32,33.5,56205
2010-09-16,33.5,33.5,33.26,33.46,35233
2010-09-17,33.53,33.53,33.07,33.23,101221
2010-09-20,33.29,33.72,33.29,33.64,158690
2010-09-21,33.72,34.0,33.57,33.73,145565
2010-09-22,33.65,33.98,33.65,33.69,103011
2010-09-23,33.39,33.6,33.25,33.29,127532
2010-09-24,33.83,34.16,33.83,34.16,35976
2010-09-27,34.26,34.26,33.96,34.02,103163
2010-09-28,34.17,34.31,33.84,34.25,106729
2010-09-29,34.24,34.25,33.99,34.07,123023
2010-09-30,34.26,34.35,33.89,34.16,97753
2010-10-01,34.38,34.48,34.13,34.4,39789
2010-10-04,34.19,34.27,33.91,34.11,44443
2010-10-05,34.57,34.85,34.42,34.68,83155
2010-10-06,34.82,34.84,34.62,34.72,50016
2010-10-07,35.0,35.06,34.66,34.87,170628
2010-10-08,34.97,35.12,34.81,35.11,33383
2010-10-11,35.18,35.26,35.1,35.1,17638
2010-10-12,34.78,35.09,34.66,35.06,82633
2010-10-13,35.39,35.64,35.29,35.49,56644
2010-10-14,35.56,35.71,35.41,35.59,64191
2010-10-15,35.78,35.84,35.32,35.5,38245
2010-10-18,35.49,35.82,35.44,35.75,34282
2010-10-19,35.14,35.41,34.89,35.07,35098
2010-10-20,35.26,35.69,35.25,35.55,28712
2010-10-21,35.5,35.85,35.18,35.4,31114
2010-10-22,35.64,35.64,35.34,35.42,39533
2010-10-25,35.87,35.87,35.52,35.57,29277
2010-10-26,35.25,35.56,35.25,35.41,34110
2010-10-27,35.29,35.31,34.84,35.13,28498
2010-10-28,35.57,35.57,35.34,35.45,32146
2010-10-29,35.65,35.83,35.59,35.82,66407
2010-11-01,35.92,36.0,35.51,35.63,32716
2010-11-02,36.17,36.22,35.98,36.13,25669
2010-11-03,36.19,36.21,35.66,36.14,311832
2010-11-04,36.52,36.82,36.52,36.75,57945
2010-11-05,36.66,36.66,36.34,36.52,71997
2010-11-08,36.35,36.36,36.08,36.36,176041
2010-11-09,36.45,36.55,35.9,36.02,31497
2010-11-10,36.26,36.26,35.7,36.07,21829
2010-11-11,35.64,35.78,35.58,35.73,27355
2010-11-12,35.73,35.73,35.26,35.49,36292
2010-11-15,35.73,35.73,35.41,35.48,27122
2010-11-16,35.13,35.2,34.59,34.74,28525
2010-11-17,34.92,35.06,34.83,34.96,30546
2010-11-18,35.48,35.48,35.3,35.45,136602
2010-11-19,35.41,35.49,35.0,35.48,50091
2010-11-22,35.05,35.33,34.87,35.29,53030
2010-11-23,34.77,34.77,34.26,34.36,42686
2010-11-24,,,,34.74,0
2010-11-26,34.13,34.46,34.12,34.31,28870
2010-11-29,33.94,34.26,33.74,34.22,48512
2010-11-30,33.72,34.1,33.72,33.88,26585
2010-12-01,34.54,34.67,34.31,34.66,72148
2010-12-02,34.51,35.06,34.51,34.98,35494
2010-12-03,35.08,35.32,34.99,35.32,39957
2010-12-06,35.12,35.21,35.02,35.13,122299
2010-12-07,35.53,35.53,34.99,35.02,19562
2010-12-08,35.1,35.18,34.79,35.04,55019
2010-12-09,35.19,35.19,34.77,34.99,65360
2010-12-10,35.05,35.15,34.91,35.08,180523
2010-12-13,35.4,35.65,35.31,35.47,35865
2010-12-14,35.6,35.68,35.39,35.44,44441
2010-12-15,35.35,35.35,34.94,34.98,49239
2010-12-16,34.94,35.17,34.85,35.15,112006
2010-12-17,35.06,35.06,34.77,34.96,42597
2010-12-20,34.47,34.47,34.21,34.4,78658
2010-12-21,34.66,34.67,34.46,34.57,393790
2010-12-22,34.58,34.79,34.58,34.72,182782
2010-12-23,,,,34.75,0
2010-12-27,34.7,34.7,34.41,34.68,58087
2010-12-28,34.66,34.78,34.54,34.68,36001
2010-12-29,34.88,35.01,34.74,34.97,80964
2010-12-30,34.99,35.03,34.81,34.95,144467
2010-12-31,34.86,35.16,34.86,35.06,155325
2011-01-03,35.18,35.43,35.18,35.29,36194
2011-01-04,35.49,35.49,35.04,35.22,67095
2011-01-05,34.87,35.05,34.76,34.95,71090
2011-01-06,35.06,35.06,34.54,34.74,142237
2011-01-07,34.74,34.8,34.42,34.65,48756
2011-01-10,34.5,34.51,34.25,34.44,82981
2011-01-11,34.52,34.7,34.43,34.7,40584
2011-01-12,35.01,35.28,34.96,35.25,41847
2011-01-13,35.46,35.52,35.35,35.46,71050
2011-01-14,,,,35.72,0
2011-01-18,35.81,36.08,35.81,35.96,84020
2011-01-19,36.18,36.33,35.82,35.96,77399
2011-01-20,35.83,36.19,35.83,36.14,37713
2011-01-21,36.33,36.33,36.1,36.15,78986
2011-01-24,36.08,36.37,36.08,36.3,45691
2011-01-25,36.1,36.13,35.85,36.05,31346
2011-01-26,36.13,36.34,36.1,36.32,49164
2011-01-27,36.42,36.62,36.35,36.58,50236
2011-01-28,36.52,36.55,35.84,35.94,62949
2011-01-31,36.17,36.36,36.16,36.35,43932
2011-02-01,36.63,36.99,36.58,36.96,71628
2011-02-02,36.83,36.87,36.68,36.77,23419
2011-02-03,36.72,36.83,36.47,36.83,31587
2011-02-04,36.85,36.85,36.49,36.74,13911
2011-02-07,36.74,36.92,36.74,36.83,21207
2011-02-08,36.71,36.98,36.71,36.94,18981
2011-02-09,36.71,37.01,36.63,36.88,9877
2011-02-10,36.47,36.7,36.42,36.62,8501
2011-02-11,36.32,36.95,36.32,36.95,31213
2011-02-14,36.75,36.77,36.67,36.71,5307
2011-02-15,36.72,36.73,36.58,36.64,11008
2011-02-16,36.8,36.99,36.75,36.96,25014
2011-02-17,36.94,37.32,36.94,37.32,25742
2011-02-18,,,,37.3,0
2011-02-22,36.73,36.98,36.52,36.56,20879
2011-02-23,36.7,36.87,36.6,36.69,9265
2011-02-24,36.58,36.73,36.4,36.67,41176
2011-02-25,36.88,37.09,36.85,37.09,14629
2011-02-28,37.32,37.48,37.25,37.48,34870
2011-03-01,37.47,37.47,36.85,36.91,44826
2011-03-02,36.95,37.16,36.92,37.01,23640
2011-03-03,37.33,37.5,37.2,37.49,10918
2011-03-04,37.41,37.41,37.0,37.3,46502
2011-03-07,37.52,37.56,36.99,37.11,12189
2011-03-08,37.0,37.29,36.96,37.18,6824
2011-03-09,37.17,37.29,37.1,37.29,17349
2011-03-10,36.86,36.86,36.54,36.59,17327
2011-03-11,36.29,36.9,36.29,36.79,21508
2011-03-14,35.98,36.34,35.98,36.32,31341
2011-03-15,34.89,35.6,34.68,35.51,33699
2011-03-16,35.25,35.28,34.1,34.48,34633
2011-03-17,35.08,35.1,34.84,35.06,9502
2011-03-18,35.73,35.73,35.45,35.63,53947
2011-03-21,36.04,36.31,35.89,36.29,57847
2011-03-22,36.32,36.37,36.22,36.37,37065
2011-03-23,36.16,36.29,35.98,36.28,13355
2011-03-24,36.46,36.56,36.22,36.56,26626
2011-03-25,36.5,36.61,36.35,36.41,18847
2011-03-28,36.41,36.52,36.22,36.29,53608
2011-03-29,36.27,36.51,36.08,36.51,71900
2011-03-30,36.8,37.04,36.77,36.99,15804
2011-03-31,36.86,37.01,36.85,36.93,33733
2011-04-01,36.87,37.21,36.87,37.1,16346
2011-04-04,37.24,37.37,37.16,37.31,77786
2011-04-05,37.03,37.19,36.98,37.18,23738
2011-04-06,37.16,37.36,37.12,37.29,16390
2011-04-07,37.1,37.31,37.02,37.15,49397
2011-04-08,37.54,37.54,37.13,37.21,91285
2011-04-11,37.21,37.29,36.82,36.95,32377
2011-04-12,36.89,36.94,36.66,36.85,18363
2011-04-13,37.1,37.28,37.04,37.13,10023
2011-04-14,36.97,37.36,36.93,37.35,7021
2011-04-15,37.19,37.45,37.19,37.32,123470
2011-04-18,36.85,36.85,36.4,36.66,20338
2011-04-19,36.71,36.86,36.71,36.86,18140
2011-04-20,37.68,37.73,37.6,37.7,9079
2011-04-21,,,,37.92,0
2011-04-25,38.01,38.01,37.77,37.95,8786
2011-04-26,38.06,38.25,37.97,38.25,28518
2011-04-27,38.22,38.51,37.91,38.44,10118
2011-04-28,38.51,38.74,38.43,38.74,45043
2011-04-29,38.54,38.82,38.54,38.79,9512
2011-05-02,39.01,39.03,38.75,38.78,64241
2011-05-03,38.58,38.83,38.45,38.55,38980
2011-05-04,38.65,38.68,38.14,38.29,5573
2011-05-05,38.05,38.05,37.51,37.73,7397
2011-05-06,38.16,38.26,37.54,37.68,7782
2011-05-09,37.67,37.89,37.5,37.89,7838
2011-05-10,38.09,38.27,37.97,38.24,16579
2011-05-11,38.24,38.24,37.61,37.78,12482
2011-05-12,37.79,38.02,37.56,37.98,4806
2011-05-13,37.88,37.88,37.22,37.43,71885
2011-05-16,37.26,37.74,37.26,37.27,13289
2011-05-17,37.24,37.61,37.2,37.61,13625
2011-05-18,37.6,37.92,37.44,37.81,18896
2011-05-19,37.95,38.04,37.75,38.04,5115
2011-05-20,37.79,37.79,37.48,37.6,9965
2011-05-23,36.79,37.02,36.76,36.94,12849
2011-05-24,37.17,37.36,37.16,37.24,7878
2011-05-25,37.15,37.44,37.09,37.4,6123
2011-05-26,37.39,37.59,37.22,37.58,15491
2011-05-27,,,,37.68,0
2011-05-31,38.24,38.3,38.0,38.3,16986
2011-06-01,38.2,38.27,37.53,37.53,18460
2011-06-02,37.72,37.93,37.47,37.8,22030
2011-06-03,37.24,37.86,37.18,37.71,18776
2011-06-06,37.55,37.55,37.09,37.09,5375
2011-06-07,37.57,37.77,37.44,37.57,17849
2011-06-08,37.53,37.53,37.15,37.24,15923
2011-06-09,37.35,37.57,37.35,37.48,4413
2011-06-10,37.15,37.15,36.6,36.6,11569
2011-06-13,36.72,36.86,36.51,36.59,28858
2011-06-14,37.05,37.23,37.05,37.13,46523
2011-06-15,36.67,36.67,36.12,36.3,59505
2011-06-16,36.04,36.27,35.98,36.13,14668
2011-06-17,36.4,36.59,36.4,36.46,17617
2011-06-20,36.24,36.62,36.24,36.55,34828
2011-06-21,36.31,36.59,36.31,36.54,6480
2011-06-22,36.44,36.57,36.25,36.25,5950
2011-06-23,35.73,35.93,35.41,35.93,17536
2011-06-24,35.99,35.99,35.62,35.63,6232
2011-06-27,35.67,36.01,35.64,36.01,27776
2011-06-28,36.09,36.35,35.95,36.35,4199
2011-06-29,36.69,36.88,36.51,36.88,6781
2011-06-30,37.07,37.36,37.0,37.33,3186
2011-07-01,,,,37.64,0
2011-07-05,37.35,37.35,37.18,37.18,11593
2011-07-06,37.01,37.01,36.83,36.97,37775
2011-07-07,37.22,37.23,37.08,37.21,8211
2011-07-08,36.72,36.81,36.58,36.73,30420
2011-07-11,36.0,36.05,35.65,35.78,17465
2011-07-12,35.4,35.8,35.4,35.42,17517
2011-07-13,35.82,36.2,35.79,35.97,48879
2011-07-14,36.06,36.23,35.64,35.75,22919
2011-07-15,35.85,35.91,35.7,35.83,24550
2011-07-18,35.51,35.58,35.35,35.58,30845
2011-07-19,35.75,35.98,35.75,35.95,13680
2011-07-20,36.25,36.25,36.09,36.19,5135
2011-07-21,36.58,37.02,36.58,36.94,5262
2011-07-22,37.02,37.11,36.96,37.06,4128
2011-07-25,36.75,37.06,36.75,36.9,7968
2011-07-26,37.13,37.13,36.94,36.94,6259
2011-07-27,36.83,36.83,36.34,36.37,85492
2011-07-28,36.31,36.55,36.23,36.23,9824
2011-07-29,35.96,36.28,35.85,36.16,96167
2011-08-01,36.31,36.31,35.35,35.7,16936
2011-08-02,35.47,35.63,34.87,34.87,18160
2011-08-03,34.99,35.01,34.49,34.99,110480
2011-08-04,34.1,34.1,32.79,33.0,153938
2011-08-05,33.35,33.43,31.76,33.26,66027
2011-08-08,31.89,32.37,30.71,30.76,110943
2011-08-09,31.45,32.27,30.58,32.23,29641
2011-08-10,31.66,32.03,31.06,31.06,61761
2011-08-11,31.33,32.95,31.33,32.74,79123
2011-08-12,33.06,33.1,32.65,32.96,13415
2011-08-15,33.44,33.96,33.44,33.96,22915
2011-08-16,33.3,33.6,33.22,33.44,54170
2011-08-17,33.75,33.97,33.55,33.67,7538
2011-08-18,32.58,32.64,32.05,32.38,10640
2011-08-19,32.12,32.62,31.95,31.95,15727
2011-08-22,32.86,32.86,32.12,32.23,19354
2011-08-23,32.52,33.24,32.31,33.15,25852
2011-08-24,33.08,33.5,33.05,33.4,29685
2011-08-25,33.38,33.45,32.53,32.54,102540
2011-08-26,32.38,33.1,32.06,32.98,14126
2011-08-29,33.48,33.81,33.48,33.81,8726
2011-08-30,33.57,33.9,33.42,33.69,23712
2011-08-31,34.0,34.22,33.83,34.02,6365
2011-09-01,33.89,34.25,33.76,33.81,28276
2011-09-02,33.25,33.41,33.11,33.16,11386
2011-09-06,32.03,32.66,31.99,32.58,43764
2011-09-07,32.98,33.3,32.84,33.3,11073
2011-09-08,32.94,33.32,32.85,32.86,40345
2011-09-09,32.25,32.28,31.8,31.94,14685
2011-09-12,31.42,31.81,31.18,31.81,13947
2011-09-13,31.75,32.05,31.64,31.94,14945
2011-09-14,32.12,32.75,31.8,32.49,34510
2011-09-15,32.97,33.11,32.74,33.05,7406
2011-09-16,33.04,33.28,32.93,33.07,46760
2011-09-19,32.06,32.56,32.02,32.44,18562
2011-09-20,32.63,32.87,32.51,32.56,1924
2011-09-21,32.57,32.78,31.79,31.79,8755
2011-09-22,30.88,31.06,30.45,30.82,18885
2011-09-23,30.53,31.12,30.53,31.12,44425
2011-09-26,31.3,31.93,31.0,31.93,37516
2011-09-27,32.7,32.93,32.36,32.42,26817
2011-09-28,32.58,32.84,32.14,32.15,11053
2011-09-29,32.88,32.91,32.32,32.65,6703
2011-09-30,32.02,32.46,31.88,31.89,32612
2011-10-03,31.59,32.06,31.11,31.24,233632
2011-10-04,30.9,31.67,30.45,31.67,14774
2011-10-05,31.55,32.04,31.48,32.04,8241
2011-10-06,31.83,32.66,31.77,32.66,12698
2011-10-07,32.8,32.91,32.48,32.49,3965
2011-10-10,33.15,33.64,33.15,33.64,7273
2011-10-11,33.12,33.43,33.12,33.34,12308
2011-10-12,33.93,34.13,33.78,33.79,36608
2011-10-13,33.65,33.81,33.33,33.81,25472
2011-10-14,34.1,34.2,33.98,34.2,3972
2011-10-17,34.23,34.24,33.62,33.64,117351
2011-10-18,33.54,34.24,33.27,34.04,38201
2011-10-19,33.87,34.09,33.61,33.62,8002
2011-10-20,33.64,33.8,33.29,33.76,31109
2011-10-21,34.3,34.49,34.24,34.48,6879
2011-10-24,34.48,34.93,34.45,34.87,9089
2011-10-25,34.7,34.7,34.47,34.5,67184
2011-10-26,34.87,34.88,34.25,34.78,8182
2011-10-27,35.94,36.26,35.66,36.1,19926
2011-10-28,35.51,35.72,35.43,35.66,9130
2011-10-31,34.8,34.96,34.38,34.38,19215
2011-11-01,33.17,33.68,33.17,33.45,14997
2011-11-02,33.92,34.04,33.75,33.84,27884
2011-11-03,34.27,34.71,33.83,34.69,42979
2011-11-04,34.11,34.11,33.82,34.09,5320
2011-11-07,34.14,34.38,33.93,34.38,3616
2011-11-08,34.39,34.58,34.08,34.58,13718
2011-11-09,33.36,33.52,33.01,33.06,11023
2011-11-10,33.82,33.82,33.43,33.59,19456
2011-11-11,34.02,34.39,34.02,34.39,5050
2011-11-14,34.0,34.04,33.72,33.88,51837
2011-11-15,33.67,33.97,33.46,33.87,59354
2011-11-16,33.35,33.71,33.25,33.26,16272
2011-11-17,33.31,33.49,32.86,33.01,7845
2011-11-18,33.38,33.41,33.21,33.23,11660
2011-11-21,32.58,32.71,32.36,32.56,12947
2011-11-22,32.59,32.64,32.45,32.47,7123
2011-11-23,,,,31.83,0
2011-11-25,31.48,31.79,31.46,31.51,41049
2011-11-28,32.74,32.74,32.44,32.56,53551
2011-11-29,32.76,32.89,32.75,32.79,19666
2011-11-30,34.02,34.19,33.88,34.16,11443
2011-12-01,33.91,34.11,33.88,33.91,10012
2011-12-02,34.21,34.21,33.74,33.74,12921
2011-12-05,34.47,34.47,33.95,34.15,8946
2011-12-06,33.86,34.04,33.74,33.92,13558
2011-12-07,33.7,34.17,33.6,34.1,5545
2011-12-08,33.62,33.62,33.22,33.24,8220
2011-12-09,33.41,33.95,33.41,33.95,17522
2011-12-12,33.34,33.34,32.97,33.18,4373
2011-12-13,33.18,33.43,32.57,32.69,32925
2011-12-14,32.53,32.6,32.36,32.46,11015
2011-12-15,32.9,32.9,32.64,32.65,8262
2011-12-16,32.95,33.02,32.64,32.77,2843
2011-12-19,32.05,32.08,31.61,31.69,14856
2011-12-20,32.34,32.63,32.34,32.63,3947
2011-12-21,32.45,32.68,32.3,32.68,13199
2011-12-22,32.7,32.97,32.7,32.86,7187
2011-12-23,,,,33.14,0
2011-12-27,32.89,33.12,32.88,33.04,4924
2011-12-28,32.99,32.99,32.67,32.81,47201
2011-12-29,32.79,33.17,32.79,33.16,14100
2011-12-30,,,,33.2,0
2012-01-03,33.82,33.82,33.61,33.68,29222
2012-01-04,33.5,33.6,33.49,33.5,17091
2012-01-05,33.02,33.18,32.93,33.18,4726
2012-01-06,33.06,33.06,32.76,32.76,15704
2012-01-09,32.9,32.99,32.79,32.95,3616
2012-01-10,33.45,33.45,33.26,33.33,11569
2012-01-11,33.16,33.21,33.0,33.21,5196
2012-01-12,33.36,33.36,33.19,33.28,1826
2012-01-13,,,,33.1,0
2012-01-17,33.36,33.51,33.36,33.39,10084
2012-01-18,33.37,33.68,33.37,33.68,3186
2012-01-19,33.63,33.63,33.43,33.62,12676
2012-01-20,33.6,33.64,33.5,33.63,4201
2012-01-23,33.68,33.83,33.47,33.65,50085
2012-01-24,33.39,33.6,33.39,33.6,36607
2012-01-25,33.4,34.07,33.33,34.06,13996
2012-01-26,34.22,34.22,33.95,34.05,25326
2012-01-27,33.96,34.18,33.96,34.13,39326
2012-01-30,33.65,33.84,33.59,33.84,4499
2012-01-31,34.24,34.24,33.96,34.13,14187
2012-02-01,34.56,34.74,34.5,34.59,32528
2012-02-02,34.6,34.7,34.48,34.58,16273
2012-02-03,34.84,34.94,34.77,34.94,10596
2012-02-06,34.63,34.8,34.63,34.77,6924
2012-02-07,34.67,35.08,34.67,35.05,9201
2012-02-08,35.0,35.16,34.93,35.16,9668
2012-02-09,35.12,35.13,34.92,35.07,11638
2012-02-10,34.52,34.66,34.52,34.62,3373
2012-02-13,34.95,34.95,34.8,34.83,1480
2012-02-14,34.72,34.86,34.66,34.83,8047
2012-02-15,35.02,35.02,34.65,34.76,14776
2012-02-16,34.58,35.06,34.58,35.05,7265
2012-02-17,35.14,35.18,34.97,35.04,6010
2012-02-21,35.12,35.12,34.97,35.01,10784
2012-02-22,34.92,35.05,34.92,34.99,11941
2012-02-23,34.98,35.07,34.9,35.07,2467
2012-02-24,35.24,35.33,35.16,35.33,12331
2012-02-27,34.95,35.24,34.95,35.24,12660
2012-02-28,35.24,35.41,35.22,35.41,3389
2012-02-29,35.55,35.63,35.31,35.34,59467
2012-03-01,35.52,35.72,35.44,35.71,11334
2012-03-02,35.59,35.64,35.45,35.51,5806
2012-03-05,35.45,35.53,35.33,35.53,7215
2012-03-06,34.76,34.86,34.61,34.61,13185
2012-03-07,34.79,34.83,34.65,34.82,5235
2012-03-08,35.1,35.34,35.04,35.34,5804
2012-03-09,35.19,35.32,35.14,35.24,4021
2012-03-12,35.14,35.29,35.09,35.29,7993
2012-03-13,35.39,35.73,35.39,35.73,9834
2012-03-14,35.64,35.71,35.38,35.46,5318
2012-03-15,35.42,35.57,35.35,35.57,3097
2012-03-16,35.72,35.78,35.72,35.73,3599
2012-03-19,35.62,35.8,35.62,35.67,3023
2012-03-20,35.4,35.49,35.28,35.41,29013
2012-03-21,35.38,35.38,35.2,35.35,13256
2012-03-22,34.95,35.14,34.94,35.14,18897
2012-03-23,35.16,35.31,35.11,35.28,16173
2012-03-26,35.57,35.73,35.52,35.73,23678
2012-03-27,35.64,35.69,35.57,35.58,12641
2012-03-28,35.61,35.61,35.14,35.29,11912
2012-03-29,34.98,35.18,34.86,35.16,15902
2012-03-30,35.51,35.51,35.32,35.41,18705
2012-04-02,35.27,35.77,35.2,35.73,26963
2012-04-03,35.63,35.66,35.21,35.45,8089
2012-04-04,34.93,35.03,34.78,34.95,10264
2012-04-05,34.66,34.87,34.65,34.76,4394
2012-04-09,34.37,34.63,34.26,34.58,33699
2012-04-10,34.47,34.5,33.9,33.98,18557
2012-04-11,34.5,34.51,34.3,34.39,17088
2012-04-12,34.44,34.85,34.44,34.81,8114
2012-04-13,34.62,34.62,34.32,34.37,35606
2012-04-16,34.6,34.63,34.38,34.56,7224
2012-04-17,34.87,35.08,34.78,35.04,32739
2012-04-18,34.7,34.91,34.68,34.85,6401
2012-04-19,34.75,34.87,34.55,34.71,13310
2012-04-20,34.85,35.03,34.85,34.91,3636
2012-04-23,34.36,34.52,34.33,34.5,6642
2012-04-24,34.5,34.72,34.5,34.67,11530
2012-04-25,35.13,35.15,35.07,35.15,3155
2012-04-26,35.0,35.49,35.0,35.45,64366
2012-04-27,35.51,35.69,35.44,35.59,12005
2012-04-30,35.5,35.57,35.4,35.52,34744
2012-05-01,35.45,35.84,35.45,35.73,16892
2012-05-02,35.35,35.45,35.2,35.45,14378
2012-05-03,35.4,35.45,35.13,35.17,2114
2012-05-04,34.92,35.0,34.74,34.78,2476
2012-05-07,34.83,34.94,34.77,34.92,18411
2012-05-08,34.56,34.65,34.36,34.62,3600
2012-05-09,34.16,34.49,34.04,34.37,12358
2012-05-10,34.59,34.69,34.51,34.52,11458
2012-05-11,34.37,34.77,34.37,34.52,4116
2012-05-14,34.06,34.19,34.01,34.01,5837
2012-05-15,33.9,33.96,33.58,33.58,7841
2012-05-16,33.65,33.72,33.32,33.32,4870
2012-05-17,33.37,33.37,32.94,32.94,13130
2012-05-18,33.21,33.23,32.86,32.91,24606
2012-05-21,32.92,33.29,32.87,33.29,10140
2012-05-22,33.37,33.47,33.11,33.2,4893
2012-05-23,33.04,33.04,32.62,33.01,14924
2012-05-24,33.08,33.12,32.75,32.93,19221
2012-05-25,33.03,33.16,32.9,32.97,63613
2012-05-29,33.13,33.25,32.96,33.15,6555
2012-05-30,32.8,32.8,32.58,32.6,2957
2012-05-31,32.76,32.8,32.51,32.74,5906
2012-06-01,32.22,32.35,32.02,32.05,23616
2012-06-04,32.35,32.38,32.13,32.36,9914
2012-06-05,32.16,32.43,32.1,32.4,8035
2012-06-06,32.59,32.91,32.52,32.9,9283
2012-06-07,33.28,33.28,32.96,32.99,9598
2012-06-08,32.79,33.09,32.73,33.08,12244
2012-06-11,33.21,33.21,32.72,32.72,6340
2012-06-12,32.92,33.05,32.72,33.05,7043
2012-06-13,32.95,33.13,32.84,32.9,14381
2012-06-14,32.96,33.33,32.95,33.29,16543
2012-06-15,33.45,33.71,33.45,33.71,10028
2012-06-18,33.42,33.57,33.42,33.52,2542
2012-06-19,33.71,34.1,33.68,33.87,20288
2012-06-20,33.31,33.31,33.03,33.17,11662
2012-06-21,33.16,33.16,32.44,32.49,43706
2012-06-22,32.87,32.87,32.65,32.83,9180
2012-06-25,32.32,32.32,32.17,32.24,5734
2012-06-26,32.45,32.46,32.26,32.46,8352
2012-06-27,32.57,32.9,32.57,32.85,7315
2012-06-28,32.57,32.97,32.55,32.97,9428
2012-06-29,33.71,33.96,33.71,33.96,14632
2012-07-02,33.98,34.1,33.93,34.1,10105
2012-07-03,33.95,34.16,33.95,34.16,8099
2012-07-05,33.76,33.78,33.63,33.72,5968
2012-07-06,33.44,33.57,33.37,33.57,51422
2012-07-09,33.47,33.57,33.37,33.57,5929
2012-07-10,33.7,33.72,33.34,33.39,17279
2012-07-11,33.49,33.68,33.49,33.66,7596
2012-07-12,33.42,33.63,33.33,33.56,4414
2012-07-13,33.64,34.07,33.64,34.07,7373
2012-07-16,33.9,34.09,33.9,34.01,1844
2012-07-17,34.08,34.2,33.72,34.15,22756
2012-07-18,34.0,34.33,34.0,34.3,5901
2012-07-19,34.36,34.44,34.3,34.42,8792
2012-07-20,33.92,34.0,33.8,33.85,5394
2012-07-23,33.15,33.45,33.08,33.4,17107
2012-07-24,33.27,33.27,32.79,32.96,7038
2012-07-25,33.09,33.18,32.9,33.03,10732
2012-07-26,33.8,33.99,33.8,33.99,10406
2012-07-27,34.12,34.66,34.12,34.57,2291
2012-07-30,34.33,34.56,34.33,34.56,1869
2012-07-31,34.47,34.47,34.24,34.27,19544
2012-08-01,34.4,34.43,34.24,34.24,22757
2012-08-02,33.82,33.98,33.53,33.66,13197
2012-08-03,34.3,34.47,34.27,34.46,3727
2012-08-06,34.53,34.68,34.48,34.58,4624
2012-08-07,34.83,34.95,34.71,34.71,21572
2012-08-08,34.38,34.51,34.38,34.44,26051
2012-08-09,34.24,34.43,34.24,34.38,8304
2012-08-10,34.27,34.39,34.26,34.39,5590
2012-08-13,34.36,34.36,34.15,34.23,19611
2012-08-14,34.42,34.43,34.27,34.33,13743
2012-08-15,34.35,34.37,34.3,34.36,3463
2012-08-16,34.52,34.67,34.52,34.64,6700
2012-08-17,34.75,34.83,34.57,34.69,1800
2012-08-20,34.55,34.7,34.51,34.67,20301
2012-08-21,34.83,34.87,34.65,34.73,1302
2012-08-22,34.67,34.82,34.61,34.81,6218
2012-08-23,34.62,34.62,34.44,34.45,8765
2012-08-24,34.45,34.72,34.45,34.72,20686
2012-08-27,34.67,34.7,34.58,34.58,13089
2012-08-28,34.51,34.64,34.51,34.55,4106
2012-08-29,34.55,34.6,34.49,34.54,7879
2012-08-30,34.47,34.47,34.24,34.24,12282
2012-08-31,34.47,34.5,34.29,34.45,7907
2012-09-04,34.46,34.48,34.25,34.42,35373
2012-09-05,34.38,34.38,34.23,34.23,17350
2012-09-06,34.43,34.93,34.43,34.91,2147
2012-09-07,35.16,35.28,35.14,35.25,14654
2012-09-10,35.2,35.25,35.0,35.0,15758
2012-09-11,35.26,35.38,35.21,35.24,60253
2012-09-12,35.48,35.48,35.38,35.41,1432
2012-09-13,35.43,35.99,35.34,35.95,72519
2012-09-14,36.05,36.26,35.95,36.05,10570
2012-09-17,35.88,35.94,35.85,35.85,4991
2012-09-18,35.61,35.76,35.59,35.66,3767
2012-09-19,35.7,35.8,35.69,35.76,4095
2012-09-20,35.57,35.76,35.52,35.76,19762
2012-09-21,35.97,35.97,35.84,35.86,9095
2012-09-24,35.56,35.83,35.56,35.82,2146
2012-09-25,35.78,35.93,35.51,35.51,4573
2012-09-26,35.31,35.46,35.27,35.29,10446
2012-09-27,35.57,35.7,35.4,35.65,2827
2012-09-28,35.4,35.4,35.18,35.25,4301
2012-10-01,35.49,35.67,35.45,35.47,7362
2012-10-02,35.68,35.68,35.53,35.6,3319
2012-10-03,35.64,35.72,35.51,35.66,28783
2012-10-04,35.71,36.0,35.71,35.99,13365
2012-10-05,36.26,36.32,35.96,36.0,5744
2012-10-08,35.84,35.9,35.76,35.84,2804
2012-10-09,35.76,35.82,35.55,35.57,11544
2012-10-10,35.51,35.55,35.41,35.43,2090
2012-10-11,35.67,35.69,35.55,35.55,7858
2012-10-12,35.63,35.72,35.47,35.51,5139
2012-10-15,35.55,35.71,35.48,35.71,12149
2012-10-16,35.9,36.08,35.9,36.07,5210
2012-10-17,36.28,36.59,36.28,36.55,6487
2012-10-18,36.33,36.52,36.32,36.32,5891
2012-10-19,36.28,36.28,35.96,36.06,3320
2012-10-22,36.06,36.19,35.93,36.19,18046
2012-10-23,35.7,35.7,35.48,35.64,8287
2012-10-24,35.74,35.76,35.6,35.61,3084
2012-10-25,35.87,35.87,35.67,35.75,2700
2012-10-26,35.77,35.84,35.62,35.77,4696
2012-10-31,35.93,35.93,35.74,35.81,12610
2012-11-01,36.03,36.2,36.03,36.1,30950
2012-11-02,36.17,36.17,35.67,35.67,4842
2012-11-05,35.67,35.67,35.48,35.55,30520
2012-11-06,35.55,35.76,35.55,35.75,6672
2012-11-07,35.28,35.38,34.96,35.06,10074
2012-11-08,35.01,35.03,34.73,34.73,16218
2012-11-09,34.56,34.71,34.52,34.6,5349
2012-11-12,34.6,34.62,34.52,34.54,13721
2012-11-13,34.13,34.5,34.13,34.22,51583
2012-11-14,34.32,34.34,33.93,33.97,7922
2012-11-15,33.92,34.06,33.74,33.82,24707
2012-11-16,33.91,33.96,33.65,33.94,6664
2012-11-19,34.18,34.42,34.18,34.39,10851
2012-11-20,34.28,34.35,34.21,34.35,2909
2012-11-21,34.31,34.46,34.3,34.35,52342
2012-11-23,34.71,34.87,34.67,34.83,17840
2012-11-26,34.76,34.99,34.76,34.99,25378
2012-11-27,34.95,35.05,34.8,34.83,14558
2012-11-28,34.71,35.12,34.58,35.06,111262
2012-11-29,35.19,35.32,35.08,35.29,15842
2012-11-30,35.34,35.35,35.21,35.25,164171
2012-12-03,35.47,35.47,35.18,35.18,127528
2012-12-04,35.31,35.42,35.23,35.25,19583
2012-12-05,35.27,35.59,35.21,35.41,64654
2012-12-06,35.32,35.4,35.21,35.4,10898
2012-12-07,35.43,35.48,35.26,35.41,26952
2012-12-10,35.3,35.43,35.23,35.41,94286
2012-12-11,35.52,35.7,35.52,35.6,49691
2012-12-12,35.65,35.83,35.57,35.63,427017
2012-12-13,35.57,35.7,35.42,35.55,59210
2012-12-14,35.64,35.8,35.59,35.69,27659
2012-12-17,34.92,35.16,34.85,35.16,34416
2012-12-18,35.3,35.56,35.25,35.55,30424
2012-12-19,35.7,35.72,35.49,35.52,36536
2012-12-20,35.63,35.72,35.52,35.7,17023
2012-12-21,35.28,35.46,35.27,35.44,144270
2012-12-24,35.51,35.72,34.12,35.35,13117
2012-12-26,35.39,35.5,35.16,35.3,40117
2012-12-27,35.43,35.43,35.08,35.33,60228
2012-12-28,35.22,35.3,35.06,35.11,44601
2012-12-31,35.14,35.78,35.02,35.71,68529
2013-01-02,36.16,36.23,35.93,36.22,98092
2013-01-03,36.05,36.2,35.84,35.98,579236
2013-01-04,35.93,36.19,35.91,36.19,21153
2013-01-07,35.88,35.88,35.71,35.81,80292
2013-01-08,35.76,35.83,35.58,35.83,172675
2013-01-09,35.69,35.93,35.69,35.88,58042
2013-01-10,36.0,36.22,35.98,36.2,47625
2013-01-11,36.02,36.14,35.95,36.1,28619
2013-01-14,35.9,36.03,35.89,36.01,21557
2013-01-15,35.88,36.08,35.79,36.08,129991
2013-01-16,35.86,36.0,35.78,35.93,81680
2013-01-17,36.08,36.22,36.03,36.14,26206
2013-01-18,36.04,36.15,35.9,36.14,182255
2013-01-22,36.1,36.34,36.06,36.33,41419
2013-01-23,36.29,36.31,36.14,36.25,83360
2013-01-24,36.14,36.36,36.14,36.16,22814
2013-01-25,36.41,36.44,36.15,36.44,46447
2013-01-28,36.45,36.52,36.22,36.52,59204
2013-01-29,36.47,36.69,36.46,36.64,67218
2013-01-30,36.7,36.75,36.54,36.59,110383
2013-01-31,36.5,36.59,36.44,36.55,166463
2013-02-01,36.75,36.84,36.64,36.79,49431
2013-02-04,36.49,36.52,36.17,36.21,44233
2013-02-05,36.43,36.52,36.28,36.44,47961
2013-02-06,36.27,36.51,36.24,36.5,40348
2013-02-07,36.4,36.4,36.17,36.37,37392
2013-02-08,36.38,36.5,36.38,36.49,24203
2013-02-11,36.51,36.54,36.39,36.48,41109
2013-02-12,36.5,36.71,36.45,36.58,49418
2013-02-13,36.6,36.77,36.6,36.67,19647
2013-02-14,36.32,36.5,36.29,36.47,37811
2013-02-15,36.42,36.43,36.23,36.33,39069
2013-02-19,36.44,36.67,36.31,36.64,39262
2013-02-20,36.66,36.69,36.3,36.31,98526
2013-02-21,35.99,36.14,35.86,35.98,149304
2013-02-22,36.18,36.4,36.11,36.4,24730
2013-02-25,36.5,36.64,35.59,35.62,33871
2013-02-26,35.94,36.0,35.61,35.85,27490
2013-02-27,35.87,36.38,35.85,36.27,67196
2013-02-28,36.12,36.49,36.12,36.35,66720
2013-03-01,36.03,36.18,35.9,36.15,37168
2013-03-04,36.19,36.46,36.12,36.46,41581
2013-03-05,36.52,36.63,36.47,36.54,73576
2013-03-06,36.57,36.59,36.34,36.49,51909
2013-03-07,36.49,36.63,36.49,36.57,25732
2013-03-08,36.61,36.67,36.39,36.6,63634
2013-03-11,36.48,36.63,36.4,36.6,54815
2013-03-12,36.54,36.6,36.27,36.42,68469
2013-03-13,36.37,36.37,36.16,36.21,178105
2013-03-14,36.38,36.54,36.28,36.53,76262
2013-03-15,36.5,36.65,36.47,36.63,50200
2013-03-18,36.32,36.56,36.32,36.38,80284
2013-03-19,36.54,36.67,36.25,36.45,83954
2013-03-20,36.77,36.85,36.69,36.82,73880
2013-03-21,36.72,36.96,36.65,36.76,72314
2013-03-22,36.92,37.12,36.88,37.11,67309
2013-03-25,37.08,37.16,36.56,36.71,98426
2013-03-26,36.82,36.95,36.78,36.88,98441
2013-03-27,36.68,36.99,36.6,36.88,107885
2013-03-28,37.03,37.19,36.97,37.17,177601
2013-04-01,37.08,37.17,36.95,37.08,122494
2013-04-02,37.26,37.39,37.2,37.27,57244
2013-04-03,37.28,37.49,36.87,36.94,73354
2013-04-04,37.08,37.31,37.07,37.29,100158
2013-04-05,36.83,37.33,36.77,37.29,79795
2013-04-08,37.25,37.44,37.17,37.44,28325
2013-04-09,37.47,37.71,37.34,37.59,42390
2013-04-10,37.76,38.06,37.76,38.0,60132
2013-04-11,37.92,38.13,37.89,38.01,580543
2013-04-12,37.74,37.97,37.71,37.92,78875
2013-04-15,37.7,37.79,37.21,37.28,57753
2013-04-16,37.43,37.74,37.42,37.72,47953
2013-04-17,37.42,37.49,37.01,37.24,128512
2013-04-18,37.27,37.42,37.17,37.36,295141
2013-04-19,37.54,37.6,37.45,37.6,31626
2013-04-22,37.67,37.89,37.58,37.83,40932
2013-04-23,37.85,38.1,37.81,38.09,450177
2013-04-24,38.11,38.36,38.08,38.28,100858
2013-04-25,38.47,38.48,38.23,38.26,89816
2013-04-26,38.25,38.32,38.19,38.27,29128
2013-04-29,38.33,38.76,38.33,38.69,45771
2013-04-30,38.63,38.92,38.6,38.88,92288
2013-05-01,38.89,39.04,38.44,38.53,107058
2013-05-02,38.36,38.63,38.34,38.59,76752
2013-05-03,38.9,39.0,38.82,38.87,280566
2013-05-06,38.79,38.79,38.57,38.63,42077
2013-05-07,38.63,38.82,38.63,38.81,34693
2013-05-08,38.84,39.03,38.84,38.97,35725
2013-05-09,38.88,38.88,38.43,38.56,67188
2013-05-10,38.54,38.66,38.4,38.62,25821
2013-05-13,38.48,38.58,38.42,38.56,42694
2013-05-14,38.35,38.62,38.35,38.47,182481
2013-05-15,38.27,38.61,38.27,38.53,56068
2013-05-16,38.31,38.48,38.23,38.27,248418
2013-05-17,38.36,38.61,38.24,38.55,134594
2013-05-20,38.6,38.76,38.45,38.73,98613
2013-05-21,38.57,38.83,38.43,38.71,115385
2013-05-22,38.74,38.95,38.08,38.2,185438
2013-05-23,37.74,38.07,37.15,38.07,37897
2013-05-24,37.7,37.76,37.63,37.75,27071
2013-05-28,37.89,38.0,37.55,37.62,47037
2013-05-29,37.46,37.46,37.04,37.24,40672
2013-05-30,37.25,37.4,37.19,37.19,41658
2013-05-31,37.06,37.09,36.61,36.61,160475
2013-06-03,36.72,36.94,36.53,36.92,129024
2013-06-04,36.9,37.01,36.6,36.76,74412
2013-06-05,36.66,36.66,36.26,36.33,210783
2013-06-06,36.31,36.7,36.31,36.7,187217
2013-06-07,36.62,36.9,36.53,36.83,40946
2013-06-10,36.91,36.94,36.64,36.87,52052
2013-06-11,36.45,36.72,36.4,36.48,20875
2013-06-12,36.86,36.97,36.4,36.42,88293
2013-06-13,36.58,37.04,36.4,37.04,27873
2013-06-14,36.88,37.0,36.73,36.8,83303
2013-06-17,37.17,37.32,36.93,37.05,368636
2013-06-18,37.05,37.33,37.05,37.26,55510
2013-06-19,37.2,37.22,36.45,36.47,62634
2013-06-20,35.88,35.92,35.15,35.28,113039
2013-06-21,35.53,35.53,34.88,35.34,36604
2013-06-24,34.78,35.14,34.51,34.91,71323
2013-06-25,34.2,34.51,34.0,34.42,48692
2013-06-26,34.8,34.92,34.71,34.84,24829
2013-06-27,35.08,35.35,35.08,35.19,82163
2013-06-28,35.17,35.39,35.01,35.19,167425
2013-07-01,35.31,35.4,35.09,35.19,39603
2013-07-02,35.06,35.26,34.9,35.01,117714
2013-07-03,34.83,35.03,34.76,34.94,36479
2013-07-05,35.08,35.08,34.66,34.83,50645
2013-07-08,35.1,35.27,35.07,35.23,26710
2013-07-09,35.42,35.49,35.25,35.45,20216
2013-07-10,35.38,35.66,35.37,35.48,51638
2013-07-11,35.96,36.33,35.96,36.33,43835
2013-07-12,36.0,36.04,35.71,36.0,43597
2013-07-15,36.01,36.35,36.0,36.31,73979
2013-07-16,36.37,36.37,36.18,36.27,26498
2013-07-17,36.46,36.46,36.26,36.31,69023
2013-07-18,36.4,36.61,36.4,36.51,829022
2013-07-19,36.52,36.6,36.44,36.53,60136
2013-07-22,36.7,36.72,36.63,36.67,46066
2013-07-23,36.92,36.94,36.79,36.88,40909
2013-07-24,37.06,37.06,36.54,36.66,54113
2013-07-25,36.58,36.9,36.58,36.9,41131
2013-07-26,36.74,36.93,36.56,36.9,53248
2013-07-29,36.75,36.84,36.72,36.76,25249
2013-07-30,36.98,37.02,36.62,36.69,20592
2013-07-31,36.61,36.84,36.52,36.65,34927
2013-08-01,37.02,37.12,36.86,37.06,100050
2013-08-02,37.09,37.19,37.03,37.17,44179
2013-08-05,37.09,37.1,36.83,36.87,171520
2013-08-06,36.92,36.92,36.67,36.78,45057
2013-08-07,36.64,36.7,36.5,36.59,221926
2013-08-08,36.86,37.05,36.77,37.01,61942
2013-08-09,36.92,37.0,36.88,36.95,25189
2013-08-12,36.65,36.82,36.65,36.77,41360
2013-08-13,36.72,36.81,36.59,36.76,34501
2013-08-14,36.61,36.77,36.52,36.63,152855
2013-08-15,36.33,36.42,36.08,36.41,47259
2013-08-16,36.38,36.5,36.18,36.34,71005
2013-08-19,36.31,36.31,35.87,35.88,88086
2013-08-20,35.73,36.12,35.68,36.01,160224
2013-08-21,35.8,35.87,35.61,35.61,163184
2013-08-22,35.77,36.06,35.77,36.01,62835
2013-08-23,36.02,36.17,35.89,36.13,27326
2013-08-26,36.05,36.05,35.76,35.81,35597
2013-08-27,35.51,35.57,35.41,35.43,185789
2013-08-28,35.49,35.7,35.33,35.57,72330
2013-08-29,35.41,35.58,35.41,35.54,44818
2013-08-30,35.43,35.55,35.38,35.4,470940
2013-09-03,35.83,35.83,35.49,35.55,154674
2013-09-04,35.62,35.78,35.52,35.74,24678
2013-09-05,35.69,35.84,35.69,35.76,141722
2013-09-06,36.09,36.25,36.0,36.1,33262
2013-09-09,36.03,36.58,36.03,36.57,21710
2013-09-10,36.88,36.89,36.71,36.88,72162
2013-09-11,36.95,36.95,36.71,36.95,61765
2013-09-12,36.92,37.02,36.82,36.83,18294
2013-09-13,36.82,37.04,36.82,37.04,45340
2013-09-16,37.51,37.51,37.18,37.22,35782
2013-09-17,37.28,37.42,37.24,37.33,86003
2013-09-18,37.23,38.24,37.03,38.23,116105
2013-09-19,38.36,38.37,38.07,38.17,87414
2013-09-20,38.25,38.25,37.84,37.87,53048
2013-09-23,37.9,38.06,37.81,38.04,302927
2013-09-24,38.11,38.11,37.9,38.02,100929
2013-09-25,38.1,38.11,37.69,37.69,278240
2013-09-26,37.96,38.06,37.86,38.0,66585
2013-09-27,37.93,37.94,37.84,37.88,17856
2013-09-30,37.44,37.87,37.44,37.77,59608
2013-10-01,37.84,38.16,37.84,38.14,109396
2013-10-02,38.12,38.31,37.97,38.31,57557
2013-10-03,38.07,38.1,37.81,37.95,27074
2013-10-04,37.99,38.14,37.94,38.07,49948
2013-10-07,37.81,38.17,37.81,38.04,37576
2013-10-08,38.0,38.23,37.87,37.87,88678
2013-10-09,38.15,38.21,38.02,38.14,39152
2013-10-10,38.28,38.73,38.28,38.67,57242
2013-10-11,38.61,38.86,38.56,38.86,53977
2013-10-14,38.73,38.83,38.58,38.79,129484
2013-10-15,38.76,38.76,38.41,38.46,176343
2013-10-16,38.63,38.88,38.63,38.87,77242
2013-10-17,38.97,39.21,38.82,39.2,97260
2013-10-18,39.12,39.38,39.12,39.32,304933
2013-10-21,39.41,39.42,39.3,39.42,25602
2013-10-22,39.53,39.89,39.52,39.81,154745
2013-10-23,39.33,39.54,39.33,39.42,21356
2013-10-24,39.4,39.55,39.4,39.54,38696
2013-10-25,39.6,39.63,39.46,39.59,177734
2013-10-28,39.48,39.6,39.45,39.51,29460
2013-10-29,39.54,39.71,39.51,39.57,229038
2013-10-30,39.54,39.64,39.31,39.49,251019
2013-10-31,39.4,39.43,39.05,39.19,175076
2013-11-01,39.08,39.2,38.94,39.17,134530
2013-11-04,39.25,39.25,38.96,39.24,38068
2013-11-05,39.0,39.12,38.87,38.97,122829
2013-11-06,39.19,39.33,39.1,39.33,69206
2013-11-07,39.21,39.21,38.62,38.63,67856
2013-11-08,38.65,38.81,38.38,38.75,50065
2013-11-11,38.77,38.9,38.74,38.83,24444
2013-11-12,38.76,38.78,38.57,38.64,32218
2013-11-13,38.49,38.92,38.49,38.92,72678
2013-11-14,38.76,39.01,38.69,38.85,110448
2013-11-15,39.18,39.35,39.08,39.35,99917
2013-11-18,39.35,39.51,39.18,39.26,66322
2013-11-19,39.14,39.3,38.94,39.0,181320
2013-11-20,39.09,39.09,38.47,38.57,55894
2013-11-21,38.58,38.83,38.58,38.73,136294
2013-11-22,38.84,38.93,38.64,38.91,42783
2013-11-25,38.88,38.98,38.82,38.9,166421
2013-11-26,38.88,38.92,38.79,38.87,17644
2013-11-27,38.99,38.99,38.7,38.78,75561
2013-11-29,38.73,39.03,38.67,38.77,60931
2013-12-02,38.82,38.82,38.43,38.5,109229
2013-12-03,38.25,38.51,38.14,38.37,76354
2013-12-04,38.2,38.26,37.89,38.25,56012
2013-12-05,37.95,38.14,37.95,38.07,22473
2013-12-06,38.46,38.59,38.15,38.51,32271
2013-12-09,38.52,38.59,38.41,38.51,52699
2013-12-10,38.36,38.49,38.3,38.41,66845
2013-12-11,38.37,38.37,37.84,37.85,271852
2013-12-12,37.75,37.97,37.66,37.82,38495
2013-12-13,37.88,37.96,37.71,37.81,56994
2013-12-16,38.2,38.25,38.09,38.19,73295
2013-12-17,37.49,37.74,37.46,37.64,78194
2013-12-18,37.64,38.19,37.53,38.16,95330
2013-12-19,37.85,38.1,37.78,38.06,38093
2013-12-20,38.07,38.28,38.07,38.2,204614
2013-12-23,38.43,38.58,38.35,38.45,76819
2013-12-24,38.4,38.7,38.3,38.56,33921
2013-12-26,38.53,38.71,38.45,38.65,40797
2013-12-27,38.88,38.94,38.73,38.73,53462
2013-12-30,38.82,38.98,38.73,38.73,373877
2013-12-31,38.94,39.07,38.68,38.94,122436
2014-01-02,38.71,38.71,38.33,38.41,125411
2014-01-03,38.63,38.63,38.34,38.43,41604
2014-01-06,38.43,38.43,38.24,38.31,139407
2014-01-07,38.38,38.53,38.32,38.53,83759
2014-01-08,38.05,38.5,38.05,38.36,95276
2014-01-09,38.41,38.41,38.13,38.26,542501
2014-01-10,38.49,38.73,38.49,38.67,33170
2014-01-13,38.7,38.8,38.34,38.48,75581
2014-01-14,38.51,38.78,38.5,38.71,72918
2014-01-15,38.7,38.79,38.65,38.67,61906
2014-01-16,38.65,38.78,38.56,38.75,29486
2014-01-17,38.76,38.83,38.63,38.69,33819
2014-01-21,38.8,38.99,38.78,38.97,65531
2014-01-22,38.99,39.11,38.94,39.02,48130
2014-01-23,38.99,38.99,38.71,38.89,77097
2014-01-24,38.61,38.7,38.2,38.2,174182
2014-01-27,38.13,38.42,37.88,38.2,45572
2014-01-28,38.37,38.46,38.2,38.34,86917
2014-01-29,38.01,38.23,37.86,37.94,44565
2014-01-30,38.22,38.55,38.19,38.5,111316
2014-01-31,38.08,38.59,38.04,38.43,517960
2014-02-03,38.26,38.44,37.8,37.99,279319
2014-02-04,38.18,38.27,37.97,38.2,139176
2014-02-05,38.06,38.16,37.98,38.03,228989
2014-02-06,38.35,38.68,38.35,38.55,128102
2014-02-07,38.88,39.0,38.73,38.99,82405
2014-02-10,38.9,38.95,38.74,38.88,38248
2014-02-11,38.96,39.43,38.75,39.28,41202
2014-02-12,39.33,39.44,39.11,39.28,90810
2014-02-13,39.23,39.73,39.17,39.71,24518
2014-02-14,39.87,40.03,39.72,39.98,258223
2014-02-18,39.95,40.15,39.95,40.01,199997
2014-02-19,39.94,40.2,39.78,39.86,90442
2014-02-20,39.81,40.18,39.81,40.0,124786
2014-02-21,40.21,40.34,40.07,40.13,177936
2014-02-24,40.28,40.59,40.17,40.24,187056
2014-02-25,40.42,40.45,40.15,40.25,163564
2014-02-26,40.26,40.26,39.96,40.05,106772
2014-02-27,40.14,40.28,40.05,40.25,82678
2014-02-28,40.17,40.48,40.12,40.2,369870
2014-03-03,39.86,39.98,39.71,39.92,64060
2014-03-04,40.27,40.56,40.27,40.53,104573
2014-03-05,40.36,40.65,40.36,40.59,60399
2014-03-06,40.83,40.97,40.82,40.91,37811
2014-03-07,40.75,40.76,40.45,40.76,101150
2014-03-10,40.63,40.67,40.33,40.52,37275
2014-03-11,40.39,40.59,40.3,40.4,87465
2014-03-12,40.26,40.6,40.26,40.6,67800
2014-03-13,40.64,40.69,40.21,40.28,89581
2014-03-14,40.06,40.53,40.06,40.41,121052
2014-03-17,40.75,40.93,40.74,40.9,87856
2014-03-18,40.98,41.14,40.86,41.01,108908
2014-03-19,41.03,41.05,40.37,40.58,97387
2014-03-20,40.29,40.6,40.15,40.5,145286
2014-03-21,40.72,40.86,40.51,40.51,37249
2014-03-24,40.63,40.86,40.41,40.64,159690
2014-03-25,40.95,41.09,40.75,41.03,97138
2014-03-26,41.07,41.24,40.87,40.94,118218
2014-03-27,40.82,41.24,40.82,41.23,83241
2014-03-28,41.45,41.51,41.31,41.47,434045
2014-03-31,41.65,41.72,41.56,41.65,311622
2014-04-01,41.72,41.84,41.63,41.83,171775
2014-04-02,41.98,41.98,41.59,41.8,356527
2014-04-03,41.8,41.89,41.65,41.79,124257
2014-04-04,41.84,42.07,41.6,41.67,217054
2014-04-07,41.63,41.78,41.5,41.61,74933
2014-04-08,41.39,41.88,41.35,41.87,174041
2014-04-09,42.08,42.21,41.85,42.16,72265
2014-04-10,42.07,42.15,41.64,41.71,99912
2014-04-11,41.46,41.71,41.46,41.56,80116
2014-04-14,41.67,41.68,41.34,41.59,72751
2014-04-15,41.48,41.62,41.21,41.55,120697
2014-04-16,41.92,42.08,41.79,42.03,96974
2014-04-17,42.11,42.18,41.9,42.05,101275
2014-04-21,42.06,42.15,41.91,42.09,232626
2014-04-22,42.09,42.21,42.0,42.18,241234
2014-04-23,42.1,42.15,42.01,42.05,109879
2014-04-24,42.17,42.17,41.85,41.95,128606
2014-04-25,41.91,42.04,41.83,41.88,222369
2014-04-28,42.02,42.12,41.71,42.07,126018
2014-04-29,42.24,42.33,42.08,42.14,241948
2014-04-30,42.17,42.35,42.12,42.26,77741
2014-05-01,42.1,42.4,42.08,42.38,79146
2014-05-02,42.25,42.37,42.16,42.22,86882
2014-05-05,42.07,42.42,42.02,42.41,96919
2014-05-06,42.31,42.49,42.31,42.37,45437
2014-05-07,42.51,42.67,42.35,42.66,109779
2014-05-08,42.61,42.76,42.33,42.48,257064
2014-05-09,42.4,42.4,42.14,42.27,94278
2014-05-12,42.55,42.61,42.37,42.49,61462
2014-05-13,42.49,42.54,42.42,42.53,74897
2014-05-14,42.5,42.7,42.39,42.44,309519
2014-05-15,42.3,42.31,42.12,42.31,67079
2014-05-16,42.45,42.45,42.2,42.42,68578
2014-05-19,42.47,42.49,42.37,42.37,164085
2014-05-20,42.34,42.42,42.09,42.19,236659
2014-05-21,42.41,42.49,42.31,42.4,69147
2014-05-22,42.54,42.64,42.4,42.62,92258
2014-05-23,42.6,42.77,42.58,42.69,41686
2014-05-27,43.03,43.11,42.8,42.97,105595
2014-05-28,42.79,43.06,42.79,42.97,74488
2014-05-29,43.2,43.23,43.04,43.22,197270
2014-05-30,43.3,43.45,43.23,43.4,312488
2014-06-02,43.5,43.5,43.31,43.48,254747
2014-06-03,43.45,43.45,43.21,43.29,150278
2014-06-04,43.26,43.26,43.05,43.13,242101
2014-06-05,43.3,43.68,43.24,43.63,171012
2014-06-06,43.81,43.93,43.72,43.89,55268
2014-06-09,43.85,43.89,43.74,43.82,39758
2014-06-10,43.84,43.84,43.7,43.8,54489
2014-06-11,43.61,43.63,43.38,43.46,105869
2014-06-12,43.54,43.59,43.33,43.5,201464
2014-06-13,43.57,43.67,43.4,43.64,39173
2014-06-16,43.71,44.22,43.63,44.05,137281
2014-06-17,44.01,44.16,43.99,44.14,106490
2014-06-18,44.17,44.55,44.09,44.55,98216
2014-06-19,44.59,44.65,44.5,44.57,61983
2014-06-20,44.63,44.68,44.44,44.54,63306
2014-06-23,44.49,44.53,44.29,44.43,154913
2014-06-24,43.85,44.0,43.7,43.76,204815
2014-06-25,43.75,43.93,43.42,43.92,403329
2014-06-26,44.06,44.13,43.82,44.13,227179
2014-06-27,44.03,44.23,43.93,44.23,59242
2014-06-30,44.2,44.35,44.01,44.33,293114
2014-07-01,44.42,44.57,44.31,44.46,198891
2014-07-02,44.62,44.62,44.3,44.37,206151
2014-07-03,44.4,44.4,44.14,44.26,36720
2014-07-07,44.0,44.09,43.88,43.97,117555
2014-07-08,43.91,43.91,43.74,43.81,78496
2014-07-09,43.71,43.9,43.62,43.89,153514
2014-07-10,43.44,43.75,43.43,43.71,39335
2014-07-11,43.66,43.84,43.66,43.77,226047
2014-07-14,44.02,44.02,43.83,43.86,70772
2014-07-15,43.85,43.94,43.62,43.8,52099
2014-07-16,44.02,44.2,43.89,44.19,126285
2014-07-17,44.04,44.13,43.66,43.74,73118
2014-07-18,43.76,44.21,43.57,44.13,64248
2014-07-21,44.1,44.2,43.84,44.16,88989
2014-07-22,44.21,44.4,44.21,44.38,73342
2014-07-23,44.38,44.49,44.29,44.45,108604
2014-07-24,44.64,44.67,44.47,44.67,82987
2014-07-25,44.52,44.52,44.2,44.3,58040
2014-07-28,44.2,44.5,44.07,44.46,62886
2014-07-29,44.6,44.6,44.26,44.3,54018
2014-07-30,44.3,44.4,43.81,43.97,290025
2014-07-31,43.61,43.63,43.15,43.18,108079
2014-08-01,43.1,43.14,42.67,42.87,246014
2014-08-04,42.9,43.01,42.53,42.98,99146
2014-08-05,42.69,42.69,42.19,42.29,91869
2014-08-06,42.09,42.21,41.87,42.12,96015
2014-08-07,42.1,42.17,41.71,41.87,40038
2014-08-08,41.85,42.38,41.85,42.32,556417
2014-08-11,42.63,42.8,42.63,42.67,35641
2014-08-12,42.74,42.87,42.65,42.83,74341
2014-08-13,42.99,43.13,42.84,43.0,81942
2014-08-14,43.0,43.23,42.96,43.22,64568
2014-08-15,43.42,43.6,43.14,43.42,157929
2014-08-18,43.49,43.71,43.19,43.5,77637
2014-08-19,43.6,43.75,43.45,43.71,106597
2014-08-20,43.62,43.84,43.59,43.81,161463
2014-08-21,43.86,43.93,43.74,43.91,23899
2014-08-22,43.85,43.86,43.6,43.74,100289
2014-08-25,43.98,44.07,43.85,44.02,86625
2014-08-26,43.99,44.11,43.89,43.9,61849
2014-08-27,44.01,44.21,43.91,44.16,114895
2014-08-28,44.08,44.2,44.0,44.2,54104
2014-08-29,44.2,44.28,44.05,44.28,649458
2014-09-02,44.28,44.33,44.13,44.31,102378
2014-09-03,44.56,44.75,44.44,44.49,580557
2014-09-04,44.49,44.65,44.37,44.47,228946
2014-09-05,44.44,44.87,44.44,44.86,77878
2014-09-08,44.69,44.69,44.26,44.38,46789
2014-09-09,44.2,44.22,43.91,44.06,119302
2014-09-10,43.82,43.99,43.78,43.95,48589
2014-09-11,43.76,43.94,43.7,43.92,32467
2014-09-12,43.81,43.91,43.34,43.43,80690
2014-09-15,43.37,43.37,43.19,43.25,184498
2014-09-16,43.08,43.73,43.08,43.67,113750
2014-09-17,43.67,43.67,43.35,43.39,59721
2014-09-18,43.51,43.6,43.34,43.54,90876
2014-09-19,43.54,43.6,43.37,43.5,79680
2014-09-22,43.37,43.37,43.0,43.06,59035
2014-09-23,42.8,42.89,42.62,42.64,181279
2014-09-24,42.73,42.89,42.51,42.79,22204
2014-09-25,42.65,42.67,42.17,42.23,82880
2014-09-26,42.31,42.65,42.16,42.53,78348
2014-09-29,42.15,42.35,42.0,42.35,67284
2014-09-30,42.31,42.62,42.26,42.43,102085
2014-10-01,42.4,42.49,42.09,42.16,73253
2014-10-02,42.07,42.17,41.5,42.02,77866
2014-10-03,41.91,42.08,41.72,42.0,82450
2014-10-06,42.23,42.41,42.04,42.26,64740
2014-10-07,42.04,42.08,41.62,41.62,182515
2014-10-08,41.73,42.33,41.53,42.3,285075
2014-10-09,41.96,42.0,41.01,41.03,178585
2014-10-10,40.9,41.26,40.74,40.74,111057
2014-10-13,40.94,41.23,40.53,40.54,60847
2014-10-14,40.6,40.99,40.34,40.45,62003
2014-10-15,40.26,40.59,39.51,40.45,136616
2014-10-16,39.69,40.87,39.58,40.45,72913
2014-10-17,41.09,41.24,40.78,41.08,224846
2014-10-20,41.0,41.46,41.0,41.38,115735
2014-10-21,41.56,41.91,41.53,41.88,159282
2014-10-22,41.84,42.14,41.62,41.68,123947
2014-10-23,41.95,42.2,41.85,41.99,175940
2014-10-24,42.0,42.32,42.0,42.3,44171
2014-10-27,42.02,42.21,41.88,42.16,73680
2014-10-28,42.53,42.78,42.35,42.74,42683
2014-10-29,42.84,42.96,42.18,42.38,78438
2014-10-30,42.27,42.99,42.27,42.82,57174
2014-10-31,43.14,43.35,43.01,43.28,108913
2014-11-03,43.09,43.2,42.9,43.05,157122
2014-11-04,42.93,43.06,42.62,42.83,60531
2014-11-05,43.06,43.23,42.88,43.23,67337
2014-11-06,43.08,43.17,42.72,42.83,284449
2014-11-07,42.64,42.98,42.62,42.94,34603
2014-11-10,43.06,43.29,42.98,43.11,85746
2014-11-11,43.22,43.37,43.1,43.37,34386
2014-11-12,42.97,42.97,42.74,42.89,206389
2014-11-13,42.85,42.94,42.52,42.68,157873
2014-11-14,42.44,42.75,42.35,42.69,28446
2014-11-17,42.53,42.88,42.5,42.81,99377
2014-11-18,42.95,43.11,42.93,43.07,76233
2014-11-19,43.05,43.26,42.92,43.11,290902
2014-11-20,42.74,43.1,42.52,43.02,38906
2014-11-21,43.38,43.55,43.09,43.27,67898
2014-11-24,43.26,43.46,43.12,43.18,228845
2014-11-25,43.28,43.31,43.06,43.2,234904
2014-11-26,43.35,43.58,43.35,43.58,53171
2014-11-28,43.42,43.42,43.16,43.25,38815
2014-12-01,43.25,43.28,43.04,43.18,93894
2014-12-02,43.12,43.32,43.05,43.2,464628
2014-12-03,43.32,43.5,43.26,43.37,129642
2014-12-04,43.42,43.72,43.38,43.53,80541
2014-12-05,43.53,43.55,43.28,43.41,36268
2014-12-08,43.18,43.25,42.73,42.85,87834
2014-12-09,42.45,42.79,42.42,42.79,71497
2014-12-10,42.77,42.77,42.09,42.22,126629
2014-12-11,42.31,42.65,42.21,42.31,278165
2014-12-12,42.12,42.25,41.75,41.76,219421
2014-12-15,41.83,41.97,41.02,41.18,98709
2014-12-16,41.16,42.03,41.16,41.44,2004433
2014-12-17,41.35,42.32,41.0,42.24,950297
2014-12-18,42.4,42.9,42.3,42.81,155367
2014-12-19,42.09,42.39,42.03,42.31,133391
2014-12-22,42.31,42.51,42.15,42.51,444318
2014-12-23,42.43,42.61,42.18,42.52,515889
2014-12-24,42.54,42.91,42.54,42.85,309380
2014-12-26,42.98,43.23,42.96,42.98,47060
2014-12-29,42.87,43.16,42.68,43.06,154358
2014-12-30,42.94,42.94,42.49,42.49,161035
2014-12-31,42.73,42.77,42.15,42.15,99209
2015-01-02,42.27,42.46,42.07,42.22,85618
2015-01-05,41.88,42.05,41.21,41.28,183191
2015-01-06,41.28,41.49,40.86,40.98,90631
2015-01-07,41.27,41.48,40.99,41.34,149735
2015-01-08,41.62,41.9,41.62,41.78,65151
2015-01-09,41.8,41.83,41.4,41.54,84898
2015-01-12,41.55,41.61,41.18,41.27,105138
2015-01-13,41.64,41.88,41.14,41.43,81892
2015-01-14,41.16,41.6,41.07,41.49,93597
2015-01-15,41.95,41.99,41.61,41.75,143853
2015-01-16,41.72,42.25,41.53,42.25,140785
2015-01-20,42.26,42.38,42.06,42.35,111720
2015-01-21,42.4,42.78,42.26,42.7,131834
2015-01-22,42.75,42.89,42.54,42.74,123499
2015-01-23,42.51,42.78,42.46,42.49,111839
2015-01-26,42.76,42.99,42.61,42.89,106239
2015-01-27,42.74,43.15,42.74,43.0,123373
2015-01-28,43.11,43.16,42.4,42.47,75357
2015-01-29,42.61,42.97,42.41,42.88,193170
2015-01-30,42.5,42.74,42.23,42.27,99608
2015-02-02,42.38,42.76,42.26,42.76,127271
2015-02-03,42.81,43.19,42.71,43.13,126841
2015-02-04,42.89,42.93,42.45,42.51,88530
2015-02-05,42.73,43.0,42.64,42.98,54733
2015-02-06,42.75,42.78,41.97,42.17,150693
2015-02-09,41.81,41.98,41.59,41.65,95553
2015-02-10,41.99,42.34,41.86,42.27,72511
2015-02-11,42.11,42.11,41.66,41.89,113810
2015-02-12,42.21,42.46,42.1,42.45,92844
2015-02-13,42.45,42.68,42.18,42.34,67357
2015-02-17,42.22,42.42,42.0,42.31,60125
2015-02-18,42.15,42.52,42.12,42.43,65707
2015-02-19,42.26,42.46,42.11,42.14,184805
2015-02-20,42.1,42.44,41.94,42.3,104908
2015-02-23,42.14,42.3,42.03,42.28,91018
2015-02-24,42.39,42.72,42.32,42.65,373965
2015-02-25,42.73,42.73,42.38,42.53,143180
2015-02-26,42.27,42.8,41.86,41.9,143265
2015-02-27,42.12,42.38,42.05,42.3,146673
2015-03-02,42.29,42.29,41.93,42.08,158568
2015-03-03,42.04,42.17,41.88,42.11,188967
2015-03-04,41.86,41.86,41.42,41.65,153077
2015-03-05,41.81,41.9,41.65,41.76,56321
2015-03-06,41.38,41.38,40.8,40.89,67442
2015-03-09,40.89,41.04,40.85,40.89,355655
2015-03-10,40.4,40.7,40.33,40.37,178241
2015-03-11,40.44,40.54,40.14,40.28,104350
2015-03-12,40.47,40.73,40.47,40.73,77924
2015-03-13,40.43,40.43,40.1,40.32,156348
2015-03-16,40.59,40.89,40.59,40.81,71308
2015-03-17,40.81,41.09,40.81,41.01,84682
2015-03-18,41.0,42.04,41.0,42.0,286399
2015-03-19,41.65,41.71,41.37,41.41,67140
2015-03-20,41.93,42.33,41.89,42.26,127359
2015-03-23,42.33,42.53,42.2,42.44,243532
2015-03-24,42.46,42.46,42.2,42.25,165654
2015-03-25,42.39,42.49,42.04,42.05,317402
2015-03-26,41.9,41.99,41.67,41.7,77403
2015-03-27,41.85,42.04,41.76,41.97,709362
2015-03-30,42.06,42.28,41.97,42.14,79507
2015-03-31,41.69,42.02,41.59,41.84,55387
2015-04-01,42.22,42.22,41.92,42.1,112546
2015-04-02,42.22,42.44,42.11,42.29,119169
2015-04-06,42.56,43.0,42.4,42.82,71842
2015-04-07,42.89,42.91,42.67,42.68,87940
2015-04-08,43.01,43.12,42.71,42.94,94045
2015-04-09,42.9,42.95,42.66,42.9,163351
2015-04-10,42.82,42.99,42.81,42.94,52308
2015-04-13,42.93,42.96,42.62,42.63,89733
2015-04-14,42.81,43.05,42.79,42.94,129833
2015-04-15,43.02,43.33,43.02,43.24,116188
2015-04-16,43.34,43.45,43.03,43.32,73875
2015-04-17,42.92,43.14,42.83,42.97,41480
2015-04-20,43.14,43.28,43.01,43.05,371988
2015-04-21,43.34,43.34,43.09,43.14,396109
2015-04-22,43.36,43.5,43.17,43.44,66612
2015-04-23,43.36,43.85,43.32,43.74,94675
2015-04-24,43.92,44.16,43.9,44.08,99252
2015-04-27,44.2,44.22,44.04,44.07,56343
2015-04-28,44.15,44.31,44.02,44.31,439928
2015-04-29,44.09,44.15,43.87,44.01,60875
2015-04-30,43.85,43.91,43.55,43.71,130382
2015-05-01,43.8,43.9,43.58,43.9,158712
2015-05-04,43.86,44.08,43.75,43.99,259346
2015-05-05,43.88,43.89,43.33,43.41,82187
2015-05-06,43.47,43.47,42.98,43.18,63360
2015-05-07,42.93,43.02,42.75,42.93,171615
2015-05-08,43.53,43.63,43.39,43.63,53115
2015-05-11,43.47,43.64,43.3,43.31,106407
2015-05-12,43.16,43.33,43.02,43.2,155307
2015-05-13,43.51,43.67,43.19,43.34,57700
2015-05-14,43.7,43.74,43.51,43.57,211977
2015-05-15,43.83,44.21,43.67,44.21,52300
2015-05-18,43.82,44.06,43.82,43.99,58745
2015-05-19,43.77,43.84,43.65,43.8,145493
2015-05-20,43.77,44.03,43.77,43.85,77846
2015-05-21,43.91,44.08,43.9,44.06,176255
2015-05-22,43.99,43.99,43.72,43.81,84901
2015-05-26,43.65,43.65,43.08,43.28,129435
2015-05-27,43.17,43.53,43.17,43.53,67915
2015-05-28,43.19,43.35,43.08,43.35,35488
2015-05-29,43.35,43.39,43.0,43.12,62655
2015-06-01,43.23,43.25,42.85,43.0,139826
2015-06-02,43.0,43.15,42.85,42.96,194373
2015-06-03,43.1,43.15,42.82,42.9,88274
2015-06-04,42.51,42.61,42.06,42.17,135206
2015-06-05,41.84,41.99,41.64,41.88,103687
2015-06-08,41.8,41.8,41.61,41.73,28281
2015-06-09,41.58,41.75,41.5,41.65,42260
2015-06-10,41.96,42.22,41.96,42.09,127628
2015-06-11,42.2,42.24,42.0,42.14,48241
2015-06-12,41.86,41.89,41.71,41.81,49348
2015-06-15,41.5,41.72,41.45,41.68,147714
2015-06-16,41.49,41.79,41.49,41.78,67879
2015-06-17,41.71,41.97,41.47,41.9,50584
2015-06-18,42.09,42.53,42.01,42.33,161037
2015-06-19,42.26,42.36,42.01,42.04,51587
2015-06-22,42.63,42.9,42.52,42.69,85614
2015-06-23,42.69,42.72,42.47,42.55,110779
2015-06-24,42.02,42.02,41.76,41.76,58562
2015-06-25,41.9,41.9,41.48,41.48,102396
2015-06-26,41.52,41.55,41.31,41.52,50560
2015-06-29,40.7,41.08,40.53,40.53,78198
2015-06-30,41.02,41.07,40.42,40.62,89010
2015-07-01,41.03,41.03,40.67,40.77,308728
2015-07-02,41.04,41.12,40.92,41.03,100752
2015-07-06,40.33,40.52,40.16,40.28,166185
2015-07-07,40.04,40.63,39.81,40.5,154729
2015-07-08,40.0,40.27,39.83,39.86,167661
2015-07-09,40.57,40.57,40.1,40.15,63904
2015-07-10,40.9,41.03,40.73,40.96,114534
2015-07-13,41.03,41.22,40.94,41.1,58097
2015-07-14,41.15,41.24,41.08,41.21,66828
2015-07-15,41.12,41.26,40.93,41.14,79313
2015-07-16,41.32,41.49,41.32,41.49,110611
2015-07-17,41.34,41.34,41.09,41.14,344822
2015-07-20,41.25,41.25,40.95,40.95,431617
2015-07-21,41.01,41.01,40.71,40.75,195456
2015-07-22,40.66,40.72,40.5,40.55,107473
2015-07-23,40.69,40.69,40.18,40.26,99972
2015-07-24,40.25,40.33,40.0,40.05,110970
2015-07-27,39.95,40.17,39.85,39.98,129386
2015-07-28,40.2,40.48,40.04,40.4,119410
2015-07-29,40.39,40.69,40.26,40.55,55732
2015-07-30,40.46,40.55,40.27,40.52,59205
2015-07-31,40.86,41.08,40.77,40.81,122048
2015-08-03,40.8,40.88,40.57,40.65,59453
2015-08-04,40.82,40.94,40.52,40.65,83265
2015-08-05,40.87,40.95,40.54,40.55,222677
2015-08-06,40.44,40.5,40.2,40.47,254937
2015-08-07,40.36,40.66,40.26,40.6,148480
2015-08-10,40.73,41.02,40.66,41.02,182828
2015-08-11,40.51,40.66,40.4,40.57,211976
2015-08-12,40.38,41.0,40.38,41.0,129664
2015-08-13,40.86,40.87,40.61,40.76,93850
2015-08-14,40.77,41.03,40.77,40.98,161705
2015-08-17,40.86,41.17,40.86,41.11,100730
2015-08-18,40.9,40.92,40.67,40.81,116997
2015-08-19,40.6,40.81,40.32,40.61,86880
2015-08-20,40.3,40.38,39.86,39.91,81714
2015-08-21,39.77,39.97,39.19,39.19,97295
2015-08-24,38.41,38.74,36.36,37.8,356599
2015-08-25,38.55,38.81,37.4,37.4,190198
2015-08-26,38.15,38.23,37.45,38.21,163619
2015-08-27,38.48,38.95,38.41,38.82,86260
2015-08-28,38.68,38.88,38.62,38.85,289473
2015-08-31,38.67,38.76,38.33,38.65,110264
2015-09-01,37.88,38.0,37.42,37.55,197465
2015-09-02,38.13,38.13,37.47,37.91,199496
2015-09-03,37.91,38.26,37.79,37.85,138103
2015-09-04,37.49,37.49,37.18,37.28,170323
2015-09-08,38.05,38.19,37.89,38.11,120303
2015-09-09,38.46,38.46,37.7,37.71,103925
2015-09-10,37.86,38.15,37.76,37.89,81004
2015-09-11,37.73,37.9,37.57,37.9,96265
2015-09-14,37.69,37.81,37.58,37.72,186164
2015-09-15,37.68,37.91,37.58,37.9,48889
2015-09-16,37.95,38.39,37.95,38.37,68078
2015-09-17,38.32,38.95,38.08,38.52,67761
2015-09-18,38.05,38.42,38.03,38.03,87850
2015-09-21,38.22,38.36,38.09,38.29,446053
2015-09-22,37.78,37.98,37.55,37.7,94042
2015-09-23,37.75,37.77,37.41,37.43,128434
2015-09-24,37.23,37.66,37.19,37.6,89225
2015-09-25,37.93,38.08,37.65,37.78,109163
2015-09-28,37.72,37.81,37.23,37.24,91284
2015-09-29,37.3,37.35,36.86,37.04,288005
2015-09-30,37.42,37.77,37.28,37.73,83267
2015-10-01,37.77,38.03,37.42,37.79,85385
2015-10-02,37.6,38.55,37.6,38.54,227605
2015-10-05,38.8,39.33,38.8,39.3,117018
2015-10-06,39.19,39.43,39.09,39.33,92958
2015-10-07,39.58,39.82,39.41,39.71,712687
2015-10-08,39.44,40.03,39.4,39.93,93694
2015-10-09,40.06,40.06,39.73,39.91,100379
2015-10-12,39.97,39.97,39.77,39.87,142794
2015-10-13,39.65,39.95,39.51,39.59,92704
2015-10-14,39.75,39.94,39.68,39.84,41138
2015-10-15,40.01,40.38,39.88,40.31,126676
2015-10-16,40.34,40.45,40.25,40.43,63762
2015-10-19,40.23,40.28,39.97,40.24,82981
2015-10-20,40.15,40.47,40.15,40.38,77296
2015-10-21,40.38,40.43,40.06,40.11,136554
2015-10-22,40.23,40.49,40.14,40.32,95026
2015-10-23,40.57,40.59,40.09,40.22,66099
2015-10-26,40.04,40.04,39.8,39.86,54147
2015-10-27,39.64,39.64,39.33,39.5,155800
2015-10-28,39.66,39.84,39.23,39.52,72970
2015-10-29,39.19,39.25,38.95,39.18,26999
2015-10-30,39.31,39.57,39.22,39.35,106118
2015-11-02,39.47,39.57,39.35,39.46,114633
2015-11-03,39.25,39.73,39.25,39.61,99803
2015-11-04,39.57,39.58,39.16,39.32,56149
2015-11-05,39.33,39.44,39.01,39.11,108394
2015-11-06,38.72,38.72,38.13,38.36,74894
2015-11-09,38.05,38.05,37.74,37.91,113923
2015-11-10,37.79,37.99,37.77,37.96,202736
2015-11-11,38.13,38.13,37.84,37.95,42867
2015-11-12,37.76,37.91,37.53,37.55,245740
2015-11-13,37.47,37.56,37.31,37.44,129059
2015-11-16,37.24,37.96,37.24,37.92,129295
2015-11-17,38.04,38.11,37.66,37.75,107944
2015-11-18,37.87,38.15,37.7,38.13,52641
2015-11-19,38.32,38.44,38.25,38.35,68538
2015-11-20,38.42,38.57,38.13,38.19,165450
2015-11-23,38.07,38.22,37.8,37.85,145763
2015-11-24,37.56,37.96,37.55,37.85,130379
2015-11-25,37.81,37.84,37.69,37.69,915469
2015-11-27,37.72,37.78,37.66,37.68,48745
2015-11-30,37.78,37.9,37.67,37.72,272009
2015-12-01,37.83,37.92,37.65,37.89,149061
2015-12-02,37.64,37.64,37.0,37.12,138073
2015-12-03,37.32,37.39,36.68,36.81,606006
2015-12-04,36.81,37.05,36.6,36.95,559901
2015-12-07,36.67,36.71,36.15,36.42,302283
2015-12-08,35.96,36.31,35.83,36.17,342222
2015-12-09,36.24,36.77,36.19,36.52,302859
2015-12-10,36.45,36.68,36.3,36.37,331596
2015-12-11,36.01,36.04,35.59,35.71,207348
2015-12-14,35.8,35.82,35.37,35.67,277016
2015-12-15,35.89,36.12,35.89,35.94,572068
2015-12-16,36.04,36.67,36.04,36.53,193205
2015-12-17,36.48,36.48,36.08,36.12,537307
2015-12-18,36.02,36.12,35.82,35.83,297085
2015-12-21,35.33,35.59,35.04,35.25,709366
2015-12-22,35.34,35.7,35.24,35.6,1021162
2015-12-23,35.87,36.44,35.86,36.4,998136
2015-12-24,36.47,36.52,36.24,36.35,441961
2015-12-28,36.27,36.27,36.02,36.12,402008
2015-12-29,36.42,36.58,36.31,36.45,496934
2015-12-30,36.31,36.46,36.14,36.16,794288
2015-12-31,35.99,36.15,35.79,35.94,616589
2016-01-04,35.43,35.71,35.15,35.61,145154
2016-01-05,35.53,35.67,35.25,35.62,131819
2016-01-06,35.08,35.3,34.91,35.15,56141
2016-01-07,34.44,34.9,34.36,34.48,202274
2016-01-08,34.6,34.64,34.3,34.35,89622
2016-01-11,34.6,34.6,34.16,34.34,85502
2016-01-12,34.53,34.6,33.96,34.27,433574
2016-01-13,34.39,34.5,33.71,33.8,97570
2016-01-14,33.88,34.54,33.81,34.41,129621
2016-01-15,33.51,33.7,33.23,33.48,112632
2016-01-19,33.91,34.02,33.48,33.76,209408
2016-01-20,33.38,33.43,32.54,33.08,514607
2016-01-21,33.2,33.9,33.03,33.73,222742
2016-01-22,34.41,34.87,34.31,34.8,260275
2016-01-25,34.61,34.77,34.21,34.24,181478
2016-01-26,34.41,34.83,34.38,34.83,112620
2016-01-27,34.81,35.19,34.54,34.74,81041
2016-01-28,35.16,35.35,34.92,35.27,695249
2016-01-29,35.43,35.89,35.43,35.89,289136
2016-02-01,35.76,36.08,35.58,36.01,123399
2016-02-03,35.72,36.11,35.44,36.07,272394
2016-02-04,36.02,36.29,35.97,36.12,116038
2016-02-05,35.95,35.95,35.71,35.79,76269
2016-02-08,35.32,35.44,34.85,35.15,62689
2016-02-09,34.71,35.15,34.71,34.98,106046
2016-02-10,35.09,35.2,34.77,34.96,196067
2016-02-11,34.44,34.66,34.17,34.44,121639
2016-02-12,34.63,34.79,34.44,34.74,90312
2016-02-16,35.27,35.34,34.99,35.34,156570
2016-02-17,35.54,35.87,35.47,35.81,1092318
2016-02-18,36.03,36.1,35.86,35.98,101537
2016-02-19,35.8,35.93,35.66,35.93,68806
2016-02-22,36.2,36.44,36.2,36.38,102916
2016-02-23,36.23,36.24,35.96,36.0,69504
2016-02-24,35.52,36.12,35.52,36.08,54990
2016-02-25,36.16,36.45,36.04,36.45,160672
2016-02-26,36.49,36.49,36.0,36.03,115423
2016-02-29,35.95,36.29,35.95,35.99,54260
2016-03-01,36.57,36.67,36.37,36.67,361407
2016-03-02,36.33,36.66,36.17,36.58,111012
2016-03-03,36.71,36.98,36.63,36.96,124148
2016-03-04,37.17,37.45,37.02,37.3,77890
2016-03-07,36.99,37.44,36.91,37.34,131502
2016-03-08,37.21,37.31,37.06,37.08,1256300
2016-03-09,37.21,37.51,37.21,37.31,389719
2016-03-10,37.67,37.68,37.1,37.41,105543
2016-03-11,37.9,38.16,37.89,38.1,173120
2016-03-14,38.02,38.1,37.88,38.0,42362
2016-03-15,37.71,37.76,37.56,37.75,35608
2016-03-16,37.46,38.3,37.39,38.26,136497
2016-03-17,38.32,38.87,38.28,38.79,49740
2016-03-18,38.78,38.84,38.62,38.64,41736
2016-03-21,38.62,38.66,38.44,38.53,355264
2016-03-22,38.35,38.57,38.35,38.46,122348
2016-03-23,38.34,38.34,38.1,38.11,86002
2016-03-24,37.81,38.31,37.81,38.31,64111
2016-03-28,38.53,38.53,38.19,38.19,44016
2016-03-29,38.19,38.77,38.02,38.77,72310
2016-03-30,38.99,39.27,38.95,39.04,152265
2016-03-31,39.14,39.19,39.05,39.09,188241
2016-04-01,38.67,38.92,38.54,38.86,141084
2016-04-04,38.92,38.92,38.57,38.62,1020701
2016-04-05,38.19,38.19,37.25,37.97,300447
2016-04-06,38.03,38.45,38.02,38.43,54592
2016-04-07,38.09,38.34,38.02,38.11,19170
2016-04-08,38.54,38.86,38.54,38.73,97638
2016-04-11,39.07,39.15,38.86,38.86,66464
2016-04-12,38.87,39.45,38.87,39.34,41347
2016-04-13,39.64,39.64,39.32,39.5,47797
2016-04-14,39.46,39.52,39.28,39.35,45875
2016-04-15,39.17,39.36,39.17,39.27,65330
2016-04-18,39.16,39.65,39.08,39.58,40161
2016-04-19,39.76,39.99,39.74,39.96,33133
2016-04-20,40.08,40.08,39.68,39.68,307898
2016-04-21,39.66,39.66,39.12,39.23,134820
2016-04-22,39.17,39.41,39.15,39.33,82008
2016-04-25,39.25,39.31,39.1,39.24,73392
2016-04-26,39.58,39.65,39.44,39.5,65409
2016-04-27,39.58,40.0,39.21,39.89,153976
2016-04-28,39.84,40.08,39.76,39.86,36521
2016-04-29,39.93,39.99,39.73,39.97,83598
2016-05-02,40.24,40.32,39.94,40.22,461069
2016-05-03,39.9,39.99,39.73,39.85,369850
2016-05-04,39.58,39.8,39.58,39.75,122480
2016-05-05,39.8,40.04,39.65,39.76,57743
2016-05-06,39.55,39.76,39.45,39.61,29091
2016-05-09,39.53,39.54,39.31,39.44,44949
2016-05-10,39.58,39.88,39.58,39.86,46926
2016-05-11,39.68,39.87,39.58,39.78,29818
2016-05-12,40.07,40.34,39.72,39.89,23484
2016-05-13,39.69,39.82,39.46,39.54,36538
2016-05-16,39.62,40.0,39.62,39.95,58967
2016-05-17,39.9,40.09,39.71,39.81,37605
2016-05-18,39.65,39.92,39.22,39.36,114231
2016-05-19,39.02,39.3,38.88,39.26,161908
2016-05-20,39.46,39.5,39.32,39.5,160438
2016-05-23,39.36,39.49,39.22,39.25,42786
2016-05-24,39.48,39.57,39.37,39.53,59897
2016-05-25,39.62,39.73,39.56,39.67,26166
2016-05-26,39.77,39.92,39.65,39.78,187045
2016-05-27,39.78,39.89,39.7,39.8,31006
2016-05-31,39.76,40.04,39.66,39.82,72269
2016-06-01,39.64,39.82,39.47,39.82,513654
2016-06-02,39.62,39.77,39.52,39.77,78822
2016-06-03,40.0,40.37,39.99,40.31,43436
2016-06-06,40.44,40.62,40.4,40.53,198202
2016-06-07,40.61,40.86,40.61,40.76,95227
2016-06-08,40.91,40.98,40.77,40.85,161162
2016-06-09,40.65,40.9,40.64,40.85,111925
2016-06-10,40.36,40.4,39.94,40.05,32895
2016-06-13,39.71,40.02,39.55,39.75,44135
2016-06-14,39.58,39.66,39.31,39.53,54516
2016-06-15,39.6,39.95,39.52,39.53,49422
2016-06-16,39.27,39.72,39.01,39.71,152785
2016-06-17,39.84,40.09,39.76,40.06,36782
2016-06-20,40.73,40.76,40.47,40.53,48048
2016-06-21,40.08,40.3,39.85,40.12,39366
2016-06-22,40.26,40.26,39.93,39.93,72989
2016-06-23,40.46,40.78,40.32,40.71,133667
2016-06-24,38.36,39.26,38.36,38.46,88315
2016-06-27,38.34,38.36,37.88,38.26,73125
2016-06-28,38.95,39.09,38.72,39.07,109600
2016-06-29,39.53,39.78,39.46,39.71,68882
2016-06-30,39.88,40.48,39.8,40.46,170951
2016-07-01,40.58,40.74,40.37,40.49,196888
2016-07-05,40.39,40.47,40.13,40.24,78427
2016-07-06,40.06,40.33,39.79,40.29,196748
2016-07-07,40.38,40.48,39.84,40.01,96764
2016-07-08,40.26,40.45,40.23,40.45,33782
2016-07-11,40.67,40.79,40.55,40.7,72145
2016-07-12,41.0,41.07,40.85,40.85,183415
2016-07-13,40.94,40.98,40.75,40.86,67345
2016-07-14,41.03,41.07,40.91,40.98,93860
2016-07-15,40.9,41.01,40.78,40.92,65755
2016-07-18,40.89,41.16,40.89,41.08,55860
2016-07-19,41.01,41.04,40.87,41.0,20263
2016-07-20,41.24,41.24,41.0,41.15,1128452
2016-07-21,41.08,41.21,41.01,41.11,67932
2016-07-22,41.15,41.24,41.08,41.22,44976
2016-07-25,41.22,41.27,41.04,41.09,37592
2016-07-26,41.16,41.27,41.0,41.06,63114
2016-07-27,41.14,41.17,40.72,40.85,53185
2016-07-28,40.89,41.06,40.85,41.04,70703
2016-07-29,41.2,41.56,41.07,41.52,89122
2016-08-01,41.4,41.49,41.11,41.12,118430
2016-08-02,41.35,41.35,40.94,41.12,137483
2016-08-03,40.95,41.15,40.83,41.1,97727
2016-08-04,41.11,41.37,41.11,41.24,47293
2016-08-05,41.4,41.4,41.11,41.23,576667
2016-08-08,41.3,41.47,41.3,41.36,141748
2016-08-09,41.4,41.54,41.31,41.36,53965
2016-08-10,41.48,41.53,41.3,41.33,80879
2016-08-11,41.47,41.64,41.41,41.62,126625
2016-08-12,41.76,41.9,41.65,41.7,123878
2016-08-15,41.77,41.88,41.64,41.65,106109
2016-08-16,41.6,41.6,41.43,41.43,56968
2016-08-17,41.32,41.57,41.09,41.56,55180
2016-08-18,41.66,42.03,41.64,42.03,60463
2016-08-19,41.87,41.87,41.52,41.65,55242
2016-08-22,41.54,41.67,41.47,41.59,42511
2016-08-23,41.85,41.88,41.66,41.66,48905
2016-08-24,41.75,41.75,41.49,41.55,512089
2016-08-25,41.56,41.58,41.41,41.43,180337
2016-08-26,41.53,41.8,40.85,40.94,82327
2016-08-29,40.89,41.15,40.89,41.15,60465
2016-08-30,41.12,41.24,40.81,40.91,93705
2016-08-31,40.82,40.82,40.54,40.8,74399
2016-09-01,40.8,40.93,40.72,40.93,77174
2016-09-02,41.18,41.4,41.12,41.35,91128
2016-09-06,41.57,42.05,41.57,41.98,108647
2016-09-07,42.08,42.13,41.97,42.09,160392
2016-09-08,42.15,42.46,42.15,42.36,87012
2016-09-09,42.01,42.01,41.17,41.18,97306
2016-09-12,40.88,41.49,40.78,41.45,130245
2016-09-13,41.04,41.04,40.45,40.51,878576
2016-09-14,40.69,40.83,40.47,40.56,104187
2016-09-15,40.6,40.88,40.54,40.77,228423
2016-09-16,40.64,40.74,40.4,40.7,36993
2016-09-19,41.07,41.07,40.95,40.96,59606
2016-09-20,41.25,41.25,40.96,40.98,75077
2016-09-21,41.15,41.7,41.05,41.68,153947
2016-09-22,42.06,42.2,41.9,42.01,278208
2016-09-23,41.77,41.84,41.66,41.66,113276
2016-09-26,41.54,41.62,41.4,41.42,123066
2016-09-27,41.36,41.52,41.25,41.42,221726
2016-09-28,41.49,41.83,41.16,41.83,278459
2016-09-29,41.88,41.88,41.25,41.37,182600
2016-09-30,41.61,41.66,41.45,41.56,162414
2016-10-03,41.39,41.58,41.03,41.2,111381
2016-10-04,41.14,41.14,40.46,40.58,218591
2016-10-05,40.57,40.62,40.38,40.5,1687538
2016-10-06,40.29,40.34,40.13,40.25,76541
2016-10-07,40.12,40.21,39.79,39.95,100863
2016-10-10,40.15,40.24,40.02,40.22,103736
2016-10-11,40.1,40.1,39.57,39.67,160385
2016-10-12,39.68,39.87,39.56,39.8,101370
2016-10-13,39.62,40.13,39.58,40.01,289673
2016-10-14,40.19,40.28,39.93,39.93,134358
2016-10-17,39.88,39.99,39.88,39.94,91249
2016-10-18,40.21,40.4,40.08,40.33,100927
2016-10-19,40.51,40.66,40.37,40.54,91817
2016-10-20,40.51,40.67,40.45,40.55,734603
2016-10-21,40.56,40.56,40.2,40.43,285209
2016-10-24,40.58,40.66,40.31,40.45,73791
2016-10-25,40.49,40.58,40.4,40.45,103204
2016-10-26,40.33,40.43,40.2,40.33,162722
2016-10-27,40.45,40.45,40.12,40.16,238402
2016-10-28,40.11,40.19,39.91,40.02,92490
2016-10-31,40.09,40.35,40.09,40.22,122717
2016-11-01,40.37,40.42,39.89,39.99,385647
2016-11-02,39.91,39.91,39.34,39.56,458181
2016-11-03,39.58,39.58,39.35,39.41,135153
2016-11-04,39.42,39.49,39.22,39.22,570378
2016-11-07,39.65,39.94,39.5,39.94,372432
2016-11-08,40.06,40.22,39.83,40.14,173986
2016-11-09,39.61,39.96,39.28,39.51,1901841
2016-11-10,39.1,39.1,38.2,38.42,620972
2016-11-11,38.36,38.36,37.73,37.9,1007448
2016-11-14,37.78,37.78,37.33,37.54,496185
2016-11-15,37.72,38.18,37.7,38.18,360823
2016-11-16,38.1,38.1,37.76,37.92,288522
2016-11-17,38.18,38.28,38.06,38.17,319559
2016-11-18,38.04,38.12,37.87,37.96,442021
2016-11-21,38.03,38.37,38.03,38.37,391363
2016-11-22,38.66,38.66,38.32,38.51,631956
2016-11-23,38.49,38.49,38.28,38.35,253370
2016-11-25,38.5,38.64,38.48,38.62,111282
2016-11-28,38.73,38.86,38.69,38.77,228617
2016-11-29,38.64,38.91,38.63,38.87,442875
2016-11-30,39.02,39.02,38.54,38.58,2777563
2016-12-01,38.6,38.61,38.12,38.15,405272
2016-12-02,38.37,38.51,38.26,38.38,949166
2016-12-05,38.58,38.61,38.3,38.57,406730
2016-12-06,38.72,38.82,38.52,38.78,192613
2016-12-07,38.88,39.23,38.77,39.17,910634
2016-12-08,39.07,39.07,38.81,38.99,194033
2016-12-09,39.15,39.19,39.01,39.19,181212
2016-12-12,39.26,39.4,39.22,39.39,227391
2016-12-13,39.67,39.92,39.64,39.89,192357
2016-12-14,39.92,39.97,39.12,39.2,654928
2016-12-15,39.21,39.32,38.94,39.32,4524730
2016-12-16,39.36,39.66,39.22,39.58,303352
2016-12-19,39.79,39.79,39.6,39.68,354747
2016-12-20,39.49,39.65,39.44,39.48,1047705
2016-12-21,39.57,39.66,39.48,39.54,244720
2016-12-22,38.87,39.12,38.81,38.94,202652
2016-12-23,39.11,39.12,38.94,39.12,206866
2016-12-27,39.2,39.24,39.0,39.18,347504
2016-12-28,39.15,39.15,38.79,38.79,419432
2016-12-29,39.03,39.19,38.92,39.14,340640
2016-12-30,39.22,39.25,38.96,39.04,185309
2017-01-03,39.2,39.26,39.08,39.19,245117
2017-01-04,39.3,39.41,39.27,39.41,311219
2017-01-05,39.46,39.66,39.36,39.64,260148
2017-01-06,39.53,39.66,39.49,39.6,165803
2017-01-09,39.62,39.63,39.44,39.5,251548
2017-01-10,39.5,39.5,39.23,39.25,261403
2017-01-11,39.23,39.6,39.18,39.58,228036
2017-01-12,39.56,39.73,39.56,39.69,124286
2017-01-13,39.75,39.8,39.59,39.79,123105
2017-01-17,39.79,39.99,39.7,39.93,306200
2017-01-18,39.99,39.99,39.69,39.75,239521
2017-01-19,39.65,39.69,39.46,39.54,1214404
2017-01-20,39.76,39.8,39.6,39.77,140331
2017-01-23,39.82,39.9,39.69,39.81,270205
2017-01-24,39.88,40.07,39.81,40.07,267098
2017-01-25,40.07,40.08,39.9,40.05,263573
2017-01-26,40.03,40.03,39.8,39.89,209001
2017-01-27,39.77,39.85,39.55,39.63,362583
2017-01-30,39.45,39.45,39.22,39.35,331399
2017-01-31,39.36,39.72,39.36,39.72,232137
2017-02-01,39.7,39.7,39.3,39.43,241941
2017-02-02,39.55,39.72,39.51,39.7,1069769
2017-02-03,39.84,40.06,39.81,39.95,381320
2017-02-06,39.87,39.87,39.6,39.71,145783
2017-02-07,39.76,39.87,39.71,39.78,214141
2017-02-08,39.92,40.12,39.8,40.11,154339
2017-02-09,40.22,40.37,40.14,40.17,198708
2017-02-10,40.24,40.37,40.16,40.37,219853
2017-02-13,40.46,40.49,40.3,40.49,227094
2017-02-14,40.52,40.58,40.12,40.34,229121
2017-02-15,40.29,40.34,40.12,40.34,186293
2017-02-16,40.39,40.46,40.32,40.44,228598
2017-02-17,40.26,40.34,40.18,40.32,214614
2017-02-21,40.32,40.57,40.22,40.55,180541
2017-02-22,40.5,40.53,40.33,40.52,180062
2017-02-23,40.68,40.78,40.56,40.64,335929
2017-02-24,40.45,40.68,40.45,40.66,237388
2017-02-27,40.7,40.79,40.6,40.78,124013
2017-02-28,40.75,40.89,40.64,40.81,184097
2017-03-01,40.98,41.0,40.68,40.82,225652
2017-03-02,40.68,40.86,40.61,40.75,177852
2017-03-03,40.85,40.94,40.72,40.94,267369
2017-03-06,40.86,40.92,40.76,40.86,205501
2017-03-07,40.86,40.96,40.8,40.86,219181
2017-03-08,40.85,40.85,40.44,40.46,143941
2017-03-09,40.5,40.56,40.34,40.55,178809
2017-03-10,40.68,40.78,40.54,40.78,115554
2017-03-13,40.78,40.89,40.76,40.82,262584
2017-03-14,40.65,40.65,40.47,40.5,114755
2017-03-15,40.62,41.29,40.56,41.23,152650
2017-03-16,41.38,41.39,41.18,41.31,178400
2017-03-17,41.46,41.61,41.43,41.55,119739
2017-03-20,41.45,41.56,41.34,41.42,127733
2017-03-21,41.71,41.8,41.51,41.61,314781
2017-03-22,41.64,41.86,41.57,41.8,105214
2017-03-23,41.77,41.99,41.69,41.8,255118
2017-03-24,41.87,42.14,41.86,42.03,125054
2017-03-27,41.9,42.16,41.9,42.14,160194
2017-03-28,42.15,42.34,42.15,42.3,139093
2017-03-29,42.04,42.34,42.04,42.32,2124561
2017-03-30,42.3,42.3,42.08,42.09,216083
2017-03-31,42.16,42.42,42.16,42.32,115440
2017-04-03,42.29,42.32,42.03,42.3,510775
2017-04-04,42.16,42.36,42.09,42.33,174214
2017-04-05,42.4,42.54,42.27,42.33,275825
2017-04-06,42.37,42.55,42.37,42.53,124787
2017-04-07,42.47,42.54,42.34,42.37,136842
2017-04-10,42.37,42.45,42.28,42.43,163545
2017-04-11,42.48,42.52,42.26,42.49,127856
2017-04-12,42.42,42.67,42.36,42.64,392128
2017-04-13,42.53,42.71,42.47,42.55,230214
2017-04-17,42.62,42.79,42.56,42.75,97955
2017-04-18,42.6,42.72,42.53,42.65,221699
2017-04-19,42.54,42.57,42.23,42.29,201477
2017-04-20,42.41,42.41,42.27,42.36,101517
2017-04-21,42.21,42.33,42.13,42.26,127545
2017-04-24,42.85,43.0,42.77,42.97,206022
2017-04-25,42.87,43.03,42.86,43.02,186649
2017-04-26,42.94,43.05,42.79,42.79,208600
2017-04-27,42.95,42.98,42.78,42.94,149019
2017-04-28,42.93,42.98,42.88,42.94,1978104
2017-05-01,43.0,43.05,42.89,42.92,446139
2017-05-02,43.16,43.37,43.11,43.36,160451
2017-05-03,43.2,43.26,43.07,43.12,130769
2017-05-04,43.16,43.27,43.01,43.13,96587
2017-05-05,43.17,43.66,43.08,43.64,231572
2017-05-08,43.5,43.62,43.34,43.45,108159
2017-05-09,43.4,43.46,43.11,43.14,146643
2017-05-10,43.22,43.77,43.18,43.44,149660
2017-05-11,43.18,43.26,43.02,43.22,133177
2017-05-12,43.32,43.43,43.21,43.39,116331
2017-05-15,43.54,43.71,43.54,43.62,152106
2017-05-16,43.78,43.84,43.7,43.7,87521
2017-05-17,43.53,43.55,43.3,43.33,333788
2017-05-18,43.29,43.46,43.18,43.39,111348
2017-05-19,43.6,43.96,43.48,43.89,139281
2017-05-22,44.08,44.25,43.94,44.19,57053
2017-05-23,44.45,44.46,44.27,44.33,84259
2017-05-24,44.34,44.52,44.27,44.51,96329
2017-05-25,44.52,44.66,44.46,44.58,136236
2017-05-26,44.59,44.59,44.45,44.48,144634
2017-05-30,44.45,44.52,44.37,44.42,111065
2017-05-31,44.58,44.73,44.56,44.66,155012
2017-06-01,44.79,45.05,44.68,45.03,301646
2017-06-02,45.3,45.37,45.14,45.27,105054
2017-06-05,45.21,45.26,45.09,45.24,601355
2017-06-06,45.27,45.27,45.08,45.19,359024
2017-06-07,45.32,45.32,45.02,45.13,275439
2017-06-08,45.02,45.11,44.85,44.99,166361
2017-06-09,44.89,45.0,44.78,44.95,163414
2017-06-12,44.76,44.9,44.61,44.74,254292
2017-06-13,44.89,44.92,44.73,44.9,221724
2017-06-14,45.31,45.4,44.95,45.04,98128
2017-06-15,44.67,44.91,44.61,44.88,129895
2017-06-16,45.05,45.33,44.89,45.33,108824
2017-06-19,45.31,45.48,45.25,45.33,232831
2017-06-20,44.38,44.6,44.0,44.01,235362
2017-06-21,44.12,44.14,43.89,44.0,105326
2017-06-22,43.96,44.12,43.93,43.98,160197
2017-06-23,43.97,44.21,43.9,44.1,117927
2017-06-26,44.31,44.39,44.12,44.33,162716
2017-06-27,44.28,44.28,44.03,44.05,224396
2017-06-28,44.26,44.42,44.16,44.3,85823
2017-06-29,44.11,44.14,43.7,43.88,114531
2017-06-30,43.83,44.04,43.79,43.97,94635
2017-07-03,43.73,43.93,43.73,43.77,371270
2017-07-05,43.54,43.66,43.38,43.53,234095
2017-07-06,43.37,43.54,43.28,43.41,257392
2017-07-07,43.48,43.6,43.31,43.6,267837
2017-07-10,43.45,43.64,43.45,43.53,227379
2017-07-11,43.47,43.59,43.36,43.55,50261
2017-07-12,43.81,44.03,43.73,43.93,66290
2017-07-13,44.05,44.09,43.94,44.04,111146
2017-07-14,44.29,44.55,44.25,44.51,127101
2017-07-17,44.45,44.58,44.42,44.47,103773
2017-07-18,44.66,44.76,44.6,44.73,91436
2017-07-19,44.77,45.01,44.73,45.0,161093
2017-07-20,45.07,45.26,45.04,45.19,165531
2017-07-21,45.11,45.22,45.0,45.22,176894
2017-07-24,45.31,45.31,44.95,45.04,420644
2017-07-25,45.1,45.26,44.95,44.96,92858
2017-07-26,44.92,45.34,44.92,45.24,211265
2017-07-27,45.21,45.26,44.92,45.05,132785
2017-07-28,44.87,45.04,44.87,45.0,170416
2017-07-31,45.14,45.36,45.12,45.27,94290
2017-08-01,45.34,45.59,45.34,45.48,109421
