Date,Open,High,Low,Close,Volume
2010-05-26,1.25,1.25,1.25,1.25,500
2010-05-27,1.05,1.05,1.01,1.02,1250
2010-08-13,1.24,1.24,1.24,1.24,400
2010-08-16,1.24,1.24,1.24,1.24,1550
2010-08-18,1.24,1.24,1.24,1.24,101
2010-08-20,1.23,1.23,1.23,1.23,1301
2010-08-31,1.24,1.24,1.24,1.24,100
2010-09-01,1.24,1.24,1.24,1.24,450
2010-09-02,1.24,1.24,1.24,1.24,500
2010-09-10,1.24,1.24,1.24,1.24,750
2010-09-16,1.24,1.24,1.24,1.24,250
2010-09-23,1.06,1.06,1.06,1.06,150
2010-09-24,1.06,1.11,1.06,1.11,645
2010-10-11,1.06,1.06,1.06,1.06,545
2010-10-13,1.05,1.05,1.05,1.05,33000
2010-10-14,1.05,1.05,1.05,1.05,130000
2010-10-15,1.05,1.1,1.05,1.1,103000
2010-10-19,1.08,1.08,1.01,1.01,8195
2010-10-21,1.01,1.02,1.01,1.02,12500
2010-10-22,1.09,1.09,1.0,1.0,7500
2010-10-28,1.03,1.05,1.03,1.05,7500
2010-10-29,1.1,1.1,1.1,1.1,25000
2010-11-01,1.06,1.1,1.05,1.05,26000
2010-11-05,1.08,1.1,1.08,1.1,3500
2010-11-11,1.05,1.05,1.05,1.05,3500
2010-11-15,1.05,1.11,1.05,1.11,174500
2010-11-16,1.1,1.1,1.1,1.1,55000
2010-11-17,1.05,1.05,1.04,1.05,60000
2010-11-18,1.05,1.05,1.05,1.05,30000
2010-11-19,1.01,1.01,0.95,0.96,7000
2010-11-29,1.1,1.1,1.03,1.03,12500
2010-12-01,1.19,1.19,1.19,1.19,1000
2010-12-06,1.16,1.16,1.16,1.16,800
2010-12-08,1.1,1.1,1.1,1.1,5300
2010-12-13,1.23,1.23,1.18,1.18,1100
2010-12-14,1.18,1.2,1.18,1.2,1000
2010-12-31,1.25,1.25,1.25,1.25,5000
2011-01-06,1.25,1.25,1.25,1.25,2500
2011-02-09,1.26,1.26,1.26,1.26,1000
2011-02-24,1.26,1.26,1.26,1.26,3500
2011-03-09,1.25,1.25,1.1,1.11,8200
2011-03-14,1.1,1.1,1.1,1.1,100000
2011-03-15,1.1,1.1,1.1,1.1,100
2011-03-25,1.25,1.25,1.03,1.15,11500
2011-03-28,1.1,1.1,1.1,1.1,360000
2011-03-30,1.1,1.12,1.1,1.1,416000
2011-03-31,1.15,1.23,1.1,1.2,408900
2011-04-01,1.21,1.26,1.2,1.24,44626
2011-04-04,1.21,1.21,1.14,1.18,108000
2011-04-06,1.2,1.2,1.19,1.19,3000
2011-04-07,1.18,1.18,1.18,1.18,3250
2011-04-08,1.18,1.18,1.18,1.18,13000
2011-04-11,1.16,1.16,1.15,1.16,2876
2011-04-12,1.24,1.24,1.17,1.18,115300
2011-04-13,1.18,1.18,1.18,1.18,2500
2011-04-14,1.25,1.25,1.08,1.18,69000
2011-04-15,1.19,1.19,1.17,1.18,15000
2011-04-18,1.17,1.17,1.15,1.15,49200
2011-04-19,1.14,1.15,1.14,1.15,10000
2011-04-20,1.16,1.18,1.16,1.16,2500
2011-04-21,1.15,1.15,1.14,1.14,125000
2011-04-25,1.17,1.17,1.17,1.17,3000
2011-04-26,1.15,1.15,1.15,1.15,1500
2011-04-27,1.15,1.26,1.15,1.26,34000
2011-04-29,1.25,1.27,1.25,1.27,13000
2011-05-02,1.27,1.27,1.15,1.25,9800
2011-05-03,1.18,1.21,1.18,1.19,20000
2011-05-04,1.2,1.21,1.2,1.21,8050
2011-05-05,1.24,1.26,1.24,1.25,51000
2011-05-06,1.23,1.23,1.23,1.23,50000
2011-05-10,1.25,1.25,1.25,1.25,42500
2011-05-11,1.25,1.26,1.25,1.25,19300
2011-05-12,1.26,1.26,1.26,1.26,10300
2011-05-13,1.26,1.26,1.26,1.26,5000
2011-05-16,1.3,1.3,1.27,1.27,9500
2011-05-17,1.29,1.31,1.28,1.29,28782
2011-05-18,1.31,1.35,1.3,1.35,298280
2011-05-19,1.37,1.38,1.25,1.32,311107
2011-05-20,1.33,1.39,1.33,1.36,204250
2011-05-23,1.42,1.43,1.33,1.4,129844
2011-05-24,1.43,1.43,1.33,1.4,204689
2011-05-25,1.44,1.45,1.41,1.43,117980
2011-05-26,1.45,1.45,1.41,1.42,135626
2011-05-27,1.45,1.45,1.34,1.34,84935
2011-05-31,1.4,1.4,1.33,1.33,127091
2011-06-01,1.38,1.49,1.35,1.43,171110
2011-06-02,1.42,1.49,1.42,1.45,191836
2011-06-03,1.49,1.51,1.46,1.5,131576
2011-06-06,1.52,1.6,1.52,1.58,205190
2011-06-07,1.63,1.65,1.56,1.59,251410
2011-06-08,1.6,1.6,1.5,1.54,95486
2011-06-09,1.55,1.56,1.45,1.5,112281
2011-06-10,1.6,1.6,1.4,1.43,92665
2011-06-13,1.49,1.49,1.33,1.34,60706
2011-06-14,1.39,1.46,1.39,1.43,102145
2011-06-15,1.43,1.46,1.43,1.45,24225
2011-06-16,1.4,1.41,1.31,1.37,92905
2011-06-17,1.31,1.31,1.21,1.25,130022
2011-06-20,1.2,1.24,1.13,1.15,72090
2011-06-21,1.12,1.16,0.9,1.11,178470
2011-06-22,1.06,1.44,1.01,1.4,51150
2011-06-23,1.37,1.44,1.37,1.4,26163
2011-06-24,1.4,1.41,1.31,1.36,21172
2011-06-27,1.42,1.59,1.31,1.31,58710
2011-06-28,1.54,1.54,1.4,1.4,14699
2011-06-29,1.4,1.44,1.35,1.44,28987
2011-06-30,1.36,1.5,1.36,1.45,30917
2011-07-01,1.48,1.48,1.3,1.3,23755
2011-07-05,1.45,1.45,1.3,1.32,11495
2011-07-06,1.48,1.48,1.32,1.35,10450
2011-07-07,1.48,1.48,1.38,1.45,22900
2011-07-08,1.45,1.45,1.4,1.4,21250
2011-07-11,1.43,1.43,1.35,1.4,29787
2011-07-12,1.4,1.4,1.3,1.3,7680
2011-07-13,1.33,1.33,1.27,1.27,7698
2011-07-14,1.3,1.34,1.27,1.34,13300
2011-07-15,1.34,1.4,1.34,1.38,21390
2011-07-18,1.4,1.4,1.39,1.39,50000
2011-07-19,1.43,1.45,1.4,1.45,36800
2011-07-20,1.45,1.45,1.31,1.45,24995
2011-07-21,1.33,1.5,1.33,1.5,42000
2011-07-22,1.5,1.53,1.45,1.5,38680
2011-07-25,1.54,1.54,1.5,1.5,21741
2011-07-26,1.5,1.5,1.45,1.45,22805
2011-07-27,1.45,1.45,1.45,1.45,400
2011-07-28,1.44,1.45,1.44,1.45,16100
2011-07-29,1.41,1.41,1.35,1.4,43895
2011-08-01,1.4,1.45,1.4,1.4,22000
2011-08-02,1.45,1.45,1.33,1.35,14844
2011-08-03,1.45,1.45,1.31,1.33,3322
2011-08-04,1.31,1.31,1.08,1.08,57295
2011-08-05,1.1,1.21,1.1,1.1,23500
2011-08-08,1.01,1.18,0.95,1.18,67990
2011-08-09,1.1,1.2,1.05,1.15,9420
2011-08-10,1.25,1.25,1.24,1.24,16650
2011-08-11,1.2,1.24,1.2,1.24,32371
2011-08-12,1.24,1.28,1.24,1.28,9725
2011-08-15,1.22,1.27,1.22,1.25,4300
2011-08-16,1.05,1.25,1.05,1.1,28410
2011-08-17,1.2,1.21,1.04,1.04,14208
2011-08-18,1.05,1.08,1.03,1.03,31400
2011-08-19,1.06,1.24,1.06,1.13,12000
2011-08-23,1.06,1.13,1.05,1.05,33890
2011-08-24,1.02,1.05,0.78,1.05,42500
2011-08-25,1.0,1.05,0.97,0.97,7000
2011-08-26,0.9,1.03,0.9,0.98,12150
2011-08-29,1.06,1.06,0.86,1.02,16530
2011-08-30,1.04,1.04,0.9,0.9,49840
2011-08-31,0.95,1.01,0.87,1.01,13900
2011-09-01,0.96,1.01,0.96,1.01,1987
2011-09-02,0.87,1.01,0.87,0.97,34213
2011-09-06,1.0,1.01,0.99,1.01,26985
2011-09-07,0.89,1.02,0.89,1.01,13850
2011-09-08,0.92,0.92,0.92,0.92,6300
2011-09-09,0.96,0.96,0.9,0.9,10182
2011-09-12,0.85,0.95,0.85,0.95,4400
2011-09-13,0.93,0.93,0.93,0.93,1500
2011-09-14,0.93,0.93,0.93,0.93,1000
2011-09-15,0.93,1.0,0.93,1.0,11500
2011-09-16,0.86,0.98,0.86,0.98,1200
2011-09-20,0.98,0.98,0.98,0.98,6300
2011-09-21,0.98,0.98,0.91,0.91,16617
2011-09-22,0.91,0.96,0.88,0.96,2705
2011-09-23,0.88,0.97,0.88,0.97,775
2011-09-26,0.88,0.88,0.88,0.88,2000
2011-09-27,0.91,0.91,0.88,0.88,31000
2011-09-28,0.85,0.85,0.85,0.85,2150
2011-09-29,0.8,0.82,0.8,0.82,3850
2011-09-30,0.9,1.2,0.9,1.0,42667
2011-10-03,0.88,1.12,0.88,1.12,12875
2011-10-04,0.91,1.12,0.91,1.12,1400
2011-10-05,1.13,1.14,1.01,1.01,2000
2011-10-06,1.08,1.08,1.05,1.05,1200
2011-10-07,0.92,1.05,0.92,1.05,2350
2011-10-10,0.92,1.05,0.92,0.95,5478
2011-10-11,1.05,1.13,1.05,1.05,21491
2011-10-12,1.05,1.05,1.0,1.0,22350
2011-10-13,1.01,1.01,1.0,1.0,13150
2011-10-14,1.01,1.1,1.0,1.1,26900
2011-10-17,1.05,1.05,0.99,0.99,11966
2011-10-18,1.0,1.0,1.0,1.0,1385
2011-10-19,1.09,1.09,1.09,1.09,8008
2011-10-20,1.09,1.09,1.04,1.09,17100
2011-10-21,1.09,1.1,1.08,1.1,42450
2011-10-24,1.12,1.12,1.1,1.1,8800
2011-10-25,1.06,1.06,1.02,1.04,41300
2011-10-26,1.09,1.13,1.06,1.13,33600
2011-10-27,1.14,1.28,1.09,1.28,17790
2011-10-28,1.2,1.26,1.2,1.2,13797
2011-10-31,1.26,1.26,1.16,1.25,34287
2011-11-01,1.25,1.25,1.17,1.17,14100
2011-11-02,1.2,1.24,1.2,1.24,11900
2011-11-03,1.2,1.4,1.2,1.28,23343
2011-11-04,1.31,1.37,1.29,1.37,50300
2011-11-07,1.36,1.36,1.33,1.33,29698
2011-11-08,1.36,1.36,1.35,1.35,3850
2011-11-09,1.36,1.36,1.35,1.36,6547
2011-11-10,1.35,1.36,1.22,1.36,8421
2011-11-11,1.35,1.36,1.24,1.3,18750
2011-11-14,1.3,1.39,1.3,1.37,39450
2011-11-15,1.35,1.35,1.25,1.25,10600
2011-11-16,1.25,1.25,1.25,1.25,500
2011-11-17,1.25,1.35,1.25,1.31,12495
2011-11-18,1.25,1.31,1.25,1.25,2100
2011-11-21,1.21,1.21,1.15,1.2,7800
2011-11-22,1.2,1.25,1.15,1.24,8300
2011-11-23,1.25,1.25,1.24,1.24,1150
2011-11-28,1.2,1.2,1.15,1.15,5800
2011-11-29,1.15,1.2,1.15,1.2,25850
2011-11-30,1.12,1.22,1.11,1.22,32920
2011-12-01,1.17,1.17,1.15,1.15,10000
2011-12-02,1.1,1.17,1.08,1.12,4400
2011-12-05,1.14,1.17,1.05,1.05,45704
2011-12-06,0.82,1.1,0.82,1.1,11400
2011-12-07,1.1,1.12,1.1,1.12,16780
2011-12-08,1.12,1.12,1.1,1.12,9970
2011-12-09,0.89,1.02,0.89,1.02,25300
2011-12-12,1.03,1.1,0.93,1.03,46820
2011-12-13,1.0,1.0,0.88,1.0,2500
2011-12-14,0.93,1.05,0.88,1.05,11900
2011-12-15,1.01,1.01,1.01,1.01,900
2011-12-16,0.88,1.05,0.87,1.03,15230
2011-12-19,0.85,1.0,0.85,1.0,31500
2011-12-20,1.0,1.0,1.0,1.0,6650
2011-12-21,1.08,1.08,0.9,0.9,5810
2011-12-22,0.86,0.86,0.78,0.8,36600
2011-12-23,0.8,1.03,0.78,1.0,83800
2011-12-27,0.9,0.99,0.9,0.99,1700
2011-12-28,0.9,1.0,0.9,1.0,10000
2011-12-29,0.91,0.91,0.91,0.91,400
2011-12-30,0.85,1.0,0.85,1.0,6300
2012-01-03,1.0,1.0,1.0,1.0,2500
2012-01-04,0.9,0.98,0.9,0.98,9800
2012-01-05,0.98,0.98,0.91,0.91,13695
2012-01-06,0.91,0.92,0.89,0.92,11198
2012-01-09,0.88,0.99,0.84,0.92,43355
2012-01-10,0.85,1.08,0.85,1.0,14712
2012-01-11,1.0,1.08,1.0,1.08,21732
2012-01-12,1.08,1.17,1.01,1.17,16700
2012-01-13,0.91,1.15,0.95,1.15,14400
2012-01-17,1.05,1.05,1.05,1.05,1000
2012-01-18,1.06,1.06,1.06,1.06,2600
2012-01-19,1.06,1.15,1.06,1.15,8862
2012-01-20,1.08,1.08,0.99,1.05,9043
2012-01-23,1.15,1.15,1.15,1.15,100
2012-01-24,1.05,1.17,1.05,1.17,5248
2012-01-25,1.15,1.15,1.11,1.11,3500
2012-01-26,1.15,1.15,1.1,1.1,12100
2012-01-27,1.05,1.05,1.05,1.05,5400
2012-01-30,0.99,1.05,0.99,1.05,3845
2012-01-31,1.05,1.05,1.05,1.05,1000
2012-02-01,0.99,0.99,0.99,0.99,5100
2012-02-02,0.99,1.05,0.99,1.05,4600
2012-02-03,1.05,1.05,1.05,1.05,500
2012-02-06,1.05,1.05,1.04,1.05,1370
2012-02-08,1.0,1.0,0.99,0.99,9600
2012-02-09,1.02,1.17,1.02,1.17,16592
2012-02-10,1.15,1.2,1.11,1.15,42000
2012-02-13,1.15,1.15,1.12,1.12,5125
2012-02-14,1.12,1.19,1.12,1.19,20200
2012-02-16,1.12,1.15,1.12,1.12,16000
2012-02-17,1.09,1.2,1.09,1.2,15600
2012-02-21,1.14,1.14,1.09,1.09,2000
2012-02-22,1.1,1.2,1.1,1.2,17448
2012-02-24,1.19,1.19,1.19,1.19,200
2012-02-27,1.1,1.17,1.1,1.17,1600
2012-02-28,1.1,1.19,1.09,1.19,23800
2012-02-29,1.08,1.15,1.08,1.15,4500
2012-03-01,1.07,1.1,1.05,1.05,16700
2012-03-02,1.05,1.17,1.05,1.17,13919
2012-03-05,1.17,1.17,1.05,1.05,1900
2012-03-06,1.05,1.05,1.05,1.05,100
2012-03-07,1.05,1.15,1.02,1.15,6285
2012-03-08,1.15,1.15,1.15,1.15,1000
2012-03-09,1.05,1.15,1.05,1.15,6500
2012-03-12,1.15,1.15,1.15,1.15,1400
2012-03-13,1.06,1.06,1.02,1.02,850
2012-03-14,0.84,1.18,0.84,1.1,12370
2012-03-15,1.15,1.18,1.15,1.18,2300
2012-03-16,1.04,1.04,1.04,1.04,200
2012-03-19,1.04,1.05,0.98,1.05,3300
2012-03-20,1.05,1.08,1.05,1.05,1800
2012-03-21,1.05,1.09,1.05,1.09,8625
2012-03-22,1.1,1.19,0.98,1.06,42853
2012-03-23,1.11,1.35,1.11,1.35,150975
2012-03-26,1.25,1.25,1.15,1.15,9150
2012-03-27,1.13,1.17,1.13,1.17,40155
2012-03-28,1.02,1.12,1.02,1.12,27100
2012-03-29,1.12,1.14,1.12,1.14,18500
2012-03-30,1.12,1.15,1.12,1.15,16400
2012-04-02,1.13,1.13,1.13,1.13,3500
2012-04-03,1.02,1.02,1.02,1.02,2400
2012-04-05,1.02,1.13,1.02,1.02,6500
2012-04-09,1.09,1.15,1.07,1.15,10800
2012-04-10,1.22,1.22,1.07,1.15,3200
2012-04-11,1.2,1.22,1.18,1.18,20000
2012-04-12,1.18,1.18,1.05,1.05,26200
2012-04-13,1.18,1.19,1.15,1.18,13000
2012-04-17,1.18,1.18,1.18,1.18,13000
2012-04-18,1.18,1.18,1.11,1.11,39500
2012-04-19,1.06,1.11,1.06,1.11,4700
2012-04-20,1.16,1.18,1.15,1.18,11000
2012-04-23,1.18,1.18,1.06,1.06,1100
2012-04-24,1.09,1.09,1.07,1.07,1400
2012-04-25,1.06,1.08,0.99,0.99,21548
2012-04-26,1.05,1.05,0.99,1.0,8450
2012-04-27,1.0,1.0,0.85,0.85,2500
2012-04-30,0.99,0.99,0.99,0.99,200
2012-05-01,0.9,0.9,0.8,0.8,29012
2012-05-02,0.9,0.9,0.8,0.8,42512
2012-05-03,0.76,0.9,0.76,0.9,19533
2012-05-08,0.95,0.95,0.95,0.95,3000
2012-05-09,0.85,0.85,0.85,0.85,4500
2012-05-11,0.85,0.85,0.85,0.85,5400
2012-05-14,0.85,0.85,0.78,0.78,18100
2012-05-16,0.66,0.83,0.66,0.8,47317
2012-05-17,0.4,0.75,0.4,0.75,2500
2012-05-18,0.43,0.7,0.43,0.65,19100
2012-05-21,0.55,0.99,0.43,0.85,94766
2012-05-22,0.61,0.9,0.55,0.55,55166
2012-05-23,0.68,0.9,0.68,0.9,2700
2012-05-25,0.75,0.75,0.56,0.75,2200
2012-05-30,0.52,0.75,0.52,0.63,12366
2012-05-31,0.75,0.75,0.75,0.75,500
2012-06-06,0.57,0.57,0.57,0.57,400
2012-06-07,0.65,0.65,0.65,0.65,2550
2012-06-08,0.66,0.66,0.66,0.66,600
2012-06-11,0.74,0.74,0.74,0.74,400
2012-06-12,0.74,0.74,0.58,0.58,700
2012-06-13,0.66,0.66,0.66,0.66,100
2012-06-15,0.74,0.75,0.58,0.75,3750
2012-06-18,0.74,0.74,0.58,0.58,7675
2012-06-19,0.51,0.59,0.51,0.59,6100
2012-06-20,0.44,0.54,0.44,0.54,400
2012-06-21,0.44,0.44,0.43,0.43,17083
2012-06-22,0.57,0.57,0.44,0.44,3000
2012-06-25,0.44,0.54,0.44,0.51,19700
2012-06-26,0.5,0.5,0.5,0.5,6000
2012-06-28,0.35,0.54,0.35,0.5,6312
2012-06-29,0.5,0.5,0.36,0.45,12000
2012-07-02,0.34,0.5,0.34,0.5,18950
2012-07-03,0.33,0.33,0.33,0.33,7500
2012-07-05,0.33,0.5,0.33,0.33,13762
2012-07-06,0.33,0.49,0.33,0.49,4000
2012-07-09,0.5,0.5,0.5,0.5,1000
2012-07-10,0.49,0.5,0.4,0.5,13700
2012-07-12,0.26,0.5,0.26,0.5,4000
2012-07-16,0.27,0.5,0.25,0.5,4000
2012-07-18,0.5,0.73,0.5,0.73,12000
2012-07-23,0.6,0.6,0.6,0.6,2620
2012-07-26,0.65,0.73,0.6,0.72,33555
2012-07-27,0.65,0.65,0.65,0.65,1500
2012-07-30,0.61,0.61,0.6,0.6,1600
2012-07-31,0.65,0.73,0.6,0.6,9740
2012-08-01,0.61,0.78,0.61,0.78,12500
2012-08-02,0.61,0.62,0.33,0.33,3400
2012-08-03,0.75,0.75,0.75,0.75,1000
2012-08-07,0.75,0.75,0.75,0.75,200
2012-08-08,0.74,0.74,0.74,0.74,3195
2012-08-13,0.36,0.75,0.36,0.5,11200
2012-08-14,0.35,0.75,0.3,0.75,1120
2012-08-15,0.36,0.72,0.36,0.37,5000
2012-08-16,0.74,0.74,0.51,0.51,2700
2012-08-17,0.45,0.45,0.45,0.45,5000
2012-08-23,0.6,0.6,0.6,0.6,1000
2012-08-24,0.4,0.5,0.4,0.48,23000
2012-08-27,0.55,0.55,0.55,0.55,651
2012-08-28,0.6,0.6,0.6,0.6,1859
2012-08-30,0.37,0.48,0.37,0.48,2100
2012-09-05,0.36,0.48,0.36,0.48,4000
2012-09-06,0.48,0.48,0.48,0.48,2000
2012-09-07,0.48,0.48,0.48,0.48,5400
2012-09-10,0.48,0.48,0.36,0.48,20165
2012-09-13,0.36,0.36,0.36,0.36,11000
2012-09-14,0.38,0.38,0.38,0.38,500
2012-09-17,0.36,0.36,0.35,0.36,17500
2012-09-20,0.27,0.27,0.27,0.27,2000
2012-09-24,0.45,0.45,0.45,0.45,1000
2012-09-26,0.38,0.4,0.38,0.4,1158
2012-10-04,0.27,0.28,0.27,0.28,2600
2012-10-05,0.28,0.28,0.28,0.28,12342
2012-10-08,0.27,0.28,0.27,0.28,10005
2012-10-09,0.25,0.26,0.18,0.26,35100
2012-10-10,0.27,0.45,0.27,0.44,54648
2012-10-11,0.44,0.45,0.44,0.45,3000
2012-10-12,0.3,0.3,0.3,0.3,500
2012-10-15,0.44,0.48,0.44,0.48,14205
2012-10-16,0.29,0.4,0.29,0.4,2900
2012-10-17,0.29,0.29,0.29,0.29,2000
2012-10-18,0.4,0.4,0.29,0.29,10600
2012-10-19,0.28,0.28,0.28,0.28,3950
2012-10-23,0.4,0.4,0.4,0.4,2795
2012-10-24,0.27,0.5,0.27,0.45,46085
2012-10-25,0.27,0.27,0.27,0.27,700
2012-10-26,0.4,0.4,0.4,0.4,4500
2012-10-31,0.4,0.4,0.32,0.34,2200
2012-11-01,0.32,0.32,0.27,0.27,10350
2012-11-06,0.4,0.4,0.27,0.35,4000
2012-11-07,0.23,0.35,0.23,0.35,2400
2012-11-08,0.35,0.35,0.35,0.35,1150
2012-11-09,0.35,0.35,0.28,0.28,22850
2012-11-12,0.27,0.31,0.25,0.31,33950
2012-11-14,0.31,0.4,0.27,0.4,41300
2012-11-15,0.37,0.37,0.37,0.37,4900
2012-11-16,0.26,0.26,0.26,0.26,750
2012-11-19,0.26,0.39,0.26,0.39,14350
2012-11-21,0.3,0.3,0.3,0.3,242
2012-11-28,0.26,0.26,0.26,0.26,5000
2012-11-29,0.38,0.38,0.38,0.38,100
2012-12-03,0.26,0.35,0.26,0.35,11500
2012-12-07,0.27,0.27,0.27,0.27,2500
2012-12-10,0.27,0.27,0.25,0.27,10000
2012-12-11,0.21,0.32,0.2,0.2,57717
2012-12-12,0.2,0.27,0.2,0.27,6400
2012-12-13,0.2,0.26,0.2,0.2,1700
2012-12-14,0.2,0.2,0.2,0.2,2000
2012-12-17,0.16,0.24,0.16,0.21,12330
2012-12-18,0.21,0.21,0.21,0.21,100
2012-12-21,0.15,0.16,0.13,0.16,26839
2012-12-24,0.19,0.19,0.19,0.19,34331
2012-12-27,0.19,0.19,0.15,0.15,15000
2012-12-28,0.19,0.2,0.17,0.17,99300
2012-12-31,0.17,0.22,0.17,0.22,18000
2013-01-02,0.2,0.2,0.17,0.2,17200
2013-01-03,0.19,0.19,0.15,0.19,16000
2013-01-04,0.19,0.19,0.13,0.15,60100
2013-01-07,0.07,0.16,0.07,0.16,2500
2013-01-08,0.1,0.14,0.1,0.14,27999
2013-01-09,0.14,0.14,0.14,0.14,3000
2013-01-14,0.12,0.12,0.12,0.12,200
2013-01-15,0.13,0.13,0.13,0.13,2000
2013-01-16,0.1,0.1,0.1,0.1,1100
2013-01-25,0.1,0.1,0.1,0.1,2970
2013-01-28,0.11,0.11,0.08,0.08,293550
2013-01-29,0.08,0.08,0.08,0.08,1000
2013-01-30,0.12,0.12,0.11,0.11,4594
2013-01-31,0.11,0.11,0.11,0.11,1000
2013-02-01,0.08,0.08,0.08,0.08,5691
2013-02-04,0.1,0.1,0.1,0.1,82604
2013-02-05,0.1,0.1,0.1,0.1,1500
2013-02-06,0.08,0.08,0.08,0.08,41500
2013-02-07,0.08,0.08,0.08,0.08,15000
2013-02-11,0.08,0.08,0.08,0.08,8000
2013-02-12,0.08,0.08,0.08,0.08,3900
2013-02-13,0.08,0.08,0.08,0.08,10000
2013-02-14,0.08,0.08,0.08,0.08,1000
2013-02-21,0.08,0.08,0.08,0.08,5000
2013-02-27,0.08,0.08,0.07,0.08,34900
2013-02-28,0.08,0.08,0.08,0.08,14700
2013-03-04,0.07,0.07,0.07,0.07,161950
2013-03-06,0.06,0.06,0.06,0.06,14700
2013-03-07,0.06,0.06,0.06,0.06,7300
2013-03-08,0.06,0.06,0.06,0.06,1000
2013-03-11,0.06,0.06,0.03,0.03,74000
2013-03-14,0.03,0.03,0.03,0.03,1000
2013-03-18,0.03,0.03,0.03,0.03,500
2013-03-20,0.08,0.08,0.05,0.05,44466
2013-03-22,0.05,0.05,0.05,0.05,30141
2013-03-25,0.06,0.06,0.06,0.06,8000
2013-03-27,0.06,0.06,0.06,0.06,5000
2013-04-03,0.06,0.06,0.02,0.02,155800
2013-04-04,0.03,0.04,0.03,0.04,329000
2013-04-05,0.03,0.03,0.02,0.02,65600
2013-04-10,0.04,0.04,0.04,0.04,800
2013-04-11,0.04,0.04,0.04,0.04,4000
2013-04-12,0.02,0.02,0.01,0.01,42200
2013-04-19,0.02,0.02,0.02,0.02,1500
2013-05-03,0.01,0.06,0.01,0.06,6700
2013-05-07,0.01,0.01,0.01,0.01,2500
2013-05-13,0.02,0.02,0.02,0.02,2000
2013-05-20,0.04,0.04,0.02,0.02,105000
2013-05-28,0.03,0.03,0.02,0.02,11400
2013-05-29,0.03,0.03,0.03,0.03,20000
2013-05-30,0.04,0.04,0.02,0.04,61500
2013-05-31,0.03,0.05,0.03,0.05,9000
2013-06-03,0.05,0.06,0.05,0.06,67000
2013-06-04,0.06,0.07,0.06,0.06,22785
2013-06-05,0.06,0.06,0.05,0.05,40000
2013-06-06,0.04,0.04,0.04,0.04,10000
2013-06-07,0.04,0.04,0.04,0.04,100
2013-06-10,0.04,0.04,0.04,0.04,30285
2013-06-11,0.04,0.04,0.02,0.02,123200
2013-06-17,0.02,0.04,0.02,0.02,109500
2013-06-19,0.02,0.02,0.02,0.02,14000
2013-06-21,0.02,0.02,0.02,0.02,600
2013-06-25,0.02,0.02,0.02,0.02,200
2013-07-12,0.02,0.02,0.02,0.02,240
2013-07-19,0.03,0.03,0.03,0.03,13750
2013-07-22,0.03,0.03,0.03,0.03,823875
2013-07-23,0.03,0.04,0.03,0.04,396540
2013-07-24,0.04,0.05,0.04,0.05,162992
2013-07-25,0.05,0.16,0.05,0.1,953068
2013-07-26,0.14,0.14,0.06,0.06,656950
2013-07-29,0.06,0.09,0.05,0.06,282230
2013-07-30,0.07,0.07,0.06,0.07,184983
2013-07-31,0.07,0.07,0.06,0.07,122630
2013-08-01,0.07,0.07,0.06,0.06,200550
2013-08-02,0.06,0.06,0.06,0.06,178800
2013-08-05,0.06,0.06,0.06,0.06,64659
2013-08-06,0.06,0.06,0.06,0.06,45365
2013-08-07,0.06,0.06,0.06,0.06,13341
2013-08-08,0.06,0.06,0.06,0.06,132850
2013-08-09,0.06,0.06,0.06,0.06,231500
2013-08-12,0.06,0.06,0.06,0.06,158894
2013-08-13,0.07,0.07,0.06,0.06,55281
2013-08-14,0.06,0.06,0.06,0.06,44000
2013-08-15,0.07,0.07,0.07,0.07,94414
2013-08-16,0.07,0.07,0.06,0.06,191425
2013-08-19,0.06,0.07,0.06,0.07,54000
2013-08-20,0.07,0.07,0.07,0.07,11200
2013-08-21,0.06,0.06,0.06,0.06,35499
2013-08-22,0.06,0.06,0.06,0.06,33600
2013-08-23,0.07,0.07,0.06,0.06,270983
2013-08-26,0.07,0.07,0.06,0.06,13700
2013-08-27,0.07,0.07,0.06,0.06,17100
2013-08-28,0.06,0.06,0.06,0.06,180665
2013-08-29,0.06,0.06,0.06,0.06,26967
2013-08-30,0.06,0.06,0.06,0.06,10000
2013-09-03,0.06,0.06,0.04,0.04,104570
2013-09-04,0.05,0.05,0.04,0.05,26000
2013-09-05,0.05,0.06,0.05,0.06,80500
2013-09-06,0.06,0.06,0.06,0.06,48000
2013-09-09,0.06,0.06,0.05,0.06,549632
2013-09-10,0.07,0.07,0.06,0.06,112690
2013-09-11,0.06,0.06,0.06,0.06,22300
2013-09-12,0.07,0.07,0.06,0.06,45000
2013-09-13,0.06,0.06,0.06,0.06,4000
2013-09-16,0.06,0.06,0.05,0.06,92708
2013-09-17,0.05,0.05,0.05,0.05,79792
2013-09-18,0.05,0.05,0.05,0.05,90000
2013-09-19,0.05,0.06,0.05,0.05,113900
2013-09-20,0.05,0.05,0.04,0.05,142008
2013-09-23,0.04,0.04,0.04,0.04,9300
2013-09-24,0.04,0.05,0.04,0.05,64127
2013-09-25,0.04,0.04,0.04,0.04,101300
2013-09-27,4.55,5.05,4.55,5.05,610
2013-09-30,5.75,6.55,5.75,6.55,200
2013-10-01,6.55,6.55,6.4,6.5,1320
2013-10-02,6.5,10.81,6.5,9.0,13251
2013-10-03,9.9,13.0,9.25,9.5,12236
2013-10-04,11.0,18.0,11.0,11.0,10105
2013-10-07,14.0,14.0,9.6,10.0,8241
2013-10-08,9.9,10.0,9.55,9.55,3432
2013-10-09,10.0,10.0,9.1,9.1,3500
2013-10-10,9.05,9.05,7.0,7.75,6741
2013-10-11,7.3,7.32,5.76,7.0,3720
2013-10-14,5.8,6.5,5.42,6.0,4947
2013-10-15,5.99,6.0,5.99,6.0,1300
2013-10-16,6.0,6.0,6.0,6.0,1200
2013-10-17,5.99,6.01,5.99,6.0,3220
2013-10-18,5.89,5.89,5.55,5.81,3850
2013-10-21,5.67,5.74,5.51,5.51,2730
2013-10-22,5.5,5.66,5.5,5.66,1750
2013-10-23,5.5,5.5,5.5,5.5,500
2013-10-24,5.4,5.5,5.4,5.5,790
2013-10-25,5.36,5.5,5.36,5.41,3700
2013-10-28,5.42,5.42,5.35,5.35,8900
2013-10-29,5.35,5.42,5.35,5.35,4050
2013-10-30,5.35,5.49,5.35,5.48,1800
2013-10-31,5.45,5.45,3.18,4.75,15649
2013-11-01,4.26,4.35,4.0,4.35,7950
2013-11-04,4.05,4.49,4.0,4.0,6516
2013-11-05,3.95,3.95,3.5,3.75,11864
2013-11-06,3.5,3.6,3.44,3.5,15575
2013-11-07,3.42,3.49,3.42,3.49,900
2013-11-08,3.49,3.6,3.49,3.55,7400
2013-11-11,3.55,3.59,3.41,3.55,4481
2013-11-12,3.49,3.59,3.49,3.59,1700
2013-11-13,4.1,4.1,3.5,3.75,13178
2013-11-14,3.75,4.35,3.7,4.35,44506
2013-11-15,4.42,5.35,4.35,5.35,102248
2013-11-18,5.6,8.0,5.6,6.7,144576
2013-11-19,6.7,6.7,5.0,5.0,79221
2013-11-20,5.04,5.35,4.8,5.2,19250
2013-11-21,5.1,5.2,4.95,5.0,19529
2013-11-22,5.04,5.04,5.0,5.01,4390
2013-11-25,5.02,5.5,4.87,5.45,44037
2013-11-26,6.2,7.5,6.0,7.4,83403
2013-11-27,7.7,8.8,7.7,8.41,52092
2013-11-29,8.41,8.42,7.0,8.42,24365
2013-12-02,8.3,8.3,7.14,7.4,25256
2013-12-03,7.4,8.8,7.4,8.8,9055
2013-12-04,9.25,11.0,9.15,9.31,44807
2013-12-05,9.55,11.5,9.55,10.4,32809
2013-12-06,10.45,12.0,10.45,11.0,39382
2013-12-09,11.15,11.4,10.5,10.6,23497
2013-12-10,10.65,10.65,8.6,9.43,43239
2013-12-11,9.22,9.22,7.95,8.6,29489
2013-12-12,8.3,8.45,7.67,8.2,22683
2013-12-13,8.2,9.7,8.0,9.5,21880
2013-12-16,9.4,10.95,9.4,10.85,33850
2013-12-17,10.85,10.85,9.19,9.5,28811
2013-12-18,9.55,10.25,9.2,9.8,6844
2013-12-19,9.8,9.8,9.1,9.5,12358
2013-12-20,9.55,9.65,8.8,9.0,16192
2013-12-23,9.05,9.6,9.05,9.5,32885
2013-12-24,9.6,9.8,9.35,9.5,11965
2013-12-26,9.7,9.75,9.35,9.7,5381
2013-12-27,9.7,11.6,9.7,11.2,46617
2013-12-30,11.0,11.7,10.9,11.0,13315
2013-12-31,10.7,10.8,9.7,10.5,42854
2014-01-02,10.0,10.0,9.3,9.75,17821
2014-01-03,9.95,9.95,9.3,9.44,22892
2014-01-06,9.95,9.95,9.4,9.6,15793
2014-01-07,9.59,9.6,9.3,9.49,13326
2014-01-08,9.25,9.4,8.5,8.51,28862
2014-01-09,9.16,9.16,7.85,8.03,48795
2014-01-10,8.0,8.0,7.75,7.98,23487
2014-01-13,7.95,8.5,7.95,8.4,52380
2014-01-14,8.55,8.75,8.32,8.5,24180
2014-01-15,8.6,8.9,8.55,8.85,22837
2014-01-16,8.85,8.9,8.0,8.05,24758
2014-01-17,8.2,8.2,7.55,7.75,22035
2014-01-21,7.6,7.74,7.4,7.4,28444
2014-01-22,7.55,7.55,6.05,6.51,87837
2014-01-23,6.55,6.65,5.0,5.69,107617
2014-01-24,5.6,5.69,5.05,5.69,47522
2014-01-27,6.0,6.0,5.57,5.79,24325
2014-01-28,5.9,6.0,5.8,5.99,30632
2014-01-29,6.0,6.5,5.9,6.5,45275
2014-01-30,6.55,6.55,6.4,6.54,19174
2014-01-31,6.2,6.2,4.81,4.93,352806
2014-02-03,4.87,5.6,4.87,5.4,74084
2014-02-04,5.39,5.5,4.85,5.0,97270
2014-02-05,5.0,5.0,4.85,4.94,17968
2014-02-06,5.0,5.0,4.75,4.95,37352
2014-02-07,4.9,5.0,4.81,4.89,52054
2014-02-10,4.95,5.3,4.81,5.25,128675
2014-02-11,5.25,5.95,5.25,5.65,225936
2014-02-12,6.0,6.1,5.79,6.0,95337
2014-02-13,5.99,6.7,5.99,6.44,210253
2014-02-14,6.3,6.75,5.24,5.8,439791
2014-02-18,5.8,5.8,5.1,5.35,216190
2014-02-19,5.33,5.35,5.18,5.25,501688
2014-02-20,5.3,5.49,5.25,5.44,55915
2014-02-21,5.85,5.95,5.3,5.6,142038
2014-02-24,5.9,5.95,5.6,5.95,144561
2014-02-25,5.95,5.95,5.9,5.95,83294
2014-02-26,6.05,6.05,5.5,5.87,85300
2014-02-27,5.8,5.99,5.5,5.91,49791
2014-02-28,5.91,5.91,5.5,5.52,31295
2014-03-03,5.35,6.25,5.35,6.1,90163
2014-03-04,6.1,6.84,5.86,6.84,142569
2014-03-05,6.84,8.9,6.84,8.25,433029
2014-03-06,8.5,8.5,7.7,7.99,37039
2014-03-07,7.9,9.0,7.89,8.7,135810
2014-03-10,8.9,9.0,8.71,8.95,76466
2014-03-11,8.8,9.0,8.1,8.4,31987
2014-03-12,8.48,8.48,7.95,8.29,44948
2014-03-13,8.4,8.4,7.68,7.88,40030
2014-03-14,7.8,7.8,7.15,7.6,27214
2014-03-17,7.5,7.95,7.16,7.95,26014
2014-03-18,7.9,8.47,7.9,8.12,74350
2014-03-19,8.05,8.5,7.85,8.4,70963
2014-03-20,8.4,9.05,8.4,8.9,132619
2014-03-21,9.05,9.05,8.25,8.55,475301
2014-03-24,8.45,8.45,7.55,7.91,334643
2014-03-25,7.95,8.15,7.85,8.15,100233
2014-03-26,8.0,8.44,7.99,8.08,36660
2014-03-27,8.08,8.08,7.9,7.95,55909
2014-03-28,7.96,8.5,7.95,8.33,45403
2014-03-31,8.2,9.44,8.2,9.44,140505
2014-04-01,9.04,9.4,9.0,9.24,66552
2014-04-02,9.27,9.66,9.27,9.59,134859
2014-04-03,9.66,10.19,9.66,10.19,254949
2014-04-04,10.24,11.25,10.0,10.7,262764
2014-04-07,10.75,10.78,9.57,9.6,414190
2014-04-08,9.55,9.7,8.95,9.5,155260
2014-04-09,9.01,9.5,9.01,9.3,44623
2014-04-10,9.4,9.45,9.34,9.35,42743
2014-04-11,9.0,9.1,8.51,8.81,51868
2014-04-14,9.15,9.6,8.54,9.05,94340
2014-04-15,8.75,9.05,8.3,8.65,77731
2014-04-16,8.7,9.0,8.55,9.0,21336
2014-04-17,9.05,9.05,8.8,9.0,5767
2014-04-21,8.57,8.65,8.45,8.55,57717
2014-04-22,8.3,8.93,8.3,8.7,30750
2014-04-23,8.3,8.74,8.3,8.74,25990
2014-04-24,8.37,8.74,8.36,8.73,21755
2014-04-25,8.5,8.5,8.19,8.5,17667
2014-04-28,8.31,8.38,7.85,8.25,13735
2014-04-29,8.01,8.65,7.9,8.65,106377
2014-04-30,8.32,8.6,8.15,8.6,38527
2014-05-01,8.45,9.25,8.45,8.95,425627
2014-05-02,9.0,9.05,8.75,8.95,72325
2014-05-05,8.9,8.92,8.75,8.75,6065
2014-05-06,8.8,8.8,8.5,8.68,75000
2014-05-07,8.5,8.7,8.5,8.7,285969
2014-05-08,8.5,8.55,8.5,8.5,43406
2014-05-09,8.5,8.52,8.3,8.42,14925
2014-05-12,8.4,9.45,8.3,9.45,42125
2014-05-13,9.7,9.7,9.16,9.24,11523
2014-05-14,9.2,9.2,8.18,8.2,33568
2014-05-15,8.1,8.2,7.5,7.95,245011
2014-05-16,7.7,7.95,7.61,7.75,42882
2014-05-19,7.7,7.7,5.5,6.7,254020
2014-05-20,6.55,6.8,6.0,6.6,314040
2014-05-21,6.42,6.9,6.25,6.49,41557
2014-05-22,6.21,6.5,6.05,6.5,62128
2014-05-23,6.45,6.6,6.3,6.4,43603
2014-05-27,6.36,6.58,6.28,6.5,70009
2014-05-28,6.5,6.5,6.4,6.42,120220
2014-05-29,6.4,6.88,6.4,6.8,282003
2014-05-30,6.85,7.54,6.82,7.5,112824
2014-06-02,7.35,7.42,6.75,7.0,25425
2014-06-03,6.9,6.9,6.65,6.75,29140
2014-06-04,6.75,6.9,6.65,6.9,7810
2014-06-05,6.85,6.85,6.65,6.65,9685
2014-06-06,6.73,6.73,6.4,6.69,42357
2014-06-09,6.5,6.59,6.29,6.5,40627
2014-06-10,6.45,6.62,6.4,6.46,27682
2014-06-11,6.47,6.55,6.45,6.55,46001
2014-06-12,6.5,6.57,6.47,6.54,23350
2014-06-13,6.45,6.55,6.45,6.51,13238
2014-06-16,6.4,6.5,6.35,6.49,10325
2014-06-17,6.39,6.45,6.3,6.45,18614
2014-06-18,6.38,6.45,6.25,6.45,30640
2014-06-19,6.4,6.44,6.33,6.33,26885
2014-06-20,6.34,6.35,6.11,6.27,23760
2014-06-23,6.18,6.25,5.52,5.8,50035
2014-06-24,5.75,6.2,5.58,6.19,63861
2014-06-25,6.1,6.2,6.0,6.2,16363
2014-06-26,6.12,6.15,6.0,6.15,13392
2014-06-27,6.05,6.46,5.87,6.3,36386
2014-06-30,6.26,6.4,5.95,6.4,72801
2014-07-01,6.58,6.58,6.23,6.45,13455
2014-07-02,6.18,6.62,6.07,6.6,28473
2014-07-03,6.56,6.9,6.52,6.9,19698
2014-07-07,6.35,7.1,6.35,6.75,25276
2014-07-08,6.75,6.89,6.56,6.84,11858
2014-07-09,6.84,6.84,6.35,6.84,19229
2014-07-10,6.7,7.2,6.7,7.2,8980
2014-07-11,7.2,7.2,6.85,6.85,8713
2014-07-14,7.02,7.02,6.75,6.81,2125
2014-07-15,6.85,6.97,6.7,6.75,16515
2014-07-16,6.95,6.95,6.71,6.85,7295
2014-07-17,6.85,6.86,6.69,6.69,3845
2014-07-18,6.72,6.75,6.69,6.69,7745
2014-07-21,6.8,6.8,6.72,6.72,25550
2014-07-22,6.8,6.95,6.75,6.94,14618
2014-07-23,7.15,8.0,7.0,7.5,663131
2014-07-24,7.9,8.45,7.5,8.45,59047
2014-07-25,8.44,8.5,7.81,8.0,33761
2014-07-28,8.11,8.19,7.16,7.8,39900
2014-07-29,7.23,7.45,7.15,7.34,29383
2014-07-30,7.3,7.55,7.26,7.5,11530
2014-07-31,7.3,7.4,7.01,7.15,25398
2014-08-01,7.05,7.1,6.65,6.74,16091
2014-08-04,6.72,7.2,6.65,7.0,36212
2014-08-05,6.85,6.85,6.65,6.65,4650
2014-08-06,6.68,6.7,6.55,6.7,14100
2014-08-07,6.99,6.99,6.73,6.73,1690
2014-08-08,6.85,6.85,6.75,6.81,2530
2014-08-11,6.84,6.94,6.74,6.85,35427
2014-08-12,6.85,6.85,6.84,6.85,32200
2014-08-13,6.85,6.85,6.76,6.76,7080
2014-08-14,6.84,6.84,6.5,6.8,12600
2014-08-15,6.75,6.8,6.68,6.75,4660
2014-08-18,6.77,6.84,6.6,6.76,7345
2014-08-19,6.98,6.99,6.85,6.85,11665
2014-08-20,6.85,6.85,6.72,6.72,1863
2014-08-21,6.72,6.72,6.52,6.7,4525
2014-08-22,6.62,6.7,6.5,6.69,10310
2014-08-25,6.69,6.7,6.44,6.62,12334
2014-08-26,6.6,6.7,6.39,6.6,23455
2014-08-27,6.5,6.7,6.5,6.7,14005
2014-08-28,6.7,6.7,6.35,6.6,20100
2014-08-29,6.45,7.0,6.45,6.88,7631
2014-09-02,6.87,7.41,6.46,7.3,279842
2014-09-03,6.95,7.0,6.9,7.0,6953
2014-09-04,6.88,7.0,6.85,6.95,9263
2014-09-05,7.0,7.05,6.95,7.05,149344
2014-09-08,7.05,7.45,7.0,7.45,74417
2014-09-09,7.45,7.58,7.1,7.2,25900
2014-09-10,7.25,7.25,7.25,7.25,875
2014-09-11,7.25,7.4,7.1,7.4,16652
2014-09-12,7.1,7.1,6.9,7.0,24432
2014-09-15,7.13,7.13,6.6,6.95,6020
2014-09-16,6.95,7.9,6.95,7.5,17750
2014-09-17,7.32,7.43,7.15,7.43,1516
2014-09-18,7.15,7.15,6.95,7.1,14500
2014-09-19,7.1,7.1,6.7,6.81,13715
2014-09-22,6.81,7.33,6.7,7.0,22713
2014-09-23,6.75,7.0,6.75,7.0,139069
2014-09-24,7.0,7.31,7.0,7.15,9700
2014-09-25,7.1,7.25,6.95,7.0,45300
2014-09-26,7.0,7.0,6.97,7.0,60900
2014-09-29,7.0,7.2,7.0,7.0,393125
2014-09-30,7.03,7.23,7.0,7.15,58338
2014-10-01,7.0,7.01,7.0,7.0,137433
2014-10-02,7.0,7.0,6.89,6.89,31850
2014-10-03,6.89,7.07,6.7,6.95,23315
2014-10-06,6.95,6.95,6.9,6.9,7200
2014-10-07,6.9,6.9,6.8,6.8,6000
2014-10-08,6.8,6.9,6.65,6.65,22240
2014-10-09,6.65,6.65,6.6,6.6,1990
2014-10-10,6.82,6.82,6.5,6.5,10735
2014-10-13,6.5,6.5,5.75,6.1,24137
2014-10-14,6.32,6.32,6.1,6.15,7330
2014-10-15,6.11,6.15,5.85,6.15,33800
2014-10-16,5.95,6.25,5.95,6.25,10512
2014-10-17,6.47,6.47,6.35,6.35,8181
2014-10-20,6.36,6.38,6.3,6.3,6135
2014-10-21,6.25,6.29,6.15,6.18,5130
2014-10-22,6.1,6.47,5.9,6.09,104760
2014-10-23,6.1,6.4,6.05,6.2,6088
2014-10-24,6.22,6.22,6.1,6.1,1180
2014-10-27,6.15,6.15,6.0,6.0,4805
2014-10-28,6.0,6.02,5.5,5.63,23849
2014-10-29,6.0,6.4,5.9,6.17,15979
2014-10-30,6.2,6.3,6.2,6.3,14275
2014-10-31,6.4,6.4,5.5,6.39,59825
2014-11-03,6.0,7.05,5.85,6.95,62268
2014-11-04,6.95,7.0,6.45,6.8,12251
2014-11-05,6.7,6.7,6.66,6.66,1507
2014-11-06,6.84,7.0,6.7,6.8,118438
2014-11-07,6.6,6.9,6.35,6.79,32476
2014-11-10,6.8,6.85,6.6,6.8,17393
2014-11-11,6.7,6.8,6.55,6.8,2803
2014-11-12,6.7,6.7,6.7,6.7,2020
2014-11-13,6.62,6.62,5.7,5.95,100575
2014-11-14,5.95,6.1,5.5,5.9,76300
2014-11-17,5.6,5.6,5.05,5.15,126021
2014-11-18,5.14,5.2,4.97,5.15,84387
2014-11-19,5.2,6.65,5.1,5.2,14281
2014-11-20,5.15,5.4,5.15,5.2,14839
2014-11-21,5.15,5.95,5.05,5.8,51593
2014-11-24,5.97,6.28,5.97,6.2,13767
2014-11-25,6.2,6.25,6.14,6.14,4505
2014-11-26,6.1,6.3,5.85,6.3,16742
2014-11-28,6.3,6.4,6.15,6.15,6000
2014-12-01,6.0,6.48,5.5,6.15,11874
2014-12-02,6.3,6.38,6.15,6.24,18266
2014-12-03,6.1,6.4,6.1,6.33,12786
2014-12-04,6.36,6.48,6.25,6.3,1160
2014-12-05,6.48,6.5,6.1,6.25,24000
2014-12-08,6.6,6.9,5.76,6.0,47515
2014-12-09,5.83,6.35,5.83,5.9,9298
2014-12-10,6.0,6.35,5.95,5.95,7675
2014-12-11,5.99,6.3,5.88,6.25,11434
2014-12-12,6.2,6.2,5.9,6.15,3940
2014-12-15,6.15,6.35,6.02,6.07,11578
2014-12-16,6.05,6.25,5.95,5.99,81631
2014-12-17,6.0,7.15,6.0,7.15,705339
2014-12-18,7.34,7.45,7.0,7.25,129479
2014-12-19,7.26,7.75,7.26,7.75,105663
2014-12-22,7.7,8.15,7.7,8.1,27317
2014-12-23,8.2,8.28,7.5,8.0,24117
2014-12-24,8.04,8.12,7.92,8.1,12165
2014-12-26,8.24,8.4,8.1,8.34,17982
2014-12-29,8.32,8.4,8.18,8.4,38668
2014-12-30,8.4,8.4,8.25,8.25,4779
2014-12-31,8.25,8.34,7.87,7.87,90499
2015-01-02,8.16,8.26,8.05,8.05,19784
2015-01-05,8.1,8.4,8.05,8.1,25981
2015-01-06,8.1,8.5,7.54,7.99,47338
2015-01-07,8.0,8.0,7.37,8.0,28950
2015-01-08,7.75,8.14,7.75,8.14,13219
2015-01-09,8.14,8.53,8.0,8.44,64823
2015-01-12,8.48,8.95,8.48,8.87,85798
2015-01-13,8.9,9.1,8.5,8.99,55453
2015-01-14,8.95,9.15,8.9,9.09,61940
2015-01-15,9.0,9.16,8.76,8.95,11153
2015-01-16,8.94,8.98,8.76,8.9,10928
2015-01-20,8.95,8.98,8.73,8.76,7676
2015-01-21,8.76,8.91,8.76,8.9,12734
2015-01-22,8.9,8.9,8.82,8.82,8595
2015-01-23,8.8,8.82,8.8,8.8,4195
2015-01-26,8.85,9.94,8.79,9.0,189643
2015-01-27,9.0,9.0,8.0,8.16,100715
2015-01-28,8.17,8.25,8.15,8.17,41268
2015-01-29,8.2,8.25,7.9,7.97,37950
2015-01-30,8.0,8.0,7.8,7.85,11188
2015-02-02,7.89,7.89,7.8,7.85,15650
2015-02-03,7.81,7.9,7.55,7.7,202507
2015-02-04,7.7,7.8,7.55,7.65,5791
2015-02-05,7.75,7.75,7.6,7.6,28119
2015-02-06,7.65,7.65,7.3,7.39,37627
2015-02-09,7.36,7.36,6.87,6.99,87213
2015-02-10,7.06,7.25,7.0,7.15,64504
2015-02-11,7.3,7.69,7.15,7.6,91679
2015-02-12,7.69,7.69,7.43,7.45,33338
2015-02-13,7.45,7.5,7.19,7.45,30658
2015-02-17,7.75,7.75,7.5,7.64,32721
2015-02-18,7.62,7.62,7.4,7.4,28681
2015-02-19,7.3,7.4,7.3,7.31,13054
2015-02-20,7.3,7.4,7.3,7.3,38940
2015-02-23,7.3,7.45,7.05,7.14,112330
2015-02-24,7.14,7.3,7.14,7.3,7014
2015-02-25,7.6,9.64,7.6,9.31,292221
2015-02-26,8.57,9.31,8.25,8.85,2617116
2015-02-27,9.0,9.25,8.63,8.98,496232
2015-03-02,9.0,9.19,8.8,9.04,189963
2015-03-03,9.02,9.6,8.94,9.49,343015
2015-03-04,9.45,10.19,9.25,9.42,611752
2015-03-05,9.64,9.84,9.39,9.56,228560
2015-03-06,9.57,9.7,8.98,9.0,283964
2015-03-09,9.6,10.15,9.01,9.14,660444
2015-03-10,9.14,10.25,8.89,10.24,603510
2015-03-11,10.3,12.0,10.3,11.28,1254521
2015-03-12,11.4,12.75,11.2,12.4,1177624
2015-03-13,12.45,13.3,11.8,13.12,876234
2015-03-16,13.43,14.15,12.99,13.23,1001887
2015-03-17,13.32,13.77,12.23,13.5,758778
2015-03-18,13.4,13.57,12.75,12.99,443190
2015-03-19,13.3,14.65,13.15,14.49,1212536
2015-03-20,15.03,15.03,13.52,13.59,1319208
2015-03-23,13.12,13.4,12.1,12.17,1211604
2015-03-24,12.23,12.85,12.18,12.24,680865
2015-03-25,12.29,12.43,10.5,11.06,871116
2015-03-26,11.0,11.7,10.69,11.59,592363
2015-03-27,11.47,11.86,10.92,11.2,369914
2015-03-30,11.5,11.8,10.1,11.62,1373699
2015-03-31,11.5,12.42,11.21,12.11,825798
2015-04-01,11.94,13.28,11.45,12.55,1020742
2015-04-02,13.43,13.89,12.8,12.94,1035183
2015-04-06,13.06,13.59,12.54,12.82,471008
2015-04-07,12.87,13.3,12.58,12.64,744004
2015-04-08,12.15,12.56,11.86,12.39,1077895
2015-04-09,12.34,12.71,12.15,12.39,274164
2015-04-10,12.4,12.48,11.95,12.39,916249
2015-04-13,12.39,12.9,12.23,12.49,461344
2015-04-14,12.55,12.67,12.13,12.23,317641
2015-04-15,12.27,12.5,12.0,12.25,417640
2015-04-16,12.28,12.4,12.15,12.2,279245
2015-04-17,12.0,12.26,12.0,12.15,217733
2015-04-20,12.25,12.34,10.9,11.98,917836
2015-04-21,12.0,12.4,11.9,12.0,440785
2015-04-22,12.0,12.5,11.89,12.5,733870
2015-04-23,12.65,12.8,12.13,12.42,629446
2015-04-24,12.4,12.51,12.22,12.34,523406
2015-04-27,12.39,12.47,11.85,12.0,484293
2015-04-28,12.0,12.49,11.43,12.07,627508
2015-04-29,12.41,12.89,12.1,12.12,575246
2015-04-30,12.05,12.47,11.65,11.93,312910
2015-05-01,11.75,12.33,11.54,12.18,934311
2015-05-04,12.25,12.79,12.11,12.14,276163
2015-05-05,12.15,12.45,11.74,11.88,282979
2015-05-06,11.96,12.05,11.13,11.54,472949
2015-05-07,11.36,11.78,11.25,11.58,457032
2015-05-08,11.7,11.71,11.13,11.22,313344
2015-05-11,11.24,11.36,10.56,10.72,664533
2015-05-12,10.68,10.68,9.96,10.2,1591509
2015-05-13,10.25,10.45,9.73,10.35,827725
2015-05-14,10.34,10.34,9.86,10.1,436604
2015-05-15,10.0,10.62,10.0,10.6,362549
2015-05-18,10.73,10.98,10.43,10.83,532922
2015-05-19,10.81,10.83,10.64,10.68,247977
2015-05-20,10.66,10.9,10.54,10.74,330448
2015-05-21,10.75,10.85,10.63,10.67,274622
2015-05-22,10.63,10.89,10.6,10.77,214231
2015-05-26,10.75,10.75,10.24,10.43,308788
2015-05-27,10.43,10.69,10.39,10.65,297597
2015-05-28,10.65,10.78,10.35,10.49,323929
2015-05-29,10.45,11.28,10.06,11.19,887763
2015-06-01,11.24,11.24,10.4,10.73,680834
2015-06-02,10.74,11.13,10.6,10.72,366856
2015-06-03,10.61,10.99,10.6,10.87,408351
2015-06-04,10.84,10.97,10.39,10.43,467663
2015-06-05,10.45,10.84,10.4,10.75,260522
2015-06-08,10.79,10.92,10.52,10.69,453042
2015-06-09,10.65,10.76,10.42,10.52,375988
2015-06-10,10.8,11.08,10.51,10.85,596147
2015-06-11,10.85,10.93,10.35,10.47,342838
2015-06-12,10.39,11.14,10.37,11.05,378776
2015-06-15,11.01,12.0,10.8,11.66,1131101
2015-06-16,11.66,11.99,11.48,11.74,633843
2015-06-17,11.73,11.85,10.55,10.67,1200840
2015-06-18,10.74,11.09,9.5,9.86,1798999
2015-06-19,9.91,10.16,9.39,9.76,2451978
2015-06-22,9.83,9.91,9.02,9.5,1585507
2015-06-23,9.48,9.76,9.22,9.7,1012809
2015-06-24,9.73,10.35,9.55,9.62,888792
2015-06-25,9.64,9.69,9.03,9.18,1454460
2015-06-26,9.2,9.4,8.65,8.84,7819868
2015-06-29,8.74,8.82,8.02,8.62,1483953
2015-06-30,9.2,9.2,8.62,9.17,938761
2015-07-01,9.24,9.38,8.91,9.17,434949
2015-07-02,9.21,9.21,8.7,8.98,313509
2015-07-06,8.91,9.07,8.51,9.03,683835
2015-07-07,9.04,9.36,8.72,9.18,400816
2015-07-08,9.12,9.13,8.71,9.06,546242
2015-07-09,9.14,9.22,8.77,8.9,391646
2015-07-10,8.95,9.15,8.83,9.12,308885
2015-07-13,9.15,9.34,8.95,9.06,232181
2015-07-14,9.06,9.23,8.89,9.13,301210
2015-07-15,9.17,9.75,9.17,9.58,554345
2015-07-16,9.58,10.1,9.26,9.79,676361
2015-07-17,9.83,10.29,9.83,10.0,642473
2015-07-20,10.0,10.07,9.63,9.98,444036
2015-07-21,9.95,10.0,9.64,9.77,269239
2015-07-22,9.68,9.92,9.41,9.89,305043
2015-07-23,9.9,10.05,9.43,9.47,394097
2015-07-24,9.42,10.15,9.35,9.43,494688
2015-07-27,9.42,9.49,8.71,8.79,443675
2015-07-28,8.81,8.99,8.59,8.81,223214
2015-07-29,8.82,9.0,8.32,8.41,480895
2015-07-30,8.34,8.91,8.05,8.16,537481
2015-07-31,8.2,8.66,8.16,8.56,187503
2015-08-03,8.53,8.53,7.83,8.17,587028
2015-08-04,8.2,8.22,7.9,8.0,253762
2015-08-05,8.0,8.16,7.69,7.75,503225
2015-08-06,7.8,8.08,7.62,8.01,686142
2015-08-07,7.94,7.97,7.3,7.4,713116
2015-08-10,7.49,7.64,7.31,7.37,274423
2015-08-11,7.22,7.25,6.74,6.95,697993
2015-08-12,6.95,7.34,6.84,7.24,365026
2015-08-13,7.24,7.32,7.05,7.09,132897
2015-08-14,7.2,7.32,7.03,7.15,289450
2015-08-17,7.14,7.5,7.1,7.35,264498
2015-08-18,7.32,7.4,7.01,7.09,381045
2015-08-19,7.01,7.13,6.88,6.94,260607
2015-08-20,6.89,7.03,6.64,6.65,352300
2015-08-21,6.49,6.73,6.37,6.51,277655
2015-08-24,6.16,6.64,5.81,6.13,380906
2015-08-25,6.34,6.37,5.95,5.99,352508
2015-08-26,6.13,6.37,5.92,6.32,244505
2015-08-27,6.29,6.76,6.27,6.67,264308
2015-08-28,6.61,7.03,6.6,6.96,242314
2015-08-31,6.96,7.17,6.88,7.11,201842
2015-09-01,6.94,7.17,6.6,6.66,208367
2015-09-02,6.77,7.03,6.63,7.02,190104
2015-09-03,7.02,7.56,6.85,6.87,411479
2015-09-04,6.75,6.98,6.71,6.91,165746
2015-09-08,7.07,7.39,6.94,7.37,359320
2015-09-09,7.4,7.5,7.16,7.19,172634
2015-09-10,7.12,7.2,6.94,7.14,195533
2015-09-11,7.04,7.2,6.97,7.16,159933
2015-09-14,7.16,7.47,7.16,7.47,216481
2015-09-15,7.42,8.12,7.42,7.9,490534
2015-09-16,7.86,8.4,6.84,8.05,3257584
2015-09-17,8.05,8.05,7.57,7.74,621846
2015-09-18,7.57,8.1,7.5,7.99,616211
2015-09-21,8.05,8.27,7.52,7.64,517452
2015-09-22,7.5,7.68,7.0,7.13,528248
2015-09-23,7.17,7.28,6.86,7.0,186840
2015-09-24,6.9,7.05,6.56,6.7,538697
2015-09-25,6.87,6.92,6.05,6.17,765757
2015-09-28,6.11,6.27,5.57,5.61,717984
2015-09-29,5.58,6.23,5.42,5.84,694009
2015-09-30,5.9,6.08,5.63,5.76,1661921
2015-10-01,5.8,6.1,5.71,5.79,426752
2015-10-02,5.72,6.07,5.62,5.9,464433
2015-10-05,5.96,6.06,5.79,5.93,243900
2015-10-06,5.95,5.95,5.27,5.63,381744
2015-10-07,6.06,6.71,5.73,6.43,822600
2015-10-08,6.75,6.83,6.21,6.45,597671
2015-10-09,6.42,6.64,6.36,6.48,189089
2015-10-12,6.41,6.5,6.21,6.27,179044
2015-10-13,6.17,6.42,6.01,6.02,275163
2015-10-14,6.0,6.24,6.0,6.01,281146
2015-10-15,6.03,7.01,6.03,6.81,510337
2015-10-16,6.83,7.01,6.45,6.51,386036
2015-10-19,6.48,6.75,6.2,6.39,225185
2015-10-20,6.43,6.43,6.07,6.15,173636
2015-10-21,6.21,6.21,5.91,6.09,306208
2015-10-22,6.14,6.38,5.75,6.05,497974
2015-10-23,6.13,6.3,5.91,6.28,180933
2015-10-26,6.29,6.41,5.96,6.1,155105
2015-10-27,6.05,6.18,5.87,6.13,259128
2015-10-28,6.16,6.72,6.02,6.68,394733
2015-10-29,6.65,6.82,6.41,6.61,357660
2015-10-30,6.59,6.66,6.23,6.47,335656
2015-11-02,6.4,6.84,6.15,6.71,422236
2015-11-03,6.72,7.1,6.59,7.04,432035
2015-11-04,7.1,7.15,6.56,6.88,354933
2015-11-05,6.91,7.26,6.37,7.16,376305
2015-11-06,7.15,7.33,6.73,7.19,318863
2015-11-09,7.17,7.29,6.94,7.12,433650
2015-11-10,7.29,7.29,6.91,7.14,273095
2015-11-11,7.2,7.21,6.93,6.95,149914
2015-11-12,6.89,7.07,6.77,6.79,180996
2015-11-13,6.72,7.23,6.72,6.8,326374
2015-11-16,6.74,6.8,6.26,6.38,426117
2015-11-17,6.38,6.65,6.21,6.4,214652
2015-11-18,6.44,6.56,6.21,6.31,509517
2015-11-19,6.29,6.5,6.25,6.49,250502
2015-11-20,6.54,6.95,6.51,6.76,348133
2015-11-23,6.72,6.83,6.32,6.36,450008
2015-11-24,6.37,6.67,6.3,6.58,219636
2015-11-25,6.54,7.15,6.54,7.0,385685
2015-11-27,6.99,7.2,6.9,7.18,85702
2015-11-30,7.26,7.36,7.08,7.28,477961
2015-12-01,7.32,7.46,6.96,7.34,305326
2015-12-02,7.32,7.64,7.31,7.38,194710
2015-12-03,7.41,7.72,7.32,7.45,350331
2015-12-04,7.44,7.57,7.21,7.41,163243
2015-12-07,7.32,8.11,7.25,8.02,854490
2015-12-08,7.95,8.45,7.91,8.01,866149
2015-12-09,7.96,8.25,7.95,8.03,302655
2015-12-10,8.01,8.11,7.81,8.09,211137
2015-12-11,7.77,8.09,7.72,7.77,318505
2015-12-14,7.75,8.03,7.61,7.84,325788
2015-12-15,7.91,8.04,7.72,8.0,291515
2015-12-16,8.08,8.17,7.79,8.02,537826
2015-12-17,8.05,8.21,7.61,7.89,896757
2015-12-18,7.86,8.1,7.63,7.67,1805167
2015-12-21,7.67,7.98,7.5,7.71,394400
2015-12-22,7.73,8.0,7.57,7.77,245634
2015-12-23,7.8,7.8,7.57,7.71,259425
2015-12-24,7.72,7.85,7.72,7.76,188078
2015-12-28,7.67,7.79,7.49,7.58,201761
2015-12-29,7.63,7.75,7.54,7.58,301878
2015-12-30,7.59,7.76,7.43,7.67,195497
2015-12-31,7.6,7.83,7.56,7.72,242714
2016-01-04,7.73,7.73,7.14,7.35,417725
2016-01-05,7.36,7.57,7.22,7.54,306502
2016-01-06,7.4,7.52,7.04,7.15,299516
2016-01-07,6.98,7.07,6.72,6.74,360351
2016-01-08,6.74,6.93,6.47,6.57,333161
2016-01-11,6.59,6.72,5.83,6.28,362974
2016-01-12,6.32,6.5,5.83,5.95,313263
2016-01-13,5.95,6.09,5.27,5.39,424661
2016-01-14,5.42,5.67,5.2,5.61,384203
2016-01-15,5.43,6.02,5.4,5.95,426294
2016-01-19,6.08,6.08,5.38,5.57,522690
2016-01-20,5.44,5.97,5.33,5.75,510908
2016-01-21,5.77,6.03,5.65,5.81,396184
2016-01-22,5.95,6.14,5.8,6.08,159371
2016-01-25,6.03,6.4,6.01,6.04,307019
2016-01-26,6.12,6.19,5.85,6.09,213914
2016-01-27,6.06,6.17,5.9,5.98,212871
2016-01-28,6.02,6.07,5.74,5.97,295557
2016-01-29,5.92,6.17,5.7,5.99,357156
2016-02-01,5.93,6.13,5.6,5.82,153677
2016-02-02,5.7,5.82,5.43,5.53,207945
2016-02-03,5.6,5.6,5.09,5.44,475186
2016-02-04,5.46,5.78,5.4,5.43,341674
2016-02-05,5.4,5.47,5.06,5.1,295556
2016-02-08,5.02,5.13,4.83,5.06,285858
2016-02-09,4.91,5.21,4.7,4.85,253944
2016-02-10,4.88,5.18,4.7,4.72,318123
2016-02-11,4.58,4.73,4.33,4.61,220106
2016-02-12,4.71,5.0,4.52,4.97,228188
2016-02-16,5.04,5.25,5.0,5.06,181680
2016-02-17,5.1,5.39,4.91,5.36,330881
2016-02-18,5.4,5.4,5.14,5.17,116144
2016-02-19,5.18,5.25,5.03,5.19,154134
2016-02-22,5.29,5.46,5.17,5.23,135393
2016-02-23,5.19,5.25,4.93,4.94,118901
2016-02-24,4.85,5.25,4.61,5.1,177084
2016-02-25,5.13,5.22,4.9,5.16,189266
2016-02-26,5.18,5.44,5.11,5.34,270987
2016-02-29,5.35,5.67,5.34,5.58,348498
2016-03-01,5.54,5.96,5.41,5.71,449488
2016-03-02,5.72,5.94,5.62,5.69,462199
2016-03-03,5.69,5.99,5.66,5.73,293331
2016-03-04,5.76,6.13,5.59,5.64,517138
2016-03-07,5.64,5.96,5.36,5.91,325957
2016-03-08,5.89,5.96,5.05,5.13,564911
2016-03-09,5.17,5.48,5.15,5.34,353277
2016-03-10,5.34,5.37,4.87,4.96,656486
2016-03-11,5.02,5.17,4.95,5.05,813648
2016-03-14,5.05,5.13,4.97,4.99,409776
2016-03-15,4.97,5.08,4.83,4.84,479760
2016-03-16,4.84,4.9,4.61,4.79,283541
2016-03-17,4.79,4.97,4.59,4.89,214380
2016-03-18,4.97,5.03,4.87,5.0,587121
2016-03-21,4.98,5.2,4.93,5.11,323335
2016-03-22,5.06,5.2,5.0,5.05,239556
2016-03-23,5.02,5.05,4.61,4.66,256585
2016-03-24,4.59,4.82,4.5,4.59,243757
2016-03-28,4.64,4.66,4.44,4.54,125478
2016-03-29,4.5,4.89,4.24,4.84,344623
2016-03-30,4.91,5.0,4.68,4.82,325501
2016-03-31,4.8,5.19,4.79,5.08,798864
2016-04-01,5.02,5.24,4.95,5.21,470429
2016-04-04,5.19,5.63,5.1,5.44,658693
2016-04-05,5.4,5.43,5.2,5.4,459394
2016-04-06,5.42,5.69,5.4,5.68,321433
2016-04-07,5.64,5.67,5.42,5.49,521616
2016-04-08,5.57,5.69,5.38,5.49,160934
2016-04-11,5.5,5.52,5.33,5.45,190198
2016-04-12,5.44,5.63,5.28,5.53,165232
2016-04-13,5.56,5.81,5.41,5.7,214655
2016-04-14,5.82,5.86,5.66,5.76,138514
2016-04-15,5.71,5.85,5.62,5.78,174125
2016-04-18,5.69,5.73,5.58,5.6,428904
2016-04-19,5.65,5.73,5.33,5.66,304597
2016-04-20,5.68,5.95,5.57,5.74,142569
2016-04-21,5.75,6.16,5.75,6.0,330606
2016-04-22,6.01,6.08,5.84,6.0,161271
2016-04-25,6.0,6.06,5.92,5.96,155131
2016-04-26,5.93,5.95,5.77,5.85,160412
2016-04-27,5.83,5.92,5.3,5.69,256118
2016-04-28,5.68,5.84,5.48,5.69,147643
2016-04-29,5.69,5.79,5.51,5.67,224325
2016-05-02,5.67,5.73,5.44,5.67,203604
2016-05-03,5.6,5.82,5.42,5.44,178191
2016-05-04,5.4,5.57,5.15,5.39,242533
2016-05-05,5.43,5.43,5.16,5.27,356854
2016-05-06,5.26,5.42,5.1,5.21,122148
2016-05-09,5.17,5.5,5.1,5.4,217840
2016-05-10,5.44,5.48,5.23,5.44,163514
2016-05-11,5.34,5.49,5.16,5.17,124987
2016-05-12,5.19,5.19,4.81,4.9,208035
2016-05-13,4.89,5.03,4.83,4.95,150863
2016-05-16,4.99,5.32,4.95,5.28,240461
2016-05-17,5.28,5.37,4.97,5.0,205001
2016-05-18,4.97,5.17,4.9,5.13,121699
2016-05-19,5.08,5.28,4.94,5.12,147735
2016-05-20,5.17,5.49,5.12,5.46,170938
2016-05-23,5.48,5.8,5.48,5.64,162575
2016-05-24,5.66,5.76,5.54,5.73,113018
2016-05-25,5.74,5.97,5.71,5.93,106462
2016-05-26,5.92,6.05,5.79,5.94,120548
2016-05-27,5.94,6.04,5.77,5.82,58100
2016-05-31,5.85,6.04,5.82,5.9,132493
2016-06-01,5.89,5.96,5.78,5.87,136327
2016-06-02,5.86,6.06,5.82,6.03,146311
2016-06-03,6.02,9.07,5.72,8.65,10502695
2016-06-06,8.25,8.65,7.96,8.24,3036851
2016-06-07,8.18,8.25,7.82,8.02,1071366
2016-06-08,8.12,8.17,7.81,8.01,572125
2016-06-09,8.0,8.15,7.8,7.92,469745
2016-06-10,7.89,8.0,7.55,7.61,526941
2016-06-13,7.6,7.91,7.33,7.37,632604
2016-06-14,7.51,7.6,7.16,7.55,285116
2016-06-15,7.62,8.02,7.48,7.88,427075
2016-06-16,7.78,7.79,7.45,7.75,247315
2016-06-17,7.78,7.91,7.5,7.52,458508
2016-06-20,7.68,8.3,7.53,8.01,416919
2016-06-21,8.0,8.33,7.54,7.74,500743
2016-06-22,7.78,8.16,7.69,7.82,457728
2016-06-23,7.98,8.26,7.68,8.26,312732
2016-06-24,7.77,8.11,7.72,7.86,505754
2016-06-27,7.81,8.04,7.38,7.44,557597
2016-06-28,7.56,7.86,7.45,7.78,267567
2016-06-29,7.94,7.94,7.68,7.9,231127
2016-06-30,7.94,8.11,7.88,8.1,406438
2016-07-01,8.17,8.47,8.02,8.44,364119
2016-07-05,8.5,8.54,8.33,8.41,356070
2016-07-06,8.37,8.5,8.28,8.45,214863
2016-07-07,8.45,8.58,8.14,8.37,217833
2016-07-08,8.38,8.75,8.21,8.64,611827
2016-07-11,8.65,8.73,8.34,8.43,545739
2016-07-12,8.48,8.77,8.48,8.74,517262
2016-07-13,8.9,9.0,8.28,8.34,427099
2016-07-14,8.47,8.56,8.04,8.12,376033
2016-07-15,8.21,8.36,8.06,8.2,248480
2016-07-18,8.22,8.3,8.07,8.13,291926
2016-07-19,8.15,8.23,7.76,7.78,317050
2016-07-20,7.82,8.33,7.77,8.2,221392
2016-07-21,8.22,8.35,7.95,8.06,97979
2016-07-22,8.14,8.16,8.0,8.11,127418
2016-07-25,8.22,8.32,7.96,8.29,400618
2016-07-26,8.25,8.4,8.14,8.21,513436
2016-07-27,8.24,8.75,8.24,8.66,390855
2016-07-28,8.65,8.7,8.5,8.62,243058
2016-07-29,8.62,9.04,8.49,8.84,1417684
2016-08-01,8.91,9.45,8.69,9.03,676202
2016-08-02,9.02,9.03,8.55,8.68,278977
2016-08-03,8.64,9.24,8.46,9.22,350674
2016-08-04,9.22,9.22,9.03,9.06,290926
2016-08-05,9.14,9.36,9.0,9.19,310481
2016-08-08,9.29,9.29,9.1,9.21,316166
2016-08-09,8.67,9.25,8.51,9.0,348513
2016-08-10,8.95,9.12,8.7,8.71,269368
2016-08-11,8.79,9.15,8.7,8.91,161349
2016-08-12,8.83,9.08,8.76,9.05,178551
2016-08-15,9.11,9.58,9.06,9.29,398669
2016-08-16,9.21,9.57,8.95,9.1,243466
2016-08-17,9.1,9.15,8.82,8.96,151888
2016-08-18,8.99,9.32,8.91,9.18,135050
2016-08-19,9.18,9.38,8.96,9.2,259728
2016-08-22,9.24,9.27,8.92,9.15,241657
2016-08-23,9.23,9.24,9.09,9.19,148830
2016-08-24,9.14,9.44,8.51,8.6,478404
2016-08-25,8.57,8.99,8.37,8.52,306825
2016-08-26,8.55,8.81,8.41,8.57,170751
2016-08-29,8.63,8.63,8.12,8.2,297332
2016-08-30,8.17,8.39,8.1,8.37,215674
2016-08-31,8.32,8.57,7.91,7.96,457785
2016-09-01,8.01,8.33,7.76,7.97,253002
2016-09-02,8.03,8.09,7.86,7.97,116388
2016-09-06,8.03,8.21,7.94,8.04,182009
2016-09-07,8.05,8.24,7.99,8.17,150380
2016-09-08,8.16,8.36,8.09,8.2,142715
2016-09-09,8.07,8.24,7.88,7.93,245915
2016-09-12,7.84,8.26,7.84,8.26,203738
2016-09-13,8.16,8.24,7.76,7.91,196884
2016-09-14,7.97,8.1,7.73,7.93,239499
2016-09-15,7.97,8.24,7.89,8.18,239286
2016-09-16,8.2,8.4,8.1,8.38,563890
2016-09-19,8.39,8.61,8.33,8.34,230540
2016-09-20,8.45,8.47,8.19,8.29,216539
2016-09-21,8.36,8.48,8.1,8.31,154611
2016-09-22,8.36,8.37,8.15,8.2,245979
2016-09-23,8.2,8.27,7.9,7.99,321868
2016-09-26,7.87,8.07,7.85,7.89,260030
2016-09-27,7.9,7.98,7.79,7.97,333361
2016-09-28,7.99,8.0,7.77,7.95,175411
2016-09-29,7.96,7.98,7.71,7.87,253259
2016-09-30,7.93,8.26,7.84,8.23,256678
2016-10-03,8.23,8.23,7.97,8.07,166516
2016-10-04,8.11,8.31,8.0,8.05,165197
2016-10-05,8.06,8.19,7.97,8.02,201440
2016-10-06,7.95,8.0,7.7,7.75,370019
2016-10-07,7.77,7.8,7.45,7.54,188998
2016-10-10,7.6,7.9,7.5,7.6,159336
2016-10-11,7.55,7.6,7.1,7.25,196708
2016-10-12,7.25,7.34,6.6,6.7,435050
2016-10-13,6.7,6.9,6.55,6.8,301348
2016-10-14,6.8,6.9,6.1,6.35,325223
2016-10-17,6.1,6.5,6.1,6.4,200683
2016-10-18,6.45,6.5,6.15,6.4,130485
2016-10-19,6.4,6.5,6.2,6.4,127289
2016-10-20,6.35,6.55,6.3,6.5,178670
2016-10-21,6.4,6.7,6.35,6.45,129460
2016-10-24,6.55,6.6,6.3,6.45,74485
2016-10-25,6.45,6.5,6.25,6.3,86928
2016-10-26,6.25,6.35,6.0,6.1,177186
2016-10-27,6.15,6.15,5.9,6.0,283490
2016-10-28,5.95,6.3,5.95,6.25,214303
2016-10-31,6.25,6.5,6.1,6.25,415959
2016-11-01,6.3,6.55,5.95,6.05,215213
2016-11-02,6.1,6.25,5.88,5.9,250372
2016-11-03,5.95,6.18,5.8,5.85,211541
2016-11-04,5.8,6.15,5.6,5.8,283304
2016-11-07,6.0,6.25,5.8,6.15,408213
2016-11-08,6.15,6.25,5.95,6.25,263651
2016-11-09,6.35,7.0,6.35,7.0,685614
2016-11-10,7.2,7.75,6.95,7.55,490799
2016-11-11,7.55,7.6,7.25,7.6,461546
2016-11-14,7.7,7.7,7.35,7.55,410490
2016-11-15,7.5,7.55,7.25,7.45,249720
2016-11-16,7.45,7.7,7.35,7.55,160724
2016-11-17,7.6,7.65,7.4,7.5,119824
2016-11-18,7.5,7.55,7.34,7.45,175956
2016-11-21,7.4,7.45,7.2,7.3,165346
2016-11-22,7.35,7.35,7.05,7.25,237668
2016-11-23,7.2,7.35,7.05,7.3,237642
2016-11-25,7.3,7.35,7.15,7.35,75149
2016-11-28,7.3,7.35,6.88,6.95,225055
2016-11-29,7.0,7.15,6.7,6.8,205636
2016-11-30,6.85,6.85,6.5,6.65,232699
2016-12-01,6.65,6.8,6.1,6.2,260696
2016-12-02,6.25,6.45,5.95,6.0,300968
2016-12-05,6.1,6.35,6.05,6.35,258859
2016-12-06,6.4,6.7,6.1,6.62,312805
2016-12-07,6.6,6.65,6.25,6.5,236286
2016-12-08,6.5,6.7,6.3,6.6,215442
2016-12-09,6.65,7.15,6.6,7.0,376506
2016-12-12,7.0,7.18,6.72,7.1,226287
2016-12-13,7.2,7.35,6.95,7.0,191431
2016-12-14,6.95,7.2,6.9,7.1,216418
2016-12-15,7.1,7.35,7.0,7.05,236980
2016-12-16,7.1,7.48,7.05,7.35,445931
2016-12-19,7.3,7.6,7.05,7.1,230834
2016-12-20,7.2,7.35,6.95,7.25,228555
2016-12-21,7.35,7.35,6.98,7.05,184778
2016-12-22,7.0,7.2,6.85,7.0,301231
2016-12-23,7.0,7.35,7.0,7.3,129266
2016-12-27,7.25,7.3,7.0,7.05,210656
2016-12-28,7.15,7.2,6.85,6.95,159488
2016-12-29,7.0,7.25,6.9,7.1,509631
2016-12-30,7.1,7.15,6.9,6.95,238140
2017-01-03,7.1,7.25,6.95,7.25,145369
2017-01-04,7.25,7.6,7.2,7.4,171819
2017-01-05,7.3,7.45,7.1,7.25,90924
2017-01-06,7.35,7.45,7.1,7.15,93728
2017-01-09,7.2,7.35,7.1,7.25,107165
2017-01-10,7.25,7.35,7.15,7.3,57098
2017-01-11,7.3,7.4,7.05,7.2,165475
2017-01-12,7.1,7.35,7.05,7.15,106312
2017-01-13,7.2,7.4,7.15,7.2,111517
2017-01-17,7.15,7.18,6.8,6.9,208809
2017-01-18,7.0,7.2,6.85,7.15,268296
2017-01-19,7.1,7.18,6.85,7.0,254937
2017-01-20,7.0,7.15,6.95,7.1,148352
2017-01-23,7.05,7.2,6.95,7.15,143846
2017-01-24,7.2,7.55,7.1,7.55,247007
2017-01-25,7.55,7.7,7.15,7.3,224504
2017-01-26,7.3,7.35,7.1,7.15,127278
2017-01-27,7.15,7.15,6.85,7.0,200063
2017-01-30,7.0,7.0,6.75,6.9,388865
2017-01-31,6.85,7.35,6.6,7.25,209206
2017-02-01,7.25,7.45,7.05,7.1,163149
2017-02-02,7.15,7.2,7.0,7.1,199019
2017-02-03,7.15,7.35,7.0,7.3,115849
2017-02-06,7.25,7.35,7.1,7.2,79342
2017-02-07,7.3,7.3,7.05,7.1,136007
2017-02-08,7.05,7.15,6.9,7.05,169034
2017-02-09,7.0,7.5,7.0,7.35,215151
2017-02-10,7.35,7.45,7.2,7.35,120208
2017-02-13,7.45,7.45,7.15,7.2,108200
2017-02-14,7.25,7.25,7.05,7.15,184423
2017-02-15,7.25,7.25,7.0,7.25,153002
2017-02-16,7.15,7.25,7.05,7.18,161968
2017-02-17,7.2,7.35,7.05,7.15,256534
2017-02-21,7.2,7.3,7.0,7.1,186660
2017-02-22,7.15,7.2,7.05,7.15,122461
2017-02-23,7.1,7.28,6.9,7.2,210941
2017-02-24,7.1,7.45,7.1,7.2,195147
2017-02-27,7.2,7.9,7.2,7.7,323362
2017-02-28,7.7,7.9,7.5,7.65,233679
2017-03-01,7.7,8.15,7.7,8.05,342414
2017-03-02,8.05,8.3,7.8,8.05,478562
2017-03-03,8.0,8.1,7.6,7.65,203296
2017-03-06,7.7,7.9,7.4,7.45,129156
2017-03-07,7.4,7.8,7.3,7.35,124671
2017-03-08,7.35,7.8,7.0,7.35,253871
2017-03-09,7.35,7.7,7.25,7.6,697212
2017-03-10,7.75,7.75,7.5,7.65,168318
2017-03-13,7.6,7.95,7.5,7.6,267472
2017-03-14,7.6,7.6,7.3,7.35,127244
2017-03-15,7.4,7.7,7.3,7.65,111551
2017-03-16,7.65,7.65,7.35,7.45,143544
2017-03-17,7.55,8.05,7.25,7.95,831816
2017-03-20,7.95,8.0,7.6,7.7,175497
2017-03-21,7.8,7.8,7.2,7.25,286032
2017-03-22,7.2,7.4,7.05,7.15,254447
2017-03-23,7.15,7.58,7.1,7.4,172166
2017-03-24,7.45,7.5,7.3,7.45,122588
2017-03-27,7.4,7.75,7.4,7.6,105158
2017-03-28,7.5,7.7,7.35,7.4,124876
2017-03-29,7.4,7.55,7.4,7.45,94289
2017-03-30,7.45,7.45,7.25,7.35,170005
2017-03-31,7.4,7.5,7.25,7.45,209169
2017-04-03,7.5,7.5,7.0,7.15,1443909
2017-04-04,7.1,7.2,6.75,6.95,303435
2017-04-05,6.95,7.0,6.85,6.9,278287
2017-04-06,6.9,6.95,6.65,6.7,192457
2017-04-07,6.7,6.8,6.3,6.55,414211
2017-04-10,6.5,6.6,6.2,6.35,140813
2017-04-11,6.4,6.5,6.2,6.2,181545
2017-04-12,6.1,6.3,5.95,6.15,265678
2017-04-13,6.1,6.25,6.0,6.05,154472
2017-04-17,6.0,6.15,5.9,6.0,144032
2017-04-18,5.95,6.15,5.9,6.05,122856
2017-04-19,6.05,6.4,6.05,6.3,198771
2017-04-20,6.35,6.75,6.35,6.65,216166
2017-04-21,6.65,6.7,6.4,6.6,166073
2017-04-24,6.8,6.8,6.6,6.65,240511
2017-04-25,6.8,7.05,6.6,6.95,173349
2017-04-26,7.0,7.3,6.9,7.2,271766
2017-04-27,7.2,7.28,6.95,7.05,207822
2017-04-28,7.05,7.05,6.75,6.85,185599
2017-05-01,6.85,6.95,6.7,6.9,75325
2017-05-02,6.35,6.8,6.05,6.18,284035
2017-05-03,6.1,6.15,5.95,6.0,252869
2017-05-04,6.15,6.4,6.0,6.15,331446
2017-05-05,6.15,6.2,6.05,6.05,263074
2017-05-08,6.0,6.2,5.98,6.0,287093
2017-05-09,6.0,6.25,6.0,6.05,232785
2017-05-10,6.3,6.4,6.05,6.1,292238
2017-05-11,6.1,6.15,5.7,6.05,753930
2017-05-12,6.0,6.1,5.9,6.0,190693
2017-05-15,5.95,6.15,5.9,6.05,190715
2017-05-16,6.0,6.25,5.9,6.15,183184
2017-05-17,6.1,6.25,5.9,6.0,359188
2017-05-18,6.0,6.25,5.9,6.1,298354
2017-05-19,6.1,6.35,5.75,5.8,531837
2017-05-22,5.8,6.2,5.7,6.1,505333
2017-05-23,6.05,6.45,5.85,6.4,585240
2017-05-24,6.4,6.61,6.2,6.5,258962
2017-05-25,6.55,6.55,6.0,6.15,282079
2017-05-26,6.05,6.15,5.6,5.65,474883
2017-05-30,5.7,5.75,5.0,5.15,771349
2017-05-31,5.2,5.4,4.9,5.15,1508693
2017-06-01,5.15,5.6,5.08,5.45,577393
2017-06-02,5.55,6.35,5.45,6.2,467398
2017-06-05,6.25,6.35,5.95,6.15,267432
2017-06-06,6.05,6.3,6.0,6.2,223805
2017-06-07,6.25,6.45,6.15,6.25,382439
2017-06-08,6.25,6.35,6.12,6.25,256237
2017-06-09,6.35,6.5,5.95,6.15,480389
2017-06-12,6.1,6.3,5.95,6.05,404107
2017-06-13,6.05,6.25,5.85,6.15,667170
2017-06-14,6.2,6.25,5.95,6.05,600725
2017-06-15,6.0,6.05,5.85,6.0,268249
2017-06-16,5.9,6.05,5.75,6.0,542611
2017-06-19,6.1,6.7,6.1,6.6,892990
2017-06-20,6.7,6.75,6.45,6.55,494983
2017-06-21,6.6,6.75,6.45,6.65,667660
2017-06-22,6.75,6.85,6.6,6.7,641397
2017-06-23,6.65,7.45,6.62,7.35,2387579
2017-06-26,7.35,7.5,7.05,7.15,681657
2017-06-27,7.2,7.2,6.8,6.95,502207
2017-06-28,7.1,7.5,6.95,7.1,143651
2017-06-29,7.15,7.25,6.95,7.2,246537
2017-06-30,7.15,7.5,7.15,7.35,299463
2017-07-03,7.2,7.45,7.2,7.45,97560
2017-07-05,7.3,7.5,7.2,7.3,164912
2017-07-06,7.35,7.35,6.95,6.95,322649
2017-07-07,7.05,7.1,6.8,6.8,180549
2017-07-10,6.7,6.85,6.55,6.65,92678
2017-07-11,6.6,6.7,6.45,6.45,157852
2017-07-12,6.6,6.7,6.35,6.6,121242
2017-07-13,6.5,6.65,6.15,6.5,145069
2017-07-14,6.45,6.8,6.25,6.5,84321
2017-07-17,6.35,6.65,6.25,6.25,117005
2017-07-18,6.3,6.5,6.2,6.35,139573
2017-07-19,6.4,6.75,6.35,6.35,92991
2017-07-20,6.4,6.5,6.2,6.25,152594
2017-07-21,6.65,6.7,6.25,6.35,158116
2017-07-24,6.45,6.45,6.3,6.4,108579
2017-07-25,6.45,6.48,6.12,6.15,201693
2017-07-26,6.25,6.25,6.0,6.05,107506
2017-07-27,6.1,6.2,5.6,5.75,258198
2017-07-28,5.7,6.05,5.7,5.8,189720
2017-07-31,5.8,6.25,5.65,5.85,499738
2017-08-01,5.95,5.98,5.6,5.7,161578
