Date,Open,High,Low,Close,Volume
2014-03-27,19.4,19.45,18.53,19.25,1618247
2014-03-28,19.49,19.49,19.08,19.4,424313
2014-03-31,19.4,19.8,19.26,19.8,509377
2014-04-01,19.64,19.7,19.5,19.6,258689
2014-04-02,19.63,19.69,19.5,19.55,52489
2014-04-03,19.64,19.64,19.4,19.55,54104
2014-04-04,19.55,19.57,19.2,19.25,83944
2014-04-07,19.23,19.34,19.1,19.15,26000
2014-04-08,19.15,19.4,19.04,19.3,57580
2014-04-09,19.35,19.47,19.3,19.38,51143
2014-04-10,19.31,19.39,19.1,19.22,85858
2014-04-11,19.2,19.33,19.2,19.21,17271
2014-04-14,19.29,19.39,19.27,19.35,30879
2014-04-15,19.37,19.49,19.24,19.45,32365
2014-04-16,19.41,19.61,19.35,19.53,25718
2014-04-17,19.55,19.74,19.51,19.6,33200
2014-04-21,19.67,19.67,19.5,19.57,21170
2014-04-22,19.7,19.73,19.35,19.53,30462
2014-04-23,19.52,19.8,19.44,19.68,41900
2014-04-24,19.7,20.0,19.55,19.9,94568
2014-04-25,20.0,20.0,19.76,19.9,34030
2014-04-28,20.0,20.0,19.85,19.96,35009
2014-04-29,19.95,20.02,19.9,20.0,87019
2014-04-30,19.75,19.91,19.5,19.9,66833
2014-05-01,19.79,20.0,19.75,19.75,41035
2014-05-02,19.95,19.98,19.75,19.97,37078
2014-05-05,19.75,19.98,19.75,19.92,43037
2014-05-06,19.75,19.92,19.3,19.92,195278
2014-05-07,19.85,19.93,19.7,19.8,70724
2014-05-08,19.91,19.91,19.21,19.72,132478
2014-05-09,19.64,19.85,19.45,19.85,160897
2014-05-12,19.99,19.99,19.6,19.8,45839
2014-05-13,19.7,19.7,19.55,19.6,52485
2014-05-14,19.7,19.75,19.6,19.65,24066
2014-05-15,19.74,19.74,19.32,19.36,66724
2014-05-16,19.3,19.35,19.12,19.15,59834
2014-05-19,19.12,19.42,19.05,19.3,40172
2014-05-20,19.43,19.73,19.27,19.65,67124
2014-05-21,19.74,19.9,19.53,19.69,97765
2014-05-22,19.63,19.9,19.57,19.67,65352
2014-05-23,19.67,19.89,19.59,19.89,55894
2014-05-27,19.84,20.04,19.77,19.78,80620
2014-05-28,19.8,20.0,19.79,20.0,56617
2014-05-29,19.97,20.0,19.69,19.83,74956
2014-05-30,19.85,20.0,19.85,19.94,23940
2014-06-02,19.99,19.99,19.71,19.71,58800
2014-06-03,19.68,20.0,19.51,19.92,56601
2014-06-04,19.93,19.95,19.81,19.92,30488
2014-06-05,19.92,20.08,19.77,19.9,46097
2014-06-06,19.9,19.93,19.82,19.88,21809
2014-06-09,19.9,20.0,19.8,19.99,16238
2014-06-10,19.87,19.94,19.76,19.83,45728
2014-06-11,19.9,19.9,19.75,19.84,25156
2014-06-12,19.78,19.84,19.7,19.74,21751
2014-06-13,19.69,19.99,19.69,19.99,19323
2014-06-16,19.99,19.99,19.79,19.8,24746
2014-06-17,19.91,19.94,19.72,19.94,23161
2014-06-18,19.84,19.95,19.77,19.85,25608
2014-06-19,19.89,19.9,19.86,19.9,13091
2014-06-20,19.83,19.89,19.6,19.67,39868
2014-06-23,19.58,19.99,19.34,19.94,67761
2014-06-24,19.9,19.95,19.78,19.84,22158
2014-06-25,19.87,19.9,19.74,19.75,41903
2014-06-26,19.85,19.85,19.48,19.48,44994
2014-06-27,19.68,19.68,19.39,19.57,30240
2014-06-30,19.65,20.01,19.65,19.83,36286
2014-07-01,19.94,19.99,19.91,19.98,11478
2014-07-02,19.97,19.97,19.0,19.75,49807
2014-07-03,19.74,19.79,19.14,19.79,24424
2014-07-07,19.97,19.97,19.59,19.76,22658
2014-07-08,19.78,19.8,19.75,19.79,24509
2014-07-09,19.75,19.77,19.6,19.62,23946
2014-07-10,19.62,19.81,19.52,19.78,35363
2014-07-11,19.56,19.81,19.44,19.7,17350
2014-07-14,19.65,19.79,19.65,19.75,30747
2014-07-15,19.71,19.94,19.44,19.67,24962
2014-07-16,19.75,19.88,19.55,19.8,57110
2014-07-17,19.75,19.98,19.67,19.93,67874
2014-07-18,19.88,19.94,19.84,19.94,36006
2014-07-21,19.85,19.85,19.17,19.6,50358
2014-07-22,19.6,19.94,19.6,19.91,45263
2014-07-23,19.95,19.95,19.54,19.61,147409
2014-07-24,19.66,19.66,19.23,19.3,57752
2014-07-25,19.31,19.48,19.22,19.48,68360
2014-07-28,19.47,19.51,19.35,19.38,44208
2014-07-29,19.42,19.5,19.19,19.21,35990
2014-07-30,19.28,19.36,19.03,19.17,56855
2014-07-31,19.02,19.03,18.78,18.91,35826
2014-08-01,18.82,18.96,18.6,18.72,31287
2014-08-04,18.75,18.95,18.6,18.95,30927
2014-08-05,18.77,18.98,18.72,18.79,38350
2014-08-06,18.62,18.88,18.58,18.64,58282
2014-08-07,18.67,18.86,18.61,18.7,31446
2014-08-08,18.95,18.95,18.67,18.69,28387
2014-08-11,19.13,19.15,18.92,19.0,29972
2014-08-12,19.04,19.22,18.94,19.11,38686
2014-08-13,19.08,19.25,19.05,19.2,30946
2014-08-14,19.15,19.59,19.15,19.41,46088
2014-08-15,19.69,19.69,19.34,19.51,48239
2014-08-18,19.58,19.58,19.33,19.49,27786
2014-08-19,19.4,19.64,19.38,19.52,49228
2014-08-20,19.42,19.74,19.42,19.74,40241
2014-08-21,19.58,19.82,19.58,19.79,30223
2014-08-22,19.79,19.82,19.4,19.59,76164
2014-08-25,19.59,19.78,19.32,19.57,48854
2014-08-26,19.66,19.75,19.55,19.55,26661
2014-08-27,19.59,19.73,19.58,19.7,31010
2014-08-28,19.73,19.76,19.58,19.59,70097
2014-08-29,19.64,19.76,19.46,19.51,39853
2014-09-02,19.58,19.68,19.52,19.6,25880
2014-09-03,19.54,19.61,19.41,19.53,27363
2014-09-04,19.53,19.6,19.33,19.35,24305
2014-09-05,19.46,19.5,19.15,19.25,46881
2014-09-08,19.34,19.34,19.17,19.17,42887
2014-09-09,19.22,19.29,18.91,18.91,66143
2014-09-10,19.0,19.18,18.96,19.17,40896
2014-09-11,19.22,19.31,19.05,19.3,43170
2014-09-12,19.37,19.47,19.02,19.07,26141
2014-09-15,19.0,19.03,18.8,18.98,36629
2014-09-16,19.0,19.21,18.97,19.03,29473
2014-09-17,19.01,19.11,18.9,18.96,62451
2014-09-18,19.0,19.07,18.89,18.91,95673
2014-09-19,18.84,19.0,18.83,18.86,56561
2014-09-22,18.9,18.9,18.66,18.81,66623
2014-09-23,18.7,18.84,18.43,18.44,87205
2014-09-24,18.41,18.54,18.34,18.4,102821
2014-09-25,18.38,18.44,18.11,18.17,71890
2014-09-26,18.14,18.5,18.14,18.46,26314
2014-09-29,18.38,18.68,18.35,18.63,54558
2014-09-30,18.73,19.22,18.62,19.22,74609
2014-10-01,19.15,19.24,18.94,19.0,47205
2014-10-02,19.02,19.1,18.69,19.03,44048
2014-10-03,19.18,19.18,18.98,19.06,73846
2014-10-06,19.2,19.95,18.96,19.12,53263
2014-10-07,19.05,19.07,18.82,18.94,42681
2014-10-08,18.85,18.9,18.45,18.84,38465
2014-10-09,18.81,18.81,18.26,18.56,58865
2014-10-10,18.11,18.2,17.35,17.83,54532
2014-10-13,17.74,17.8,17.16,17.19,42835
2014-10-14,17.38,17.38,16.51,16.74,61868
2014-10-15,16.25,16.93,15.88,16.91,168379
2014-10-16,16.3,17.68,16.3,17.24,59195
2014-10-17,17.57,18.21,17.51,18.0,101146
2014-10-20,17.95,18.15,17.8,17.96,23297
2014-10-21,18.01,18.3,17.95,18.02,64336
2014-10-22,18.09,18.18,17.76,17.81,54015
2014-10-23,17.88,18.09,17.7,17.92,135880
2014-10-24,17.86,18.14,17.67,17.67,79053
2014-10-27,17.56,17.7,17.03,17.2,89888
2014-10-28,17.35,17.35,17.04,17.18,85685
2014-10-29,17.28,17.49,17.25,17.35,63210
2014-10-30,17.24,17.5,17.24,17.35,62527
2014-10-31,17.54,17.54,17.18,17.29,81564
2014-11-03,17.38,17.4,17.23,17.27,43618
2014-11-04,17.14,17.14,16.65,16.84,82172
2014-11-05,16.84,16.96,16.61,16.75,92909
2014-11-06,16.78,17.02,16.65,16.95,54150
2014-11-07,17.08,17.42,17.08,17.4,53131
2014-11-10,17.38,17.58,16.91,17.03,68159
2014-11-11,16.95,17.03,16.76,16.97,109693
2014-11-12,16.88,17.14,16.85,16.97,76280
2014-11-13,16.97,17.02,16.54,16.67,220869
2014-11-14,16.67,16.91,16.67,16.86,63230
2014-11-17,16.87,17.06,16.76,16.9,132088
2014-11-18,16.8,17.08,16.78,17.03,103483
2014-11-19,17.06,17.24,16.96,17.19,150381
2014-11-20,17.05,17.31,17.05,17.29,103011
2014-11-21,17.39,17.64,17.27,17.27,131445
2014-11-24,17.28,17.4,17.01,17.13,167895
2014-11-25,17.13,17.29,17.01,17.06,82515
2014-11-26,17.09,17.18,17.0,17.12,114446
2014-11-28,16.86,16.88,16.24,16.35,48813
2014-12-01,16.19,16.19,15.18,15.46,172453
2014-12-02,15.45,15.86,15.21,15.6,102172
2014-12-03,15.84,16.2,15.84,16.07,165546
2014-12-04,15.96,16.2,15.92,16.12,161286
2014-12-05,16.05,16.23,15.98,16.01,130685
2014-12-08,15.96,15.96,15.37,15.44,204659
2014-12-09,15.18,15.55,15.03,15.54,167175
2014-12-10,15.28,15.28,14.81,14.83,189649
2014-12-11,14.82,15.6,14.75,15.15,400245
2014-12-12,14.91,15.19,14.78,14.85,168106
2014-12-15,15.04,15.06,14.3,14.42,126822
2014-12-16,14.15,14.32,13.72,13.88,562223
2014-12-17,13.88,14.72,13.88,14.65,319064
2014-12-18,15.1,15.44,14.76,15.2,472560
2014-12-19,15.4,15.53,15.2,15.53,289813
2014-12-22,15.45,15.52,15.18,15.44,226653
2014-12-23,15.4,15.7,15.4,15.55,174262
2014-12-24,15.59,15.59,15.41,15.53,60867
2014-12-26,15.49,15.59,15.15,15.42,121044
2014-12-29,15.38,15.54,15.21,15.3,167789
2014-12-30,15.35,15.4,15.1,15.21,307767
2014-12-31,15.31,15.39,15.17,15.25,249594
2015-01-02,15.36,15.62,15.23,15.62,66150
2015-01-05,15.5,15.5,15.15,15.16,108508
2015-01-06,15.18,15.22,14.69,14.98,113129
2015-01-07,15.3,15.3,14.91,15.07,141788
2015-01-08,15.1,15.34,15.1,15.3,87294
2015-01-09,15.39,15.4,15.17,15.38,63399
2015-01-12,15.26,15.26,14.76,14.82,102000
2015-01-13,14.65,14.65,14.17,14.45,112892
2015-01-14,14.34,14.38,14.0,14.35,117293
2015-01-15,14.47,14.61,14.16,14.17,139610
2015-01-16,14.22,14.55,14.22,14.5,143104
2015-01-20,14.4,14.7,14.33,14.55,115755
2015-01-21,14.59,14.9,14.59,14.88,60601
2015-01-22,14.9,15.1,14.85,14.95,104846
2015-01-23,14.87,15.0,14.8,14.87,149669
2015-01-26,14.87,15.01,14.86,14.99,118760
2015-01-27,14.84,15.17,14.76,15.1,113153
2015-01-28,15.15,15.54,14.98,15.39,447666
2015-01-29,15.38,15.58,15.2,15.43,137095
2015-01-30,15.4,15.83,15.31,15.71,166752
2015-02-02,15.9,16.16,15.74,16.1,127309
2015-02-03,16.1,16.57,16.09,16.45,254819
2015-02-04,16.4,16.5,16.27,16.29,90240
2015-02-05,16.31,16.69,16.31,16.55,258923
2015-02-06,16.66,16.74,16.47,16.54,136057
2015-02-09,16.55,16.79,16.02,16.13,99740
2015-02-10,16.29,16.35,16.16,16.23,75879
2015-02-11,16.15,16.19,15.91,16.07,82913
2015-02-12,16.27,16.4,16.15,16.18,82961
2015-02-13,16.44,16.48,16.3,16.39,67226
2015-02-17,16.52,16.55,16.26,16.42,68727
2015-02-18,16.46,16.63,16.4,16.51,51950
2015-02-19,16.38,16.7,16.32,16.59,63715
2015-02-20,16.65,16.87,16.62,16.84,75561
2015-02-23,16.8,16.95,16.72,16.9,129667
2015-02-24,16.95,17.09,16.8,16.96,120174
2015-02-25,17.01,17.39,17.01,17.14,43475
2015-02-26,17.11,17.11,16.82,16.85,62327
2015-02-27,16.9,16.99,16.74,16.78,53417
2015-03-02,16.84,17.03,16.68,16.74,52207
2015-03-03,16.7,17.25,16.7,17.15,112712
2015-03-04,17.1,17.1,16.78,16.8,171221
2015-03-05,16.88,17.07,16.79,16.9,42257
2015-03-06,16.88,16.88,16.6,16.64,33668
2015-03-09,16.6,16.66,16.26,16.35,31237
2015-03-10,16.2,16.39,16.09,16.24,71177
2015-03-11,16.38,16.38,15.96,15.97,87162
2015-03-12,16.05,16.11,15.86,15.9,56096
2015-03-13,15.94,15.94,15.55,15.64,99717
2015-03-16,15.58,15.64,15.35,15.41,53545
2015-03-17,15.26,15.51,15.19,15.33,59947
2015-03-18,15.32,15.87,15.19,15.71,60797
2015-03-19,15.56,15.75,15.5,15.71,51157
2015-03-20,15.89,16.21,15.89,16.09,45240
2015-03-23,16.18,16.65,16.13,16.51,39616
2015-03-24,16.71,16.8,16.28,16.3,128418
2015-03-25,16.27,16.53,16.05,16.05,77712
2015-03-26,16.32,16.39,16.09,16.22,44143
2015-03-27,16.22,16.49,16.09,16.26,59032
2015-03-30,16.35,16.35,16.21,16.35,45534
2015-03-31,16.31,16.78,16.2,16.3,118500
2015-04-01,16.26,16.48,16.26,16.35,61144
2015-04-02,16.43,16.49,16.11,16.19,71638
2015-04-06,16.29,16.41,16.22,16.33,35673
2015-04-07,16.34,16.62,16.34,16.53,59145
2015-04-08,16.5,16.61,16.39,16.47,33492
2015-04-09,16.57,16.63,16.43,16.57,42074
2015-04-10,16.48,16.65,16.27,16.65,75112
2015-04-13,16.54,16.54,15.86,16.01,56204
2015-04-14,15.96,16.25,15.96,16.2,27990
2015-04-15,16.29,16.74,16.28,16.41,87196
2015-04-16,16.5,16.81,16.48,16.72,35073
2015-04-17,16.67,16.79,16.48,16.74,60105
2015-04-20,16.81,17.02,16.6,16.85,59906
2015-04-21,16.98,16.98,16.62,16.69,47333
2015-04-22,16.69,16.75,16.47,16.48,36159
2015-04-23,16.7,16.87,16.51,16.56,65838
2015-04-24,16.5,16.7,16.5,16.58,57218
2015-04-27,16.5,16.76,16.34,16.34,101616
2015-04-28,16.5,16.5,16.24,16.32,28046
2015-04-29,16.25,16.54,16.23,16.49,44391
2015-04-30,16.56,16.67,16.4,16.64,58033
2015-05-01,16.67,16.77,16.64,16.66,84640
2015-05-04,16.78,16.78,16.55,16.56,16786
2015-05-05,16.7,16.7,16.46,16.55,20253
2015-05-06,16.66,16.66,16.2,16.25,50509
2015-05-07,16.26,16.26,16.02,16.03,38939
2015-05-08,16.22,16.22,16.03,16.08,20742
2015-05-11,16.02,16.07,15.91,15.94,29456
2015-05-12,15.94,16.04,15.8,15.96,31254
2015-05-13,16.01,16.34,16.01,16.14,39080
2015-05-14,16.3,16.42,16.2,16.32,24969
2015-05-15,16.43,16.43,16.23,16.26,56614
2015-05-18,16.36,16.36,16.18,16.23,30948
2015-05-19,16.27,16.27,16.16,16.16,10589
2015-05-20,16.19,16.23,16.1,16.17,21741
2015-05-21,16.28,16.28,15.94,16.05,57554
2015-05-22,16.01,16.22,15.93,16.18,29878
2015-05-26,16.15,16.15,15.89,15.92,21767
2015-05-27,15.98,16.0,15.9,15.92,18357
2015-05-28,15.92,15.92,15.43,15.47,57393
2015-05-29,15.6,15.66,15.5,15.55,26474
2015-06-01,15.6,15.62,15.54,15.61,19732
2015-06-02,15.62,15.68,15.56,15.68,25702
2015-06-03,15.7,15.73,15.49,15.51,38139
2015-06-04,15.54,15.54,15.05,15.16,45606
2015-06-05,15.13,15.22,14.84,14.89,47252
2015-06-08,14.94,14.94,14.44,14.48,63204
2015-06-09,14.66,14.8,14.52,14.71,76399
2015-06-10,14.8,14.88,14.61,14.65,39925
2015-06-11,14.63,14.64,14.38,14.43,50812
2015-06-12,14.35,14.44,14.25,14.32,34203
2015-06-15,14.35,14.42,14.25,14.41,52199
2015-06-16,14.36,14.41,14.24,14.34,100072
2015-06-17,14.37,14.54,14.24,14.54,56747
2015-06-18,14.49,14.52,14.39,14.4,41230
2015-06-19,14.43,14.43,14.23,14.23,19365
2015-06-22,14.43,14.43,14.05,14.12,53518
2015-06-23,14.23,14.45,14.19,14.37,66528
2015-06-24,14.49,14.55,14.43,14.5,96466
2015-06-25,14.49,14.52,14.3,14.45,88687
2015-06-26,14.43,14.61,14.26,14.61,72322
2015-06-29,14.53,14.6,14.39,14.52,106764
2015-06-30,14.56,14.59,14.36,14.53,43197
2015-07-01,14.63,14.63,14.2,14.24,112237
2015-07-02,14.33,14.33,13.99,14.15,51145
2015-07-06,14.07,14.28,14.0,14.16,43459
2015-07-07,14.08,14.3,13.82,14.25,103850
2015-07-08,14.14,14.29,13.94,13.96,26878
2015-07-09,14.29,14.29,14.0,14.04,21458
2015-07-10,14.25,14.42,14.13,14.3,33207
2015-07-13,14.18,14.35,14.05,14.14,29610
2015-07-14,14.1,14.34,14.06,14.1,48287
2015-07-15,14.1,14.1,13.5,13.5,47512
2015-07-16,13.6,13.6,13.35,13.41,60811
2015-07-17,13.35,13.39,13.05,13.08,44522
2015-07-20,13.14,13.18,12.67,12.72,102661
2015-07-21,12.75,12.98,12.67,12.75,75656
2015-07-22,12.71,12.71,12.29,12.32,86617
2015-07-23,12.43,12.49,12.2,12.31,56431
2015-07-24,12.25,12.49,12.17,12.41,114832
2015-07-27,12.32,12.45,12.14,12.14,150027
2015-07-28,12.15,12.56,12.04,12.43,98278
2015-07-29,12.49,13.41,12.4,13.3,130503
2015-07-30,13.15,13.51,13.02,13.4,101686
2015-07-31,13.43,13.56,13.13,13.15,99037
2015-08-03,13.04,13.13,12.82,12.83,38748
2015-08-04,12.96,12.96,12.5,12.5,50863
2015-08-05,12.5,12.77,11.64,11.64,89931
2015-08-06,11.6,11.8,11.28,11.41,104712
2015-08-07,11.4,11.66,11.37,11.42,50608
2015-08-10,11.59,11.96,11.59,11.68,64475
2015-08-11,11.46,11.83,11.41,11.82,68192
2015-08-12,11.88,12.22,11.75,12.21,84282
2015-08-13,12.22,12.43,12.06,12.11,70274
2015-08-14,12.14,12.43,12.14,12.41,51761
2015-08-17,12.54,13.11,12.47,12.99,73898
2015-08-18,13.05,13.06,12.86,12.97,90416
2015-08-19,12.78,12.98,12.59,12.88,51023
2015-08-20,12.85,13.11,12.71,12.78,66781
2015-08-21,13.09,13.09,12.29,12.41,56716
2015-08-24,11.5,12.0,11.0,11.0,121387
2015-08-25,11.54,11.54,10.67,10.67,77385
2015-08-26,10.97,11.39,10.73,11.31,38464
2015-08-27,11.47,12.45,11.45,12.42,171883
2015-08-28,12.39,12.48,12.1,12.31,63925
2015-08-31,12.31,12.93,12.04,12.42,37356
2015-09-01,12.22,12.22,12.01,12.16,31912
2015-09-02,12.29,12.32,11.97,12.08,60345
2015-09-03,12.15,12.23,11.98,12.02,36801
2015-09-04,11.9,12.22,11.83,12.2,31411
2015-09-08,12.24,12.57,12.24,12.47,31856
2015-09-09,12.46,12.52,11.97,12.04,34529
2015-09-10,11.95,12.0,11.67,11.82,40908
2015-09-11,11.73,11.73,11.28,11.41,34924
2015-09-14,11.31,11.31,10.96,11.01,37184
2015-09-15,10.92,11.22,10.86,11.21,41736
2015-09-16,11.39,11.54,11.28,11.52,37685
2015-09-17,11.56,11.83,11.41,11.74,32138
2015-09-18,11.51,11.68,11.27,11.45,47830
2015-09-21,11.47,11.62,11.4,11.62,22927
2015-09-22,11.43,11.48,11.21,11.31,28652
2015-09-23,11.41,11.49,10.96,11.0,34703
2015-09-24,10.87,11.02,10.54,10.83,36693
2015-09-25,10.94,11.02,10.27,10.32,72483
2015-09-28,10.27,10.27,9.77,9.93,102504
2015-09-29,9.81,10.06,9.38,9.53,80111
2015-09-30,9.5,10.23,9.5,9.9,85091
2015-10-01,9.9,10.17,9.84,9.85,25191
2015-10-02,9.65,10.13,9.65,9.97,44632
2015-10-05,10.19,10.49,10.19,10.49,72021
2015-10-06,10.5,11.58,10.49,11.58,39072
2015-10-07,11.61,12.18,11.31,11.64,65018
2015-10-08,11.56,12.04,11.51,12.02,28004
2015-10-09,12.04,12.25,11.93,12.19,25094
2015-10-12,12.04,12.11,11.52,11.57,45154
2015-10-13,11.26,11.32,10.91,11.07,41789
2015-10-14,11.01,11.23,10.8,11.19,35380
2015-10-15,11.19,11.3,10.91,11.18,37396
2015-10-16,11.2,11.3,11.19,11.27,11913
2015-10-19,11.15,11.28,10.95,11.0,31981
2015-10-20,10.97,11.25,10.97,11.12,23300
2015-10-21,11.07,11.34,10.96,11.11,32260
2015-10-22,11.18,11.18,10.77,10.98,26807
2015-10-23,10.95,11.11,10.4,10.79,65886
2015-10-26,10.67,10.67,9.92,9.96,98029
2015-10-27,9.76,9.89,9.49,9.5,144725
2015-10-28,9.55,10.13,9.49,10.02,103989
2015-10-29,10.08,10.26,9.82,10.16,76264
2015-10-30,10.13,10.44,9.99,10.34,69986
2015-11-02,10.23,10.56,10.23,10.48,27344
2015-11-03,10.52,10.75,10.44,10.66,66411
2015-11-04,10.63,10.64,10.12,10.51,97642
2015-11-05,10.3,10.38,10.04,10.15,61577
2015-11-06,10.02,10.04,9.65,9.8,89013
2015-11-09,9.8,9.86,9.55,9.64,53548
2015-11-10,9.55,9.66,9.41,9.6,58590
2015-11-11,9.73,9.73,9.28,9.39,88829
2015-11-12,9.25,9.25,8.91,8.91,90289
2015-11-13,8.89,9.5,8.66,8.84,220560
2015-11-16,8.95,9.23,8.88,9.03,132588
2015-11-17,9.04,9.05,8.68,8.72,78763
2015-11-18,8.77,8.9,8.61,8.82,80212
2015-11-19,8.83,8.83,8.46,8.58,81328
2015-11-20,8.63,8.63,8.15,8.25,122072
2015-11-23,8.25,8.46,8.01,8.03,92625
2015-11-24,8.12,8.48,8.12,8.22,106941
2015-11-25,8.22,8.29,8.01,8.26,64721
2015-11-27,8.22,8.33,8.07,8.22,60665
2015-11-30,8.31,8.44,8.28,8.35,118243
2015-12-01,8.35,8.61,8.35,8.6,94385
2015-12-02,8.55,8.55,8.31,8.38,189695
2015-12-03,8.38,8.49,8.1,8.2,155061
2015-12-04,8.15,8.28,7.81,7.86,274290
2015-12-07,7.68,7.68,7.06,7.36,158330
2015-12-08,7.1,7.48,7.03,7.14,118106
2015-12-09,7.31,7.5,7.07,7.24,127644
2015-12-10,7.13,7.41,6.95,6.97,116066
2015-12-11,6.84,6.95,6.46,6.54,101974
2015-12-14,6.45,6.62,6.27,6.34,108113
2015-12-15,6.4,6.56,6.19,6.19,135938
2015-12-16,6.15,6.44,6.15,6.36,146370
2015-12-17,6.37,6.38,5.86,5.89,166502
2015-12-18,5.8,5.93,5.52,5.58,289798
2015-12-21,5.5,5.86,5.49,5.83,235724
2015-12-22,5.82,6.24,5.81,6.11,327126
2015-12-23,6.27,7.03,6.26,6.65,542017
2015-12-24,6.66,6.91,6.66,6.74,125229
2015-12-28,6.64,6.66,6.41,6.49,218844
2015-12-29,6.58,6.68,6.32,6.42,201554
2015-12-30,6.34,6.5,6.25,6.39,275933
2015-12-31,6.33,7.0,6.32,6.97,200830
2016-01-04,6.89,7.04,6.73,7.01,67135
2016-01-05,7.03,7.06,6.83,6.98,40619
2016-01-06,6.8,6.94,6.52,6.61,77459
2016-01-07,6.57,6.58,6.2,6.23,68154
2016-01-08,6.25,6.46,6.2,6.33,58216
2016-01-11,6.34,6.34,5.9,5.9,73421
2016-01-12,6.04,6.21,5.52,5.76,121656
2016-01-13,5.55,5.66,4.97,5.1,97364
2016-01-14,5.17,5.33,4.97,5.28,94306
2016-01-15,5.05,5.16,4.82,4.88,140720
2016-01-19,4.96,5.05,4.42,4.6,79279
2016-01-20,4.33,4.58,3.9,4.07,196136
2016-01-21,4.12,4.35,4.1,4.3,93581
2016-01-22,4.6,4.84,4.53,4.83,118423
2016-01-25,4.8,5.1,4.6,4.62,103333
2016-01-26,4.75,5.06,4.61,4.97,120290
2016-01-27,4.91,5.05,4.82,4.99,93595
2016-01-28,5.25,5.48,5.22,5.39,118190
2016-01-29,5.51,5.78,5.51,5.67,74552
2016-02-01,5.55,5.71,5.34,5.71,108215
2016-02-02,5.56,5.66,5.37,5.42,65197
2016-02-03,5.57,5.62,5.21,5.6,30740
2016-02-04,5.62,5.84,5.56,5.84,34210
2016-02-05,5.78,5.84,5.58,5.62,31015
2016-02-08,5.5,5.5,4.87,4.95,56171
2016-02-09,4.7,4.81,4.52,4.7,140295
2016-02-10,4.7,4.83,4.6,4.62,108544
2016-02-11,4.5,4.58,4.15,4.28,107507
2016-02-12,4.35,4.52,4.28,4.52,65159
2016-02-16,4.81,5.0,4.67,4.84,174628
2016-02-17,5.04,5.3,4.98,5.2,104054
2016-02-18,5.3,5.41,5.13,5.34,93507
2016-02-19,5.22,5.3,5.0,5.19,43756
2016-02-22,5.33,5.59,5.33,5.41,40314
2016-02-23,5.47,5.47,5.21,5.22,63680
2016-02-24,5.06,5.32,5.03,5.26,48516
2016-02-25,5.29,5.29,5.1,5.25,48397
2016-02-26,5.37,5.51,5.27,5.35,53170
2016-02-29,5.42,5.57,5.34,5.49,80407
2016-03-01,5.52,5.64,5.4,5.56,56204
2016-03-02,5.57,5.83,5.54,5.74,61268
2016-03-03,5.72,6.15,5.72,6.04,82789
2016-03-04,6.13,6.24,5.99,5.99,69318
2016-03-07,6.0,6.13,5.98,6.12,66803
2016-03-08,6.03,6.03,5.8,5.86,66749
2016-03-09,6.03,6.03,5.89,5.94,73761
2016-03-10,5.93,6.0,5.86,5.93,52371
2016-03-11,6.03,6.22,6.01,6.04,47896
2016-03-14,5.95,6.14,5.95,6.14,71606
2016-03-15,6.06,6.08,5.9,5.93,42939
2016-03-16,5.99,6.36,5.99,6.31,43036
2016-03-17,6.48,6.58,6.39,6.5,79457
2016-03-18,6.57,6.74,6.45,6.7,50424
2016-03-21,6.73,6.73,6.52,6.59,47875
2016-03-22,6.54,6.73,6.54,6.72,32804
2016-03-23,6.71,6.75,6.5,6.58,52852
2016-03-24,6.44,6.64,6.32,6.54,56950
2016-03-28,6.55,6.55,6.42,6.47,44753
2016-03-29,6.42,6.52,6.37,6.52,44024
2016-03-30,6.6,6.76,6.55,6.67,33764
2016-03-31,6.7,6.81,6.63,6.78,62208
2016-04-01,6.56,6.66,6.53,6.57,27726
2016-04-04,6.52,6.58,6.35,6.4,62613
2016-04-05,6.35,6.35,6.2,6.25,26243
2016-04-06,6.4,6.49,6.3,6.44,46379
2016-04-07,6.46,6.49,6.43,6.48,28805
2016-04-08,6.59,6.78,6.59,6.66,28900
2016-04-11,6.78,6.89,6.72,6.75,28726
2016-04-12,6.75,7.23,6.75,7.11,65358
2016-04-13,7.02,7.03,6.86,6.94,40019
2016-04-14,7.05,7.05,6.85,6.87,19509
2016-04-15,6.82,6.85,6.74,6.79,21653
2016-04-18,6.67,7.04,6.51,7.04,61243
2016-04-19,7.08,7.41,7.06,7.41,75000
2016-04-20,7.41,7.9,7.4,7.71,79121
2016-04-21,7.81,8.07,7.72,7.93,63619
2016-04-22,8.06,8.3,7.96,8.22,73949
2016-04-25,8.29,8.35,8.13,8.24,78621
2016-04-26,8.34,8.72,8.31,8.69,89116
2016-04-27,8.82,9.1,8.8,9.0,87175
2016-04-28,8.99,9.46,8.91,9.17,59884
2016-04-29,9.18,9.24,8.54,8.83,141467
2016-05-02,8.82,8.85,8.37,8.53,53250
2016-05-03,8.38,8.47,8.15,8.26,49990
2016-05-04,8.22,8.39,8.2,8.27,48868
2016-05-05,8.47,9.65,8.42,8.68,137868
2016-05-06,8.46,8.91,8.46,8.72,32884
2016-05-09,8.7,8.77,8.27,8.44,79587
2016-05-10,8.4,8.69,8.4,8.47,36523
2016-05-11,8.51,8.84,8.42,8.83,50375
2016-05-12,8.98,8.98,8.82,8.95,24899
2016-05-13,8.86,8.91,8.75,8.91,43645
2016-05-16,9.24,9.49,9.15,9.48,102632
2016-05-17,9.47,9.47,9.07,9.12,69803
2016-05-18,9.17,9.22,8.96,9.04,98032
2016-05-19,8.89,9.04,8.78,8.95,54767
2016-05-20,9.03,9.18,9.03,9.12,38128
2016-05-23,9.12,9.32,9.1,9.2,39034
2016-05-24,9.34,9.34,9.08,9.14,49325
2016-05-25,9.25,9.41,9.14,9.38,47903
2016-05-26,9.47,9.47,9.24,9.28,95399
2016-05-27,9.25,9.3,9.06,9.3,61718
2016-05-31,9.29,9.4,9.17,9.32,48231
2016-06-01,9.16,9.39,9.16,9.37,43764
2016-06-02,9.27,9.53,9.27,9.49,34946
2016-06-03,9.56,9.71,9.51,9.55,55395
2016-06-06,9.73,9.92,9.73,9.84,29529
2016-06-07,10.02,10.29,9.97,10.24,101013
2016-06-08,10.24,10.27,10.0,10.12,68215
2016-06-09,9.92,9.95,9.62,9.85,52463
2016-06-10,9.71,9.76,9.36,9.36,36276
2016-06-13,9.3,9.35,9.13,9.13,34598
2016-06-14,9.0,9.1,8.78,8.94,35627
2016-06-15,8.88,8.93,8.72,8.8,43309
2016-06-16,8.79,8.79,8.55,8.75,63839
2016-06-17,8.85,9.0,8.8,8.92,18677
2016-06-20,9.17,9.9,9.14,9.22,103223
2016-06-21,9.14,9.36,9.1,9.31,63537
2016-06-22,9.42,9.42,9.28,9.31,45172
2016-06-23,9.37,9.53,9.36,9.53,11967
2016-06-24,9.19,9.43,9.0,9.25,64103
2016-06-27,9.01,9.03,8.6,8.62,122830
2016-06-28,8.8,9.01,8.8,8.95,33983
2016-06-29,9.22,9.33,9.14,9.23,43202
2016-06-30,9.23,9.3,9.15,9.29,27062
2016-07-01,9.22,9.36,9.22,9.31,10416
2016-07-05,9.25,9.25,9.04,9.19,47867
2016-07-06,9.06,9.18,8.95,9.14,47198
2016-07-07,9.23,9.4,8.97,9.06,48645
2016-07-08,9.14,9.47,9.07,9.31,48187
2016-07-11,9.43,9.62,9.17,9.28,49405
2016-07-12,9.38,9.65,9.38,9.56,45948
2016-07-13,9.38,9.52,9.16,9.38,66402
2016-07-14,9.38,9.54,9.3,9.36,79279
2016-07-15,9.51,9.51,9.15,9.29,25824
2016-07-18,9.23,9.25,9.11,9.21,39411
2016-07-19,9.23,9.23,9.07,9.19,55991
2016-07-20,9.19,9.37,9.12,9.33,51278
2016-07-21,9.31,9.51,9.24,9.26,34608
2016-07-22,9.29,9.39,9.29,9.39,27549
2016-07-25,9.3,9.35,9.12,9.17,31479
2016-07-26,9.09,9.22,9.04,9.07,53880
2016-07-27,9.06,9.25,8.98,9.02,43995
2016-07-28,8.97,9.1,8.93,8.96,25688
2016-07-29,8.9,9.07,8.9,9.07,29628
2016-08-01,9.04,9.09,8.75,8.78,86467
2016-08-02,8.74,9.03,8.51,8.65,86812
2016-08-03,8.73,8.91,8.69,8.9,43822
2016-08-04,8.89,9.17,8.89,9.02,60714
2016-08-05,9.11,9.14,9.03,9.1,38977
2016-08-08,9.25,9.52,9.06,9.48,116775
2016-08-09,9.54,9.59,9.29,9.58,44597
2016-08-10,9.57,9.64,9.25,9.32,70325
2016-08-11,9.46,9.47,9.31,9.38,56396
2016-08-12,9.5,9.55,9.37,9.52,61661
2016-08-15,9.61,9.68,9.35,9.39,96642
2016-08-16,9.4,9.48,9.29,9.43,75049
2016-08-17,9.47,9.47,9.35,9.39,29717
2016-08-18,9.46,9.6,9.46,9.56,63089
2016-08-19,9.57,9.57,9.38,9.42,60723
2016-08-22,9.36,9.46,9.26,9.39,45403
2016-08-23,9.35,9.56,9.35,9.43,65060
2016-08-24,9.4,9.48,9.27,9.27,25533
2016-08-25,9.27,9.37,9.1,9.19,29540
2016-08-26,9.16,9.27,9.14,9.2,50894
2016-08-29,9.2,9.22,8.93,9.14,185190
2016-08-30,9.21,9.21,8.91,9.1,70240
2016-08-31,9.14,9.14,8.9,9.03,39006
2016-09-01,8.97,9.05,8.87,9.05,57094
2016-09-02,9.13,9.25,9.07,9.23,68722
2016-09-06,9.27,9.34,9.24,9.28,45329
2016-09-07,9.37,9.48,9.33,9.44,78012
2016-09-08,9.55,9.66,9.48,9.65,63403
2016-09-09,9.51,9.6,9.36,9.4,31203
2016-09-12,9.41,9.47,9.21,9.45,76990
2016-09-13,9.35,9.35,8.99,9.02,43514
2016-09-14,9.08,9.18,8.99,9.07,55706
2016-09-15,9.14,9.14,9.0,9.03,40937
2016-09-16,9.0,9.18,8.94,9.15,88393
2016-09-19,9.27,9.36,9.23,9.27,42715
2016-09-20,9.29,9.34,9.16,9.21,41247
2016-09-21,9.36,9.43,9.18,9.41,56807
2016-09-22,9.61,9.69,9.48,9.61,69577
2016-09-23,9.57,9.65,9.53,9.58,68891
2016-09-26,9.67,9.75,9.52,9.55,40555
2016-09-27,9.5,9.54,9.39,9.47,45180
2016-09-28,9.57,9.71,9.35,9.69,78761
2016-09-29,9.76,9.79,9.59,9.64,20297
2016-09-30,9.75,9.84,9.58,9.69,62874
2016-10-03,9.68,9.7,9.57,9.63,33613
2016-10-04,9.64,9.7,9.47,9.51,27118
2016-10-05,9.67,9.7,9.59,9.61,34935
2016-10-06,9.69,9.69,9.51,9.58,23771
2016-10-07,9.59,9.64,9.58,9.58,32564
2016-10-10,9.71,9.8,9.65,9.78,37079
2016-10-11,9.8,9.8,9.59,9.67,46825
2016-10-12,9.45,9.45,9.31,9.41,22097
2016-10-13,9.38,9.39,9.28,9.39,14906
2016-10-14,9.45,9.45,9.3,9.34,23069
2016-10-17,9.36,9.36,9.1,9.15,58902
2016-10-18,9.3,9.31,9.08,9.14,52199
2016-10-19,9.18,9.28,8.97,9.19,61779
2016-10-20,9.14,9.18,9.04,9.17,20299
2016-10-21,9.21,9.26,9.15,9.21,30763
2016-10-24,9.28,9.36,9.27,9.33,49983
2016-10-25,9.36,9.36,9.21,9.24,27797
2016-10-26,9.2,9.33,9.15,9.3,21300
2016-10-27,9.27,9.4,9.18,9.18,40248
2016-10-28,9.1,9.27,9.03,9.06,61297
2016-10-31,9.03,9.05,8.88,8.94,18578
2016-11-01,8.93,9.04,8.86,8.89,52892
2016-11-02,8.87,8.87,8.58,8.71,87356
2016-11-03,8.74,8.74,8.53,8.61,37385
2016-11-04,8.58,8.6,8.43,8.43,41928
2016-11-07,8.48,8.62,8.44,8.59,80824
2016-11-08,8.59,8.6,8.5,8.57,70240
2016-11-09,8.62,9.13,8.62,8.98,155751
2016-11-10,9.11,9.39,9.11,9.3,50913
2016-11-11,9.22,9.31,9.07,9.09,48879
2016-11-14,9.15,9.24,8.86,9.21,37351
2016-11-15,9.22,9.53,9.19,9.5,80363
2016-11-16,9.53,9.91,9.48,9.78,51008
2016-11-17,9.89,9.98,9.68,9.78,53249
2016-11-18,9.78,9.78,9.62,9.69,33892
2016-11-21,9.89,10.05,9.62,9.78,94886
2016-11-22,9.83,9.93,9.7,9.81,54659
2016-11-23,9.79,10.05,9.74,9.8,40953
2016-11-25,9.8,9.8,9.63,9.67,9868
2016-11-28,9.72,9.72,9.42,9.42,39582
2016-11-29,9.31,9.4,9.18,9.39,27574
2016-11-30,9.76,10.3,9.71,9.8,156362
2016-12-01,9.94,9.95,9.66,9.67,44357
2016-12-02,9.74,9.82,9.67,9.82,56041
2016-12-05,9.93,9.93,9.79,9.83,41032
2016-12-06,9.82,9.94,9.75,9.82,41934
2016-12-07,9.87,9.9,9.67,9.71,99656
2016-12-08,9.7,9.7,9.56,9.65,36471
2016-12-09,9.73,9.74,9.6,9.68,46060
2016-12-12,9.83,9.85,9.61,9.68,89000
2016-12-13,9.8,9.86,9.7,9.83,39592
2016-12-14,9.79,9.86,9.66,9.73,71632
2016-12-15,9.7,9.88,9.68,9.76,63992
2016-12-16,9.76,9.87,9.65,9.82,41720
2016-12-19,9.88,9.88,9.65,9.7,58846
2016-12-20,9.77,9.81,9.7,9.73,86567
2016-12-21,9.77,9.85,9.64,9.82,125885
2016-12-22,9.88,10.09,9.85,10.06,65663
2016-12-23,10.05,10.17,10.04,10.08,63838
2016-12-27,10.04,10.26,10.01,10.14,94059
2016-12-28,10.19,10.23,10.0,10.08,52637
2016-12-29,10.06,10.1,9.89,9.94,74167
2016-12-30,10.04,10.14,9.94,10.05,62266
2017-01-03,10.14,10.23,10.06,10.19,57906
2017-01-04,10.27,10.42,10.19,10.39,85623
2017-01-05,10.38,10.44,10.34,10.38,73097
2017-01-06,10.4,10.44,10.35,10.35,49575
2017-01-09,10.37,10.37,10.23,10.28,52659
2017-01-10,10.35,10.35,10.0,10.04,128027
2017-01-11,9.88,10.02,9.75,9.89,108345
2017-01-12,10.04,10.04,9.73,9.77,111768
2017-01-13,9.76,9.9,9.76,9.83,103030
2017-01-17,10.01,10.01,9.84,9.88,72243
2017-01-18,9.87,9.91,9.81,9.89,50620
2017-01-19,9.92,9.92,9.83,9.9,44282
2017-01-20,9.95,10.01,9.9,10.01,41552
2017-01-23,10.04,10.05,9.98,10.02,38820
2017-01-24,10.03,10.26,10.03,10.21,97045
2017-01-25,10.27,10.57,10.27,10.55,82726
2017-01-26,10.62,10.66,10.52,10.64,99900
2017-01-27,10.62,10.62,10.47,10.57,71232
2017-01-30,10.47,10.52,10.3,10.32,93428
2017-01-31,10.38,10.39,10.23,10.39,40502
2017-02-01,10.48,10.57,10.42,10.52,51935
2017-02-02,10.59,10.59,10.46,10.52,46567
2017-02-03,10.61,10.66,10.58,10.66,27359
2017-02-06,10.7,10.76,10.59,10.65,60777
2017-02-07,10.58,10.68,10.4,10.45,88320
2017-02-08,10.4,10.41,10.26,10.4,53323
2017-02-09,10.45,10.58,10.42,10.54,66612
2017-02-10,10.65,10.7,10.59,10.61,60829
2017-02-13,10.64,10.69,10.49,10.49,75681
2017-02-14,10.59,10.59,10.43,10.58,39636
2017-02-15,10.64,10.8,10.59,10.7,95027
2017-02-16,10.84,10.84,10.69,10.7,101341
2017-02-17,10.69,10.69,10.58,10.59,56210
2017-02-21,10.71,10.86,10.61,10.62,58217
2017-02-22,10.57,10.8,10.41,10.46,39800
2017-02-23,10.58,10.63,10.39,10.47,33936
2017-02-24,10.42,10.47,10.26,10.44,55679
2017-02-27,10.48,10.49,10.33,10.49,30864
2017-02-28,10.52,10.56,10.43,10.56,31082
2017-03-01,10.71,10.72,10.54,10.65,67302
2017-03-02,10.62,10.73,10.41,10.72,57468
2017-03-03,10.79,10.82,10.61,10.78,45585
2017-03-06,10.79,10.79,10.68,10.77,61688
2017-03-07,10.86,10.86,10.63,10.73,33470
2017-03-08,10.8,10.8,10.4,10.43,47945
2017-03-09,10.35,10.37,10.06,10.18,77484
2017-03-10,10.34,10.34,10.02,10.19,49033
2017-03-13,10.24,10.26,10.16,10.26,46852
2017-03-14,10.15,10.24,10.05,10.13,71037
2017-03-15,10.22,10.24,10.09,10.16,58192
2017-03-16,10.21,10.21,10.05,10.09,66916
2017-03-17,10.09,10.11,10.05,10.08,58218
2017-03-20,10.1,10.12,9.96,10.02,56516
2017-03-21,10.07,10.07,9.81,9.86,61391
2017-03-22,9.88,9.88,9.71,9.75,40438
2017-03-23,9.89,9.91,9.8,9.86,49868
2017-03-24,9.94,9.95,9.86,9.93,32894
2017-03-27,9.9,9.99,9.88,9.98,89077
2017-03-28,9.99,10.12,9.98,10.09,64420
2017-03-29,10.14,10.42,10.1,10.37,67234
2017-03-30,10.37,10.38,10.26,10.34,55268
2017-03-31,10.35,10.55,10.35,10.55,21104
2017-04-03,10.69,10.69,10.52,10.64,26328
2017-04-04,10.65,10.85,10.65,10.77,35375
2017-04-05,10.98,10.98,10.72,10.8,64075
2017-04-06,10.84,11.03,10.8,10.99,18224
2017-04-07,11.0,11.3,10.9,11.25,34412
2017-04-10,11.33,11.51,11.09,11.09,64244
2017-04-11,11.1,11.1,10.71,10.92,94174
2017-04-12,11.44,11.44,10.82,11.01,49005
2017-04-13,11.09,11.21,10.89,11.02,80534
2017-04-17,11.0,11.11,10.8,10.88,74627
2017-04-18,10.87,10.9,10.72,10.84,77013
2017-04-19,10.85,10.85,10.29,10.33,166027
2017-04-20,10.42,10.49,10.15,10.2,121007
2017-04-21,10.23,10.34,10.01,10.06,110277
2017-04-24,10.16,10.18,10.06,10.13,62504
2017-04-25,10.16,10.27,10.16,10.25,36382
2017-04-26,10.12,10.32,10.12,10.17,71390
2017-04-27,10.16,10.17,10.06,10.06,39677
2017-04-28,10.12,10.21,10.01,10.11,41217
2017-05-01,10.16,10.26,10.12,10.16,35589
2017-05-02,10.26,10.27,10.08,10.16,24037
2017-05-03,10.06,10.08,9.91,9.95,41406
2017-05-04,9.93,9.93,9.52,9.66,61683
2017-05-05,9.62,9.79,9.52,9.78,52752
2017-05-08,9.78,9.94,9.78,9.94,44841
2017-05-09,9.86,9.86,9.65,9.73,34633
2017-05-10,9.85,9.89,9.76,9.86,45684
2017-05-11,9.91,9.91,9.74,9.76,30958
2017-05-12,9.81,9.9,9.71,9.9,29802
2017-05-15,10.12,10.22,10.01,10.03,51556
2017-05-16,10.17,10.17,9.91,10.04,47023
2017-05-17,10.0,10.05,9.74,9.74,36228
2017-05-18,9.73,9.79,9.6,9.75,36021
2017-05-19,9.78,9.94,9.76,9.78,38129
2017-05-22,9.93,9.99,9.86,9.95,32156
2017-05-23,10.01,10.08,9.96,10.04,21789
2017-05-24,10.11,10.12,9.96,10.04,18249
2017-05-25,9.98,10.12,9.7,9.7,41817
2017-05-26,9.77,9.83,9.65,9.66,22043
2017-05-30,9.65,9.71,9.46,9.52,54914
2017-05-31,9.45,9.56,9.39,9.43,53980
2017-06-01,9.44,9.62,9.41,9.59,15545
2017-06-02,9.59,9.59,9.47,9.51,23247
2017-06-05,9.44,9.5,9.35,9.48,20783
2017-06-06,9.49,9.58,9.34,9.58,41875
2017-06-07,9.54,9.63,9.27,9.35,33828
2017-06-08,9.3,9.39,9.13,9.16,54610
2017-06-09,9.18,9.26,9.11,9.22,30117
2017-06-12,9.25,9.44,9.2,9.21,40710
2017-06-13,9.15,9.33,9.15,9.26,32531
2017-06-14,9.27,9.27,9.02,9.05,34578
2017-06-15,9.02,9.02,8.72,8.78,67499
2017-06-16,8.81,8.88,8.65,8.87,95167
2017-06-19,8.92,9.03,8.82,8.9,63505
2017-06-20,8.67,8.72,8.48,8.48,67919
2017-06-21,8.6,8.6,8.24,8.38,75856
2017-06-22,8.36,8.55,8.35,8.45,73716
2017-06-23,8.55,8.96,8.54,8.96,38326
2017-06-26,8.91,9.02,8.8,8.97,62437
2017-06-27,9.01,9.16,8.93,9.05,42521
2017-06-28,9.1,9.17,9.01,9.09,32432
2017-06-29,9.09,9.19,9.02,9.14,38259
2017-06-30,9.23,9.36,9.13,9.23,23199
2017-07-03,9.24,9.57,9.21,9.48,20851
2017-07-05,9.51,9.52,9.36,9.48,67744
2017-07-06,9.48,9.57,9.33,9.33,118852
2017-07-07,9.28,9.49,9.26,9.26,44058
2017-07-10,9.48,9.48,9.15,9.2,43739
2017-07-11,9.23,9.36,9.16,9.22,64596
2017-07-12,9.15,9.34,9.01,9.07,64438
2017-07-13,9.06,9.08,8.98,8.99,30983
2017-07-14,9.0,9.15,9.0,9.12,96351
2017-07-17,9.11,9.26,9.05,9.24,55871
2017-07-18,9.27,9.29,9.15,9.29,21638
2017-07-19,9.32,9.32,9.17,9.25,25125
2017-07-20,9.17,9.21,9.02,9.12,29434
2017-07-21,9.17,9.2,9.03,9.07,33905
2017-07-24,9.09,9.12,9.05,9.09,23110
2017-07-25,9.17,9.21,9.07,9.13,68677
2017-07-26,9.21,9.21,9.07,9.14,45534
2017-07-27,9.16,9.22,9.12,9.15,15578
2017-07-28,9.15,9.2,9.12,9.12,29599
2017-07-31,,,8.89,8.99,51114
2017-08-01,9.02,9.11,8.99,9.04,45943
