Date,Open,High,Low,Close,Volume
2016-02-25,25.3,25.3,25.02,25.26,2987
2016-02-26,25.9,25.9,25.44,25.47,1601
2016-02-29,25.54,25.54,25.54,25.54,125
2016-03-01,25.81,25.81,25.81,25.81,200
2016-03-02,25.98,26.07,25.95,26.07,1170
2016-03-03,26.27,26.29,26.14,26.29,1642
2016-03-04,26.54,26.6,26.45,26.45,2642
2016-03-07,26.55,26.61,26.55,26.61,2436
2016-03-08,26.36,26.36,26.06,26.06,5603
2016-03-09,26.09,26.15,26.09,26.15,1814
2016-03-10,26.06,26.06,26.06,26.06,657
2016-03-11,26.51,26.51,26.51,26.51,691
2016-03-14,26.58,26.58,26.38,26.52,9060
2016-03-16,26.11,26.11,26.11,26.11,159
2016-03-17,26.37,26.48,26.25,26.48,1438
2016-03-18,26.72,26.82,26.72,26.78,1663
2016-03-21,26.71,26.71,26.71,26.71,740
2016-03-23,26.5,26.5,26.5,26.5,200
2016-03-24,26.33,26.33,26.31,26.31,400
2016-03-28,26.29,26.29,26.29,26.29,237
2016-03-30,27.0,27.0,26.99,26.99,305
2016-04-01,27.06,27.06,27.0,27.0,5500
2016-04-04,27.17,27.17,27.17,27.17,852
2016-04-06,26.71,26.71,26.71,26.71,200
2016-04-07,27.01,27.01,26.58,26.58,402
2016-04-08,27.1,27.1,26.75,26.75,676
2016-04-12,26.79,26.79,26.77,26.77,2000
2016-04-13,27.16,27.16,27.16,27.16,164
2016-04-14,27.45,27.51,27.45,27.51,1425
2016-04-19,27.71,27.71,27.71,27.71,744
2016-04-21,27.95,27.95,27.74,27.74,713
2016-04-22,27.91,27.95,27.91,27.95,250
2016-04-25,27.81,27.81,27.81,27.81,100
2016-04-26,27.98,27.98,27.98,27.98,100
2016-04-27,28.12,28.17,28.07,28.17,1167
2016-04-28,28.0,28.0,27.8,27.85,1987
2016-04-29,29.23,29.23,27.25,27.25,7680
2016-05-02,27.34,27.34,27.34,27.34,416
2016-05-03,27.18,27.18,27.18,27.18,386
2016-05-04,27.1,27.1,26.79,26.88,2127
2016-05-05,26.88,26.92,26.88,26.92,645
2016-05-10,27.19,27.33,27.19,27.33,853
2016-05-11,27.2,27.2,27.1,27.12,1230
2016-05-12,26.97,26.97,26.71,26.95,2459
2016-05-17,27.24,27.24,26.81,26.81,1809
2016-05-18,26.8,26.93,26.8,26.8,647
2016-05-19,26.61,26.65,26.61,26.64,810
2016-05-20,27.15,27.15,27.15,27.15,502
2016-05-24,27.76,27.76,27.65,27.65,804
2016-05-25,27.89,27.89,27.89,27.89,1128
2016-05-26,27.84,27.91,27.84,27.91,1276
2016-05-31,28.18,28.27,28.18,28.27,1064
2016-06-01,28.35,28.35,28.34,28.34,1150
2016-06-02,28.36,28.44,28.36,28.44,996
2016-06-03,28.5,28.5,28.27,28.38,1000
2016-06-06,28.61,28.61,28.61,28.61,110
2016-06-07,28.83,28.85,28.66,28.85,3798
2016-06-09,28.66,28.78,28.64,28.68,2490
2016-06-10,28.26,28.26,28.23,28.23,1830
2016-06-13,28.07,28.07,28.0,28.0,650
2016-06-14,27.91,27.94,27.79,27.94,4946
2016-06-15,28.08,28.11,28.0,28.11,2411
2016-06-16,27.7,27.9,27.7,27.88,2845
2016-06-17,27.79,27.79,27.76,27.76,2068
2016-06-20,28.26,28.26,28.17,28.17,1427
2016-06-22,28.14,28.14,28.04,28.04,1505
2016-06-23,28.34,28.34,28.24,28.28,2000
2016-06-24,27.67,27.67,27.67,27.67,274
2016-06-27,26.58,26.58,26.58,26.58,100
2016-06-28,26.6,26.94,26.6,26.94,2040
2016-06-29,27.43,27.62,27.43,27.62,954
2016-06-30,27.73,27.73,27.73,27.73,1127
2016-07-01,28.19,28.19,28.09,28.15,2411
2016-07-05,27.89,27.89,27.64,27.64,1468
2016-07-06,27.93,27.93,27.93,27.93,124
2016-07-07,28.19,28.19,28.19,28.19,166
2016-07-08,28.63,28.63,28.57,28.57,1031
2016-07-11,28.95,28.95,28.9,28.9,811
2016-07-13,28.91,28.98,28.91,28.98,800
2016-07-14,29.12,29.12,29.0,29.02,2050
2016-07-15,29.07,29.07,29.07,29.07,879
2016-07-18,29.0,29.05,29.0,29.05,745
2016-07-19,29.0,29.0,28.91,28.91,455
2016-07-20,29.3,29.3,29.27,29.27,768
2016-07-22,29.23,29.46,29.23,29.46,714
2016-07-25,29.42,29.42,29.36,29.36,302
2016-07-26,29.46,29.48,29.41,29.48,1239
2016-07-28,29.45,29.45,29.39,29.39,174218
2016-07-29,29.42,29.44,29.42,29.44,33370
2016-08-01,29.59,29.59,29.48,29.54,1589
2016-08-02,29.42,29.42,29.16,29.16,559
2016-08-03,29.21,29.35,29.21,29.29,10466
2016-08-04,29.32,29.32,29.32,29.32,710
2016-08-05,29.66,29.69,29.66,29.69,483
2016-08-08,29.7,29.7,29.57,29.58,709
2016-08-09,29.7,29.7,29.64,29.66,2406
2016-08-10,29.59,29.59,29.51,29.51,2073
2016-08-11,29.62,29.73,29.57,29.72,1083
2016-08-15,29.88,29.88,29.84,29.87,16721
2016-08-16,29.76,29.76,29.69,29.69,4291
2016-08-17,29.58,29.58,29.38,29.47,1362
2016-08-18,29.53,29.63,29.53,29.62,1250
2016-08-22,29.65,29.73,29.6,29.67,6332
2016-08-23,29.9,29.94,29.8,29.89,1680
2016-08-24,29.83,29.91,29.83,29.91,1407
2016-08-25,29.68,29.72,29.66,29.66,1086
2016-08-29,29.81,29.88,29.81,29.88,820
2016-08-30,29.83,29.83,29.83,29.83,148
2016-08-31,29.63,29.63,29.63,29.63,1000
2016-09-01,29.71,29.71,29.71,29.71,325
2016-09-02,29.94,29.94,29.94,29.94,139
2016-09-08,29.95,29.95,29.88,29.88,369
2016-09-09,29.25,29.31,29.25,29.26,2614
2016-09-12,29.2,29.55,29.2,29.55,2019
2016-09-13,29.1,29.1,29.09,29.09,237
2016-09-16,29.13,29.28,29.13,29.25,3312
2016-09-19,29.48,29.48,29.38,29.38,300
2016-09-20,29.24,29.24,29.24,29.24,216
2016-09-21,29.26,29.26,29.26,29.26,100
2016-09-22,29.73,29.84,29.72,29.84,1541
2016-09-23,29.76,29.76,29.74,29.74,1045
2016-09-26,29.6,29.65,29.5,29.5,1566
2016-09-27,29.44,29.6,29.44,29.6,2108
2016-09-29,29.63,29.63,29.36,29.36,385
2016-09-30,29.49,29.69,29.36,29.69,1939
2016-10-03,29.51,29.51,29.51,29.51,285
2016-10-04,29.42,29.42,29.42,29.42,851
2016-10-05,29.73,29.73,29.73,29.73,421
2016-10-06,29.5,29.62,29.5,29.59,2079
2016-10-07,29.46,29.46,29.46,29.46,101
2016-10-12,29.24,29.24,29.24,29.24,477
2016-10-13,28.96,28.96,28.96,28.96,240
2016-10-14,29.1,29.1,29.1,29.1,729
2016-10-18,29.3,29.3,29.3,29.3,1803
2016-10-19,29.34,29.36,29.34,29.36,868
2016-10-20,29.17,29.17,29.16,29.17,2040
2016-10-21,29.07,29.08,28.98,29.08,2701
2016-10-24,29.35,29.35,29.35,29.35,185
2016-10-25,29.05,29.08,29.04,29.04,1259
2016-10-27,28.68,28.68,28.64,28.64,1225
2016-10-28,28.73,28.73,28.73,28.73,242
2016-10-31,28.72,28.86,28.72,28.8,2244
2016-11-01,28.66,28.66,28.66,28.66,194
2016-11-03,28.32,28.32,28.3,28.3,1641
2016-11-04,28.35,28.44,28.32,28.32,4650
2016-11-07,28.68,28.68,28.68,28.68,894
2016-11-08,28.82,28.95,28.82,28.95,1898
2016-11-09,28.8,29.45,28.78,29.36,1368
2016-11-10,29.69,29.69,29.54,29.63,10789
2016-11-11,30.06,30.06,30.06,30.06,100
2016-11-14,30.2,30.28,30.2,30.28,2290
2016-11-15,30.98,30.98,30.3,30.41,1060
2016-11-16,30.43,30.5,30.43,30.5,5383
2016-11-17,30.55,30.78,30.55,30.75,26954
2016-11-18,30.74,30.76,30.69,30.71,1428
2016-11-21,30.87,30.94,30.82,30.89,2180
2016-11-22,30.99,31.06,30.95,30.96,3161
2016-11-23,31.02,31.29,31.02,31.27,2284
2016-11-25,31.41,31.45,31.39,31.44,5532
2016-11-28,31.79,31.79,31.23,31.23,5131
2016-11-29,31.96,31.96,31.24,31.24,5142
2016-11-30,31.18,31.23,31.08,31.1,7163
2016-12-01,30.93,30.93,30.75,30.77,2212
2016-12-02,30.87,30.87,30.82,30.82,2789
2016-12-06,31.39,31.47,31.36,31.47,2050
2016-12-07,32.04,32.04,31.4,31.81,2933
2016-12-08,32.02,32.1,31.81,32.09,3223
2016-12-09,32.05,32.05,32.0,32.0,250
2016-12-12,31.82,31.82,31.69,31.72,2121
2016-12-13,31.87,31.89,31.81,31.86,4457
2016-12-14,31.7,31.76,31.55,31.55,1500
2016-12-15,31.8,31.92,31.74,31.74,3072
2016-12-16,31.84,31.84,31.65,31.65,7527
2016-12-19,32.24,32.24,31.68,31.68,2419
2016-12-20,31.93,31.93,31.9,31.9,1035
2016-12-21,31.74,31.89,31.74,31.84,1042
2016-12-22,31.65,31.65,31.51,31.55,3807
2016-12-23,31.53,31.54,31.53,31.53,1860
2016-12-28,31.5,31.5,31.39,31.39,310
2016-12-29,31.46,31.46,31.32,31.41,1663
2016-12-30,31.36,31.41,31.3,31.3,15127
2017-01-03,31.3,31.3,31.3,31.3,153
2017-01-04,31.67,31.8,31.67,31.8,1086
2017-01-05,31.82,31.84,31.56,31.69,5189
2017-01-06,31.7,31.7,31.68,31.68,1051
2017-01-09,32.2,32.2,31.51,31.58,2699
2017-01-11,31.96,31.98,31.61,31.77,4922
2017-01-12,31.5,31.61,31.5,31.61,3335
2017-01-13,31.85,31.95,31.85,31.91,4665
2017-01-17,31.69,31.69,31.41,31.41,3499
2017-01-18,31.49,31.5,31.41,31.47,3688
2017-01-19,31.27,31.27,31.27,31.27,366
2017-01-20,31.29,31.54,31.29,31.43,2299
2017-01-23,31.27,31.52,31.25,31.31,4030
2017-01-24,31.97,32.13,31.74,31.74,887
2017-01-25,32.09,32.16,32.0,32.11,14387
2017-01-26,32.24,32.24,31.91,31.91,2403
2017-01-27,31.78,31.79,31.72,31.79,9915
2017-01-30,31.5,31.58,31.49,31.51,3205
2017-01-31,31.42,31.73,31.42,31.7,2146
2017-02-01,31.69,31.69,31.51,31.56,3606
2017-02-02,31.51,31.57,31.41,31.41,3727
2017-02-03,31.73,31.83,31.73,31.83,849
2017-02-06,31.95,31.95,31.6,31.71,11827
2017-02-07,31.72,31.72,31.56,31.56,732
2017-02-08,,,,31.56,0
2017-02-09,32.03,32.12,32.03,32.1,1542
2017-02-10,,,,32.1,0
2017-02-13,32.46,32.46,32.19,32.26,5735
2017-02-14,32.4,32.4,32.18,32.31,2736
2017-02-15,32.41,32.5,32.41,32.5,1361
2017-02-16,32.51,32.51,32.29,32.42,2041
2017-02-17,32.5,32.53,32.43,32.48,3017
2017-02-21,32.78,32.83,32.69,32.83,4500
2017-02-22,33.02,33.02,32.57,32.61,2491
2017-02-23,32.65,32.65,32.36,32.5,6794
2017-02-24,32.46,32.55,32.45,32.55,326
2017-02-27,33.17,33.17,32.64,32.75,1991
2017-02-28,32.47,32.47,32.31,32.33,3598
2017-03-01,32.78,32.9,32.72,32.9,1758
2017-03-02,33.05,33.05,32.6,32.65,3328
2017-03-03,32.52,32.6,32.52,32.59,1086
2017-03-06,32.34,32.34,32.26,32.27,1814
2017-03-07,32.35,32.35,32.28,32.33,932
2017-03-08,32.31,32.31,32.2,32.26,2276
2017-03-09,32.05,32.24,32.05,32.24,606
2017-03-10,32.28,32.28,32.19,32.19,786
2017-03-13,32.39,32.4,32.39,32.4,250
2017-03-14,32.21,32.21,31.99,32.14,834
2017-03-15,32.45,32.65,32.43,32.65,1805
2017-03-16,32.72,32.72,32.51,32.61,1425
2017-03-17,32.5,32.58,32.5,32.56,648
2017-03-20,32.57,32.63,32.44,32.5,1847
2017-03-21,32.05,32.05,31.9,31.9,606
2017-03-22,31.93,31.93,31.83,31.91,1240
2017-03-23,32.03,32.03,32.03,32.03,1005
2017-03-24,32.03,32.03,32.03,32.03,412
2017-03-27,32.17,32.17,32.16,32.16,1251
2017-03-28,32.31,32.31,32.25,32.25,995
2017-03-29,32.59,32.63,32.54,32.56,961
2017-03-30,32.61,32.61,32.55,32.55,2371
2017-03-31,32.77,32.8,32.62,32.62,4369
2017-04-03,32.62,32.62,32.62,32.62,183
2017-04-04,32.54,32.54,32.22,32.24,3171
2017-04-05,32.37,32.37,32.24,32.24,896
2017-04-06,32.24,32.24,32.05,32.23,3191
2017-04-07,32.23,32.62,32.23,32.39,4015
2017-04-10,32.49,32.58,32.31,32.31,983
2017-04-11,,,,32.31,0
2017-04-12,32.62,32.62,32.08,32.18,4038
2017-04-13,32.18,32.78,31.8,31.8,6379
2017-04-17,32.13,32.14,32.07,32.07,5560
2017-04-18,32.15,32.24,32.04,32.24,3173
2017-04-19,32.29,32.5,32.29,32.43,2576
2017-04-20,32.65,32.84,32.65,32.84,1639
2017-04-21,32.68,32.86,32.68,32.86,20527
2017-04-24,33.16,33.18,33.01,33.01,1082
2017-04-25,33.25,33.71,33.14,33.36,11772
2017-04-26,32.85,33.47,32.85,33.27,5511
2017-04-27,33.85,33.85,33.23,33.5,9734
2017-04-28,33.44,33.44,33.15,33.16,14125
2017-05-01,,,,33.16,0
2017-05-02,33.55,33.55,33.36,33.36,9667
2017-05-03,33.34,33.34,33.24,33.24,1976
2017-05-04,33.32,33.32,33.32,33.32,1010
2017-05-05,33.3,33.43,33.23,33.38,2279
2017-05-08,33.33,33.33,33.33,33.33,246
2017-05-09,33.87,33.87,33.18,33.18,6527
2017-05-10,33.41,33.42,33.33,33.36,3459
2017-05-11,33.98,33.98,33.29,33.55,4794
2017-05-12,33.31,33.46,33.3,33.46,2125
2017-05-15,33.12,33.67,33.12,33.61,3571
2017-05-16,33.44,33.47,33.4,33.4,910
2017-05-17,33.0,33.1,32.92,32.99,5560
2017-05-18,33.0,33.0,32.81,32.9,1711
2017-05-19,33.25,33.29,33.25,33.29,1197
2017-05-22,33.69,33.69,33.29,33.33,3475
2017-05-23,33.45,33.56,33.36,33.53,11510
2017-05-24,33.54,33.61,33.45,33.61,4253
2017-05-25,34.18,34.18,33.51,33.58,6629
2017-05-26,33.75,33.75,33.75,33.75,367
2017-05-30,33.41,33.45,33.41,33.45,587
2017-05-31,33.52,33.55,33.23,33.42,3049
2017-06-01,33.26,33.95,33.26,33.93,1395
2017-06-02,34.25,34.4,34.17,34.2,4293
2017-06-05,34.55,34.55,34.1,34.1,1372
2017-06-06,35.72,35.72,34.05,34.05,29456
2017-06-07,34.05,34.05,34.05,34.05,172
2017-06-08,,,,34.05,0
2017-06-09,34.5,34.5,34.02,34.02,1200
2017-06-12,34.34,34.34,33.81,34.0,4157
2017-06-13,34.41,34.41,34.11,34.29,4110
2017-06-14,34.95,34.95,33.92,33.92,1224
2017-06-15,33.75,33.99,33.75,33.95,974
2017-06-16,33.8,34.09,33.8,34.09,735
2017-06-19,34.39,34.56,34.35,34.56,3846
2017-06-20,34.52,34.52,34.15,34.15,3430
2017-06-21,34.28,34.28,34.09,34.09,858
2017-06-22,34.25,34.31,33.91,33.91,3463
2017-06-23,33.97,34.52,33.97,34.41,1164
2017-06-26,34.14,34.56,34.14,34.23,607
2017-06-27,34.52,34.52,34.22,34.22,5205
2017-06-28,34.55,34.55,34.42,34.45,2769
2017-06-29,34.29,34.29,33.87,34.25,3829
2017-06-30,,,,34.25,0
2017-07-03,34.37,34.37,34.31,34.35,2446
2017-07-05,34.3,34.43,34.3,34.43,2923
2017-07-06,34.12,34.22,33.98,33.98,3815
2017-07-07,34.26,34.38,34.23,34.35,1691
2017-07-10,34.34,34.34,34.31,34.31,340
2017-07-11,,,,34.31,0
2017-07-12,34.67,35.06,34.41,35.06,2801
2017-07-13,34.02,35.12,34.02,34.96,1804
2017-07-14,34.74,38.25,34.74,37.9,5139
2017-07-17,37.97,37.97,35.73,37.5,2639
2017-07-18,36.74,36.74,34.41,34.46,16829
2017-07-19,34.99,35.22,34.91,35.19,1309
2017-07-20,34.97,35.0,34.84,34.89,1303
2017-07-21,34.7,34.71,34.29,34.68,6466
2017-07-24,34.72,34.72,34.72,34.72,100
2017-07-25,34.98,35.03,34.98,35.0,1292
2017-07-26,34.86,34.96,34.83,34.83,1465
2017-07-27,34.86,34.86,34.54,34.54,455
2017-07-28,34.5,34.63,34.47,34.59,2454
2017-07-31,34.7,34.7,34.52,34.6,3594
2017-08-01,34.87,34.87,34.64,34.66,2438
