Date,Open,High,Low,Close,Volume
2014-11-03,5.19,9.29,5.19,7.22,142453
2014-11-04,7.5,13.77,7.34,8.75,552709
2014-11-05,9.5,11.39,9.4,10.06,316064
2014-11-06,10.49,10.61,10.17,10.46,144825
2014-11-07,10.8,10.82,9.74,9.96,219463
2014-11-10,10.02,10.5,9.86,10.14,134640
2014-11-11,10.3,10.49,10.12,10.16,131543
2014-11-12,10.2,10.25,9.85,10.03,126778
2014-11-13,9.98,10.2,9.91,10.0,84988
2014-11-14,10.3,10.34,9.96,10.04,113582
2014-11-17,10.0,10.45,9.98,10.32,185389
2014-11-18,10.4,10.75,10.4,10.64,135634
2014-11-19,10.35,11.0,10.35,10.8,168115
2014-11-20,10.72,10.95,10.58,10.7,76791
2014-11-21,10.91,10.91,10.51,10.74,238251
2014-11-24,10.82,10.99,10.38,10.93,172590
2014-11-25,11.0,11.0,10.52,10.76,164545
2014-11-26,10.65,11.03,10.65,11.0,285200
2014-11-28,11.06,11.14,11.0,11.0,25476
2014-12-01,11.0,11.04,10.5,10.59,188169
2014-12-02,10.64,10.9,10.0,10.21,107233
2014-12-03,9.93,10.47,9.26,9.65,177180
2014-12-04,9.75,10.16,9.51,9.79,173385
2014-12-05,9.72,9.92,9.65,9.92,147668
2014-12-08,9.86,11.15,9.78,11.1,211539
2014-12-09,10.95,11.14,10.95,11.06,125676
2014-12-10,11.0,11.12,11.0,11.0,95965
2014-12-11,11.0,11.08,11.0,11.04,132435
2014-12-12,10.84,11.12,10.84,11.03,143143
2014-12-15,11.0,11.12,11.0,11.03,80960
2014-12-16,10.95,11.14,10.78,11.02,168336
2014-12-17,11.0,11.74,10.84,11.68,185127
2014-12-18,11.75,12.02,11.29,11.88,85081
2014-12-19,11.84,11.97,11.36,11.82,193032
2014-12-22,11.9,11.9,11.2,11.42,46578
2014-12-23,11.4,11.4,11.14,11.4,55622
2014-12-24,11.19,11.47,11.18,11.46,28535
2014-12-26,11.46,12.02,11.46,12.0,23847
2014-12-29,11.93,12.16,11.48,12.01,44056
2014-12-30,11.91,12.41,11.75,12.3,50284
2014-12-31,12.25,12.25,11.75,12.02,34573
2015-01-02,12.14,12.14,11.31,11.37,21930
2015-01-05,11.37,11.37,11.0,11.15,39635
2015-01-06,11.12,11.18,10.81,11.08,57603
2015-01-07,11.02,11.1,10.9,11.08,72931
2015-01-08,11.1,11.36,10.93,11.21,50120
2015-01-09,11.19,11.19,10.85,11.13,26730
2015-01-12,11.09,11.09,10.45,10.88,67444
2015-01-13,11.0,11.1,10.73,11.02,52086
2015-01-14,10.91,10.92,10.54,10.81,16951
2015-01-15,10.76,11.01,10.76,10.94,55846
2015-01-16,10.89,11.57,10.89,11.5,39692
2015-01-20,11.56,11.56,10.84,10.99,45602
2015-01-21,10.9,10.91,10.64,10.87,72321
2015-01-22,10.96,11.16,10.68,11.1,44336
2015-01-23,11.06,11.1,10.76,10.97,42677
2015-01-26,10.85,11.14,10.85,11.08,45086
2015-01-27,11.0,11.06,10.96,11.01,43158
2015-01-28,10.91,11.1,10.73,10.98,71692
2015-01-29,10.94,11.07,10.75,10.88,44111
2015-01-30,10.77,11.01,10.07,10.18,77033
2015-02-02,10.5,10.7,10.11,10.64,59244
2015-02-03,10.56,11.29,10.5,11.14,94017
2015-02-04,11.12,11.12,10.91,11.05,93506
2015-02-05,11.11,11.29,11.05,11.22,49738
2015-02-06,11.18,11.21,11.0,11.05,74751
2015-02-09,11.02,11.12,10.85,10.95,46786
2015-02-10,10.91,11.28,10.91,11.14,57031
2015-02-11,11.09,11.09,10.8,11.03,168945
2015-02-12,11.13,11.87,11.04,11.81,133597
2015-02-13,11.86,11.86,11.55,11.8,125913
2015-02-17,11.8,11.85,11.39,11.81,86630
2015-02-18,11.7,12.79,11.57,12.36,155522
2015-02-19,12.25,12.25,11.9,12.01,42650
2015-02-20,12.0,12.12,11.82,12.05,80031
2015-02-23,11.99,12.1,11.14,11.72,70072
2015-02-24,11.7,12.28,11.7,12.17,52011
2015-02-25,12.15,12.43,12.15,12.33,88392
2015-02-26,12.29,12.37,12.19,12.32,106998
2015-02-27,12.26,12.77,12.26,12.52,94945
2015-03-02,12.46,13.18,12.34,12.76,69782
2015-03-03,12.68,12.82,12.57,12.78,108461
2015-03-04,12.71,12.75,12.51,12.65,58453
2015-03-05,12.7,12.79,12.58,12.68,82947
2015-03-06,12.56,12.64,12.0,12.21,99159
2015-03-09,12.29,12.68,11.83,12.6,96210
2015-03-10,12.5,13.51,12.36,13.01,111413
2015-03-11,13.11,13.13,12.01,13.03,47504
2015-03-12,13.08,13.1,12.9,13.08,85679
2015-03-13,13.14,13.51,12.85,13.43,83034
2015-03-16,13.44,13.48,13.07,13.32,31186
2015-03-17,13.33,13.39,13.06,13.24,33054
2015-03-18,13.24,13.31,13.1,13.26,78835
2015-03-19,13.17,13.26,12.84,13.13,52453
2015-03-20,13.15,13.48,12.94,13.4,240112
2015-03-23,13.34,14.19,13.24,13.83,85362
2015-03-24,13.84,13.92,13.52,13.7,62213
2015-03-25,13.7,13.7,13.25,13.45,83352
2015-03-26,13.4,13.61,13.35,13.47,52136
2015-03-27,13.42,13.47,13.38,13.45,34070
2015-03-30,13.45,13.58,13.37,13.55,69637
2015-03-31,13.5,14.16,13.34,14.14,210662
2015-04-01,14.03,14.37,14.03,14.28,150695
2015-04-02,14.31,14.33,14.02,14.1,58564
2015-04-06,14.0,14.13,13.55,13.57,110408
2015-04-07,13.57,13.92,13.38,13.44,86056
2015-04-08,13.42,13.58,13.3,13.51,41444
2015-04-09,13.45,13.62,12.87,13.0,44693
2015-04-10,13.11,13.44,12.96,13.34,96317
2015-04-13,13.34,13.45,13.26,13.4,23228
2015-04-14,13.41,13.41,13.19,13.34,16640
2015-04-15,13.33,13.33,12.75,13.05,60793
2015-04-16,13.05,13.1,12.63,12.85,41825
2015-04-17,12.67,13.11,12.54,13.02,87584
2015-04-20,13.06,14.2,13.06,14.06,81891
2015-04-21,14.18,14.2,13.88,14.17,112480
2015-04-22,14.23,14.23,14.01,14.07,73227
2015-04-23,14.09,14.09,13.8,13.97,22863
2015-04-24,13.95,14.07,13.58,13.67,25951
2015-04-27,13.71,14.1,13.26,13.42,38398
2015-04-28,13.37,13.48,12.98,13.07,53884
2015-04-29,12.98,13.31,12.98,13.2,29956
2015-04-30,13.07,13.08,12.75,12.79,65624
2015-05-01,12.78,12.87,12.2,12.44,66661
2015-05-04,12.39,12.84,12.35,12.72,55880
2015-05-05,12.74,12.74,12.4,12.61,64206
2015-05-06,12.55,12.92,12.55,12.8,70492
2015-05-07,12.74,12.93,12.73,12.77,46039
2015-05-08,12.88,13.29,12.64,13.22,75817
2015-05-11,13.14,13.3,12.84,12.87,34501
2015-05-12,13.72,13.72,12.59,13.3,54652
2015-05-13,13.6,13.6,13.2,13.24,26783
2015-05-14,13.25,13.55,13.1,13.53,77587
2015-05-15,13.48,14.75,12.88,14.5,201320
2015-05-18,14.52,16.13,14.35,15.75,408500
2015-05-19,15.68,15.77,15.26,15.31,175680
2015-05-20,15.24,15.65,15.12,15.31,88088
2015-05-21,15.25,15.5,15.07,15.35,51664
2015-05-22,15.29,15.56,14.76,15.17,51049
2015-05-26,15.2,15.27,14.51,15.07,74005
2015-05-27,15.14,15.24,15.0,15.24,39926
2015-05-28,15.24,15.49,14.95,15.45,59542
2015-05-29,15.48,15.87,15.36,15.58,100667
2015-06-01,15.76,16.0,15.12,15.61,72950
2015-06-02,15.55,15.89,15.27,15.73,75925
2015-06-03,15.51,16.45,15.4,16.36,146783
2015-06-04,16.35,16.9,16.24,16.59,148903
2015-06-05,16.49,17.01,16.05,16.41,293249
2015-06-08,16.28,16.45,15.79,15.84,131008
2015-06-09,15.77,16.18,15.54,15.82,93076
2015-06-10,15.88,16.1,15.8,15.96,62056
2015-06-11,15.92,15.95,15.54,15.62,57009
2015-06-12,15.5,15.75,15.5,15.65,29523
2015-06-15,15.49,15.58,15.25,15.46,127499
2015-06-16,15.39,15.88,15.33,15.59,44428
2015-06-17,15.58,15.79,15.4,15.62,46058
2015-06-18,15.5,15.96,15.32,15.75,96477
2015-06-19,15.8,15.84,15.58,15.7,87414
2015-06-22,15.67,15.74,15.64,15.73,89839
2015-06-23,15.67,15.75,15.61,15.66,50403
2015-06-24,15.56,15.64,15.31,15.41,61943
2015-06-25,15.43,15.44,15.13,15.34,61085
2015-06-26,15.38,15.38,15.03,15.06,330171
2015-06-29,15.0,15.36,14.71,14.76,70875
2015-06-30,14.8,14.84,14.46,14.59,120976
2015-07-01,14.66,14.98,14.55,14.77,42746
2015-07-02,14.83,15.06,14.44,14.73,61272
2015-07-06,14.63,14.82,14.24,14.44,111343
2015-07-07,14.41,14.76,14.09,14.49,69242
2015-07-08,14.3,14.36,13.38,13.6,70889
2015-07-09,13.84,13.93,13.2,13.21,103125
2015-07-10,13.33,13.96,13.33,13.81,102491
2015-07-13,13.8,13.93,13.2,13.38,143543
2015-07-14,13.32,13.92,13.26,13.83,76063
2015-07-15,13.75,13.96,13.64,13.74,31152
2015-07-16,13.89,14.15,13.82,13.95,37172
2015-07-17,14.0,14.0,13.85,13.9,38007
2015-07-20,13.93,14.0,13.5,13.53,54334
2015-07-21,13.5,13.85,13.37,13.42,45556
2015-07-22,13.31,13.7,13.31,13.61,48280
2015-07-23,13.68,13.82,13.33,13.54,51240
2015-07-24,13.46,13.66,13.31,13.52,108270
2015-07-27,13.4,13.98,13.21,13.88,64689
2015-07-28,13.98,13.98,13.46,13.75,63596
2015-07-29,13.77,13.87,13.2,13.23,138961
2015-07-30,13.14,13.58,13.06,13.46,48469
2015-07-31,13.53,13.62,13.25,13.41,34126
2015-08-03,13.4,13.5,13.02,13.3,38063
2015-08-04,13.23,13.6,12.68,12.7,59648
2015-08-05,12.65,13.02,12.31,12.31,153851
2015-08-06,12.25,12.69,10.77,12.0,98858
2015-08-07,11.01,12.3,11.01,11.85,160456
2015-08-10,11.84,11.94,11.5,11.78,72304
2015-08-11,11.88,12.08,11.64,11.82,124983
2015-08-12,11.77,11.86,11.28,11.68,61818
2015-08-13,11.71,11.9,11.55,11.59,50171
2015-08-14,11.55,11.75,11.08,11.74,94833
2015-08-17,11.73,11.99,11.66,11.88,139369
2015-08-18,11.83,11.9,11.58,11.65,38629
2015-08-19,11.56,11.66,11.22,11.55,32322
2015-08-20,11.36,11.61,11.26,11.55,44875
2015-08-21,11.32,11.77,11.27,11.68,65318
2015-08-24,11.19,11.49,10.74,11.25,56620
2015-08-25,11.61,11.9,11.03,11.41,78344
2015-08-26,11.6,11.69,11.24,11.64,37497
2015-08-27,11.67,11.74,11.08,11.31,66814
2015-08-28,11.23,11.84,11.23,11.57,45727
2015-08-31,11.61,11.77,11.52,11.75,70422
2015-09-01,11.56,11.76,11.33,11.36,42130
2015-09-02,11.53,11.53,11.25,11.34,95725
2015-09-03,11.4,11.54,11.25,11.41,41402
2015-09-04,11.25,11.4,11.22,11.32,48099
2015-09-08,11.46,11.48,11.03,11.31,49523
2015-09-09,11.32,11.46,11.15,11.2,50863
2015-09-10,11.15,11.16,10.91,11.08,28743
2015-09-11,10.98,11.01,10.75,11.0,26473
2015-09-14,10.93,11.04,10.88,10.99,37534
2015-09-15,10.96,11.2,10.89,11.15,42839
2015-09-16,11.13,11.4,11.11,11.32,37966
2015-09-17,11.28,11.78,11.28,11.58,45060
2015-09-18,11.38,11.48,11.25,11.43,48897
2015-09-21,11.41,11.58,11.25,11.28,35718
2015-09-22,11.15,11.38,11.07,11.33,42874
2015-09-23,11.41,11.87,11.05,11.77,64658
2015-09-24,11.67,11.76,11.41,11.68,47618
2015-09-25,11.76,11.8,11.61,11.7,67864
2015-09-28,11.66,11.9,11.44,11.7,82634
2015-09-29,11.75,11.8,11.66,11.71,77420
2015-09-30,11.75,12.1,11.57,11.93,45196
2015-10-01,11.87,11.88,11.3,11.81,115957
2015-10-02,11.75,11.98,11.73,11.98,40391
2015-10-05,12.0,12.59,11.94,12.3,44693
2015-10-06,12.29,12.33,11.9,11.97,34941
2015-10-07,12.02,12.26,12.02,12.15,35720
2015-10-08,12.06,12.32,11.95,12.25,31542
2015-10-09,12.31,12.47,12.22,12.42,32100
2015-10-12,12.38,12.47,12.22,12.45,40300
2015-10-13,12.4,12.4,12.21,12.3,27195
2015-10-14,12.23,12.36,12.22,12.29,39160
2015-10-15,12.33,12.38,11.76,12.25,39999
2015-10-16,12.3,12.3,11.5,11.64,35085
2015-10-19,11.61,11.77,11.27,11.35,21475
2015-10-20,11.3,11.57,11.3,11.36,62328
2015-10-21,11.38,11.47,10.99,11.0,61719
2015-10-22,11.14,12.02,11.14,11.98,45274
2015-10-23,12.05,12.06,11.5,11.78,39006
2015-10-26,11.74,11.74,11.0,11.16,42360
2015-10-27,11.14,11.2,10.52,10.58,89347
2015-10-28,10.5,11.8,10.5,11.78,51890
2015-10-29,11.7,12.34,11.41,11.48,38611
2015-10-30,11.24,11.53,11.24,11.39,41588
2015-11-02,11.37,11.86,11.37,11.78,46774
2015-11-03,12.0,12.21,11.82,11.86,73157
2015-11-04,11.95,12.28,11.79,12.14,56563
2015-11-05,12.17,12.31,11.8,12.28,41510
2015-11-06,12.17,12.18,11.43,11.81,48159
2015-11-09,11.79,11.84,10.65,10.73,39679
2015-11-10,10.75,11.16,10.64,10.94,52150
2015-11-11,10.89,11.31,10.83,11.14,64327
2015-11-12,11.02,11.12,10.64,10.73,46842
2015-11-13,10.61,10.85,10.4,10.78,39467
2015-11-16,10.72,10.92,10.56,10.78,41996
2015-11-17,10.88,10.93,10.34,10.5,67987
2015-11-18,10.54,10.85,10.38,10.76,41626
2015-11-19,10.69,11.07,10.46,10.51,44241
2015-11-20,10.58,10.75,10.43,10.56,58006
2015-11-23,10.62,11.0,10.56,10.72,47608
2015-11-24,10.63,11.0,10.63,10.99,52092
2015-11-25,11.03,11.36,10.92,11.06,65734
2015-11-27,11.08,11.74,11.06,11.65,23966
2015-11-30,11.73,11.76,11.43,11.46,60986
2015-12-01,11.6,11.79,11.4,11.4,46018
2015-12-02,11.44,11.58,11.2,11.24,35704
2015-12-03,11.3,11.6,10.86,10.9,52099
2015-12-04,10.89,11.39,10.8,11.17,83157
2015-12-07,11.09,11.26,10.72,10.98,89513
2015-12-08,10.88,11.14,10.83,10.9,59280
2015-12-09,10.83,11.07,10.54,10.57,39526
2015-12-10,10.6,10.6,10.47,10.53,60824
2015-12-11,10.29,11.08,10.29,10.73,79069
2015-12-14,10.73,10.9,10.4,10.77,93202
2015-12-15,10.81,11.33,10.81,10.92,82784
2015-12-16,10.92,11.71,10.8,11.68,90938
2015-12-17,11.69,12.49,11.27,12.44,483002
2015-12-18,12.36,12.37,11.53,11.75,200012
2015-12-21,12.03,12.03,11.35,11.74,78866
2015-12-22,11.71,11.71,11.28,11.42,57037
2015-12-23,11.62,11.7,11.35,11.43,62447
2015-12-24,11.39,12.26,11.39,11.9,35966
2015-12-28,11.83,11.87,11.32,11.55,34166
2015-12-29,11.63,11.8,11.45,11.66,34014
2015-12-30,11.58,11.96,11.41,11.55,33827
2015-12-31,11.55,11.62,10.95,10.99,47611
2016-01-04,10.79,10.94,10.64,10.78,94985
2016-01-05,10.99,11.21,10.56,10.78,67616
2016-01-06,10.64,10.77,10.49,10.56,61487
2016-01-07,10.35,10.84,10.01,10.03,70950
2016-01-08,9.99,10.2,9.5,9.57,95314
2016-01-11,9.59,9.71,9.37,9.59,44838
2016-01-12,9.7,9.96,9.41,9.66,72197
2016-01-13,9.68,9.88,9.31,9.37,70108
2016-01-14,9.45,9.83,9.26,9.61,45109
2016-01-15,9.32,9.57,9.25,9.43,56022
2016-01-19,9.52,9.75,9.44,9.61,46688
2016-01-20,9.5,10.0,9.34,9.78,64764
2016-01-21,9.78,9.89,9.4,9.48,50934
2016-01-22,9.64,9.79,9.43,9.61,76679
2016-01-25,9.57,9.8,9.47,9.65,33495
2016-01-26,9.73,9.96,9.7,9.72,56797
2016-01-27,9.7,9.89,9.36,9.65,77347
2016-01-28,9.7,9.7,9.46,9.69,70168
2016-01-29,9.7,10.08,9.62,10.04,188027
2016-02-01,9.98,9.98,9.53,9.65,69963
2016-02-02,9.62,9.63,9.3,9.45,58306
2016-02-03,9.43,9.64,9.15,9.59,37884
2016-02-04,9.4,9.64,9.3,9.58,50410
2016-02-05,9.58,10.0,9.41,9.42,81128
2016-02-08,9.45,10.68,9.32,10.58,93360
2016-02-09,10.44,10.71,10.28,10.5,41798
2016-02-10,10.6,10.82,10.45,10.46,61215
2016-02-11,10.29,10.54,10.24,10.3,58248
2016-02-12,10.4,10.98,10.4,10.82,66137
2016-02-16,10.96,11.19,10.91,11.09,68475
2016-02-17,11.14,11.18,10.84,10.95,96806
2016-02-18,10.96,11.08,10.74,10.8,55925
2016-02-19,10.78,11.09,10.78,11.03,80701
2016-02-22,11.09,11.09,10.87,10.95,60605
2016-02-23,10.94,11.06,10.89,10.89,63216
2016-02-24,10.76,11.1,10.76,11.08,61180
2016-02-25,11.09,11.18,11.03,11.18,62513
2016-02-26,11.2,11.68,11.1,11.5,63075
2016-02-29,11.46,11.92,11.39,11.42,91835
2016-03-01,11.5,11.99,11.5,11.59,41972
2016-03-02,11.54,11.73,11.35,11.4,56908
2016-03-03,11.37,11.86,11.22,11.58,71001
2016-03-04,11.56,11.8,11.4,11.63,65569
2016-03-07,11.55,11.9,11.5,11.58,63241
2016-03-08,11.54,11.66,11.5,11.5,52186
2016-03-09,11.54,11.7,11.35,11.69,45125
2016-03-10,11.63,11.73,11.54,11.55,55054
2016-03-11,11.63,11.73,11.52,11.7,51739
2016-03-14,11.64,11.85,11.57,11.71,51682
2016-03-15,11.67,11.67,11.54,11.55,57621
2016-03-16,11.55,11.73,11.54,11.63,24601
2016-03-17,11.55,11.85,11.54,11.75,44770
2016-03-18,11.84,12.1,11.56,12.07,133170
2016-03-21,12.04,12.09,11.77,11.81,77946
2016-03-22,11.78,11.9,11.54,11.62,65118
2016-03-23,11.62,11.8,11.46,11.59,61290
2016-03-24,11.55,12.02,11.49,11.85,35766
2016-03-28,11.85,11.86,11.62,11.66,54211
2016-03-29,11.65,11.71,11.37,11.69,121338
2016-03-30,11.69,11.84,10.7,11.75,33509
2016-03-31,11.71,11.87,11.12,11.17,219767
2016-04-01,11.11,11.51,11.11,11.31,83848
2016-04-04,11.37,11.39,11.08,11.17,110070
2016-04-05,11.06,11.25,11.03,11.1,91511
2016-04-06,11.09,11.16,10.94,11.09,51864
2016-04-07,10.97,11.01,10.62,10.68,70206
2016-04-08,10.74,11.0,10.53,10.57,65419
2016-04-11,10.61,11.2,10.6,11.0,72224
2016-04-12,10.93,11.47,10.93,11.3,74633
2016-04-13,11.3,11.52,11.3,11.52,124195
2016-04-14,11.45,11.47,11.23,11.25,37429
2016-04-15,11.18,11.36,11.04,11.32,25902
2016-04-18,11.24,11.45,11.16,11.44,34977
2016-04-19,11.4,11.47,11.28,11.29,63873
2016-04-20,11.23,11.3,11.02,11.26,34809
2016-04-21,11.24,11.3,11.1,11.28,86644
2016-04-22,11.3,11.34,11.26,11.29,49341
2016-04-25,11.23,11.43,11.07,11.17,25102
2016-04-26,11.15,11.2,11.08,11.19,59263
2016-04-27,11.16,11.26,11.02,11.25,36837
2016-04-28,11.2,11.25,11.06,11.12,24192
2016-04-29,11.13,11.15,10.87,10.94,31247
2016-05-02,10.92,11.14,10.75,11.11,32324
2016-05-03,10.99,11.01,10.68,10.69,35107
2016-05-04,10.62,10.83,10.57,10.59,28393
2016-05-05,11.24,11.24,10.57,10.59,42517
2016-05-06,10.17,10.84,9.98,10.8,180277
2016-05-09,10.86,11.15,10.68,11.07,47621
2016-05-10,11.1,11.1,10.44,10.62,31831
2016-05-11,10.61,10.8,10.58,10.59,65672
2016-05-12,10.6,10.73,10.55,10.61,59564
2016-05-13,10.74,10.86,10.69,10.72,70234
2016-05-16,10.7,10.99,10.7,10.92,46257
2016-05-17,10.77,10.81,10.43,10.47,61647
2016-05-18,10.43,10.88,10.43,10.7,51939
2016-05-19,10.6,10.71,10.3,10.32,249245
2016-05-20,10.39,11.03,10.39,11.0,95841
2016-05-23,11.01,11.23,10.75,11.04,112989
2016-05-24,11.1,11.5,11.08,11.4,83055
2016-05-25,11.4,11.45,11.06,11.18,15316
2016-05-26,11.14,11.33,11.07,11.28,21599
2016-05-27,11.35,11.47,11.0,11.29,17525
2016-05-31,11.34,11.34,11.07,11.27,45685
2016-06-01,11.15,11.25,11.14,11.23,25862
2016-06-02,11.19,11.38,11.03,11.37,38903
2016-06-03,11.25,11.54,11.24,11.35,57160
2016-06-06,11.35,11.62,11.33,11.46,73777
2016-06-07,11.43,11.63,11.43,11.49,27410
2016-06-08,11.46,11.8,11.46,11.7,87943
2016-06-09,11.7,11.85,11.6,11.76,48015
2016-06-10,11.72,11.9,11.51,11.73,29572
2016-06-13,11.63,11.7,11.56,11.59,43648
2016-06-14,11.55,11.99,11.55,11.78,64443
2016-06-15,11.85,11.99,11.66,11.75,43250
2016-06-16,11.7,12.1,11.7,12.06,37104
2016-06-17,12.03,12.05,11.83,11.94,118779
2016-06-20,12.05,12.34,11.99,12.27,53613
2016-06-21,12.23,12.45,11.61,12.36,66391
2016-06-22,12.42,12.47,12.1,12.15,29413
2016-06-23,12.22,12.7,12.22,12.55,68082
2016-06-24,12.0,12.42,12.0,12.34,200617
2016-06-27,12.17,12.22,11.9,12.04,94803
2016-06-28,12.09,12.26,11.89,12.05,77305
2016-06-29,12.1,12.22,11.92,12.07,165108
2016-06-30,12.13,12.55,12.04,12.45,69262
2016-07-01,12.41,12.48,12.1,12.22,58872
2016-07-05,12.15,12.47,11.89,12.16,33267
2016-07-06,12.15,12.31,12.15,12.2,34091
2016-07-07,12.22,12.3,12.09,12.22,44690
2016-07-08,12.27,12.83,12.26,12.78,57538
2016-07-11,12.79,12.93,12.76,12.83,30198
2016-07-12,12.85,13.13,12.44,12.91,36276
2016-07-13,12.91,12.93,12.59,12.73,54521
2016-07-14,12.79,12.97,12.66,12.82,19140
2016-07-15,12.94,12.94,12.67,12.9,26454
2016-07-18,12.89,12.9,12.66,12.79,23494
2016-07-19,12.8,12.8,12.64,12.69,30388
2016-07-20,12.79,12.83,12.65,12.75,19458
2016-07-21,12.71,12.71,12.64,12.65,23073
2016-07-22,12.64,12.7,12.49,12.64,47491
2016-07-25,12.57,12.63,12.52,12.6,10451
2016-07-26,12.55,12.92,12.55,12.7,12089
2016-07-27,12.67,12.82,12.46,12.79,56843
2016-07-28,12.69,12.75,12.62,12.74,16327
2016-07-29,12.75,12.75,12.51,12.62,42313
2016-08-01,12.58,12.74,12.42,12.68,34040
2016-08-02,12.72,12.75,12.4,12.42,21695
2016-08-03,12.45,12.45,12.25,12.32,33976
2016-08-04,12.27,12.32,11.64,12.05,28368
2016-08-05,12.05,12.31,12.05,12.22,45889
2016-08-08,12.31,12.31,12.23,12.24,21663
2016-08-09,12.27,12.35,12.27,12.31,13316
2016-08-10,12.25,12.35,12.23,12.29,26040
2016-08-11,12.3,12.33,12.21,12.27,43613
2016-08-12,12.13,12.3,12.13,12.24,24781
2016-08-15,12.22,12.3,12.21,12.24,23955
2016-08-16,12.2,12.28,12.13,12.14,27538
2016-08-17,12.14,12.22,11.95,12.04,27785
2016-08-18,11.78,12.13,11.78,12.1,27227
2016-08-19,12.04,12.27,12.04,12.15,46710
2016-08-22,12.16,12.17,11.95,12.1,32899
2016-08-23,12.18,12.22,12.11,12.15,32695
2016-08-24,12.2,12.21,12.03,12.19,63418
2016-08-25,12.19,12.31,12.13,12.19,58593
2016-08-26,12.2,12.2,12.0,12.03,23485
2016-08-29,12.04,12.22,12.04,12.2,98367
2016-08-30,12.2,12.25,12.14,12.17,69446
2016-08-31,12.05,12.29,12.0,12.12,50965
2016-09-01,12.18,12.2,12.03,12.2,37647
2016-09-02,12.2,12.24,12.06,12.2,33258
2016-09-06,12.19,12.22,12.16,12.18,112299
2016-09-07,12.2,12.25,12.17,12.18,192311
2016-09-08,12.2,12.22,12.11,12.2,94957
2016-09-09,12.15,12.2,11.93,11.94,78458
2016-09-12,11.96,12.2,11.82,12.2,89976
2016-09-13,12.13,12.26,11.96,12.01,90964
2016-09-14,12.07,12.16,11.54,12.04,62904
2016-09-15,12.05,12.15,11.85,12.1,117701
2016-09-16,12.13,12.29,11.67,11.94,333665
2016-09-19,12.0,12.34,12.0,12.3,70931
2016-09-20,12.29,12.68,12.29,12.64,73701
2016-09-21,12.58,12.8,12.26,12.79,125286
2016-09-22,12.8,13.25,12.41,13.2,90604
2016-09-23,13.16,13.39,12.8,13.23,68012
2016-09-26,13.2,13.38,13.0,13.13,62462
2016-09-27,13.19,13.35,13.19,13.31,78701
2016-09-28,13.3,13.64,13.3,13.41,118790
2016-09-29,13.39,13.56,13.22,13.27,96000
2016-09-30,13.45,14.28,13.17,13.86,205788
2016-10-03,13.75,13.87,13.61,13.66,90528
2016-10-04,13.83,13.84,13.5,13.65,45953
2016-10-05,13.64,13.99,13.64,13.86,93128
2016-10-06,13.9,14.04,13.7,14.03,106557
2016-10-07,13.93,14.05,13.75,13.9,85899
2016-10-10,13.82,14.02,13.76,13.79,123564
2016-10-11,13.69,13.76,13.51,13.55,71601
2016-10-12,13.45,13.74,13.38,13.59,74978
2016-10-13,13.46,13.77,13.46,13.62,82611
2016-10-14,13.68,13.9,13.66,13.68,67375
2016-10-17,13.65,14.0,13.65,13.8,126450
2016-10-18,13.95,14.0,13.8,13.95,55156
2016-10-19,13.8,14.0,13.65,13.8,58412
2016-10-20,13.65,13.85,13.55,13.75,77191
2016-10-21,13.6,13.98,13.6,13.8,59240
2016-10-24,13.8,14.15,13.8,14.0,60975
2016-10-25,13.95,13.98,13.6,13.9,63173
2016-10-26,13.85,14.1,13.85,13.9,59140
2016-10-27,14.05,14.1,13.77,13.95,69252
2016-10-28,14.0,14.1,13.85,13.95,64134
2016-10-31,14.05,14.05,13.85,13.9,107758
2016-11-01,14.0,14.05,13.9,14.0,76880
2016-11-02,14.05,14.1,13.8,13.85,116160
2016-11-03,14.2,14.2,13.85,13.95,105938
2016-11-04,14.15,14.45,13.95,13.95,198717
2016-11-07,14.2,14.85,14.0,14.55,177287
2016-11-08,14.6,14.9,13.75,14.8,127770
2016-11-09,14.55,15.3,14.5,15.25,189099
2016-11-10,15.3,15.9,15.1,15.75,141365
2016-11-11,15.8,16.75,15.6,16.75,266878
2016-11-14,17.45,17.45,16.69,16.85,235641
2016-11-15,17.0,17.05,16.6,16.8,138765
2016-11-16,16.85,16.95,16.7,16.75,231975
2016-11-17,16.85,16.85,16.4,16.7,121699
2016-11-18,16.8,16.95,16.6,16.9,157114
2016-11-21,16.95,17.2,16.88,17.15,117679
2016-11-22,17.35,17.5,17.15,17.5,157064
2016-11-23,17.4,17.75,17.25,17.65,83198
2016-11-25,17.5,17.9,17.5,17.85,37406
2016-11-28,18.0,18.32,17.9,18.1,217229
2016-11-29,18.2,18.2,17.68,17.7,102594
2016-11-30,17.65,17.95,17.25,17.45,97841
2016-12-01,17.6,17.8,17.0,17.25,67462
2016-12-02,17.2,17.75,17.1,17.6,75658
2016-12-05,17.2,17.55,17.2,17.45,154125
2016-12-06,17.5,18.0,17.45,17.9,134370
2016-12-07,18.0,18.0,17.6,17.65,115968
2016-12-08,17.75,17.95,17.5,17.65,206354
2016-12-09,17.55,17.75,17.4,17.6,174607
2016-12-12,17.45,18.5,17.45,18.35,202650
2016-12-13,18.5,18.9,18.25,18.5,198274
2016-12-14,18.4,18.75,18.25,18.35,128623
2016-12-15,18.25,18.85,17.85,18.4,135118
2016-12-16,18.5,18.85,18.25,18.6,272602
2016-12-19,18.65,18.85,18.32,18.45,96922
2016-12-20,18.55,18.95,18.5,18.95,77445
2016-12-21,18.8,19.0,18.6,18.65,52380
2016-12-22,18.6,18.7,18.3,18.35,65513
2016-12-23,18.5,18.67,18.4,18.5,54287
2016-12-27,18.55,18.9,18.55,18.7,73393
2016-12-28,18.75,18.75,18.3,18.3,50633
2016-12-29,18.4,18.55,18.25,18.35,91734
2016-12-30,18.5,18.5,18.0,18.2,152879
2017-01-03,18.25,18.45,17.85,18.2,124372
2017-01-04,18.25,18.4,18.2,18.3,122823
2017-01-05,18.35,18.35,17.75,17.9,98101
2017-01-06,17.9,17.95,17.25,17.5,82829
2017-01-09,17.5,17.7,17.0,17.45,100066
2017-01-10,17.4,17.8,17.4,17.7,90945
2017-01-11,17.65,17.95,17.5,17.75,83329
2017-01-12,17.8,17.9,17.3,17.65,51188
2017-01-13,17.8,18.25,17.8,17.95,55060
2017-01-17,17.9,17.9,17.5,17.6,83212
2017-01-18,17.75,17.8,17.4,17.7,86465
2017-01-19,17.8,17.8,17.02,17.05,109974
2017-01-20,17.1,17.5,17.0,17.1,106007
2017-01-23,17.0,17.4,16.95,17.25,73973
2017-01-24,17.3,17.9,17.2,17.4,90166
2017-01-25,17.4,17.72,17.4,17.6,77141
2017-01-26,17.55,17.6,17.4,17.5,42520
2017-01-27,17.4,17.8,17.4,17.6,43858
2017-01-30,17.45,17.45,17.1,17.15,80843
2017-01-31,17.15,17.35,16.8,17.1,103318
2017-02-01,17.2,17.25,17.0,17.1,63344
2017-02-02,18.0,18.0,16.55,16.85,107309
2017-02-03,16.9,17.15,16.85,16.9,76667
2017-02-06,16.95,16.95,16.15,16.6,100841
2017-02-07,16.65,16.9,16.4,16.6,94805
2017-02-08,16.55,16.7,16.3,16.45,66002
2017-02-09,16.55,16.95,16.45,16.8,62352
2017-02-10,16.9,17.1,16.75,17.05,94540
2017-02-13,17.15,17.15,16.75,16.85,73191
2017-02-14,16.7,16.7,16.2,16.3,109636
2017-02-15,16.2,16.45,16.02,16.1,107695
2017-02-16,16.1,16.2,15.85,16.05,155548
2017-02-17,16.1,16.52,16.0,16.5,121513
2017-02-21,16.55,16.65,16.35,16.6,52183
2017-02-22,16.65,16.65,16.45,16.5,40015
2017-02-23,16.55,16.6,16.22,16.45,43171
2017-02-24,16.35,16.75,16.25,16.55,82670
2017-02-27,16.5,16.68,16.25,16.5,92410
2017-02-28,16.5,16.55,16.0,16.1,89848
2017-03-01,16.35,16.75,16.25,16.45,92509
2017-03-02,16.45,16.5,16.15,16.2,55837
2017-03-03,16.25,16.3,16.05,16.2,51690
2017-03-06,16.15,16.2,16.0,16.1,52214
2017-03-07,16.15,16.35,16.1,16.15,57342
2017-03-08,16.25,16.4,15.9,15.9,60818
2017-03-09,16.0,16.2,15.9,15.95,82029
2017-03-10,16.0,16.2,15.7,15.7,109872
2017-03-13,15.7,15.78,15.3,15.35,131415
2017-03-14,15.3,15.55,15.1,15.2,162905
2017-03-15,15.25,15.9,15.25,15.65,191403
2017-03-16,15.75,16.25,15.65,16.05,164342
2017-03-17,15.95,16.25,15.8,16.0,199423
2017-03-20,16.0,16.12,15.85,16.0,168493
2017-03-21,16.0,16.05,15.25,15.3,116989
2017-03-22,15.3,15.5,15.05,15.05,152748
2017-03-23,15.1,16.05,15.05,16.0,105677
2017-03-24,16.05,16.2,15.95,16.05,50039
2017-03-27,15.95,16.28,15.7,16.25,59845
2017-03-28,16.25,16.35,16.0,16.35,47101
2017-03-29,16.25,16.35,16.1,16.25,49384
2017-03-30,16.2,16.65,16.15,16.55,69962
2017-03-31,16.6,17.0,16.37,16.95,220901
2017-04-03,16.85,16.85,16.4,16.45,115793
2017-04-04,16.35,16.5,16.05,16.2,70857
2017-04-05,16.1,16.45,15.95,15.95,82377
2017-04-06,16.0,16.38,15.95,16.2,89778
2017-04-07,16.2,16.45,16.18,16.45,71678
2017-04-10,16.45,16.55,16.15,16.35,65245
2017-04-11,16.3,16.5,16.2,16.35,52667
2017-04-12,16.25,16.3,15.9,16.05,46668
2017-04-13,15.9,16.35,15.9,16.05,54744
2017-04-17,16.1,16.4,16.05,16.35,65118
2017-04-18,16.3,16.45,16.15,16.35,37834
2017-04-19,16.4,16.45,16.22,16.35,61364
2017-04-20,16.4,16.92,16.35,16.85,60702
2017-04-21,16.9,17.2,16.75,17.1,148239
2017-04-24,17.5,17.55,17.25,17.45,62016
2017-04-25,17.65,17.95,17.5,17.7,95924
2017-04-26,17.7,18.0,17.55,17.8,91517
2017-04-27,17.95,17.95,17.55,17.6,45234
2017-04-28,17.65,17.65,17.2,17.25,76712
2017-05-01,17.35,17.65,17.25,17.55,71506
2017-05-02,17.6,17.6,16.6,16.65,83973
2017-05-03,16.5,16.7,16.35,16.4,68238
2017-05-04,16.5,16.6,16.1,16.4,96417
2017-05-05,16.45,16.5,16.1,16.3,64438
2017-05-08,16.3,16.45,16.25,16.35,32009
2017-05-09,16.4,16.5,16.25,16.45,50416
2017-05-10,16.3,16.5,16.15,16.4,55251
2017-05-11,16.35,16.5,16.2,16.4,46490
2017-05-12,16.35,16.6,16.35,16.55,65221
2017-05-15,16.6,16.98,16.6,16.95,42683
2017-05-16,16.95,17.55,16.8,17.2,95764
2017-05-17,16.85,17.1,16.3,16.35,94406
2017-05-18,16.25,16.65,16.2,16.25,78230
2017-05-19,16.3,16.4,16.0,16.25,117047
2017-05-22,16.35,16.73,16.2,16.6,132721
2017-05-23,16.65,16.8,16.45,16.65,64055
2017-05-24,16.75,17.0,16.58,16.7,66566
2017-05-25,16.7,17.3,16.65,17.15,80266
2017-05-26,17.15,17.45,17.1,17.25,66703
2017-05-30,17.25,17.35,17.0,17.0,116351
2017-05-31,17.05,17.4,16.85,17.4,69104
2017-06-01,17.55,18.1,17.55,18.05,143293
2017-06-02,18.0,18.65,18.0,18.55,180332
2017-06-05,18.6,18.75,18.3,18.35,160997
2017-06-06,18.2,18.45,18.02,18.2,74864
2017-06-07,18.15,18.45,18.0,18.25,90382
2017-06-08,18.3,18.75,18.15,18.65,88694
2017-06-09,18.8,18.9,18.4,18.55,105994
2017-06-12,18.55,18.75,18.15,18.6,100380
2017-06-13,18.5,18.85,18.3,18.35,53209
2017-06-14,18.35,18.55,18.1,18.35,75156
2017-06-15,18.2,18.48,18.1,18.4,80858
2017-06-16,18.2,18.35,18.0,18.3,118822
2017-06-19,18.35,18.4,18.0,18.2,75716
2017-06-20,18.1,18.3,18.02,18.1,70549
2017-06-21,18.1,18.25,17.95,17.95,70082
2017-06-22,18.0,18.15,17.7,17.95,83307
2017-06-23,17.9,18.3,17.8,18.15,260741
2017-06-26,18.2,18.3,18.05,18.15,58416
2017-06-27,18.05,18.5,17.9,17.95,77402
2017-06-28,17.95,18.5,17.9,18.45,62997
2017-06-29,18.4,18.75,18.0,18.2,66182
2017-06-30,18.25,18.3,18.0,18.05,98879
2017-07-03,18.05,18.35,17.85,18.2,54538
2017-07-05,18.2,18.45,17.95,18.0,123066
2017-07-06,17.8,18.2,17.46,17.95,96781
2017-07-07,17.95,18.3,17.95,18.2,45224
2017-07-10,18.1,18.4,18.0,18.1,73610
2017-07-11,18.05,18.2,17.95,18.1,60851
2017-07-12,18.25,18.6,18.2,18.55,55441
2017-07-13,18.5,18.5,18.15,18.45,41269
2017-07-14,18.45,18.65,18.2,18.5,56430
2017-07-17,18.45,18.8,18.35,18.6,65508
2017-07-18,18.45,19.7,18.45,19.6,240813
2017-07-19,19.7,20.3,19.45,20.0,160896
2017-07-20,20.1,20.25,19.65,20.1,59560
2017-07-21,20.25,20.25,19.55,19.9,78629
2017-07-24,20.05,20.25,19.35,19.7,59706
2017-07-25,19.8,20.05,19.55,19.6,53131
2017-07-26,19.55,19.7,19.4,19.4,64606
2017-07-27,19.55,19.65,19.05,19.2,67303
2017-07-28,19.15,19.4,19.05,19.3,50456
2017-07-31,19.3,19.68,19.0,19.45,71542
2017-08-01,19.6,19.7,17.97,19.6,130314
