Date,Open,High,Low,Close,Volume
2006-10-19,6.5,6.68,6.06,6.2,2187506
2006-10-20,6.05,6.5,6.05,6.45,405836
2006-10-23,6.5,6.5,6.35,6.45,167972
2006-10-24,6.45,6.45,6.35,6.35,87716
2006-10-25,6.12,6.25,6.12,6.15,50893
2006-10-26,6.28,6.28,5.95,6.0,142563
2006-10-27,6.23,6.23,5.9,6.0,140709
2006-10-30,6.0,6.19,5.9,6.05,63652
2006-10-31,6.17,6.17,6.0,6.05,188802
2006-11-01,6.2,6.2,6.02,6.08,27759
2006-11-02,6.2,6.2,6.03,6.05,21967
2006-11-03,6.05,6.14,6.0,6.1,31789
2006-11-06,6.06,6.18,6.01,6.05,51680
2006-11-07,6.05,6.05,6.0,6.03,95878
2006-11-08,6.15,6.15,6.0,6.03,66142
2006-11-09,6.0,6.0,5.8,5.85,45302
2006-11-10,6.07,6.07,5.85,5.9,15037
2006-11-13,5.85,6.07,5.8,6.07,52900
2006-11-14,5.96,6.05,5.93,5.99,31598
2006-11-15,5.95,6.06,5.95,6.0,29564
2006-11-16,6.0,6.07,6.0,6.05,26941
2006-11-17,6.03,6.1,6.0,6.03,15086
2006-11-20,6.03,6.13,6.01,6.06,33721
2006-11-21,6.05,6.06,5.7,5.95,39500
2006-11-22,5.95,6.03,5.95,5.96,40451
2006-11-24,5.91,5.94,5.73,5.94,2705
2006-11-27,5.94,5.95,5.9,5.95,44270
2006-11-28,5.95,6.0,5.71,6.0,48227
2006-11-29,5.98,5.99,5.85,5.91,10342
2006-11-30,5.96,5.96,5.8,5.81,21647
2006-12-01,5.8,6.08,5.8,6.06,20575
2006-12-04,5.85,6.36,5.85,6.0,10047
2006-12-05,6.0,6.01,5.8,6.0,23511
2006-12-06,5.99,5.99,5.85,5.85,1300
2006-12-07,5.88,5.88,5.88,5.88,200
2006-12-08,5.85,5.99,5.82,5.88,14610
2006-12-11,5.85,6.03,5.63,5.63,49332
2006-12-12,5.6,5.77,5.1,5.6,16660
2006-12-13,5.48,5.55,5.4,5.5,14551
2006-12-14,5.42,6.18,5.4,5.82,64504
2006-12-15,5.82,6.09,5.81,5.94,10223
2006-12-18,5.95,6.0,5.8,5.8,16839
2006-12-19,5.88,5.99,5.8,5.83,5999
2006-12-20,5.83,6.0,5.6,5.74,14506
2006-12-21,5.72,5.8,5.6,5.7,33472
2006-12-22,5.95,6.2,5.95,6.07,52796
2006-12-26,6.28,6.28,6.0,6.06,6933
2006-12-27,6.01,6.07,6.0,6.06,5246
2006-12-28,6.07,6.16,6.01,6.1,26613
2006-12-29,6.16,6.16,5.83,6.0,33136
2007-01-03,5.91,6.1,5.91,6.05,46085
2007-01-04,6.04,6.18,6.03,6.11,10400
2007-01-05,6.19,6.4,6.19,6.24,7625
2007-01-08,6.05,6.16,6.0,6.14,11600
2007-01-09,6.12,6.18,6.01,6.1,3200
2007-01-10,6.0,6.18,6.0,6.18,80880
2007-01-11,6.17,6.18,6.1,6.1,8201
2007-01-12,6.04,6.23,6.04,6.23,1050
2007-01-16,6.2,6.25,6.2,6.25,7550
2007-01-17,6.25,6.28,6.2,6.28,4300
2007-01-18,6.31,6.47,6.2,6.25,9720
2007-01-19,6.28,6.8,6.28,6.67,26313
2007-01-22,6.7,6.79,6.57,6.66,95550
2007-01-23,6.63,6.7,6.55,6.56,52198
2007-01-24,6.52,6.52,6.3,6.36,12800
2007-01-25,6.35,6.36,6.3,6.34,4800
2007-01-26,6.33,6.5,6.31,6.32,9150
2007-01-29,6.32,6.44,6.3,6.32,6400
2007-01-30,6.26,6.36,6.24,6.36,9700
2007-01-31,6.27,6.32,6.15,6.32,11845
2007-02-01,6.32,6.55,6.32,6.48,15709
2007-02-02,6.5,6.5,6.24,6.24,3623
2007-02-05,6.36,6.6,6.25,6.25,8783
2007-02-06,6.28,6.5,6.27,6.4,3810
2007-02-07,6.38,6.4,6.25,6.25,5716
2007-02-08,6.35,6.36,6.1,6.1,10630
2007-02-09,6.15,6.2,6.1,6.17,47623
2007-02-12,6.06,6.07,6.0,6.02,2897
2007-02-13,5.87,6.06,5.87,6.06,2629
2007-02-14,6.05,6.13,5.95,6.1,17644
2007-02-15,6.18,6.5,6.01,6.4,8700
2007-02-16,6.3,6.3,6.01,6.05,2400
2007-02-20,6.32,6.36,6.01,6.15,22002
2007-02-21,6.22,6.36,6.15,6.3,12798
2007-02-22,6.33,6.33,6.24,6.33,10100
2007-02-23,6.43,6.5,6.06,6.5,15198
2007-02-26,6.69,6.71,6.5,6.51,15670
2007-02-27,6.55,6.59,6.45,6.5,23214
2007-02-28,6.55,6.65,6.55,6.64,22963
2007-03-01,6.58,6.69,5.66,6.6,21863
2007-03-02,6.51,7.2,6.51,6.82,16514
2007-03-05,6.85,6.85,6.6,6.64,48034
2007-03-06,6.61,6.8,6.61,6.8,13174
2007-03-07,6.8,6.8,6.74,6.74,3900
2007-03-08,6.65,6.65,6.6,6.62,2700
2007-03-09,6.65,6.65,6.62,6.63,11434
2007-03-12,6.63,6.94,6.63,6.75,18053
2007-03-13,6.96,6.96,6.71,6.76,10875
2007-03-14,6.69,6.69,6.45,6.67,3200
2007-03-15,6.68,6.68,6.62,6.62,1200
2007-03-16,6.63,6.67,6.6,6.67,17900
2007-03-19,6.63,6.63,6.63,6.63,150
2007-03-20,6.6,6.61,6.5,6.5,5300
2007-03-21,6.52,6.52,6.36,6.5,34811
2007-03-22,6.63,6.86,6.49,6.5,3704
2007-03-23,6.27,6.39,6.22,6.27,6803
2007-03-26,6.27,6.27,6.04,6.14,16324
2007-03-27,6.11,6.15,5.71,6.15,21050
2007-03-28,5.95,6.05,5.89,5.96,6923
2007-03-29,5.83,5.93,5.83,5.88,1200
2007-03-30,5.88,6.69,5.88,6.38,12302
2007-04-02,6.36,6.42,6.33,6.38,60472
2007-04-03,6.4,6.7,6.4,6.4,24364
2007-04-04,6.65,6.65,6.33,6.44,1000
2007-04-05,6.47,6.47,6.25,6.3,49900
2007-04-09,6.2,6.2,6.14,6.2,12370
2007-04-10,6.19,6.2,6.01,6.11,1900
2007-04-11,6.0,6.13,5.94,5.94,13601
2007-04-12,5.94,6.03,5.94,6.0,10100
2007-04-13,6.02,6.02,5.91,5.92,74590
2007-04-16,5.95,6.0,5.6,5.95,18939
2007-04-17,5.9,5.9,5.85,5.9,3500
2007-04-18,5.87,5.93,5.85,5.88,22300
2007-04-19,5.87,5.91,5.86,5.88,28000
2007-04-20,5.86,5.92,5.85,5.86,19147
2007-04-23,5.86,5.9,5.85,5.85,19300
2007-04-24,5.85,5.96,5.81,5.81,3300
2007-04-25,5.73,5.8,5.73,5.76,3780
2007-04-26,5.79,6.0,5.75,5.75,30950
2007-04-27,5.8,6.02,5.71,5.71,11058
2007-04-30,5.85,5.85,5.72,5.78,5642
2007-05-01,5.71,5.8,5.71,5.71,29188
2007-05-02,5.71,5.98,5.7,5.74,42413
2007-05-03,5.71,5.99,5.7,5.7,30421
2007-05-04,5.81,5.97,5.81,5.97,150700
2007-05-07,6.1,6.37,5.9,6.35,25453
2007-05-08,6.38,6.38,6.29,6.38,8200
2007-05-09,6.18,6.51,6.15,6.23,28184
2007-05-10,6.2,6.2,6.0,6.11,12600
2007-05-11,6.12,6.14,6.12,6.14,500
2007-05-14,6.05,6.12,6.05,6.11,800
2007-05-15,6.05,6.06,6.02,6.03,1100
2007-05-16,6.04,6.11,5.9,6.09,73492
2007-05-17,6.06,6.06,5.99,6.0,9240
2007-05-18,6.0,6.05,5.95,6.0,30659
2007-05-21,6.0,6.05,6.0,6.02,26614
2007-05-22,6.02,6.04,5.91,6.0,10614
2007-05-23,6.09,6.27,5.95,6.0,10714
2007-05-24,5.95,6.03,5.95,6.03,35441
2007-05-25,6.03,6.16,6.0,6.11,3506
2007-05-29,6.14,6.26,6.14,6.26,14149
2007-05-30,6.01,6.18,6.01,6.11,2960
2007-05-31,6.06,6.1,6.06,6.1,1100
2007-06-01,6.16,6.25,6.0,6.19,27472
2007-06-04,6.17,6.43,6.14,6.42,22033
2007-06-05,6.41,6.47,6.3,6.42,13012
2007-06-06,6.4,6.4,6.4,6.4,1000
2007-06-07,6.23,6.35,6.23,6.28,1085
2007-06-08,6.26,6.47,6.26,6.36,8150
2007-06-11,6.29,6.56,6.29,6.5,17804
2007-06-12,6.54,6.94,6.51,6.66,32100
2007-06-13,6.6,6.63,6.51,6.51,26315
2007-06-14,6.6,6.62,6.36,6.43,18683
2007-06-15,6.5,6.55,6.29,6.5,42674
2007-06-18,6.52,6.69,6.43,6.59,4547
2007-06-19,6.55,6.63,6.04,6.59,29905
2007-06-20,6.45,6.5,6.05,6.32,11100
2007-06-21,6.13,6.35,6.04,6.25,6888
2007-06-22,6.12,6.25,6.12,6.25,1400
2007-06-25,6.17,6.2,6.04,6.2,5377
2007-06-26,6.06,6.06,5.9,5.95,10954
2007-06-27,5.95,6.0,5.9,6.0,7483
2007-06-28,6.03,6.03,6.0,6.03,4801
2007-06-29,6.04,6.04,6.0,6.0,7749
2007-07-02,6.0,6.01,6.0,6.0,7147
2007-07-03,6.03,6.32,6.03,6.3,1121
2007-07-05,6.49,6.69,6.47,6.56,8550
2007-07-06,6.46,6.63,6.17,6.3,10300
2007-07-09,6.31,6.33,6.19,6.3,1100
2007-07-10,6.71,6.71,6.71,6.71,100
2007-07-11,6.24,6.48,6.24,6.47,2277
2007-07-12,6.42,6.42,6.35,6.35,1300
2007-07-13,,,,6.35,0
2007-07-16,6.35,6.38,6.3,6.3,1620
2007-07-17,6.21,6.22,6.21,6.22,202
2007-07-18,6.07,6.1,5.98,6.1,7615
2007-07-19,6.07,6.11,5.91,6.11,5180
2007-07-20,6.17,6.17,5.95,5.95,1205
2007-07-23,6.0,6.12,5.9,5.9,5617
2007-07-24,5.9,6.45,5.9,6.03,16777
2007-07-25,6.0,6.39,5.69,5.69,6860
2007-07-26,5.69,6.51,5.4,5.56,28295
2007-07-27,5.97,6.75,5.97,6.09,6750
2007-07-30,6.0,6.1,5.68,5.73,1551
2007-07-31,5.78,6.75,5.78,6.01,18997
2007-08-01,6.07,6.18,6.0,6.13,1200
2007-08-02,6.28,6.62,6.0,6.24,19757
2007-08-03,6.24,6.73,6.14,6.39,16720
2007-08-06,6.67,6.67,6.07,6.3,5540
2007-08-07,6.29,6.34,6.0,6.25,58010
2007-08-08,6.65,6.65,6.29,6.5,42248
2007-08-09,6.5,6.75,6.5,6.6,30129
2007-08-10,6.12,6.12,6.12,6.12,500
2007-08-13,6.21,6.25,6.2,6.25,605
2007-08-14,6.25,6.25,6.05,6.05,740
2007-08-15,6.06,6.06,6.0,6.0,1200
2007-08-16,5.85,5.96,5.84,5.9,2756
2007-08-17,5.91,6.0,5.9,6.0,1703
2007-08-20,6.01,6.12,5.65,5.97,9943
2007-08-21,5.97,5.97,5.97,5.97,1000
2007-08-22,6.14,6.2,6.1,6.16,6812
2007-08-23,5.84,6.84,5.8,6.72,18031
2007-08-24,6.1,6.76,5.67,6.76,19807
2007-08-27,6.9,6.9,6.69,6.69,1122
2007-08-28,6.68,6.68,6.06,6.17,8612
2007-08-29,6.24,6.68,6.17,6.4,3950
2007-08-30,6.65,7.08,6.42,6.9,17801
2007-08-31,6.85,6.9,6.8,6.8,7000
2007-09-04,6.8,6.8,6.4,6.75,10126
2007-09-05,6.7,6.85,6.57,6.7,1700
2007-09-06,6.71,7.0,6.71,7.0,1100
2007-09-07,6.71,6.88,6.51,6.75,21160
2007-09-10,6.71,6.75,6.65,6.75,2337
2007-09-11,6.65,6.8,6.6,6.75,6834
2007-09-12,6.75,6.76,6.42,6.65,12301
2007-09-13,6.42,7.08,6.21,6.75,17390
2007-09-14,6.79,7.31,6.79,6.83,6767
2007-09-17,6.71,6.76,6.7,6.71,23412
2007-09-18,6.71,6.75,6.71,6.75,8900
2007-09-19,6.81,6.81,6.78,6.8,17902
2007-09-20,6.79,6.87,6.5,6.51,39087
2007-09-21,6.8,6.8,6.5,6.53,27987
2007-09-24,6.65,6.75,6.5,6.5,7431
2007-09-25,6.75,6.87,6.5,6.53,26831
2007-09-26,6.5,6.51,6.45,6.5,4000
2007-09-27,6.71,6.75,6.6,6.75,1770
2007-09-28,6.75,7.54,6.34,7.54,5476
2007-10-01,7.04,7.2,6.93,7.07,18806
2007-10-02,7.06,7.06,6.86,7.01,7584
2007-10-03,7.0,7.0,6.8,6.83,14200
2007-10-04,6.85,7.0,6.83,7.0,9400
2007-10-05,7.0,7.0,6.91,7.0,5525
2007-10-08,6.99,6.99,6.94,6.94,697
2007-10-09,7.04,7.09,7.04,7.09,800
2007-10-10,7.16,7.25,7.0,7.14,6201
2007-10-11,7.22,7.55,7.01,7.4,26469
2007-10-12,7.27,7.35,7.17,7.24,18874
2007-10-15,,,,7.24,0
2007-10-16,7.25,7.25,7.21,7.21,3800
2007-10-17,7.42,7.42,7.2,7.23,8993
2007-10-18,7.28,7.28,7.2,7.2,2600
2007-10-19,7.16,7.25,7.16,7.16,700
2007-10-22,7.23,7.23,7.2,7.2,300
2007-10-23,7.36,7.37,7.18,7.18,1700
2007-10-24,7.26,7.44,7.26,7.41,1200
2007-10-25,7.23,7.45,7.04,7.05,16904
2007-10-26,7.05,7.1,6.76,7.1,5000
2007-10-29,7.16,7.56,7.16,7.39,1600
2007-10-30,7.56,7.57,7.42,7.42,1200
2007-10-31,7.57,7.57,7.35,7.44,81875
2007-11-01,7.54,7.54,7.49,7.49,830
2007-11-02,7.56,7.57,7.49,7.49,1284
2007-11-05,7.57,7.57,7.45,7.47,4084
2007-11-06,7.31,7.57,7.3,7.5,64455
2007-11-07,6.92,7.58,6.92,7.58,31537
2007-11-08,7.46,7.69,7.45,7.5,8750
2007-11-09,5.73,7.37,5.55,7.3,387841
2007-11-12,7.27,7.39,7.27,7.39,22034
2007-11-13,7.38,7.38,7.18,7.35,2500
2007-11-14,7.36,7.5,7.36,7.41,7374
2007-11-15,7.4,7.41,7.4,7.4,14800
2007-11-16,7.71,7.71,7.28,7.28,3950
2007-11-19,7.24,7.39,6.92,7.31,30042
2007-11-20,7.25,7.25,7.0,7.07,1947
2007-11-21,7.27,7.7,7.0,7.49,29972
2007-11-23,7.49,7.7,7.25,7.65,14181
2007-11-26,7.36,7.7,7.36,7.61,1618
2007-11-27,7.74,7.74,7.42,7.49,6079
2007-11-28,7.63,7.63,7.35,7.38,3381
2007-11-29,7.2,7.6,7.15,7.18,3741
2007-11-30,7.11,7.16,6.9,7.11,3601
2007-12-03,7.04,7.2,7.0,7.0,700
2007-12-04,7.07,7.46,6.8,7.01,13289
2007-12-05,7.01,7.01,6.69,6.69,700
2007-12-06,6.68,6.99,6.66,6.91,1800
2007-12-07,6.94,6.97,6.65,6.97,3686
2007-12-10,7.11,7.11,7.11,7.11,500
2007-12-11,6.97,6.97,6.87,6.88,2399
2007-12-12,6.73,6.73,6.61,6.61,5400
2007-12-13,6.51,6.51,6.0,6.35,13083
2007-12-14,6.17,6.23,6.0,6.0,19500
2007-12-17,6.0,6.1,5.9,6.1,700
2007-12-18,6.0,6.1,5.9,6.0,4500
2007-12-19,5.92,5.93,5.9,5.9,3067
2007-12-20,5.93,6.48,5.7,6.05,12712
2007-12-21,6.04,6.37,6.04,6.37,1740
2007-12-24,6.44,6.44,6.44,6.44,150
2007-12-26,6.45,6.45,6.45,6.45,150
2007-12-27,6.21,6.39,5.71,6.39,14179
2007-12-28,6.14,6.26,6.08,6.26,1187
2007-12-31,5.95,6.23,5.95,6.2,9407
2008-01-02,6.2,6.2,6.0,6.0,64981
2008-01-03,5.91,5.91,5.91,5.91,600
2008-01-04,6.14,6.15,6.0,6.0,45563
2008-01-07,6.09,6.1,5.94,5.98,2600
2008-01-08,5.91,6.62,5.9,6.62,10194
2008-01-09,6.72,6.72,6.71,6.71,300
2008-01-10,6.61,6.61,5.91,6.52,10500
2008-01-11,6.48,6.48,6.04,6.35,1900
2008-01-14,6.14,6.3,6.1,6.3,1400
2008-01-15,6.27,6.3,6.09,6.16,30150
2008-01-16,6.31,6.32,6.01,6.23,7900
2008-01-17,6.05,6.1,5.91,6.03,24727
2008-01-18,5.94,6.02,5.76,5.9,56354
2008-01-22,5.6,5.73,5.6,5.72,3200
2008-01-23,5.71,5.85,5.52,5.52,3000
2008-01-24,5.53,5.61,5.51,5.53,5300
2008-01-25,5.69,5.71,5.44,5.57,1900
2008-01-28,5.5,5.63,5.43,5.63,17946
2008-01-29,5.51,5.59,5.5,5.5,12462
2008-01-30,,,,5.5,0
2008-01-31,5.5,5.52,5.46,5.51,13200
2008-02-01,5.5,5.5,5.45,5.5,31500
2008-02-04,5.42,5.5,5.42,5.44,1851
2008-02-05,,,,5.44,0
2008-02-06,5.48,5.5,5.48,5.5,6254
2008-02-07,5.5,5.5,5.48,5.5,21600
2008-02-08,5.49,5.51,5.4,5.48,39515
2008-02-11,5.49,5.5,5.45,5.46,3000
2008-02-12,5.5,5.53,5.45,5.46,21800
2008-02-13,5.46,5.46,5.46,5.46,650
2008-02-14,5.47,5.48,5.46,5.46,1200
2008-02-15,,,,5.46,0
2008-02-19,5.46,5.46,5.4,5.4,38900
2008-02-20,5.35,5.35,5.35,5.35,200
2008-02-21,,,,5.35,0
2008-02-22,5.4,6.43,5.0,5.02,121657
2008-02-25,5.09,5.17,5.04,5.07,2500
2008-02-26,5.0,5.1,5.0,5.05,54822
2008-02-27,5.1,5.1,4.61,4.79,822810
2008-02-28,4.81,4.99,4.77,4.89,23100
2008-02-29,4.81,4.9,4.53,4.75,12354
2008-03-03,4.69,4.75,4.52,4.73,12131
2008-03-04,4.74,4.74,4.6,4.65,13140
2008-03-05,4.51,4.51,3.5,3.65,772308
2008-03-06,3.6,4.0,3.6,3.63,50138
2008-03-07,3.63,3.87,3.51,3.73,47203
2008-03-10,3.69,3.8,3.25,3.25,17786
2008-03-11,3.38,3.8,3.31,3.43,8800
2008-03-12,3.54,3.54,3.1,3.2,6474
2008-03-13,3.11,4.07,3.08,3.65,29813
2008-03-14,3.6,3.6,3.41,3.41,1200
2008-03-17,3.31,3.31,3.31,3.31,200
2008-03-18,3.3,3.46,3.3,3.45,1976
2008-03-19,3.46,3.46,3.45,3.45,400
2008-03-20,3.4,3.5,3.4,3.41,12648
2008-03-24,3.41,3.98,3.2,3.73,50547
2008-03-25,3.87,3.87,3.51,3.51,7800
2008-03-26,3.46,3.46,3.2,3.37,9600
2008-03-27,3.36,3.37,3.25,3.31,18600
2008-03-28,3.34,3.38,3.26,3.37,4600
2008-03-31,3.34,3.5,3.25,3.25,44283
2008-04-01,3.41,3.74,3.28,3.31,58700
2008-04-02,3.27,3.5,3.25,3.26,32321
2008-04-03,3.32,3.69,3.32,3.55,1250
2008-04-04,3.51,3.58,3.39,3.57,36622
2008-04-07,3.54,3.84,3.49,3.75,4195
2008-04-08,3.78,4.24,3.7,4.14,8400
2008-04-09,4.17,4.62,4.17,4.46,14820
2008-04-10,4.47,4.55,4.41,4.5,7000
2008-04-11,4.39,4.39,4.39,4.39,100
2008-04-14,,,,4.39,0
2008-04-15,4.4,4.4,4.08,4.08,24000
2008-04-16,4.71,4.71,4.47,4.47,215
2008-04-17,4.55,4.74,4.55,4.69,9834
2008-04-18,4.64,4.66,4.28,4.29,25388
2008-04-21,4.08,4.32,4.08,4.32,600
2008-04-22,4.46,4.5,4.21,4.43,8400
2008-04-23,4.52,4.52,4.23,4.36,10300
2008-04-24,4.35,4.35,4.35,4.35,100
2008-04-25,4.44,4.5,4.29,4.29,6150
2008-04-28,,,,4.29,0
2008-04-29,4.05,4.18,4.05,4.18,2400
2008-04-30,,,,4.18,0
2008-05-01,4.45,4.45,3.9,4.04,39824
2008-05-02,3.95,4.15,3.86,3.9,15860
2008-05-05,3.93,3.99,3.82,3.95,2200
2008-05-06,3.91,3.99,3.85,3.93,5799
2008-05-07,3.83,3.83,3.75,3.76,17900
2008-05-08,3.76,3.79,3.7,3.73,16300
2008-05-09,3.8,3.8,3.7,3.71,16700
2008-05-12,3.7,3.8,3.7,3.8,21900
2008-05-13,3.8,3.8,3.71,3.76,17748
2008-05-14,3.78,3.81,3.63,3.72,5902
2008-05-15,3.79,3.8,3.79,3.8,2100
2008-05-16,3.66,3.75,3.62,3.62,7687
2008-05-19,3.63,3.73,3.62,3.65,901
2008-05-20,,,,3.65,0
2008-05-21,3.65,3.69,3.6,3.69,3000
2008-05-22,3.69,3.69,3.57,3.57,600
2008-05-23,,,,3.57,0
2008-05-27,3.51,3.59,3.25,3.58,12993
2008-05-28,3.41,3.5,3.2,3.44,14842
2008-05-29,3.45,3.59,3.0,3.31,37277
2008-05-30,3.44,3.44,3.17,3.2,12798
2008-06-02,3.24,3.25,2.98,3.18,25709
2008-06-03,3.22,3.42,3.11,3.23,13293
2008-06-04,3.25,3.35,3.25,3.29,8171
2008-06-05,3.39,3.39,3.25,3.39,3700
2008-06-06,3.23,3.43,3.19,3.27,12100
2008-06-09,3.32,3.32,2.98,3.23,11463
2008-06-10,3.11,3.26,3.01,3.22,6950
2008-06-11,,,,3.22,0
2008-06-12,3.31,3.48,3.05,3.35,11700
2008-06-13,3.58,3.58,2.95,3.01,23090
2008-06-16,3.01,3.09,2.85,2.91,35242
2008-06-17,2.85,3.15,2.62,2.66,31101
2008-06-18,2.7,2.91,2.59,2.88,15114
2008-06-19,2.88,2.88,2.84,2.84,350
2008-06-20,2.93,2.93,2.73,2.82,22334
2008-06-23,2.88,2.88,2.73,2.79,8300
2008-06-24,2.79,2.8,2.79,2.8,500
2008-06-25,2.9,2.9,2.7,2.75,17202
2008-06-26,2.71,2.99,2.55,2.75,459634
2008-06-27,2.86,3.06,2.86,3.06,3800
2008-06-30,3.18,3.18,2.7,3.01,11465
2008-07-01,3.18,3.18,2.6,2.74,20442
2008-07-02,2.75,2.75,2.75,2.75,800
2008-07-03,2.75,2.8,2.75,2.8,288
2008-07-07,2.63,3.1,2.63,2.96,11895
2008-07-08,2.99,3.17,2.78,3.1,22750
2008-07-09,3.05,3.38,2.94,3.02,12075
2008-07-10,3.17,3.3,3.11,3.15,10250
2008-07-11,3.17,3.29,3.02,3.02,2800
2008-07-14,3.58,3.58,3.0,3.0,8400
2008-07-15,3.01,3.22,3.01,3.22,300
2008-07-16,3.05,3.05,3.05,3.05,300
2008-07-17,3.08,3.31,3.08,3.31,1900
2008-07-18,3.32,3.51,3.31,3.43,3350
2008-07-21,3.68,3.75,3.5,3.7,3000
2008-07-22,3.75,3.75,3.66,3.71,7151
2008-07-23,3.74,3.75,3.7,3.7,2700
2008-07-24,3.7,3.74,3.5,3.51,4500
2008-07-25,3.52,3.66,3.38,3.66,35780
2008-07-28,3.7,3.73,3.7,3.7,4300
2008-07-29,,,,3.7,0
2008-07-30,3.71,3.74,3.35,3.35,4468
2008-07-31,3.56,3.6,3.35,3.35,8550
2008-08-01,3.4,3.74,3.4,3.61,3315
2008-08-04,3.32,3.32,3.02,3.26,52155
2008-08-05,3.14,3.5,3.04,3.5,7100
2008-08-06,,,,3.5,0
2008-08-07,3.12,3.48,3.12,3.48,1300
2008-08-08,,,,3.48,0
2008-08-11,3.09,3.24,3.06,3.2,1800
2008-08-12,3.11,3.18,3.1,3.11,1000
2008-08-13,3.32,3.32,3.23,3.23,3200
2008-08-14,3.5,3.5,3.2,3.2,1900
2008-08-15,3.45,3.7,3.45,3.6,8200
2008-08-18,3.73,3.97,3.28,3.51,7400
2008-08-19,3.61,3.61,3.51,3.51,4494
2008-08-20,3.41,3.46,3.27,3.4,56351
2008-08-21,3.41,3.41,3.27,3.27,2400
2008-08-22,3.59,3.59,3.34,3.36,4681
2008-08-25,3.28,3.49,3.26,3.4,4768
2008-08-26,3.4,3.54,3.14,3.25,12110
2008-08-27,3.22,3.22,3.2,3.2,2090
2008-08-28,3.3,3.34,3.26,3.26,4700
2008-08-29,3.4,3.4,3.4,3.4,300
2008-09-02,,,,3.4,0
2008-09-03,3.25,3.34,3.2,3.25,9400
2008-09-04,3.3,3.3,3.2,3.21,3065
2008-09-05,3.2,3.2,3.2,3.2,600
2008-09-08,,,,3.2,0
2008-09-09,3.55,3.55,3.55,3.55,225
2008-09-10,3.24,3.4,3.2,3.4,11705
2008-09-11,,,,3.4,0
2008-09-12,3.22,3.66,3.2,3.2,4100
2008-09-15,,,,3.2,0
2008-09-16,3.2,3.2,3.2,3.2,400
2008-09-17,3.2,3.24,3.2,3.24,2700
2008-09-18,,,,3.24,0
2008-09-19,3.37,3.4,3.0,3.18,7395
2008-09-22,3.62,3.64,3.42,3.42,1400
2008-09-23,3.05,3.62,3.05,3.5,6101
2008-09-24,,,,3.5,0
2008-09-25,3.35,3.49,3.0,3.49,12125
2008-09-26,3.17,3.4,3.17,3.33,3500
2008-09-29,3.01,3.03,2.5,3.0,11080
2008-09-30,2.99,3.2,2.99,3.2,828
2008-10-01,,,,3.2,0
2008-10-02,2.99,3.0,2.85,3.0,14424
2008-10-03,2.86,3.0,2.85,3.0,2767
2008-10-06,2.86,3.0,2.58,2.97,16430
2008-10-07,2.98,2.98,2.98,2.98,4100
2008-10-08,2.68,3.01,2.65,2.99,8152
2008-10-09,2.75,3.0,2.65,2.7,15499
2008-10-10,2.85,2.85,1.67,2.5,263784
2008-10-13,3.16,3.16,1.9,2.85,37244
2008-10-14,2.17,2.59,2.06,2.11,136090
2008-10-15,2.2,2.57,2.01,2.57,2605
2008-10-16,,,,2.57,0
2008-10-17,2.29,2.61,2.29,2.61,300
2008-10-20,2.4,2.68,2.4,2.68,1601
2008-10-21,2.55,2.8,2.55,2.73,9533
2008-10-22,2.74,2.74,2.58,2.58,1100
2008-10-23,,,,2.58,0
2008-10-24,2.57,2.57,2.33,2.38,11050
2008-10-27,2.4,2.4,2.25,2.25,2950
2008-10-28,2.01,2.14,1.81,2.0,6735
2008-10-29,2.0,2.55,1.96,2.48,22803
2008-10-30,2.52,3.19,2.52,2.55,17089
2008-10-31,3.01,3.01,2.52,2.85,900
2008-11-03,2.54,2.59,2.51,2.59,900
2008-11-04,2.99,3.0,2.52,2.99,2760
2008-11-05,,,,2.99,0
2008-11-06,2.61,2.72,2.49,2.72,4800
2008-11-07,2.5,2.8,2.5,2.5,5421
2008-11-10,2.25,2.99,2.25,2.98,7873
2008-11-11,,,,2.98,0
2008-11-12,,,,2.98,0
2008-11-13,2.27,2.95,2.27,2.82,6537
2008-11-14,2.32,2.97,2.28,2.84,1450
2008-11-17,,,,2.84,0
2008-11-18,2.26,2.98,2.26,2.98,2500
2008-11-19,2.75,2.75,2.59,2.62,7700
2008-11-20,2.27,2.58,2.25,2.58,5400
2008-11-21,,,,2.58,0
2008-11-24,2.5,2.63,2.44,2.62,3200
2008-11-25,2.28,2.28,2.28,2.28,100
2008-11-26,2.28,2.38,2.27,2.38,4600
2008-11-28,2.37,2.37,2.27,2.28,1200
2008-12-01,2.8,2.8,2.27,2.27,6600
2008-12-02,2.28,2.29,2.26,2.26,4300
2008-12-03,2.05,2.24,2.05,2.24,6594
2008-12-04,,,,2.24,0
2008-12-05,2.09,2.14,2.01,2.01,6493
2008-12-08,2.05,2.1,1.98,2.0,30520
2008-12-09,1.99,2.05,1.95,2.03,10095
2008-12-10,2.04,2.05,1.98,2.05,3680
2008-12-11,2.0,2.0,1.97,1.97,14292
2008-12-12,2.87,2.87,2.0,2.18,22956
2008-12-15,,,,2.18,0
2008-12-16,2.89,2.89,2.19,2.19,9763
2008-12-17,,,,2.19,0
2008-12-18,2.42,2.42,2.18,2.18,3700
2008-12-19,2.33,2.33,2.0,2.0,387
2008-12-22,2.17,2.35,1.55,2.13,11818
2008-12-23,1.86,1.95,1.78,1.86,5500
2008-12-24,2.32,2.32,2.04,2.32,9850
2008-12-26,2.48,2.5,1.95,1.95,1702
2008-12-29,2.25,2.25,1.95,1.95,3000
2008-12-30,1.95,2.0,1.9,2.0,1813
2008-12-31,1.92,2.31,1.92,2.31,5094
2009-01-02,1.98,2.15,1.88,2.14,16200
2009-01-05,1.99,2.81,1.98,2.81,76650
2009-01-06,2.66,2.68,2.31,2.31,16005
2009-01-07,2.61,2.87,2.41,2.5,5576
2009-01-08,2.81,2.83,2.14,2.14,102204
2009-01-09,2.25,2.25,2.0,2.19,343596
2009-01-12,2.12,2.16,2.06,2.15,1885
2009-01-13,2.08,2.15,2.08,2.15,200
2009-01-14,2.16,2.2,2.15,2.15,1604
2009-01-15,2.05,2.06,2.05,2.06,2500
2009-01-16,2.29,2.3,1.98,2.08,75398
2009-01-20,2.02,2.11,2.02,2.03,3100
2009-01-21,2.28,2.28,2.04,2.06,800
2009-01-22,2.08,2.08,2.07,2.07,1000
2009-01-23,2.07,2.07,2.0,2.0,13922
2009-01-26,1.99,2.29,1.99,2.16,13480
2009-01-27,2.14,2.17,2.14,2.15,26914
2009-01-28,2.18,2.2,2.15,2.15,22499
2009-01-29,2.15,2.15,2.1,2.1,960
2009-01-30,2.12,2.12,2.12,2.12,300
2009-02-02,2.13,2.2,2.11,2.19,10200
2009-02-03,2.2,2.2,2.2,2.2,4500
2009-02-04,2.19,2.19,2.05,2.17,10675
2009-02-05,2.15,2.17,2.12,2.14,6600
2009-02-06,2.15,2.15,2.14,2.15,10470
2009-02-09,2.15,2.17,2.13,2.17,800
2009-02-10,2.13,2.16,2.11,2.11,21700
2009-02-11,2.15,2.16,2.1,2.1,15250
2009-02-12,2.02,2.08,2.02,2.08,3100
2009-02-13,,,,2.08,0
2009-02-17,,,,2.08,0
2009-02-18,2.09,2.09,2.03,2.05,7375
2009-02-19,1.96,2.08,1.54,2.08,94145
2009-02-20,2.0,2.18,1.99,2.18,2773
2009-02-23,2.17,2.25,2.1,2.1,2200
2009-02-24,2.0,2.28,1.76,2.25,4800
2009-02-25,,,,2.25,0
2009-02-26,2.22,2.25,2.0,2.03,107296
2009-02-27,2.01,2.29,2.0,2.29,35070
2009-03-02,1.56,2.11,1.56,2.07,24105
2009-03-03,2.09,2.1,2.04,2.1,16900
2009-03-04,2.0,2.27,1.78,2.27,152260
2009-03-05,2.28,2.28,1.95,2.0,10938
2009-03-06,2.09,2.15,1.96,1.96,22540
2009-03-09,1.96,1.96,1.91,1.91,500
2009-03-10,2.02,2.02,2.02,2.02,5000
2009-03-11,2.14,2.14,2.14,2.14,100
2009-03-12,2.1,2.1,1.81,2.02,2666
2009-03-13,2.1,2.12,2.1,2.12,8164
2009-03-16,2.02,2.03,2.0,2.0,3740
2009-03-17,2.17,2.22,1.95,2.0,9198
2009-03-18,2.09,2.1,2.01,2.07,25900
2009-03-19,2.18,2.19,2.1,2.1,25728
2009-03-20,2.1,2.17,2.02,2.17,8053
2009-03-23,1.85,2.23,1.85,2.23,8500
2009-03-24,2.1,2.4,1.9,2.4,36031
2009-03-25,2.4,2.77,2.4,2.66,5459
2009-03-26,2.73,2.75,2.47,2.75,8047
2009-03-27,2.65,2.65,2.22,2.22,5850
2009-03-30,2.06,2.2,2.06,2.2,450
2009-03-31,2.01,2.53,2.01,2.53,1807
2009-04-01,2.25,2.25,2.25,2.25,250
2009-04-02,2.23,2.23,2.23,2.23,300
2009-04-03,2.36,2.39,2.36,2.39,400
2009-04-06,2.3,2.41,2.3,2.41,1900
2009-04-07,2.26,2.26,2.26,2.26,100
2009-04-08,2.5,2.5,2.5,2.5,100
2009-04-09,2.26,2.74,2.25,2.6,7000
2009-04-13,2.69,2.84,2.69,2.84,7350
2009-04-14,2.88,3.31,2.88,3.1,11171
2009-04-15,3.2,3.21,3.2,3.21,300
2009-04-16,3.19,3.19,2.66,2.7,3700
2009-04-17,3.0,3.18,2.99,3.18,3093
2009-04-20,3.0,3.02,2.9,3.0,5607
2009-04-21,3.01,3.01,3.01,3.01,448
2009-04-22,3.01,3.01,2.89,2.89,3328
2009-04-23,,,,2.89,0
2009-04-24,2.9,3.08,2.9,2.9,1452
2009-04-27,2.81,3.1,2.81,3.04,400
2009-04-28,3.08,3.11,3.08,3.1,2753
2009-04-29,3.02,3.02,2.48,2.73,11282
2009-04-30,2.55,2.56,2.55,2.56,12660
2009-05-01,2.55,2.55,2.55,2.55,1440
2009-05-04,2.82,2.82,2.57,2.58,1800
2009-05-05,2.58,2.58,2.58,2.58,1000
2009-05-06,2.46,2.62,2.44,2.55,1665
2009-05-07,2.96,2.99,2.45,2.97,9825
2009-05-08,2.96,3.0,2.71,2.74,6073
2009-05-11,2.79,2.96,2.79,2.96,6011
2009-05-12,3.0,3.08,2.87,2.87,2978
2009-05-13,2.93,2.94,2.55,2.59,1076
2009-05-14,2.56,2.97,2.26,2.79,6277
2009-05-15,2.84,2.85,2.31,2.71,3413
2009-05-18,2.9,2.9,2.9,2.9,1166
2009-05-19,2.84,2.84,2.8,2.8,370
2009-05-20,2.89,2.89,2.84,2.85,661
2009-05-21,2.75,2.84,2.75,2.84,3913
2009-05-22,,,,2.84,0
2009-05-26,2.81,2.81,2.81,2.81,100
2009-05-27,2.9,2.9,2.84,2.85,965
2009-05-28,2.9,2.9,2.8,2.82,10970
2009-05-29,2.85,2.85,2.73,2.73,5900
2009-06-01,2.72,2.82,2.72,2.8,2450
2009-06-02,2.85,2.86,2.7,2.7,4085
2009-06-03,2.82,2.84,2.78,2.84,1100
2009-06-04,2.83,2.83,2.74,2.82,4378
2009-06-05,2.85,3.04,2.85,2.88,18528
2009-06-08,2.99,3.33,2.88,3.13,22277
2009-06-09,3.01,3.4,3.0,3.15,24918
2009-06-10,3.21,3.21,3.11,3.11,3400
2009-06-11,3.2,3.85,3.14,3.83,9810
2009-06-12,3.9,4.0,3.5,3.76,22150
2009-06-15,3.75,3.75,3.39,3.39,2864
2009-06-16,,,,3.39,0
2009-06-17,3.13,3.58,3.02,3.25,15442
2009-06-18,3.16,3.25,3.15,3.25,300
2009-06-19,,,,3.25,0
2009-06-22,3.01,3.25,3.01,3.25,800
2009-06-23,3.31,3.6,3.3,3.5,2300
2009-06-24,3.11,3.11,3.11,3.11,246
2009-06-25,3.33,3.39,3.33,3.39,1474
2009-06-26,,,,3.39,0
2009-06-29,3.25,3.29,3.17,3.26,9276
2009-06-30,3.26,3.29,3.16,3.16,400
2009-07-01,3.14,3.26,3.14,3.26,45100
2009-07-02,3.72,3.72,3.15,3.3,57050
2009-07-06,3.35,3.37,3.32,3.32,5965
2009-07-07,3.35,3.35,3.1,3.1,3357
2009-07-08,2.81,3.32,2.81,3.11,1855
2009-07-09,3.1,3.14,3.1,3.11,2300
2009-07-10,3.12,3.35,3.12,3.15,2250
2009-07-13,3.07,3.11,3.07,3.11,1100
2009-07-14,3.1,3.1,2.96,3.07,1200
2009-07-15,3.09,3.19,3.09,3.15,14051
2009-07-16,3.13,3.13,3.05,3.11,7148
2009-07-17,3.15,3.15,3.15,3.15,4700
2009-07-20,2.86,3.12,2.74,2.92,18656
2009-07-21,3.05,3.05,2.92,3.0,2100
2009-07-22,3.0,3.0,2.82,2.82,1522
2009-07-23,3.04,3.04,3.04,3.04,200
2009-07-24,3.0,3.0,3.0,3.0,2100
2009-07-27,3.0,3.0,2.9,3.0,9311
2009-07-28,2.96,3.0,2.9,3.0,1700
2009-07-29,2.75,2.99,2.75,2.99,1716
2009-07-30,3.08,3.39,3.05,3.34,52669
2009-07-31,3.35,3.45,3.35,3.45,24880
2009-08-03,3.54,3.76,3.54,3.76,11575
2009-08-04,3.43,3.75,3.43,3.75,4470
2009-08-05,3.75,3.75,3.71,3.71,1300
2009-08-06,3.75,3.75,3.63,3.75,9469
2009-08-07,3.75,3.8,3.65,3.7,13352
2009-08-10,3.7,3.7,3.21,3.5,18534
2009-08-11,3.64,3.68,3.39,3.39,9918
2009-08-12,3.25,3.32,3.16,3.16,5972
2009-08-13,3.67,3.67,3.5,3.5,108865
2009-08-14,3.52,3.56,3.52,3.56,2185
2009-08-17,3.6,3.6,3.15,3.25,40156
2009-08-18,3.15,3.49,3.15,3.2,20937
2009-08-19,3.29,3.5,3.29,3.5,1698
2009-08-20,3.27,3.46,3.26,3.46,8100
2009-08-21,3.49,3.51,3.48,3.51,6103
2009-08-24,3.54,3.54,3.38,3.38,7851
2009-08-25,3.36,3.52,3.35,3.35,4562
2009-08-26,3.54,3.55,3.43,3.5,17451
2009-08-27,3.58,3.59,3.5,3.5,7793
2009-08-28,,,,3.5,0
2009-08-31,3.54,3.55,3.42,3.42,5221
2009-09-01,3.4,3.4,3.32,3.4,10525
2009-09-02,,,,3.4,0
2009-09-03,3.4,3.59,3.4,3.59,1455
2009-09-04,3.51,3.51,3.51,3.51,100
2009-09-08,3.55,3.55,3.52,3.55,8407
2009-09-09,3.6,3.6,3.55,3.55,616
2009-09-10,3.49,3.6,3.49,3.6,5600
2009-09-11,3.5,3.69,3.5,3.68,6000
2009-09-14,3.67,3.72,3.67,3.69,2410
2009-09-15,3.62,3.75,3.55,3.7,6546
2009-09-16,3.73,3.73,3.73,3.73,200
2009-09-17,3.75,3.87,3.75,3.87,16986
2009-09-18,3.99,4.0,3.96,3.99,7989
2009-09-21,4.0,4.0,3.98,3.98,4790
2009-09-22,4.0,4.0,3.99,3.99,1550
2009-09-23,3.99,3.99,3.95,3.97,3744
2009-09-24,3.97,3.97,3.9,3.9,900
2009-09-25,3.98,4.0,3.98,4.0,1800
2009-09-28,4.0,4.0,3.81,3.89,6700
2009-09-29,4.07,4.15,3.92,3.95,12547
2009-09-30,4.0,4.09,4.0,4.09,300
2009-10-01,4.0,4.09,4.0,4.0,1691
2009-10-02,4.0,4.05,4.0,4.05,133774
2009-10-05,4.07,4.07,3.99,4.07,1793
2009-10-06,3.79,4.07,3.79,4.02,16804
2009-10-07,3.96,4.07,3.95,4.04,3348
2009-10-08,4.07,4.07,4.04,4.07,7785
2009-10-09,4.07,4.07,4.02,4.07,1900
2009-10-12,4.07,4.07,4.04,4.07,1814
2009-10-13,4.07,4.07,4.03,4.07,300
2009-10-14,4.06,4.17,4.04,4.1,5800
2009-10-15,4.06,4.2,4.06,4.2,3933
2009-10-16,4.11,4.26,4.1,4.15,17674
2009-10-19,4.15,4.39,4.1,4.2,42060
2009-10-20,4.25,4.25,4.2,4.2,1200
2009-10-21,3.91,4.26,3.91,4.26,1830
2009-10-22,4.25,4.33,4.2,4.2,2706
2009-10-23,4.12,4.25,4.11,4.25,2097
2009-10-26,4.27,4.5,4.2,4.24,7705
2009-10-27,4.14,4.14,4.12,4.12,550
2009-10-28,4.23,4.25,4.13,4.14,64211
2009-10-29,4.55,4.94,4.55,4.57,103385
2009-10-30,4.64,4.66,4.25,4.27,21509
2009-11-02,4.38,4.47,4.29,4.45,32382
2009-11-03,4.37,4.42,4.36,4.42,25297
2009-11-04,4.54,4.64,4.45,4.45,19694
2009-11-05,4.46,4.5,4.37,4.37,81200
2009-11-06,4.25,4.45,4.25,4.41,71155
2009-11-09,4.41,4.41,4.25,4.4,389418
2009-11-10,4.4,4.5,4.4,4.49,9214
2009-11-11,4.54,4.62,4.5,4.5,12835
2009-11-12,4.51,4.8,4.5,4.79,37796
2009-11-13,4.79,5.0,4.73,5.0,41729
2009-11-16,5.0,5.0,4.68,4.82,23991
2009-11-17,4.82,4.9,4.81,4.86,25756
2009-11-18,4.8,4.8,4.66,4.7,19465
2009-11-19,4.66,4.83,4.6,4.75,137165
2009-11-20,4.84,4.88,4.7,4.88,189050
2009-11-23,4.89,4.89,4.86,4.88,5600
2009-11-24,4.78,4.78,4.55,4.71,25008
2009-11-25,4.66,4.85,4.66,4.75,11519
2009-11-27,4.75,4.89,4.75,4.84,3110
2009-11-30,4.84,4.89,4.83,4.85,8203
2009-12-01,4.89,4.9,4.83,4.9,9870
2009-12-02,4.9,4.9,4.73,4.73,7518
2009-12-03,4.89,4.89,4.56,4.56,10162
2009-12-04,4.55,4.69,4.55,4.68,9193
2009-12-07,4.61,4.9,4.61,4.9,13129
2009-12-08,4.9,4.9,4.75,4.86,20559
2009-12-09,4.86,4.9,4.71,4.83,11820
2009-12-10,4.83,5.0,4.76,4.77,20160
2009-12-11,4.79,5.0,4.79,5.0,25369
2009-12-14,4.9,4.9,4.75,4.75,22043
2009-12-15,4.78,4.81,4.56,4.81,19743
2009-12-16,4.89,4.89,4.81,4.84,3340
2009-12-17,4.84,4.87,4.68,4.71,7378
2009-12-18,4.71,4.79,4.65,4.65,50732
2009-12-21,4.72,4.81,4.62,4.62,21835
2009-12-22,4.72,4.9,4.65,4.9,15797
2009-12-23,4.76,4.85,4.76,4.82,1120
2009-12-24,4.85,4.92,4.85,4.92,3300
2009-12-28,4.92,4.95,4.9,4.9,7002
2009-12-29,4.9,4.97,4.9,4.9,5056
2009-12-30,4.92,4.93,4.92,4.93,1965
2009-12-31,4.99,5.0,4.86,5.0,20505
2010-01-04,5.0,5.0,4.96,4.98,59904
2010-01-05,5.0,5.15,4.98,5.08,37030
2010-01-06,5.1,5.2,5.02,5.11,15733
2010-01-07,5.12,5.12,5.04,5.04,4322
2010-01-08,5.06,5.17,5.03,5.1,5331
2010-01-11,5.1,5.1,5.0,5.01,18264
2010-01-12,5.11,5.11,4.99,4.99,2879
2010-01-13,5.05,5.07,5.02,5.07,2465
2010-01-14,5.01,5.07,5.0,5.06,2432
2010-01-15,5.07,5.11,5.01,5.09,4648
2010-01-19,4.93,5.08,4.84,4.93,12120
2010-01-20,4.99,5.0,4.85,4.85,155138
2010-01-21,4.85,4.85,4.63,4.84,13614
2010-01-22,4.77,4.8,4.75,4.8,6992
2010-01-25,4.74,4.78,4.74,4.78,2550
2010-01-26,4.5,4.8,4.12,4.74,13351
2010-01-27,4.71,4.72,4.68,4.68,3160
2010-01-28,4.56,4.65,4.53,4.64,12900
2010-01-29,4.64,4.76,4.52,4.65,16311
2010-02-01,4.56,4.69,4.55,4.68,46461
2010-02-02,4.63,4.69,4.63,4.65,1325
2010-02-03,4.65,4.69,4.65,4.69,1192
2010-02-04,4.69,4.75,4.69,4.75,7077
2010-02-05,4.7,4.74,4.69,4.74,500
2010-02-08,4.69,4.74,4.69,4.69,1300
2010-02-09,4.79,4.84,4.61,4.84,6020
2010-02-10,4.81,4.81,4.69,4.69,600
2010-02-11,4.74,4.75,4.74,4.74,1700
2010-02-12,4.69,4.77,4.65,4.77,5900
2010-02-16,4.79,4.79,4.72,4.75,3100
2010-02-17,4.75,4.75,4.65,4.68,9588
2010-02-18,4.68,4.68,4.66,4.68,1990
2010-02-19,4.77,4.77,4.74,4.77,2100
2010-02-22,4.79,4.79,4.66,4.68,2106
2010-02-23,4.69,4.7,4.6,4.7,1500
2010-02-24,4.67,4.67,4.67,4.67,300
2010-02-25,4.69,4.74,4.69,4.7,1300
2010-02-26,4.7,4.9,4.69,4.84,7324
2010-03-01,4.83,4.9,4.78,4.9,5279
2010-03-02,4.89,4.89,4.84,4.88,2492
2010-03-03,4.89,5.0,4.88,4.97,7815
2010-03-04,4.95,4.99,4.88,4.88,12849
2010-03-05,4.99,5.0,4.91,4.95,16036
2010-03-08,4.99,4.99,4.81,4.81,13728
2010-03-09,4.72,4.72,4.65,4.7,7900
2010-03-10,4.65,4.86,4.31,4.71,34845
2010-03-11,4.41,4.67,4.4,4.67,24950
2010-03-12,4.71,4.8,4.69,4.73,3354
2010-03-15,4.71,4.8,4.71,4.75,2740
2010-03-16,4.71,4.73,4.53,4.72,8909
2010-03-17,4.66,4.72,4.48,4.64,37698
2010-03-18,4.63,4.65,4.5,4.65,28069
2010-03-19,4.65,4.73,4.6,4.65,53268
2010-03-22,4.61,4.76,4.61,4.62,18652
2010-03-23,4.62,4.74,4.62,4.7,6300
2010-03-24,4.68,4.69,4.64,4.69,10730
2010-03-25,4.7,4.73,4.61,4.66,406274
2010-03-26,4.64,4.64,4.36,4.46,62176
2010-03-29,4.41,4.5,4.4,4.42,34157
2010-03-30,4.5,4.59,4.5,4.55,4100
2010-03-31,4.55,4.55,4.49,4.5,2475
2010-04-05,4.56,4.66,4.56,4.66,1930
2010-04-06,4.65,4.67,4.61,4.62,5315
2010-04-07,4.63,4.67,4.61,4.61,8489
2010-04-08,4.61,4.61,4.61,4.61,603
2010-04-09,4.65,4.67,4.61,4.61,5840
2010-04-12,4.67,4.71,4.61,4.71,7230
2010-04-13,4.65,4.79,4.65,4.72,14578
2010-04-14,4.73,4.73,4.73,4.73,100
2010-04-15,4.74,4.79,4.74,4.74,7450
2010-04-16,4.7,5.5,4.7,4.74,27288
2010-04-19,4.74,4.78,4.71,4.75,12625
2010-04-20,4.75,4.75,4.75,4.75,6370
2010-04-21,4.71,4.73,4.7,4.73,20300
2010-04-22,4.7,4.78,4.7,4.78,5100
2010-04-23,4.78,4.85,4.77,4.81,5284
2010-04-26,4.81,4.84,4.81,4.84,600
2010-04-27,4.82,4.86,4.76,4.85,6500
2010-04-28,4.86,4.89,4.85,4.87,4100
2010-04-29,4.89,5.02,4.89,4.98,21191
2010-04-30,5.0,5.35,4.93,4.94,89442
2010-05-03,4.99,5.26,4.99,5.26,58505
2010-05-04,5.25,5.25,5.1,5.16,10458
2010-05-05,5.24,5.25,5.0,5.0,14909
2010-05-06,5.05,5.17,5.05,5.13,15322
2010-05-07,5.0,5.04,4.51,4.96,12876
2010-05-10,5.02,5.5,5.01,5.19,15292
2010-05-11,5.13,5.26,4.62,5.17,14715
2010-05-12,5.19,5.35,5.19,5.3,9066
2010-05-13,5.27,5.3,5.26,5.26,3600
2010-05-14,5.03,5.16,5.0,5.1,6084
2010-05-17,5.1,5.29,5.1,5.29,5991
2010-05-18,5.3,5.39,5.2,5.39,17011
2010-05-19,5.35,5.38,5.25,5.34,27100
2010-05-20,5.16,5.33,5.15,5.3,27668
2010-05-21,5.3,5.3,5.25,5.25,65200
2010-05-24,5.25,5.37,5.25,5.31,2644
2010-05-25,5.1,5.39,5.1,5.39,13203
2010-05-26,5.25,5.5,5.22,5.5,10637
2010-05-27,5.11,5.5,5.04,5.5,23918
2010-05-28,5.5,5.5,5.38,5.48,2589
2010-06-01,5.23,5.65,5.23,5.6,23675
2010-06-02,5.6,5.81,5.53,5.81,16338
2010-06-03,5.4,5.81,5.4,5.57,58399
2010-06-04,5.6,5.8,5.6,5.8,10623
2010-06-07,5.8,5.8,5.61,5.79,4736
2010-06-08,5.61,5.73,5.54,5.72,13165
2010-06-09,5.41,5.7,5.4,5.7,12862
2010-06-10,5.7,5.75,5.45,5.72,9264
2010-06-11,5.73,5.73,5.64,5.64,1700
2010-06-14,5.7,5.7,5.61,5.61,1320
2010-06-15,5.55,5.59,5.51,5.55,2200
2010-06-16,5.5,5.55,5.5,5.5,2321
2010-06-17,5.42,5.55,5.42,5.44,3422
2010-06-18,5.41,5.5,5.4,5.4,3372
2010-06-21,5.49,5.5,5.4,5.4,3035
2010-06-22,5.35,5.4,5.3,5.3,7538
2010-06-23,5.35,5.44,5.35,5.36,3100
2010-06-24,5.41,5.5,5.31,5.5,11237
2010-06-25,5.49,5.5,5.46,5.46,300
2010-06-28,5.41,5.45,5.41,5.45,1101
2010-06-29,5.47,5.59,5.4,5.43,12500
2010-06-30,5.52,5.6,5.5,5.6,12067
2010-07-01,5.45,5.49,5.24,5.49,2504
2010-07-02,5.54,5.54,5.38,5.44,4779
2010-07-06,5.55,5.56,5.49,5.56,1206
2010-07-07,5.46,5.58,5.46,5.5,2200
2010-07-08,5.44,5.55,5.42,5.53,12825
2010-07-09,5.39,5.42,5.31,5.42,12914
2010-07-12,5.33,5.37,5.33,5.36,900
2010-07-13,5.26,5.45,5.02,5.45,11125
2010-07-14,5.25,5.26,5.05,5.19,66975
2010-07-15,5.14,5.23,5.13,5.23,3781
2010-07-16,5.16,5.27,5.15,5.27,2600
2010-07-19,5.18,5.5,4.71,5.38,8366
2010-07-20,5.43,5.71,5.43,5.56,19971
2010-07-21,5.57,5.65,5.55,5.65,9226
2010-07-22,5.69,5.83,5.69,5.77,8755
2010-07-23,5.87,5.9,5.74,5.74,4895
2010-07-26,5.85,5.9,5.64,5.85,5302
2010-07-27,5.71,5.93,5.2,5.83,4415
2010-07-28,5.84,5.99,5.55,5.55,31419
2010-07-29,5.99,5.99,5.85,5.9,211555
2010-07-30,5.92,6.05,5.76,6.04,26091
2010-08-02,6.15,6.15,5.9,6.13,32751
2010-08-03,6.11,6.13,5.8,6.09,19298
2010-08-04,6.09,6.09,5.86,5.9,6866
2010-08-05,5.8,6.0,5.8,5.86,2802
2010-08-06,5.84,5.86,5.82,5.82,1400
2010-08-09,5.92,6.03,5.86,5.99,234245
2010-08-10,5.99,6.1,5.99,6.1,159074
2010-08-11,6.1,6.1,5.82,5.95,4550
2010-08-12,5.81,5.95,5.81,5.95,6487
2010-08-13,5.95,6.03,5.95,6.0,10030
2010-08-16,6.08,6.2,5.87,6.04,34380
2010-08-17,6.04,6.23,6.0,6.23,28370
2010-08-18,6.23,6.88,6.04,6.75,55650
2010-08-19,6.52,6.7,6.52,6.59,69443
2010-08-20,6.72,6.72,6.58,6.6,35862
2010-08-23,6.89,6.89,6.54,6.85,38151
2010-08-24,6.65,6.85,6.53,6.8,59550
2010-08-25,6.83,6.9,6.74,6.9,46205
2010-08-26,6.85,6.95,6.8,6.95,113076
2010-08-27,6.9,6.95,6.86,6.93,17668
2010-08-30,6.89,6.95,6.75,6.91,21136
2010-08-31,6.79,7.15,6.75,7.15,27238
2010-09-01,7.18,7.18,6.88,6.99,20385
2010-09-02,7.07,7.07,6.75,6.8,19300
2010-09-03,6.78,7.05,6.78,6.99,15180
2010-09-07,6.91,6.94,6.8,6.94,14268
2010-09-08,6.92,7.0,6.92,6.98,34317
2010-09-09,6.97,7.08,6.97,7.0,14518
2010-09-10,7.09,7.09,7.0,7.07,3873
2010-09-13,7.2,7.2,6.64,7.06,22442
2010-09-14,6.75,7.15,6.75,7.08,15352
2010-09-15,7.08,7.28,7.08,7.28,52941
2010-09-16,7.21,7.25,7.14,7.2,9476
2010-09-17,7.36,7.36,7.06,7.2,36930
2010-09-20,7.12,7.2,7.04,7.14,12454
2010-09-21,7.1,7.1,7.0,7.04,32500
2010-09-22,7.05,7.1,6.72,6.89,17814
2010-09-23,6.65,7.16,6.58,7.0,59881
2010-09-24,6.9,7.18,6.9,6.97,20925
2010-09-27,6.82,6.99,6.71,6.97,26322
2010-09-28,6.98,6.98,6.76,6.81,8600
2010-09-29,6.86,7.01,6.71,6.96,5330
2010-09-30,6.87,7.05,6.87,7.05,58977
2010-10-01,7.24,7.25,6.9,6.92,37291
2010-10-04,7.01,7.1,6.91,7.09,9850
2010-10-05,7.01,7.04,6.9,7.0,11537
2010-10-06,6.96,7.12,6.7,6.7,22586
2010-10-07,6.87,7.1,6.83,6.9,8845
2010-10-08,6.9,7.01,6.82,6.9,13450
2010-10-11,6.96,7.05,6.95,7.0,33188
2010-10-12,7.02,7.13,6.92,6.92,11929
2010-10-13,7.15,7.15,6.88,7.04,23087
2010-10-14,6.95,7.04,6.88,7.03,9101
2010-10-15,6.82,6.94,6.8,6.94,3200
2010-10-18,6.94,7.0,6.78,7.0,8645
2010-10-19,6.8,7.03,6.8,7.03,5125
2010-10-20,7.02,7.02,6.86,6.91,6059
2010-10-21,6.86,6.91,6.58,6.64,17398
2010-10-22,6.63,6.63,6.35,6.6,25415
2010-10-25,6.53,6.68,6.43,6.56,18145
2010-10-26,6.5,6.5,6.11,6.35,88189
2010-10-27,6.35,6.35,5.9,6.1,29994
2010-10-28,5.99,6.17,5.92,6.03,28230
2010-10-29,6.1,6.76,6.1,6.5,40643
2010-11-01,6.5,6.5,6.38,6.41,24180
2010-11-02,6.33,6.64,6.31,6.44,24172
2010-11-03,6.29,6.73,6.29,6.4,16400
2010-11-04,6.25,6.93,6.25,6.89,20768
2010-11-05,6.9,6.92,6.63,6.79,16468
2010-11-08,6.31,6.65,6.29,6.5,29487
2010-11-09,6.49,6.49,6.32,6.33,24091
2010-11-10,6.35,6.47,6.23,6.26,32890
2010-11-11,6.41,6.5,6.29,6.5,7422
2010-11-12,6.25,6.44,6.25,6.37,47107
2010-11-15,6.24,6.3,6.24,6.29,800
2010-11-16,6.31,6.56,6.31,6.56,11945
2010-11-17,6.41,6.44,6.26,6.44,9844
2010-11-18,6.45,6.48,6.4,6.45,2913
2010-11-19,6.46,6.56,6.46,6.54,4500
2010-11-22,6.52,6.52,6.27,6.44,30376
2010-11-23,6.35,6.54,6.26,6.37,24218
2010-11-24,6.26,6.72,6.22,6.72,79805
2010-11-26,6.66,6.73,6.49,6.73,9838
2010-11-29,6.66,6.69,6.36,6.69,5356
2010-11-30,6.65,6.68,6.45,6.68,12512
2010-12-01,6.62,6.7,6.5,6.56,45015
2010-12-02,6.56,6.7,6.35,6.51,50983
2010-12-03,6.55,6.7,6.36,6.7,33199
2010-12-06,6.51,6.7,6.51,6.59,19800
2010-12-07,6.48,6.7,6.48,6.7,112352
2010-12-08,6.7,6.7,6.48,6.48,13258
2010-12-09,6.39,6.59,6.39,6.48,12083
2010-12-10,6.55,6.55,6.46,6.54,13250
2010-12-13,6.4,6.7,6.32,6.7,70829
2010-12-14,6.7,6.7,6.35,6.54,63474
2010-12-15,6.35,6.62,6.34,6.62,10142
2010-12-16,6.49,6.59,6.44,6.5,51507
2010-12-17,6.42,6.62,6.42,6.5,63290
2010-12-20,6.43,6.53,6.38,6.5,239433
2010-12-21,6.5,6.75,6.5,6.75,36081
2010-12-22,6.68,6.7,6.53,6.61,20163
2010-12-23,6.53,6.72,6.42,6.72,5160
2010-12-27,6.72,6.8,6.65,6.76,36633
2010-12-28,6.67,6.91,6.67,6.67,4005
2010-12-29,6.75,6.76,6.7,6.7,680
2010-12-30,6.62,6.8,6.62,6.72,17075
2010-12-31,6.74,6.83,6.66,6.77,22751
2011-01-03,6.83,6.97,6.82,6.94,57804
2011-01-04,6.9,7.02,6.86,7.02,21034
2011-01-05,6.99,7.2,6.98,7.19,15151
2011-01-06,7.16,7.2,7.13,7.16,7108
2011-01-07,7.1,7.15,7.0,7.01,11198
2011-01-10,6.83,6.87,6.83,6.85,11344
2011-01-11,6.85,6.9,6.6,6.9,7550
2011-01-12,6.87,7.02,6.8,6.87,5228
2011-01-13,6.9,7.0,6.85,7.0,6096
2011-01-14,7.04,7.17,6.98,7.17,14144
2011-01-18,7.01,7.18,6.97,7.18,13571
2011-01-19,7.14,7.2,7.02,7.2,22297
2011-01-20,7.03,7.19,7.03,7.16,600
2011-01-21,7.07,7.18,7.02,7.15,4923
2011-01-24,7.14,7.14,7.05,7.07,37825
2011-01-25,7.02,7.12,7.02,7.11,4069
2011-01-26,7.01,7.16,7.01,7.12,9500
2011-01-27,7.06,7.2,7.06,7.15,8709
2011-01-28,7.05,7.15,7.0,7.05,20738
2011-01-31,7.0,7.1,6.95,7.09,9326
2011-02-01,7.03,7.03,7.03,7.03,10706
2011-02-02,7.1,7.1,7.0,7.05,32500
2011-02-03,6.96,7.11,6.94,7.02,41964
2011-02-04,7.1,7.1,6.94,7.0,3400
2011-02-07,7.0,7.05,6.86,7.05,4847
2011-02-08,7.04,7.1,6.95,7.1,60513
2011-02-09,7.12,7.18,6.89,7.03,36149
2011-02-10,6.99,7.2,6.9,7.2,22113
2011-02-11,6.99,7.03,6.9,7.0,15351
2011-02-14,7.14,7.14,6.96,6.98,928
2011-02-15,6.9,6.92,6.9,6.92,750
2011-02-16,6.88,7.0,6.88,6.95,63009
2011-02-17,6.95,6.95,6.88,6.91,9018
2011-02-18,6.89,6.94,6.75,6.88,36209
2011-02-22,6.85,6.85,6.8,6.8,700
2011-02-23,6.8,6.8,6.3,6.75,44241
2011-02-24,6.62,6.83,6.6,6.73,13066
2011-02-25,6.78,6.9,6.74,6.87,3600
2011-02-28,6.87,6.87,6.7,6.7,11895
2011-03-01,7.0,7.09,6.8,7.04,98219
2011-03-02,7.05,7.1,6.83,7.1,38990
2011-03-03,6.93,7.2,6.93,7.2,134340
2011-03-04,7.15,7.15,6.88,6.94,14161
2011-03-07,6.98,7.0,6.85,7.0,20548
2011-03-08,7.01,7.12,6.94,7.12,16911
2011-03-09,7.1,7.1,6.85,7.1,19616
2011-03-10,6.94,7.0,6.9,7.0,40251
2011-03-11,6.89,6.92,6.82,6.9,5760
2011-03-14,6.9,7.26,6.89,6.89,15614
2011-03-15,6.74,6.89,6.74,6.8,8411
2011-03-16,6.8,6.8,6.63,6.65,13938
2011-03-17,6.7,6.75,6.7,6.7,27560
2011-03-18,6.71,6.71,6.66,6.7,5800
2011-03-21,6.75,6.75,6.7,6.7,13381
2011-03-22,6.7,6.71,6.5,6.62,50199
2011-03-23,6.61,6.74,6.51,6.74,11974
2011-03-24,6.71,6.77,6.6,6.77,7081
2011-03-25,6.72,6.87,6.72,6.8,9472
2011-03-28,6.83,6.96,6.83,6.9,2600
2011-03-29,6.83,6.83,6.62,6.79,12798
2011-03-30,6.74,6.8,6.66,6.8,8844
2011-03-31,6.77,6.82,6.73,6.81,3845
2011-04-01,6.74,6.94,6.33,6.36,108567
2011-04-04,6.35,6.64,6.35,6.53,5915
2011-04-05,6.55,6.58,6.35,6.58,11940
2011-04-06,6.63,6.64,6.56,6.64,6310
2011-04-07,6.68,6.73,6.68,6.7,12780
2011-04-08,6.73,6.75,6.59,6.69,8435
2011-04-11,6.72,6.72,6.63,6.7,2675
2011-04-12,6.73,6.74,6.68,6.68,1840
2011-04-13,6.67,6.67,6.59,6.59,803
2011-04-14,6.62,6.74,6.57,6.74,6892
2011-04-15,6.7,6.72,6.68,6.71,4530
2011-04-18,6.66,6.7,6.65,6.68,2945
2011-04-19,6.74,6.74,6.64,6.7,3661
2011-04-20,6.69,6.69,6.56,6.63,15683
2011-04-21,6.61,6.63,6.58,6.63,10011
2011-04-25,6.58,6.69,6.51,6.51,12308
2011-04-26,6.55,6.7,6.51,6.51,452815
2011-04-27,6.6,6.78,6.6,6.78,7027
2011-04-28,6.78,6.78,6.64,6.78,9885
2011-04-29,6.7,6.87,6.51,6.84,296500
2011-05-02,6.81,7.02,6.81,7.02,25401
2011-05-03,7.0,7.02,6.85,6.98,14510
2011-05-04,6.94,7.0,6.94,6.99,19255
2011-05-05,6.84,6.9,6.84,6.9,800
2011-05-06,6.9,6.9,6.8,6.9,11239
2011-05-09,6.92,7.04,6.85,7.01,63540
2011-05-10,6.95,7.1,6.89,7.04,59105
2011-05-11,6.98,7.03,6.9,7.01,51196
2011-05-12,7.01,7.03,6.91,6.96,3733
2011-05-13,7.0,7.03,6.95,7.03,23754
2011-05-16,7.03,7.14,7.02,7.08,53357
2011-05-17,7.09,7.09,7.03,7.07,15483
2011-05-18,7.05,7.1,7.05,7.05,4255
2011-05-19,7.05,7.16,7.05,7.15,37705
2011-05-20,7.16,7.19,7.11,7.18,12778
2011-05-23,6.83,7.11,6.83,7.05,36714
2011-05-24,7.05,7.13,7.0,7.1,14369
2011-05-25,7.1,7.15,7.1,7.15,6710
2011-05-26,6.95,7.11,6.95,7.1,21535
2011-05-27,7.11,7.15,7.08,7.11,3674
2011-05-31,7.1,7.1,7.06,7.06,2200
2011-06-01,7.01,7.1,7.0,7.03,6400
2011-06-02,7.03,7.04,7.0,7.01,7600
2011-06-03,7.0,7.01,6.98,7.0,12420
2011-06-06,7.01,7.02,6.97,6.99,10406
2011-06-07,6.96,6.98,6.96,6.98,9150
2011-06-08,6.98,7.02,6.93,7.0,12131
2011-06-09,7.0,7.02,7.0,7.02,16526
2011-06-10,6.96,7.01,6.95,7.01,3464
2011-06-13,7.01,7.1,6.9,7.05,27149
2011-06-14,7.01,7.01,6.93,6.93,2700
2011-06-15,6.96,6.98,6.96,6.97,1708
2011-06-16,7.01,7.01,6.9,6.99,6029
2011-06-17,6.91,7.02,6.87,7.02,10567
2011-06-20,7.01,7.02,7.0,7.0,6019
2011-06-21,7.07,7.07,7.0,7.06,8900
2011-06-22,7.03,7.04,6.94,6.95,8827
2011-06-23,6.79,7.05,6.75,7.05,22852
2011-06-24,6.98,7.15,6.84,7.06,19616
2011-06-27,7.07,7.1,7.05,7.07,3110
2011-06-28,7.13,7.15,6.94,7.12,9589
2011-06-29,7.04,7.07,6.92,7.07,10289
2011-06-30,7.03,7.07,6.92,7.07,6821
2011-07-01,7.05,7.05,7.0,7.04,17690
2011-07-05,7.04,7.04,7.0,7.01,11596
2011-07-06,7.04,7.04,7.0,7.01,4200
2011-07-07,7.0,7.04,7.0,7.04,57632
2011-07-08,7.04,7.15,7.01,7.15,11315
2011-07-11,7.09,7.25,7.02,7.24,15720
2011-07-12,7.17,7.2,6.98,7.16,21906
2011-07-13,7.18,7.43,7.17,7.41,31620
2011-07-14,7.37,7.39,7.24,7.28,5608
2011-07-15,7.26,7.5,7.18,7.5,5015
2011-07-18,7.3,7.44,7.14,7.44,18250
2011-07-19,7.3,7.3,6.95,7.26,35266
2011-07-20,7.23,7.23,7.04,7.12,11271
2011-07-21,7.12,7.44,6.92,7.44,4753
2011-07-22,7.32,7.32,7.19,7.22,2300
2011-07-25,7.12,7.19,7.11,7.16,8807
2011-07-26,7.19,7.19,6.99,7.1,8950
2011-07-27,7.1,7.1,7.05,7.06,9465
2011-07-28,7.0,7.01,6.64,6.79,12729
2011-07-29,6.81,6.82,6.35,6.62,45691
2011-08-01,6.44,6.68,6.36,6.68,82032
2011-08-02,6.61,6.63,6.48,6.48,23089
2011-08-03,6.39,6.63,6.39,6.5,7845
2011-08-04,6.54,6.99,6.43,6.99,19581
2011-08-05,6.97,6.97,6.15,6.52,64648
2011-08-08,6.2,6.8,5.03,6.68,66716
2011-08-09,6.61,6.84,6.1,6.84,15521
2011-08-10,6.67,6.78,6.47,6.47,6892
2011-08-11,6.55,6.67,6.51,6.67,2550
2011-08-12,6.7,6.7,6.33,6.33,4264
2011-08-15,6.68,6.71,6.65,6.68,9825
2011-08-16,6.61,6.68,6.6,6.68,8894
2011-08-17,6.62,6.64,6.5,6.57,17039
2011-08-18,6.59,6.73,6.55,6.6,5758
2011-08-19,6.6,6.6,6.6,6.6,2076
2011-08-22,6.6,6.6,6.5,6.55,8374
2011-08-23,6.5,6.77,6.38,6.75,20820
2011-08-24,6.74,6.98,6.74,6.8,3885
2011-08-25,6.84,6.9,6.5,6.85,317308
2011-08-26,6.81,6.94,6.76,6.94,6619
2011-08-29,6.92,7.08,6.85,6.98,7900
2011-08-30,6.95,6.96,6.9,6.92,1300
2011-08-31,7.0,7.05,6.9,7.05,10233
2011-09-01,6.97,6.97,6.71,6.77,7035
2011-09-02,6.71,7.1,6.71,7.1,3440
2011-09-06,6.88,6.97,6.42,6.97,205246
2011-09-07,6.98,7.0,6.69,6.89,10837
2011-09-08,6.83,6.84,6.69,6.82,12190
2011-09-09,6.66,6.89,6.43,6.74,38869
2011-09-12,6.68,6.87,6.68,6.86,11300
2011-09-13,6.78,6.88,6.59,6.87,2878
2011-09-14,6.9,6.94,6.79,6.94,14845
2011-09-15,6.92,7.0,6.75,7.0,9976
2011-09-16,7.0,7.0,6.67,6.84,9671
2011-09-19,6.82,6.84,6.64,6.82,6400
2011-09-20,6.83,6.91,6.76,6.9,7952
2011-09-21,6.88,6.88,6.85,6.85,1100
2011-09-22,6.87,6.87,6.62,6.62,5700
2011-09-23,6.75,7.14,6.74,6.75,25612
2011-09-26,6.82,6.82,6.75,6.8,2500
2011-09-27,6.79,6.93,6.79,6.93,7550
2011-09-28,6.93,6.93,6.62,6.62,15052
2011-09-29,6.73,6.73,6.31,6.5,10500
2011-09-30,6.45,6.61,6.16,6.22,9304
2011-10-03,6.26,6.53,6.23,6.31,7560
2011-10-04,6.31,6.42,6.15,6.42,5327
2011-10-05,6.29,6.46,6.24,6.35,21459
2011-10-06,6.5,6.5,6.07,6.32,11102
2011-10-07,6.38,6.43,5.93,6.11,6700
2011-10-10,6.17,6.17,5.7,5.98,22670
2011-10-11,5.95,6.04,5.81,5.88,5700
2011-10-12,5.71,5.88,5.69,5.87,9095
2011-10-13,5.82,5.83,5.65,5.73,15700
2011-10-14,5.74,5.85,5.74,5.8,3150
2011-10-17,5.68,5.68,5.63,5.68,1100
2011-10-18,5.66,5.95,5.65,5.95,3701
2011-10-19,5.95,5.95,5.79,5.92,5900
2011-10-20,5.79,5.86,5.79,5.86,350
2011-10-21,5.92,6.0,5.82,6.0,3254
2011-10-24,5.91,5.92,5.91,5.91,352
2011-10-26,5.9,5.98,5.76,5.92,6496
2011-10-27,5.93,5.93,5.84,5.9,2800
2011-10-28,6.0,6.0,5.82,6.0,150200
2011-10-31,5.89,5.89,5.74,5.78,15254
2011-11-01,5.68,5.68,5.58,5.59,632
2011-11-02,5.72,5.74,5.6,5.7,18400
2011-11-03,5.74,5.74,5.51,5.7,7203
2011-11-04,5.65,5.69,5.65,5.69,2059
2011-11-07,5.69,5.7,5.66,5.7,6455
2011-11-08,5.66,5.7,5.61,5.7,5852
2011-11-09,5.61,5.7,5.61,5.63,6960
2011-11-10,5.61,5.7,5.61,5.7,8300
2011-11-11,5.73,5.73,5.57,5.7,7593
2011-11-14,5.71,5.76,5.5,5.6,11222
2011-11-15,5.56,5.6,5.56,5.59,7090
2011-11-16,5.5,5.6,5.5,5.53,3700
2011-11-17,5.6,5.6,5.6,5.6,4735
2011-11-18,5.6,5.6,5.51,5.6,4300
2011-11-21,5.6,5.6,5.5,5.5,25400
2011-11-22,5.52,5.58,5.52,5.54,2400
2011-11-23,5.48,5.55,5.48,5.55,4600
2011-11-25,5.48,5.48,5.48,5.48,498
2011-11-28,5.48,5.6,5.48,5.6,9374
2011-11-29,5.55,5.55,5.47,5.5,3670
2011-11-30,5.54,5.54,5.46,5.5,11342
2011-12-01,5.48,5.5,5.48,5.5,3859
2011-12-02,5.47,5.48,5.47,5.48,2032
2011-12-05,5.45,5.46,5.26,5.4,26234
2011-12-06,5.49,5.5,5.4,5.4,28600
2011-12-07,5.44,5.45,5.4,5.4,791
2011-12-08,5.41,5.45,5.25,5.28,5186
2011-12-09,5.25,5.5,5.15,5.5,16964
2011-12-12,5.44,5.5,5.32,5.5,6251
2011-12-13,5.5,5.5,5.4,5.45,6863
2011-12-14,5.4,5.45,5.33,5.33,14992
2011-12-15,5.35,5.42,5.22,5.4,41454
2011-12-16,5.42,5.45,5.42,5.43,54934
2011-12-19,5.51,5.51,5.48,5.51,3800
2011-12-20,5.51,5.8,5.46,5.8,7316
2011-12-21,5.78,6.0,5.6,6.0,8917
2011-12-22,5.98,5.99,5.8,5.98,3764
2011-12-23,5.95,5.95,5.85,5.87,2800
2011-12-27,5.7,5.76,5.7,5.76,404
2011-12-28,5.67,5.7,5.67,5.7,200
2011-12-29,5.59,5.82,5.5,5.82,7444
2011-12-30,5.81,5.92,5.72,5.92,3315
2012-01-03,5.93,5.93,5.5,5.74,4719
2012-01-04,5.75,5.75,5.64,5.75,6123
2012-01-05,5.65,5.79,5.64,5.74,5078
2012-01-06,5.65,5.78,5.61,5.78,5808
2012-01-09,5.81,5.93,5.75,5.92,3030
2012-01-10,5.89,6.2,5.89,6.18,13157
2012-01-11,6.12,6.12,5.85,5.98,11906
2012-01-12,5.86,5.98,5.77,5.95,9567
2012-01-13,5.87,5.87,5.72,5.8,11594
2012-01-17,5.78,5.82,5.78,5.8,5370
2012-01-18,5.71,5.8,5.56,5.8,14521
2012-01-19,5.77,5.84,5.64,5.71,34707
2012-01-20,5.79,5.79,5.5,5.62,154721
2012-01-23,5.63,5.8,5.63,5.8,7677
2012-01-24,5.8,5.8,5.62,5.7,4035
2012-01-25,5.74,5.75,5.74,5.75,801
2012-01-26,5.74,5.8,5.74,5.75,2429
2012-01-27,5.7,5.72,5.7,5.7,2208
2012-01-30,5.81,5.83,5.8,5.81,4550
2012-01-31,5.76,5.8,5.7,5.8,9088
2012-02-01,5.8,5.85,5.51,5.75,18220
2012-02-02,5.7,5.76,5.7,5.75,8460
2012-02-03,5.7,5.7,5.7,5.7,2200
2012-02-06,5.68,5.82,5.68,5.82,4286
2012-02-07,5.74,5.81,5.7,5.78,11400
2012-02-08,5.74,5.74,5.5,5.53,31265
2012-02-09,,,,5.53,0
2012-02-10,5.57,5.57,5.42,5.43,13200
2012-02-13,5.44,5.5,5.44,5.45,120700
2012-02-14,5.42,5.52,5.42,5.5,3700
2012-02-15,5.53,5.54,5.53,5.54,1900
2012-02-16,5.5,5.67,5.5,5.65,138683
2012-02-17,5.64,5.64,5.6,5.6,558
2012-02-21,5.51,5.63,5.43,5.63,4101
2012-02-22,5.44,5.66,5.44,5.58,23052
2012-02-23,5.62,5.69,5.5,5.66,6162
2012-02-24,5.47,5.65,5.47,5.65,600
2012-02-27,5.63,5.63,5.47,5.63,576
2012-02-28,5.42,5.68,5.42,5.6,9233
2012-02-29,5.6,5.6,5.6,5.6,10883
2012-03-01,5.45,5.45,5.45,5.45,474
2012-03-02,5.5,5.64,5.46,5.64,23217
2012-03-05,5.49,5.85,5.44,5.83,11865
2012-03-06,5.76,5.76,5.76,5.76,2100
2012-03-07,5.65,5.7,5.63,5.63,700
2012-03-08,5.67,5.67,5.55,5.55,1658
2012-03-09,5.58,5.6,5.58,5.6,3842
2012-03-12,5.83,5.83,5.79,5.79,2550
2012-03-13,5.79,5.8,5.77,5.79,10541
2012-03-14,5.77,5.8,5.62,5.77,11766
2012-03-15,,,,5.8,0
2012-03-16,5.65,5.65,5.49,5.49,1600
2012-03-19,5.54,5.67,5.5,5.58,4141
2012-03-20,5.8,5.84,5.52,5.84,14434
2012-03-21,5.74,5.84,5.54,5.8,6997
2012-03-22,5.66,5.8,5.66,5.71,3769
2012-03-23,5.59,5.78,5.57,5.66,12000
2012-03-26,5.66,5.88,5.56,5.75,4558
2012-03-27,5.82,5.82,5.75,5.75,3621
2012-03-28,5.64,5.74,5.62,5.68,4245
2012-03-29,5.72,5.98,5.72,5.83,4171
2012-03-30,5.98,6.0,5.69,5.89,11539
2012-04-02,5.7,5.91,5.67,5.91,2312
2012-04-03,5.84,5.84,5.66,5.8,3900
2012-04-04,5.75,5.78,5.57,5.57,4143
2012-04-05,5.66,5.8,5.66,5.8,3050
2012-04-09,5.79,5.79,5.57,5.78,1450
2012-04-10,5.76,5.8,5.75,5.76,1800
2012-04-11,5.6,5.76,5.56,5.76,6098
2012-04-12,5.72,5.83,5.7,5.83,2703
2012-04-13,5.62,5.83,5.5,5.59,12781
2012-04-16,5.58,5.74,5.5,5.74,78215
2012-04-17,5.7,5.7,5.6,5.66,4500
2012-04-18,5.65,5.65,5.56,5.6,2134
2012-04-19,,,,5.6,0
2012-04-20,5.65,5.73,5.57,5.7,6800
2012-04-23,5.55,5.62,5.52,5.52,1200
2012-04-24,5.55,5.6,5.4,5.52,13993
2012-04-25,5.41,5.5,5.41,5.42,11200
2012-04-26,5.55,5.57,5.43,5.43,1416
2012-04-27,5.47,5.52,5.39,5.4,16616
2012-04-30,5.4,5.4,5.39,5.4,3397
2012-05-01,5.4,5.4,5.38,5.38,5300
2012-05-02,5.4,5.41,5.35,5.35,4417
2012-05-03,5.36,5.36,5.15,5.15,7800
2012-05-04,5.01,5.2,5.0,5.0,9087
2012-05-07,5.06,5.14,4.79,5.1,1464
2012-05-08,5.23,5.25,5.23,5.23,1700
2012-05-09,5.38,5.38,5.33,5.33,1500
2012-05-10,5.22,5.25,5.21,5.21,2888
2012-05-11,5.2,5.39,5.0,5.39,31357
2012-05-14,5.29,5.38,5.02,5.26,13707
2012-05-15,5.38,5.57,5.34,5.52,3543
2012-05-16,5.55,5.55,5.19,5.19,3742
2012-05-17,5.25,5.5,4.88,5.38,11160
2012-05-18,5.17,5.5,5.17,5.49,5580
2012-05-21,5.41,5.5,5.22,5.22,11266
2012-05-22,5.23,5.39,5.15,5.39,28030
2012-05-23,5.25,5.26,5.12,5.12,1219
2012-05-24,5.15,5.37,5.1,5.26,6400
2012-05-25,5.25,5.29,5.15,5.17,3091
2012-05-29,5.17,5.3,4.81,5.3,10071
2012-05-30,5.26,5.57,4.89,5.57,12478
2012-05-31,5.49,5.57,5.37,5.57,10450
2012-06-01,5.5,5.5,4.99,5.47,12573
2012-06-04,5.46,5.47,5.2,5.47,4305
2012-06-05,5.43,5.5,5.25,5.5,7211
2012-06-06,5.42,5.5,5.26,5.5,14300
2012-06-07,5.54,5.54,5.45,5.51,1760
2012-06-08,5.43,5.58,5.4,5.58,9828
2012-06-11,5.6,5.72,5.2,5.71,16063
2012-06-12,5.4,5.65,5.4,5.6,2100
2012-06-13,5.6,5.6,5.45,5.55,7714
2012-06-14,5.48,5.72,5.45,5.7,7000
2012-06-15,5.59,5.7,5.51,5.69,4495
2012-06-18,5.65,5.65,5.44,5.64,9783
2012-06-19,5.53,5.73,5.5,5.69,16429
2012-06-20,5.65,5.67,5.5,5.64,3763
2012-06-21,5.25,5.5,5.25,5.5,2590
2012-06-22,5.5,5.5,5.48,5.48,1100
2012-06-25,5.52,5.66,5.34,5.61,8071
2012-06-26,5.43,5.67,5.36,5.66,12920
2012-06-27,5.48,5.71,5.48,5.71,8904
2012-06-28,5.65,5.9,5.62,5.9,10251
2012-06-29,5.84,6.0,5.61,6.0,34207
2012-07-02,5.82,6.0,5.82,5.99,10783
2012-07-03,6.0,6.0,5.72,5.82,7769
2012-07-05,5.85,5.85,5.85,5.85,100
2012-07-06,5.75,5.79,5.75,5.79,500
2012-07-09,5.69,5.99,5.61,5.96,9256
2012-07-10,5.81,5.95,5.8,5.93,9479
2012-07-11,5.8,5.84,5.8,5.84,200
2012-07-12,5.85,6.25,5.85,6.25,20445
2012-07-13,6.16,6.3,6.16,6.25,42745
2012-07-16,,,,6.25,0
2012-07-17,6.23,6.3,6.12,6.19,27635
2012-07-18,6.21,6.29,6.21,6.29,46309
2012-07-19,6.23,6.29,6.08,6.13,38448
2012-07-20,6.2,6.35,6.13,6.28,7786
2012-07-23,6.32,6.32,6.25,6.25,5129
2012-07-24,6.15,6.25,6.1,6.19,5178
2012-07-25,6.19,6.24,6.13,6.23,23554
2012-07-26,6.22,6.25,6.22,6.25,12802
2012-07-27,6.3,6.39,6.15,6.18,2662
2012-07-30,6.25,6.25,6.25,6.25,300
2012-07-31,6.25,6.3,6.24,6.3,11517
2012-08-01,6.3,6.4,6.3,6.4,8600
2012-08-02,6.38,6.41,6.29,6.34,7511
2012-08-03,,,,6.44,0
2012-08-06,6.25,6.5,6.18,6.48,6127
2012-08-07,6.43,6.5,6.43,6.5,8632
2012-08-08,6.45,6.46,6.42,6.46,3100
2012-08-09,6.42,6.42,6.32,6.32,757
2012-08-10,6.26,6.5,6.13,6.5,6480
2012-08-13,6.06,6.44,6.06,6.42,17165
2012-08-14,6.32,6.44,6.23,6.4,5402
2012-08-15,6.25,6.25,6.21,6.25,620
2012-08-16,6.2,6.4,6.2,6.39,2353
2012-08-17,6.3,6.3,6.18,6.3,42388
2012-08-20,6.22,6.24,6.2,6.24,2925
2012-08-21,6.21,6.29,6.19,6.23,9082
2012-08-22,6.19,6.19,6.15,6.15,19009
2012-08-23,6.18,6.21,6.18,6.18,4410
2012-08-24,6.19,6.35,6.19,6.32,12432
2012-08-27,6.33,6.33,6.25,6.33,400
2012-08-28,6.21,6.29,6.15,6.22,7096
2012-08-29,6.21,6.22,6.07,6.15,17500
2012-08-30,,,,6.07,0
2012-08-31,6.14,6.21,5.99,6.07,13903
2012-09-04,6.1,6.1,5.91,5.95,3981
2012-09-05,5.91,5.95,5.79,5.83,5292
2012-09-06,5.9,5.9,5.89,5.89,1618
2012-09-07,5.93,6.21,5.93,6.19,5100
2012-09-10,6.02,6.26,6.0,6.26,8538
2012-09-11,6.28,6.43,6.2,6.35,115782
2012-09-12,6.19,6.37,6.14,6.2,3378
2012-09-13,6.21,6.32,6.11,6.22,2076
2012-09-14,6.14,6.19,6.07,6.14,4656
2012-09-17,6.19,6.25,6.06,6.21,3817
2012-09-18,6.31,6.31,6.16,6.21,1943
2012-09-19,6.2,6.3,6.04,6.2,2774
2012-09-20,6.08,6.08,6.08,6.08,234
2012-09-21,6.01,6.2,6.01,6.2,3358
2012-09-24,6.04,6.18,6.04,6.07,1875
2012-09-25,6.1,6.15,6.1,6.15,100973
2012-09-26,6.0,6.0,5.91,6.0,11494
2012-09-27,6.0,6.18,6.0,6.16,4558
2012-09-28,5.94,6.42,5.94,6.42,12025
2012-10-01,6.16,6.16,6.08,6.15,3411
2012-10-02,6.15,6.39,6.1,6.2,15906
2012-10-03,6.27,6.27,6.19,6.2,5900
2012-10-04,6.23,6.25,6.16,6.24,4666
2012-10-05,6.23,6.23,6.18,6.18,1100
2012-10-08,6.13,6.2,6.12,6.13,1633
2012-10-09,6.1,6.2,6.1,6.11,1812
2012-10-10,6.11,6.2,5.97,6.2,9577
2012-10-11,6.05,6.2,6.0,6.2,57310
2012-10-12,6.17,6.2,6.17,6.2,438
2012-10-15,6.07,6.17,6.07,6.17,900
2012-10-16,6.2,6.2,6.18,6.2,8121
2012-10-17,6.19,6.2,6.16,6.2,7910
2012-10-18,6.18,6.2,6.18,6.2,5200
2012-10-19,6.17,6.2,6.1,6.1,6860
2012-10-22,6.04,6.15,5.88,6.14,21348
2012-10-23,6.12,6.14,5.92,6.06,13218
2012-10-24,6.08,6.15,5.95,6.13,48120
2012-10-25,6.16,6.17,6.08,6.08,72074
2012-10-26,6.09,6.14,5.92,6.14,3587
2012-10-31,6.15,6.15,5.85,5.85,21708
2012-11-01,6.12,6.12,5.92,5.98,3207
2012-11-02,6.0,6.39,5.85,6.39,27344
2012-11-05,6.26,6.39,6.25,6.32,5000
2012-11-06,6.25,6.4,6.23,6.4,11050
2012-11-07,6.4,6.42,6.28,6.37,2131
2012-11-08,6.28,6.3,6.21,6.21,4035
2012-11-09,6.26,6.26,6.09,6.23,3300
2012-11-12,6.1,6.24,6.1,6.17,2374
2012-11-13,6.15,6.2,6.1,6.12,2390
2012-11-14,6.09,6.39,6.09,6.23,4814
2012-11-15,6.25,6.3,6.09,6.17,3473
2012-11-16,6.21,6.3,6.21,6.29,4006
2012-11-19,6.3,6.3,6.25,6.3,8668
2012-11-20,6.13,6.25,6.13,6.25,3500
2012-11-21,6.25,6.25,6.09,6.25,6525
2012-11-23,6.25,6.25,6.24,6.25,466
2012-11-26,6.11,6.24,6.11,6.24,2480
2012-11-27,6.21,6.25,6.16,6.21,3680
2012-11-28,6.14,6.25,6.08,6.18,29568
2012-11-29,6.22,6.39,6.14,6.39,16172
2012-11-30,6.21,6.45,6.21,6.45,11794
2012-12-03,6.31,6.43,6.28,6.35,2135
2012-12-04,6.35,6.39,6.22,6.39,5489
2012-12-05,6.38,6.39,6.24,6.39,11810
2012-12-06,6.32,6.43,6.22,6.43,19806
2012-12-07,6.4,6.5,6.23,6.5,12311
2012-12-10,6.5,6.5,6.2,6.26,28795
2012-12-11,6.18,6.26,6.0,6.13,143282
2012-12-12,6.09,6.13,5.95,6.13,13883
2012-12-13,5.91,6.0,5.91,6.0,10606
2012-12-14,6.0,6.02,5.9,5.9,9710
2012-12-17,5.96,6.23,5.77,6.17,10288
2012-12-18,6.01,6.34,6.0,6.17,11177
2012-12-19,6.19,6.36,6.03,6.36,22697
2012-12-20,6.12,6.25,6.03,6.16,31960
2012-12-21,6.06,6.06,5.86,6.0,107958
2012-12-24,5.91,5.99,5.69,5.89,18573
2012-12-26,5.99,6.01,5.83,6.01,17390
2012-12-27,6.05,6.05,5.72,5.8,18216
2012-12-28,5.8,6.0,5.8,5.85,12229
2012-12-31,5.85,6.0,5.74,5.74,21042
2013-01-02,5.85,6.0,5.7,5.76,63889
2013-01-03,5.85,5.95,5.8,5.92,7431
2013-01-04,6.0,6.0,5.88,5.88,1600
2013-01-07,5.83,5.97,5.81,5.89,3701
2013-01-08,5.76,5.99,5.72,5.8,33395
2013-01-09,5.81,5.89,5.7,5.82,46178
2013-01-10,5.8,5.98,5.72,5.86,16683
2013-01-11,5.85,6.09,5.85,6.05,54887
2013-01-14,5.96,6.12,5.95,6.12,22702
2013-01-15,6.05,6.2,5.98,6.1,20162
2013-01-16,6.03,6.19,5.82,6.16,27584
2013-01-17,6.12,6.19,6.0,6.18,9500
2013-01-18,6.14,6.22,5.98,6.2,9834
2013-01-22,6.01,6.29,6.01,6.28,23139
2013-01-23,6.29,6.3,6.19,6.22,7658
2013-01-24,6.08,6.29,6.06,6.24,27850
2013-01-25,6.22,6.25,6.2,6.25,6801
2013-01-28,6.24,6.24,6.12,6.2,5872
2013-01-29,6.19,6.34,6.02,6.34,20477
2013-01-30,6.28,6.28,6.02,6.08,33896
2013-01-31,5.95,6.35,5.89,6.35,42860
2013-02-01,6.34,6.37,6.13,6.25,14348
2013-02-04,6.25,6.25,6.2,6.24,2500
2013-02-05,6.3,6.3,6.2,6.27,21678
2013-02-06,6.3,6.38,6.21,6.3,6268
2013-02-07,6.3,6.35,6.21,6.35,8820
2013-02-08,6.38,6.4,6.22,6.4,9571
2013-02-11,6.32,6.39,6.22,6.39,9399
2013-02-12,6.31,6.37,6.27,6.33,7282
2013-02-13,6.26,6.3,6.26,6.3,80949
2013-02-14,6.31,6.31,6.26,6.26,262
2013-02-15,6.27,6.32,6.14,6.2,32622
2013-02-19,6.28,6.32,6.28,6.28,1371
2013-02-20,6.23,6.27,6.13,6.19,11097
2013-02-21,6.1,6.2,5.96,5.96,58844
2013-02-22,5.98,6.13,5.98,6.04,54054
2013-02-25,6.04,6.07,5.99,6.04,3722
2013-02-26,6.02,6.13,6.01,6.11,9836
2013-02-27,6.03,6.25,6.03,6.24,116063
2013-02-28,6.25,6.29,6.05,6.1,94369
2013-03-01,6.14,6.14,5.98,6.02,3799
2013-03-04,6.05,6.09,5.99,6.0,16198
2013-03-05,6.09,6.12,6.04,6.1,9800
2013-03-06,6.13,6.13,6.0,6.01,5400
2013-03-07,5.99,6.07,5.98,6.01,36026
2013-03-08,6.05,6.05,5.99,6.02,5300
2013-03-11,6.02,6.02,5.9,6.02,1490
2013-03-12,5.93,6.01,5.93,6.0,8423
2013-03-13,6.0,6.0,6.0,6.0,1000
2013-03-14,6.05,6.09,5.97,6.04,34617
2013-03-15,5.96,6.01,5.96,6.0,4407
2013-03-18,5.95,5.99,5.95,5.98,5160
2013-03-19,5.96,6.02,5.95,5.96,10175
2013-03-20,5.96,5.98,5.95,5.98,2400
2013-03-21,5.99,6.04,5.98,6.02,10209
2013-03-22,6.04,6.08,5.99,6.05,64385
2013-03-25,6.05,6.16,6.0,6.14,17040
2013-03-26,6.09,6.23,6.09,6.16,2598
2013-03-27,6.2,6.2,6.08,6.1,2546
2013-03-28,6.23,6.25,6.16,6.2,7000
2013-04-01,6.13,6.13,5.96,6.12,11800
2013-04-02,6.05,6.15,6.04,6.1,1956
2013-04-03,6.09,6.13,6.04,6.13,46884
2013-04-04,6.17,6.17,6.11,6.11,840
2013-04-05,6.09,6.17,6.09,6.14,840
2013-04-08,6.05,6.16,6.05,6.16,2634
2013-04-09,6.1,6.18,6.05,6.11,11065
2013-04-10,6.06,6.15,5.92,6.07,68869
2013-04-11,5.96,6.14,5.96,6.11,470
2013-04-12,6.15,6.15,6.15,6.15,100
2013-04-15,6.05,6.16,5.9,6.06,29775
2013-04-16,5.95,6.07,5.95,6.04,5260
2013-04-17,6.07,6.11,6.05,6.09,2005
2013-04-18,6.07,6.11,6.06,6.1,817
2013-04-19,6.11,6.21,6.01,6.05,4697
2013-04-22,6.11,6.15,5.98,6.01,3600
2013-04-23,6.02,6.23,5.98,6.0,47755
2013-04-24,6.08,6.09,5.97,6.09,9487
2013-04-25,6.08,6.08,6.0,6.05,918
2013-04-26,6.08,6.08,6.05,6.08,1053
2013-04-29,6.04,6.3,6.04,6.06,6983
2013-04-30,6.18,6.26,6.06,6.06,1680
2013-05-01,6.26,6.26,6.03,6.15,41309
2013-05-02,6.15,6.15,6.05,6.05,15616
2013-05-03,6.2,6.23,6.12,6.12,9887
2013-05-06,6.13,6.2,6.02,6.15,50020
2013-05-07,6.07,6.19,6.0,6.11,89685
2013-05-08,6.19,6.2,6.05,6.15,5345
2013-05-09,6.13,6.17,6.13,6.17,526
2013-05-10,6.18,6.19,6.1,6.19,2277
2013-05-13,6.18,6.18,6.18,6.18,332
2013-05-14,6.16,6.16,6.05,6.14,17982
2013-05-15,6.05,6.23,6.05,6.23,21814
2013-05-16,6.15,6.26,6.05,6.24,48289
2013-05-17,6.26,6.3,6.17,6.3,61555
2013-05-20,6.22,6.23,6.22,6.22,936
2013-05-21,6.26,6.26,6.02,6.18,25838
2013-05-22,6.21,6.26,6.12,6.13,27763
2013-05-23,6.19,6.19,6.13,6.17,6430
2013-05-24,6.15,6.24,6.15,6.21,16408
2013-05-28,6.21,6.43,6.21,6.33,42838
2013-05-29,6.27,6.4,6.27,6.35,1687
2013-05-30,6.39,6.75,6.39,6.71,38166
2013-05-31,6.75,6.75,6.5,6.56,8520
2013-06-03,6.62,6.7,6.38,6.5,14885
2013-06-04,6.43,6.69,6.4,6.6,4815
2013-06-05,6.62,6.62,6.36,6.5,21115
2013-06-06,6.65,6.68,6.48,6.63,54141
2013-06-07,6.65,6.7,6.46,6.61,21588
2013-06-10,6.66,6.66,6.53,6.55,5516
2013-06-11,6.44,6.6,6.44,6.6,1341
2013-06-12,6.54,6.66,6.45,6.66,13741
2013-06-13,6.56,6.67,6.56,6.66,13337
2013-06-14,6.62,6.7,6.57,6.7,47954
2013-06-17,6.68,6.75,6.59,6.66,23422
2013-06-18,6.63,6.75,6.63,6.71,10173
2013-06-19,6.67,6.74,6.57,6.58,8694
2013-06-20,6.59,6.6,6.5,6.54,5044
2013-06-21,6.6,6.75,6.6,6.66,42623
2013-06-24,6.62,6.75,6.62,6.75,43575
2013-06-25,6.63,6.71,6.63,6.71,9378
2013-06-26,6.73,6.75,6.53,6.66,6440
2013-06-27,6.71,6.71,6.52,6.52,8640
2013-06-28,6.49,6.54,6.41,6.54,18083
2013-07-01,6.54,6.75,6.54,6.68,12008
2013-07-02,6.7,6.7,6.5,6.62,12971
2013-07-03,6.61,6.61,6.38,6.56,14518
2013-07-05,6.55,6.64,6.5,6.62,6329
2013-07-08,6.58,6.67,6.46,6.64,10786
2013-07-09,6.66,6.67,6.62,6.66,5019
2013-07-10,6.58,6.67,6.58,6.67,2913
2013-07-11,6.72,6.75,6.59,6.68,10947
2013-07-12,6.64,6.64,6.62,6.64,6044
2013-07-15,6.63,6.68,6.61,6.67,7245
2013-07-16,6.6,6.6,6.56,6.56,1765
2013-07-17,6.59,6.6,6.53,6.55,3335
2013-07-18,6.55,6.66,6.55,6.58,736
2013-07-19,6.68,6.68,6.55,6.68,15011
2013-07-22,6.68,6.68,6.56,6.56,3535
2013-07-23,6.6,6.68,6.55,6.68,42589
2013-07-24,6.68,6.68,6.52,6.67,9855
2013-07-25,6.61,6.8,6.56,6.77,12220
2013-07-26,6.77,6.82,6.71,6.77,17225
2013-07-29,6.81,7.0,6.74,6.75,31598
2013-07-30,6.85,7.0,6.75,6.95,4180
2013-07-31,6.97,6.97,6.73,6.83,22830
2013-08-01,6.81,6.95,6.75,6.92,43853
2013-08-02,6.95,6.95,6.73,6.8,19881
2013-08-05,6.86,6.89,6.77,6.88,3762
2013-08-06,6.89,6.91,6.75,6.85,8655
2013-08-07,6.89,6.89,6.75,6.8,5240
2013-08-08,6.8,6.88,6.8,6.8,12099
2013-08-09,6.76,6.92,6.76,6.88,15313
2013-08-12,6.85,6.95,6.85,6.91,7338
2013-08-13,6.95,7.0,6.92,6.97,60022
2013-08-14,6.95,7.14,6.95,7.04,8035
2013-08-15,7.05,7.19,7.05,7.13,14965
2013-08-16,7.15,7.15,6.9,6.97,24489
2013-08-19,6.98,7.05,6.87,6.87,7727
2013-08-20,6.91,6.98,6.73,6.87,12891
2013-08-21,6.84,6.97,6.84,6.89,4750
2013-08-22,6.88,6.98,6.85,6.85,1237
2013-08-23,7.08,7.08,6.84,6.84,4276
2013-08-26,6.85,7.01,6.85,6.91,8774
2013-08-27,6.87,6.9,6.83,6.87,20858
2013-08-28,7.06,7.06,6.84,6.95,8154
2013-08-29,6.91,7.01,6.88,6.93,1992
2013-08-30,6.9,7.04,6.9,6.94,1963
2013-09-03,6.98,7.03,6.88,7.03,9046
2013-09-04,7.03,7.03,6.9,6.99,3798
2013-09-05,6.92,7.01,6.83,6.97,35688
2013-09-06,6.94,6.94,6.72,6.78,4134
2013-09-09,6.75,7.04,6.6,6.71,22629
2013-09-10,6.69,6.94,6.6,6.67,9779
2013-09-11,6.71,6.85,6.68,6.85,2413
2013-09-12,6.96,6.99,6.75,6.84,1856
2013-09-13,6.68,6.68,6.6,6.67,4798
2013-09-16,6.66,6.77,6.6,6.75,13862
2013-09-17,6.58,6.73,6.56,6.73,3194
2013-09-18,6.72,6.87,6.52,6.64,3049
2013-09-19,6.6,6.71,6.5,6.51,6154
2013-09-20,6.41,6.61,6.39,6.5,15908
2013-09-23,6.5,6.57,6.5,6.57,2071
2013-09-24,6.5,6.68,6.5,6.68,6006
2013-09-25,6.69,6.69,6.48,6.68,2677
2013-09-26,6.7,6.71,6.57,6.71,3210
2013-09-27,6.61,6.83,6.61,6.79,3019
2013-09-30,6.56,6.73,6.55,6.7,6105
2013-10-01,6.74,6.82,6.62,6.81,39171
2013-10-02,6.81,6.87,6.75,6.76,10120
2013-10-03,6.79,6.94,6.59,6.77,39571
2013-10-04,6.72,6.8,6.71,6.76,12202
2013-10-07,6.76,6.79,6.65,6.77,30694
2013-10-08,6.64,6.78,6.57,6.71,37490
2013-10-09,6.67,6.8,6.58,6.73,45295
2013-10-10,6.89,6.93,6.74,6.75,15870
2013-10-11,6.76,6.93,6.7,6.93,26690
2013-10-14,6.9,6.95,6.78,6.94,7369
2013-10-15,6.83,6.95,6.79,6.95,19041
2013-10-16,6.95,7.02,6.76,7.01,11427
2013-10-17,7.0,7.06,6.87,6.94,40696
2013-10-18,6.93,7.09,6.91,7.09,26686
2013-10-21,7.08,7.08,6.92,7.0,11034
2013-10-22,6.91,6.97,6.74,6.81,29093
2013-10-23,6.68,6.97,6.67,6.97,28423
2013-10-24,7.05,7.5,7.05,7.5,243903
2013-10-25,7.5,7.74,7.42,7.62,68683
2013-10-28,7.56,7.72,7.42,7.66,39585
2013-10-29,7.71,7.74,7.41,7.52,80497
2013-10-30,7.1,7.75,7.1,7.55,161528
2013-10-31,7.55,8.51,7.5,8.04,102005
2013-11-01,8.04,8.1,7.8,8.1,99443
2013-11-04,8.1,8.49,8.1,8.29,117879
2013-11-05,8.36,8.44,7.92,7.99,44517
2013-11-06,8.1,8.19,7.64,7.87,41718
2013-11-07,8.0,8.21,7.75,7.95,104836
2013-11-08,7.89,8.34,7.7,8.21,101054
2013-11-11,8.2,8.34,7.87,8.02,29814
2013-11-12,7.93,8.1,7.8,8.0,24714
2013-11-13,8.05,8.45,7.89,8.24,15918
2013-11-14,8.25,8.38,8.16,8.38,15780
2013-11-15,8.38,8.96,8.3,8.65,60518
2013-11-18,8.46,8.68,8.19,8.26,31920
2013-11-19,8.25,8.34,8.04,8.21,16644
2013-11-20,8.14,8.25,8.1,8.25,41282
2013-11-21,8.24,8.27,8.12,8.2,67224
2013-11-22,8.2,8.49,8.2,8.35,14478
2013-11-25,8.32,8.6,8.25,8.32,41163
2013-11-26,8.32,8.64,8.2,8.32,14851
2013-11-27,8.25,8.35,8.23,8.27,8075
2013-11-29,8.31,8.59,8.24,8.24,7250
2013-12-02,8.24,8.3,8.19,8.2,13793
2013-12-03,8.04,8.21,8.04,8.14,13564
2013-12-04,8.02,8.21,7.95,8.07,26424
2013-12-05,8.05,8.64,8.05,8.1,56108
2013-12-06,8.27,8.39,8.1,8.1,14797
2013-12-09,8.05,8.1,7.89,7.89,16337
2013-12-10,7.91,8.28,7.91,7.99,22480
2013-12-11,8.0,8.05,7.95,7.95,28346
2013-12-12,7.91,8.18,7.91,7.93,10130
2013-12-13,8.0,8.05,7.91,7.94,17644
2013-12-16,7.98,8.05,7.86,7.87,18098
2013-12-17,7.92,8.17,7.86,7.93,55992
2013-12-18,7.93,8.0,7.91,7.99,23134
2013-12-19,8.03,8.07,7.86,7.95,111207
2013-12-20,7.87,8.14,7.86,8.0,48709
2013-12-23,8.08,8.1,7.87,8.04,29510
2013-12-24,7.95,8.05,7.95,7.99,48976
2013-12-26,8.13,8.13,7.95,8.07,16658
2013-12-27,8.04,8.1,8.01,8.1,13394
2013-12-30,8.1,8.18,8.01,8.01,11555
2013-12-31,8.07,8.09,8.01,8.01,5243
2014-01-02,8.04,8.09,8.0,8.0,4823
2014-01-03,8.05,8.1,7.96,7.97,28151
2014-01-06,7.96,8.17,7.96,8.05,24810
2014-01-07,8.09,8.18,8.0,8.07,26303
2014-01-08,8.09,8.09,7.8,7.91,114956
2014-01-09,7.96,8.02,7.81,7.95,45202
2014-01-10,7.9,7.9,7.75,7.81,33971
2014-01-13,7.82,8.01,7.56,7.56,24874
2014-01-14,7.63,8.0,7.53,7.74,30160
2014-01-15,7.79,8.01,7.64,7.78,27496
2014-01-16,7.83,8.0,7.82,7.94,15945
2014-01-17,7.98,8.05,7.98,8.0,19309
2014-01-21,8.0,8.14,7.96,8.05,12100
2014-01-22,8.1,8.24,8.05,8.11,13074
2014-01-23,8.19,8.3,8.1,8.17,7777
2014-01-24,8.2,8.2,7.96,8.03,22155
2014-01-27,8.08,8.14,7.81,7.81,19670
2014-01-28,7.8,8.1,7.8,8.1,51135
2014-01-29,7.97,8.0,7.7,7.76,36653
2014-01-30,7.65,8.09,7.65,7.95,3358
2014-01-31,8.04,8.05,7.77,7.97,23242
2014-02-03,7.91,8.03,7.61,7.86,12062
2014-02-04,7.84,8.01,7.73,7.9,5822
2014-02-05,8.0,8.02,7.96,7.96,3755
2014-02-06,8.04,8.04,7.75,7.75,5944
2014-02-07,7.86,8.04,7.86,8.0,7899
2014-02-10,7.83,7.83,7.66,7.67,19000
2014-02-11,7.76,7.78,7.5,7.51,18470
2014-02-12,7.51,7.87,7.42,7.87,31677
2014-02-13,7.79,7.86,7.63,7.86,11827
2014-02-14,7.75,8.03,7.75,8.03,9455
2014-02-18,8.04,8.1,7.9,7.99,23307
2014-02-19,8.05,8.19,7.95,8.19,17739
2014-02-20,8.07,8.25,7.85,8.16,95889
2014-02-21,8.01,8.2,7.99,8.1,8354
2014-02-24,8.1,8.19,8.1,8.19,8398
2014-02-25,8.19,8.19,8.02,8.04,25695
2014-02-26,8.08,8.08,7.93,8.01,30936
2014-02-27,8.04,8.04,7.92,7.92,25980
2014-02-28,7.92,8.19,7.85,8.19,154695
2014-03-03,8.2,8.35,8.15,8.31,35852
2014-03-04,8.32,8.5,8.16,8.2,22015
2014-03-05,8.15,8.2,8.02,8.17,14396
2014-03-06,8.23,8.48,8.12,8.23,19213
2014-03-07,8.11,8.29,8.0,8.1,28774
2014-03-10,8.14,8.4,8.1,8.3,20963
2014-03-11,8.24,8.29,8.21,8.29,24446
2014-03-12,8.29,8.32,8.24,8.24,3141
2014-03-13,8.22,8.27,8.1,8.15,6291
2014-03-14,8.13,8.17,8.11,8.11,6877
2014-03-17,8.11,8.16,7.92,8.06,35622
2014-03-18,8.03,8.07,8.0,8.03,8166
2014-03-19,8.02,8.08,7.96,7.96,4511
2014-03-20,7.95,8.07,7.95,8.02,6991
2014-03-21,7.97,8.09,7.95,8.08,9519
2014-03-24,8.1,8.12,7.93,8.01,10970
2014-03-25,8.03,8.03,7.83,7.84,19719
2014-03-26,7.92,8.05,7.92,7.93,17052
2014-03-27,7.96,8.08,7.92,7.97,7948
2014-03-28,8.06,8.13,7.9,7.9,13307
2014-03-31,7.9,8.16,7.9,8.07,5854
2014-04-01,8.13,8.28,8.13,8.24,3489
2014-04-02,8.22,8.23,8.09,8.11,11557
2014-04-03,8.13,8.22,8.13,8.22,3219
2014-04-04,8.25,8.31,7.92,8.31,13783
2014-04-07,8.25,8.3,8.01,8.07,11261
2014-04-08,7.91,8.27,7.91,8.06,10418
2014-04-09,8.26,8.26,8.08,8.14,5789
2014-04-10,8.05,8.15,8.05,8.14,7746
2014-04-11,8.06,8.22,7.92,8.01,9686
2014-04-14,8.11,8.11,7.92,7.92,18081
2014-04-15,8.03,8.03,7.95,8.01,5506
2014-04-16,8.02,8.02,7.92,7.99,13624
2014-04-17,7.96,8.04,7.96,7.99,10214
2014-04-21,8.05,8.13,7.92,7.99,6538
2014-04-22,8.12,8.15,8.03,8.12,13258
2014-04-23,8.12,8.18,7.99,8.06,19329
2014-04-24,8.04,8.1,7.92,8.0,12874
2014-04-25,7.97,8.03,7.92,7.92,4053
2014-04-28,7.92,7.96,7.85,7.85,6340
2014-04-29,7.85,7.85,7.42,7.65,28106
2014-04-30,7.55,8.21,7.55,8.21,49087
2014-05-01,8.18,8.18,7.95,8.08,11956
2014-05-02,7.91,8.2,7.91,8.13,9105
2014-05-05,8.06,8.13,7.89,8.12,7306
2014-05-06,8.15,8.15,7.92,8.09,6320
2014-05-07,8.04,8.15,7.85,7.86,10671
2014-05-08,7.83,8.02,7.69,7.92,12741
2014-05-09,7.82,8.12,7.67,7.86,22506
2014-05-12,7.84,8.16,7.8,8.02,10613
2014-05-13,7.89,8.01,7.88,7.88,5394
2014-05-14,8.09,8.16,7.77,7.92,7762
2014-05-15,8.14,8.14,7.9,7.9,2117
2014-05-16,7.9,8.07,7.75,8.03,3607
2014-05-19,8.13,8.13,7.74,7.99,15275
2014-05-20,7.95,8.0,7.72,7.87,37743
2014-05-21,7.81,7.89,7.7,7.81,8366
2014-05-22,7.77,7.89,7.73,7.82,10936
2014-05-23,7.81,7.81,7.74,7.78,13758
2014-05-27,7.73,7.85,7.73,7.8,8368
2014-05-28,7.74,7.8,7.73,7.73,1461
2014-05-29,7.69,7.69,7.63,7.63,1021
2014-05-30,7.64,7.69,7.15,7.53,99050
2014-06-02,7.54,7.68,7.11,7.3,12279
2014-06-03,7.31,7.44,7.21,7.44,11094
2014-06-04,7.36,7.48,7.17,7.47,19049
2014-06-05,7.44,7.51,7.35,7.48,7395
2014-06-06,7.51,7.51,7.35,7.35,25493
2014-06-09,7.35,7.43,7.3,7.3,10042
2014-06-10,7.24,7.44,7.19,7.33,7778
2014-06-11,7.29,7.38,7.21,7.24,2473
2014-06-12,7.22,7.36,7.21,7.21,29127
2014-06-13,7.21,7.24,7.2,7.2,15955
2014-06-16,7.1,7.23,7.1,7.16,16345
2014-06-17,7.16,7.19,7.15,7.17,5810
2014-06-18,7.16,7.46,7.16,7.39,12730
2014-06-19,7.16,7.4,7.16,7.27,2249
2014-06-20,7.24,7.6,7.15,7.26,5409
2014-06-23,7.22,7.22,7.09,7.14,11883
2014-06-24,7.21,8.05,7.21,7.92,42537
2014-06-25,8.09,8.35,7.61,8.26,138473
2014-06-26,8.31,8.35,8.19,8.19,30019
2014-06-27,8.0,8.39,8.0,8.39,28985
2014-06-30,8.35,8.35,8.06,8.27,17858
2014-07-01,8.35,8.35,8.05,8.05,27585
2014-07-02,8.12,8.23,8.03,8.04,10920
2014-07-03,8.09,8.18,8.0,8.06,9635
2014-07-07,8.2,8.33,8.03,8.03,6780
2014-07-08,8.15,8.15,7.63,8.0,31184
2014-07-09,8.32,8.33,7.85,7.88,7979
2014-07-10,7.88,8.02,7.88,7.95,1859
2014-07-11,7.96,8.01,7.95,7.95,14149
2014-07-14,7.82,8.06,7.7,7.86,10513
2014-07-15,7.75,7.78,7.7,7.7,6272
2014-07-16,7.83,8.1,7.62,7.8,7519
2014-07-17,7.75,7.92,7.6,7.7,17760
2014-07-18,7.69,7.82,7.65,7.72,5449
2014-07-21,7.65,7.91,7.57,7.84,15880
2014-07-22,7.85,8.11,7.82,7.84,10436
2014-07-23,7.86,7.97,7.82,7.85,20368
2014-07-24,7.86,8.02,7.75,7.87,12417
2014-07-25,7.97,7.97,7.71,7.77,11509
2014-07-28,7.67,7.93,7.67,7.82,9157
2014-07-29,7.85,8.14,7.85,7.94,9181
2014-07-30,8.15,8.15,7.95,8.09,26529
2014-07-31,8.1,8.24,7.88,8.11,10941
2014-08-01,8.1,8.13,7.92,8.02,4503
2014-08-04,8.01,8.08,8.0,8.0,1475
2014-08-05,8.0,8.09,7.55,7.68,16880
2014-08-06,7.76,7.76,7.55,7.57,8031
2014-08-07,7.58,7.7,7.43,7.45,4889
2014-08-08,7.4,7.52,7.38,7.42,14513
2014-08-11,7.47,7.57,7.42,7.47,22334
2014-08-12,7.45,7.63,7.3,7.3,13881
2014-08-13,7.31,7.42,7.15,7.3,14088
2014-08-14,7.34,7.38,7.25,7.35,5481
2014-08-15,7.39,7.45,7.26,7.26,14822
2014-08-18,7.41,7.66,7.4,7.57,24365
2014-08-19,7.53,7.72,7.41,7.49,15654
2014-08-20,7.43,7.44,7.38,7.41,3903
2014-08-21,7.26,7.45,7.26,7.44,7458
2014-08-22,7.47,7.56,7.47,7.56,3582
2014-08-25,7.56,7.58,7.5,7.5,2659
2014-08-26,7.5,7.5,7.33,7.45,4478
2014-08-27,7.45,7.55,7.32,7.33,14345
2014-08-28,7.4,7.4,7.3,7.37,2574
2014-08-29,7.4,7.4,7.3,7.3,15475
2014-09-02,7.4,7.5,7.3,7.38,16396
2014-09-03,7.36,7.49,7.31,7.36,10300
2014-09-04,7.41,7.41,7.08,7.08,31196
2014-09-05,6.96,7.25,6.96,7.02,12428
2014-09-08,6.96,7.08,6.87,7.03,33335
2014-09-09,6.97,7.06,6.93,7.03,6556
2014-09-10,6.88,7.06,6.88,7.06,5420
2014-09-11,7.04,7.07,6.91,7.01,10921
2014-09-12,6.97,7.13,6.92,6.95,6791
2014-09-15,7.0,7.09,6.95,6.96,6845
2014-09-16,7.0,7.04,6.91,6.99,4330
2014-09-17,7.04,7.06,6.86,6.89,14647
2014-09-18,6.96,6.99,6.81,6.86,16250
2014-09-19,6.9,7.01,6.82,6.94,13830
2014-09-22,7.03,7.14,6.9,6.95,8336
2014-09-23,7.06,7.08,7.04,7.04,2067
2014-09-24,6.86,7.07,6.86,7.07,4097
2014-09-25,7.01,7.01,6.82,6.86,5827
2014-09-26,6.84,6.97,6.81,6.81,8768
2014-09-29,6.76,6.9,6.71,6.71,4497
2014-09-30,6.82,6.93,6.8,6.88,10846
2014-10-01,6.83,6.83,6.7,6.75,2772
2014-10-02,6.76,6.92,6.65,6.92,3348
2014-10-03,6.91,6.95,6.81,6.83,2527
2014-10-06,6.84,6.94,6.84,6.93,787
2014-10-07,6.96,6.97,6.69,6.88,9834
2014-10-08,6.83,6.9,6.7,6.71,11133
2014-10-09,6.7,6.88,6.62,6.88,23118
2014-10-10,6.76,6.85,6.76,6.85,7809
2014-10-13,6.88,6.89,6.81,6.85,3589
2014-10-14,6.88,6.89,6.81,6.85,2896
2014-10-15,6.65,6.88,6.65,6.77,2573
2014-10-16,6.63,6.84,6.48,6.6,32495
2014-10-17,6.85,6.87,6.72,6.87,11359
2014-10-20,6.86,6.87,6.78,6.86,1649
2014-10-21,6.88,6.9,6.81,6.9,6642
2014-10-22,6.8,7.05,6.8,7.04,7649
2014-10-23,7.1,7.1,7.0,7.02,3475
2014-10-24,7.02,7.1,6.94,7.1,1275
2014-10-27,7.1,7.1,6.96,7.04,5757
2014-10-28,6.99,7.09,6.9,7.09,9569
2014-10-29,7.1,7.3,7.09,7.25,23212
2014-10-30,7.24,7.38,7.04,7.25,17651
2014-10-31,7.14,7.32,6.81,7.32,61719
2014-11-03,7.07,7.39,7.07,7.3,13210
2014-11-04,7.3,7.3,7.11,7.12,10377
2014-11-05,7.11,7.2,6.95,7.11,32228
2014-11-06,7.16,7.16,7.0,7.14,9307
2014-11-07,7.06,7.2,7.0,7.1,24038
2014-11-10,7.01,7.19,7.01,7.16,3558
2014-11-11,7.15,7.15,7.06,7.13,2479
2014-11-12,7.02,7.15,7.01,7.14,2100
2014-11-13,7.15,7.15,7.07,7.13,8522
2014-11-14,7.11,7.15,7.1,7.1,2526
2014-11-17,7.28,7.28,7.1,7.1,2781
2014-11-18,7.27,7.27,7.02,7.05,1801
2014-11-19,7.0,7.14,7.0,7.0,5368
2014-11-20,7.05,7.12,7.01,7.12,4147
2014-11-21,7.07,7.07,7.01,7.02,2105
2014-11-24,7.0,7.23,7.0,7.13,9029
2014-11-25,7.23,7.3,7.23,7.27,18465
2014-11-26,7.47,7.5,7.11,7.5,83074
2014-11-28,7.59,7.59,7.2,7.35,7672
2014-12-01,7.27,7.43,7.27,7.36,3639
2014-12-02,7.36,7.52,7.36,7.39,10165
2014-12-03,7.59,7.59,7.36,7.36,2945
2014-12-04,7.38,7.5,7.36,7.36,1940
2014-12-05,7.37,7.51,7.35,7.45,14522
2014-12-08,7.41,7.5,7.35,7.35,5995
2014-12-09,7.35,7.5,7.35,7.4,12377
2014-12-10,7.38,7.46,7.35,7.4,8802
2014-12-11,7.46,7.46,7.2,7.2,5209
2014-12-12,7.35,7.49,7.35,7.4,6642
2014-12-15,7.38,7.38,7.19,7.2,451182
2014-12-16,7.19,7.47,7.19,7.35,161707
2014-12-17,7.2,7.42,7.15,7.2,56158
2014-12-18,7.17,7.39,7.15,7.2,17490
2014-12-19,7.25,7.42,7.16,7.33,68584
2014-12-22,7.41,7.49,7.34,7.41,8195
2014-12-23,7.5,7.59,7.17,7.45,23368
2014-12-24,7.5,7.64,7.48,7.57,8488
2014-12-26,7.55,7.56,7.4,7.56,22999
2014-12-29,7.54,7.61,7.39,7.61,43118
2014-12-30,7.6,7.65,7.41,7.42,33386
2014-12-31,7.53,7.65,7.44,7.65,34180
2015-01-02,7.38,7.82,7.3,7.82,36134
2015-01-05,7.83,7.83,7.52,7.72,20944
2015-01-06,7.44,7.7,7.26,7.29,90106
2015-01-07,7.31,7.5,7.21,7.36,28603
2015-01-08,7.35,7.54,7.28,7.43,64571
2015-01-09,7.56,7.72,7.56,7.71,1958
2015-01-12,7.75,7.75,7.38,7.71,5863
2015-01-13,7.66,7.69,7.41,7.54,30908
2015-01-14,7.54,7.64,7.4,7.57,11980
2015-01-15,7.58,7.71,7.43,7.49,6418
2015-01-16,7.63,7.63,7.54,7.61,2242
2015-01-20,7.75,7.75,7.35,7.68,14555
2015-01-21,7.45,7.6,7.38,7.38,8096
2015-01-22,7.37,7.65,7.37,7.5,6891
2015-01-23,7.53,7.8,7.36,7.8,20716
2015-01-26,7.78,7.9,7.59,7.71,27495
2015-01-27,7.61,7.89,7.59,7.8,6223
2015-01-28,7.79,7.95,7.66,7.9,28259
2015-01-29,7.8,7.95,7.76,7.91,60592
2015-01-30,7.82,8.0,7.61,7.95,50493
2015-02-02,7.76,7.9,7.6,7.75,164891
2015-02-03,7.75,7.8,7.6,7.73,33473
2015-02-04,7.75,7.75,7.59,7.72,19814
2015-02-05,7.8,7.99,7.61,7.78,8981
2015-02-06,7.8,7.8,7.67,7.67,1330
2015-02-09,7.65,7.95,7.65,7.68,13337
2015-02-10,7.73,7.93,7.62,7.69,2936
2015-02-11,7.7,7.89,7.65,7.84,11472
2015-02-12,7.67,7.75,7.52,7.58,12283
2015-02-13,7.59,7.68,7.54,7.66,6609
2015-02-17,7.52,7.74,7.52,7.55,5786
2015-02-18,7.63,7.98,7.51,7.9,16139
2015-02-19,7.72,7.99,7.58,7.78,5344
2015-02-20,7.8,7.8,7.53,7.63,4730
2015-02-23,7.6,7.79,7.51,7.79,11919
2015-02-24,7.62,7.81,7.61,7.72,6292
2015-02-25,7.6,7.83,7.59,7.74,5305
2015-02-26,8.0,8.0,7.52,7.89,23553
2015-02-27,7.99,8.0,7.62,7.62,95031
2015-03-02,7.82,7.82,7.56,7.58,19386
2015-03-03,7.56,7.87,7.55,7.82,13961
2015-03-04,7.89,8.33,7.76,8.33,98171
2015-03-05,8.35,8.35,8.06,8.23,18719
2015-03-06,8.26,8.35,8.1,8.23,11206
2015-03-09,8.2,8.34,8.1,8.31,20334
2015-03-10,8.35,8.35,8.07,8.34,52334
2015-03-11,8.35,8.35,7.97,8.01,31360
2015-03-12,8.28,8.29,7.98,7.98,15987
2015-03-13,8.12,8.23,7.66,7.79,24656
2015-03-16,7.8,8.0,7.75,7.88,29547
2015-03-17,7.92,8.02,7.73,8.0,17546
2015-03-18,8.04,8.07,7.91,8.0,13148
2015-03-19,8.03,8.3,8.03,8.27,57255
2015-03-20,8.24,8.34,8.05,8.16,30339
2015-03-23,8.24,8.24,8.18,8.21,17461
2015-03-24,8.35,8.35,8.22,8.34,31796
2015-03-25,8.34,8.4,8.19,8.35,48019
2015-03-26,8.35,8.38,8.25,8.25,19025
2015-03-27,8.22,8.35,8.18,8.33,27705
2015-03-30,8.36,8.36,8.19,8.24,63609
2015-03-31,8.24,8.38,8.19,8.38,56650
2015-04-01,8.27,8.3,8.2,8.27,12694
2015-04-02,8.22,8.35,8.22,8.28,22009
2015-04-06,8.28,8.34,8.19,8.2,10793
2015-04-07,8.19,8.37,8.19,8.28,45641
2015-04-08,8.33,8.35,8.22,8.35,6543
2015-04-09,8.35,8.35,8.22,8.3,144476
2015-04-10,8.3,8.38,8.28,8.38,12013
2015-04-13,8.4,8.46,8.33,8.4,18800
2015-04-14,8.4,8.42,8.32,8.4,24175
2015-04-15,8.4,8.49,8.37,8.44,42570
2015-04-16,8.47,8.64,8.47,8.61,44502
2015-04-17,8.61,8.61,8.48,8.51,13102
2015-04-20,8.58,8.58,8.38,8.58,19532
2015-04-21,8.55,8.55,8.41,8.54,10982
2015-04-22,8.45,8.55,8.41,8.44,16454
2015-04-23,8.48,8.57,8.41,8.57,10345
2015-04-24,8.52,8.66,8.5,8.6,36273
2015-04-27,8.62,8.77,8.6,8.67,40354
2015-04-28,8.67,8.9,8.67,8.85,30808
2015-04-29,9.0,9.25,8.66,8.67,70098
2015-04-30,8.87,9.39,8.65,9.06,83563
2015-05-01,8.9,9.17,8.81,8.98,115887
2015-05-04,9.29,9.45,9.0,9.42,245919
2015-05-05,9.5,9.74,9.28,9.63,163905
2015-05-06,9.75,9.9,9.54,9.8,98006
2015-05-07,9.8,9.91,9.6,9.9,130469
2015-05-08,10.0,10.25,9.53,10.24,75860
2015-05-11,10.99,11.0,10.39,10.44,167817
2015-05-12,10.44,10.44,9.97,10.25,111793
2015-05-13,10.25,10.25,9.95,10.15,63646
2015-05-14,10.18,10.18,9.1,10.0,138697
2015-05-15,10.11,10.11,9.92,10.03,58381
2015-05-18,10.08,10.18,9.79,10.17,56294
2015-05-19,10.23,10.23,10.05,10.21,44235
2015-05-20,10.2,10.22,9.9,10.18,49870
2015-05-21,10.23,10.28,10.15,10.21,36503
2015-05-22,10.26,10.32,10.15,10.25,55712
2015-05-26,10.17,10.22,9.64,9.87,64644
2015-05-27,9.95,10.35,9.92,10.31,37233
2015-05-28,10.31,10.32,10.0,10.0,39052
2015-05-29,10.07,10.17,9.96,10.14,35496
2015-06-01,10.04,10.2,9.53,9.98,122716
2015-06-02,10.03,10.54,9.86,10.43,98640
2015-06-03,10.51,10.97,10.45,10.88,102758
2015-06-04,10.86,11.13,10.63,11.12,112779
2015-06-05,11.29,11.31,10.87,11.09,78700
2015-06-08,11.09,11.09,10.56,10.93,176025
2015-06-09,10.97,10.97,10.54,10.75,67976
2015-06-10,10.63,10.89,10.63,10.8,158492
2015-06-11,10.89,11.03,10.73,10.8,33218
2015-06-12,10.72,11.12,10.68,10.79,58580
2015-06-15,10.87,11.19,10.79,11.1,70996
2015-06-16,11.15,11.48,11.05,11.13,75701
2015-06-17,11.23,11.24,10.84,11.0,81859
2015-06-18,11.06,11.17,10.97,11.07,40304
2015-06-19,11.17,11.29,10.95,11.23,76161
2015-06-22,11.19,11.4,11.16,11.22,94771
2015-06-23,11.22,11.35,10.91,10.99,83548
2015-06-24,10.96,11.04,10.61,10.76,100071
2015-06-25,10.69,10.92,10.62,10.81,101178
2015-06-26,10.77,11.1,10.74,11.1,1670138
2015-06-29,11.04,11.6,10.93,11.53,186177
2015-06-30,11.6,12.09,11.57,12.06,117221
2015-07-01,12.1,12.2,12.0,12.08,137868
2015-07-02,12.11,12.11,11.21,11.3,93463
2015-07-06,11.32,11.74,11.08,11.59,113055
2015-07-07,11.59,11.68,11.11,11.42,73543
2015-07-08,11.31,11.46,11.19,11.27,53358
2015-07-09,11.38,11.44,11.17,11.3,39578
2015-07-10,11.3,11.72,11.23,11.71,98194
2015-07-13,11.69,11.69,11.22,11.24,63352
2015-07-14,11.27,11.29,10.78,11.13,99357
2015-07-15,11.13,11.6,10.77,11.28,53571
2015-07-16,11.34,11.56,11.25,11.32,42694
2015-07-17,11.34,11.55,11.32,11.33,33280
2015-07-20,11.38,11.52,11.16,11.43,18676
2015-07-21,11.49,11.55,11.15,11.33,57861
2015-07-22,11.28,11.5,11.28,11.5,30667
2015-07-23,11.56,11.88,11.42,11.43,68570
2015-07-24,11.42,11.54,11.01,11.24,93381
2015-07-27,11.25,11.44,11.15,11.21,61280
2015-07-28,11.27,11.32,11.12,11.24,67241
2015-07-29,12.3,12.91,11.75,12.78,416470
2015-07-30,12.81,13.5,12.72,13.4,291097
2015-07-31,13.4,14.6,12.9,14.24,525156
2015-08-03,14.49,14.82,14.0,14.1,159068
2015-08-04,14.13,14.28,13.76,13.97,106869
2015-08-05,13.99,14.12,13.8,13.81,81416
2015-08-06,13.8,13.9,12.42,13.27,182002
2015-08-07,13.19,13.56,12.75,13.2,118916
2015-08-10,13.19,13.46,12.91,13.33,119693
2015-08-11,13.25,13.9,13.0,13.45,130952
2015-08-12,13.23,13.6,13.08,13.23,99685
2015-08-13,13.26,13.82,13.25,13.57,126936
2015-08-14,13.52,13.81,13.51,13.61,98248
2015-08-17,13.65,14.03,13.59,13.95,262069
2015-08-18,14.05,14.48,13.83,14.15,200761
2015-08-19,14.15,14.29,13.93,14.11,75652
2015-08-20,14.07,14.07,13.26,13.47,96670
2015-08-21,13.16,13.81,12.72,13.47,124558
2015-08-24,12.89,13.84,12.46,13.22,130086
2015-08-25,13.62,13.78,13.08,13.54,106331
2015-08-26,13.8,13.8,13.28,13.41,174152
2015-08-27,13.64,13.66,13.15,13.31,99781
2015-08-28,13.19,13.58,12.96,13.45,73472
2015-08-31,13.45,13.74,12.92,13.22,154699
2015-09-01,13.01,13.11,12.35,12.61,117504
2015-09-02,12.68,13.3,12.28,13.05,155271
2015-09-03,13.05,13.17,12.41,12.72,109290
2015-09-04,12.63,13.24,12.63,12.8,91976
2015-09-08,12.83,13.33,12.83,13.2,133206
2015-09-09,13.28,13.28,13.07,13.13,123112
2015-09-10,12.93,13.25,12.82,13.03,75210
2015-09-11,13.03,13.4,13.03,13.38,80207
2015-09-14,13.46,13.74,13.33,13.61,117498
2015-09-15,13.55,14.08,13.53,14.06,279363
2015-09-16,14.08,14.08,13.62,13.98,120401
2015-09-17,14.05,14.16,13.97,14.05,109068
2015-09-18,13.91,14.35,13.81,14.3,228191
2015-09-21,14.36,14.6,13.4,13.69,173929
2015-09-22,13.55,13.85,13.53,13.7,78568
2015-09-23,13.75,14.0,13.62,13.91,71875
2015-09-24,13.84,13.87,13.46,13.79,75617
2015-09-25,13.87,13.98,13.27,13.37,172282
2015-09-28,13.29,13.35,12.15,12.22,173121
2015-09-29,12.1,12.6,12.09,12.32,132490
2015-09-30,12.46,12.55,12.02,12.19,130050
2015-10-01,12.17,12.39,11.8,12.33,141700
2015-10-02,12.24,12.71,12.05,12.65,79740
2015-10-05,12.71,13.18,12.64,13.05,126987
2015-10-06,12.95,13.09,12.5,12.75,98251
2015-10-07,12.77,13.12,12.29,12.49,119149
2015-10-08,12.4,12.64,12.31,12.57,74307
2015-10-09,12.63,12.66,12.31,12.39,98214
2015-10-12,12.44,12.74,12.33,12.63,70574
2015-10-13,12.52,12.72,12.2,12.21,67006
2015-10-14,12.24,12.35,11.96,12.01,63146
2015-10-15,12.01,12.4,12.01,12.4,91023
2015-10-16,12.46,12.76,12.46,12.73,87031
2015-10-19,12.72,13.0,12.58,12.84,41286
2015-10-20,12.59,13.24,12.59,13.11,121771
2015-10-21,13.24,13.24,12.47,12.7,62525
2015-10-22,12.74,12.99,12.24,12.76,58962
2015-10-23,12.93,13.04,12.45,12.45,188794
2015-10-26,12.33,12.7,12.33,12.6,60577
2015-10-27,12.5,12.8,12.5,12.73,78178
2015-10-28,13.5,14.74,13.5,13.99,399905
2015-10-29,14.22,14.74,14.22,14.46,272170
2015-10-30,14.52,14.7,12.91,13.32,247624
2015-11-02,13.41,13.9,13.29,13.75,135882
2015-11-03,13.89,13.89,13.34,13.5,98616
2015-11-04,13.69,13.71,13.35,13.39,118787
2015-11-05,13.4,13.62,13.29,13.43,83836
2015-11-06,13.41,13.92,13.32,13.85,109831
2015-11-09,13.84,13.84,13.56,13.66,77993
2015-11-10,13.67,13.8,13.63,13.78,78860
2015-11-11,13.81,13.91,13.49,13.65,52117
2015-11-12,13.6,13.68,13.44,13.57,47902
2015-11-13,13.48,13.89,13.45,13.65,47306
2015-11-16,13.69,13.93,13.46,13.83,142062
2015-11-17,13.77,14.48,13.52,14.19,285616
2015-11-18,14.24,14.41,13.83,14.34,127347
2015-11-19,14.31,14.49,14.13,14.39,102702
2015-11-20,14.45,16.0,14.39,15.77,393175
2015-11-23,15.87,16.18,15.02,15.91,447441
2015-11-24,16.05,16.05,15.51,15.61,116757
2015-11-25,15.71,16.47,15.62,16.32,161736
2015-11-27,16.29,16.29,15.63,15.79,65503
2015-11-30,15.78,15.85,15.28,15.43,130932
2015-12-01,15.46,15.97,15.36,15.63,101420
2015-12-02,15.39,15.48,14.51,14.78,234442
2015-12-03,14.78,15.24,14.18,14.61,190118
2015-12-04,14.89,16.04,14.79,15.78,288298
2015-12-07,16.08,16.61,15.68,15.9,201445
2015-12-08,15.83,16.15,15.52,15.88,187088
2015-12-09,15.8,16.03,15.51,15.69,108495
2015-12-10,15.65,16.05,15.52,15.72,115559
2015-12-11,15.44,15.69,15.02,15.64,157686
2015-12-14,15.64,15.91,15.46,15.76,108871
2015-12-15,15.89,16.85,15.81,16.38,254213
2015-12-16,16.53,16.86,16.4,16.5,138206
2015-12-17,16.39,16.81,15.99,15.99,111877
2015-12-18,16.0,16.85,15.91,16.55,324785
2015-12-21,16.71,16.99,16.56,16.84,206608
2015-12-22,16.99,16.99,16.32,16.89,98764
2015-12-23,17.11,17.2,16.54,16.75,135737
2015-12-24,16.7,16.98,16.5,16.67,41494
2015-12-28,16.75,16.79,16.53,16.69,73960
2015-12-29,16.75,17.9,16.75,17.77,228876
2015-12-30,17.99,18.44,17.45,17.5,236465
2015-12-31,17.5,17.57,17.25,17.25,107727
2016-01-04,17.2,17.2,15.64,15.82,270324
2016-01-05,15.81,16.59,15.79,16.22,235457
2016-01-06,15.91,16.65,15.91,16.44,147508
2016-01-07,16.0,16.3,15.09,15.37,224997
2016-01-08,15.38,15.58,15.06,15.09,169810
2016-01-11,15.14,15.89,15.02,15.76,239569
2016-01-12,15.89,15.91,15.27,15.62,126511
2016-01-13,15.61,15.94,15.39,15.89,230371
2016-01-14,15.93,15.94,15.42,15.62,133229
2016-01-15,15.24,15.42,14.67,15.12,143038
2016-01-19,15.2,15.37,14.95,15.19,106181
2016-01-20,14.92,15.52,14.1,15.27,273233
2016-01-21,15.34,15.34,14.37,14.38,127030
2016-01-22,14.54,14.75,14.43,14.55,114675
2016-01-25,14.46,14.77,14.3,14.69,118642
2016-01-26,14.7,14.96,14.4,14.85,63055
2016-01-27,14.85,15.34,14.48,14.59,109568
2016-01-28,14.67,14.67,14.05,14.09,136682
2016-01-29,14.19,14.66,14.13,14.6,97911
2016-02-01,14.5,14.72,14.38,14.57,81660
2016-02-02,14.46,14.59,14.35,14.52,56263
2016-02-03,14.53,14.6,13.32,13.77,192322
2016-02-04,13.59,14.08,13.5,13.75,70973
2016-02-05,13.74,14.14,13.04,13.1,134048
2016-02-08,12.87,13.9,12.18,13.68,267705
2016-02-09,13.54,13.69,12.03,13.12,132102
2016-02-10,13.06,13.65,12.62,13.12,101869
2016-02-11,12.83,13.08,12.49,12.75,92940
2016-02-12,12.89,13.0,12.51,12.74,96334
2016-02-16,12.88,13.32,12.56,13.16,86636
2016-02-17,13.16,13.3,12.9,13.03,99826
2016-02-18,13.05,13.2,12.41,12.51,89749
2016-02-19,12.5,13.12,12.3,12.8,96407
2016-02-22,13.1,13.1,12.47,12.5,123133
2016-02-23,12.4,12.97,12.36,12.75,64555
2016-02-24,12.75,13.35,12.67,13.32,83814
2016-02-25,13.88,16.02,13.83,15.11,279047
2016-02-26,15.46,15.75,14.41,14.68,135284
2016-02-29,14.58,14.86,14.51,14.73,111354
2016-03-01,14.76,14.87,14.24,14.42,137112
2016-03-02,14.46,14.68,14.25,14.47,77109
2016-03-03,14.56,14.87,14.31,14.79,89811
2016-03-04,14.72,14.72,14.26,14.45,58262
2016-03-07,14.44,14.9,14.38,14.62,72451
2016-03-08,14.66,14.86,14.46,14.55,76482
2016-03-09,14.56,14.79,14.55,14.73,84805
2016-03-10,14.79,14.86,14.37,14.48,79091
2016-03-11,14.68,15.31,14.68,15.23,142621
2016-03-14,15.24,15.3,14.69,14.79,66418
2016-03-15,14.66,14.75,14.45,14.5,64733
2016-03-16,14.5,14.82,14.38,14.48,69874
2016-03-17,14.48,14.5,13.24,13.32,167612
2016-03-18,13.4,13.73,13.01,13.37,181118
2016-03-21,13.39,13.65,13.27,13.48,90673
2016-03-22,13.49,13.84,13.39,13.63,57886
2016-03-23,13.66,13.75,13.24,13.26,112044
2016-03-24,13.24,13.38,13.06,13.35,123137
2016-03-28,13.55,14.14,13.37,14.07,121589
2016-03-29,14.09,14.95,14.09,14.86,101763
2016-03-30,15.0,15.46,14.87,15.4,133636
2016-03-31,15.36,15.6,15.32,15.52,93589
2016-04-01,15.5,15.7,15.26,15.67,92608
2016-04-04,15.78,16.17,15.71,15.87,126393
2016-04-05,15.71,15.88,14.89,14.89,108488
2016-04-06,14.88,15.38,14.88,15.33,51917
2016-04-07,15.2,15.2,15.0,15.13,49112
2016-04-08,15.31,15.58,15.15,15.48,113921
2016-04-11,15.73,15.79,15.28,15.36,97859
2016-04-12,15.35,15.49,15.14,15.43,49234
2016-04-13,15.53,15.64,15.31,15.61,37846
2016-04-14,15.54,15.82,15.54,15.59,42517
2016-04-15,15.51,15.98,15.51,15.91,46808
2016-04-18,15.91,16.37,15.82,16.08,95813
2016-04-19,16.19,16.48,16.01,16.26,150483
2016-04-20,16.2,16.37,16.14,16.26,81431
2016-04-21,16.26,16.58,16.14,16.36,195994
2016-04-22,16.4,16.84,16.36,16.66,59398
2016-04-25,16.7,16.75,16.13,16.51,74888
2016-04-26,16.58,16.83,16.28,16.66,65890
2016-04-27,16.64,16.72,16.35,16.56,97504
2016-04-28,16.54,16.78,16.49,16.67,76773
2016-04-29,16.52,16.7,16.37,16.58,47171
2016-05-02,16.7,16.82,16.28,16.72,124731
2016-05-03,16.7,16.87,15.14,16.34,237289
2016-05-04,16.21,16.35,15.92,16.09,59010
2016-05-05,16.06,16.3,15.96,16.17,207789
2016-05-06,16.16,16.17,15.8,15.95,71418
2016-05-09,15.86,16.36,15.85,15.87,89228
2016-05-10,16.01,16.04,15.68,15.86,51277
2016-05-11,15.89,15.9,15.57,15.6,44757
2016-05-12,15.61,15.68,15.22,15.5,104874
2016-05-13,15.43,15.66,15.29,15.46,55624
2016-05-16,15.46,15.62,15.41,15.46,72579
2016-05-17,15.4,15.4,14.74,14.9,108044
2016-05-18,14.92,15.0,14.72,14.94,58182
2016-05-19,14.9,14.93,14.43,14.89,59932
2016-05-20,14.95,15.08,14.86,14.99,41526
2016-05-23,15.0,15.18,14.93,14.98,50732
2016-05-24,15.14,15.41,15.14,15.31,53977
2016-05-25,15.29,15.3,14.91,14.94,57609
2016-05-26,14.96,15.0,13.75,13.93,132265
2016-05-27,13.94,14.72,13.85,14.69,57537
2016-05-31,14.67,14.79,13.84,13.97,105184
2016-06-01,13.91,14.52,13.91,14.49,160916
2016-06-02,14.57,14.85,14.52,14.76,105785
2016-06-03,14.76,15.03,14.65,14.87,132676
2016-06-06,14.9,15.09,14.8,14.9,54806
2016-06-07,14.85,15.11,14.75,14.91,68766
2016-06-08,14.84,15.14,14.81,14.94,46885
2016-06-09,14.88,15.13,14.88,15.09,34534
2016-06-10,14.9,15.19,14.8,15.03,55255
2016-06-13,15.08,15.23,14.58,14.67,60231
2016-06-14,14.61,14.9,14.61,14.83,37297
2016-06-15,14.8,14.94,14.51,14.66,58731
2016-06-16,14.6,14.82,14.11,14.39,81503
2016-06-17,14.44,14.44,14.06,14.15,111846
2016-06-20,14.36,14.99,14.29,14.83,66235
2016-06-21,14.87,14.87,14.43,14.54,42768
2016-06-22,14.57,14.89,14.44,14.69,47046
2016-06-23,14.83,15.03,14.74,14.82,33735
2016-06-24,14.09,14.53,14.05,14.42,444587
2016-06-27,14.34,14.44,13.77,13.89,55320
2016-06-28,14.05,14.39,13.91,14.01,86888
2016-06-29,14.17,14.34,13.89,13.92,91212
2016-06-30,13.9,14.28,13.86,14.27,102773
2016-07-01,14.27,14.39,13.77,13.84,119909
2016-07-05,13.88,13.88,13.61,13.7,153670
2016-07-06,13.6,13.87,13.6,13.77,96305
2016-07-07,13.78,13.8,13.52,13.56,83192
2016-07-08,13.61,13.81,13.61,13.7,129609
2016-07-11,13.69,13.89,13.6,13.64,148335
2016-07-12,13.75,14.24,13.75,14.2,130601
2016-07-13,14.29,14.55,14.14,14.25,64745
2016-07-14,14.43,14.43,13.79,13.83,69564
2016-07-15,13.95,14.11,13.95,14.03,68234
2016-07-18,14.04,14.08,13.81,13.98,50229
2016-07-19,14.0,14.11,13.86,13.91,54977
2016-07-20,14.08,14.34,13.88,14.28,55583
2016-07-21,14.33,14.46,14.32,14.35,51279
2016-07-22,14.41,14.64,14.23,14.41,43884
2016-07-25,14.35,14.49,14.06,14.13,36802
2016-07-26,14.09,14.43,14.04,14.41,53882
2016-07-27,14.46,14.7,14.44,14.63,61283
2016-07-28,16.03,17.1,15.87,16.59,335078
2016-07-29,16.5,17.41,16.38,17.2,154580
2016-08-01,17.22,18.14,17.09,17.89,307606
2016-08-02,17.86,17.86,17.13,17.39,138813
2016-08-03,17.55,17.8,17.35,17.59,144054
2016-08-04,17.76,17.85,17.4,17.4,70610
2016-08-05,17.43,17.55,17.1,17.47,73657
2016-08-08,17.5,17.64,17.14,17.22,61626
2016-08-09,17.27,17.83,17.26,17.82,107160
2016-08-10,17.69,17.69,17.25,17.51,78387
2016-08-11,17.53,17.85,17.23,17.29,149998
2016-08-12,17.27,17.37,17.14,17.28,57042
2016-08-15,17.38,17.58,17.27,17.39,81272
2016-08-16,17.31,17.52,17.31,17.35,57654
2016-08-17,17.32,17.5,17.22,17.36,132785
2016-08-18,17.31,17.5,17.24,17.34,122232
2016-08-19,17.26,17.37,16.95,17.33,100033
2016-08-22,17.28,17.71,17.07,17.34,182136
2016-08-23,17.35,17.5,17.23,17.4,85030
2016-08-24,17.5,17.55,16.97,17.07,81836
2016-08-25,17.09,17.33,16.86,17.26,127924
2016-08-26,17.27,17.59,16.8,17.49,175665
2016-08-29,17.64,18.37,17.5,18.04,245145
2016-08-30,17.93,18.85,17.93,18.46,198373
2016-08-31,18.37,18.54,18.21,18.38,135877
2016-09-01,18.32,18.32,17.63,17.76,146485
2016-09-02,17.7,18.46,17.7,18.35,135269
2016-09-06,18.56,21.12,18.56,20.8,720623
2016-09-07,20.8,20.94,20.18,20.9,299066
2016-09-08,20.93,20.93,20.33,20.67,162338
2016-09-09,20.44,20.57,20.25,20.3,188164
2016-09-12,20.4,21.17,20.3,21.12,175086
2016-09-13,21.14,21.2,20.38,20.39,98660
2016-09-14,20.38,20.88,20.18,20.32,136996
2016-09-15,20.25,21.2,20.25,20.94,105950
2016-09-16,20.97,21.13,20.68,21.09,169233
2016-09-19,21.17,22.25,21.17,21.72,217096
2016-09-20,22.0,22.5,21.59,21.78,234172
2016-09-21,21.96,22.05,21.5,21.62,172002
2016-09-22,21.74,21.9,20.41,20.58,347458
2016-09-23,20.45,20.57,20.04,20.19,188604
2016-09-26,20.18,20.75,19.74,20.37,188404
2016-09-27,20.26,20.5,20.04,20.36,105783
2016-09-28,20.36,20.46,19.9,20.07,115959
2016-09-29,20.0,20.02,19.34,19.63,145459
2016-09-30,19.62,19.88,19.44,19.84,173802
2016-10-03,19.67,19.89,19.2,19.86,103599
2016-10-04,19.81,19.96,19.69,19.84,81686
2016-10-05,19.9,20.19,19.8,19.86,111397
2016-10-06,19.8,19.97,19.52,19.86,118956
2016-10-07,19.94,20.14,19.58,19.9,117035
2016-10-10,20.06,20.49,19.99,20.35,157663
2016-10-11,20.48,20.48,19.36,19.45,105050
2016-10-12,19.46,20.11,19.19,19.84,116119
2016-10-13,19.85,19.85,19.47,19.58,69679
2016-10-14,19.77,19.88,19.35,19.39,79350
2016-10-17,19.47,19.58,19.18,19.21,65404
2016-10-18,19.45,19.8,19.45,19.62,98467
2016-10-19,19.6,19.6,19.3,19.52,90379
2016-10-20,19.5,19.77,19.42,19.56,64127
2016-10-21,19.61,20.22,19.17,19.87,213051
2016-10-24,20.07,20.25,19.76,19.94,89655
2016-10-25,19.87,19.87,19.21,19.29,116246
2016-10-26,19.12,19.12,18.55,18.95,148461
2016-10-27,20.3,21.77,19.7,21.11,411429
2016-10-28,21.12,22.33,20.81,21.58,245301
2016-10-31,21.91,21.91,20.81,20.94,151134
2016-11-01,21.23,21.23,20.48,20.63,123425
2016-11-02,20.77,20.79,20.02,20.49,122773
2016-11-03,20.5,20.81,20.38,20.56,100650
2016-11-04,20.78,21.25,20.58,20.62,124266
2016-11-07,21.43,21.96,21.04,21.89,195591
2016-11-08,21.74,21.85,21.34,21.77,144864
2016-11-09,21.27,23.59,20.53,23.43,408468
2016-11-10,23.9,24.14,22.83,23.3,330842
2016-11-11,23.55,24.36,22.99,23.81,232919
2016-11-14,23.81,24.33,22.93,23.09,153583
2016-11-15,22.68,23.12,21.81,23.0,226296
2016-11-16,23.12,24.04,23.12,23.92,168855
2016-11-17,24.1,24.99,23.76,24.61,212213
2016-11-18,24.77,24.89,24.18,24.67,158873
2016-11-21,24.77,24.77,23.56,24.42,167562
2016-11-22,24.42,24.87,23.1,23.9,133400
2016-11-23,23.9,24.39,23.49,24.24,151370
2016-11-25,24.24,24.44,23.72,24.09,76470
2016-11-28,24.0,24.36,23.4,23.48,90829
2016-11-29,23.59,23.76,23.15,23.22,97874
2016-11-30,23.22,23.68,22.58,22.67,133381
2016-12-01,22.66,22.89,21.82,22.32,206754
2016-12-02,22.1,22.7,22.06,22.42,117129
2016-12-05,22.55,23.29,22.5,23.22,127525
2016-12-06,23.37,23.97,22.82,23.19,67440
2016-12-07,22.92,23.35,22.61,23.24,81188
2016-12-08,23.15,23.87,23.0,23.85,123939
2016-12-09,23.76,24.82,23.02,24.43,269652
2016-12-12,24.42,24.42,23.63,23.86,121439
2016-12-13,24.11,24.19,23.36,23.4,93964
2016-12-14,23.25,23.85,23.08,23.6,130714
2016-12-15,23.59,24.06,23.4,23.51,120675
2016-12-16,23.48,23.6,22.85,22.99,150125
2016-12-19,22.91,23.57,22.8,23.14,156790
2016-12-20,23.44,23.92,22.77,23.73,181158
2016-12-21,23.79,23.79,23.1,23.27,67753
2016-12-22,23.3,25.19,23.3,24.29,189440
2016-12-23,24.11,24.57,24.0,24.3,52136
2016-12-27,24.25,24.61,24.22,24.28,50839
2016-12-28,24.31,25.3,24.25,25.12,149972
2016-12-29,25.29,25.52,25.03,25.46,133139
2016-12-30,25.47,25.87,25.16,25.34,96462
2017-01-03,25.61,25.61,24.71,25.23,150299
2017-01-04,25.3,25.5,25.02,25.2,99506
2017-01-05,25.1,25.43,24.67,25.09,110445
2017-01-06,25.0,25.47,24.84,25.15,82645
2017-01-09,25.26,25.52,25.05,25.27,76063
2017-01-10,25.33,26.9,25.33,26.59,215661
2017-01-11,26.8,27.04,24.83,25.27,242402
2017-01-12,24.94,24.94,23.59,24.72,219046
2017-01-13,24.91,25.57,24.66,24.7,85751
2017-01-17,24.06,24.16,23.78,23.85,123420
2017-01-18,23.76,24.16,23.5,23.71,76459
2017-01-19,23.71,23.71,22.91,23.08,102238
2017-01-20,22.99,23.55,22.86,23.34,102437
2017-01-23,23.34,23.56,23.04,23.26,58725
2017-01-24,23.28,23.4,22.72,23.32,78357
2017-01-25,23.47,23.88,23.32,23.43,105188
2017-01-26,23.28,23.44,23.03,23.14,68102
2017-01-27,23.07,23.65,23.07,23.42,78539
2017-01-30,23.33,23.33,22.6,22.69,58268
2017-01-31,22.52,22.98,22.51,22.71,102448
2017-02-01,22.83,23.16,22.7,22.87,73390
2017-02-02,22.75,23.0,22.26,22.62,104603
2017-02-03,22.72,23.04,22.45,23.02,51307
2017-02-06,22.9,22.9,22.06,22.49,143711
2017-02-07,22.36,22.9,22.36,22.73,80009
2017-02-08,22.64,22.89,22.47,22.79,57239
2017-02-09,22.69,23.24,22.69,23.12,60951
2017-02-10,23.33,23.63,23.03,23.35,58504
2017-02-13,23.44,23.8,23.35,23.6,94243
2017-02-14,23.6,23.93,23.5,23.68,56259
2017-02-15,23.56,23.78,23.38,23.53,47779
2017-02-16,23.57,23.57,23.07,23.19,48915
2017-02-17,23.24,24.0,23.2,23.8,83929
2017-02-21,23.82,24.9,23.77,24.59,166319
2017-02-22,21.13,22.61,19.82,22.16,833117
2017-02-23,21.91,22.39,21.36,21.9,259334
2017-02-24,21.75,22.5,21.52,22.17,250781
2017-02-27,22.17,22.99,22.15,22.32,168829
2017-02-28,22.34,22.64,22.08,22.14,182593
2017-03-01,22.22,22.99,22.22,22.43,126404
2017-03-02,22.42,22.45,22.08,22.12,125219
2017-03-03,22.12,22.3,21.87,22.26,96166
2017-03-06,22.19,22.64,22.01,22.51,85409
2017-03-07,22.34,22.53,22.01,22.14,115121
2017-03-08,22.15,22.39,22.06,22.19,96808
2017-03-09,22.2,22.51,22.2,22.27,41422
2017-03-10,22.49,22.86,22.2,22.53,85255
2017-03-13,22.5,22.68,22.27,22.33,230863
2017-03-14,22.16,22.93,22.16,22.86,216208
2017-03-15,23.0,24.7,23.0,24.08,365948
2017-03-16,24.24,24.31,23.62,23.73,93431
2017-03-17,23.64,24.44,23.54,24.2,127621
2017-03-20,24.11,24.13,23.75,24.0,65936
2017-03-21,24.53,24.83,23.81,23.96,143584
2017-03-22,23.95,24.18,23.75,24.01,91429
2017-03-23,24.0,24.17,23.92,24.11,65330
2017-03-24,24.06,24.28,22.95,23.95,66778
2017-03-27,23.65,24.14,23.65,23.94,100875
2017-03-28,23.84,24.08,23.43,23.99,186972
2017-03-29,23.8,24.16,23.54,23.96,129741
2017-03-30,23.94,24.38,23.94,24.26,75500
2017-03-31,24.33,25.0,24.19,24.63,93964
2017-04-03,24.64,24.9,24.37,24.86,102257
2017-04-04,24.79,24.97,24.46,24.54,78877
2017-04-05,24.68,24.9,24.05,24.16,95065
2017-04-06,24.12,24.48,23.87,24.47,79726
2017-04-07,24.39,24.91,24.25,24.91,95791
2017-04-10,24.87,25.1,24.55,24.88,165537
2017-04-11,24.79,25.29,24.79,25.08,105705
2017-04-12,25.07,25.14,24.57,25.01,71446
2017-04-13,24.9,25.21,24.8,25.05,63592
2017-04-17,25.12,25.37,24.97,25.19,44640
2017-04-18,25.1,25.26,24.89,25.16,49488
2017-04-19,25.16,25.36,24.95,25.08,140717
2017-04-20,25.07,25.49,24.95,25.37,94786
2017-04-21,25.35,25.35,25.05,25.14,93038
2017-04-24,25.39,25.65,25.35,25.46,76237
2017-04-25,25.66,26.48,25.54,25.63,127183
2017-04-26,25.72,26.54,25.72,26.38,79026
2017-04-27,26.57,31.97,26.55,31.86,572284
2017-04-28,31.88,31.9,29.55,29.75,190663
2017-05-01,29.97,30.62,29.69,30.38,153937
2017-05-02,32.88,33.22,32.37,32.57,2960289
2017-05-03,32.49,32.81,30.33,30.42,416718
2017-05-04,30.6,31.72,30.4,31.63,163697
2017-05-05,31.61,32.43,30.85,32.01,217465
2017-05-08,31.92,31.96,30.15,30.36,212844
2017-05-09,30.51,32.01,30.3,30.76,199571
2017-05-10,30.69,31.78,30.69,31.28,124475
2017-05-11,31.06,31.11,29.83,30.81,175409
2017-05-12,31.06,31.31,30.36,30.91,102277
2017-05-15,30.92,31.34,30.68,30.86,49581
2017-05-16,30.98,31.16,30.54,30.82,110406
2017-05-17,30.74,30.74,29.63,29.69,132261
2017-05-18,29.57,29.88,29.25,29.76,128045
2017-05-19,29.77,30.71,29.32,29.94,128864
2017-05-22,29.98,30.07,29.13,29.48,110292
2017-05-23,29.46,29.94,28.94,29.74,149147
2017-05-24,29.69,30.99,29.52,30.71,154575
2017-05-25,30.77,31.21,30.16,30.45,94005
2017-05-26,30.35,30.67,29.93,30.21,48428
2017-05-30,30.27,30.5,29.93,30.41,61966
2017-05-31,30.59,30.59,29.92,30.56,211185
2017-06-01,30.62,31.88,30.47,31.46,131375
2017-06-02,31.63,32.15,31.34,31.83,81003
2017-06-05,31.85,31.97,30.85,31.3,53819
2017-06-06,31.06,31.62,30.51,31.22,85814
2017-06-07,31.11,31.3,30.82,31.03,58499
2017-06-08,31.03,31.91,30.75,31.66,48587
2017-06-09,31.68,31.95,30.54,30.93,86429
2017-06-12,30.49,31.08,29.08,29.51,209078
2017-06-13,29.6,31.05,27.81,27.9,352681
2017-06-14,27.34,28.28,25.05,27.15,159560
2017-06-15,27.06,27.8,26.72,27.53,216877
2017-06-16,27.32,27.8,26.77,27.25,202235
2017-06-19,27.32,28.08,27.32,27.97,90829
2017-06-20,28.03,29.02,28.0,28.55,275910
2017-06-21,28.6,29.5,28.6,28.9,122271
2017-06-22,29.0,29.6,28.97,29.4,115015
2017-06-23,29.25,30.23,29.25,30.19,316928
2017-06-26,30.31,30.84,30.15,30.52,143878
2017-06-27,30.43,30.77,29.72,29.93,148818
2017-06-28,30.23,31.21,29.62,31.08,115491
2017-06-29,31.21,31.57,30.74,31.03,149637
2017-06-30,31.0,31.55,30.91,31.22,104135
2017-07-03,31.65,32.0,30.23,30.38,68707
2017-07-05,30.52,31.04,30.15,30.97,97678
2017-07-06,30.76,31.4,30.42,31.39,116473
2017-07-07,31.39,32.42,31.3,31.99,123731
2017-07-10,27.4,29.4,26.37,27.94,629538
2017-07-11,27.93,29.9,27.9,29.23,365368
2017-07-12,29.37,30.0,29.26,29.86,140433
2017-07-13,30.02,30.15,28.81,29.05,233324
2017-07-14,29.08,29.5,28.92,29.14,179169
2017-07-17,29.24,30.12,29.15,29.58,155790
2017-07-18,29.57,29.9,29.06,29.14,159233
2017-07-19,29.23,29.45,28.96,28.99,119891
2017-07-20,29.12,29.45,28.53,29.2,127136
2017-07-21,29.4,29.4,28.27,28.31,93038
2017-07-24,28.13,28.59,28.13,28.48,128121
2017-07-25,28.43,28.86,28.39,28.58,205994
2017-07-26,28.59,29.19,28.55,28.9,104786
2017-07-27,29.31,29.45,27.9,28.4,131902
2017-07-28,30.38,35.24,29.79,33.94,859710
2017-07-31,34.61,36.09,33.74,36.07,431459
2017-08-01,35.98,36.0,33.89,34.46,328587
