Date,Open,High,Low,Close,Volume
2012-10-26,25.5,27.68,25.35,27.2,14401301
2012-10-31,27.1,27.73,26.01,27.25,705112
2012-11-01,27.5,27.5,26.5,26.69,343689
2012-11-02,26.5,27.06,26.06,27.06,430657
2012-11-05,27.06,27.44,26.8,27.0,383832
2012-11-06,26.5,28.3,26.5,27.53,264638
2012-11-07,27.12,27.5,26.75,27.22,235399
2012-11-08,27.03,27.35,26.86,27.0,185287
2012-11-09,26.51,27.67,26.5,27.44,185793
2012-11-12,27.61,27.89,27.41,27.46,185166
2012-11-13,27.4,27.68,26.67,27.39,543656
2012-11-14,27.37,27.49,26.82,26.89,204266
2012-11-15,26.52,27.02,26.5,26.92,136368
2012-11-16,26.83,27.45,26.54,27.18,256701
2012-11-19,27.5,27.66,26.88,27.05,155516
2012-11-20,27.25,27.57,26.86,27.0,263157
2012-11-21,26.77,27.25,26.77,26.9,130003
2012-11-23,27.17,27.17,26.75,26.97,10985
2012-11-26,27.0,27.3,26.63,27.2,837763
2012-11-27,26.71,27.44,26.71,27.4,105563
2012-11-28,27.18,28.24,27.14,28.03,243770
2012-11-29,27.97,29.15,27.97,28.69,163050
2012-11-30,28.6,28.9,28.27,28.86,56607
2012-12-03,28.9,30.05,28.53,29.9,171721
2012-12-04,29.74,30.07,29.5,29.56,147350
2012-12-05,30.0,30.0,29.34,29.36,74834
2012-12-06,29.16,29.59,28.74,29.34,55997
2012-12-07,30.36,30.68,29.75,30.15,190953
2012-12-10,30.75,30.86,29.82,30.49,112275
2012-12-11,30.44,34.51,30.44,31.3,97967
2012-12-12,31.3,31.99,31.02,31.31,99210
2012-12-13,31.27,31.99,30.0,30.96,133056
2012-12-14,30.83,31.27,30.39,30.71,93766
2012-12-17,30.64,31.0,30.36,30.6,58505
2012-12-18,30.39,31.0,30.26,30.69,131128
2012-12-19,30.6,30.94,30.43,30.73,110831
2012-12-20,30.58,30.81,30.2,30.43,152040
2012-12-21,30.37,30.77,29.72,30.57,173474
2012-12-24,30.5,30.83,30.21,30.21,15526
2012-12-26,30.32,30.52,30.07,30.33,59222
2012-12-27,30.33,30.71,30.08,30.59,45719
2012-12-28,30.5,30.59,29.91,30.25,44991
2012-12-31,30.09,31.34,29.7,31.19,221880
2013-01-02,31.6,33.0,31.48,32.85,127336
2013-01-03,32.88,33.39,31.96,32.6,108787
2013-01-04,32.73,33.38,32.12,32.25,109959
2013-01-07,32.01,33.01,32.0,32.04,75223
2013-01-08,32.45,32.95,32.12,32.36,83637
2013-01-09,32.39,32.83,32.12,32.31,39078
2013-01-10,32.39,32.51,32.14,32.34,117942
2013-01-11,32.34,33.05,32.04,32.43,93060
2013-01-14,32.55,32.6,32.08,32.18,53117
2013-01-15,32.24,32.75,32.17,32.64,94311
2013-01-16,32.64,33.52,32.48,33.3,251899
2013-01-17,33.5,34.13,32.92,32.93,143891
2013-01-18,33.08,33.31,31.65,32.2,191173
2013-01-22,32.2,33.7,32.2,32.86,86146
2013-01-23,32.64,33.7,32.32,32.92,92610
2013-01-24,32.85,34.25,32.85,33.05,90514
2013-01-25,33.23,33.58,33.04,33.1,83087
2013-01-28,33.2,33.99,33.02,33.89,94750
2013-01-29,33.88,33.9,33.27,33.37,79397
2013-01-30,33.3,34.6,33.04,34.25,177181
2013-01-31,33.16,35.73,33.09,34.42,153641
2013-02-01,34.73,36.28,34.73,35.56,185364
2013-02-04,35.37,35.67,34.86,34.92,58498
2013-02-05,35.09,35.1,34.85,34.89,24953
2013-02-06,34.8,35.0,34.1,34.27,146373
2013-02-07,34.27,34.37,34.01,34.26,113406
2013-02-08,34.29,34.84,34.26,34.42,24506
2013-02-11,34.92,36.39,34.85,35.21,168657
2013-02-12,35.27,35.95,35.27,35.71,60131
2013-02-13,35.98,36.24,35.77,35.95,62738
2013-02-14,35.95,37.04,35.31,35.5,122193
2013-02-15,35.8,35.98,35.0,35.14,75764
2013-02-19,35.46,36.5,35.35,36.32,122559
2013-02-20,36.36,36.49,35.0,35.01,83542
2013-02-21,35.0,35.02,33.51,34.26,141846
2013-02-22,34.25,34.77,33.51,33.73,118636
2013-02-25,33.86,33.92,33.45,33.53,60975
2013-02-26,33.6,33.75,32.7,33.15,263776
2013-02-27,33.11,33.34,32.12,32.97,223215
2013-02-28,32.86,33.17,32.56,32.69,174295
2013-03-01,32.78,32.98,32.53,32.88,95210
2013-03-04,33.0,33.88,33.0,33.42,127585
2013-03-05,33.7,34.69,33.5,34.55,412677
2013-03-06,34.66,35.42,34.0,35.3,474007
2013-03-07,35.42,36.66,35.02,36.6,597350
2013-03-08,36.62,38.12,36.48,37.51,292432
2013-03-11,37.4,38.61,36.75,37.9,366375
2013-03-12,38.0,38.0,37.26,37.93,444760
2013-03-13,37.82,38.2,36.93,37.22,235239
2013-03-14,37.12,37.12,36.27,36.63,308015
2013-03-15,36.54,36.54,34.97,36.36,424598
2013-03-18,35.88,36.24,35.12,36.0,199392
2013-03-19,36.22,36.53,35.69,36.14,228517
2013-03-20,36.54,37.15,36.16,37.01,145559
2013-03-21,36.81,37.9,36.57,37.04,224800
2013-03-22,37.05,37.61,36.85,37.6,81393
2013-03-25,37.9,37.9,37.46,37.69,67595
2013-03-26,38.04,38.04,37.25,37.7,103814
2013-03-27,37.51,37.93,37.0,37.26,67468
2013-03-28,37.35,37.52,36.95,37.45,122970
2013-04-01,37.47,37.95,37.41,37.7,60512
2013-04-02,37.96,38.16,37.36,37.71,63576
2013-04-03,37.7,37.7,35.94,36.39,98800
2013-04-04,36.45,36.51,35.97,36.05,108650
2013-04-05,35.95,36.0,34.74,35.09,335709
2013-04-08,35.5,36.48,35.0,36.3,69743
2013-04-09,36.56,36.89,36.43,36.68,69965
2013-04-10,36.82,36.88,36.25,36.32,59561
2013-04-11,36.25,36.87,35.3,36.57,96227
2013-04-12,36.37,37.06,35.93,36.82,82843
2013-04-15,36.54,36.58,34.7,35.38,170570
2013-04-16,35.87,36.45,34.5,35.02,125323
2013-04-17,34.94,35.08,34.51,34.88,97011
2013-04-18,34.85,36.22,34.85,35.75,33894
2013-04-19,35.88,36.42,35.57,35.75,61635
2013-04-22,35.75,36.27,35.64,36.18,10033
2013-04-23,36.05,36.49,35.9,36.38,47825
2013-04-24,36.22,38.46,36.22,38.19,248097
2013-04-25,38.19,39.16,38.19,38.88,116651
2013-04-26,38.6,39.32,38.54,38.7,129798
2013-04-29,38.98,39.22,37.27,39.1,367492
2013-04-30,39.0,39.24,37.65,38.27,166018
2013-05-01,38.13,38.13,36.39,36.99,147898
2013-05-02,37.07,38.06,36.55,36.64,81961
2013-05-03,36.64,38.08,35.12,37.92,175485
2013-05-06,37.8,38.65,37.05,38.31,76973
2013-05-07,38.43,38.55,37.92,38.14,57179
2013-05-08,38.05,38.25,37.18,37.27,181796
2013-05-09,37.15,37.59,37.0,37.02,214468
2013-05-10,36.94,37.08,36.0,36.63,122870
2013-05-13,36.75,36.8,36.26,36.5,119301
2013-05-14,36.68,36.68,36.11,36.5,181845
2013-05-15,36.34,36.68,36.25,36.68,81941
2013-05-16,36.75,37.99,36.75,37.62,47463
2013-05-17,37.81,37.85,36.92,37.27,278452
2013-05-20,37.37,38.21,37.15,38.08,20914
2013-05-21,38.13,39.08,38.13,38.53,50543
2013-05-22,38.5,38.79,38.2,38.53,51853
2013-05-23,38.39,39.61,38.15,39.2,36547
2013-05-24,39.25,39.69,38.52,38.63,44080
2013-05-28,38.76,38.87,37.88,37.91,61459
2013-05-29,37.73,39.0,37.4,38.97,43767
2013-05-30,38.99,39.45,36.5,38.18,183289
2013-05-31,38.0,38.75,36.77,37.13,76953
2013-06-03,36.98,37.62,36.21,36.75,128950
2013-06-04,36.97,36.97,35.0,35.21,463249
2013-06-05,35.01,35.14,34.4,35.0,174805
2013-06-06,34.71,35.53,34.52,34.57,241941
2013-06-07,34.67,36.25,34.67,36.0,90337
2013-06-10,36.1,38.32,35.82,37.98,92469
2013-06-11,37.57,37.84,36.86,37.66,112896
2013-06-12,37.31,37.31,35.68,37.25,92979
2013-06-13,37.08,38.53,36.74,37.6,177544
2013-06-14,37.98,38.67,37.68,37.82,256483
2013-06-17,38.08,39.24,38.06,38.72,193020
2013-06-18,38.93,39.5,38.3,38.93,259965
2013-06-19,38.4,39.17,38.1,38.98,191591
2013-06-20,38.99,39.0,37.37,38.36,190439
2013-06-21,38.21,38.77,35.9,36.76,876605
2013-06-24,36.45,36.62,35.77,36.55,148271
2013-06-25,36.6,36.91,36.0,36.22,77711
2013-06-26,36.5,37.67,36.5,37.2,66321
2013-06-27,37.22,37.55,36.7,37.24,66424
2013-06-28,37.02,37.2,36.17,36.81,143625
2013-07-01,37.12,37.45,36.81,36.85,40635
2013-07-02,37.01,37.45,36.33,36.64,38170
2013-07-03,36.75,37.05,36.4,36.79,484064
2013-07-05,37.12,37.24,36.83,36.9,19483
2013-07-08,36.85,37.62,36.48,37.33,166487
2013-07-09,37.24,37.5,36.81,36.99,27908
2013-07-10,37.0,37.32,36.97,37.2,22800
2013-07-11,37.43,37.7,37.28,37.49,35077
2013-07-12,37.49,38.04,37.19,37.61,31877
2013-07-15,37.5,38.0,37.5,37.73,73554
2013-07-16,37.69,37.94,36.77,37.5,44346
2013-07-17,37.54,37.93,36.77,37.03,92797
2013-07-18,37.35,37.35,36.77,36.95,112827
2013-07-19,37.0,37.5,36.67,36.97,110410
2013-07-22,36.92,37.47,36.72,36.83,102903
2013-07-23,36.99,37.6,36.69,36.77,183599
2013-07-24,36.77,36.85,36.27,36.36,26407
2013-07-25,36.36,36.52,36.15,36.3,22192
2013-07-26,36.35,37.07,36.35,36.84,27465
2013-07-29,36.95,37.09,36.33,36.7,101138
2013-07-30,36.67,36.92,36.07,36.08,68194
2013-07-31,36.01,36.12,35.21,35.75,113235
2013-08-01,35.5,36.03,35.21,35.39,125738
2013-08-02,35.5,36.2,35.06,35.14,70704
2013-08-05,35.27,35.78,34.81,35.08,63999
2013-08-06,34.97,35.23,34.82,34.85,23770
2013-08-07,34.95,36.29,34.51,35.95,48114
2013-08-08,36.23,37.09,35.71,36.79,57641
2013-08-09,36.96,37.71,36.64,37.1,35502
2013-08-12,37.01,38.54,37.01,37.77,18124
2013-08-13,37.99,38.29,36.32,36.55,35673
2013-08-14,36.66,37.14,35.45,35.95,88378
2013-08-15,35.57,36.09,35.49,35.6,67560
2013-08-16,35.45,35.9,34.83,34.88,86113
2013-08-19,34.9,35.26,34.56,34.78,42897
2013-08-20,34.75,36.0,34.66,35.42,110936
2013-08-21,35.53,35.93,35.19,35.57,48849
2013-08-22,35.29,36.5,35.1,35.55,85617
2013-08-23,35.45,35.79,35.1,35.13,58489
2013-08-26,35.25,35.64,35.0,35.08,39068
2013-08-27,35.06,35.35,34.75,34.8,49593
2013-08-28,34.95,35.46,34.95,35.18,21224
2013-08-29,35.23,35.57,35.0,35.09,19119
2013-08-30,34.98,36.16,34.98,35.7,23784
2013-09-03,35.68,36.13,35.1,35.3,89013
2013-09-04,35.18,35.37,35.07,35.11,40196
2013-09-05,35.25,35.45,34.95,34.98,32164
2013-09-06,35.05,35.85,34.98,35.17,52802
2013-09-09,35.2,35.27,35.06,35.15,38949
2013-09-10,35.22,35.28,35.07,35.14,23085
2013-09-11,35.13,36.29,35.1,36.01,88102
2013-09-12,36.14,36.64,35.54,36.15,41683
2013-09-13,36.37,36.72,35.73,36.01,59247
2013-09-16,36.22,36.53,35.91,36.35,36035
2013-09-17,36.08,36.46,35.36,35.96,68424
2013-09-18,35.83,36.03,35.53,35.81,61601
2013-09-19,36.06,37.06,35.65,36.5,72394
2013-09-20,36.71,36.84,36.06,36.2,61659
2013-09-23,36.23,36.62,35.87,36.02,74174
2013-09-24,36.32,36.48,35.78,36.06,45994
2013-09-25,36.06,36.33,35.77,36.06,52126
2013-09-26,36.1,36.62,36.1,36.28,26540
2013-09-27,36.26,36.61,36.02,36.4,78968
2013-09-30,36.39,36.55,35.81,36.44,75195
2013-10-01,36.48,37.14,35.91,36.48,50877
2013-10-02,36.79,37.03,35.92,36.41,45915
2013-10-03,36.26,36.58,36.0,36.21,27622
2013-10-04,36.3,37.1,36.23,36.6,49009
2013-10-07,36.47,37.1,36.45,37.0,25226
2013-10-08,36.59,37.7,36.59,37.01,95413
2013-10-09,36.78,37.44,36.63,37.07,52717
2013-10-10,37.41,37.73,36.56,36.82,46139
2013-10-11,36.75,37.5,36.75,37.46,128700
2013-10-14,37.19,38.15,37.06,37.65,57435
2013-10-15,37.79,38.0,37.17,37.49,10365
2013-10-16,37.71,37.71,36.45,36.55,32146
2013-10-17,36.34,37.74,36.12,36.92,75686
2013-10-18,37.2,38.2,37.06,37.83,200167
2013-10-21,38.21,38.21,36.78,37.27,75552
2013-10-22,37.44,38.07,37.36,37.61,80949
2013-10-23,37.39,38.16,36.83,37.74,65536
2013-10-24,37.84,38.59,37.51,38.06,49252
2013-10-25,38.24,38.28,36.91,37.49,28338
2013-10-28,37.55,38.28,36.2,38.17,46355
2013-10-29,38.17,38.17,37.11,37.66,44618
2013-10-30,37.6,37.84,37.05,37.2,39408
2013-10-31,37.11,37.66,36.81,36.84,61100
2013-11-01,37.29,37.87,36.31,36.62,155464
2013-11-04,36.63,37.0,36.51,36.86,61054
2013-11-05,36.81,37.83,36.8,37.34,206451
2013-11-06,37.4,37.4,36.68,36.74,26660
2013-11-07,36.91,37.12,36.18,36.46,62837
2013-11-08,36.46,36.53,35.72,35.97,262540
2013-11-11,36.12,36.56,35.76,36.0,32531
2013-11-12,36.13,36.59,35.8,36.21,18356
2013-11-13,36.5,36.76,35.99,36.35,46641
2013-11-14,36.27,37.48,36.27,37.19,50168
2013-11-15,37.36,37.43,36.7,37.2,226187
2013-11-18,37.25,37.73,37.02,37.1,212282
2013-11-19,37.28,38.46,37.03,37.64,168330
2013-11-20,37.82,38.35,37.74,37.99,34999
2013-11-21,38.1,38.41,37.75,38.04,54149
2013-11-22,37.73,39.56,37.56,38.47,130326
2013-11-25,38.16,39.09,37.91,38.13,117745
2013-11-26,38.31,39.37,37.88,38.26,122182
2013-11-27,38.16,39.11,37.73,37.87,47497
2013-11-29,37.78,38.48,37.78,38.06,27251
2013-12-02,37.92,38.99,37.55,38.88,39371
2013-12-03,38.97,39.38,38.5,38.88,69953
2013-12-04,38.79,38.79,37.22,37.42,128657
2013-12-05,37.32,37.68,36.96,37.27,115117
2013-12-06,37.24,38.12,36.62,36.85,136716
2013-12-09,37.02,38.24,36.88,37.93,286711
2013-12-10,38.18,38.63,37.13,37.85,97083
2013-12-11,37.7,38.23,36.9,37.41,338350
2013-12-12,37.49,38.48,37.12,37.84,237841
2013-12-13,37.8,38.59,37.72,38.14,69491
2013-12-16,38.04,39.0,38.04,38.9,113528
2013-12-17,38.91,39.0,38.58,38.64,84559
2013-12-18,38.76,38.83,38.35,38.62,73539
2013-12-19,38.42,39.09,38.42,38.68,82117
2013-12-20,38.88,39.99,38.43,39.84,69644
2013-12-23,39.65,41.42,39.65,40.8,164255
2013-12-24,41.0,41.09,40.44,40.77,18532
2013-12-26,40.97,41.61,40.56,40.86,157299
2013-12-27,40.74,41.0,40.35,40.78,42787
2013-12-30,40.86,43.47,40.84,43.08,159233
2013-12-31,43.35,44.97,42.88,44.54,249356
2014-01-02,44.26,44.26,42.0,42.13,167897
2014-01-03,41.0,41.33,40.3,40.75,103654
2014-01-06,40.53,41.28,40.3,41.28,30122
2014-01-07,41.26,41.26,40.02,40.55,40088
2014-01-08,40.63,41.44,40.01,40.45,36006
2014-01-09,40.31,40.96,40.25,40.45,39446
2014-01-10,40.68,41.11,40.26,40.95,69181
2014-01-13,41.35,41.88,40.27,41.0,65290
2014-01-14,41.62,42.8,40.89,41.17,69015
2014-01-15,41.31,41.67,41.0,41.0,55944
2014-01-16,41.0,41.58,40.55,41.24,52616
2014-01-17,41.28,43.05,41.22,42.09,114680
2014-01-21,42.46,43.7,41.99,43.3,106467
2014-01-22,43.49,44.98,42.92,44.25,241536
2014-01-23,43.93,44.3,43.06,43.37,34748
2014-01-24,43.27,43.89,43.12,43.64,53067
2014-01-27,44.02,46.12,44.02,45.21,485139
2014-01-28,45.37,46.75,45.12,46.33,193246
2014-01-29,46.45,47.14,45.39,46.91,155054
2014-01-30,46.91,47.46,46.37,46.71,110937
2014-01-31,46.8,47.04,46.0,46.01,93620
2014-02-03,46.55,46.83,45.35,45.6,213809
2014-02-04,45.47,46.0,44.01,45.09,65713
2014-02-05,45.19,46.6,44.53,45.3,59513
2014-02-06,45.72,47.78,45.72,46.93,60316
2014-02-07,47.12,47.7,45.9,47.44,48181
2014-02-10,47.55,48.39,46.38,46.84,62027
2014-02-11,47.0,47.31,46.84,47.22,46847
2014-02-12,47.37,48.17,47.37,47.42,25889
2014-02-13,47.24,48.09,46.6,47.64,62957
2014-02-14,47.8,47.81,47.21,47.63,25339
2014-02-18,47.74,48.35,47.51,48.2,33520
2014-02-19,48.42,50.75,47.43,48.6,206183
2014-02-20,48.53,48.53,47.75,47.95,78703
2014-02-21,47.82,49.24,47.56,48.48,115286
2014-02-24,48.68,50.2,48.68,49.47,69105
2014-02-25,49.62,49.9,48.52,49.15,45593
2014-02-26,49.09,49.72,48.5,49.31,24392
2014-02-27,49.5,49.75,48.97,49.2,44487
2014-02-28,49.49,49.5,48.5,48.81,48905
2014-03-03,48.81,49.39,48.65,48.74,77094
2014-03-04,49.39,49.39,48.77,49.0,155594
2014-03-05,48.84,49.47,48.41,49.1,234160
2014-03-06,48.96,49.13,48.44,48.81,42905
2014-03-07,49.0,49.66,48.88,49.32,50445
2014-03-10,49.46,49.61,48.61,49.45,65404
2014-03-11,49.5,49.57,48.98,49.27,53351
2014-03-12,49.38,49.64,48.95,49.64,36433
2014-03-13,49.94,50.22,49.12,49.2,27444
2014-03-14,49.21,49.36,48.75,49.0,46669
2014-03-17,49.09,49.09,48.6,48.95,40106
2014-03-18,48.87,49.49,48.23,48.81,71461
2014-03-19,48.75,48.75,47.01,47.89,74358
2014-03-20,47.48,47.74,46.27,47.38,73733
2014-03-21,47.46,48.45,46.82,47.77,76399
2014-03-24,47.86,48.29,46.29,47.17,67927
2014-03-25,47.48,47.77,46.64,47.37,38127
2014-03-26,47.5,48.49,47.24,47.97,30340
2014-03-27,47.8,47.8,47.19,47.45,18422
2014-03-28,47.67,48.21,47.04,48.08,40714
2014-03-31,48.29,49.0,47.72,48.99,46734
2014-04-01,49.0,49.25,48.53,48.89,67035
2014-04-02,48.81,49.6,48.31,48.86,63649
2014-04-03,48.99,49.11,48.5,49.0,152860
2014-04-04,49.05,49.59,48.14,48.64,150504
2014-04-07,48.63,49.39,48.16,48.75,61302
2014-04-08,48.91,49.0,48.73,49.0,23551
2014-04-09,49.0,50.9,48.93,49.62,114150
2014-04-10,49.62,50.57,49.09,49.5,33232
2014-04-11,49.36,50.57,49.36,50.2,28827
2014-04-14,50.63,52.27,50.55,51.62,41124
2014-04-15,51.91,52.7,51.4,52.5,34213
2014-04-16,52.7,53.78,51.55,53.57,52477
2014-04-17,53.65,54.95,53.13,54.14,28083
2014-04-21,54.39,54.99,54.39,54.9,53234
2014-04-22,55.17,56.5,54.85,56.5,163370
2014-04-23,56.62,58.07,56.28,56.98,48643
2014-04-24,57.35,57.35,54.21,54.89,97343
2014-04-25,55.73,55.73,54.3,54.94,105688
2014-04-28,55.11,55.16,53.99,53.99,44178
2014-04-29,54.39,54.81,53.52,54.69,54312
2014-04-30,54.3,54.8,53.52,54.13,103489
2014-05-01,53.7,56.65,53.7,55.28,78213
2014-05-02,55.4,56.5,54.5,55.45,61264
2014-05-05,55.72,57.35,55.37,56.62,58283
2014-05-06,56.63,57.49,56.08,57.07,38342
2014-05-07,57.36,58.44,56.64,58.44,66376
2014-05-08,58.59,59.55,56.76,56.97,30512
2014-05-09,56.95,57.78,56.02,57.05,33476
2014-05-12,57.99,58.24,57.12,57.77,94695
2014-05-13,57.98,58.07,56.55,57.79,94873
2014-05-14,57.59,58.5,56.54,58.48,58033
2014-05-15,58.5,58.74,57.47,58.24,25352
2014-05-16,57.5,59.74,57.5,59.74,23539
2014-05-19,59.96,61.74,58.45,59.13,199549
2014-05-20,59.23,59.89,58.45,59.21,48502
2014-05-21,59.91,60.0,58.36,58.7,53310
2014-05-22,58.86,59.57,58.36,58.82,39456
2014-05-23,59.12,60.38,57.86,58.12,155228
2014-05-27,58.23,59.78,57.48,59.25,39885
2014-05-28,59.41,60.38,58.56,59.0,48487
2014-05-29,59.09,59.62,57.49,58.04,24370
2014-05-30,57.85,58.75,56.67,57.16,63829
2014-06-02,57.02,58.24,56.53,57.59,86792
2014-06-03,57.31,58.7,56.7,58.69,119994
2014-06-04,58.42,59.41,57.37,58.0,36562
2014-06-05,58.35,59.22,57.21,57.38,109866
2014-06-06,57.44,57.91,55.38,56.52,117604
2014-06-09,56.42,57.95,56.37,56.67,44538
2014-06-10,56.58,58.75,56.58,58.75,41001
2014-06-11,58.4,58.94,56.75,56.81,54386
2014-06-12,56.88,58.29,56.56,58.12,36867
2014-06-13,58.07,60.21,57.9,59.85,48457
2014-06-16,59.81,60.44,58.64,59.29,56291
2014-06-17,59.37,61.84,59.25,60.56,61154
2014-06-18,60.72,62.0,60.11,60.25,100242
2014-06-19,59.99,62.0,59.96,61.33,64602
2014-06-20,61.64,64.31,61.29,61.68,75096
2014-06-23,61.84,64.51,61.84,63.37,52268
2014-06-24,63.56,65.37,63.56,64.4,61218
2014-06-25,64.45,66.22,64.45,65.46,46715
2014-06-26,65.64,66.49,64.68,65.53,42908
2014-06-27,66.14,66.33,63.52,64.59,43888
2014-06-30,64.39,64.92,63.12,64.5,51690
2014-07-01,64.48,67.16,64.38,65.85,36726
2014-07-02,65.66,68.05,64.74,66.39,78463
2014-07-03,66.75,66.75,65.07,66.17,41262
2014-07-07,66.21,66.48,63.6,64.56,43110
2014-07-08,63.72,63.96,62.65,63.4,47607
2014-07-09,63.44,64.0,60.66,61.66,81161
2014-07-10,60.78,64.58,60.16,62.86,61415
2014-07-11,62.99,64.33,62.63,63.2,54749
2014-07-14,63.81,64.15,62.4,62.67,43527
2014-07-15,63.08,64.14,60.19,60.42,151691
2014-07-16,60.82,63.53,60.27,60.38,135635
2014-07-17,60.22,61.63,57.95,59.88,67363
2014-07-18,60.2,62.05,59.34,61.0,71134
2014-07-21,60.96,60.96,59.65,59.99,78703
2014-07-22,60.17,60.8,59.35,60.23,38100
2014-07-23,60.57,61.15,58.45,59.98,89118
2014-07-24,60.32,61.74,58.6,59.48,52068
2014-07-25,59.12,59.12,55.53,57.5,247695
2014-07-28,57.55,58.52,56.28,57.93,50728
2014-07-29,57.88,60.11,57.31,58.76,51949
2014-07-30,58.85,59.55,56.75,57.96,95773
2014-07-31,55.0,57.63,55.0,56.75,172046
2014-08-01,55.01,58.49,55.01,56.94,98806
2014-08-04,57.07,59.04,56.99,57.99,75181
2014-08-05,58.5,59.19,56.4,57.38,96432
2014-08-06,57.58,58.7,56.7,57.19,160719
2014-08-07,56.84,58.5,56.54,57.2,72474
2014-08-08,57.43,58.48,56.75,58.21,57946
2014-08-11,58.53,59.96,58.5,59.92,48106
2014-08-12,60.17,61.14,59.0,59.75,43593
2014-08-13,60.69,62.83,59.87,62.81,84673
2014-08-14,62.43,63.5,61.42,63.4,31254
2014-08-15,63.5,64.18,61.12,61.99,102924
2014-08-18,61.92,63.47,61.74,62.55,28697
2014-08-19,64.09,64.34,62.26,63.83,78527
2014-08-20,63.47,64.42,61.31,62.19,64542
2014-08-21,62.43,63.0,61.42,62.0,41589
2014-08-22,61.8,61.94,60.04,60.89,51820
2014-08-25,61.86,62.23,61.27,61.49,49150
2014-08-26,61.56,61.93,60.91,61.58,24487
2014-08-27,61.89,62.49,61.11,61.65,56638
2014-08-28,61.26,61.43,60.37,61.0,25956
2014-08-29,60.96,61.58,60.76,61.0,48100
2014-09-02,61.0,62.07,60.5,61.82,31157
2014-09-03,61.9,62.95,61.0,62.91,122284
2014-09-04,63.18,64.01,62.98,63.73,48150
2014-09-05,63.85,63.99,62.83,63.72,105305
2014-09-08,63.5,64.24,63.03,64.09,29619
2014-09-09,63.63,66.48,63.63,66.09,59824
2014-09-10,66.02,67.97,65.45,65.49,99326
2014-09-11,65.32,66.64,63.2,64.01,54536
2014-09-12,64.12,64.6,62.6,62.92,128993
2014-09-15,62.62,62.93,60.38,60.82,108033
2014-09-16,60.21,62.61,60.13,60.35,254160
2014-09-17,60.71,64.68,60.71,62.05,613938
2014-09-18,62.0,62.21,61.05,61.5,90013
2014-09-19,61.52,62.06,61.22,61.55,60929
2014-09-22,61.76,62.12,61.26,61.97,42481
2014-09-23,61.54,62.14,59.95,60.35,106485
2014-09-24,60.52,62.13,59.3,60.36,66866
2014-09-25,60.12,60.84,59.65,60.15,51073
2014-09-26,60.07,60.72,58.97,59.73,66824
2014-09-29,59.38,60.46,59.13,59.87,40930
2014-09-30,60.18,60.39,58.75,58.94,65011
2014-10-01,58.69,59.02,57.53,58.6,89676
2014-10-02,58.67,59.4,56.83,57.69,63424
2014-10-03,58.19,59.13,57.99,58.94,16727
2014-10-06,58.75,60.65,57.75,60.61,42720
2014-10-07,60.12,61.61,59.48,60.39,46847
2014-10-08,60.07,60.16,58.08,59.14,63127
2014-10-09,58.68,59.93,56.33,57.83,55506
2014-10-10,58.21,58.57,55.02,56.65,91141
2014-10-13,56.96,56.96,50.64,50.92,158938
2014-10-14,50.69,53.92,48.5,50.14,223426
2014-10-15,48.62,54.52,46.08,53.94,310395
2014-10-16,52.86,61.41,51.14,59.32,314453
2014-10-17,59.98,61.3,59.3,59.83,182968
2014-10-20,60.02,60.4,57.33,58.19,95870
2014-10-21,58.59,59.74,57.75,58.89,238986
2014-10-22,59.27,60.39,57.42,57.42,255613
2014-10-23,58.0,58.92,57.49,58.29,52886
2014-10-24,56.69,59.43,56.69,58.62,94920
2014-10-27,58.52,59.0,57.75,58.35,66350
2014-10-28,58.71,59.6,58.23,59.3,74531
2014-10-29,59.2,60.99,58.78,60.24,93387
2014-10-30,61.61,69.05,61.61,64.73,869828
2014-10-31,65.95,67.77,64.55,66.68,470550
2014-11-03,66.87,71.5,66.18,70.0,224952
2014-11-04,69.78,71.6,67.25,68.0,168049
2014-11-05,69.41,70.16,66.65,68.64,162155
2014-11-06,68.85,71.61,67.81,68.37,383579
2014-11-07,68.0,73.0,67.65,69.91,178769
2014-11-10,69.75,71.65,68.05,68.76,199388
2014-11-11,69.12,70.37,67.69,67.82,166028
2014-11-12,67.69,69.06,67.06,67.22,123266
2014-11-13,67.8,69.76,66.65,67.2,188399
2014-11-14,67.2,68.88,67.2,68.1,388672
2014-11-17,68.1,69.4,67.68,68.7,128004
2014-11-18,68.35,70.35,67.33,68.5,184064
2014-11-19,68.82,69.2,67.16,67.34,248635
2014-11-20,67.17,72.53,66.81,69.51,1097017
2014-11-21,69.71,70.19,67.75,68.11,341298
2014-11-24,68.27,69.7,67.12,67.39,136746
2014-11-25,68.0,69.91,67.26,69.87,150734
2014-11-26,70.06,70.29,69.12,70.04,152716
2014-11-28,69.56,69.89,66.02,66.41,84357
2014-12-01,65.99,66.36,62.46,65.78,279316
2014-12-02,65.66,70.81,65.66,69.46,522682
2014-12-03,66.77,69.25,66.57,68.39,3909053
2014-12-04,67.51,68.87,67.28,67.65,379158
2014-12-05,67.0,68.16,64.2,64.77,278287
2014-12-08,64.34,64.87,58.9,60.2,373200
2014-12-09,60.33,62.3,59.7,61.85,281750
2014-12-10,60.92,60.99,58.36,60.23,331334
2014-12-11,60.44,62.15,60.07,60.95,241576
2014-12-12,60.5,61.98,58.55,60.0,253325
2014-12-15,60.46,61.5,59.93,60.37,277250
2014-12-16,60.02,61.46,59.28,59.88,347185
2014-12-17,59.28,64.22,59.28,63.02,348646
2014-12-18,65.35,68.14,62.22,64.73,311236
2014-12-19,64.99,66.63,63.9,66.45,385450
2014-12-22,66.01,66.68,64.79,65.35,234809
2014-12-23,65.35,66.3,63.75,65.67,182539
2014-12-24,65.31,66.89,64.4,66.22,67815
2014-12-26,66.44,67.37,64.76,66.14,60345
2014-12-29,65.98,69.49,65.98,69.45,208946
2014-12-30,69.25,72.5,68.66,70.76,192306
2014-12-31,70.72,73.76,70.37,73.49,209224
2015-01-02,74.71,76.72,73.07,75.9,183119
2015-01-05,75.09,76.57,72.18,72.31,269192
2015-01-06,71.64,73.21,70.05,71.08,192220
2015-01-07,71.73,72.29,67.27,69.79,207942
2015-01-08,70.15,72.0,69.32,71.55,164586
2015-01-09,71.61,72.91,68.65,72.67,173622
2015-01-12,72.38,72.38,68.5,69.65,150639
2015-01-13,70.07,70.5,67.68,68.43,183709
2015-01-14,67.41,69.11,65.29,68.55,211198
2015-01-15,69.11,69.87,67.64,69.23,151099
2015-01-16,69.4,72.0,69.39,71.86,148827
2015-01-20,71.86,74.22,70.33,73.07,137472
2015-01-21,73.22,75.32,72.74,73.26,111275
2015-01-22,73.71,74.94,72.99,74.49,111511
2015-01-23,74.5,78.21,74.5,78.03,201981
2015-01-26,78.51,79.98,77.38,78.07,139853
2015-01-27,77.59,79.27,76.32,79.01,158596
2015-01-28,78.99,85.57,78.54,81.61,297612
2015-01-29,80.72,81.99,77.34,81.24,331643
2015-01-30,80.8,81.39,77.94,79.54,246427
2015-02-02,80.05,80.96,78.39,79.89,107295
2015-02-03,80.35,82.07,79.17,79.25,130490
2015-02-04,77.74,78.55,75.27,76.46,292408
2015-02-05,77.61,80.99,75.52,79.5,260542
2015-02-06,79.72,83.22,79.72,80.79,245731
2015-02-09,80.83,82.7,79.51,79.75,98031
2015-02-10,79.85,80.24,77.6,78.62,78347
2015-02-11,78.12,79.3,77.67,77.77,88896
2015-02-12,78.59,79.45,77.58,78.01,54817
2015-02-13,78.74,79.51,77.11,77.64,191057
2015-02-17,77.8,78.99,76.0,77.25,163445
2015-02-18,77.18,79.82,75.66,79.55,143443
2015-02-19,77.8,81.61,77.8,79.76,105630
2015-02-20,79.78,81.94,78.76,80.68,114959
2015-02-23,80.45,80.7,79.41,80.29,85812
2015-02-24,80.1,81.81,79.9,80.57,50326
2015-02-25,80.83,82.28,80.2,81.95,75335
2015-02-26,82.03,82.35,80.21,80.45,112654
2015-02-27,80.77,82.37,79.91,82.2,209581
2015-03-02,82.3,82.82,81.52,82.22,116382
2015-03-03,82.01,82.87,81.0,81.71,145156
2015-03-04,81.46,82.33,80.15,81.17,158983
2015-03-05,80.88,82.27,80.24,81.17,98628
2015-03-06,80.92,81.2,76.87,77.0,220689
2015-03-09,77.46,77.93,76.26,76.48,75742
2015-03-10,75.9,76.4,74.14,74.15,135656
2015-03-11,74.0,74.0,72.52,73.09,111966
2015-03-12,73.15,74.15,72.66,73.83,75614
2015-03-13,73.63,75.72,73.14,75.72,114354
2015-03-16,74.73,75.67,73.0,73.22,172168
2015-03-17,72.75,74.31,72.52,73.22,122055
2015-03-18,73.9,77.6,72.53,75.97,124429
2015-03-19,77.04,77.04,73.22,73.85,136183
2015-03-20,73.7,74.32,72.87,73.09,346217
2015-03-23,72.88,74.1,72.24,72.26,155553
2015-03-24,72.0,73.6,71.39,71.57,144578
2015-03-25,71.49,72.08,70.8,71.18,255567
2015-03-26,71.33,71.75,69.32,69.54,252962
2015-03-27,69.44,69.87,68.0,69.46,321893
2015-03-30,69.68,71.23,69.35,70.82,101322
2015-03-31,70.29,73.28,69.68,73.26,268975
2015-04-01,73.26,74.29,72.79,73.23,80790
2015-04-02,72.82,74.34,72.8,73.91,73593
2015-04-06,73.9,75.22,73.42,74.0,76690
2015-04-07,74.09,75.66,72.24,72.88,134026
2015-04-08,73.18,74.47,72.31,74.23,91557
2015-04-09,74.0,74.22,73.02,73.16,159714
2015-04-10,73.2,73.2,71.9,73.0,136256
2015-04-13,73.0,74.52,72.72,74.2,95905
2015-04-14,74.28,74.98,73.66,74.86,120579
2015-04-15,75.22,75.8,74.3,75.74,91065
2015-04-16,75.58,76.09,74.78,75.27,36176
2015-04-17,75.0,75.59,73.77,75.29,62312
2015-04-20,76.0,76.0,73.31,74.65,69762
2015-04-21,75.2,75.51,74.16,75.31,84876
2015-04-22,75.51,76.55,74.97,76.04,71777
2015-04-23,76.22,76.4,74.01,75.68,81750
2015-04-24,75.4,75.5,74.04,74.41,46737
2015-04-27,76.14,76.14,74.12,74.24,91774
2015-04-28,75.7,76.69,74.53,76.35,61749
2015-04-29,76.38,80.0,76.0,79.83,99197
2015-04-30,77.7,79.52,77.09,77.75,110086
2015-05-01,77.23,78.86,76.7,77.44,60200
2015-05-04,77.23,77.71,75.09,75.5,86953
2015-05-05,75.56,76.84,74.0,74.58,75981
2015-05-06,75.2,75.2,72.26,72.53,74623
2015-05-07,72.51,74.87,72.08,74.04,81189
2015-05-08,74.53,74.89,73.53,74.06,26581
2015-05-11,73.75,75.71,73.15,74.76,63194
2015-05-12,74.41,75.83,73.29,74.81,42151
2015-05-13,75.0,75.0,71.95,73.26,53925
2015-05-14,73.57,74.73,72.57,73.39,98317
2015-05-15,73.3,73.88,71.85,72.83,69942
2015-05-18,72.92,73.93,72.14,72.52,182525
2015-05-19,73.26,73.96,71.84,72.99,127023
2015-05-20,73.2,73.53,72.5,73.44,43704
2015-05-21,73.01,73.97,73.01,73.56,97367
2015-05-22,73.18,73.99,72.95,73.53,113642
2015-05-26,73.74,73.74,73.08,73.58,49838
2015-05-27,73.58,73.97,71.4,72.46,219162
2015-05-28,72.35,73.53,71.65,72.25,111111
2015-05-29,72.35,73.0,71.7,73.0,108672
2015-06-01,72.92,73.78,72.23,73.57,108891
2015-06-02,73.33,74.3,72.91,73.57,132753
2015-06-03,73.67,74.3,72.02,72.43,94588
2015-06-04,72.01,72.49,71.3,71.43,83053
2015-06-05,71.44,72.83,70.23,71.64,147096
2015-06-08,71.44,72.36,71.24,71.31,90940
2015-06-09,71.39,72.27,70.87,70.97,113048
2015-06-10,71.15,72.19,70.59,71.96,130025
2015-06-11,72.33,73.35,71.49,72.07,94932
2015-06-12,71.46,74.81,71.16,72.83,145786
2015-06-15,72.46,74.36,72.42,74.23,112134
2015-06-16,74.08,75.9,74.08,75.75,126101
2015-06-17,75.84,75.84,74.88,74.88,56076
2015-06-18,74.85,75.81,73.21,74.86,284653
2015-06-19,74.5,75.29,73.14,73.42,126101
2015-06-22,73.88,74.81,73.31,73.82,53433
2015-06-23,74.17,76.19,73.17,75.96,148971
2015-06-24,75.74,76.29,74.86,75.45,46911
2015-06-25,75.25,75.8,74.54,74.61,66265
2015-06-26,74.51,75.04,73.46,73.51,80559
2015-06-29,73.31,73.31,71.66,71.99,149250
2015-06-30,72.7,72.7,70.8,71.38,113632
2015-07-01,71.57,71.73,68.26,68.64,161206
2015-07-02,69.34,69.51,67.88,68.86,239593
2015-07-06,68.15,69.27,66.88,67.32,101801
2015-07-07,67.16,68.47,66.5,67.87,76933
2015-07-08,67.21,67.96,66.15,67.27,99490
2015-07-09,68.21,68.36,67.5,68.04,106801
2015-07-10,68.24,69.92,67.4,69.05,126553
2015-07-13,62.84,63.48,56.78,59.03,4255762
2015-07-14,59.51,63.9,58.81,61.02,4275637
2015-07-15,60.8,61.81,58.36,58.76,1182723
2015-07-16,58.52,58.75,56.91,57.18,1358613
2015-07-17,56.9,57.0,55.04,55.6,965120
2015-07-20,55.79,56.94,54.05,54.74,843743
2015-07-21,55.11,55.93,54.38,54.38,386455
2015-07-22,54.38,55.08,52.58,52.58,880783
2015-07-23,52.98,56.17,52.63,55.19,1113577
2015-07-24,55.25,56.32,54.95,56.1,608078
2015-07-27,55.77,56.02,55.13,55.4,158109
2015-07-28,55.53,56.3,55.34,56.04,390555
2015-07-29,56.04,57.04,55.53,56.56,364496
2015-07-30,56.1,56.75,55.15,56.0,285981
2015-07-31,55.39,57.0,55.39,55.69,415648
2015-08-03,55.7,56.13,54.94,55.89,377023
2015-08-04,55.9,56.68,54.02,54.16,200272
2015-08-05,54.89,55.09,49.0,49.41,929724
2015-08-06,49.44,49.44,45.66,47.49,941961
2015-08-07,47.27,47.27,45.76,46.2,472402
2015-08-10,46.2,47.69,45.31,47.02,478812
2015-08-11,46.75,46.92,45.33,46.46,371346
2015-08-12,46.48,48.18,45.55,47.87,426319
2015-08-13,47.47,47.98,46.95,47.53,234721
2015-08-14,47.53,48.21,46.62,47.75,143391
2015-08-17,47.91,50.0,47.91,49.51,215043
2015-08-18,49.23,50.74,49.23,50.17,308015
2015-08-19,50.2,51.77,50.2,51.34,646254
2015-08-20,51.34,51.66,50.71,51.23,443000
2015-08-21,51.0,51.38,49.65,50.79,508440
2015-08-24,49.0,50.11,47.3,48.31,438632
2015-08-25,49.9,49.9,47.69,48.0,319803
2015-08-26,48.44,48.44,46.53,48.25,474532
2015-08-27,48.5,50.88,48.5,49.63,318998
2015-08-28,49.73,51.1,49.52,49.99,308128
2015-08-31,50.08,51.33,48.15,49.62,220810
2015-09-01,49.17,49.5,47.05,47.35,386858
2015-09-02,47.55,47.89,46.08,47.38,320618
2015-09-03,47.75,48.56,47.0,47.56,209198
2015-09-04,47.45,48.6,46.98,47.28,138820
2015-09-08,47.77,47.93,46.18,46.7,157883
2015-09-09,46.4,46.74,45.93,45.95,164040
2015-09-10,46.34,46.4,45.23,45.34,338351
2015-09-11,45.79,45.79,44.3,44.56,472603
2015-09-14,44.61,45.04,44.25,44.67,317672
2015-09-15,45.02,45.52,43.11,43.4,1046898
2015-09-16,43.84,44.19,42.65,43.06,459037
2015-09-17,43.08,43.68,42.76,43.24,247979
2015-09-18,42.59,43.85,42.46,43.8,251872
2015-09-21,43.65,44.32,42.5,43.47,388662
2015-09-22,43.34,43.76,42.5,42.6,211542
2015-09-23,42.65,42.85,39.49,39.66,381040
2015-09-24,39.73,40.75,37.32,40.55,453352
2015-09-25,40.93,40.99,40.17,40.6,479329
2015-09-28,40.5,40.5,38.19,38.52,422127
2015-09-29,38.96,39.01,35.55,35.77,264678
2015-09-30,36.15,38.46,35.8,38.21,417949
2015-10-01,38.17,38.91,37.53,37.87,379407
2015-10-02,37.51,38.79,36.49,38.25,374540
2015-10-05,38.63,39.88,38.63,39.26,223900
2015-10-06,39.16,40.13,38.44,39.77,243981
2015-10-07,40.14,41.37,39.94,41.3,299641
2015-10-08,41.01,42.3,40.76,41.65,296987
2015-10-09,41.75,43.11,41.75,42.63,282488
2015-10-12,42.7,42.7,41.46,41.51,208997
2015-10-13,41.17,41.84,40.14,41.16,288821
2015-10-14,41.28,41.87,39.28,40.31,109535
2015-10-15,40.13,40.35,38.49,39.71,236584
2015-10-16,39.88,40.58,39.69,39.78,388551
2015-10-19,39.73,39.73,38.45,38.74,266562
2015-10-20,39.38,39.38,38.39,38.52,219071
2015-10-21,38.27,38.71,37.4,37.75,245334
2015-10-22,37.61,37.85,35.32,36.22,554239
2015-10-23,36.29,36.41,34.72,35.18,338494
2015-10-26,35.14,35.81,33.27,34.28,390146
2015-10-27,34.03,34.09,32.08,32.95,857198
2015-10-28,33.31,36.3,33.1,35.21,587246
2015-10-29,35.25,37.01,35.0,36.89,482664
2015-10-30,36.85,39.77,36.0,38.79,942366
2015-11-02,38.97,41.19,38.04,41.17,809375
2015-11-03,41.04,43.87,40.76,42.8,578702
2015-11-04,43.85,45.63,43.71,44.65,1024194
2015-11-05,44.74,45.51,42.72,43.71,373622
2015-11-06,43.61,43.61,41.8,42.25,249456
2015-11-09,42.8,42.82,41.26,41.58,218089
2015-11-10,41.77,44.34,41.67,43.78,224620
2015-11-11,43.78,44.32,40.5,41.13,1073377
2015-11-12,41.01,41.69,39.97,40.53,755568
2015-11-13,40.93,40.98,39.87,40.18,504402
2015-11-16,40.0,41.98,40.0,41.78,546991
2015-11-17,41.36,42.1,38.0,41.5,1345531
2015-11-18,41.19,42.67,39.81,39.95,470312
2015-11-19,39.75,40.51,37.43,38.0,483341
2015-11-20,37.75,38.02,36.51,37.1,499758
2015-11-23,37.47,38.22,36.54,36.63,551041
2015-11-24,37.19,39.7,36.5,38.9,702921
2015-11-25,38.99,41.7,37.48,39.86,602554
2015-11-27,39.88,41.05,38.96,41.05,109369
2015-11-30,41.79,43.89,40.45,42.94,796075
2015-12-01,43.04,43.8,36.05,37.83,4377725
2015-12-02,37.0,37.04,34.86,36.46,15263016
2015-12-03,35.93,35.95,31.72,32.63,6013387
2015-12-04,32.14,32.92,30.51,30.83,6787823
2015-12-07,29.99,30.27,26.38,27.89,6655758
2015-12-08,27.09,31.62,26.51,30.81,4415937
2015-12-09,30.81,35.23,30.05,34.45,4588647
2015-12-10,33.81,35.16,32.79,32.9,3681932
2015-12-11,32.07,32.65,29.3,30.34,3594354
2015-12-14,30.03,30.37,28.58,28.64,3486351
2015-12-15,29.1,30.2,28.32,29.75,2895930
2015-12-16,29.57,32.74,29.36,32.14,3190952
2015-12-17,31.98,31.98,30.25,31.43,2393218
2015-12-18,31.35,33.66,30.99,33.24,7342316
2015-12-21,32.6,35.16,31.59,35.15,2400125
2015-12-22,34.93,37.53,34.45,36.76,3059003
2015-12-23,37.13,38.49,36.85,38.1,2231507
2015-12-24,37.58,38.18,36.73,37.11,1068506
2015-12-28,36.87,37.75,35.68,37.66,1447123
2015-12-29,37.76,38.47,37.07,37.6,1161741
2015-12-30,37.23,37.87,35.23,37.31,1487161
2015-12-31,36.77,40.41,36.41,39.33,2052708
2016-01-04,38.96,39.44,37.65,39.28,1200266
2016-01-05,38.86,39.46,38.09,39.04,1178136
2016-01-06,38.08,38.3,35.13,36.83,1723296
2016-01-07,35.49,36.99,34.36,34.42,1816085
2016-01-08,35.03,36.1,34.6,34.92,1406687
2016-01-11,34.52,35.01,31.36,32.72,2286634
2016-01-12,33.5,34.17,30.37,33.0,2673123
2016-01-13,32.91,33.83,29.0,30.34,2666380
2016-01-14,29.9,32.09,29.68,31.93,1526397
2016-01-15,30.84,31.24,28.87,29.51,2202293
2016-01-19,29.5,29.83,26.61,28.34,2777507
2016-01-20,27.06,27.06,23.92,25.45,3341358
2016-01-21,25.55,28.56,25.42,27.7,3053624
2016-01-22,29.08,30.74,28.56,29.79,2565803
2016-01-25,29.43,31.2,27.48,27.53,2453012
2016-01-26,28.0,29.3,27.08,28.99,2019570
2016-01-27,28.76,29.25,27.08,28.33,2806312
2016-01-28,29.99,31.02,29.25,29.39,1547781
2016-01-29,29.42,30.84,28.93,30.77,1537900
2016-02-01,30.15,30.65,28.67,30.27,2027981
2016-02-02,29.3,29.7,28.04,29.12,2003393
2016-02-03,26.01,26.5,20.41,21.86,8491793
2016-02-04,21.82,22.7,20.72,21.7,5144794
2016-02-05,21.29,21.52,17.55,20.17,5329182
2016-02-08,19.76,19.79,18.0,18.45,4065785
2016-02-09,18.32,18.32,16.93,18.05,3654603
2016-02-10,18.08,18.55,17.41,18.0,2216888
2016-02-11,17.18,18.71,16.47,16.53,3955317
2016-02-12,16.85,19.08,16.34,18.3,3121516
2016-02-16,18.62,21.39,18.57,20.94,3219818
2016-02-17,21.3,23.44,21.08,22.45,3436119
2016-02-18,22.5,23.12,21.49,22.94,2113010
2016-02-19,22.72,23.87,21.82,23.51,3718945
2016-02-22,24.48,25.47,24.12,25.38,3100270
2016-02-23,24.88,25.5,24.3,24.84,3145782
2016-02-24,23.62,26.15,23.38,26.04,2726588
2016-02-25,25.95,26.81,25.42,26.0,2266999
2016-02-26,26.29,27.37,25.19,25.58,2432853
2016-02-29,25.5,26.61,25.04,25.94,2278641
2016-03-01,26.15,26.75,25.32,26.53,2916080
2016-03-02,26.08,27.51,25.81,27.0,2833175
2016-03-03,27.3,27.55,26.4,26.75,3723228
2016-03-04,26.8,27.09,25.9,26.75,10139602
2016-03-07,26.7,27.45,26.12,26.7,11891509
2016-03-08,26.5,26.56,24.34,24.43,4441181
2016-03-09,25.05,25.56,24.61,25.44,3089433
2016-03-10,25.22,25.4,24.39,24.87,3606210
2016-03-11,25.24,26.89,25.07,26.21,2061383
2016-03-14,25.97,27.22,25.84,26.75,1252323
2016-03-15,26.77,28.26,26.77,27.76,1625364
2016-03-16,27.67,30.11,27.35,29.66,2540746
2016-03-17,29.97,30.87,29.65,29.7,1953004
2016-03-18,29.54,30.2,28.8,29.15,4198556
2016-03-21,29.15,29.4,27.54,28.34,1745032
2016-03-22,27.77,29.2,27.7,28.69,904704
2016-03-23,28.44,28.86,27.35,27.54,1092887
2016-03-24,26.84,28.67,26.17,27.81,919235
2016-03-28,27.83,28.09,26.55,26.64,947273
2016-03-29,26.45,26.97,25.98,26.65,1356790
2016-03-30,27.0,28.46,27.0,27.76,847076
2016-03-31,27.67,29.76,27.67,29.69,1022625
2016-04-01,28.45,28.98,27.8,28.37,1128056
2016-04-04,28.17,28.28,27.17,27.44,1287606
2016-04-05,27.0,27.69,26.75,27.14,925349
2016-04-06,27.43,28.49,27.19,27.91,895652
2016-04-07,27.85,28.81,27.55,28.54,1273872
2016-04-08,28.81,30.0,28.81,28.99,977640
2016-04-11,29.16,30.86,29.13,29.66,1021387
2016-04-12,29.76,31.12,29.7,30.5,1141819
2016-04-13,30.53,31.02,29.5,30.0,960875
2016-04-14,29.85,30.08,29.21,29.82,860484
2016-04-15,29.37,30.84,29.01,29.58,1461726
2016-04-18,28.77,31.59,28.68,30.99,1036518
2016-04-19,31.4,32.82,31.24,31.97,1376611
2016-04-20,31.95,32.64,31.15,32.17,1383334
2016-04-21,32.22,32.88,32.15,32.56,1513113
2016-04-22,32.59,33.17,32.36,33.08,1869512
2016-04-25,33.04,33.77,31.54,31.87,1046230
2016-04-26,32.14,32.14,31.24,31.44,1615079
2016-04-27,31.72,32.84,31.2,32.43,1383544
2016-04-28,32.4,33.08,31.8,32.16,1044858
2016-04-29,32.41,33.08,31.48,32.19,1097332
2016-05-02,32.29,32.46,31.43,32.07,883967
2016-05-03,31.34,31.55,30.21,30.85,1454188
2016-05-04,30.85,31.29,30.18,30.67,967237
2016-05-05,31.28,31.62,30.7,30.9,669815
2016-05-06,30.63,31.07,30.19,30.31,1105252
2016-05-09,30.28,30.33,29.33,30.0,1481356
2016-05-10,30.11,30.81,29.99,30.23,1021083
2016-05-11,30.21,31.45,29.35,31.1,1034437
2016-05-12,31.75,31.81,31.34,31.6,900725
2016-05-13,31.43,31.74,30.89,31.04,404448
2016-05-16,31.43,31.97,31.18,31.64,1033505
2016-05-17,31.49,32.0,31.3,31.67,1739555
2016-05-18,31.73,32.45,31.15,31.27,1098957
2016-05-19,31.15,32.31,30.52,31.71,859450
2016-05-20,31.91,33.67,31.55,33.17,1237699
2016-05-23,33.14,34.17,33.0,33.4,840670
2016-05-24,33.4,34.11,33.13,33.31,792938
2016-05-25,33.71,34.09,32.85,33.29,922003
2016-05-26,33.42,33.56,32.39,32.44,580274
2016-05-27,32.21,33.56,32.14,32.53,600684
2016-05-31,32.51,32.8,31.78,31.9,1521576
2016-06-01,31.47,33.41,31.46,33.32,996327
2016-06-02,32.96,33.54,32.79,33.22,1284532
2016-06-03,33.24,33.55,32.61,33.33,905336
2016-06-06,33.52,33.78,33.03,33.33,756116
2016-06-07,33.55,34.85,33.36,34.35,1397722
2016-06-08,34.78,34.92,33.66,34.08,1166497
2016-06-09,33.47,34.12,33.41,34.1,1110835
2016-06-10,33.42,33.89,32.77,33.01,2113110
2016-06-13,32.64,32.85,32.21,32.4,1557940
2016-06-14,32.4,32.5,31.27,31.84,2660993
2016-06-15,31.86,32.33,31.5,32.06,880920
2016-06-16,31.81,32.63,31.6,32.32,718459
2016-06-17,32.79,33.1,32.27,32.44,1598361
2016-06-20,32.98,33.94,32.67,33.34,788734
2016-06-21,33.25,33.97,33.18,33.59,666168
2016-06-22,33.89,34.43,33.08,33.18,1164468
2016-06-23,33.51,33.64,32.89,33.45,979393
2016-06-24,31.92,33.75,31.92,32.48,926053
2016-06-27,32.15,32.28,30.54,31.42,1815883
2016-06-28,32.42,32.85,31.22,32.62,844013
2016-06-29,32.99,34.23,32.7,33.67,987638
2016-06-30,33.62,34.0,33.11,33.63,834803
2016-07-01,33.38,33.83,32.83,32.89,891457
2016-07-05,32.09,32.63,31.35,32.02,1420270
2016-07-06,31.64,31.98,31.14,31.6,1907356
2016-07-07,31.91,33.0,31.66,32.55,1015248
2016-07-08,32.63,33.34,32.26,32.95,832956
2016-07-11,33.06,33.42,32.65,32.81,682619
2016-07-12,33.07,35.06,33.07,34.83,1199901
2016-07-13,34.76,35.12,33.0,33.35,956041
2016-07-14,33.69,34.39,33.39,34.15,625777
2016-07-15,34.32,34.58,33.11,33.32,569981
2016-07-18,33.01,33.5,32.77,33.0,821408
2016-07-19,33.04,33.24,32.73,33.0,401461
2016-07-20,32.45,33.46,32.45,33.08,1144205
2016-07-21,33.09,33.44,32.43,33.26,862174
2016-07-22,33.27,33.77,32.75,33.75,942579
2016-07-25,33.51,33.71,33.25,33.53,808472
2016-07-26,33.76,34.49,33.09,33.29,1012998
2016-07-27,33.45,33.92,32.73,32.78,2032954
2016-07-28,32.56,33.42,32.29,33.27,1299956
2016-07-29,32.5,32.83,31.87,32.45,1703688
2016-08-01,32.13,32.23,31.06,31.34,1646278
2016-08-02,31.41,31.85,30.36,31.32,1825966
2016-08-03,31.49,33.0,31.38,33.0,1833344
2016-08-04,32.94,33.29,32.12,33.27,1072482
2016-08-05,33.16,33.46,32.36,32.65,1035601
2016-08-08,32.73,33.25,32.52,33.0,1079747
2016-08-09,33.18,33.42,32.56,33.04,938814
2016-08-10,32.97,33.28,31.8,32.24,1367303
2016-08-11,32.54,32.82,32.0,32.45,807663
2016-08-12,32.94,33.13,32.43,32.8,855662
2016-08-15,33.11,33.53,32.96,33.02,1459141
2016-08-16,32.99,33.42,32.77,33.18,1245032
2016-08-17,33.39,33.58,32.88,32.99,805805
2016-08-18,32.95,33.59,32.95,33.58,889738
2016-08-19,33.54,34.06,32.68,33.55,1321542
2016-08-22,33.26,33.95,33.03,33.6,1182841
2016-08-23,33.71,33.94,33.34,33.38,847175
2016-08-24,33.25,33.93,33.09,33.48,833563
2016-08-25,33.59,33.67,33.08,33.58,762897
2016-08-26,33.63,34.28,33.27,33.47,409813
2016-08-29,33.38,33.93,33.23,33.55,397708
2016-08-30,33.55,34.0,33.12,33.68,942376
2016-08-31,33.41,33.67,32.59,33.13,1038549
2016-09-01,33.03,33.45,32.51,33.4,629699
2016-09-02,33.55,33.8,33.18,33.5,460804
2016-09-06,33.72,33.93,33.43,33.64,634762
2016-09-07,33.73,34.08,33.3,33.94,1011858
2016-09-08,34.25,34.36,33.88,34.22,1040999
2016-09-09,33.94,34.1,32.92,32.93,1085586
2016-09-12,32.66,33.08,32.45,32.75,1207859
2016-09-13,32.22,32.59,31.95,32.1,1536602
2016-09-14,31.96,32.49,31.64,31.9,1824119
2016-09-15,31.99,32.2,31.67,31.93,1716704
2016-09-16,31.6,32.36,31.6,32.31,1059853
2016-09-19,32.54,32.8,32.0,32.3,1062057
2016-09-20,32.22,32.33,31.74,31.85,766952
2016-09-21,32.15,32.74,32.02,32.7,670152
2016-09-22,32.99,33.31,32.74,33.03,873481
2016-09-23,32.72,33.41,32.72,32.86,989784
2016-09-26,33.04,33.67,32.65,32.81,779663
2016-09-27,32.48,32.73,32.0,32.32,604662
2016-09-28,32.64,33.17,32.03,33.06,1135058
2016-09-29,32.97,33.29,32.72,32.8,517779
2016-09-30,33.13,33.89,32.42,33.86,933581
2016-10-03,33.61,33.95,32.65,32.7,1068754
2016-10-04,32.66,32.67,31.86,32.09,916378
2016-10-05,32.39,32.6,32.05,32.26,1137454
2016-10-06,32.43,32.43,31.08,31.64,2087731
2016-10-07,31.8,31.99,31.37,31.49,1729381
2016-10-10,31.78,31.89,31.28,31.48,1465774
2016-10-11,31.26,31.42,30.62,31.15,1639504
2016-10-12,31.0,31.01,30.23,30.36,1141258
2016-10-13,30.38,30.59,30.14,30.31,900570
2016-10-14,30.42,30.77,30.09,30.68,1263122
2016-10-17,30.31,31.37,30.31,31.36,1312871
2016-10-18,31.53,31.77,31.28,31.3,761593
2016-10-19,31.6,32.0,31.47,31.76,3396272
2016-10-20,31.66,31.98,31.35,31.74,1299500
2016-10-21,31.79,31.92,31.25,31.72,699999
2016-10-24,31.69,32.74,31.69,32.49,1470431
2016-10-25,32.87,32.87,31.26,31.69,1395259
2016-10-26,31.29,31.99,30.67,31.92,2028685
2016-10-27,33.19,34.49,33.02,33.7,3078030
2016-10-28,33.8,33.89,33.25,33.51,1611412
2016-10-31,34.12,34.33,33.72,34.02,1997154
2016-11-01,34.02,35.32,34.02,34.5,2737710
2016-11-02,33.63,33.93,32.9,32.93,2400292
2016-11-03,33.04,33.14,31.81,31.95,1855716
2016-11-04,31.94,32.25,31.25,32.03,1639722
2016-11-07,32.33,32.58,32.1,32.3,1855592
2016-11-08,32.26,32.63,32.17,32.19,1029544
2016-11-09,31.94,33.49,31.86,32.8,2036287
2016-11-10,32.85,33.26,32.57,32.88,1546409
2016-11-11,32.15,32.69,31.75,32.24,1396172
2016-11-14,32.32,32.62,31.85,32.52,2246323
2016-11-15,32.84,33.23,32.36,32.49,1259086
2016-11-16,32.31,32.6,31.9,31.95,1137640
2016-11-17,32.26,32.83,32.11,32.65,1267249
2016-11-18,32.79,33.15,32.53,32.96,848023
2016-11-21,33.82,34.63,33.57,34.2,1667271
2016-11-22,34.16,34.31,32.93,33.5,1678752
2016-11-23,33.28,34.02,33.03,33.73,1163741
2016-11-25,33.65,33.82,33.3,33.6,239830
2016-11-28,33.67,33.67,32.46,32.57,1292698
2016-11-29,32.2,32.28,31.51,32.05,2057078
2016-11-30,33.19,33.45,32.37,32.85,1648339
2016-12-01,33.25,33.54,31.59,32.0,2870310
2016-12-02,32.02,32.28,31.61,32.0,1858289
2016-12-05,32.23,32.32,31.48,31.77,1036192
2016-12-06,31.63,31.88,31.06,31.7,1237780
2016-12-07,31.81,31.96,31.51,31.69,1362108
2016-12-08,32.24,32.58,31.88,32.35,3543338
2016-12-09,32.53,32.6,31.96,32.16,2040619
2016-12-12,32.6,32.96,32.36,32.52,2074550
2016-12-13,32.63,32.68,32.12,32.23,2011830
2016-12-14,31.77,32.41,31.75,31.87,2382921
2016-12-15,31.7,32.26,31.51,32.08,2969456
2016-12-16,32.14,32.69,32.05,32.48,9836437
2016-12-19,32.38,32.63,31.82,32.63,1681280
2016-12-20,32.7,33.05,32.6,32.85,1736058
2016-12-21,32.77,33.44,32.61,33.29,1315057
2016-12-22,33.3,33.76,33.27,33.55,761721
2016-12-23,33.45,33.99,33.45,33.77,530344
2016-12-27,33.7,34.05,33.57,33.77,716151
2016-12-28,33.75,34.25,33.48,33.54,890923
2016-12-29,33.4,34.06,33.17,34.03,917366
2016-12-30,33.97,34.64,33.86,34.62,1094364
2017-01-03,34.81,35.42,34.13,35.2,4346658
2017-01-04,35.5,36.2,35.35,35.47,2682514
2017-01-05,35.83,35.99,35.6,35.87,2765606
2017-01-06,36.07,36.27,35.77,35.86,1385568
2017-01-09,35.75,35.8,35.0,35.26,1253092
2017-01-10,35.83,35.95,35.26,35.34,901230
2017-01-11,35.52,35.91,35.36,35.74,662653
2017-01-12,36.01,36.16,35.36,35.73,402689
2017-01-13,35.61,36.29,35.55,35.74,947457
2017-01-17,36.02,36.34,35.85,36.11,1956131
2017-01-18,36.16,36.37,35.83,36.0,1353044
2017-01-19,36.0,36.24,35.66,35.72,1145696
2017-01-20,36.03,36.37,35.69,36.04,800475
2017-01-23,36.08,36.23,35.66,35.96,1232847
2017-01-24,36.12,37.11,36.12,36.56,1381863
2017-01-25,36.64,37.75,36.47,37.35,1167325
2017-01-26,37.76,38.28,37.38,38.25,1287446
2017-01-27,38.29,38.55,37.79,38.37,1263379
2017-01-30,38.31,38.31,37.1,37.4,856873
2017-01-31,37.52,37.85,37.06,37.85,813947
2017-02-01,37.76,38.41,37.45,37.8,1527987
2017-02-02,37.51,37.61,37.17,37.61,2076930
2017-02-03,37.56,38.0,37.56,37.98,1185394
2017-02-06,38.0,38.3,37.8,38.28,632084
2017-02-07,38.55,38.89,37.57,38.05,1130900
2017-02-08,38.0,38.55,37.39,38.19,1190938
2017-02-09,38.43,38.85,38.17,38.74,1162024
2017-02-10,39.05,39.22,38.59,38.6,1127152
2017-02-13,38.81,38.96,38.08,38.31,1030880
2017-02-14,38.51,39.04,38.02,38.81,929530
2017-02-15,38.81,38.85,38.35,38.76,708117
2017-02-16,39.25,39.43,37.92,38.01,924160
2017-02-17,37.83,38.36,37.32,38.24,852459
2017-02-21,38.7,39.15,38.43,38.86,1397659
2017-02-22,38.69,38.77,38.15,38.2,961157
2017-02-23,38.6,38.84,37.88,38.12,719712
2017-02-24,38.02,38.17,36.67,37.19,1117880
2017-02-27,37.18,37.39,36.96,37.27,948805
2017-02-28,37.33,37.96,37.03,37.21,1181710
2017-03-01,37.58,38.23,37.51,38.02,1630380
2017-03-02,38.0,38.42,37.9,38.0,988835
2017-03-03,38.15,38.27,37.8,37.95,672034
2017-03-06,37.93,38.17,37.51,37.9,700523
2017-03-07,37.91,38.07,37.32,37.42,873577
2017-03-08,37.21,37.82,36.6,36.68,893138
2017-03-09,36.34,36.75,35.59,35.94,1769056
2017-03-10,36.25,36.45,35.83,36.15,884489
2017-03-13,36.07,36.72,36.07,36.65,822213
2017-03-14,36.36,36.6,35.98,36.21,749723
2017-03-15,36.3,36.84,35.9,36.54,968708
2017-03-16,36.61,36.72,36.16,36.5,533000
2017-03-17,36.49,36.49,35.75,35.75,2159667
2017-03-20,35.61,35.81,35.21,35.62,1067739
2017-03-21,35.64,35.81,34.97,35.09,2622472
2017-03-22,34.96,35.24,34.85,35.06,1089565
2017-03-23,35.04,35.63,34.94,35.2,932185
2017-03-24,35.44,35.76,35.23,35.41,620034
2017-03-27,34.94,35.52,34.88,35.16,559502
2017-03-28,35.32,35.46,35.12,35.18,1137563
2017-03-29,35.14,36.11,35.13,35.84,523344
2017-03-30,35.92,36.12,35.44,35.65,465326
2017-03-31,35.66,36.09,35.42,36.08,787474
2017-04-03,36.09,36.45,36.0,36.44,807759
2017-04-04,36.58,37.43,36.27,37.28,1357119
2017-04-05,37.67,37.76,36.76,36.88,1122364
2017-04-06,37.07,37.74,36.86,37.73,1463277
2017-04-07,37.67,37.85,37.39,37.59,746658
2017-04-10,37.74,37.84,37.09,37.18,597144
2017-04-11,37.16,37.29,36.62,36.71,462684
2017-04-12,36.7,36.82,36.54,36.62,477484
2017-04-13,36.52,36.82,36.15,36.31,673903
2017-04-17,36.31,36.4,35.84,36.13,1069484
2017-04-18,36.07,36.6,35.89,36.6,671866
2017-04-19,36.63,36.93,36.01,36.29,714120
2017-04-20,36.43,36.43,35.88,36.08,653996
2017-04-21,36.0,36.08,35.39,35.5,1085546
2017-04-24,35.85,36.46,35.5,36.3,1719406
2017-04-25,36.25,37.02,36.25,36.65,2291561
2017-04-26,36.33,36.64,36.05,36.41,1412342
2017-04-27,36.86,37.25,35.31,35.51,3274936
2017-04-28,35.4,35.77,35.07,35.23,1400899
2017-05-01,35.29,35.54,35.09,35.34,762029
2017-05-02,35.35,35.9,35.22,35.54,1145484
2017-05-03,35.56,35.59,34.91,35.14,1097627
2017-05-04,34.41,34.64,33.1,33.33,1929982
2017-05-05,33.38,34.37,33.21,34.28,1583440
2017-05-08,34.36,34.93,34.2,34.75,1655505
2017-05-09,34.75,35.2,34.61,34.79,2480546
2017-05-10,35.0,35.49,34.85,35.27,853023
2017-05-11,35.37,35.38,34.94,35.23,1342539
2017-05-12,35.38,35.65,35.15,35.34,618275
2017-05-15,35.97,36.09,35.5,35.84,819706
2017-05-16,36.0,36.01,35.41,35.41,777099
2017-05-17,35.2,35.29,34.28,34.5,1146970
2017-05-18,34.23,34.91,34.05,34.56,4839130
2017-05-19,34.75,35.59,34.64,35.35,1021991
2017-05-22,35.64,35.7,35.23,35.52,1289680
2017-05-23,35.59,35.66,35.33,35.52,1587843
2017-05-24,35.55,35.65,34.96,35.13,1224944
2017-05-25,35.12,35.42,34.54,34.8,1103559
2017-05-26,34.82,34.89,33.94,34.05,1202129
2017-05-30,33.86,34.1,33.04,33.48,1351713
2017-05-31,33.6,33.97,32.91,33.05,2436980
2017-06-01,33.14,33.81,33.1,33.27,1716875
2017-06-02,33.14,33.44,32.83,33.03,1978378
2017-06-05,32.9,33.45,32.87,33.1,2581380
2017-06-06,33.12,33.53,33.12,33.31,1423511
2017-06-07,33.18,33.6,32.82,32.87,1937130
2017-06-08,32.77,33.08,32.61,32.88,2004690
2017-06-09,32.86,33.44,32.79,33.25,1251299
2017-06-12,33.44,33.67,32.95,33.0,3769191
2017-06-13,33.13,33.88,33.01,33.66,4102855
2017-06-14,33.71,33.84,33.06,33.18,2536832
2017-06-15,33.01,33.36,32.66,33.01,2087801
2017-06-16,33.42,33.57,32.99,33.11,2739125
2017-06-19,33.24,33.4,32.76,32.87,1407768
2017-06-20,32.56,32.6,31.55,31.76,1473586
2017-06-21,31.76,32.18,31.07,31.1,1503736
2017-06-22,31.1,31.28,30.95,31.12,1368088
2017-06-23,31.14,32.1,30.88,32.02,817590
2017-06-26,32.11,32.85,32.01,32.71,2378841
2017-06-27,32.74,33.09,32.23,32.23,1789964
2017-06-28,32.31,32.9,32.04,32.55,1387600
2017-06-29,32.64,33.28,32.53,32.66,1615107
2017-06-30,32.79,33.71,32.63,33.4,3189073
2017-07-03,33.5,34.25,33.45,34.24,738681
2017-07-05,34.16,34.41,33.68,33.8,5371084
2017-07-06,33.81,34.59,33.16,33.28,977728
2017-07-07,33.28,33.78,32.77,33.62,1541465
2017-07-10,33.59,33.97,33.37,33.44,2062216
2017-07-11,33.53,34.06,33.29,33.89,1183352
2017-07-12,34.25,34.72,34.19,34.47,1024061
2017-07-13,34.46,34.85,34.27,34.84,1007874
2017-07-14,34.88,35.7,34.87,35.7,860064
2017-07-17,35.53,35.79,35.41,35.71,2150526
2017-07-18,35.71,35.85,35.41,35.82,2020341
2017-07-19,35.92,36.22,35.66,36.17,2249716
2017-07-20,36.42,36.68,36.07,36.13,2312563
2017-07-21,36.18,36.32,35.63,35.84,1392683
2017-07-24,35.96,36.19,35.45,35.95,1955813
2017-07-25,36.19,36.35,35.76,36.25,1401656
2017-07-26,36.38,36.45,36.0,36.24,1077392
2017-07-27,36.8,36.8,36.12,36.2,846524
2017-07-28,36.26,36.43,35.91,35.97,953710
2017-07-31,,36.57,,36.35,1040815
2017-08-01,36.52,36.74,36.22,36.46,913946
