Date,Open,High,Low,Close,Volume
2015-11-19,13.5,14.89,12.63,14.74,26709996
2015-11-20,15.28,16.17,14.37,15.2,7202811
2015-11-23,15.96,15.98,14.06,14.37,3230374
2015-11-24,14.29,15.1,13.62,14.22,2253186
2015-11-25,14.05,14.64,14.05,14.41,1109916
2015-11-27,14.6,14.8,14.32,14.62,507185
2015-11-30,14.93,14.93,14.0,14.48,1492227
2015-12-01,14.53,14.53,13.9,14.23,913125
2015-12-02,14.02,14.2,14.0,14.1,457438
2015-12-03,13.99,14.12,13.0,13.05,1674764
2015-12-04,13.05,13.26,12.82,13.11,1414753
2015-12-07,13.39,13.48,13.0,13.25,663556
2015-12-08,13.0,13.4,13.0,13.38,629984
2015-12-09,13.3,13.84,13.14,13.55,715622
2015-12-10,13.93,14.0,13.45,13.92,1247018
2015-12-11,13.65,13.99,13.53,13.84,1020404
2015-12-14,13.52,13.87,13.38,13.63,1575370
2015-12-15,13.76,14.5,13.57,14.08,1208575
2015-12-16,14.5,14.74,14.2,14.68,1351642
2015-12-17,14.83,14.95,14.23,14.28,737646
2015-12-18,14.28,14.58,13.96,14.33,3261785
2015-12-21,14.42,14.45,13.48,13.9,851868
2015-12-22,13.59,14.18,13.56,13.91,388415
2015-12-23,14.16,14.16,13.64,14.03,636125
2015-12-24,13.97,14.3,13.72,14.09,346245
2015-12-28,14.19,14.37,13.55,13.73,655092
2015-12-29,13.94,13.97,13.5,13.77,772712
2015-12-30,13.81,13.89,13.54,13.6,736298
2015-12-31,13.67,13.74,13.52,13.55,411306
2016-01-04,13.43,13.49,13.04,13.36,1771013
2016-01-05,13.44,13.98,13.36,13.67,1307220
2016-01-06,13.6,14.25,13.58,13.92,1661583
2016-01-07,13.62,13.91,13.16,13.51,1210668
2016-01-08,13.55,13.85,13.55,13.59,512197
2016-01-11,13.6,14.13,13.49,13.73,597140
2016-01-12,13.84,14.14,13.25,13.56,844904
2016-01-13,13.78,13.83,13.0,13.3,966210
2016-01-14,13.49,13.6,12.75,13.06,1792287
2016-01-15,12.75,13.09,12.13,12.96,1589684
2016-01-19,13.0,13.33,12.11,12.51,1457834
2016-01-20,12.21,12.25,11.45,11.95,1525363
2016-01-21,12.06,12.2,11.64,11.94,600851
2016-01-22,12.46,12.46,11.88,12.22,1130506
2016-01-25,12.57,12.77,11.83,11.97,546374
2016-01-26,11.99,12.47,11.81,12.14,495785
2016-01-27,12.27,12.5,11.83,11.96,462224
2016-01-28,11.87,12.61,11.5,12.47,1065110
2016-01-29,12.28,12.69,12.11,12.55,934828
2016-02-01,12.11,12.95,12.03,12.79,1062579
2016-02-02,12.72,12.82,12.0,12.19,2003578
2016-02-03,9.98,10.82,9.17,10.66,6545149
2016-02-04,10.21,10.55,8.75,9.76,5495422
2016-02-05,9.78,9.99,9.29,9.3,1425901
2016-02-08,9.03,9.75,9.0,9.19,885935
2016-02-09,9.0,9.26,8.41,9.12,1865648
2016-02-10,9.1,9.47,8.84,9.4,636059
2016-02-11,9.21,9.95,9.05,9.7,1255085
2016-02-12,9.6,10.0,9.44,9.82,1044865
2016-02-16,10.11,10.5,9.85,10.19,1029744
2016-02-17,10.18,10.71,10.06,10.11,1216368
2016-02-18,10.18,10.77,9.93,10.44,964679
2016-02-19,10.42,10.62,10.17,10.5,682695
2016-02-22,10.49,10.73,10.38,10.47,801012
2016-02-23,10.26,10.69,10.26,10.35,759946
2016-02-24,10.49,10.65,10.12,10.58,558567
2016-02-25,10.63,10.75,10.51,10.64,374535
2016-02-26,10.65,10.7,10.5,10.61,407016
2016-02-29,10.74,11.07,10.56,10.89,1029909
2016-03-01,11.06,11.66,10.81,11.39,1073267
2016-03-02,11.63,11.97,11.39,11.74,923162
2016-03-03,11.81,12.3,11.72,11.97,1099689
2016-03-04,12.15,12.18,11.49,11.52,619971
2016-03-07,11.55,12.0,11.5,12.0,955001
2016-03-08,11.93,12.05,11.38,11.53,856429
2016-03-09,11.58,11.72,10.81,11.45,819651
2016-03-10,11.54,11.71,11.18,11.29,405385
2016-03-11,11.43,11.62,11.21,11.43,553366
2016-03-14,11.45,11.68,11.18,11.24,1053719
2016-03-15,11.14,11.31,10.74,11.16,640386
2016-03-16,11.12,11.38,10.92,11.34,646348
2016-03-17,11.33,11.48,11.01,11.2,1141595
2016-03-18,11.29,11.4,10.48,10.66,3545283
2016-03-21,10.69,10.92,10.54,10.9,745683
2016-03-22,10.82,11.07,10.57,10.94,557245
2016-03-23,10.9,11.0,10.56,10.72,445082
2016-03-24,10.76,11.15,10.64,11.03,906561
2016-03-28,11.13,11.18,10.75,10.87,546260
2016-03-29,10.82,10.93,10.58,10.86,413780
2016-03-30,11.0,11.22,10.81,10.93,736205
2016-03-31,10.94,11.38,10.81,11.06,675094
2016-04-01,11.02,11.64,10.84,11.58,1630245
2016-04-04,11.52,11.7,11.06,11.35,974077
2016-04-05,11.29,11.33,11.04,11.16,1292894
2016-04-06,11.2,11.44,11.08,11.39,809306
2016-04-07,11.35,11.38,10.91,10.97,958358
2016-04-08,11.03,11.18,10.4,10.44,765584
2016-04-11,10.48,10.58,10.11,10.24,833927
2016-04-12,10.29,10.4,10.06,10.3,854143
2016-04-13,10.43,10.65,10.23,10.62,530379
2016-04-14,10.64,10.88,10.49,10.84,523318
2016-04-15,10.85,11.6,10.77,11.34,2157127
2016-04-18,11.75,11.83,11.29,11.64,1056494
2016-04-19,11.85,11.85,11.37,11.48,768368
2016-04-20,11.68,11.97,11.5,11.74,1060527
2016-04-21,11.89,11.93,11.53,11.75,741707
2016-04-22,11.96,11.97,11.32,11.73,891758
2016-04-25,11.9,11.9,11.5,11.67,454043
2016-04-26,11.75,11.9,11.56,11.7,432855
2016-04-27,11.78,11.78,11.43,11.57,755985
2016-04-28,11.75,11.77,11.4,11.44,349397
2016-04-29,11.55,11.57,11.3,11.4,800137
2016-05-02,11.5,11.53,11.14,11.29,1649341
2016-05-03,11.52,11.52,10.72,11.16,1671356
2016-05-04,12.01,14.19,12.0,12.81,5665174
2016-05-05,12.99,13.58,12.4,12.88,991667
2016-05-06,13.0,13.41,12.5,12.55,866125
2016-05-09,12.74,13.43,12.7,13.19,1114791
2016-05-10,13.44,14.48,13.2,14.25,1224282
2016-05-11,14.5,14.66,14.0,14.54,829391
2016-05-12,14.9,15.4,14.5,14.55,1327410
2016-05-13,14.71,14.75,14.04,14.41,1181403
2016-05-16,14.84,14.87,14.25,14.3,810368
2016-05-17,14.64,14.77,14.3,14.49,537946
2016-05-18,14.49,14.58,13.63,13.81,884891
2016-05-19,13.75,13.96,13.07,13.44,868829
2016-05-20,13.65,13.94,13.33,13.94,826232
2016-05-23,13.9,14.19,13.74,14.05,1009026
2016-05-24,14.18,14.2,13.86,14.04,480034
2016-05-25,14.14,14.45,14.02,14.25,644097
2016-05-26,14.33,14.33,13.52,13.64,665977
2016-05-27,13.66,14.13,13.6,13.93,484283
2016-05-31,14.12,14.14,13.7,14.0,1326407
2016-06-01,14.0,14.1,13.31,13.45,687377
2016-06-02,13.51,13.72,13.15,13.54,886827
2016-06-03,13.53,13.58,13.15,13.21,1159517
2016-06-06,13.3,13.87,13.23,13.41,519273
2016-06-07,13.35,13.99,13.28,13.8,902183
2016-06-08,13.95,14.32,13.75,13.99,1745197
2016-06-09,14.0,14.8,13.87,14.71,1454786
2016-06-10,14.63,14.78,14.3,14.54,964448
2016-06-13,14.5,14.63,14.09,14.22,885110
2016-06-14,14.07,16.09,14.04,15.86,2555046
2016-06-15,15.86,16.1,15.32,15.48,1697473
2016-06-16,15.4,15.48,14.75,14.9,1773688
2016-06-17,14.92,15.09,14.5,14.8,1612860
2016-06-20,15.08,15.6,14.67,14.77,938611
2016-06-21,14.8,15.38,14.73,15.14,587309
2016-06-22,15.21,15.34,14.95,15.31,434345
2016-06-23,15.22,15.78,15.15,15.6,1371213
2016-06-24,14.91,15.23,14.45,14.6,1743916
2016-06-27,14.36,14.39,13.55,14.06,1223574
2016-06-28,14.28,14.55,13.92,14.16,620017
2016-06-29,14.7,14.72,14.26,14.57,411344
2016-06-30,14.53,15.11,14.33,15.08,623236
2016-07-01,15.12,15.74,15.04,15.54,973634
2016-07-05,15.57,15.6,14.73,14.99,615566
2016-07-06,15.27,15.29,14.75,15.11,599075
2016-07-07,14.83,14.91,14.28,14.81,1954098
2016-07-08,14.92,15.21,14.82,14.85,1179865
2016-07-11,15.05,15.19,14.96,15.01,467716
2016-07-12,15.13,16.34,15.1,15.69,2049943
2016-07-13,15.71,16.42,15.61,15.75,1215562
2016-07-14,15.74,15.87,15.35,15.73,525402
2016-07-15,15.84,16.34,15.74,16.19,1303600
2016-07-18,16.4,16.63,16.11,16.43,952244
2016-07-19,16.43,16.99,16.43,16.93,1326024
2016-07-20,17.0,17.0,16.19,16.36,1423216
2016-07-21,16.43,16.57,15.93,16.09,880335
2016-07-22,16.1,16.31,15.45,15.98,1083466
2016-07-25,15.96,16.19,15.82,16.03,595323
2016-07-26,15.96,16.71,15.95,16.64,1882560
2016-07-27,15.57,15.84,15.0,15.68,3839225
2016-07-28,16.18,16.22,15.04,15.07,2738056
2016-07-29,14.96,15.75,14.7,15.75,1808582
2016-08-01,15.75,16.37,15.6,16.0,1831246
2016-08-02,15.95,15.95,15.33,15.37,853494
2016-08-03,15.32,15.78,15.14,15.57,627387
2016-08-04,15.5,15.91,15.46,15.69,1079432
2016-08-05,15.73,16.05,15.7,15.91,741055
2016-08-08,15.98,16.47,15.91,16.25,1242878
2016-08-09,16.25,16.95,16.1,16.5,2030689
2016-08-10,16.56,16.88,16.42,16.84,2835921
2016-08-11,16.86,16.99,16.25,16.29,1392588
2016-08-12,16.33,16.41,15.91,16.02,2068068
2016-08-15,15.94,16.19,15.75,15.89,951501
2016-08-16,15.78,15.98,15.21,15.26,905958
2016-08-17,15.18,15.42,14.71,14.95,800368
2016-08-18,15.0,15.14,14.5,14.73,1307295
2016-08-19,14.7,15.98,14.32,15.89,2865058
2016-08-22,16.16,16.2,15.75,16.0,1202651
2016-08-23,16.1,16.13,15.72,15.8,654449
2016-08-24,15.91,15.98,15.6,15.67,591707
2016-08-25,15.74,15.84,15.63,15.67,393963
2016-08-26,15.72,15.92,14.88,15.1,1651251
2016-08-29,15.4,15.89,15.17,15.58,959043
2016-08-30,15.75,16.14,15.6,15.85,887224
2016-08-31,15.86,16.23,15.8,16.19,1062297
2016-09-01,16.24,16.25,15.82,15.88,552507
2016-09-02,15.88,16.13,15.77,16.04,575289
2016-09-06,16.22,16.78,16.12,16.18,1473610
2016-09-07,16.3,16.49,16.0,16.13,714059
2016-09-08,15.95,16.09,15.5,15.8,655013
2016-09-09,15.7,15.78,15.13,15.22,1255581
2016-09-12,15.06,15.63,15.05,15.56,696585
2016-09-13,15.52,15.55,15.12,15.49,474086
2016-09-14,15.47,15.75,15.39,15.61,364579
2016-09-15,15.61,15.9,15.55,15.67,687121
2016-09-16,15.72,15.93,15.51,15.79,837353
2016-09-19,16.17,16.17,15.61,15.77,763750
2016-09-20,15.91,16.04,15.74,15.96,649228
2016-09-21,16.33,16.74,16.0,16.64,1132336
2016-09-22,16.78,17.86,16.7,17.62,3075904
2016-09-23,17.79,18.13,17.44,17.59,1397013
2016-09-26,17.48,17.86,17.3,17.67,1586928
2016-09-27,17.77,18.04,17.34,17.69,2196450
2016-09-28,17.8,17.97,17.47,17.67,1472024
2016-09-29,17.75,18.2,17.66,17.76,1413061
2016-09-30,17.95,17.95,17.51,17.79,1239060
2016-10-03,17.8,18.0,17.45,17.69,674055
2016-10-04,17.68,17.85,17.13,17.24,1174222
2016-10-05,17.36,17.77,17.17,17.62,989296
2016-10-06,17.63,17.66,17.14,17.47,770615
2016-10-07,17.42,17.47,16.96,17.22,814008
2016-10-10,17.64,17.89,17.3,17.73,764388
2016-10-11,17.85,18.0,17.32,17.54,705867
2016-10-12,17.6,17.94,17.4,17.66,850312
2016-10-13,17.55,17.79,17.36,17.74,581376
2016-10-14,17.9,18.21,17.64,17.88,1081740
2016-10-17,18.08,18.08,17.74,17.95,768756
2016-10-18,18.34,18.87,18.11,18.64,1866356
2016-10-19,18.75,19.31,18.51,19.25,2272868
2016-10-20,19.28,19.48,18.68,19.22,913527
2016-10-21,19.02,19.64,18.98,19.4,1070574
2016-10-24,19.72,19.74,19.17,19.39,1034781
2016-10-25,19.5,19.55,18.94,19.12,1013646
2016-10-26,19.0,19.3,18.62,18.7,662307
2016-10-27,18.71,18.97,18.12,18.33,900155
2016-10-28,18.17,18.69,18.17,18.44,1120415
2016-10-31,18.44,18.58,17.9,18.06,940613
2016-11-01,18.15,18.25,17.7,17.86,1612049
2016-11-02,17.2,17.64,15.08,15.7,6314864
2016-11-03,15.65,15.97,15.24,15.26,2748158
2016-11-04,15.23,15.85,15.23,15.5,1442128
2016-11-07,16.09,16.88,16.06,16.7,1867325
2016-11-08,16.42,17.27,16.26,17.16,1117173
2016-11-09,16.13,17.62,16.02,17.4,1575941
2016-11-10,17.98,17.98,16.65,17.4,1141166
2016-11-11,17.37,18.04,17.17,17.95,1026491
2016-11-14,18.85,18.85,17.28,17.49,2044950
2016-11-15,17.92,17.99,17.11,17.16,1281730
2016-11-16,17.74,17.74,17.17,17.28,555767
2016-11-17,17.37,17.9,17.15,17.79,525995
2016-11-18,18.11,18.19,17.7,17.92,544403
2016-11-21,18.0,18.33,17.77,17.79,1036480
2016-11-22,17.81,18.13,17.76,17.98,727556
2016-11-23,17.86,18.04,17.72,17.97,437348
2016-11-25,17.92,18.06,17.5,17.55,568242
2016-11-28,17.64,17.97,17.52,17.95,596177
2016-11-29,17.89,18.97,17.73,18.81,2831428
2016-11-30,18.15,18.94,17.33,17.98,1937389
2016-12-01,17.9,18.05,16.71,16.95,1942081
2016-12-02,16.95,17.22,16.57,17.11,1254836
2016-12-05,17.25,17.87,17.15,17.56,1018688
2016-12-06,17.82,17.82,17.41,17.6,560373
2016-12-07,17.6,18.22,17.4,18.2,743382
2016-12-08,18.25,18.74,18.24,18.38,621359
2016-12-09,18.47,18.69,18.02,18.16,771725
2016-12-12,18.23,18.49,17.7,17.93,665230
2016-12-13,17.95,18.27,17.61,18.18,944871
2016-12-14,18.2,18.25,17.75,17.82,550299
2016-12-15,17.83,17.92,17.47,17.61,652770
2016-12-16,17.51,17.78,17.31,17.62,1190790
2016-12-19,17.5,18.14,17.39,17.77,779725
2016-12-20,17.77,18.0,17.66,17.71,591795
2016-12-21,17.61,17.74,17.1,17.53,576510
2016-12-22,17.47,17.55,17.28,17.37,1016276
2016-12-23,17.32,17.54,17.24,17.3,536014
2016-12-27,17.4,17.55,17.3,17.42,406190
2016-12-28,17.5,17.61,17.05,17.13,557969
2016-12-29,17.15,17.4,17.03,17.29,555806
2016-12-30,17.28,17.36,16.91,17.1,782458
2017-01-03,17.23,17.37,16.57,17.33,1032246
2017-01-04,17.35,17.46,17.18,17.29,1446284
2017-01-05,17.2,18.2,17.0,17.99,2805244
2017-01-06,18.01,18.13,17.55,18.03,1059938
2017-01-09,18.05,18.39,18.03,18.15,1129855
2017-01-10,18.19,18.33,17.97,18.28,683787
2017-01-11,18.24,18.32,18.02,18.24,526123
2017-01-12,18.22,18.32,17.58,18.06,664755
2017-01-13,18.17,18.29,18.1,18.2,426348
2017-01-17,18.14,18.2,17.86,17.89,1099072
2017-01-18,17.93,18.29,17.62,18.18,1106996
2017-01-19,18.16,18.64,18.06,18.46,1628403
2017-01-20,18.1,18.34,17.87,18.07,1102081
2017-01-23,17.97,18.45,17.96,18.23,1117573
2017-01-24,18.19,18.33,18.05,18.23,1055318
2017-01-25,18.23,18.31,18.07,18.26,1043688
2017-01-26,18.22,18.26,17.75,17.78,770642
2017-01-27,17.71,17.93,17.28,17.5,1165780
2017-01-30,17.35,17.5,16.78,17.46,1650680
2017-01-31,17.32,17.58,17.24,17.37,1811257
2017-02-01,16.49,17.0,16.1,16.52,4712954
2017-02-02,16.39,17.49,16.39,17.0,2982358
2017-02-03,17.1,17.64,17.0,17.5,1449325
2017-02-06,17.5,17.69,17.42,17.6,926721
2017-02-07,17.6,17.68,17.33,17.54,1602087
2017-02-08,17.51,17.9,17.3,17.88,1132675
2017-02-09,17.8,18.09,17.76,17.9,700469
2017-02-10,18.0,18.0,17.49,17.51,692441
2017-02-13,17.51,17.72,17.3,17.47,870355
2017-02-14,17.53,17.53,17.13,17.32,1356349
2017-02-15,17.32,17.55,17.13,17.26,831969
2017-02-16,17.25,17.28,16.92,17.04,789933
2017-02-17,17.0,17.16,16.77,17.16,804495
2017-02-21,17.15,17.39,16.93,17.05,697676
2017-02-22,16.97,17.15,16.92,17.09,615995
2017-02-23,17.15,17.15,16.65,16.79,1085739
2017-02-24,16.66,16.81,16.43,16.5,1932049
2017-02-27,16.39,16.52,16.27,16.4,1360851
2017-02-28,16.38,16.41,15.94,16.16,1646680
2017-03-01,16.31,16.57,16.21,16.43,1489247
2017-03-02,16.4,16.42,16.02,16.06,571664
2017-03-03,16.01,16.27,15.76,16.22,1214980
2017-03-06,16.06,16.38,15.82,16.31,1448024
2017-03-07,16.28,16.66,16.2,16.59,1313239
2017-03-08,16.6,16.82,16.55,16.62,651896
2017-03-09,16.63,16.79,16.49,16.72,607734
2017-03-10,16.78,16.94,16.71,16.78,781980
2017-03-13,16.82,16.97,16.6,16.75,768102
2017-03-14,16.75,16.75,16.36,16.53,584696
2017-03-15,16.6,16.84,16.49,16.75,759027
2017-03-16,16.79,16.88,16.52,16.55,641742
2017-03-17,16.55,16.59,16.31,16.35,703602
2017-03-20,16.4,16.46,16.1,16.24,793873
2017-03-21,16.24,16.45,16.01,16.08,1036424
2017-03-22,16.05,16.25,15.95,16.24,631783
2017-03-23,16.27,16.52,15.86,15.98,584312
2017-03-24,15.95,16.15,15.86,15.88,504308
2017-03-27,15.85,16.13,15.62,16.08,1351108
2017-03-28,16.05,16.05,15.42,15.7,2015761
2017-03-29,15.71,16.33,15.71,16.28,1500525
2017-03-30,16.27,16.59,16.06,16.45,2154562
2017-03-31,16.44,16.56,16.29,16.33,489358
2017-04-03,16.3,16.65,16.26,16.55,1401676
2017-04-04,16.61,16.7,16.39,16.61,1004079
2017-04-05,16.73,16.8,16.38,16.45,1256213
2017-04-06,16.4,16.65,16.3,16.63,702459
2017-04-07,16.61,17.0,16.54,16.72,1063532
2017-04-10,16.76,17.12,16.76,17.03,1267382
2017-04-11,17.05,17.23,16.91,17.23,998971
2017-04-12,17.18,17.5,17.15,17.4,1730511
2017-04-13,17.41,17.44,17.11,17.22,660696
2017-04-17,17.22,17.43,17.17,17.35,411926
2017-04-18,17.43,17.66,17.36,17.47,1324459
2017-04-19,17.59,18.18,17.52,18.01,1878498
2017-04-20,18.05,18.22,17.96,18.03,1016856
2017-04-21,18.0,18.22,17.94,18.17,1277652
2017-04-24,18.3,18.31,18.12,18.26,1084008
2017-04-25,18.25,18.63,18.25,18.47,1287108
2017-04-26,18.53,18.72,18.42,18.71,943318
2017-04-27,18.52,18.88,18.52,18.83,1056744
2017-04-28,18.89,18.97,18.35,18.63,2488748
2017-05-01,18.71,19.35,18.69,19.17,2130704
2017-05-02,19.2,19.83,18.64,19.13,4700644
2017-05-03,18.01,18.73,18.0,18.48,2886207
2017-05-04,18.54,19.24,18.14,19.17,3269172
2017-05-05,19.26,19.87,19.04,19.31,2944682
2017-05-08,19.31,19.4,19.0,19.02,1002949
2017-05-09,19.56,19.56,18.8,19.11,787540
2017-05-10,18.95,19.17,18.75,19.09,1960119
2017-05-11,19.01,20.0,19.0,19.98,2625459
2017-05-12,19.81,19.9,19.18,19.25,1896982
2017-05-15,19.34,19.87,19.34,19.69,1146509
2017-05-16,19.5,19.88,19.25,19.58,1616862
2017-05-17,19.37,19.48,18.45,18.62,1693595
2017-05-18,18.49,19.33,18.42,19.05,1451897
2017-05-19,19.17,19.39,19.12,19.15,605011
2017-05-22,19.19,19.66,19.15,19.65,930383
2017-05-23,19.63,19.81,19.57,19.66,862644
2017-05-24,19.75,19.83,19.64,19.72,543518
2017-05-25,19.8,19.82,19.42,19.44,517131
2017-05-26,19.43,19.62,19.32,19.61,851227
2017-05-30,19.62,20.74,19.62,20.04,2414172
2017-05-31,20.14,20.3,19.41,19.48,1620104
2017-06-01,19.52,19.71,19.18,19.38,905007
2017-06-02,19.46,19.61,19.29,19.4,688415
2017-06-05,19.37,19.37,18.94,19.15,763262
2017-06-06,19.12,19.55,19.01,19.36,711924
2017-06-07,19.33,19.46,19.07,19.29,557346
2017-06-08,19.29,19.42,18.91,19.11,581521
2017-06-09,19.26,19.33,17.88,18.47,1225133
2017-06-12,18.22,18.24,17.4,17.53,2717697
2017-06-13,17.89,18.12,17.45,17.66,1434346
2017-06-14,17.73,18.05,17.37,17.53,1110853
2017-06-15,17.27,17.38,16.93,17.0,988136
2017-06-16,16.98,17.2,16.85,17.03,1715690
2017-06-19,17.26,17.73,17.15,17.68,1256118
2017-06-20,17.5,17.9,17.44,17.5,719694
2017-06-21,17.49,17.61,17.24,17.51,765571
2017-06-22,17.5,17.81,17.31,17.58,883629
2017-06-23,17.6,17.86,17.41,17.83,1181648
2017-06-26,17.94,17.99,17.58,17.79,743712
2017-06-27,17.7,17.8,17.48,17.5,668496
2017-06-28,17.65,17.65,17.25,17.56,825381
2017-06-29,17.45,17.56,16.57,17.38,1317760
2017-06-30,17.39,17.53,17.2,17.38,886965
2017-07-03,17.45,17.58,17.19,17.3,377599
2017-07-05,17.3,17.49,17.11,17.38,990178
2017-07-06,17.28,17.58,17.07,17.45,1074418
2017-07-07,17.51,17.83,17.35,17.55,807718
2017-07-10,17.58,18.07,17.55,17.95,758302
2017-07-11,17.95,18.13,17.67,18.09,741147
2017-07-12,18.17,18.52,18.14,18.28,1000072
2017-07-13,18.35,18.39,17.96,18.13,1070286
2017-07-14,18.16,18.39,17.92,18.09,656896
2017-07-17,18.19,18.38,17.76,17.78,1480412
2017-07-18,17.85,19.07,17.85,18.75,2658951
2017-07-19,18.82,19.18,18.75,19.01,1214646
2017-07-20,19.01,19.09,18.46,18.54,951278
2017-07-21,18.5,18.52,18.14,18.41,800245
2017-07-24,18.44,18.73,18.41,18.67,523077
2017-07-25,18.82,19.15,18.54,18.89,1066153
2017-07-26,18.94,18.98,18.67,18.71,813153
2017-07-27,18.89,19.16,18.22,18.57,1518747
2017-07-28,18.49,18.91,18.37,18.57,956344
2017-07-31,18.61,18.85,18.24,18.25,1808131
2017-08-01,18.28,18.54,18.0,18.24,2539848
