Date,Open,High,Low,Close,Volume
2014-05-19,24.7,24.87,24.7,24.85,576328
2014-05-20,24.9,24.95,24.83,24.9,223763
2014-05-21,24.9,24.96,24.87,24.9,100250
2014-05-22,24.9,24.96,24.87,24.88,35015
2014-05-23,24.97,24.97,24.88,24.92,17080
2014-05-27,24.99,24.99,24.85,24.92,37265
2014-05-28,24.91,24.92,24.75,24.8,116753
2014-05-29,24.84,24.86,24.8,24.85,152157
2014-05-30,24.86,24.94,24.85,24.91,52636
2014-06-02,24.82,24.99,24.82,24.95,93295
2014-06-03,24.92,25.0,24.92,24.95,103795
2014-06-04,24.99,24.99,24.82,24.97,104860
2014-06-05,24.95,25.01,24.9,25.0,110700
2014-06-06,25.0,25.01,24.97,24.97,19300
2014-06-09,25.01,25.01,24.91,24.96,26550
2014-06-10,24.98,25.01,24.93,24.93,10600
2014-06-11,24.92,24.95,24.92,24.95,2200
2014-06-12,24.92,24.99,24.92,24.99,10075
2014-06-13,25.0,25.0,24.99,24.99,5696
2014-06-16,25.0,25.0,24.96,24.98,15176
2014-06-17,25.01,25.01,24.92,24.94,47917
2014-06-18,25.01,25.01,24.99,25.0,22500
2014-06-19,25.0,25.02,24.95,25.01,61524
2014-06-20,25.01,25.02,24.99,25.01,20193
2014-06-23,25.0,25.02,25.0,25.02,46970
2014-06-24,25.02,25.15,25.02,25.06,56553
2014-06-25,25.05,25.11,25.02,25.02,39633
2014-06-26,25.05,25.08,24.99,25.04,59916
2014-06-27,24.89,24.97,24.88,24.92,40890
2014-06-30,24.91,25.0,24.9,25.0,27456
2014-07-01,25.01,25.12,25.01,25.04,7562
2014-07-02,25.11,25.15,25.09,25.11,20864
2014-07-03,25.04,25.05,25.0,25.05,10900
2014-07-07,25.05,25.21,25.0,25.01,26500
2014-07-08,25.02,25.02,24.97,24.99,34660
2014-07-09,25.05,25.39,24.99,25.0,22225
2014-07-10,25.06,25.06,25.06,25.06,3466
2014-07-11,25.06,25.06,24.97,25.06,7608
2014-07-14,25.06,25.06,25.0,25.03,2300
2014-07-15,25.03,25.03,24.97,25.02,8621
2014-07-16,25.0,25.02,24.95,24.97,13318
2014-07-17,25.03,25.03,25.01,25.01,5050
2014-07-18,25.0,25.03,24.97,25.03,7550
2014-07-21,25.03,25.03,25.0,25.0,7125
2014-07-22,25.0,25.05,25.0,25.05,17085
2014-07-23,25.0,25.15,25.0,25.15,34869
2014-07-24,25.1,25.21,25.1,25.18,18384
2014-07-25,25.32,25.33,25.17,25.26,18350
2014-07-28,25.15,25.21,25.15,25.2,18400
2014-07-29,25.27,25.37,25.2,25.33,58250
2014-07-30,25.22,25.29,25.13,25.13,15091
2014-07-31,25.13,25.21,24.95,25.11,31700
2014-08-01,25.02,25.26,24.98,25.02,18535
2014-08-04,25.1,25.23,24.85,24.9,27916
2014-08-05,24.93,25.02,24.93,25.02,12447
2014-08-06,24.81,25.02,24.81,24.98,7750
2014-08-07,25.01,25.06,25.0,25.05,5812
2014-08-08,25.05,25.15,25.04,25.05,3516
2014-08-11,25.13,25.18,25.02,25.08,5020
2014-08-12,25.08,25.08,25.03,25.03,3225
2014-08-13,25.07,25.07,24.93,25.02,2940
2014-08-14,25.15,25.18,25.04,25.06,9015
2014-08-15,25.18,25.18,25.03,25.05,1850
2014-08-18,25.03,25.07,25.03,25.03,10195
2014-08-19,25.1,25.13,25.01,25.05,7415
2014-08-20,25.0,25.04,25.0,25.04,2450
2014-08-21,25.06,25.09,25.05,25.06,6135
2014-08-22,25.05,25.1,25.05,25.1,1100
2014-08-25,25.13,25.2,25.0,25.08,19400
2014-08-26,25.19,25.19,25.05,25.08,6850
2014-08-27,25.14,25.14,25.05,25.05,7600
2014-08-28,25.06,25.28,25.03,25.28,33117
2014-08-29,25.28,25.28,25.12,25.15,10500
2014-09-02,25.09,25.23,25.06,25.19,17560
2014-09-03,25.19,25.2,25.02,25.17,3360
2014-09-04,25.13,25.15,25.0,25.09,13660
2014-09-05,25.01,25.12,25.0,25.09,13220
2014-09-08,25.03,25.19,25.0,25.19,3600
2014-09-09,25.14,25.14,25.04,25.11,9100
2014-09-10,25.05,25.14,25.02,25.07,10262
2014-09-11,25.32,25.32,25.32,25.32,1000
2014-09-12,25.15,25.19,24.98,25.19,22144
2014-09-15,25.24,25.28,25.04,25.07,8000
2014-09-16,25.01,25.34,25.01,25.08,13655
2014-09-17,25.08,25.19,25.06,25.15,7100
2014-09-18,25.22,25.22,25.18,25.19,3210
2014-09-19,25.24,25.29,25.23,25.29,9184
2014-09-22,25.24,25.28,25.2,25.21,1520
2014-09-23,25.29,25.29,25.14,25.25,5195
2014-09-24,25.14,25.24,25.1,25.24,5772
2014-09-25,25.25,25.33,25.22,25.24,8139
2014-09-26,25.25,25.25,25.22,25.25,6473
2014-09-29,24.83,24.98,24.83,24.98,10033
2014-09-30,24.97,24.97,24.83,24.87,6707
2014-10-01,24.91,24.91,24.81,24.81,2690
2014-10-02,24.81,24.85,24.8,24.83,6452
2014-10-03,24.9,24.96,24.83,24.86,4150
2014-10-06,24.89,24.89,24.87,24.87,4600
2014-10-07,24.81,24.88,24.81,24.88,1300
2014-10-08,24.81,24.89,24.81,24.89,680
2014-10-09,24.88,24.94,24.86,24.9,6854
2014-10-10,24.89,24.89,24.5,24.7,39729
2014-10-13,24.7,24.71,24.37,24.43,11057
2014-10-14,24.59,24.7,24.5,24.5,10025
2014-10-15,24.63,24.69,24.48,24.58,6623
2014-10-16,24.36,24.68,24.36,24.68,1128
2014-10-17,24.74,24.74,24.59,24.71,4831
2014-10-20,24.69,24.69,24.69,24.69,410
2014-10-21,24.68,24.94,24.68,24.9,4999
2014-10-22,24.9,24.9,24.76,24.86,2566
2014-10-23,24.96,25.25,24.85,25.2,6226
2014-10-24,25.15,25.2,25.15,25.19,1850
2014-10-28,24.55,25.2,24.51,25.2,3353
2014-10-29,25.15,25.15,25.0,25.01,3055
2014-10-30,25.09,25.09,25.0,25.0,624
2014-10-31,25.18,25.18,24.89,24.95,5364
2014-11-03,25.12,25.15,24.81,25.0,5229
2014-11-04,25.13,25.13,25.0,25.08,1415
2014-11-05,25.13,25.15,24.95,25.15,1200
2014-11-06,25.05,25.05,25.0,25.0,600
2014-11-10,25.03,25.04,25.01,25.04,2271
2014-11-11,25.0,25.0,24.98,24.99,7426
2014-11-12,25.0,25.01,24.95,24.95,12438
2014-11-13,24.93,24.95,24.93,24.95,1100
2014-11-14,24.96,25.0,24.96,25.0,1200
2014-11-17,25.0,25.05,24.97,25.01,6275
2014-11-18,25.03,25.05,25.02,25.05,6939
2014-11-19,25.04,25.05,25.0,25.03,3740
2014-11-20,25.04,25.05,25.04,25.05,2100
2014-11-21,25.05,25.05,25.0,25.0,11813
2014-11-24,24.95,25.06,24.9,25.04,10068
2014-11-25,24.95,24.95,24.95,24.95,650
2014-11-26,25.0,25.0,24.95,24.95,600
2014-11-28,24.95,24.95,24.95,24.95,100
2014-12-01,25.04,25.04,25.0,25.04,3100
2014-12-02,25.1,25.1,25.02,25.04,5180
2014-12-03,25.05,25.08,25.04,25.04,6480
2014-12-04,25.04,25.04,25.04,25.04,1200
2014-12-05,24.94,25.09,24.94,25.0,6062
2014-12-08,24.94,25.0,24.92,24.95,8850
2014-12-09,24.92,25.02,24.92,24.99,2100
2014-12-10,24.95,24.95,24.91,24.93,12000
2014-12-11,24.93,24.97,24.89,24.97,7352
2014-12-12,24.94,25.04,24.94,25.04,4496
2014-12-15,25.05,25.05,24.85,24.85,16316
2014-12-16,24.86,25.01,24.85,24.85,6198
2014-12-17,24.85,25.04,24.83,24.85,3638
2014-12-18,24.97,24.99,24.9,24.92,2553
2014-12-19,24.99,25.05,24.99,25.04,7078
2014-12-22,25.05,25.09,25.03,25.05,10731
2014-12-23,25.08,25.18,25.05,25.18,15501
2014-12-24,24.93,25.16,24.9,25.16,2200
2014-12-26,25.17,25.18,25.03,25.13,11953
2014-12-29,24.9,24.95,24.63,24.73,14318
2014-12-30,24.7,25.1,24.67,24.87,28366
2014-12-31,24.66,25.2,24.66,24.93,26345
2015-01-02,24.72,25.0,24.66,24.95,15861
2015-01-05,24.91,24.95,24.79,24.94,4390
2015-01-06,24.95,24.99,24.95,24.97,700
2015-01-07,25.0,25.12,25.0,25.12,10501
2015-01-08,25.19,25.19,25.0,25.19,2400
2015-01-09,25.17,25.19,25.03,25.19,961
2015-01-12,25.07,25.14,25.01,25.12,1936
2015-01-13,25.15,25.32,25.15,25.32,2280
2015-01-14,25.17,25.24,25.02,25.04,3976
2015-01-15,25.11,25.27,25.11,25.25,7831
2015-01-16,25.17,25.27,25.08,25.08,8620
2015-01-20,25.02,25.2,25.02,25.18,5654
2015-01-21,25.12,25.19,25.12,25.15,8878
2015-01-22,25.2,25.28,25.09,25.11,17700
2015-01-23,25.13,25.13,25.03,25.08,7943
2015-01-26,25.1,25.17,25.1,25.15,5264
2015-01-27,25.2,25.25,25.11,25.15,1536
2015-01-28,25.18,25.22,25.18,25.22,1000
2015-01-29,25.17,25.18,25.15,25.18,5300
2015-01-30,25.31,25.31,25.31,25.31,267
2015-02-02,25.15,25.26,25.11,25.23,4312
2015-02-03,25.21,25.25,25.06,25.09,24141
2015-02-04,25.06,25.15,25.05,25.08,5500
2015-02-05,25.15,25.15,25.1,25.1,1750
2015-02-06,25.15,25.18,25.1,25.1,3599
2015-02-09,25.05,25.16,25.03,25.14,11800
2015-02-10,25.17,25.17,25.05,25.07,1800
2015-02-11,25.15,25.15,25.1,25.13,1257
2015-02-12,25.19,25.19,25.11,25.11,423
2015-02-13,25.07,25.2,25.07,25.2,698
2015-02-17,25.2,25.2,25.15,25.16,1617
2015-02-18,25.15,25.18,25.05,25.11,4170
2015-02-19,25.12,25.2,25.08,25.16,4800
2015-02-20,25.2,25.24,25.19,25.24,3200
2015-02-23,25.2,25.3,25.2,25.3,5488
2015-02-24,25.26,25.31,25.1,25.12,5750
2015-02-25,25.1,25.27,25.08,25.19,5804
2015-02-26,25.15,25.21,25.1,25.12,6241
2015-02-27,25.18,25.23,25.18,25.19,1092
2015-03-02,25.32,25.32,25.24,25.29,3093
2015-03-03,25.23,25.23,25.23,25.23,100
2015-03-04,25.28,25.41,25.28,25.33,7654
2015-03-05,25.34,25.34,25.34,25.34,102
2015-03-06,25.21,25.39,25.21,25.25,5007
2015-03-09,25.22,25.35,25.22,25.35,4000
2015-03-10,25.21,25.33,25.21,25.33,3350
2015-03-11,25.23,25.34,25.23,25.32,3300
2015-03-12,25.48,25.48,25.21,25.35,2700
2015-03-16,25.35,25.36,25.33,25.33,5100
2015-03-17,25.36,25.36,25.36,25.36,4946
2015-03-18,25.5,25.52,25.34,25.46,4506
2015-03-19,25.51,25.51,25.41,25.5,2370
2015-03-20,25.5,25.5,25.44,25.5,6788
2015-03-23,25.49,25.5,25.36,25.5,13412
2015-03-24,25.5,25.57,25.4,25.49,7855
2015-03-25,25.46,25.56,25.41,25.44,1500
2015-03-27,25.46,25.55,25.31,25.36,2301
2015-03-30,25.0,25.13,24.95,25.06,16080
2015-03-31,25.14,25.24,25.14,25.23,2150
2015-04-01,25.19,25.19,25.06,25.15,2712
2015-04-02,25.15,25.16,25.13,25.13,1300
2015-04-06,25.1,25.4,25.1,25.18,6949
2015-04-07,25.46,25.46,25.36,25.36,400
2015-04-08,25.25,25.25,25.19,25.25,1950
2015-04-09,25.3,25.45,25.3,25.3,3500
2015-04-10,25.39,25.39,25.39,25.39,1223
2015-04-13,25.3,25.31,25.3,25.3,2355
2015-04-14,25.3,25.3,25.3,25.3,600
2015-04-15,25.11,25.32,25.11,25.32,415
2015-04-16,25.25,25.38,25.25,25.38,861
2015-04-17,25.44,25.44,25.28,25.4,1370
2015-04-20,25.2,25.34,25.16,25.34,3106
2015-04-21,25.19,25.19,25.19,25.19,120
2015-04-22,25.2,25.25,25.2,25.25,1960
2015-04-23,25.25,25.34,25.21,25.34,700
2015-04-24,25.33,25.55,25.33,25.55,1200
2015-04-27,25.4,25.4,25.2,25.33,5959
2015-04-28,25.35,25.45,25.21,25.26,18291
2015-04-29,25.21,25.21,25.2,25.2,2100
2015-04-30,25.32,25.51,25.2,25.21,5012
2015-05-01,25.25,25.31,25.2,25.2,4100
2015-05-04,25.54,25.54,25.54,25.54,100
2015-05-05,25.22,25.27,25.2,25.2,6401
2015-05-06,25.2,25.2,24.92,24.92,24617
2015-05-07,24.88,25.18,24.88,25.18,2100
2015-05-08,25.12,25.12,25.03,25.1,2200
2015-05-11,25.06,25.17,25.06,25.14,4750
2015-05-12,25.0,25.0,24.84,24.9,11389
2015-05-13,24.95,25.0,24.88,24.94,3560
2015-05-14,24.95,25.06,24.95,25.06,1129
2015-05-15,24.99,25.1,24.99,25.05,6054
2015-05-18,25.05,25.39,25.05,25.39,1002
2015-05-19,25.1,25.4,25.1,25.4,1500
2015-05-21,25.07,25.11,25.07,25.1,500
2015-05-22,25.11,25.38,25.1,25.38,300
2015-05-26,25.59,25.59,25.1,25.1,3630
2015-05-27,25.1,25.2,25.1,25.2,2061
2015-05-28,25.02,25.12,25.0,25.1,2350
2015-05-29,25.09,25.39,25.01,25.02,2100
2015-06-01,25.03,25.21,25.03,25.21,1001
2015-06-03,25.2,25.2,24.87,24.93,13450
2015-06-04,24.99,25.07,24.99,25.0,6061
2015-06-05,25.11,25.11,25.01,25.11,4122
2015-06-08,25.1,25.1,25.1,25.1,1150
2015-06-09,25.08,25.08,24.66,24.88,13389
2015-06-10,24.71,24.9,24.68,24.68,4698
2015-06-11,24.81,24.84,24.65,24.7,6513
2015-06-12,24.75,24.75,24.52,24.56,7754
2015-06-15,24.57,24.74,24.57,24.72,3658
2015-06-16,24.8,24.86,24.8,24.86,2630
2015-06-17,24.69,24.98,24.69,24.98,2469
2015-06-18,25.0,25.0,24.68,24.68,2016
2015-06-19,24.7,24.98,24.65,24.67,3627
2015-06-22,24.95,24.95,24.66,24.84,2700
2015-06-23,24.72,24.88,24.7,24.78,6300
2015-06-24,24.55,24.8,24.55,24.8,3800
2015-06-25,24.88,24.88,24.65,24.68,1200
2015-06-26,24.76,24.83,24.67,24.83,4376
2015-06-29,24.69,24.76,24.15,24.17,8625
2015-06-30,24.18,24.38,24.18,24.38,506
2015-07-01,24.38,24.38,24.2,24.21,4282
2015-07-02,24.53,24.53,24.4,24.53,6134
2015-07-06,24.16,24.43,24.16,24.43,2407
2015-07-07,24.42,24.45,24.35,24.45,1487
2015-07-08,24.36,24.4,24.36,24.4,488
2015-07-09,24.48,24.76,24.46,24.57,708
2015-07-10,24.61,24.61,24.2,24.4,7967
2015-07-13,24.32,24.32,24.2,24.2,7220
2015-07-14,24.2,24.2,23.22,24.08,34466
2015-07-15,24.1,24.39,23.75,24.34,41819
2015-07-16,24.33,24.39,24.33,24.34,12862
2015-07-17,24.43,24.59,24.34,24.4,16216
2015-07-20,24.4,24.4,24.3,24.34,1067
2015-07-21,24.34,24.48,24.34,24.41,5939
2015-07-22,24.02,24.27,24.02,24.27,7225
2015-07-23,24.4,24.48,24.4,24.48,1852
2015-07-24,24.47,24.47,24.4,24.4,1133
2015-07-27,24.17,24.44,24.17,24.21,11328
2015-07-28,24.31,24.31,24.01,24.01,2167
2015-07-29,24.3,24.3,24.24,24.25,3665
2015-07-30,24.25,24.25,24.25,24.25,800
2015-07-31,24.3,24.48,24.27,24.27,5537
2015-08-03,24.12,24.5,24.12,24.49,3400
2015-08-04,24.25,24.3,24.25,24.3,830
2015-08-05,24.25,24.3,24.25,24.3,820
2015-08-06,24.47,24.47,24.29,24.29,875
2015-08-07,24.27,24.35,24.25,24.25,3410
2015-08-10,24.26,24.26,24.16,24.17,3023
2015-08-11,24.11,24.14,24.05,24.14,8100
2015-08-12,24.18,24.18,24.0,24.16,11750
2015-08-13,24.0,24.59,24.0,24.38,14251
2015-08-17,24.26,24.35,24.26,24.35,1100
2015-08-18,24.15,24.5,24.12,24.4,3375
2015-08-19,24.51,24.51,24.41,24.41,200
2015-08-21,24.21,24.21,24.11,24.11,1427
2015-08-24,24.04,24.23,24.0,24.0,12360
2015-08-25,24.44,24.59,24.25,24.5,23351
2015-08-26,24.69,24.69,24.44,24.58,10233
2015-08-27,24.68,24.68,24.37,24.37,1805
2015-08-28,24.41,24.5,24.41,24.5,895
2015-08-31,24.15,24.2,24.12,24.2,3500
2015-09-01,24.0,24.5,24.0,24.27,2679
2015-09-02,24.5,24.69,24.21,24.3,2750
2015-09-03,24.24,24.24,24.22,24.23,3561
2015-09-04,24.4,24.4,24.4,24.4,501
2015-09-08,24.39,24.39,24.39,24.39,1175
2015-09-09,24.56,24.6,24.46,24.46,2175
2015-09-10,24.67,24.67,24.6,24.6,7100
2015-09-11,24.73,24.73,24.5,24.59,4780
2015-09-14,24.75,24.75,24.36,24.56,1389
2015-09-15,24.72,24.72,24.72,24.72,515
2015-09-17,24.74,24.74,24.71,24.73,4290
2015-09-18,24.75,24.84,24.7,24.7,850
2015-09-21,24.88,24.9,24.86,24.88,1569
2015-09-22,24.91,24.91,24.9,24.9,500
2015-09-23,24.89,24.89,24.89,24.89,829
2015-09-24,24.89,24.89,24.71,24.87,620
2015-09-25,24.88,24.95,24.88,24.9,2014
2015-09-28,24.72,24.75,24.53,24.65,10550
2015-09-29,24.63,24.63,23.66,23.94,10708
2015-09-30,24.0,24.77,24.0,24.77,38410
2015-10-01,24.65,24.65,24.54,24.6,6448
2015-10-02,24.62,24.65,24.61,24.61,600
2015-10-05,24.87,24.87,24.65,24.65,5204
2015-10-08,24.54,24.54,24.54,24.54,503
2015-10-12,24.55,24.58,24.3,24.39,1756
2015-10-13,24.45,24.45,24.45,24.45,1009
2015-10-14,24.37,24.65,24.37,24.5,1500
2015-10-15,24.65,24.65,24.55,24.56,5266
2015-10-16,24.54,24.54,24.54,24.54,622
2015-10-19,24.57,24.64,24.57,24.64,2220
2015-10-20,24.57,24.75,24.54,24.56,3200
2015-10-21,24.56,24.56,24.56,24.56,100
2015-10-22,24.56,24.56,24.54,24.54,1800
2015-10-26,24.61,24.61,24.61,24.61,200
2015-10-27,24.54,24.68,24.54,24.68,2112
2015-10-28,24.65,24.7,24.65,24.65,1842
2015-10-29,24.63,24.64,24.56,24.56,2148
2015-11-02,24.55,24.58,24.54,24.54,2600
2015-11-03,24.57,24.63,24.57,24.6,1600
2015-11-04,24.58,24.63,24.58,24.63,400
2015-11-05,24.56,24.56,24.55,24.55,700
2015-11-06,24.54,24.6,24.54,24.59,2501
2015-11-09,24.7,24.7,24.69,24.7,703
2015-11-10,24.62,24.62,24.62,24.62,300
2015-11-11,24.6,24.6,24.58,24.58,1146
2015-11-12,24.58,24.6,24.58,24.58,1023
2015-11-13,24.5,24.7,24.5,24.7,4360
2015-11-16,24.75,24.75,24.74,24.75,1606
2015-11-17,24.51,24.65,24.51,24.65,1505
2015-11-18,24.53,24.73,24.51,24.65,2900
2015-11-20,24.57,24.64,24.42,24.64,5605
2015-11-23,24.6,24.6,24.46,24.54,700
2015-11-24,24.46,24.5,24.46,24.46,7600
2015-11-25,24.6,24.6,24.46,24.46,650
2015-11-27,24.46,24.6,24.46,24.46,2820
2015-11-30,24.48,24.64,24.46,24.47,4196
2015-12-01,24.57,24.57,24.25,24.34,5955
2015-12-02,24.3,24.4,24.27,24.27,900
2015-12-03,24.27,24.35,24.27,24.27,2015
2015-12-04,24.34,24.37,24.27,24.27,6698
2015-12-07,24.29,24.71,24.02,24.02,6250
2015-12-08,23.84,23.84,23.41,23.41,6484
2015-12-09,23.89,23.89,23.5,23.5,2156
2015-12-10,23.46,23.94,23.46,23.55,7583
2015-12-11,23.94,23.94,23.45,23.52,7100
2015-12-14,23.65,23.7,23.05,23.25,19080
2015-12-15,23.35,23.69,23.01,23.16,10072
2015-12-16,23.3,23.42,23.17,23.32,28836
2015-12-17,23.35,23.78,23.35,23.75,1700
2015-12-18,24.19,24.19,23.33,24.09,6380
2015-12-21,24.2,24.4,24.2,24.37,3927
2015-12-22,24.32,24.32,23.87,24.19,6758
2015-12-23,24.19,24.37,24.1,24.37,7630
2015-12-24,24.37,24.37,24.25,24.35,5800
2015-12-28,24.25,24.75,24.25,24.75,9362
2015-12-29,24.48,24.49,24.08,24.49,659
2015-12-30,23.7,24.6,23.52,24.58,5110
2016-01-04,24.16,24.45,24.16,24.45,406
2016-01-05,24.6,24.68,24.6,24.6,4877
2016-01-06,24.28,24.45,24.28,24.45,2216
2016-01-07,24.16,24.6,24.16,24.42,2780
2016-01-08,24.28,24.28,24.18,24.19,6993
2016-01-11,24.09,24.3,24.09,24.22,1550
2016-01-12,24.28,24.28,23.87,24.17,5991
2016-01-13,23.81,24.0,23.72,23.9,7259
2016-01-14,23.6,24.28,23.5,24.08,5349
2016-01-15,24.01,24.09,23.59,23.76,8777
2016-01-19,24.1,24.1,22.48,23.4,20810
2016-01-20,22.74,22.88,22.1,22.52,12273
2016-01-21,22.01,22.74,22.01,22.74,1985
2016-01-22,23.14,23.44,22.98,22.98,1400
2016-01-25,22.56,23.11,22.56,23.07,1102
2016-01-26,22.82,23.07,22.73,23.07,905
2016-01-27,23.11,23.24,23.11,23.24,2077
2016-01-28,23.58,23.58,23.58,23.58,245
2016-01-29,23.34,23.9,23.12,23.75,4123
2016-02-01,23.41,23.98,23.41,23.88,900
2016-02-02,23.56,23.72,23.56,23.72,620
2016-02-03,24.0,24.0,23.56,23.56,4200
2016-02-04,24.02,24.02,23.75,23.83,1602
2016-02-05,23.65,23.91,23.55,23.61,2430
2016-02-09,23.47,23.47,23.44,23.44,610
2016-02-11,23.42,23.42,23.3,23.3,1290
2016-02-12,23.6,23.6,22.75,22.75,1715
2016-02-16,22.84,22.87,22.55,22.71,3851
2016-02-17,22.7,23.25,22.7,23.25,901
2016-02-18,23.04,23.04,22.92,22.92,5490
2016-02-19,23.75,23.8,22.8,22.8,8265
2016-02-22,23.04,23.06,22.61,22.71,5649
2016-02-23,22.65,22.91,22.46,22.72,3590
2016-02-24,22.32,22.98,22.32,22.83,2200
2016-02-25,23.5,23.5,23.49,23.49,305
2016-02-26,23.64,23.64,23.36,23.37,5705
2016-03-01,23.39,23.55,23.39,23.55,750
2016-03-02,23.55,23.56,23.3,23.3,6260
2016-03-03,23.58,23.58,23.5,23.5,500
2016-03-04,23.5,23.5,23.5,23.5,660
2016-03-07,23.7,23.8,23.7,23.8,300
2016-03-08,23.7,23.7,22.62,23.2,800
2016-03-09,23.36,23.36,23.36,23.36,100
2016-03-10,22.9,23.12,22.9,23.12,450
2016-03-11,23.51,23.99,23.51,23.93,6160
2016-03-14,23.75,23.93,23.75,23.85,800
2016-03-15,23.8,23.8,23.5,23.5,3205
2016-03-16,23.56,23.8,23.55,23.76,1800
2016-03-17,23.85,24.2,23.85,24.2,2400
2016-03-18,24.08,24.4,24.0,24.4,5432
2016-03-21,24.35,24.35,24.25,24.25,1072
2016-03-22,24.35,24.35,24.35,24.35,3211
2016-03-23,24.15,24.24,24.15,24.24,1000
2016-03-24,24.5,24.5,24.49,24.49,805
2016-03-28,23.82,24.49,23.82,24.49,600
2016-03-29,24.25,24.25,24.23,24.25,862
2016-03-30,24.41,24.41,23.51,23.74,5950
2016-03-31,23.8,24.23,23.8,24.23,482
2016-04-01,24.22,24.22,23.75,23.8,1193
2016-04-05,23.99,24.0,23.99,24.0,300
2016-04-06,23.98,24.0,23.98,24.0,2057
2016-04-07,24.0,24.14,24.0,24.04,2013
2016-04-08,24.22,24.22,24.17,24.2,1100
2016-04-11,24.2,24.29,24.2,24.29,3275
2016-04-12,24.15,24.24,23.85,24.24,2235
2016-04-13,24.25,24.28,24.23,24.28,2415
2016-04-14,24.25,24.25,24.23,24.23,600
2016-04-18,24.23,24.33,24.23,24.25,649
2016-04-19,24.32,24.47,24.32,24.47,4049
2016-04-21,24.41,24.41,24.41,24.41,150
2016-04-22,24.3,24.49,24.3,24.49,4400
2016-04-25,24.49,24.49,24.49,24.49,100
2016-04-26,24.49,25.08,24.49,25.08,6250
2016-04-27,25.01,25.01,24.52,24.64,1400
2016-04-28,24.74,24.74,24.72,24.72,1150
2016-04-29,24.92,24.93,24.72,24.89,3060
2016-05-02,24.9,24.9,24.79,24.79,940
2016-05-03,24.69,24.86,24.69,24.77,1350
2016-05-04,24.77,24.77,24.71,24.77,1656
2016-05-05,24.82,24.87,24.71,24.87,8100
2016-05-06,24.87,24.91,24.77,24.77,930
2016-05-09,24.94,24.94,24.78,24.83,4252
2016-05-10,24.94,25.0,24.83,25.0,4268
2016-05-11,25.0,25.0,24.85,24.86,3815
2016-05-12,24.89,24.98,24.85,24.85,2670
2016-05-13,24.86,24.86,24.85,24.86,1200
2016-05-16,24.9,24.95,24.83,24.85,6089
2016-05-17,24.83,24.95,24.83,24.89,7750
2016-05-18,24.94,24.95,24.66,24.66,7364
2016-05-19,24.8,24.84,24.7,24.8,4600
2016-05-20,24.8,24.87,24.79,24.87,1650
2016-05-23,24.82,24.92,24.8,24.91,4600
2016-05-24,24.95,24.95,24.89,24.92,4687
2016-05-25,24.9,24.9,24.81,24.9,3120
2016-05-26,24.91,24.99,24.9,24.94,42693
2016-05-27,24.94,24.95,24.82,24.95,1000
2016-05-31,24.81,24.88,24.8,24.84,2722
2016-06-01,24.86,24.86,24.8,24.8,525
2016-06-02,24.89,24.89,24.89,24.89,100
2016-06-03,24.85,24.89,24.85,24.87,2262
2016-06-06,24.86,25.0,24.86,25.0,6339
2016-06-07,25.0,25.03,25.0,25.0,7200
2016-06-08,25.0,25.04,24.96,25.04,3500
2016-06-09,25.0,25.03,24.99,25.0,5100
2016-06-10,24.98,25.04,24.98,25.02,2100
2016-06-13,25.07,25.07,25.03,25.05,117909
2016-06-14,25.07,25.1,25.05,25.1,293365
2016-06-15,25.15,25.15,25.04,25.09,18579
2016-06-16,25.06,25.09,25.05,25.05,4439
2016-06-17,25.12,25.15,25.09,25.14,5704
2016-06-20,25.12,25.2,25.01,25.2,2050
2016-06-21,25.1,25.45,25.1,25.1,46400
2016-06-22,25.14,25.2,25.1,25.1,4100
2016-06-23,25.2,25.25,25.09,25.09,111354
2016-06-24,25.19,25.19,25.08,25.09,7025
2016-06-27,25.06,25.18,24.68,25.04,4075
2016-06-28,25.11,25.19,25.1,25.16,18565
2016-06-29,24.99,25.08,24.77,24.8,16120
2016-06-30,25.07,25.07,24.69,24.7,8320
2016-07-01,24.66,24.92,24.6,24.71,4730
2016-07-05,24.61,24.65,24.61,24.64,2150
2016-07-06,24.9,24.91,24.65,24.65,12860
2016-07-07,24.75,24.98,24.6,24.84,15998
2016-07-08,24.67,24.75,24.43,24.68,135308
2016-07-11,24.98,25.15,24.76,25.04,25942
2016-07-12,25.15,25.42,25.11,25.16,20972
2016-07-14,25.26,25.35,25.26,25.34,1892
2016-07-15,25.21,25.27,25.19,25.27,957
2016-07-18,25.08,25.25,25.08,25.24,3628
2016-07-19,25.11,25.39,25.06,25.39,8421
2016-07-20,25.28,25.39,25.16,25.37,6300
2016-07-21,25.39,25.39,25.34,25.39,3498
2016-07-22,25.3,25.39,25.26,25.39,19114
2016-07-25,25.37,25.4,25.32,25.32,2713
2016-07-26,25.3,25.43,25.3,25.37,642
2016-07-27,25.41,25.43,25.3,25.43,1800
2016-07-28,25.43,25.43,25.43,25.43,280
2016-07-29,25.43,25.55,25.43,25.55,1738
2016-08-01,25.33,25.99,25.33,25.75,2570
2016-08-02,25.86,25.99,25.6,25.93,5896
2016-08-03,25.96,26.0,25.9,25.93,8425
2016-08-04,26.0,26.11,25.94,26.11,913
2016-08-05,26.13,26.13,26.11,26.11,300
2016-08-08,25.94,26.12,25.94,26.01,6800
2016-08-09,26.11,26.11,25.94,25.96,1750
2016-08-10,25.9,25.94,25.9,25.9,2900
2016-08-11,25.82,26.07,25.8,26.07,3920
2016-08-12,26.05,26.1,25.8,25.8,6440
2016-08-15,25.84,25.84,25.81,25.81,310
2016-08-16,25.81,25.91,25.8,25.91,800
2016-08-17,26.02,26.1,26.02,26.1,400
2016-08-18,25.83,25.92,25.8,25.8,3596
2016-08-19,25.8,26.0,25.8,26.0,800
2016-08-22,25.81,25.9,25.81,25.9,200
2016-08-23,25.93,25.93,25.93,25.93,100
2016-08-24,25.94,25.94,25.8,25.8,650
2016-08-25,26.18,26.18,25.82,25.9,1885
2016-08-26,25.8,25.87,25.8,25.87,300
2016-08-29,25.8,25.8,25.8,25.8,1600
2016-08-30,25.88,25.88,25.55,25.55,6950
2016-08-31,25.84,25.84,25.54,25.59,7120
2016-09-01,25.57,25.57,25.03,25.49,36586
2016-09-02,25.55,25.9,25.55,25.7,20625
2016-09-06,25.74,25.84,25.57,25.57,6627
2016-09-07,25.7,26.19,25.69,26.1,4458
2016-09-08,26.1,26.1,25.8,25.8,2912
2016-09-09,26.01,26.01,25.39,25.43,12884
2016-09-13,25.51,25.51,25.51,25.51,118
2016-09-14,26.19,26.24,26.19,26.24,1000
2016-09-15,25.75,26.0,25.75,26.0,500
2016-09-16,25.77,25.79,25.75,25.75,1469
2016-09-19,25.64,25.65,25.64,25.65,2038
2016-09-21,25.55,25.55,25.55,25.55,500
2016-09-23,26.05,26.05,26.05,26.05,200
2016-09-27,26.09,26.09,26.09,26.09,100
2016-09-28,26.19,26.19,25.17,25.75,1600
2016-09-29,25.31,25.31,25.25,25.29,917
2016-09-30,25.27,25.4,25.22,25.25,4730
2016-10-03,25.22,25.26,25.21,25.21,17903
2016-10-04,25.4,25.4,25.01,25.01,6338
2016-10-05,25.34,25.39,24.98,25.35,22527
2016-10-06,25.06,25.33,25.06,25.33,891
2016-10-07,25.39,25.41,25.14,25.41,6018
2016-10-10,25.35,25.51,25.32,25.44,8605
2016-10-11,25.46,25.81,25.4,25.81,2150
2016-10-12,25.55,25.55,25.5,25.5,1100
2016-10-14,25.45,25.45,25.21,25.23,4700
2016-10-17,25.26,25.35,25.26,25.35,400
2016-10-18,25.28,25.28,25.0,25.03,15561
2016-10-19,25.08,25.26,25.06,25.16,7949
2016-10-20,25.12,25.18,25.07,25.13,1150
2016-10-25,25.15,25.15,25.01,25.15,3625
2016-10-26,25.1,25.16,25.02,25.13,7418
2016-10-27,25.11,25.13,25.1,25.13,4800
2016-10-28,25.1,25.1,25.1,25.1,111
2016-10-31,25.07,25.07,25.03,25.06,2562
2016-11-01,25.14,25.14,25.1,25.1,290
2016-11-02,25.13,25.14,25.1,25.1,916
2016-11-03,25.12,25.14,25.08,25.13,2633
2016-11-07,25.16,25.18,25.16,25.18,1000
2016-11-08,25.3,25.3,25.3,25.3,205
2016-11-09,25.03,25.3,25.01,25.13,11876
2016-11-10,25.15,25.16,25.1,25.1,14212
2016-11-11,25.13,25.13,25.0,25.08,4465
2016-11-14,24.75,25.0,24.57,24.93,15368
2016-11-15,24.75,25.09,24.65,24.84,3314
2016-11-16,24.85,24.93,24.82,24.93,2200
2016-11-17,24.94,25.14,24.85,24.85,5250
2016-11-18,24.85,24.85,24.85,24.85,300
2016-11-22,25.06,25.06,25.06,25.06,1006
2016-11-23,25.02,25.15,24.96,25.14,4206
2016-11-25,25.1,25.14,25.1,25.14,2431
2016-11-28,25.1,25.11,24.9,24.9,3200
2016-11-29,24.94,24.99,24.92,24.98,1150
2016-11-30,25.0,25.03,25.0,25.01,3409
2016-12-01,25.0,25.03,25.0,25.02,9280
2016-12-02,25.0,25.01,25.0,25.01,1000
2016-12-05,25.0,25.0,25.0,25.0,1600
2016-12-06,25.01,25.01,25.01,25.01,2600
2016-12-07,25.08,25.08,25.0,25.08,1122
2016-12-08,24.99,25.0,24.66,24.84,700
2016-12-09,25.01,25.04,24.95,25.0,7950
2016-12-12,24.82,25.09,24.65,25.05,9354
2016-12-13,24.85,24.86,24.85,24.85,4100
2016-12-15,24.91,25.03,24.91,25.03,1100
2016-12-16,24.7,24.75,24.7,24.75,500
2016-12-19,25.06,25.06,25.01,25.04,5200
2016-12-20,25.13,25.14,24.97,25.11,4536
2016-12-21,25.01,25.01,24.99,25.01,4340
2016-12-23,25.08,25.15,25.08,25.15,1328
2016-12-27,25.15,25.33,25.13,25.33,4638
2016-12-28,25.05,25.37,24.93,25.37,1500
2016-12-29,24.93,25.0,24.93,24.98,1920
2016-12-30,25.31,25.31,24.97,24.97,1495
2017-01-03,25.1,25.37,25.1,25.37,1509
2017-01-04,25.36,25.4,25.25,25.39,2656
2017-01-05,25.4,26.1,25.4,25.57,3750
2017-01-06,25.13,25.26,25.13,25.26,400
2017-01-09,25.32,25.32,25.32,25.32,1000
2017-01-10,25.3,25.35,25.3,25.35,2489
2017-01-11,25.31,25.41,25.31,25.35,1923
2017-01-12,25.4,25.4,25.25,25.28,5281
2017-01-13,25.5,25.84,25.25,25.25,3975
2017-01-17,25.84,25.84,25.4,25.69,6253
2017-01-18,25.6,25.66,25.29,25.29,3402
2017-01-23,25.38,25.55,25.3,25.33,4480
2017-01-24,25.35,25.59,25.35,25.58,1532
2017-01-25,,,,25.58,0
2017-01-26,25.34,25.4,25.34,25.4,1325
2017-01-27,25.46,25.47,25.31,25.41,1070
2017-01-30,25.54,25.55,25.37,25.37,1100
2017-01-31,,,,25.37,0
2017-02-01,25.36,25.39,25.36,25.39,1096
2017-02-02,25.42,25.42,25.42,25.42,400
2017-02-03,25.5,25.5,25.47,25.5,412
2017-02-06,,,,25.5,0
2017-02-07,,,,25.5,0
2017-02-08,25.44,25.48,25.35,25.44,1200
2017-02-09,25.31,25.31,25.31,25.31,496
2017-02-10,25.38,25.38,25.35,25.37,2745
2017-02-13,25.55,25.55,25.36,25.36,1300
2017-02-14,,,,25.36,0
2017-02-15,,,,25.36,0
2017-02-16,25.68,25.68,25.68,25.68,1234
2017-02-17,25.69,25.73,25.69,25.7,1999
2017-02-21,25.66,25.66,25.66,25.66,1050
2017-02-22,,,,25.66,0
2017-02-23,25.45,25.48,25.45,25.45,1100
2017-02-24,,,,25.45,0
2017-02-27,25.55,25.6,25.55,25.6,800
2017-02-28,25.68,25.71,25.68,25.71,400
2017-03-01,25.48,25.48,25.48,25.48,200
2017-03-02,25.74,25.74,25.74,25.74,100
2017-03-03,,,,25.74,0
2017-03-06,25.51,25.51,25.51,25.51,500
2017-03-07,25.5,25.6,25.33,25.5,8900
2017-03-08,25.41,25.41,25.06,25.2,7429
2017-03-09,25.24,25.24,24.95,25.0,12546
2017-03-10,25.19,25.25,25.03,25.2,3632
2017-03-13,25.65,25.67,25.32,25.32,500
2017-03-14,,,,25.32,0
2017-03-15,25.49,25.5,25.1,25.5,2100
2017-03-16,25.51,25.58,25.51,25.56,3570
2017-03-17,25.6,25.74,25.6,25.74,1672
2017-03-20,25.69,25.7,25.68,25.69,701
2017-03-21,25.69,25.69,25.69,25.69,250
2017-03-22,,,,25.69,0
2017-03-23,25.75,25.82,25.75,25.78,600
2017-03-24,,,,25.78,0
2017-03-27,25.95,26.0,25.8,25.8,900
2017-03-28,25.85,26.09,25.85,26.09,3089
2017-03-29,25.63,25.66,25.63,25.66,300
2017-03-30,25.84,25.9,25.76,25.84,1088
2017-03-31,25.63,25.88,25.63,25.84,1050
2017-04-03,,,,25.84,0
2017-04-04,25.89,25.89,25.64,25.64,3135
2017-04-05,25.88,25.88,25.63,25.68,6198
2017-04-06,25.69,25.69,25.69,25.69,100
2017-04-07,25.72,25.72,25.72,25.72,200
2017-04-10,25.69,25.85,25.55,25.84,2200
2017-04-11,25.5,25.88,25.49,25.83,1502
2017-04-12,25.8,25.8,25.5,25.58,600
2017-04-13,25.75,25.8,25.6,25.75,1146
2017-04-17,25.77,25.8,25.75,25.75,817
2017-04-18,25.8,25.8,25.8,25.8,225
2017-04-19,25.73,25.88,25.73,25.78,1468
2017-04-20,25.8,25.8,25.8,25.8,449
2017-04-21,25.6,25.6,25.5,25.5,4677
2017-04-24,,,,25.5,0
2017-04-25,25.51,25.51,25.51,25.51,200
2017-04-26,25.7,25.7,25.7,25.7,100
2017-04-27,,,,25.7,0
2017-04-28,,,,25.7,0
2017-05-01,25.7,25.7,25.7,25.7,275
2017-05-02,,,,25.7,0
2017-05-03,25.62,25.8,25.62,25.8,2869
2017-05-04,25.76,25.8,25.74,25.8,1925
2017-05-05,25.8,25.9,25.75,25.87,1828
2017-05-08,25.86,25.86,25.86,25.86,335
2017-05-09,25.7,25.7,25.7,25.7,150
2017-05-10,25.85,25.9,25.85,25.9,400
2017-05-11,25.7,25.7,25.65,25.65,3280
2017-05-12,25.72,25.72,25.72,25.72,200
2017-05-15,25.75,25.8,25.74,25.8,1111
2017-05-16,,,,25.8,0
2017-05-17,25.66,25.66,25.66,25.66,100
2017-05-18,25.6,25.69,25.6,25.69,2000
2017-05-19,25.65,25.76,25.65,25.76,600
2017-05-22,25.61,25.9,25.6,25.82,3609
2017-05-23,25.84,25.84,25.83,25.83,301
2017-05-24,25.93,25.93,25.83,25.83,1522
2017-05-25,26.3,26.3,26.3,26.3,401
2017-05-26,25.86,25.86,25.86,25.86,500
2017-05-30,25.87,25.95,25.87,25.95,720
2017-05-31,26.11,26.2,25.76,25.76,7209
2017-06-01,25.9,25.9,25.79,25.82,1782
2017-06-02,25.84,26.09,25.79,25.82,1783
2017-06-05,25.89,26.09,25.89,25.98,714
2017-06-06,26.09,26.15,25.9,25.9,1550
2017-06-07,26.14,26.14,25.95,26.0,1500
2017-06-08,26.12,26.12,25.96,25.96,1000
2017-06-09,26.05,26.06,25.9,25.9,2467
2017-06-12,25.9,25.9,25.76,25.81,300
2017-06-13,26.15,26.15,26.04,26.04,400
2017-06-14,26.0,26.11,26.0,26.08,3936
2017-06-15,26.08,26.08,26.01,26.01,900
2017-06-16,26.05,26.05,26.0,26.0,497
2017-06-19,26.08,26.09,26.08,26.09,300
2017-06-20,26.1,26.1,26.08,26.08,580
2017-06-21,26.02,26.06,26.01,26.06,2550
2017-06-22,26.1,26.1,26.1,26.1,100
2017-06-23,26.08,26.17,26.06,26.17,1550
2017-06-26,26.2,26.2,26.17,26.18,8785
2017-06-27,26.18,26.27,26.18,26.27,13175
2017-06-28,25.99,25.99,25.85,25.98,9900
2017-06-29,26.01,26.43,25.95,26.0,2000
2017-06-30,,,,26.0,0
2017-07-03,,,,26.0,0
2017-07-05,25.92,26.12,25.9,26.12,600
2017-07-06,26.1,26.18,25.91,26.08,3220
2017-07-07,26.08,26.08,26.08,26.08,100
2017-07-10,25.72,26.1,25.72,26.07,2000
2017-07-11,,,,26.07,0
2017-07-12,,,,26.07,0
2017-07-13,25.86,25.86,25.76,25.76,300
2017-07-14,26.1,26.1,26.1,26.1,200
2017-07-17,25.86,25.91,25.86,25.87,2939
2017-07-18,26.04,26.04,25.76,25.76,5504
2017-07-19,25.77,25.9,25.75,25.9,7596
2017-07-20,25.93,26.18,25.84,26.1,4422
2017-07-21,25.96,25.96,25.95,25.95,800
2017-07-24,26.02,26.04,25.96,26.04,1193
2017-07-25,26.0,26.0,25.88,25.88,4123
2017-07-26,25.9,25.9,25.9,25.9,200
2017-07-27,25.85,26.17,25.83,26.17,2000
2017-07-28,,,,26.17,0
2017-07-31,25.9,26.0,25.86,25.86,10801
2017-08-01,26.0,26.0,25.88,25.88,4600
