Date,Open,High,Low,Close,Volume
2014-02-20,30.0,30.0,13.99,14.25,226750
2014-02-21,14.25,14.45,14.06,14.22,229903
2014-02-24,14.22,14.5,14.2,14.25,23673
2014-02-25,14.1,14.45,14.05,14.05,6072
2014-02-26,14.05,14.16,14.05,14.16,2893
2014-02-27,14.1,14.1,14.05,14.08,20066
2014-02-28,14.24,14.36,14.2,14.2,61255
2014-03-03,14.15,14.3,14.15,14.2,36438
2014-03-04,14.2,14.2,14.03,14.2,25701
2014-03-05,14.09,14.12,14.05,14.12,1300
2014-03-06,14.12,14.12,14.1,14.11,11100
2014-03-07,14.12,14.2,14.12,14.2,1643
2014-03-10,14.19,14.2,14.0,14.2,13630
2014-03-11,14.2,14.25,14.11,14.2,7120
2014-03-12,14.5,14.5,14.1,14.2,13350
2014-03-13,14.2,14.2,14.0,14.2,21600
2014-03-14,14.01,14.2,14.01,14.05,28738
2014-03-17,14.0,14.0,13.8,14.0,5800
2014-03-18,14.0,14.0,13.99,13.99,5470
2014-03-19,14.15,14.15,13.96,13.97,5833
2014-03-20,14.0,14.0,13.96,14.0,16692
2014-03-21,14.0,14.0,13.58,13.58,31571
2014-03-24,14.0,14.0,13.82,13.96,86170
2014-03-25,14.0,14.25,13.86,14.0,24392
2014-03-26,14.0,14.0,13.9,14.0,29639
2014-03-27,13.92,13.99,13.92,13.96,2273
2014-03-28,13.9,14.0,13.9,13.99,13517
2014-03-31,14.0,14.0,13.92,14.0,15946
2014-04-01,13.95,14.0,13.92,14.0,28781
2014-04-02,13.93,14.0,13.93,14.0,54875
2014-04-03,14.0,14.0,13.96,14.0,19100
2014-04-04,14.0,14.0,13.8,13.99,7834
2014-04-07,13.9,14.0,13.63,13.99,57535
2014-04-08,13.97,14.0,13.79,14.0,22865
2014-04-09,13.98,14.5,13.87,14.0,35410
2014-04-10,14.0,14.0,13.76,13.95,56426
2014-04-11,13.85,14.0,13.8,13.95,19877
2014-04-14,14.0,14.0,13.91,13.98,40609
2014-04-15,13.95,13.95,13.84,13.95,19737
2014-04-16,13.76,14.0,13.76,13.99,25021
2014-04-17,13.9,14.01,13.9,14.01,67743
2014-04-21,14.0,14.0,13.8,13.97,20096
2014-04-22,14.0,14.0,13.91,13.99,38229
2014-04-23,13.95,14.0,13.95,14.0,13902
2014-04-24,13.96,14.0,13.96,14.0,22370
2014-04-25,14.0,14.0,13.8,14.0,10614
2014-04-28,14.0,14.0,13.8,14.0,14900
2014-04-29,14.0,14.0,13.88,14.0,19730
2014-04-30,14.0,14.29,13.87,13.87,13658
2014-05-01,14.0,14.4,13.95,14.0,556580
2014-05-02,13.95,14.1,13.93,13.98,30716
2014-05-05,13.99,14.0,13.95,13.99,93217
2014-05-06,14.0,14.0,13.8,14.0,129759
2014-05-07,14.0,14.0,13.83,13.99,1128315
2014-05-08,14.0,14.0,13.96,13.99,142606
2014-05-09,14.0,14.0,13.87,13.97,70475
2014-05-12,14.0,14.25,13.86,14.0,60650
2014-05-13,13.99,14.0,13.91,13.99,35679
2014-05-14,14.0,14.0,13.98,14.0,23819
2014-05-15,14.0,14.5,13.98,14.33,3692548
2014-05-16,14.61,15.25,14.5,14.83,136598
2014-05-19,14.82,15.0,14.36,14.6,128564
2014-05-20,14.61,14.98,14.4,14.69,138604
2014-05-21,14.73,14.95,14.69,14.76,229298
2014-05-22,14.77,15.04,14.75,14.88,475950
2014-05-23,15.33,15.49,14.93,15.39,93003
2014-05-27,15.46,18.69,15.46,15.91,157349
2014-05-28,15.85,16.05,15.84,16.0,67247
2014-05-29,16.01,17.16,16.01,16.49,114668
2014-05-30,16.48,16.74,16.36,16.4,125364
2014-06-02,16.18,16.82,16.18,16.6,212638
2014-06-03,16.62,16.73,16.24,16.5,340696
2014-06-04,16.43,16.95,16.43,16.83,318694
2014-06-05,16.8,17.19,16.66,16.75,365085
2014-06-06,16.75,17.0,16.55,16.6,133962
2014-06-09,16.5,16.76,16.06,16.51,298723
2014-06-10,16.38,17.39,16.37,16.71,221097
2014-06-11,16.88,16.99,16.39,16.58,372624
2014-06-12,16.61,17.17,16.37,16.94,443563
2014-06-13,17.0,17.01,16.87,16.96,750565
2014-06-16,16.96,17.26,16.76,16.93,484292
2014-06-17,16.84,17.2,16.82,17.0,481238
2014-06-18,16.94,17.27,16.82,17.25,1112057
2014-06-19,17.36,18.37,17.36,17.97,856614
2014-06-20,17.8,18.2,17.73,17.75,3341081
2014-06-23,17.31,17.97,17.0,17.25,934905
2014-06-24,17.22,17.76,17.22,17.5,750085
2014-06-25,17.43,17.94,17.3,17.75,408248
2014-06-26,17.75,17.75,17.0,17.3,479025
2014-06-27,17.08,17.62,16.63,17.09,5139717
2014-06-30,17.1,17.56,17.1,17.4,400290
2014-07-01,17.47,17.74,17.31,17.56,486370
2014-07-02,17.57,17.87,17.28,17.86,685729
2014-07-03,17.94,18.23,17.85,18.2,157101
2014-07-07,18.08,18.31,17.68,17.82,159448
2014-07-08,17.83,18.39,17.62,18.34,383670
2014-07-09,18.31,18.87,18.31,18.68,399407
2014-07-10,18.42,18.88,17.99,18.13,84547
2014-07-11,18.17,18.4,18.02,18.16,65938
2014-07-14,18.24,18.59,18.1,18.16,123258
2014-07-15,18.21,18.68,18.21,18.51,202838
2014-07-16,18.62,19.1,18.5,19.06,139457
2014-07-17,18.99,19.45,18.79,18.81,481864
2014-07-18,18.73,19.13,18.54,18.62,136043
2014-07-21,18.53,18.6,18.16,18.38,108163
2014-07-22,18.43,18.69,18.38,18.43,88496
2014-07-23,18.49,18.67,18.3,18.49,48998
2014-07-24,18.52,18.57,18.22,18.44,92330
2014-07-25,18.37,18.46,17.72,17.84,113496
2014-07-28,17.91,18.19,17.54,18.04,110482
2014-07-29,18.04,18.33,17.93,18.23,56501
2014-07-30,18.35,18.54,18.02,18.35,115334
2014-07-31,18.25,18.25,17.25,17.41,225061
2014-08-01,17.47,17.96,17.18,17.56,81726
2014-08-04,17.66,18.02,17.45,17.72,112430
2014-08-05,17.71,18.15,17.41,18.04,123672
2014-08-06,17.97,18.42,17.89,18.28,76730
2014-08-07,18.62,19.1,17.88,18.02,61752
2014-08-08,18.09,18.38,17.84,18.29,99040
2014-08-11,18.39,18.53,17.06,18.31,77737
2014-08-12,18.25,18.31,17.96,18.1,50220
2014-08-13,18.11,18.48,18.0,18.3,43342
2014-08-14,18.36,18.47,18.16,18.36,38671
2014-08-15,18.44,18.5,17.97,18.42,98780
2014-08-18,18.55,19.27,18.55,18.89,109984
2014-08-19,18.89,19.13,18.73,18.86,213057
2014-08-20,18.77,18.86,18.5,18.54,54008
2014-08-21,18.48,18.61,18.13,18.52,38099
2014-08-22,18.51,18.72,18.38,18.52,36898
2014-08-25,18.57,18.76,18.41,18.56,20976
2014-08-26,18.58,18.75,18.49,18.75,60547
2014-08-27,18.81,18.81,18.52,18.72,37569
2014-08-28,18.65,18.75,18.54,18.63,58608
2014-08-29,18.62,18.81,18.47,18.73,92399
2014-09-02,18.75,18.75,18.57,18.69,73157
2014-09-03,18.75,18.78,18.45,18.55,75972
2014-09-04,18.68,18.78,18.59,18.66,56956
2014-09-05,18.61,19.05,18.6,18.69,58225
2014-09-08,18.76,18.76,18.54,18.62,193169
2014-09-09,18.6,18.62,18.31,18.51,217547
2014-09-10,18.46,18.91,18.4,18.5,224705
2014-09-11,18.42,18.48,18.24,18.32,104481
2014-09-12,18.37,18.37,18.02,18.15,248694
2014-09-15,18.01,18.01,17.46,17.59,113511
2014-09-16,17.58,17.82,17.08,17.58,72118
2014-09-17,17.63,17.8,17.5,17.54,95941
2014-09-18,17.58,17.78,17.52,17.73,242085
2014-09-19,17.76,18.6,17.76,18.09,632528
2014-09-22,18.01,18.16,17.39,17.48,90614
2014-09-23,17.45,17.45,16.85,16.89,108634
2014-09-24,16.97,17.09,16.92,17.0,130093
2014-09-25,16.95,17.07,16.76,16.88,80494
2014-09-26,16.9,17.21,16.88,16.97,102368
2014-09-29,16.85,16.98,16.69,16.77,60328
2014-09-30,16.77,17.46,16.59,16.89,208739
2014-10-01,16.93,17.34,16.7,17.12,379884
2014-10-02,17.15,17.61,16.59,17.57,293177
2014-10-03,17.78,18.09,17.68,17.97,141377
2014-10-06,17.96,18.01,17.68,17.94,95220
2014-10-07,17.79,17.88,17.52,17.59,62203
2014-10-08,17.53,18.16,17.46,17.99,77773
2014-10-09,17.78,17.92,17.29,17.46,67360
2014-10-10,17.31,17.84,17.3,17.47,74041
2014-10-13,17.43,18.25,17.43,17.91,124178
2014-10-14,18.03,18.06,17.62,17.77,199772
2014-10-15,17.6,17.96,17.53,17.85,181973
2014-10-16,17.66,18.16,17.62,17.91,96093
2014-10-17,18.15,18.15,17.83,17.86,90496
2014-10-20,17.82,18.3,17.72,18.28,86591
2014-10-21,18.3,18.49,17.61,18.44,149046
2014-10-22,18.55,19.3,18.23,18.74,314994
2014-10-23,18.92,19.43,18.47,18.8,115737
2014-10-24,18.86,19.4,18.66,19.12,65330
2014-10-27,19.03,19.14,18.79,18.91,126024
2014-10-28,19.0,19.27,18.72,19.16,184262
2014-10-29,19.16,19.23,18.79,18.89,193988
2014-10-30,18.8,19.23,18.52,18.87,126687
2014-10-31,19.33,19.33,18.73,18.75,195887
2014-11-03,18.75,19.03,18.18,18.76,212699
2014-11-04,19.0,19.71,18.68,18.92,218834
2014-11-05,19.0,19.02,18.74,18.77,135274
2014-11-06,18.73,18.99,18.66,18.76,250317
2014-11-07,18.78,19.0,18.71,18.96,149669
2014-11-10,18.99,19.18,18.89,19.0,317417
2014-11-11,19.0,19.02,18.88,18.94,195528
2014-11-12,18.85,19.02,18.55,18.98,83049
2014-11-13,18.97,18.97,18.5,18.53,73511
2014-11-14,18.59,18.78,18.37,18.67,69852
2014-11-17,18.7,18.7,18.13,18.18,151642
2014-11-18,18.28,18.63,17.88,18.49,155274
2014-11-19,18.46,18.48,17.93,18.3,60561
2014-11-20,18.24,18.66,17.9,18.53,83849
2014-11-21,18.66,18.66,18.34,18.56,88307
2014-11-24,18.58,18.85,18.58,18.79,70598
2014-11-25,18.82,19.01,18.71,18.77,126973
2014-11-26,18.83,19.03,18.81,18.93,49733
2014-11-28,19.0,19.01,18.62,18.75,50353
2014-12-01,18.77,18.83,18.44,18.5,112434
2014-12-02,18.58,18.82,18.3,18.75,89279
2014-12-03,18.8,19.0,18.8,18.86,175340
2014-12-04,18.79,18.95,18.53,18.63,141966
2014-12-05,18.61,18.93,18.37,18.59,226024
2014-12-08,18.53,18.8,18.43,18.58,138962
2014-12-09,18.44,18.76,18.3,18.6,169665
2014-12-10,18.54,18.8,18.36,18.38,99090
2014-12-11,18.45,18.74,18.36,18.57,85282
2014-12-12,18.33,18.7,18.33,18.6,94290
2014-12-15,18.61,18.7,18.55,18.61,102148
2014-12-16,18.61,19.0,18.45,18.71,316510
2014-12-17,18.7,19.5,18.67,19.09,176530
2014-12-18,19.28,19.57,19.0,19.15,88736
2014-12-19,19.09,19.29,18.73,18.91,396262
2014-12-22,18.98,19.28,18.75,19.22,127337
2014-12-23,19.25,19.46,19.12,19.25,75528
2014-12-24,19.25,19.25,19.01,19.01,37628
2014-12-26,19.13,19.13,18.73,18.86,42759
2014-12-29,18.83,19.1,18.63,18.75,76487
2014-12-30,18.67,19.1,18.67,18.81,45365
2014-12-31,18.85,19.24,18.61,18.61,106117
2015-01-02,18.73,19.04,18.38,18.8,60064
2015-01-05,18.73,18.73,17.83,18.35,83496
2015-01-06,18.46,18.83,18.03,18.45,204125
2015-01-07,18.54,18.69,18.25,18.5,98513
2015-01-08,18.65,19.09,18.65,18.89,94056
2015-01-09,18.83,19.14,17.71,18.61,78809
2015-01-12,18.65,19.0,18.22,18.67,105531
2015-01-13,18.86,19.11,18.1,18.64,59857
2015-01-14,18.5,18.65,18.29,18.49,401102
2015-01-15,18.55,18.55,18.06,18.22,104878
2015-01-16,18.1,18.75,17.76,18.44,501530
2015-01-20,18.5,18.65,17.75,18.3,77260
2015-01-21,18.21,18.61,18.0,18.49,155954
2015-01-22,18.66,18.67,18.25,18.4,70956
2015-01-23,18.33,18.5,18.16,18.29,69941
2015-01-26,18.21,18.57,17.95,18.45,73843
2015-01-27,18.27,18.5,18.05,18.39,44772
2015-01-28,18.5,18.5,17.88,18.01,57823
2015-01-29,18.21,18.5,18.2,18.5,119282
2015-01-30,18.33,18.48,17.96,17.97,288067
2015-02-02,18.07,18.43,17.93,18.41,85753
2015-02-03,18.39,18.5,18.09,18.2,162242
2015-02-04,18.18,18.44,18.15,18.29,90254
2015-02-05,18.31,18.5,18.23,18.4,237522
2015-02-06,18.38,18.45,18.23,18.4,127850
2015-02-09,18.36,18.4,18.02,18.04,85560
2015-02-10,18.18,18.6,18.09,18.36,74286
2015-02-11,18.78,19.19,18.38,18.43,448531
2015-02-12,18.56,18.67,18.44,18.47,177372
2015-02-13,18.42,18.52,18.2,18.23,78851
2015-02-17,17.98,18.19,17.98,18.09,88856
2015-02-18,18.1,18.27,18.05,18.21,201910
2015-02-19,18.22,18.52,18.12,18.43,72589
2015-02-20,18.46,18.6,18.36,18.4,115478
2015-02-23,18.38,18.47,18.17,18.4,34243
2015-02-24,18.47,18.55,18.27,18.38,63271
2015-02-25,18.3,18.55,18.3,18.51,80891
2015-02-26,18.44,18.78,18.15,18.57,156489
2015-02-27,18.49,18.72,18.47,18.6,121573
2015-03-02,18.52,18.85,18.51,18.81,170697
2015-03-03,18.71,18.92,18.68,18.79,133467
2015-03-04,18.69,18.76,18.46,18.62,70872
2015-03-05,18.59,18.59,18.34,18.37,44535
2015-03-06,18.26,18.44,18.02,18.04,66358
2015-03-09,18.01,18.15,17.87,17.89,36346
2015-03-10,17.79,17.79,17.33,17.36,79622
2015-03-11,17.33,17.44,17.29,17.41,89309
2015-03-12,17.55,18.28,17.55,18.24,67184
2015-03-13,18.26,18.26,17.79,17.87,88030
2015-03-16,17.98,18.18,17.88,18.05,69806
2015-03-17,18.04,18.08,17.78,17.8,90856
2015-03-18,17.48,18.03,17.25,17.9,106559
2015-03-19,17.89,18.02,17.65,17.8,157803
2015-03-20,17.89,18.4,17.82,18.3,281265
2015-03-23,18.2,18.34,18.05,18.07,73129
2015-03-24,18.01,18.18,17.86,18.07,71539
2015-03-25,18.13,18.14,17.79,17.8,95474
2015-03-26,17.8,18.24,17.42,18.17,54425
2015-03-27,18.14,18.23,17.42,18.09,83480
2015-03-30,18.13,18.58,18.05,18.54,127806
2015-03-31,18.43,18.71,18.3,18.7,151174
2015-04-01,18.55,18.78,18.15,18.75,91549
2015-04-02,18.75,18.78,17.41,18.68,77429
2015-04-06,18.69,18.93,18.43,18.89,80461
2015-04-07,18.83,18.96,18.61,18.83,60982
2015-04-08,18.78,18.99,18.14,18.9,80925
2015-04-09,18.85,18.99,18.74,18.8,245560
2015-04-10,18.94,18.98,18.84,18.92,63191
2015-04-13,18.87,19.17,18.85,19.11,84818
2015-04-14,19.21,19.5,18.97,19.48,89645
2015-04-15,19.55,19.75,19.4,19.73,538145
2015-04-16,19.75,19.8,19.6,19.6,72002
2015-04-17,19.5,19.62,19.23,19.28,152016
2015-04-20,19.31,19.65,19.2,19.6,72207
2015-04-21,19.65,19.7,19.44,19.66,54472
2015-04-22,19.66,19.8,19.4,19.68,41303
2015-04-23,19.68,19.84,19.48,19.52,39014
2015-04-24,19.5,19.55,19.4,19.47,38495
2015-04-27,19.47,19.75,19.4,19.6,89837
2015-04-28,19.59,19.7,19.43,19.68,64230
2015-04-29,19.63,19.83,19.44,19.46,48671
2015-04-30,19.4,19.75,19.27,19.34,102813
2015-05-01,19.5,19.73,19.32,19.7,56178
2015-05-04,19.75,19.79,19.4,19.63,106579
2015-05-05,19.93,19.99,19.37,19.75,86601
2015-05-06,19.78,19.93,19.7,19.87,95290
2015-05-07,20.0,20.18,19.91,20.01,89656
2015-05-08,20.19,20.49,19.94,20.09,64546
2015-05-11,20.15,20.15,19.98,20.05,57623
2015-05-12,20.05,20.07,19.52,19.74,81666
2015-05-13,19.85,19.98,19.74,19.87,38973
2015-05-14,19.89,20.14,19.65,19.93,67967
2015-05-15,19.96,19.99,19.61,19.64,77390
2015-05-18,19.46,19.75,19.3,19.64,66404
2015-05-19,19.64,19.98,19.48,19.91,114037
2015-05-20,19.92,19.95,19.54,19.93,56484
2015-05-21,19.93,19.97,19.81,19.89,52946
2015-05-22,19.9,19.93,18.72,19.64,64859
2015-05-26,19.57,19.64,19.12,19.17,74831
2015-05-27,19.26,19.59,18.95,19.49,129653
2015-05-28,19.49,19.68,19.42,19.6,42615
2015-05-29,19.52,19.7,19.4,19.42,70577
2015-06-01,19.56,19.68,19.44,19.56,80027
2015-06-02,19.53,19.67,19.39,19.43,61645
2015-06-03,19.5,20.0,19.33,19.94,143076
2015-06-04,19.9,19.95,19.45,19.57,63017
2015-06-05,19.73,19.73,19.41,19.59,74381
2015-06-08,19.6,19.6,19.43,19.51,78217
2015-06-09,19.57,19.59,19.46,19.51,36089
2015-06-10,19.6,19.76,19.56,19.65,225719
2015-06-11,19.03,19.81,19.03,19.69,120145
2015-06-12,19.7,19.7,19.46,19.52,48459
2015-06-15,19.42,19.53,18.97,19.34,103098
2015-06-16,19.38,19.55,19.21,19.36,101434
2015-06-17,19.46,19.5,19.26,19.37,512733
2015-06-18,19.45,19.78,19.29,19.58,266661
2015-06-19,19.64,19.8,19.62,19.71,239449
2015-06-22,19.89,20.0,19.7,19.82,258037
2015-06-23,19.88,19.88,19.65,19.77,203445
2015-06-24,19.72,19.87,19.72,19.75,167726
2015-06-25,19.77,20.21,19.6,20.1,729962
2015-06-26,20.13,20.78,20.1,20.72,662617
2015-06-29,20.66,20.85,20.53,20.72,376635
2015-06-30,20.81,21.14,20.8,20.83,354890
2015-07-01,21.11,21.34,20.64,20.96,276140
2015-07-02,20.96,21.36,20.96,21.16,207044
2015-07-06,21.16,21.16,20.75,21.08,195979
2015-07-07,21.08,21.32,20.93,21.05,217188
2015-07-08,20.92,21.25,20.83,20.99,109267
2015-07-09,21.28,21.59,21.18,21.42,597744
2015-07-10,21.71,22.35,21.59,22.27,335261
2015-07-13,22.14,22.82,22.03,22.6,523760
2015-07-14,22.43,22.82,22.43,22.54,417356
2015-07-15,22.44,22.72,22.39,22.62,189394
2015-07-16,22.99,23.88,22.92,23.67,573466
2015-07-17,23.61,23.61,22.83,22.95,161903
2015-07-20,22.96,23.58,22.77,22.9,219635
2015-07-21,22.85,23.3,22.82,23.04,272159
2015-07-22,23.06,23.26,22.9,23.03,79089
2015-07-23,23.03,23.2,22.69,22.7,82055
2015-07-24,22.61,22.82,22.56,22.58,105485
2015-07-27,22.34,22.77,22.22,22.63,127152
2015-07-28,22.78,22.93,22.35,22.43,128904
2015-07-29,22.43,22.69,22.36,22.53,64701
2015-07-30,22.5,23.01,22.41,22.79,132025
2015-07-31,22.72,23.17,22.72,22.89,115560
2015-08-03,22.8,23.32,22.6,22.96,171281
2015-08-04,22.55,23.67,20.92,21.51,573540
2015-08-05,21.53,21.72,21.35,21.59,121048
2015-08-06,21.68,21.94,21.4,21.73,94525
2015-08-07,21.63,21.73,21.36,21.56,123099
2015-08-10,21.67,21.79,21.25,21.35,152953
2015-08-11,20.71,20.71,19.27,19.8,559835
2015-08-12,19.32,19.54,18.77,19.09,1217280
2015-08-13,18.8,19.14,18.77,19.1,5339536
2015-08-14,19.05,19.83,19.0,19.76,1288647
2015-08-17,19.58,19.95,19.5,19.86,668464
2015-08-18,19.71,19.89,19.32,19.66,576078
2015-08-19,19.48,19.95,19.4,19.64,722633
2015-08-20,19.88,19.92,19.58,19.71,341270
2015-08-21,19.4,19.75,19.14,19.15,781907
2015-08-24,18.35,19.0,17.52,18.7,530014
2015-08-25,19.17,19.18,18.54,18.7,439062
2015-08-26,19.01,19.01,18.26,18.73,433632
2015-08-27,18.88,19.04,18.59,19.0,311225
2015-08-28,18.87,19.0,18.49,18.6,268403
2015-08-31,18.52,18.66,18.3,18.33,802164
2015-09-01,18.15,18.33,17.98,18.25,570510
2015-09-02,18.33,18.34,17.98,18.27,390020
2015-09-03,18.28,18.62,18.21,18.29,271451
2015-09-04,18.11,18.46,18.07,18.41,187173
2015-09-08,18.61,19.03,18.42,18.9,334192
2015-09-09,19.0,19.19,18.9,19.0,197935
2015-09-10,18.97,19.36,18.85,19.13,245532
2015-09-11,19.0,19.49,19.0,19.27,391266
2015-09-14,19.27,19.54,19.1,19.41,220134
2015-09-15,19.5,19.91,19.44,19.7,314556
2015-09-16,19.75,20.08,19.57,20.01,369798
2015-09-17,19.9,19.97,19.51,19.66,392146
2015-09-18,19.42,20.07,19.3,20.0,925947
2015-09-21,20.07,20.35,19.95,20.21,462617
2015-09-22,20.05,20.25,19.88,19.92,224014
2015-09-23,19.9,20.22,19.8,19.96,230734
2015-09-24,19.94,20.04,19.71,19.91,290353
2015-09-25,20.09,20.51,19.67,19.73,203036
2015-09-28,19.71,19.72,19.18,19.34,352179
2015-09-29,19.35,19.39,19.09,19.24,154143
2015-09-30,19.39,19.47,19.12,19.29,403809
2015-10-01,19.21,19.29,18.56,18.98,340021
2015-10-02,18.92,18.95,18.6,18.67,287237
2015-10-05,18.84,19.27,18.52,19.22,538668
2015-10-06,19.15,19.33,19.06,19.18,232738
2015-10-07,19.29,19.35,19.16,19.25,279764
2015-10-08,19.24,19.54,19.22,19.47,258995
2015-10-09,19.49,19.77,19.37,19.49,145472
2015-10-12,19.53,19.69,19.47,19.65,138871
2015-10-13,19.56,19.86,19.04,19.18,141339
2015-10-14,19.2,19.54,19.13,19.21,134754
2015-10-15,19.24,19.59,19.04,19.57,178569
2015-10-16,19.65,19.89,19.44,19.77,215695
2015-10-19,19.64,20.23,19.58,20.22,263641
2015-10-20,20.27,20.43,20.04,20.28,219720
2015-10-21,20.33,20.35,19.49,19.54,136001
2015-10-22,19.66,19.98,19.52,19.67,82498
2015-10-23,19.77,19.77,18.97,19.15,225399
2015-10-26,19.16,19.99,19.05,19.36,202755
2015-10-27,19.33,19.33,18.54,18.94,310450
2015-10-28,18.95,19.53,18.92,19.5,197821
2015-10-29,19.44,19.56,19.28,19.41,89467
2015-10-30,19.47,19.73,18.94,19.71,287687
2015-11-02,19.65,20.08,19.62,19.86,365279
2015-11-03,20.6,21.5,20.43,21.47,824279
2015-11-04,21.44,21.48,21.17,21.4,437272
2015-11-05,21.37,21.63,21.25,21.59,90295
2015-11-06,21.47,21.98,21.47,21.81,294118
2015-11-09,21.79,21.97,21.69,21.8,140560
2015-11-10,21.75,21.96,21.45,21.51,217385
2015-11-11,21.63,21.9,21.5,21.59,154379
2015-11-12,21.52,21.71,21.31,21.46,135560
2015-11-13,21.33,21.81,21.26,21.6,141568
2015-11-16,21.51,21.92,20.91,21.34,337276
2015-11-17,21.33,21.61,21.21,21.23,191767
2015-11-18,21.26,21.53,21.1,21.34,195527
2015-11-19,21.41,21.41,21.0,21.24,173663
2015-11-20,21.25,21.56,21.08,21.24,196606
2015-11-23,21.28,21.55,21.21,21.47,88303
2015-11-24,21.5,21.5,21.07,21.37,91768
2015-11-25,21.45,21.71,21.23,21.5,136706
2015-11-27,21.47,21.74,21.43,21.56,54545
2015-11-30,21.53,22.23,21.51,21.91,445895
2015-12-01,22.06,22.31,21.76,22.12,181434
2015-12-02,22.03,22.33,21.76,22.13,193155
2015-12-03,22.29,22.42,22.04,22.09,176472
2015-12-04,22.07,22.37,22.04,22.14,122274
2015-12-07,22.06,22.3,21.89,21.97,185690
2015-12-08,21.76,22.06,21.64,21.95,131990
2015-12-09,21.98,22.23,18.76,21.71,138054
2015-12-10,21.66,21.85,21.35,21.41,130554
2015-12-11,21.14,21.37,20.7,21.12,146737
2015-12-14,21.2,21.45,20.97,21.08,165454
2015-12-15,21.2,21.39,20.95,21.24,133863
2015-12-16,21.4,21.86,21.13,21.71,284414
2015-12-17,21.85,22.17,21.55,22.03,170959
2015-12-18,22.03,22.36,21.57,21.62,563255
2015-12-21,21.73,22.07,21.48,21.75,126219
2015-12-22,21.82,22.13,21.66,22.0,178623
2015-12-23,22.17,22.46,21.86,21.98,164785
2015-12-24,21.98,22.21,21.89,22.09,83825
2015-12-28,22.11,22.35,21.28,22.24,131176
2015-12-29,22.43,22.6,22.25,22.59,235777
2015-12-30,22.59,22.61,22.12,22.15,85516
2015-12-31,22.1,22.24,21.69,21.86,189067
2016-01-04,21.49,21.53,20.61,21.17,259117
2016-01-05,20.92,21.21,20.65,20.81,258969
2016-01-06,20.62,21.12,20.38,20.5,178626
2016-01-07,20.2,20.43,19.55,20.1,171574
2016-01-08,20.15,20.62,19.7,19.75,246911
2016-01-11,19.79,20.0,19.38,19.71,241401
2016-01-12,19.88,19.97,19.32,19.54,118112
2016-01-13,19.62,19.95,18.63,18.84,275159
2016-01-14,19.02,19.35,18.71,19.19,260339
2016-01-15,18.74,19.36,18.74,19.22,300536
2016-01-19,19.33,19.45,18.56,18.91,303084
2016-01-20,18.61,18.89,18.04,18.38,371271
2016-01-21,18.3,18.88,18.29,18.4,225451
2016-01-22,18.49,19.1,18.42,19.06,173182
2016-01-25,19.01,19.74,19.01,19.66,294407
2016-01-26,20.65,20.69,20.05,20.38,377633
2016-01-27,20.39,20.49,19.52,19.59,197311
2016-01-28,19.55,20.65,19.22,19.54,209279
2016-01-29,19.65,19.87,19.47,19.79,169647
2016-02-01,19.7,20.32,19.55,20.13,188143
2016-02-02,20.0,20.0,19.63,19.89,252374
2016-02-03,20.01,20.26,18.76,20.13,207513
2016-02-04,20.17,20.32,19.62,19.75,130510
2016-02-05,19.73,19.8,19.24,19.49,154619
2016-02-08,19.28,19.54,18.79,19.18,237965
2016-02-09,18.9,19.53,18.79,19.3,201704
2016-02-10,21.6,21.6,19.5,19.97,310954
2016-02-11,19.64,19.78,19.03,19.07,317118
2016-02-12,19.23,19.6,19.13,19.36,130335
2016-02-16,19.58,19.83,19.12,19.34,158345
2016-02-17,19.34,19.53,19.31,19.35,155061
2016-02-18,19.29,19.85,19.23,19.69,149658
2016-02-19,19.64,19.99,19.46,19.85,166735
2016-02-22,19.99,20.22,19.85,20.05,159060
2016-02-23,20.08,20.26,19.62,19.65,236044
2016-02-24,19.54,20.0,19.42,19.89,92276
2016-02-25,19.84,20.08,19.72,19.99,101860
2016-02-26,20.08,20.24,20.01,20.08,156250
2016-02-29,20.07,20.16,19.8,19.93,231002
2016-03-01,19.99,20.14,19.9,20.13,185450
2016-03-02,20.13,20.18,19.91,20.13,280012
2016-03-03,20.1,20.2,19.96,20.13,848370
2016-03-04,20.14,20.79,20.06,20.67,159395
2016-03-07,20.62,20.79,20.52,20.75,112612
2016-03-08,20.69,20.69,19.98,20.39,254458
2016-03-09,20.43,20.79,20.32,20.66,142100
2016-03-10,20.66,20.9,20.51,20.66,144270
2016-03-11,20.79,20.93,20.6,20.88,114786
2016-03-14,20.92,21.02,20.8,20.89,127228
2016-03-15,20.74,21.31,20.57,20.95,598093
2016-03-16,20.95,21.06,20.78,21.03,137364
2016-03-17,20.98,21.93,20.75,21.87,258491
2016-03-18,22.05,22.18,20.81,21.69,448363
2016-03-21,21.6,21.82,21.21,21.33,124030
2016-03-22,21.21,21.69,21.17,21.53,340650
2016-03-23,21.5,21.85,21.35,21.44,219413
2016-03-24,21.35,21.36,20.81,21.26,189361
2016-03-28,21.36,21.54,21.08,21.2,120136
2016-03-29,21.21,21.69,21.05,21.68,199566
2016-03-30,21.71,21.77,21.38,21.63,211402
2016-03-31,21.57,21.65,21.28,21.59,456327
2016-04-01,21.46,21.88,21.4,21.75,288621
2016-04-04,21.72,21.87,21.32,21.35,521854
2016-04-05,21.33,21.6,21.06,21.37,230484
2016-04-06,21.44,21.72,21.18,21.67,160032
2016-04-07,21.54,21.67,21.24,21.56,331759
2016-04-08,21.71,21.74,21.26,21.56,223888
2016-04-11,21.71,21.86,21.58,21.82,193981
2016-04-12,21.78,21.9,21.71,21.85,176053
2016-04-13,21.85,22.25,21.79,22.2,164361
2016-04-14,22.26,22.45,22.15,22.35,150267
2016-04-15,22.27,22.61,22.14,22.56,231334
2016-04-18,22.5,22.6,22.41,22.55,134271
2016-04-19,22.58,22.77,22.41,22.52,155693
2016-04-20,22.5,22.56,22.36,22.38,128194
2016-04-21,22.44,22.65,21.93,21.94,252151
2016-04-22,21.93,22.35,21.93,22.25,182533
2016-04-25,22.17,22.17,21.8,22.01,110314
2016-04-26,22.09,22.35,22.03,22.3,107777
2016-04-27,22.25,22.48,22.18,22.32,71949
2016-04-28,22.04,22.26,21.02,21.06,570377
2016-04-29,20.98,21.23,19.98,20.19,777680
2016-05-02,20.34,20.8,20.21,20.53,241614
2016-05-03,21.25,22.0,20.97,21.85,438588
2016-05-04,21.81,21.87,21.2,21.38,259785
2016-05-05,21.53,22.12,21.5,21.53,307182
2016-05-06,21.43,21.64,21.25,21.41,238499
2016-05-09,21.27,21.56,21.11,21.51,251584
2016-05-10,21.49,21.78,21.49,21.59,366064
2016-05-11,21.6,21.92,21.33,21.44,338761
2016-05-12,21.49,21.58,21.29,21.45,246617
2016-05-13,21.48,21.63,21.25,21.27,171070
2016-05-16,21.35,21.51,21.03,21.44,338848
2016-05-17,21.43,21.54,21.05,21.06,294727
2016-05-18,21.03,21.47,20.99,21.36,221575
2016-05-19,21.22,21.49,21.1,21.31,178336
2016-05-20,21.4,21.49,21.01,21.1,398931
2016-05-23,21.08,21.14,20.68,20.75,397716
2016-05-24,20.77,20.96,20.73,20.85,608289
2016-05-25,20.95,21.01,20.77,20.83,358655
2016-05-26,20.86,20.9,20.73,20.75,644670
2016-05-27,20.73,20.8,20.56,20.7,413316
2016-05-31,20.72,20.75,20.64,20.73,669169
2016-06-01,20.69,21.92,20.61,21.89,484362
2016-06-02,21.79,21.87,21.43,21.54,320587
2016-06-03,21.54,21.54,21.13,21.35,147783
2016-06-06,21.32,21.44,20.7,21.23,260975
2016-06-07,21.15,21.24,20.99,21.21,521884
2016-06-08,21.15,22.1,21.11,22.03,789677
2016-06-09,21.9,22.25,21.3,22.04,911442
2016-06-10,22.01,22.11,21.43,21.49,195457
2016-06-13,21.57,21.66,21.19,21.21,194778
2016-06-14,21.16,21.48,21.02,21.09,151450
2016-06-15,21.23,21.33,20.94,20.94,159155
2016-06-16,20.9,21.09,20.68,20.99,166037
2016-06-17,20.91,21.5,20.42,20.84,905230
2016-06-20,20.82,21.3,20.82,21.18,262855
2016-06-21,21.2,21.48,21.11,21.45,323250
2016-06-22,21.4,21.57,21.04,21.09,192350
2016-06-23,21.35,21.65,21.16,21.63,170028
2016-06-24,20.88,21.46,20.08,20.88,1970131
2016-06-27,20.58,20.67,20.04,20.17,322613
2016-06-28,20.4,20.65,20.18,20.64,347037
2016-06-29,20.75,20.89,20.55,20.85,387549
2016-06-30,20.88,21.5,20.74,21.42,497958
2016-07-01,21.34,21.57,21.13,21.36,267804
2016-07-05,21.05,21.26,20.94,21.05,380308
2016-07-06,20.96,21.0,20.49,20.55,299950
2016-07-07,20.59,20.69,20.21,20.51,314811
2016-07-08,20.62,20.93,20.31,20.9,214394
2016-07-11,20.87,21.06,20.81,20.98,128754
2016-07-12,21.04,21.38,21.03,21.3,180641
2016-07-13,21.45,21.45,21.2,21.26,286432
2016-07-14,21.44,21.46,21.27,21.29,93416
2016-07-15,21.43,21.65,21.23,21.32,123462
2016-07-18,21.41,21.44,21.18,21.26,107920
2016-07-19,21.26,21.38,20.89,21.3,125685
2016-07-20,21.34,21.56,21.26,21.46,90385
2016-07-21,21.39,21.49,21.33,21.47,117825
2016-07-22,21.42,21.72,21.42,21.6,56318
2016-07-25,21.5,21.55,20.51,21.06,243493
2016-07-26,21.05,21.22,20.59,20.8,196855
2016-07-27,20.77,20.94,20.61,20.87,140793
2016-07-28,20.86,21.26,20.74,21.11,316147
2016-07-29,21.14,21.14,20.47,20.63,266694
2016-08-01,20.57,21.16,20.51,21.08,258620
2016-08-02,21.43,21.93,20.98,21.21,407410
2016-08-03,21.27,21.55,21.27,21.43,217966
2016-08-04,21.48,21.48,21.05,21.13,181216
2016-08-05,21.26,21.94,21.26,21.84,214253
2016-08-08,21.85,22.04,21.76,21.98,119116
2016-08-09,22.04,22.42,22.04,22.42,180168
2016-08-10,22.31,22.38,22.05,22.14,90423
2016-08-11,22.09,22.36,22.09,22.33,101281
2016-08-12,22.21,22.34,22.14,22.29,87633
2016-08-15,22.24,22.44,22.22,22.39,103047
2016-08-16,22.29,22.36,22.17,22.17,99774
2016-08-17,22.25,22.25,21.9,22.03,126325
2016-08-18,22.07,22.18,21.99,22.09,200242
2016-08-19,22.04,22.2,21.96,22.01,161280
2016-08-22,21.92,22.18,21.86,22.04,134013
2016-08-23,22.02,22.25,21.91,21.94,133467
2016-08-24,21.9,22.1,21.83,21.93,87154
2016-08-25,21.81,22.19,21.81,22.16,172112
2016-08-26,22.27,22.85,22.19,22.3,141302
2016-08-29,22.35,22.58,22.34,22.45,85511
2016-08-30,22.53,22.81,22.47,22.8,129003
2016-08-31,22.81,22.96,22.65,22.79,165266
2016-09-01,22.85,22.94,21.93,22.72,110605
2016-09-02,22.75,22.83,22.63,22.81,80211
2016-09-06,22.8,22.98,22.58,22.68,90139
2016-09-07,22.6,22.9,22.57,22.79,167670
2016-09-08,22.7,22.75,22.4,22.46,132369
2016-09-09,22.38,22.38,21.85,21.86,169826
2016-09-12,21.83,21.98,21.58,21.95,188561
2016-09-13,21.76,21.87,21.49,21.5,180440
2016-09-14,21.56,21.83,21.39,21.56,104037
2016-09-15,21.56,21.87,21.52,21.85,96164
2016-09-16,21.94,21.94,21.35,21.52,311459
2016-09-19,21.62,21.92,21.52,21.9,180645
2016-09-20,21.94,21.97,21.75,21.86,104757
2016-09-21,21.88,22.1,21.86,21.99,82946
2016-09-22,22.0,22.43,21.96,22.41,134368
2016-09-23,22.3,22.4,22.08,22.27,235670
2016-09-26,22.1,22.31,21.98,22.0,205722
2016-09-27,22.0,22.23,21.88,22.0,530300
2016-09-28,21.99,22.88,21.94,22.85,338197
2016-09-29,22.79,23.12,22.53,22.54,275621
2016-09-30,22.56,22.56,22.19,22.24,283758
2016-10-03,22.07,22.33,21.62,21.75,98841
2016-10-04,21.75,21.78,21.49,21.73,102893
2016-10-05,21.74,21.88,21.62,21.77,172536
2016-10-06,21.7,21.75,21.44,21.65,119686
2016-10-07,21.61,21.88,21.61,21.78,438323
2016-10-10,21.87,22.12,21.87,22.01,102642
2016-10-11,21.88,22.0,21.7,21.88,102798
2016-10-12,21.94,22.29,21.92,22.26,121139
2016-10-13,22.12,22.26,21.96,22.09,163373
2016-10-14,22.19,22.29,21.96,22.21,168726
2016-10-17,22.16,22.34,22.11,22.2,124196
2016-10-18,22.37,22.37,22.03,22.16,160861
2016-10-19,22.24,22.25,22.05,22.17,113638
2016-10-20,22.07,22.17,21.31,21.38,260061
2016-10-21,21.19,21.52,21.19,21.22,268782
2016-10-24,21.33,21.57,21.26,21.29,296307
2016-10-25,21.26,21.37,21.21,21.32,125457
2016-10-26,21.24,21.36,20.57,20.6,167277
2016-10-27,20.69,20.77,20.32,20.56,157379
2016-10-28,20.51,20.77,20.43,20.62,67223
2016-10-31,20.64,20.81,20.53,20.55,162624
2016-11-01,20.64,20.72,20.43,20.47,147251
2016-11-02,20.46,20.6,20.35,20.43,190023
2016-11-03,18.54,20.31,18.04,20.3,371365
2016-11-04,20.29,20.45,20.14,20.42,252048
2016-11-07,20.76,20.77,20.27,20.5,212020
2016-11-08,20.46,20.65,19.67,20.58,143075
2016-11-09,20.72,21.66,18.52,21.58,245709
2016-11-10,21.83,22.46,21.7,22.3,244975
2016-11-11,22.3,22.95,22.03,22.77,321826
2016-11-14,22.94,23.12,22.55,23.05,313656
2016-11-15,23.09,23.33,22.7,23.16,151012
2016-11-16,23.15,23.56,23.09,23.56,343153
2016-11-17,23.45,23.59,23.26,23.46,409554
2016-11-18,23.27,23.27,22.32,22.5,329013
2016-11-21,22.56,22.76,22.49,22.63,194504
2016-11-22,22.7,23.02,22.53,22.9,367732
2016-11-23,22.91,23.12,22.73,23.08,125348
2016-11-25,23.14,23.18,22.93,23.17,55012
2016-11-28,23.14,23.41,22.63,22.72,281212
2016-11-29,22.69,22.9,22.59,22.61,153839
2016-11-30,22.84,22.84,22.53,22.59,185134
2016-12-01,22.69,22.95,22.29,22.38,170216
2016-12-02,22.39,22.49,22.23,22.25,126370
2016-12-05,22.41,22.55,22.4,22.5,128006
2016-12-06,22.53,22.96,22.46,22.91,164737
2016-12-07,22.84,23.18,22.8,23.04,122969
2016-12-08,23.11,24.35,23.05,24.26,418628
2016-12-09,24.41,24.66,23.95,24.61,273707
2016-12-12,24.78,25.21,24.56,24.92,264857
2016-12-13,24.94,25.22,24.64,24.77,129502
2016-12-14,24.75,24.87,24.41,24.59,103815
2016-12-15,24.69,25.01,24.47,24.62,269688
2016-12-16,24.74,24.93,24.39,24.89,465243
2016-12-19,24.82,25.1,24.7,25.01,253403
2016-12-20,25.18,25.4,24.9,25.15,152822
2016-12-21,25.05,25.33,24.91,25.06,126570
2016-12-22,25.05,25.2,24.78,24.98,109378
2016-12-23,24.92,25.09,24.68,25.06,197201
2016-12-27,25.02,25.2,24.92,25.08,188789
2016-12-28,25.15,25.15,24.92,24.96,126277
2016-12-29,25.03,25.14,24.86,25.0,146943
2016-12-30,25.07,25.1,24.79,24.99,122722
2017-01-03,25.13,25.16,24.71,24.94,136843
2017-01-04,24.97,25.1,24.9,24.99,184062
2017-01-05,25.08,25.14,24.71,24.81,170612
2017-01-06,24.75,24.91,24.62,24.7,102940
2017-01-09,24.64,24.64,24.16,24.41,227145
2017-01-10,24.39,24.77,24.3,24.74,254104
2017-01-11,24.66,25.06,24.48,25.0,251039
2017-01-12,25.0,25.0,24.44,24.79,134905
2017-01-13,24.9,25.25,24.78,24.89,107674
2017-01-17,24.89,24.89,24.42,24.68,317238
2017-01-18,24.91,25.27,24.76,25.17,393762
2017-01-19,25.2,25.2,24.75,24.81,240300
2017-01-20,24.84,25.08,24.24,24.44,366029
2017-01-23,24.51,24.85,24.45,24.66,118197
2017-01-24,24.72,24.89,24.53,24.8,146125
2017-01-25,25.0,25.01,24.62,24.65,130563
2017-01-26,24.72,24.82,24.6,24.73,64841
2017-01-27,24.83,24.83,24.45,24.74,85195
2017-01-30,24.63,24.63,24.18,24.34,154486
2017-01-31,24.22,24.62,24.11,24.49,135646
2017-02-01,24.67,24.99,24.39,24.48,95189
2017-02-02,24.48,24.67,24.26,24.54,87423
2017-02-03,24.74,25.0,24.56,24.93,98309
2017-02-06,24.92,25.11,24.53,24.6,187305
2017-02-07,24.67,24.88,24.45,24.55,122276
2017-02-08,24.51,24.51,24.01,24.19,148103
2017-02-09,24.22,24.84,24.16,24.75,145165
2017-02-10,24.93,24.98,24.65,24.83,155628
2017-02-13,25.02,25.07,24.78,24.84,136556
2017-02-14,24.7,24.95,24.63,24.89,225703
2017-02-15,24.86,25.04,24.57,25.01,148901
2017-02-16,25.09,25.21,24.89,25.19,226683
2017-02-17,25.22,25.29,24.96,25.28,132008
2017-02-21,25.35,25.51,24.99,25.08,137543
2017-02-22,25.02,25.31,24.94,25.26,163598
2017-02-23,25.39,25.56,25.03,25.42,142696
2017-02-24,25.2,25.41,25.11,25.33,155340
2017-02-27,26.21,26.99,24.45,24.62,418412
2017-02-28,24.52,24.85,24.34,24.34,477949
2017-03-01,24.43,24.96,23.7,24.85,445691
2017-03-02,24.84,24.88,24.55,24.71,284837
2017-03-03,24.8,25.07,24.49,24.53,107756
2017-03-06,24.43,24.43,24.16,24.2,119020
2017-03-07,24.2,24.44,24.15,24.2,82554
2017-03-08,24.16,24.41,24.04,24.12,175009
2017-03-09,24.15,24.25,23.93,24.0,139960
2017-03-10,24.17,24.17,23.86,24.02,131002
2017-03-13,24.05,24.08,23.66,23.84,146383
2017-03-14,23.8,23.93,23.42,23.88,156339
2017-03-15,23.94,24.25,23.8,24.16,138353
2017-03-16,24.22,24.3,23.92,24.01,89677
2017-03-17,23.89,23.97,23.06,23.35,647891
2017-03-20,23.34,23.49,23.04,23.21,524475
2017-03-21,23.26,23.35,22.59,22.71,357391
2017-03-22,22.64,22.78,22.17,22.4,348553
2017-03-23,22.6,23.64,22.6,23.24,279467
2017-03-24,23.24,23.24,21.98,22.89,189672
2017-03-27,22.71,23.08,22.17,23.01,150422
2017-03-28,22.97,23.06,22.71,22.99,300515
2017-03-29,23.51,23.63,22.77,23.02,380333
2017-03-30,22.98,23.89,22.95,23.59,327809
2017-03-31,23.55,23.77,23.25,23.76,350573
2017-04-03,23.76,23.76,23.38,23.5,353272
2017-04-04,23.47,23.73,23.42,23.64,183020
2017-04-05,23.73,23.78,23.32,23.33,251574
2017-04-06,23.34,23.49,23.18,23.49,171655
2017-04-07,23.32,23.42,23.18,23.34,566279
2017-04-10,23.34,23.55,23.1,23.21,238966
2017-04-11,23.02,23.02,21.15,21.93,1052151
2017-04-12,21.84,22.13,21.66,21.71,351461
2017-04-13,21.68,21.68,21.39,21.45,234908
2017-04-17,21.51,21.9,21.42,21.9,293914
2017-04-18,21.79,21.93,21.66,21.9,240940
2017-04-19,22.01,22.16,21.86,21.94,937723
2017-04-20,21.98,22.23,21.84,22.21,339670
2017-04-21,22.22,22.44,21.85,22.36,225572
2017-04-24,22.73,22.92,22.54,22.62,198074
2017-04-25,22.78,23.11,22.71,22.89,247043
2017-04-26,22.85,23.25,22.79,23.1,238258
2017-04-27,23.21,23.22,22.78,22.8,122655
2017-04-28,22.88,22.88,22.67,22.74,237571
2017-05-01,22.79,23.01,22.57,22.78,302944
2017-05-02,22.8,22.85,22.59,22.69,145799
2017-05-03,22.57,22.82,22.22,22.43,165306
2017-05-04,22.51,22.64,22.36,22.49,83547
2017-05-05,22.59,22.59,22.32,22.41,156455
2017-05-08,22.03,23.04,21.27,22.03,333280
2017-05-09,22.0,22.04,21.53,21.85,427195
2017-05-10,21.77,22.0,21.62,21.75,504034
2017-05-11,21.71,21.99,21.59,21.84,190381
2017-05-12,21.77,21.85,21.4,21.75,219476
2017-05-15,21.85,21.99,21.71,21.83,130118
2017-05-16,21.81,21.89,21.69,21.79,399567
2017-05-17,21.46,21.78,21.28,21.57,207219
2017-05-18,21.65,22.16,21.65,21.83,257063
2017-05-19,21.73,21.86,21.33,21.44,266815
2017-05-22,21.41,21.65,21.35,21.49,136036
2017-05-23,21.55,21.71,21.35,21.58,113633
2017-05-24,21.59,21.84,21.55,21.83,191665
2017-05-25,21.88,22.08,21.84,21.86,111308
2017-05-26,21.86,22.41,21.83,22.38,284265
2017-05-30,22.37,22.39,21.81,21.81,162009
2017-05-31,21.86,22.02,21.71,21.96,610217
2017-06-01,22.07,22.32,21.83,22.29,255739
2017-06-02,22.29,22.51,22.0,22.02,201124
2017-06-05,21.98,22.04,21.59,21.63,215132
2017-06-06,21.57,21.73,21.47,21.68,162127
2017-06-07,21.71,21.9,21.56,21.64,124710
2017-06-08,21.67,21.98,21.6,21.82,203867
2017-06-09,21.83,22.26,21.71,22.01,726475
2017-06-12,21.99,22.33,21.76,21.82,221161
2017-06-13,21.93,21.93,21.58,21.76,157063
2017-06-14,21.77,21.88,21.64,21.79,167053
2017-06-15,21.66,21.83,21.66,21.81,91817
2017-06-16,21.63,22.24,21.59,22.19,299145
2017-06-19,22.2,22.22,21.96,21.97,271965
2017-06-20,21.78,22.29,21.69,21.69,149035
2017-06-21,21.74,21.88,21.62,21.69,175264
2017-06-22,21.7,21.86,21.55,21.69,197731
2017-06-23,21.74,21.74,21.05,21.06,325850
2017-06-26,21.05,21.47,21.05,21.13,361260
2017-06-27,21.11,21.32,20.98,21.13,196168
2017-06-28,21.25,21.47,21.22,21.36,151210
2017-06-29,21.46,21.84,21.08,21.37,222042
2017-06-30,21.44,21.44,21.04,21.1,165152
2017-07-03,21.25,21.67,21.17,21.59,94493
2017-07-05,21.59,21.59,20.92,20.95,128779
2017-07-06,20.93,20.93,20.55,20.61,143643
2017-07-07,20.73,21.31,20.6,21.3,218794
2017-07-10,21.22,21.22,20.69,20.69,152967
2017-07-11,20.68,20.79,20.43,20.71,159938
2017-07-12,20.7,20.93,20.58,20.67,120100
2017-07-13,20.6,20.76,20.49,20.68,99539
2017-07-14,20.68,20.96,20.65,20.7,525137
2017-07-17,20.71,20.78,20.55,20.66,234325
2017-07-18,20.53,21.1,20.53,21.03,386587
2017-07-19,21.01,21.3,21.01,21.29,130644
2017-07-20,21.18,21.74,21.0,21.71,367871
2017-07-21,21.96,21.96,21.31,21.37,129781
2017-07-24,21.28,21.34,21.04,21.26,66331
2017-07-25,21.34,21.76,21.34,21.58,94314
2017-07-26,21.59,21.68,21.23,21.26,66396
2017-07-27,21.33,21.44,21.19,21.26,75064
2017-07-28,21.22,21.49,21.15,21.46,65442
2017-07-31,21.56,21.56,21.2,21.21,219327
2017-08-01,21.36,21.38,21.19,21.29,157896
