Date,Open,High,Low,Close,Volume
2016-06-02,16.11,21.0,16.11,18.59,3489073
2016-06-03,19.47,19.6,17.31,18.54,842431
2016-06-06,18.3,18.79,16.25,16.41,667176
2016-06-07,16.19,16.63,15.03,15.64,524733
2016-06-08,15.83,16.18,15.55,15.8,249153
2016-06-09,15.81,15.98,15.38,15.5,194174
2016-06-10,15.25,15.64,14.22,14.25,288476
2016-06-13,14.0,14.45,14.0,14.0,570990
2016-06-14,14.0,14.05,14.0,14.01,502029
2016-06-15,14.01,14.09,13.98,14.05,229647
2016-06-16,14.0,14.88,13.98,14.01,514052
2016-06-17,14.18,14.23,13.95,14.1,154209
2016-06-20,14.21,14.55,14.0,14.04,98740
2016-06-21,14.02,14.14,14.0,14.02,97902
2016-06-22,13.96,14.21,13.96,14.09,72351
2016-06-23,14.18,14.18,13.52,14.03,150206
2016-06-24,13.54,13.88,12.7,12.71,256205
2016-06-27,13.0,13.9,12.75,12.95,425851
2016-06-28,13.07,13.47,13.0,13.22,184839
2016-06-29,13.09,13.39,12.51,12.62,170349
2016-06-30,12.71,12.97,12.36,12.5,141823
2016-07-01,12.58,13.48,12.46,12.87,203902
2016-07-05,13.24,13.61,12.85,13.51,71236
2016-07-06,13.56,14.2,13.56,13.74,177545
2016-07-07,14.0,14.35,13.9,13.99,77997
2016-07-08,14.0,14.06,13.3,13.67,83312
2016-07-11,13.62,13.7,12.88,12.91,82229
2016-07-12,12.93,13.22,12.53,12.72,66829
2016-07-13,12.61,12.99,12.61,12.82,28914
2016-07-14,12.77,12.8,12.55,12.64,20010
2016-07-15,12.55,12.84,12.35,12.46,63178
2016-07-18,12.35,12.72,12.34,12.55,8109
2016-07-19,12.46,12.46,11.28,11.44,114476
2016-07-20,11.64,11.93,10.91,11.15,102790
2016-07-21,11.15,11.98,11.11,11.15,13305
2016-07-22,11.15,11.36,10.95,11.27,35929
2016-07-25,11.39,11.39,10.58,10.65,76662
2016-07-26,10.71,10.8,10.5,10.71,82295
2016-07-27,10.95,10.95,9.79,10.42,106677
2016-07-28,10.51,10.51,9.96,10.11,57056
2016-07-29,10.03,10.15,9.98,10.1,34307
2016-08-01,9.98,10.14,9.91,9.98,38186
2016-08-02,10.09,10.09,9.91,9.99,25861
2016-08-03,10.0,10.08,9.94,9.98,17320
2016-08-04,9.98,10.1,9.9,10.05,109293
2016-08-05,10.12,10.15,10.02,10.08,41208
2016-08-08,10.0,10.0,9.9,9.96,45157
2016-08-09,9.9,9.97,9.9,9.97,23307
2016-08-10,10.6,11.0,10.09,10.4,240104
2016-08-11,10.5,10.97,10.44,10.6,74442
2016-08-12,10.71,11.5,10.71,11.5,146530
2016-08-15,11.64,12.26,11.55,11.86,138903
2016-08-16,11.94,12.59,11.6,11.73,109906
2016-08-17,11.9,12.74,11.52,12.44,79978
2016-08-18,12.68,13.43,11.81,12.7,252396
2016-08-19,12.78,13.13,12.61,12.79,42663
2016-08-22,12.8,12.99,12.28,12.32,114832
2016-08-23,12.45,12.94,12.33,12.76,78073
2016-08-24,12.7,12.9,11.88,12.11,288003
2016-08-25,12.22,12.52,11.98,12.26,49145
2016-08-26,12.24,12.7,12.07,12.39,30815
2016-08-29,12.38,12.75,12.38,12.61,47620
2016-08-30,12.7,13.5,12.5,13.22,161698
2016-08-31,13.15,13.29,12.8,13.11,99394
2016-09-01,13.24,13.24,12.26,12.46,93333
2016-09-02,12.35,12.79,12.27,12.52,20340
2016-09-06,12.8,12.8,12.26,12.47,50577
2016-09-07,12.43,13.07,12.4,12.81,44049
2016-09-08,12.75,13.35,12.75,13.25,67226
2016-09-09,13.25,13.4,13.06,13.18,36988
2016-09-12,13.08,13.25,13.0,13.2,37720
2016-09-13,13.11,13.11,12.0,13.0,118528
2016-09-14,13.0,13.35,12.68,13.2,114020
2016-09-15,13.33,15.8,12.73,15.35,527779
2016-09-16,15.07,15.33,13.89,14.5,305771
2016-09-19,14.54,14.62,13.16,13.62,441285
2016-09-20,13.75,13.75,12.7,13.21,162886
2016-09-21,13.05,13.54,13.05,13.51,49877
2016-09-22,13.93,13.93,13.28,13.76,115590
2016-09-23,13.5,13.96,13.27,13.41,72541
2016-09-26,13.39,13.46,12.64,12.85,91440
2016-09-27,12.65,13.2,12.5,12.78,66532
2016-09-28,12.7,13.8,12.7,13.72,137671
2016-09-29,13.73,13.79,13.35,13.42,185009
2016-09-30,13.44,13.8,13.0,13.15,775275
2016-10-03,13.35,13.7,13.01,13.22,126749
2016-10-04,13.27,13.37,13.02,13.06,22287
2016-10-05,13.13,13.21,12.81,13.09,81332
2016-10-06,13.15,13.18,12.92,13.07,25446
2016-10-07,13.03,13.59,12.87,13.41,71738
2016-10-10,13.38,13.38,13.05,13.33,61653
2016-10-11,13.34,13.8,13.18,13.67,89017
2016-10-12,13.56,13.76,13.09,13.22,45320
2016-10-13,13.1,13.75,12.76,12.84,80757
2016-10-14,12.96,13.24,12.65,12.79,53939
2016-10-17,12.66,12.98,12.6,12.85,26221
2016-10-18,13.19,13.8,13.08,13.69,85516
2016-10-19,13.4,13.88,13.38,13.62,48689
2016-10-20,13.51,13.76,13.28,13.68,32970
2016-10-21,13.55,13.71,13.42,13.45,34660
2016-10-24,13.5,13.7,13.21,13.25,20733
2016-10-25,13.41,13.68,13.08,13.14,66305
2016-10-26,13.16,13.26,12.95,13.03,42783
2016-10-27,12.96,13.26,12.66,12.92,55475
2016-10-28,12.83,13.17,12.83,13.01,32205
2016-10-31,12.9,13.22,12.76,13.13,68755
2016-11-01,13.13,13.13,12.65,12.86,36671
2016-11-02,12.78,12.84,12.42,12.46,29073
2016-11-03,12.58,12.58,10.99,11.05,135283
2016-11-04,11.02,11.28,10.8,11.1,76094
2016-11-07,11.24,11.77,10.9,11.17,80337
2016-11-08,11.01,11.4,9.92,10.09,198349
2016-11-09,9.67,10.82,9.67,10.1,128184
2016-11-10,10.35,10.7,10.03,10.5,56502
2016-11-11,10.49,11.11,10.34,11.04,119163
2016-11-14,11.07,11.76,11.07,11.55,67107
2016-11-15,11.54,12.51,11.31,11.75,166400
2016-11-16,11.91,12.37,11.56,11.77,49754
2016-11-17,11.91,12.15,11.86,11.98,36680
2016-11-18,12.02,12.38,11.53,11.72,47041
2016-11-21,11.62,12.18,11.62,11.98,57383
2016-11-22,11.96,12.12,11.73,11.98,49541
2016-11-23,12.02,12.36,11.99,12.24,93238
2016-11-25,12.19,12.61,12.05,12.54,50911
2016-11-28,12.49,13.12,12.19,12.99,124950
2016-11-29,12.94,13.1,11.81,11.94,162354
2016-11-30,12.14,12.26,11.28,11.53,215313
2016-12-01,11.55,11.99,11.05,11.32,115512
2016-12-02,11.0,11.15,10.3,10.6,433434
2016-12-05,10.59,10.59,9.73,9.97,334765
2016-12-06,9.99,10.05,9.61,9.92,165219
2016-12-07,10.05,10.19,9.72,9.91,208337
2016-12-08,10.0,10.05,9.62,10.0,109768
2016-12-09,10.01,10.99,10.0,10.48,253103
2016-12-12,10.57,11.25,10.5,10.58,582312
2016-12-13,10.57,11.3,10.57,10.86,491639
2016-12-14,10.76,11.88,10.76,11.61,518354
2016-12-15,11.73,11.95,9.7,9.71,1036205
2016-12-16,9.78,10.38,9.73,10.34,4394837
2016-12-19,10.31,10.48,10.08,10.37,147089
2016-12-20,10.38,11.18,10.38,11.14,208578
2016-12-21,11.16,11.9,10.93,11.69,161249
2016-12-22,11.68,11.79,10.51,10.57,135213
2016-12-23,10.61,11.11,10.61,10.96,82393
2016-12-27,10.98,11.05,10.71,10.86,124806
2016-12-28,10.81,11.03,10.24,10.38,103421
2016-12-29,10.36,10.44,10.04,10.09,93485
2016-12-30,10.05,10.26,9.81,9.94,131426
2017-01-03,10.07,10.29,9.61,9.83,154020
2017-01-04,10.05,10.36,9.83,10.31,160368
2017-01-05,10.49,10.49,9.95,10.27,79713
2017-01-06,10.77,10.87,10.28,10.56,153184
2017-01-09,10.53,10.56,10.02,10.07,200267
2017-01-10,10.03,10.26,10.01,10.16,95511
2017-01-11,10.1,10.26,9.71,9.93,141585
2017-01-12,9.92,10.01,9.51,9.88,149558
2017-01-13,9.95,10.19,9.85,10.0,166390
2017-01-17,9.97,9.98,9.66,9.76,105046
2017-01-18,9.75,10.02,9.7,9.87,63049
2017-01-19,9.86,9.99,9.52,9.56,75639
2017-01-20,9.55,9.8,9.51,9.57,126517
2017-01-23,9.52,9.65,9.42,9.51,147676
2017-01-24,9.52,9.8,9.4,9.55,151463
2017-01-25,9.63,9.67,9.45,9.6,85896
2017-01-26,9.52,9.86,9.37,9.4,73765
2017-01-27,9.31,9.59,9.07,9.11,150218
2017-01-30,9.08,9.16,8.16,8.25,288746
2017-01-31,8.5,8.5,7.92,8.14,257358
2017-02-01,8.13,8.34,7.63,8.08,241909
2017-02-02,8.05,8.24,7.87,7.98,85057
2017-02-03,8.0,8.06,7.9,7.95,102225
2017-02-06,7.95,7.95,7.5,7.58,218721
2017-02-07,7.56,7.82,7.43,7.66,122309
2017-02-08,7.63,7.78,7.5,7.59,94202
2017-02-09,7.54,7.87,7.54,7.8,162234
2017-02-10,7.84,7.99,7.61,7.89,127163
2017-02-13,7.98,8.02,7.84,7.95,122422
2017-02-14,8.0,8.16,7.75,7.84,164732
2017-02-15,7.85,7.97,7.8,7.95,112464
2017-02-16,7.8,7.91,7.68,7.8,88298
2017-02-17,7.79,7.96,7.74,7.84,132773
2017-02-21,7.68,7.81,7.68,7.76,109582
2017-02-22,7.74,7.93,7.62,7.7,83248
2017-02-23,7.69,7.88,7.57,7.62,103165
2017-02-24,7.55,7.64,7.37,7.54,98606
2017-02-27,7.52,7.8,7.26,7.74,176127
2017-02-28,7.75,7.75,7.5,7.57,82735
2017-03-01,7.64,7.79,7.46,7.64,128621
2017-03-02,7.59,7.67,7.38,7.57,90763
2017-03-03,7.57,7.6,7.03,7.17,135005
2017-03-06,7.14,7.14,5.45,5.5,946383
2017-03-07,5.04,5.49,4.54,4.94,703772
2017-03-08,4.98,5.09,4.54,4.64,442390
2017-03-09,4.64,4.83,4.5,4.55,250482
2017-03-10,4.58,4.59,4.0,4.33,442938
2017-03-13,4.33,4.39,4.01,4.1,359310
2017-03-14,4.0,4.21,3.86,4.11,272138
2017-03-15,4.11,4.25,4.11,4.21,112111
2017-03-16,4.23,5.32,4.23,5.06,586529
2017-03-17,5.06,6.43,5.01,5.51,1218480
2017-03-20,5.47,5.71,5.31,5.52,453263
2017-03-21,5.52,5.72,5.01,5.1,402103
2017-03-22,5.03,5.3,4.97,5.07,313754
2017-03-23,5.05,5.12,4.7,4.76,147094
2017-03-24,4.76,4.93,4.65,4.75,144088
2017-03-27,4.74,5.02,4.57,4.7,111634
2017-03-28,4.66,4.82,4.57,4.72,59974
2017-03-29,4.7,5.05,4.7,4.96,122636
2017-03-30,4.98,5.12,4.82,5.09,144532
2017-03-31,4.71,4.98,4.32,4.96,344427
2017-04-03,5.0,5.42,4.98,5.31,210879
2017-04-04,5.31,5.46,5.06,5.22,218574
2017-04-05,5.25,5.7,5.15,5.45,183270
2017-04-06,5.46,5.46,5.15,5.42,90480
2017-04-07,5.39,5.47,5.18,5.2,97540
2017-04-10,5.22,5.24,4.35,4.45,716490
2017-04-11,4.46,4.52,4.12,4.24,190578
2017-04-12,4.25,4.25,4.0,4.06,125304
2017-04-13,4.03,4.14,3.76,3.86,236822
2017-04-17,3.86,3.86,3.6,3.64,136618
2017-04-18,3.63,3.63,3.44,3.48,198727
2017-04-19,3.48,3.54,3.33,3.52,170217
2017-04-20,3.53,3.75,3.45,3.49,144027
2017-04-21,3.55,3.55,3.3,3.3,177921
2017-04-24,3.34,3.4,3.17,3.2,213168
2017-04-25,3.23,3.56,3.15,3.53,307325
2017-04-26,3.56,3.68,3.21,3.24,290327
2017-04-27,3.21,3.34,3.18,3.32,118961
2017-04-28,3.3,3.35,3.1,3.11,132281
2017-05-01,3.14,3.23,2.94,2.98,198034
2017-05-02,3.01,3.51,3.01,3.12,394529
2017-05-03,3.14,3.25,3.05,3.12,204299
2017-05-04,3.09,3.19,3.07,3.12,77996
2017-05-05,3.11,3.29,3.02,3.17,95229
2017-05-08,3.16,3.32,3.13,3.24,77346
2017-05-09,3.24,3.49,3.15,3.24,121737
2017-05-10,3.23,3.61,3.23,3.44,212633
2017-05-11,2.96,3.4,2.96,3.36,214261
2017-05-12,3.35,3.45,3.21,3.22,99540
2017-05-15,3.25,3.48,3.14,3.17,199481
2017-05-16,3.17,3.32,3.1,3.21,96636
2017-05-17,3.18,3.24,3.02,3.05,164686
2017-05-18,3.01,3.21,3.0,3.2,121173
2017-05-19,3.21,3.21,3.06,3.08,86463
2017-05-22,3.09,3.18,3.06,3.17,82235
2017-05-23,3.18,3.26,3.08,3.19,90643
2017-05-24,3.19,3.21,3.08,3.17,69028
2017-05-25,3.17,3.21,3.03,3.09,103502
2017-05-26,3.09,3.11,3.0,3.07,74781
2017-05-30,3.07,3.21,3.05,3.15,243427
2017-05-31,3.15,3.15,3.0,3.09,66174
2017-06-01,3.09,3.45,3.09,3.42,137912
2017-06-02,3.42,3.62,3.36,3.48,188384
2017-06-05,3.46,3.62,3.07,3.19,237129
2017-06-06,3.2,3.3,3.1,3.13,115007
2017-06-07,3.15,3.68,3.11,3.58,210251
2017-06-08,3.6,3.78,3.34,3.4,186870
2017-06-09,3.43,3.52,3.33,3.39,143793
2017-06-12,3.45,3.45,3.25,3.28,90479
2017-06-13,3.28,3.6,3.18,3.57,172282
2017-06-14,3.6,3.6,3.43,3.55,162524
2017-06-15,3.5,3.68,3.35,3.39,167813
2017-06-16,3.38,3.61,3.38,3.57,165431
2017-06-19,3.65,4.4,3.58,4.35,775247
2017-06-20,4.36,4.65,4.24,4.33,686792
2017-06-21,4.34,4.59,4.16,4.44,278496
2017-06-22,4.48,4.7,4.32,4.64,280687
2017-06-23,4.65,4.66,4.15,4.58,1310357
2017-06-26,4.58,5.0,4.42,4.95,384593
2017-06-27,5.0,5.01,4.54,4.7,485923
2017-06-28,4.73,4.85,4.23,4.47,338058
2017-06-29,4.46,4.53,4.28,4.42,232314
2017-06-30,4.44,4.44,4.1,4.23,197358
2017-07-03,4.23,4.3,4.03,4.13,95932
2017-07-05,4.15,4.29,3.91,4.02,206094
2017-07-06,4.02,4.22,3.76,3.82,303325
2017-07-07,3.85,4.1,3.78,4.08,134783
2017-07-10,4.06,4.17,4.01,4.09,106384
2017-07-11,4.08,4.45,4.01,4.35,213301
2017-07-12,4.4,4.45,4.16,4.27,194471
2017-07-13,4.26,4.38,4.16,4.29,82032
2017-07-14,4.26,4.42,4.18,4.25,150675
2017-07-17,4.25,4.38,4.19,4.27,95289
2017-07-18,4.25,4.33,4.03,4.04,210502
2017-07-19,4.08,4.18,3.84,4.0,290963
2017-07-20,4.03,4.34,3.96,4.32,221938
2017-07-21,4.45,4.46,4.16,4.2,322011
2017-07-24,4.19,4.35,4.14,4.24,90334
2017-07-25,4.25,4.3,4.15,4.22,34724
2017-07-26,4.27,4.41,4.16,4.38,125682
2017-07-27,4.36,4.42,4.15,4.24,170264
2017-07-28,4.21,4.35,4.21,4.3,64115
2017-07-31,4.33,4.33,4.04,4.28,104513
2017-08-01,4.3,4.55,4.11,4.44,176938
