Date,Open,High,Low,Close,Volume
2015-07-16,22.68,22.99,20.57,21.15,12591082
2015-07-17,21.24,21.35,20.0,20.04,1260506
2015-07-20,20.4,21.18,19.58,20.2,485590
2015-07-21,20.0,20.45,19.62,20.0,207677
2015-07-22,20.0,20.82,20.0,20.65,199662
2015-07-23,20.83,20.9,20.33,20.37,95332
2015-07-24,20.22,20.89,19.79,20.0,139124
2015-07-27,20.0,20.17,18.28,19.97,576596
2015-07-28,19.94,20.84,18.72,19.71,294181
2015-07-29,19.46,19.81,19.27,19.7,150521
2015-07-30,19.45,19.73,19.0,19.6,188234
2015-07-31,19.55,19.68,19.43,19.62,99722
2015-08-03,19.56,20.91,19.44,20.88,267256
2015-08-04,20.9,21.19,19.7,20.57,299719
2015-08-05,20.61,20.85,19.8,19.99,237507
2015-08-06,20.0,20.43,19.75,19.95,129565
2015-08-07,19.81,20.06,19.8,19.94,150970
2015-08-10,19.89,20.83,18.8,19.13,310550
2015-08-11,18.86,19.83,18.79,19.31,220060
2015-08-12,19.3,19.93,18.95,19.73,145352
2015-08-13,19.79,19.94,19.12,19.25,101124
2015-08-14,19.42,20.0,18.97,19.91,201500
2015-08-17,19.99,20.4,19.16,19.45,265914
2015-08-18,19.66,20.01,19.18,19.87,110047
2015-08-19,19.75,20.32,19.52,19.81,162911
2015-08-20,19.75,20.03,19.54,19.54,132704
2015-08-21,19.29,19.74,18.28,18.32,331972
2015-08-24,17.36,18.01,16.0,16.72,313979
2015-08-25,17.4,17.74,15.7,15.91,493805
2015-08-26,16.37,16.71,16.22,16.52,230287
2015-08-27,16.86,17.31,16.42,16.62,321943
2015-08-28,16.72,17.63,16.59,17.57,169368
2015-08-31,17.7,17.97,16.97,17.89,184284
2015-09-01,17.62,18.04,17.26,17.55,126512
2015-09-02,17.92,17.97,16.98,17.1,380037
2015-09-03,17.07,17.64,16.22,16.61,365455
2015-09-04,16.31,17.29,16.31,17.03,185257
2015-09-08,17.47,17.81,16.95,17.27,236913
2015-09-09,17.29,18.27,17.0,17.09,316473
2015-09-10,17.48,18.74,17.31,18.25,582143
2015-09-11,18.5,18.78,17.71,18.26,498268
2015-09-14,18.24,18.45,17.78,18.1,405832
2015-09-15,18.19,18.44,17.74,18.19,238376
2015-09-16,18.1,18.7,17.99,18.68,283246
2015-09-17,18.56,18.83,18.25,18.7,257544
2015-09-18,18.33,18.95,17.53,17.82,869746
2015-09-21,17.97,18.64,17.19,17.31,269708
2015-09-22,17.15,17.31,16.82,17.27,244493
2015-09-23,17.25,17.4,16.18,16.36,271356
2015-09-24,16.34,17.96,15.86,16.14,257308
2015-09-25,16.34,17.09,15.96,16.35,336843
2015-09-28,16.29,16.39,15.63,16.16,459143
2015-09-29,16.31,16.81,16.04,16.49,376439
2015-09-30,16.56,16.94,16.0,16.17,2560505
2015-10-01,16.25,16.63,15.45,16.08,536694
2015-10-02,16.29,16.82,15.72,16.73,471939
2015-10-05,16.83,16.88,16.29,16.66,321768
2015-10-06,16.57,16.62,15.95,16.39,227367
2015-10-07,16.4,16.76,16.22,16.59,243436
2015-10-08,16.49,16.6,16.08,16.49,175511
2015-10-09,16.49,17.11,16.4,17.1,187956
2015-10-12,17.03,17.19,16.2,16.94,249799
2015-10-13,16.82,17.1,16.73,16.99,265403
2015-10-14,16.98,17.44,16.1,16.3,331450
2015-10-15,16.28,16.5,15.62,16.18,176058
2015-10-16,16.2,16.32,15.69,15.91,337097
2015-10-19,15.82,15.96,15.65,15.66,159051
2015-10-20,15.69,15.98,15.25,15.38,156312
2015-10-21,15.49,15.6,15.17,15.4,209040
2015-10-22,15.45,15.72,15.22,15.55,599799
2015-10-23,15.6,15.79,15.0,15.28,119158
2015-10-26,15.19,15.67,15.0,15.49,131798
2015-10-27,15.4,15.46,14.88,15.28,284343
2015-10-28,15.47,15.91,15.19,15.34,234142
2015-10-29,15.24,15.97,15.24,15.92,180549
2015-10-30,15.89,16.15,15.6,15.85,171875
2015-11-02,15.91,16.31,15.61,16.2,236550
2015-11-03,16.22,16.93,16.22,16.7,100528
2015-11-04,16.67,16.68,16.21,16.46,158753
2015-11-05,16.54,16.73,16.41,16.54,62827
2015-11-06,16.43,17.25,16.33,17.1,161812
2015-11-09,17.05,17.29,16.6,17.1,146086
2015-11-10,17.06,17.18,16.69,17.0,116008
2015-11-11,17.0,17.0,16.25,16.71,167467
2015-11-12,16.59,17.1,16.5,16.98,121433
2015-11-13,16.82,16.82,16.3,16.65,168693
2015-11-16,16.57,17.4,16.57,17.39,87485
2015-11-17,17.41,18.06,16.75,17.0,316433
2015-11-18,16.96,17.5,16.81,17.26,202670
2015-11-19,17.23,17.23,16.69,16.98,84174
2015-11-20,17.09,17.49,17.09,17.25,178182
2015-11-23,17.25,17.59,17.21,17.24,117745
2015-11-24,17.13,17.47,16.87,17.23,194589
2015-11-25,17.26,17.84,17.2,17.77,172823
2015-11-27,17.8,18.2,17.43,18.04,124207
2015-11-30,18.07,18.19,17.4,17.66,157067
2015-12-01,17.68,17.68,17.22,17.24,78176
2015-12-02,17.31,17.36,16.87,17.08,82275
2015-12-03,17.08,17.25,16.57,16.7,83004
2015-12-04,16.64,16.93,16.58,16.76,63398
2015-12-07,16.8,16.94,16.04,16.17,119414
2015-12-08,16.0,16.54,15.96,16.49,141313
2015-12-09,16.43,16.76,16.05,16.51,317001
2015-12-10,18.03,18.03,15.86,17.08,790631
2015-12-11,17.59,17.74,16.68,17.31,602181
2015-12-14,17.4,18.21,16.13,16.49,412403
2015-12-15,16.49,16.78,15.93,16.66,295135
2015-12-16,16.67,17.15,16.51,17.02,232009
2015-12-17,17.02,17.31,16.72,16.94,406242
2015-12-18,16.8,16.99,16.72,16.83,135738
2015-12-21,16.85,17.07,16.34,16.69,216821
2015-12-22,16.56,16.96,16.47,16.79,128838
2015-12-23,16.8,17.3,16.75,17.21,172130
2015-12-24,17.24,17.38,16.93,16.94,24793
2015-12-28,16.89,16.99,16.54,16.75,123707
2015-12-29,16.75,17.14,16.71,16.81,142534
2015-12-30,16.82,17.01,16.61,17.0,169286
2015-12-31,17.0,17.23,16.75,17.01,169129
2016-01-04,16.73,17.39,16.13,17.33,285842
2016-01-05,17.36,18.25,17.36,17.98,342071
2016-01-06,18.19,19.07,17.8,18.6,485388
2016-01-07,18.18,18.64,17.96,18.34,313907
2016-01-08,18.51,18.76,18.08,18.16,337016
2016-01-11,18.85,19.6,18.0,18.27,494908
2016-01-12,18.77,19.2,17.44,17.5,832224
2016-01-13,17.39,18.25,17.35,17.58,259358
2016-01-14,17.64,18.03,17.19,17.73,685712
2016-01-15,17.35,19.06,17.25,18.82,795814
2016-01-19,19.12,19.55,18.38,18.8,655127
2016-01-20,18.77,19.03,17.97,18.7,319745
2016-01-21,18.6,19.29,18.48,18.72,269921
2016-01-22,19.08,19.64,18.86,19.48,522777
2016-01-25,19.31,19.84,18.97,19.77,323802
2016-01-26,19.77,20.63,19.76,20.58,401139
2016-01-27,20.5,21.01,20.19,20.77,381468
2016-01-28,21.0,21.67,20.72,21.38,627124
2016-01-29,21.45,22.53,21.41,22.35,759624
2016-02-01,21.33,22.24,20.54,21.87,1085086
2016-02-02,21.61,22.5,21.27,22.12,553580
2016-02-03,22.2,22.34,21.01,21.11,415261
2016-02-04,21.11,21.29,20.43,20.73,216206
2016-02-05,20.87,21.4,20.4,20.87,553002
2016-02-08,19.92,20.23,18.97,19.5,570431
2016-02-09,19.26,19.8,18.99,19.21,290322
2016-02-10,19.32,20.15,19.22,19.79,258645
2016-02-11,19.25,20.52,19.25,19.82,214072
2016-02-12,19.81,20.43,19.81,20.3,232574
2016-02-16,20.42,21.76,20.42,21.26,259292
2016-02-17,20.13,22.18,20.0,21.56,629974
2016-02-18,21.89,22.22,20.47,20.89,727256
2016-02-19,20.69,21.68,20.64,21.0,5021647
2016-02-22,21.26,21.44,20.79,21.03,902485
2016-02-23,21.0,21.3,20.2,20.36,725759
2016-02-24,20.25,20.9,19.91,20.78,802831
2016-02-25,20.98,21.28,20.65,20.7,471139
2016-02-26,20.85,21.08,20.19,20.2,559202
2016-02-29,20.21,20.57,19.81,20.2,476346
2016-03-01,20.13,21.07,19.95,20.95,635204
2016-03-02,20.84,20.91,20.22,20.41,247998
2016-03-03,20.46,20.57,19.75,20.29,301570
2016-03-04,20.22,20.88,19.93,20.7,309271
2016-03-07,20.72,20.9,20.08,20.26,449561
2016-03-08,20.25,20.57,20.03,20.18,292452
2016-03-09,20.37,20.72,20.16,20.68,318962
2016-03-10,20.83,21.69,20.39,21.26,548565
2016-03-11,21.44,21.81,21.2,21.44,422158
2016-03-14,21.49,22.0,21.35,21.49,343696
2016-03-15,21.4,21.69,20.89,21.05,241089
2016-03-16,21.0,21.69,20.94,21.6,220122
2016-03-17,21.53,22.0,21.32,21.8,153199
2016-03-18,21.93,23.63,21.93,23.31,1584266
2016-03-21,23.71,23.89,23.01,23.66,581293
2016-03-22,23.54,23.75,22.84,23.18,466082
2016-03-23,23.09,23.23,22.65,22.68,290130
2016-03-24,22.65,22.74,21.37,22.01,633517
2016-03-28,22.03,22.63,21.97,22.5,210483
2016-03-29,22.52,23.03,22.33,23.01,369740
2016-03-30,23.25,23.3,22.68,23.09,223117
2016-03-31,23.16,23.62,23.03,23.43,329715
2016-04-01,23.34,24.0,23.11,23.91,504743
2016-04-04,23.81,23.95,23.15,23.34,453382
2016-04-05,23.22,23.24,22.12,22.49,519471
2016-04-06,22.43,23.01,22.27,22.7,450207
2016-04-07,24.87,25.99,24.01,25.04,2729456
2016-04-08,25.08,25.63,24.26,25.2,887419
2016-04-11,25.32,25.5,24.12,24.12,519186
2016-04-12,24.0,25.88,23.63,25.74,1011290
2016-04-13,26.0,26.47,25.62,26.14,408184
2016-04-14,26.05,26.95,25.99,26.11,544143
2016-04-15,26.24,26.77,25.99,26.67,348169
2016-04-18,26.05,27.35,26.05,27.25,544895
2016-04-19,27.45,28.27,27.21,27.65,812187
2016-04-20,27.84,28.04,26.64,27.06,521195
2016-04-21,27.17,27.44,26.9,27.13,322260
2016-04-22,27.14,27.32,26.96,27.21,288331
2016-04-25,27.21,27.52,26.95,27.01,378937
2016-04-26,27.16,27.36,26.46,27.23,163015
2016-04-27,27.2,27.78,26.7,27.68,163820
2016-04-28,27.72,28.72,26.23,26.72,426918
2016-04-29,26.69,26.91,26.36,26.45,301220
2016-05-02,26.0,26.0,24.76,25.78,722637
2016-05-03,25.73,26.68,25.27,26.26,310316
2016-05-04,26.12,26.26,25.52,25.87,368627
2016-05-05,26.0,26.0,24.79,24.8,404257
2016-05-06,24.88,25.67,24.76,25.33,297619
2016-05-09,25.42,25.74,25.11,25.41,288180
2016-05-10,25.56,25.64,25.14,25.28,276781
2016-05-11,25.06,25.28,24.5,24.53,331566
2016-05-12,24.54,24.88,24.27,24.45,238245
2016-05-13,24.4,24.56,23.73,23.89,432221
2016-05-16,23.75,24.32,23.74,23.96,260480
2016-05-17,23.76,24.16,23.21,23.34,286924
2016-05-18,23.32,23.4,22.81,23.09,268744
2016-05-19,23.1,23.91,22.94,23.45,273241
2016-05-20,23.65,24.24,23.12,23.22,255613
2016-05-23,23.14,23.81,23.05,23.24,335781
2016-05-24,23.37,23.62,23.17,23.43,238002
2016-05-25,23.56,23.86,23.26,23.61,339992
2016-05-26,23.81,25.73,23.81,25.33,604277
2016-05-27,25.44,25.71,24.81,25.6,497241
2016-05-31,25.91,26.55,24.75,25.07,1224515
2016-06-01,24.97,26.4,24.94,26.21,1559199
2016-06-02,25.75,25.88,24.22,25.0,1710909
2016-06-03,25.1,25.65,24.78,25.52,512982
2016-06-06,24.1,25.6,24.04,25.47,996340
2016-06-07,25.31,25.5,24.5,24.66,9145241
2016-06-08,24.7,24.99,24.5,24.53,1414609
2016-06-09,24.56,25.3,24.5,25.16,1460166
2016-06-10,25.06,25.13,24.45,24.62,1139290
2016-06-13,24.39,24.65,23.68,23.94,1231292
2016-06-14,23.94,23.96,22.66,23.16,1658354
2016-06-15,23.16,24.28,23.09,23.78,1202650
2016-06-16,23.87,23.88,22.52,23.26,1335992
2016-06-17,23.33,23.59,23.02,23.33,1227730
2016-06-20,23.45,24.27,23.36,24.07,771878
2016-06-21,24.06,24.24,23.42,23.57,719324
2016-06-22,23.49,23.84,23.47,23.7,676879
2016-06-23,23.77,24.5,23.67,24.42,998349
2016-06-24,23.21,24.08,23.05,23.67,2283352
2016-06-27,23.45,23.45,22.25,23.18,980638
2016-06-28,23.45,24.01,23.16,23.97,785841
2016-06-29,24.07,24.8,23.95,24.69,757664
2016-06-30,24.63,24.98,24.17,24.89,629596
2016-07-01,24.77,24.99,24.52,24.81,388768
2016-07-05,24.69,24.87,23.75,23.87,365767
2016-07-06,23.6,24.38,23.5,24.13,521495
2016-07-07,24.24,24.34,23.87,24.06,413825
2016-07-08,24.24,24.83,24.0,24.74,548586
2016-07-11,24.89,25.39,24.74,25.19,747331
2016-07-12,25.41,25.44,24.95,25.12,783409
2016-07-13,25.14,25.17,24.25,24.31,403312
2016-07-14,24.63,24.78,24.0,24.54,544243
2016-07-15,24.69,24.83,24.37,24.76,450622
2016-07-18,24.8,25.83,24.67,25.7,929542
2016-07-19,25.84,26.83,25.79,26.15,1046147
2016-07-20,26.13,26.33,25.96,26.04,400586
2016-07-21,26.0,26.08,25.36,25.66,393853
2016-07-22,25.68,25.99,25.44,25.74,290445
2016-07-25,25.84,26.02,25.1,25.93,586188
2016-07-26,25.91,26.42,25.53,25.93,501420
2016-07-27,25.93,26.0,25.55,25.72,544755
2016-07-28,25.77,25.77,25.21,25.58,238984
2016-07-29,25.66,26.35,25.42,26.14,364712
2016-08-01,26.23,27.37,25.75,27.2,1654264
2016-08-02,27.37,27.49,25.24,25.91,1497187
2016-08-03,25.72,26.41,24.7,26.36,650179
2016-08-04,26.4,26.8,26.19,26.53,350167
2016-08-05,26.57,27.0,26.57,26.89,301463
2016-08-08,27.02,27.17,26.76,27.16,465685
2016-08-09,27.17,27.26,26.75,26.9,442155
2016-08-10,26.88,27.36,26.87,27.01,392276
2016-08-11,27.38,27.52,27.02,27.48,451603
2016-08-12,27.62,27.98,27.22,27.75,565044
2016-08-15,27.91,28.0,27.19,27.29,251223
2016-08-16,27.26,27.45,26.77,26.86,380124
2016-08-17,26.67,27.16,26.28,26.98,332953
2016-08-18,27.09,27.84,26.9,27.8,543602
2016-08-19,27.91,27.94,27.58,27.72,344242
2016-08-22,27.83,28.0,27.33,27.4,306364
2016-08-23,27.54,28.29,27.54,28.12,683266
2016-08-24,28.14,28.33,27.87,27.92,232705
2016-08-25,27.71,27.74,26.5,26.7,714619
2016-08-26,26.5,26.98,26.05,26.42,504095
2016-08-29,26.9,26.9,25.97,26.08,500214
2016-08-30,25.97,26.1,25.31,25.72,1038632
2016-08-31,25.73,26.26,25.23,25.42,1196382
2016-09-01,28.37,28.6,26.72,27.66,4100881
2016-09-02,27.7,27.87,26.97,27.48,598022
2016-09-06,27.76,27.98,26.96,27.21,527532
2016-09-07,26.88,26.9,26.01,26.34,6843445
2016-09-08,26.14,26.5,26.09,26.2,1678902
2016-09-09,26.04,26.26,24.86,25.17,1561596
2016-09-12,25.47,25.83,25.26,25.69,1608108
2016-09-13,25.54,25.73,24.62,25.23,1354118
2016-09-14,25.34,25.49,24.47,24.55,1165916
2016-09-15,24.6,24.93,24.12,24.83,913066
2016-09-16,24.74,24.83,24.2,24.79,1120822
2016-09-19,24.83,25.21,24.8,25.09,707518
2016-09-20,25.39,25.79,25.28,25.6,938226
2016-09-21,25.58,26.41,25.57,26.39,917047
2016-09-22,26.49,26.5,25.97,26.18,666585
2016-09-23,26.01,26.28,25.82,26.0,988816
2016-09-26,25.63,26.16,25.63,25.99,478856
2016-09-27,26.01,26.49,25.98,26.13,410297
2016-09-28,26.14,26.22,25.86,26.11,453436
2016-09-29,26.13,26.13,25.87,25.95,623963
2016-09-30,26.01,26.38,25.92,26.21,642437
2016-10-03,26.21,26.47,25.98,26.32,587188
2016-10-04,27.5,27.55,27.26,27.33,2794533
2016-10-05,27.39,27.44,26.79,27.09,7542182
2016-10-06,26.9,27.09,26.46,26.9,1307110
2016-10-07,26.91,27.26,26.72,27.2,864074
2016-10-10,27.22,27.35,26.98,27.21,780181
2016-10-11,27.01,27.05,26.53,26.65,738693
2016-10-12,26.59,27.05,26.59,26.95,441744
2016-10-13,26.67,26.71,26.36,26.44,480978
2016-10-14,26.87,27.09,26.52,26.79,627726
2016-10-17,26.66,26.88,26.54,26.88,492068
2016-10-18,27.0,27.62,26.96,27.17,687393
2016-10-19,27.13,27.57,26.97,27.55,493426
2016-10-20,27.37,27.66,27.17,27.42,283461
2016-10-21,27.38,27.38,27.09,27.16,375773
2016-10-24,27.31,27.69,27.19,27.64,308593
2016-10-25,27.66,27.66,27.06,27.13,334396
2016-10-26,27.08,27.22,26.68,26.79,435456
2016-10-27,26.86,26.88,26.41,26.58,486954
2016-10-28,26.49,27.22,26.49,27.05,594983
2016-10-31,27.0,27.4,26.85,27.35,374175
2016-11-01,27.35,27.4,26.5,26.55,425147
2016-11-02,26.6,26.9,26.25,26.65,415281
2016-11-03,26.7,26.7,25.75,25.8,497353
2016-11-04,25.75,26.45,25.65,26.15,369377
2016-11-07,26.35,26.65,26.05,26.55,683028
2016-11-08,26.45,27.1,26.3,26.8,285612
2016-11-09,26.4,28.15,25.76,28.1,522439
2016-11-10,28.25,29.75,28.2,28.85,1356035
2016-11-11,28.85,29.8,28.35,29.6,744499
2016-11-14,30.1,31.6,30.05,30.55,1064377
2016-11-15,30.6,30.7,29.6,29.85,811096
2016-11-16,29.85,30.45,29.55,30.4,544213
2016-11-17,30.35,31.1,30.3,31.0,430450
2016-11-18,31.05,31.2,30.65,30.8,546114
2016-11-21,31.0,31.3,30.85,31.15,500652
2016-11-22,31.5,32.4,31.2,32.3,866260
2016-11-23,32.45,32.68,31.9,32.0,728546
2016-11-25,32.2,32.2,31.45,31.8,304068
2016-11-28,31.8,32.05,30.95,31.0,533349
2016-11-29,30.85,31.4,30.75,30.75,618211
2016-11-30,30.85,31.54,29.75,30.05,844813
2016-12-01,29.95,30.18,28.85,29.45,900599
2016-12-02,29.55,30.9,29.5,30.65,463758
2016-12-05,31.1,31.6,30.75,31.45,570445
2016-12-06,31.6,31.6,30.65,31.5,448888
2016-12-07,31.4,32.75,31.25,31.85,1380459
2016-12-08,31.0,31.82,29.06,31.25,2682752
2016-12-09,31.35,31.45,30.45,30.85,1062588
2016-12-12,30.55,30.75,29.75,29.75,1052238
2016-12-13,29.85,30.25,29.6,29.85,705495
2016-12-14,29.85,29.85,29.3,29.8,693885
2016-12-15,29.85,30.8,29.4,30.25,841006
2016-12-16,30.15,30.35,29.6,29.9,1670050
2016-12-19,29.75,30.7,29.55,30.1,675416
2016-12-20,30.1,30.55,30.1,30.55,283828
2016-12-21,30.55,30.75,30.2,30.2,201411
2016-12-22,30.25,30.55,29.6,29.6,860188
2016-12-23,29.7,30.0,29.5,29.9,460506
2016-12-27,29.85,30.25,29.75,30.2,481000
2016-12-28,30.2,30.4,29.1,29.15,387060
2016-12-29,29.1,29.65,28.8,28.9,323721
2016-12-30,29.0,29.04,28.42,28.45,375411
2017-01-03,28.65,29.02,28.1,28.45,519494
2017-01-04,28.2,29.45,28.0,29.4,725988
2017-01-05,28.95,29.0,27.8,28.3,796003
2017-01-06,28.35,28.45,27.75,27.85,500533
2017-01-09,28.45,29.35,28.15,29.25,940310
2017-01-10,29.3,30.4,29.25,30.25,926734
2017-01-11,30.15,31.1,30.0,30.5,744111
2017-01-12,30.3,31.0,30.2,30.85,526088
2017-01-13,30.9,30.95,30.25,30.6,780404
2017-01-17,30.65,31.9,30.65,31.15,827498
2017-01-18,31.1,31.65,30.65,31.25,640544
2017-01-19,31.25,31.75,31.0,31.4,741688
2017-01-20,31.4,31.75,31.3,31.65,459692
2017-01-23,31.6,31.65,31.2,31.25,489082
2017-01-24,31.35,31.5,30.62,31.1,696132
2017-01-25,31.15,31.38,30.6,30.7,615267
2017-01-26,30.6,30.7,30.0,30.05,482342
2017-01-27,30.0,30.18,29.3,29.35,610413
2017-01-30,29.2,30.15,28.9,30.0,401502
2017-01-31,29.9,30.6,29.4,30.55,493757
2017-02-01,30.55,30.9,30.25,30.65,436490
2017-02-02,30.85,31.45,30.65,31.2,585570
2017-02-03,31.2,32.8,31.08,32.15,981025
2017-02-06,32.05,32.12,30.98,31.15,475853
2017-02-07,31.1,31.38,30.85,31.0,325056
2017-02-08,31.05,31.75,30.75,31.65,461817
2017-02-09,31.6,32.57,31.6,32.15,1067868
2017-02-10,32.25,32.55,31.9,32.25,319338
2017-02-13,32.35,32.55,31.62,31.65,271627
2017-02-14,31.6,32.9,31.6,32.65,492823
2017-02-15,32.6,32.75,32.34,32.5,418526
2017-02-16,32.4,32.75,32.15,32.55,382354
2017-02-17,32.6,32.68,32.0,32.55,400796
2017-02-21,32.6,33.45,32.41,32.65,625853
2017-02-22,32.65,32.7,31.95,32.3,329106
2017-02-23,32.3,32.6,30.95,30.95,561744
2017-02-24,30.8,32.45,30.55,32.15,701541
2017-02-27,32.15,32.65,32.0,32.4,514158
2017-02-28,32.2,32.4,31.35,31.35,560769
2017-03-01,31.75,31.95,31.1,31.85,407005
2017-03-02,31.9,32.4,31.72,32.05,233240
2017-03-03,32.05,32.35,31.4,31.7,454149
2017-03-06,31.45,31.55,30.95,31.35,365980
2017-03-07,31.3,31.65,30.75,31.05,477075
2017-03-08,31.15,32.0,30.94,31.8,301583
2017-03-09,31.8,31.95,31.4,31.8,545909
2017-03-10,31.95,32.04,31.0,31.2,289338
2017-03-13,31.2,31.7,31.0,31.5,253650
2017-03-14,31.25,31.75,31.18,31.55,179604
2017-03-15,31.65,31.92,31.25,31.75,334479
2017-03-16,31.8,32.45,31.65,32.25,404313
2017-03-17,32.25,32.65,31.95,32.5,798034
2017-03-20,32.55,32.6,32.05,32.35,254153
2017-03-21,32.55,32.55,31.25,31.65,446389
2017-03-22,31.55,32.25,31.3,32.2,306965
2017-03-23,32.4,33.0,32.2,32.6,377410
2017-03-24,32.6,32.9,32.15,32.45,425646
2017-03-27,32.2,33.49,32.2,32.95,834632
2017-03-28,32.95,33.5,32.95,33.1,1477008
2017-03-29,34.0,35.8,32.35,33.2,2987094
2017-03-30,33.15,34.15,33.01,34.0,942504
2017-03-31,34.0,34.25,33.4,33.5,625271
2017-04-03,33.65,33.67,32.55,33.35,620714
2017-04-04,33.3,33.7,32.75,33.3,414956
2017-04-05,33.35,33.8,32.62,32.85,486185
2017-04-06,32.85,33.75,32.85,33.35,430676
2017-04-07,33.2,34.1,33.2,33.6,359342
2017-04-10,33.65,34.65,33.52,33.95,513297
2017-04-11,34.0,34.4,33.5,34.3,406475
2017-04-12,34.2,34.3,33.48,33.7,286623
2017-04-13,33.6,34.0,33.22,33.3,353572
2017-04-17,33.6,35.1,33.5,34.9,1302983
2017-04-18,34.75,35.45,34.4,35.4,1336834
2017-04-19,35.45,36.1,35.3,35.55,1009126
2017-04-20,35.7,36.75,35.65,36.7,909297
2017-04-21,36.7,37.35,36.6,36.95,740763
2017-04-24,37.5,37.7,36.58,37.5,576359
2017-04-25,37.75,37.95,37.02,37.65,496873
2017-04-26,37.8,38.88,37.7,38.45,715368
2017-04-27,38.5,38.6,37.75,37.9,414978
2017-04-28,37.95,38.4,37.55,38.3,329528
2017-05-01,38.35,38.35,37.85,38.0,570471
2017-05-02,38.0,39.1,37.88,39.05,553976
2017-05-03,38.75,39.58,38.75,39.5,595554
2017-05-04,39.6,39.8,39.35,39.65,539845
2017-05-05,40.1,41.0,39.7,41.0,872283
2017-05-08,41.05,41.3,39.95,40.1,752172
2017-05-09,40.1,40.5,39.15,39.45,659234
2017-05-10,39.3,40.15,39.05,40.0,468666
2017-05-11,39.75,40.05,39.18,39.75,524002
2017-05-12,39.5,39.55,38.3,39.45,658517
2017-05-15,39.35,39.78,38.9,38.92,527340
2017-05-16,38.9,38.95,37.6,38.65,768386
2017-05-17,38.35,39.55,37.7,38.95,705499
2017-05-18,38.85,39.95,38.85,39.5,492062
2017-05-19,39.6,40.82,39.45,40.45,555143
2017-05-22,40.8,41.28,40.5,41.0,409292
2017-05-23,41.0,41.35,40.6,41.1,364397
2017-05-24,40.9,41.25,40.65,40.9,512328
2017-05-25,41.1,42.05,40.9,41.85,555149
2017-05-26,41.9,42.6,41.35,41.7,703615
2017-05-30,40.8,41.38,39.01,41.1,565746
2017-05-31,41.15,41.42,39.95,41.15,994339
2017-06-01,41.0,44.0,39.95,43.65,1527685
2017-06-02,43.4,44.08,42.65,42.9,687255
2017-06-05,42.7,43.0,42.05,42.9,498904
2017-06-06,42.8,42.8,42.15,42.35,524749
2017-06-07,42.6,43.0,42.05,42.85,578159
2017-06-08,42.95,43.35,42.5,43.1,713131
2017-06-09,43.2,43.5,42.88,43.25,699568
2017-06-12,43.25,43.65,41.2,41.5,1051250
2017-06-13,42.1,42.6,41.8,41.9,849710
2017-06-14,41.85,42.15,41.55,41.8,565094
2017-06-15,41.5,41.72,40.6,40.9,468412
2017-06-16,40.45,41.2,40.0,40.95,1149414
2017-06-19,41.2,41.95,40.35,41.65,628456
2017-06-20,41.65,41.7,40.5,40.55,447236
2017-06-21,40.6,41.45,40.0,40.25,766531
2017-06-22,40.15,40.4,38.45,39.3,1316122
2017-06-23,39.4,39.65,38.55,39.15,4555318
2017-06-26,39.1,40.4,39.1,39.85,646888
2017-06-27,39.85,41.15,39.85,41.1,923860
2017-06-28,41.2,41.7,40.92,41.6,672381
2017-06-29,41.7,42.3,41.15,41.55,594510
2017-06-30,41.5,42.7,41.15,42.6,742362
2017-07-03,42.85,42.9,42.2,42.6,338867
2017-07-05,42.6,42.8,41.8,42.05,658038
2017-07-06,41.75,41.99,40.9,41.15,569949
2017-07-07,41.15,42.75,41.0,42.6,726894
2017-07-10,42.5,42.5,40.95,41.05,961310
2017-07-11,41.15,42.3,41.05,42.3,827195
2017-07-12,42.8,43.2,41.4,42.2,778237
2017-07-13,42.4,43.1,42.0,43.0,509713
2017-07-14,43.1,43.4,42.7,43.25,452918
2017-07-17,43.4,44.3,43.0,44.1,618809
2017-07-18,44.1,44.68,43.85,44.2,732847
2017-07-19,44.35,44.65,43.05,43.05,579635
2017-07-20,43.1,44.15,42.8,43.6,350584
2017-07-21,43.75,44.0,43.18,43.85,472259
2017-07-24,43.8,44.05,43.68,43.75,396315
2017-07-25,44.05,44.3,43.42,44.25,415045
2017-07-26,44.4,44.4,43.72,44.1,528570
2017-07-27,44.25,45.0,44.0,44.8,604416
2017-07-28,44.65,45.55,44.35,45.4,382638
2017-07-31,45.6,45.94,44.55,44.7,432932
2017-08-01,46.08,46.08,44.15,44.45,451816
