Date,Open,High,Low,Close,Volume
2008-09-18,28.92,28.97,27.03,27.03,16781
2008-09-19,28.8,28.97,28.0,28.89,8130
2008-09-22,31.7,31.88,30.09,30.93,10305
2008-09-23,30.87,30.87,29.82,30.21,9375
2008-09-24,30.95,30.95,30.2,30.22,1552
2008-09-25,29.56,29.57,29.26,29.26,1110
2008-09-26,29.48,29.48,28.48,28.69,10184
2008-09-29,28.25,28.46,26.84,27.6,9710
2008-09-30,28.03,28.03,24.91,27.28,19471
2008-10-01,27.57,27.57,26.96,26.96,250
2008-10-02,25.21,25.21,23.89,23.89,6185
2008-10-03,24.81,24.84,23.84,24.12,1200
2008-10-06,23.1,23.1,20.37,20.37,1975
2008-10-07,21.6,22.96,21.31,21.31,1807
2008-10-08,21.89,24.2,21.89,23.99,3847
2008-10-09,23.61,23.89,23.3,23.3,643
2008-10-10,23.26,23.26,19.42,19.42,4036
2008-10-13,21.29,22.25,21.29,22.2,5520
2008-10-14,22.45,23.56,22.31,22.7,2125
2008-10-15,22.15,22.15,21.12,21.12,300
2008-10-16,20.34,20.34,17.71,18.26,2200
2008-10-17,17.81,18.01,17.62,17.72,1600
2008-10-20,18.27,18.27,17.8,17.8,575
2008-10-21,17.8,17.87,17.13,17.13,1770
2008-10-22,15.89,15.89,14.27,14.35,6409
2008-10-23,14.93,19.97,14.69,14.69,3267
2008-10-24,13.7,13.7,13.69,13.7,300
2008-10-27,13.1,13.1,12.43,12.43,1033
2008-10-28,12.95,14.4,12.92,14.4,735
2008-10-29,16.41,16.45,16.41,16.45,500
2008-10-30,18.17,18.17,16.51,17.01,2000
2008-10-31,17.02,17.26,17.02,17.26,200
2008-11-03,17.22,17.41,17.0,17.0,1700
2008-11-04,17.74,19.13,17.74,19.13,4490
2008-11-05,20.66,20.66,18.19,18.73,1580
2008-11-06,18.3,18.36,16.54,16.55,2760
2008-11-07,17.42,17.73,17.42,17.73,439
2008-11-10,20.24,20.24,17.98,17.98,2650
2008-11-11,17.11,17.54,17.1,17.35,1463
2008-11-12,16.49,16.68,15.73,15.73,750
2008-11-13,15.55,17.86,14.55,17.86,4000
2008-11-14,17.23,17.3,16.95,16.95,3600
2008-11-17,15.96,16.53,16.02,16.06,3600
2008-11-18,15.6,15.6,15.6,15.6,100
2008-11-19,15.26,15.26,15.0,15.0,1250
2008-11-20,14.89,14.89,13.91,14.65,3277
2008-11-21,15.99,17.14,15.99,17.12,2450
2008-11-24,17.53,19.56,17.53,19.2,7900
2008-11-25,19.2,19.2,18.98,18.98,350
2008-11-26,19.8,19.8,19.8,19.8,100
2008-11-28,19.91,20.34,19.91,20.34,3107
2008-12-01,20.32,20.32,17.79,17.79,4753
2008-12-02,18.92,19.14,16.93,18.34,4879
2008-12-03,18.56,18.56,18.56,18.56,1000
2008-12-04,18.56,18.94,17.77,17.96,14521
2008-12-05,18.25,18.33,16.96,18.22,2490
2008-12-08,19.58,19.79,19.18,19.72,17308
2008-12-09,20.66,20.66,19.8,19.96,5156
2008-12-10,20.99,21.82,20.64,21.36,3665
2008-12-11,21.9,22.9,21.5,21.52,26925
2008-12-12,21.0,21.0,21.0,21.0,100
2008-12-15,22.88,23.54,22.26,22.96,11314
2008-12-16,23.43,24.36,22.85,24.36,8167
2008-12-17,24.82,24.96,24.3,24.43,18204
2008-12-18,25.36,25.36,22.7,22.9,18052
2008-12-19,22.21,23.67,22.21,23.13,12303
2008-12-22,22.36,24.21,22.36,22.8,7412
2008-12-23,22.67,24.01,22.67,23.56,7435
2008-12-24,23.47,23.81,23.47,23.75,2418
2008-12-26,24.08,24.2,23.49,24.13,5274
2008-12-29,26.54,26.54,25.22,25.22,3369
2008-12-30,25.0,25.65,25.0,25.57,12062
2008-12-31,25.57,26.28,25.18,26.28,2668
2009-01-02,26.75,26.75,26.01,26.36,13931
2009-01-05,26.57,26.57,25.16,25.5,8050
2009-01-06,25.95,26.68,25.29,26.37,10212
2009-01-07,26.69,26.69,23.95,23.97,12961
2009-01-08,24.12,25.5,24.12,25.09,7225
2009-01-09,25.54,25.54,24.0,24.95,7245
2009-01-12,23.84,23.84,22.85,22.86,12402
2009-01-13,22.8,23.31,22.8,23.14,6234
2009-01-14,22.52,22.52,21.34,21.68,8302
2009-01-15,21.27,22.75,20.13,22.71,18081
2009-01-16,25.5,25.5,22.44,23.66,3535
2009-01-20,22.55,23.55,22.13,23.27,3546
2009-01-21,22.69,23.45,22.46,23.45,16929
2009-01-22,23.04,24.12,23.04,23.9,3085
2009-01-23,25.75,25.75,23.92,24.99,7885
2009-01-26,25.45,25.75,24.66,24.66,6710
2009-01-27,24.57,24.97,24.57,24.91,4210
2009-01-28,25.3,25.3,24.0,24.23,3149
2009-01-29,23.95,25.07,23.95,25.07,1800
2009-01-30,25.37,25.37,24.35,25.07,1570
2009-02-02,24.85,24.85,23.45,24.18,11844
2009-02-03,23.69,24.78,23.69,24.12,8720
2009-02-04,24.73,24.87,24.32,24.32,3200
2009-02-05,25.0,25.25,24.99,25.2,5997
2009-02-06,25.5,26.31,25.5,26.26,17821
2009-02-09,27.55,27.55,25.46,25.46,6193
2009-02-10,25.8,25.96,24.62,24.62,6092
2009-02-11,25.42,27.12,25.42,26.98,6970
2009-02-12,26.54,26.9,26.09,26.9,3876
2009-02-13,26.96,27.05,26.19,26.19,4505
2009-02-17,26.52,27.47,26.52,26.89,29272
2009-02-18,27.29,27.56,26.36,27.56,6065
2009-02-19,27.86,27.86,26.52,26.52,3891
2009-02-20,26.83,27.68,26.51,27.3,18940
2009-02-23,27.59,27.59,26.17,26.87,10431
2009-02-24,28.44,28.44,24.47,24.47,23588
2009-02-25,24.66,25.3,24.36,24.36,2315
2009-02-26,24.01,24.95,23.76,24.95,2836
2009-02-27,26.85,26.85,24.04,24.43,3890
2009-03-02,24.68,24.68,22.72,22.86,22164
2009-03-03,22.85,24.03,22.59,23.71,7402
2009-03-04,23.78,23.78,23.38,23.55,11814
2009-03-05,23.62,24.4,23.62,24.4,2387
2009-03-06,24.69,25.02,23.74,23.74,4502
2009-03-09,23.98,23.98,23.36,23.36,2026
2009-03-10,23.48,23.48,22.0,22.06,11590
2009-03-11,22.74,24.02,22.74,23.98,1350
2009-03-12,23.95,24.21,23.94,24.06,850
2009-03-13,24.48,24.96,24.48,24.96,1572
2009-03-16,24.57,24.86,24.57,24.65,799
2009-03-17,24.33,24.4,24.0,24.38,1240
2009-03-18,24.99,26.98,24.99,26.98,6960
2009-03-19,27.13,27.96,27.13,27.81,13723
2009-03-20,28.04,28.19,27.55,27.86,5612
2009-03-23,29.13,29.54,28.35,28.67,10602
2009-03-24,27.31,29.36,27.31,28.21,3970
2009-03-25,27.67,30.26,27.67,29.11,31849
2009-03-26,29.6,29.6,29.09,29.24,3205
2009-03-27,28.81,28.81,27.53,28.01,23313
2009-03-30,28.03,28.03,26.75,27.1,4059
2009-03-31,27.61,28.42,27.05,28.42,2763
2009-04-01,29.86,29.86,28.19,28.74,2158
2009-04-02,29.28,29.86,27.94,28.4,6272
2009-04-03,28.4,28.4,26.2,26.31,8510
2009-04-06,24.54,25.32,23.47,24.52,14426
2009-04-07,25.0,26.27,25.0,26.11,5100
2009-04-08,26.34,27.26,25.53,25.96,13019
2009-04-09,26.32,26.32,25.63,25.9,1460
2009-04-13,25.74,26.67,25.74,26.6,5408
2009-04-14,26.45,26.51,26.45,26.51,1110
2009-04-15,25.6,26.63,25.6,26.3,6112
2009-04-16,26.22,26.22,24.5,25.18,3625
2009-04-17,25.09,25.09,24.52,24.52,7414
2009-04-20,24.19,25.13,23.75,24.45,4078
2009-04-21,25.23,25.23,24.04,24.14,5065
2009-04-22,22.54,25.76,22.54,24.75,6759
2009-04-23,24.5,25.64,24.5,25.46,9750
2009-04-24,26.57,27.12,26.31,27.06,4028
2009-04-27,26.89,27.95,26.55,26.83,5302
2009-04-28,26.26,26.26,25.78,26.08,7502
2009-04-29,26.35,26.75,26.31,26.69,12570
2009-04-30,28.15,28.15,26.03,26.17,1650
2009-05-01,26.0,26.46,26.0,26.21,1325
2009-05-04,26.89,27.86,26.89,27.67,7286
2009-05-05,28.3,28.3,27.6,27.68,42862
2009-05-06,28.32,29.42,27.88,29.42,15155
2009-05-07,29.5,29.95,28.14,28.26,15482
2009-05-08,29.24,29.43,28.87,29.43,4300
2009-05-11,28.74,28.75,27.83,28.75,5393
2009-05-12,29.29,30.01,29.29,29.98,4271
2009-05-13,29.57,29.89,28.5,28.5,3671
2009-05-14,29.05,29.6,28.34,29.45,8762
2009-05-15,30.84,30.84,28.37,28.89,6687
2009-05-18,29.14,30.46,28.8,29.1,191585
2009-05-19,29.52,30.45,29.0,30.15,62548
2009-05-20,30.7,31.63,30.7,31.48,32645
2009-05-21,31.99,32.85,30.75,31.92,20963
2009-05-22,32.98,33.0,32.26,32.62,28242
2009-05-26,32.21,32.47,31.43,32.09,24884
2009-05-27,32.93,33.86,32.2,32.27,51382
2009-05-28,32.65,33.76,32.41,33.15,46315
2009-05-29,34.24,34.7,33.5,34.35,36953
2009-06-01,34.99,35.2,34.02,34.35,15814
2009-06-02,34.43,35.28,34.14,35.08,17974
2009-06-03,34.72,34.72,32.72,33.0,57557
2009-06-04,33.57,34.68,33.47,34.63,49565
2009-06-05,34.52,34.79,32.72,32.9,84142
2009-06-08,32.39,32.41,31.0,32.39,71591
2009-06-09,32.51,32.88,32.02,32.54,10637
2009-06-10,32.72,32.72,31.72,31.76,10044
2009-06-11,32.28,32.76,31.86,32.3,19742
2009-06-12,31.28,31.59,30.53,31.4,39043
2009-06-15,30.96,30.96,29.27,30.11,152085
2009-06-16,30.17,30.7,29.0,29.76,43160
2009-06-17,29.64,29.89,27.63,29.14,49612
2009-06-18,29.42,29.71,28.79,29.14,65737
2009-06-19,29.41,30.49,28.81,29.88,12534
2009-06-22,28.91,29.16,28.0,28.06,6015
2009-06-23,28.0,29.2,27.47,28.89,28983
2009-06-24,29.53,30.02,29.44,29.44,5016
2009-06-25,29.53,31.17,29.53,30.86,9503
2009-06-26,31.31,31.31,30.56,31.22,7695
2009-06-29,31.12,31.72,30.32,30.7,24495
2009-06-30,31.08,31.08,29.84,30.3,5284
2009-07-01,30.51,31.82,30.51,30.8,97066
2009-07-02,30.29,30.39,29.75,30.25,8686
2009-07-06,29.49,30.3,28.51,28.72,5068
2009-07-07,28.95,29.55,28.54,28.54,1898
2009-07-08,28.5,28.64,26.84,26.94,10465
2009-07-09,27.57,28.5,27.57,27.64,6640
2009-07-10,27.76,27.96,27.5,27.81,3972
2009-07-13,27.44,27.69,26.53,27.67,7079
2009-07-14,28.24,28.62,28.23,28.59,3030
2009-07-15,29.0,30.1,29.0,30.1,5537
2009-07-16,30.12,30.21,29.69,30.13,1015
2009-07-17,29.77,30.18,29.69,30.09,750
2009-07-20,31.29,31.4,30.74,31.4,7926
2009-07-21,31.74,32.2,31.07,31.28,2414
2009-07-22,30.97,32.11,30.97,31.66,3825
2009-07-23,32.23,32.31,31.56,31.88,4952
2009-07-24,31.81,32.05,30.2,30.2,3467
2009-07-27,31.51,32.36,31.51,31.9,5338
2009-07-28,30.91,31.05,30.26,31.04,7985
2009-07-29,30.26,30.33,29.71,29.89,8709
2009-07-30,30.67,31.15,30.55,31.0,4026
2009-07-31,31.24,32.87,31.0,31.89,5702
2009-08-03,32.88,33.0,32.3,32.86,3164
2009-08-04,32.78,33.2,32.5,33.08,4802
2009-08-05,33.23,33.23,32.25,32.69,5120
2009-08-06,32.55,32.85,32.27,32.6,9400
2009-08-07,32.9,32.92,32.29,32.37,2560
2009-08-10,32.0,32.32,31.01,31.72,8213
2009-08-11,31.77,31.77,31.49,31.68,5837
2009-08-12,31.3,31.95,31.3,31.82,1365
2009-08-13,32.66,33.01,32.54,32.74,15535
2009-08-14,32.76,32.76,31.79,31.98,1966
2009-08-17,30.83,31.06,29.97,30.2,9527
2009-08-18,30.65,31.14,30.6,31.06,9477
2009-08-19,30.57,31.36,30.57,30.9,2588
2009-08-20,31.68,31.94,31.5,31.5,1750
2009-08-21,32.0,32.6,32.0,32.29,3357
2009-08-24,32.82,32.99,31.9,31.91,2949
2009-08-25,32.64,32.81,32.12,32.28,4621
2009-08-26,32.3,32.3,31.4,32.03,2756
2009-08-27,32.11,32.53,31.55,32.53,3379
2009-08-28,32.28,32.91,32.28,32.75,3240
2009-08-31,32.37,32.37,31.76,32.21,1800
2009-09-01,32.02,32.19,31.26,31.55,2250
2009-09-02,31.52,33.63,31.52,33.63,9517
2009-09-03,34.0,35.68,33.72,35.58,17084
2009-09-04,35.5,36.13,35.07,36.0,3243
2009-09-08,37.24,37.98,36.02,36.36,18665
2009-09-09,36.66,36.78,34.82,35.5,53557
2009-09-10,35.65,36.69,35.15,36.2,25290
2009-09-11,37.2,37.47,36.66,36.89,7347
2009-09-14,36.66,36.66,36.04,36.37,1753
2009-09-15,36.54,37.91,36.4,37.75,6157
2009-09-16,38.44,38.95,38.27,38.66,15546
2009-09-17,38.5,38.78,37.0,37.62,8645
2009-09-18,36.96,37.23,36.41,37.0,3669
2009-09-21,36.01,36.62,35.44,36.22,6855
2009-09-22,37.5,37.55,37.03,37.25,1570
2009-09-23,37.1,37.34,36.19,36.19,10675
2009-09-24,36.1,36.76,35.0,35.24,8214
2009-09-25,34.5,35.2,34.34,35.04,3391
2009-09-28,34.7,35.63,34.22,34.7,5297
2009-09-29,34.9,35.88,34.66,35.64,9139
2009-09-30,35.33,36.0,34.73,35.78,6401
2009-10-01,35.78,35.78,33.44,33.45,15806
2009-10-02,33.02,34.58,32.03,33.56,11026
2009-10-05,33.86,35.52,33.86,35.42,148954
2009-10-06,36.5,37.38,36.38,36.89,15865
2009-10-07,37.49,37.72,37.11,37.57,15615
2009-10-08,38.01,38.9,37.95,38.35,21434
2009-10-09,38.34,38.45,37.74,37.88,18752
2009-10-12,37.83,38.9,37.83,38.29,12723
2009-10-13,38.65,39.48,38.56,39.18,118789
2009-10-14,39.9,39.9,39.03,39.34,18246
2009-10-15,39.0,39.0,38.23,38.41,22481
2009-10-16,38.0,38.27,37.31,37.98,12933
2009-10-19,38.45,38.83,37.61,38.61,16881
2009-10-20,38.86,39.84,37.31,37.93,23720
2009-10-21,37.82,38.94,37.25,37.71,15958
2009-10-22,37.83,37.89,37.04,37.88,15658
2009-10-23,37.96,38.94,37.14,37.36,9086
2009-10-26,37.59,37.74,35.78,35.98,27105
2009-10-27,36.12,36.12,34.77,35.78,24023
2009-10-28,35.09,35.24,33.28,33.58,29394
2009-10-29,33.89,35.81,33.89,35.62,10231
2009-10-30,35.0,35.0,32.83,34.25,28841
2009-11-02,34.58,35.53,33.76,34.3,15059
2009-11-03,34.0,37.13,34.0,36.04,33739
2009-11-04,36.51,37.72,36.36,37.09,32294
2009-11-05,37.36,37.78,36.75,36.98,7297
2009-11-06,37.23,38.02,37.2,37.91,14418
2009-11-09,38.88,39.84,38.88,39.39,25581
2009-11-10,39.15,39.69,38.57,39.02,16272
2009-11-11,39.99,40.43,39.5,39.77,20672
2009-11-12,39.58,39.6,38.32,38.32,10374
2009-11-13,38.63,39.82,38.6,39.58,15873
2009-11-16,40.23,41.3,40.0,41.15,29271
2009-11-17,40.0,40.61,39.52,40.61,16771
2009-11-18,40.88,41.17,40.1,40.22,42923
2009-11-19,40.21,40.33,38.89,40.17,9775
2009-11-20,39.83,40.3,39.45,39.89,14759
2009-11-23,41.87,41.87,40.61,40.93,25237
2009-11-24,41.0,41.0,40.38,40.83,16601
2009-11-25,41.01,42.0,41.01,42.0,20839
2009-11-27,40.16,40.9,39.21,40.41,10823
2009-11-30,40.25,40.98,40.13,40.7,29163
2009-12-01,41.79,43.0,41.71,42.59,25191
2009-12-02,43.12,43.8,42.8,43.13,82174
2009-12-03,43.43,43.44,42.0,42.3,29287
2009-12-04,41.75,42.18,39.31,40.45,188442
2009-12-07,39.5,40.44,39.16,39.85,46012
2009-12-08,39.74,39.74,38.25,38.3,78633
2009-12-09,38.47,39.45,38.17,38.88,25510
2009-12-10,38.88,39.49,38.5,38.89,9601
2009-12-11,39.51,39.51,38.45,38.45,13987
2009-12-14,39.0,39.5,38.79,39.29,5397
2009-12-15,39.16,39.25,38.52,38.75,7521
2009-12-16,38.86,39.88,38.86,39.35,8011
2009-12-17,38.5,38.5,37.07,37.18,51097
2009-12-18,37.03,37.73,36.99,37.39,14493
2009-12-21,38.36,38.36,36.58,37.0,23395
2009-12-22,37.48,37.48,36.62,37.03,11816
2009-12-23,37.46,38.55,37.08,38.48,16729
2009-12-24,38.8,38.8,38.21,38.21,4386
2009-12-28,38.41,38.98,38.41,38.72,3925
2009-12-29,39.25,39.25,38.23,38.3,5980
2009-12-30,38.3,38.38,37.73,37.9,17221
2009-12-31,38.07,38.85,37.97,38.21,4065
2010-01-04,38.53,39.76,38.53,39.45,9380
2010-01-05,39.56,40.5,39.56,39.91,12014
2010-01-06,40.34,41.18,40.21,40.96,7381
2010-01-07,41.0,41.0,40.02,40.57,17059
2010-01-08,40.57,41.52,40.37,41.17,11483
2010-01-11,41.89,41.89,41.23,41.56,21145
2010-01-12,41.02,41.7,40.06,40.39,25018
2010-01-13,40.7,40.73,39.59,40.48,4368
2010-01-14,40.53,40.62,40.11,40.31,4316
2010-01-15,40.15,40.15,39.08,39.69,5944
2010-01-19,39.72,40.07,39.72,40.05,9647
2010-01-20,39.0,39.47,37.8,38.33,7641
2010-01-21,38.25,38.25,36.56,36.69,17539
2010-01-22,36.02,36.69,34.9,36.0,19627
2010-01-25,36.9,36.9,35.94,36.33,18738
2010-01-26,35.75,36.27,35.01,35.83,9718
2010-01-27,35.29,36.42,35.01,35.53,7473
2010-01-28,35.91,35.91,34.08,34.98,18549
2010-01-29,35.4,35.59,33.67,34.14,32656
2010-02-01,34.57,35.35,33.95,35.13,10628
2010-02-02,35.99,36.33,35.69,35.96,10933
2010-02-03,36.19,36.19,35.37,35.51,5126
2010-02-04,35.0,35.0,32.76,33.28,20703
2010-02-05,32.94,34.3,32.84,34.29,21963
2010-02-08,34.59,34.66,33.72,33.78,6719
2010-02-09,33.98,35.23,33.98,34.82,14398
2010-02-10,35.15,35.19,34.5,34.89,19465
2010-02-11,35.19,36.56,35.19,36.29,10772
2010-02-12,35.71,35.88,35.0,35.71,6812
2010-02-16,36.9,36.91,36.6,36.88,2182
2010-02-17,37.57,37.58,36.65,37.14,5189
2010-02-18,36.84,37.57,36.84,37.38,5265
2010-02-19,36.83,37.16,36.33,37.07,5092
2010-02-22,36.59,36.65,36.31,36.65,2306
2010-02-23,35.86,36.1,35.0,35.2,15902
2010-02-24,35.13,35.45,35.0,35.0,5214
2010-02-25,34.43,36.0,34.15,35.59,7588
2010-02-26,35.84,36.36,35.84,36.23,11342
2010-03-01,36.47,36.85,35.97,36.66,23113
2010-03-02,36.88,37.6,36.82,37.47,14872
2010-03-03,38.02,38.49,37.71,38.16,4957
2010-03-04,38.41,38.49,37.5,37.71,5009
2010-03-05,38.23,38.71,38.13,38.64,4156
2010-03-08,38.82,38.95,38.04,38.05,8282
2010-03-09,37.57,38.3,37.3,37.61,3428
2010-03-10,38.03,38.38,37.41,37.41,2632
2010-03-11,37.48,38.16,37.0,37.65,7089
2010-03-12,38.16,38.16,37.39,37.78,5004
2010-03-15,37.79,37.79,37.04,37.61,3172
2010-03-16,37.96,38.35,37.45,38.35,53339
2010-03-17,38.92,38.98,38.62,38.62,12254
2010-03-18,38.91,39.05,38.16,38.25,3224
2010-03-19,38.92,38.92,37.43,37.82,2875
2010-03-22,37.02,37.8,37.02,37.7,2916
2010-03-23,37.95,38.14,37.26,38.02,10279
2010-03-24,37.63,37.63,36.61,36.75,3635
2010-03-25,37.0,37.09,35.95,35.95,7568
2010-03-26,36.16,36.87,36.16,36.82,7918
2010-03-29,37.3,37.72,37.3,37.67,3756
2010-03-30,37.93,37.93,37.25,37.28,9675
2010-03-31,37.59,37.75,37.45,37.54,8106
2010-04-05,39.47,39.77,39.47,39.56,4505
2010-04-06,39.11,39.88,39.11,39.76,10449
2010-04-07,39.35,40.69,39.35,40.26,12052
2010-04-08,40.26,40.62,39.92,40.56,4728
2010-04-09,41.05,41.33,40.73,41.1,7239
2010-04-12,40.66,41.2,40.66,40.77,5669
2010-04-13,40.52,40.52,39.48,40.13,8983
2010-04-14,40.54,40.97,40.36,40.78,9486
2010-04-15,40.79,41.22,40.37,40.44,9505
2010-04-16,40.08,40.23,38.92,39.38,6971
2010-04-19,38.72,39.05,38.34,39.0,8886
2010-04-20,39.69,39.9,39.51,39.6,5039
2010-04-21,39.71,39.92,39.5,39.86,3403
2010-04-22,39.01,39.8,39.01,39.8,4124
2010-04-23,39.82,40.43,39.19,40.43,6654
2010-04-26,40.35,40.82,40.35,40.68,3412
2010-04-27,40.37,40.72,39.65,39.76,4539
2010-04-28,40.48,41.44,40.13,41.03,9041
2010-04-29,41.09,41.6,41.09,41.36,3184
2010-04-30,41.28,42.03,41.25,41.29,10391
2010-05-03,41.9,41.9,40.66,41.1,17274
2010-05-04,41.37,41.37,39.19,39.82,8596
2010-05-05,39.18,39.85,38.51,39.42,20357
2010-05-06,39.68,40.42,37.75,39.64,21632
2010-05-07,39.6,40.0,38.54,39.08,12665
2010-05-10,40.25,40.6,39.96,40.54,7830
2010-05-11,41.01,42.44,41.01,42.14,15072
2010-05-12,42.44,43.2,42.44,42.89,24902
2010-05-13,43.1,43.1,41.94,42.03,63001
2010-05-14,43.49,43.49,40.7,41.56,22223
2010-05-17,41.74,41.8,40.62,40.94,13990
2010-05-18,41.84,41.84,40.3,40.59,6390
2010-05-19,39.81,39.81,38.05,38.85,12447
2010-05-20,38.21,38.21,36.45,37.44,26822
2010-05-21,36.42,37.78,36.07,37.09,21039
2010-05-24,37.55,37.94,37.37,37.37,3831
2010-05-25,38.49,38.49,37.05,38.13,10104
2010-05-26,38.5,39.78,38.5,38.67,19554
2010-05-27,40.02,40.47,40.02,40.31,9324
2010-05-28,40.3,40.3,39.5,39.8,5790
2010-06-01,39.32,40.65,39.32,39.76,9094
2010-06-02,39.76,40.7,39.76,40.51,5350
2010-06-03,40.82,40.82,39.32,39.79,2955
2010-06-04,39.54,39.77,38.64,38.74,32282
2010-06-07,38.39,39.67,38.26,39.19,6973
2010-06-08,40.1,40.53,39.5,40.1,74067
2010-06-09,39.69,40.35,39.5,39.78,7828
2010-06-10,39.89,40.75,39.89,40.45,6940
2010-06-11,41.13,41.13,40.19,40.48,3199
2010-06-14,40.66,40.85,40.1,40.17,10986
2010-06-15,40.18,41.49,40.18,41.49,4158
2010-06-16,40.77,41.81,40.77,41.64,5007
2010-06-17,42.0,42.5,42.0,42.48,10247
2010-06-18,42.85,43.4,42.84,43.2,13029
2010-06-21,43.99,43.99,42.28,42.39,14571
2010-06-22,42.04,42.91,42.02,42.02,9318
2010-06-23,42.65,42.65,41.58,42.23,8029
2010-06-24,42.41,42.41,41.68,41.68,5191
2010-06-25,42.46,42.98,42.14,42.85,7100
2010-06-28,43.47,43.47,42.25,42.56,6984
2010-06-29,41.43,41.68,40.9,41.18,37416
2010-06-30,41.5,41.72,40.67,40.67,10276
2010-07-01,40.4,40.65,39.09,39.44,23674
2010-07-02,40.03,40.11,39.18,39.61,14247
2010-07-06,39.65,40.22,38.93,39.1,7931
2010-07-07,39.25,40.15,39.02,40.15,5782
2010-07-08,40.1,40.18,39.3,39.54,2502
2010-07-09,40.82,40.86,40.52,40.58,2590
2010-07-12,40.0,40.9,40.0,40.13,5752
2010-07-13,40.87,40.91,40.44,40.44,2127
2010-07-14,40.71,40.73,40.1,40.38,12651
2010-07-15,40.48,40.48,39.81,40.22,4704
2010-07-16,39.51,39.51,38.88,39.06,19715
2010-07-19,39.49,39.49,37.92,38.0,27487
2010-07-20,38.61,39.4,38.5,39.4,12898
2010-07-21,39.54,39.62,38.82,38.83,2189
2010-07-22,39.4,40.23,39.22,40.2,15200
2010-07-23,40.4,40.44,39.98,40.41,8497
2010-07-26,40.08,40.49,39.93,40.25,9990
2010-07-27,39.9,40.11,38.81,39.1,11671
2010-07-28,38.71,39.3,38.71,38.86,3261
2010-07-29,39.13,39.55,38.9,39.51,2359
2010-07-30,39.29,39.78,39.29,39.49,4884
2010-08-02,39.79,40.39,39.79,40.11,28057
2010-08-03,40.1,40.42,40.1,40.2,51654
2010-08-04,40.54,41.21,40.54,40.98,9334
2010-08-05,41.41,41.41,40.64,41.11,5833
2010-08-06,41.49,41.49,41.03,41.1,6056
2010-08-09,41.0,41.46,40.95,41.05,1861
2010-08-10,40.51,41.22,40.48,41.14,4846
2010-08-11,40.79,40.79,39.78,39.8,4714
2010-08-12,40.14,40.67,39.87,40.63,1860
2010-08-13,40.82,41.03,40.21,40.21,6424
2010-08-16,40.99,40.99,40.6,40.61,4479
2010-08-17,40.71,41.48,40.71,41.43,3275
2010-08-18,41.48,41.78,40.62,41.7,5571
2010-08-19,41.98,42.0,41.0,41.36,11250
2010-08-20,41.14,41.14,40.75,40.85,2866
2010-08-23,40.76,40.87,40.49,40.87,2552
2010-08-24,40.2,40.65,39.69,40.1,8382
2010-08-25,39.57,40.8,39.57,40.67,3400
2010-08-26,40.73,41.54,40.73,41.54,2933
2010-08-27,41.37,41.65,40.97,41.65,1680
2010-08-30,41.6,41.84,41.57,41.57,1853
2010-08-31,42.26,42.38,41.75,41.9,5553
2010-09-01,43.46,43.46,42.06,42.28,13844
2010-09-02,42.28,42.88,42.28,42.48,4036
2010-09-03,42.7,42.89,42.36,42.68,1735
2010-09-07,43.16,43.22,42.74,42.74,2984
2010-09-08,43.09,43.54,43.0,43.16,11200
2010-09-09,43.19,43.2,42.5,42.55,32818
2010-09-10,42.34,43.04,42.03,42.96,5380
2010-09-13,42.75,43.47,42.75,43.09,3732
2010-09-14,43.57,45.23,43.44,44.74,11689
2010-09-15,44.44,44.71,44.15,44.27,4957
2010-09-16,44.74,45.08,44.54,44.79,5523
2010-09-17,45.36,45.36,44.58,44.73,11291
2010-09-20,44.73,45.51,44.7,45.36,6602
2010-09-21,45.21,45.45,44.14,45.41,5398
2010-09-22,45.79,46.16,45.32,45.84,4153
2010-09-23,45.84,45.96,45.15,45.2,8764
2010-09-24,45.6,46.1,45.53,45.68,5144
2010-09-27,46.13,46.13,44.98,45.3,5327
2010-09-28,44.83,46.09,44.06,46.09,10364
2010-09-29,46.42,46.42,45.42,45.84,6943
2010-09-30,46.15,46.15,44.61,45.06,20535
2010-10-01,45.7,46.01,45.53,46.01,8943
2010-10-04,46.0,46.0,44.85,45.26,7037
2010-10-05,46.29,47.0,46.12,46.86,4928
2010-10-06,46.99,47.75,46.99,47.74,18440
2010-10-07,48.66,48.66,46.16,46.5,26493
2010-10-08,46.8,47.32,46.8,47.25,5742
2010-10-11,47.32,47.62,46.81,47.17,13399
2010-10-12,47.0,47.0,46.06,46.92,16652
2010-10-13,47.79,48.68,47.79,48.3,10867
2010-10-14,48.88,48.88,47.95,48.01,21760
2010-10-15,48.24,48.24,47.05,47.61,7906
2010-10-18,47.63,47.63,46.54,47.09,60256
2010-10-19,46.0,46.0,44.49,44.89,43513
2010-10-20,45.32,46.08,45.26,45.7,30495
2010-10-21,45.49,45.7,44.69,44.71,10463
2010-10-22,44.77,45.18,44.6,45.17,5780
2010-10-25,45.28,46.35,45.28,46.09,9861
2010-10-26,45.99,46.23,44.83,45.96,3439
2010-10-27,44.74,45.07,44.22,44.55,22800
2010-10-28,45.03,46.17,44.9,46.17,8450
2010-10-29,46.47,46.94,46.31,46.59,6843
2010-11-01,46.99,47.43,46.68,46.85,8381
2010-11-02,46.98,47.49,46.94,47.33,8154
2010-11-03,47.3,47.44,46.41,47.1,4620
2010-11-04,47.7,49.71,47.7,49.71,14498
2010-11-05,49.72,50.45,49.24,50.2,25959
2010-11-08,50.39,50.99,49.31,50.97,16376
2010-11-09,52.46,52.46,49.04,49.51,32518
2010-11-10,49.95,50.58,49.37,50.44,24839
2010-11-11,50.87,50.87,49.97,50.82,19816
2010-11-12,50.88,50.88,48.52,49.38,45592
2010-11-15,49.38,49.61,48.64,49.15,8174
2010-11-16,47.65,47.82,46.64,46.96,23004
2010-11-17,47.23,48.02,47.23,47.52,24802
2010-11-18,48.76,49.02,48.65,48.65,4121
2010-11-19,48.58,48.88,47.85,48.88,6946
2010-11-22,49.02,49.02,48.37,48.92,2872
2010-11-23,47.58,48.49,47.57,48.49,7833
2010-11-24,48.19,48.89,48.19,48.62,5172
2010-11-26,47.86,48.81,47.83,47.91,4070
2010-11-29,47.82,47.86,46.96,47.86,10062
2010-11-30,48.04,48.66,47.78,48.46,6885
2010-12-01,49.19,49.68,48.84,49.65,31019
2010-12-02,49.99,50.97,49.99,50.48,7734
2010-12-03,51.19,51.89,51.19,51.89,8493
2010-12-06,52.2,52.37,51.67,52.35,61443
2010-12-07,53.49,53.49,51.46,51.5,31335
2010-12-08,52.24,52.24,50.05,50.73,9218
2010-12-09,51.67,51.67,50.24,50.42,6029
2010-12-10,49.9,50.62,49.61,50.62,27922
2010-12-13,51.8,51.8,50.68,50.68,4963
2010-12-14,50.68,51.52,50.68,51.3,11245
2010-12-15,50.88,51.17,50.24,50.5,3486
2010-12-16,49.79,50.01,49.5,49.75,9074
2010-12-17,49.26,49.31,48.49,49.21,7964
2010-12-20,50.03,50.03,48.91,49.46,27997
2010-12-21,49.39,49.55,49.08,49.55,4619
2010-12-22,49.35,49.53,49.25,49.25,3944
2010-12-23,49.12,49.58,49.12,49.48,7834
2010-12-27,50.04,50.74,49.1,49.39,11167
2010-12-28,49.57,50.62,48.71,50.05,15052
2010-12-29,49.92,50.12,49.58,49.81,4664
2010-12-30,49.81,50.0,49.22,49.65,28551
2010-12-31,49.52,50.48,49.52,50.01,10472
2011-01-03,50.14,51.32,50.09,50.44,43869
2011-01-04,50.39,50.39,47.82,48.9,50276
2011-01-05,48.55,48.55,47.46,47.95,17162
2011-01-06,48.38,48.38,46.27,46.41,70174
2011-01-07,46.18,47.02,45.99,46.37,42283
2011-01-10,46.69,46.79,45.94,46.56,4782
2011-01-11,46.75,47.75,46.74,47.53,13147
2011-01-12,48.0,48.22,47.45,48.17,7300
2011-01-13,48.25,48.25,46.77,46.77,5088
2011-01-14,46.4,47.0,45.61,45.97,18693
2011-01-18,46.05,46.78,46.05,46.28,3396
2011-01-19,46.42,46.5,45.75,45.75,4914
2011-01-20,45.87,45.87,43.85,44.59,21472
2011-01-21,44.58,45.17,44.23,44.23,25540
2011-01-24,43.85,44.84,43.8,43.81,11586
2011-01-25,43.44,43.77,42.99,43.66,34811
2011-01-26,43.5,44.51,43.17,44.49,17822
2011-01-27,44.45,45.13,43.84,44.0,10456
2011-01-28,43.84,44.48,43.83,43.83,29217
2011-01-31,44.67,44.67,43.8,44.02,7918
2011-02-01,44.37,45.33,44.1,45.33,6618
2011-02-02,45.95,45.95,44.88,45.04,4943
2011-02-03,45.06,46.26,44.76,45.98,10584
2011-02-04,46.18,46.58,45.73,46.05,4375
2011-02-07,46.42,46.56,45.81,46.21,4686
2011-02-08,46.41,47.22,46.22,47.21,13637
2011-02-09,47.16,47.16,45.74,46.07,10582
2011-02-10,45.2,45.93,45.2,45.88,7286
2011-02-11,46.19,46.37,45.8,45.85,5926
2011-02-14,45.83,46.45,45.83,46.08,8036
2011-02-15,46.55,47.1,46.53,46.79,4671
2011-02-16,47.05,47.39,46.9,47.05,2559
2011-02-17,46.86,47.8,46.86,47.78,5507
2011-02-18,48.08,48.5,47.91,48.22,3557
2011-02-22,49.13,49.2,47.47,47.47,7964
2011-02-23,47.42,48.3,47.42,48.02,8474
2011-02-24,47.97,47.98,46.74,47.13,4718
2011-02-25,48.01,48.1,47.5,48.05,47997
2011-02-28,48.79,48.79,47.97,48.5,10029
2011-03-01,48.91,49.17,48.77,49.06,9165
2011-03-02,49.2,49.71,49.16,49.35,10402
2011-03-03,49.45,49.45,48.57,48.79,11073
2011-03-04,49.0,49.63,49.0,49.26,8610
2011-03-07,49.49,50.31,48.86,48.97,9512
2011-03-08,49.1,49.1,47.85,48.69,5302
2011-03-09,48.95,48.95,47.98,48.3,4873
2011-03-10,47.42,47.42,46.02,46.03,18462
2011-03-11,46.03,47.19,46.03,47.08,6363
2011-03-14,46.94,47.21,46.3,46.5,1743
2011-03-15,44.91,45.65,43.61,45.61,21319
2011-03-16,44.99,45.54,44.22,44.53,7850
2011-03-17,44.55,45.1,44.55,45.03,3207
2011-03-18,45.92,45.92,45.47,45.67,3824
2011-03-21,46.3,46.98,46.3,46.66,5087
2011-03-22,46.25,47.05,46.25,46.93,2852
2011-03-23,46.9,48.0,46.9,48.0,4344
2011-03-24,48.45,49.05,48.45,48.75,2725
2011-03-25,48.9,48.9,48.05,48.29,3518
2011-03-28,47.8,48.16,47.63,47.64,5558
2011-03-29,47.3,47.92,47.3,47.58,2910
2011-03-30,48.06,48.75,48.06,48.4,4816
2011-03-31,48.81,49.16,48.63,49.06,5183
2011-04-01,49.29,49.29,48.71,49.04,2843
2011-04-04,49.4,49.46,48.81,48.81,1403
2011-04-05,48.69,50.57,48.69,50.16,4326
2011-04-06,50.77,51.58,50.77,51.22,5409
2011-04-07,51.17,51.48,50.58,50.78,4889
2011-04-08,51.19,51.85,51.19,51.49,6937
2011-04-11,51.57,51.75,50.12,50.3,5382
2011-04-12,50.3,50.34,49.01,49.12,4380
2011-04-13,49.11,49.83,49.11,49.15,3022
2011-04-14,49.25,50.0,49.25,50.0,26578
2011-04-15,49.84,50.24,49.71,49.86,7734
2011-04-18,49.77,49.77,48.24,49.08,8862
2011-04-19,49.58,49.67,49.09,49.55,1588
2011-04-20,50.37,51.05,50.3,50.56,3929
2011-04-21,51.35,51.35,50.83,51.2,18502
2011-04-25,51.39,51.39,50.15,50.5,9335
2011-04-26,50.21,50.21,49.56,49.82,5657
2011-04-27,49.92,50.93,49.45,50.83,18767
2011-04-28,50.82,51.33,50.51,50.6,10032
2011-04-29,50.76,51.34,50.29,50.9,5987
2011-05-02,50.21,50.63,49.24,49.33,4903
2011-05-03,49.34,49.34,47.73,48.01,9299
2011-05-04,47.66,48.04,46.83,47.59,11194
2011-05-05,47.02,47.02,45.05,45.59,92758
2011-05-06,46.03,47.12,45.6,45.96,14290
2011-05-09,46.0,46.61,45.9,46.61,5635
2011-05-10,46.49,47.13,46.49,46.93,2782
2011-05-11,46.28,46.6,44.85,45.28,18541
2011-05-12,44.72,45.25,43.7,44.9,10888
2011-05-13,44.71,44.9,43.7,44.35,22746
2011-05-16,44.89,45.21,44.48,44.48,10525
2011-05-17,44.5,44.68,43.45,44.31,13492
2011-05-18,45.36,45.36,44.9,44.9,1573
2011-05-19,45.55,45.55,44.69,45.3,3214
2011-05-20,44.81,45.79,44.81,45.26,6010
2011-05-23,43.78,45.59,43.78,44.57,81208
2011-05-24,45.03,45.91,45.03,45.86,34380
2011-05-25,45.74,46.22,45.53,46.1,19639
2011-05-26,46.16,46.43,45.97,46.16,1665
2011-05-27,47.0,47.14,46.75,47.14,1178
2011-05-31,47.56,47.67,47.13,47.67,3394
2011-06-01,47.64,47.67,46.4,46.45,2284
2011-06-02,46.78,47.01,45.62,46.53,6104
2011-06-03,46.05,46.63,46.05,46.63,1881
2011-06-06,46.34,46.53,45.07,45.11,15778
2011-06-07,45.56,46.06,45.4,45.95,5063
2011-06-08,45.34,45.34,44.01,44.01,4832
2011-06-09,44.84,45.44,44.84,45.37,2568
2011-06-10,44.91,44.91,43.91,44.3,9559
2011-06-13,43.87,44.05,43.2,43.48,49030
2011-06-14,43.84,44.48,43.84,44.13,4847
2011-06-15,43.8,44.04,43.12,43.53,4301
2011-06-16,43.0,43.54,42.26,42.39,12246
2011-06-17,42.63,43.52,42.63,42.97,3644
2011-06-20,42.52,43.46,42.52,43.0,9474
2011-06-21,43.18,44.57,43.18,44.57,9464
2011-06-22,44.6,45.19,44.6,44.75,1471
2011-06-23,43.72,44.08,42.95,44.08,3198
2011-06-24,43.5,43.5,42.85,42.85,1376
2011-06-27,42.75,42.96,42.61,42.95,2950
2011-06-28,43.38,43.99,43.38,43.89,6145
2011-06-29,43.75,44.8,43.75,44.8,1615
2011-06-30,45.24,45.24,44.33,45.05,5340
2011-07-01,44.27,44.8,44.2,44.56,6383
2011-07-05,44.52,45.79,44.52,45.64,7979
2011-07-06,45.59,45.99,45.39,45.85,10549
2011-07-07,46.0,46.51,46.0,46.19,4450
2011-07-08,46.31,46.31,45.78,45.92,7205
2011-07-11,45.92,46.31,44.85,44.85,2659
2011-07-12,44.85,46.62,44.85,46.44,10076
2011-07-13,46.72,48.0,46.72,47.61,7277
2011-07-14,48.01,48.05,47.32,47.41,16724
2011-07-15,47.69,48.48,47.66,48.48,3977
2011-07-18,48.61,49.14,48.52,48.63,30798
2011-07-19,49.0,49.0,48.05,48.17,8517
2011-07-20,47.66,48.82,47.66,48.58,16515
2011-07-21,49.03,49.03,48.24,48.5,6468
2011-07-22,48.88,49.07,48.55,48.69,45009
2011-07-25,48.91,49.34,48.52,48.52,7400
2011-07-26,48.47,49.05,48.45,48.66,2814
2011-07-27,48.79,49.46,47.51,47.58,13574
2011-07-28,47.61,47.63,47.31,47.36,9206
2011-07-29,46.61,47.0,46.53,46.77,14288
2011-08-01,46.66,47.24,46.23,46.75,42091
2011-08-02,47.34,48.29,47.51,47.6,69011
2011-08-03,47.96,48.29,47.51,47.85,20307
2011-08-04,48.0,48.0,44.58,45.02,31114
2011-08-05,45.15,45.61,42.53,44.58,26355
2011-08-08,44.93,45.75,43.46,43.46,28980
2011-08-09,43.98,45.28,43.46,45.13,20801
2011-08-10,45.02,46.96,44.78,46.01,44780
2011-08-11,46.18,47.29,45.4,47.29,8749
2011-08-12,47.0,47.0,46.11,46.57,4912
2011-08-15,46.65,48.0,46.56,47.77,4432
2011-08-16,47.57,48.06,47.2,47.58,9901
2011-08-17,48.02,48.8,47.62,48.19,35242
2011-08-18,47.8,47.82,46.32,46.76,21908
2011-08-19,47.15,48.62,47.15,47.76,27013
2011-08-22,48.86,49.8,48.86,49.6,41452
2011-08-23,49.58,49.58,48.18,48.18,5321
2011-08-24,48.29,48.41,46.66,47.14,13501
2011-08-25,46.75,47.95,46.75,47.66,6278
2011-08-26,47.74,48.95,47.47,48.92,14737
2011-08-29,48.98,49.26,48.47,49.26,2035
2011-08-30,49.93,50.21,49.09,50.21,17424
2011-08-31,50.21,50.42,49.74,50.07,7747
2011-09-01,50.22,50.45,49.72,50.32,1914
2011-09-02,50.1,51.17,50.1,50.81,9064
2011-09-06,50.62,51.35,50.05,50.57,32154
2011-09-07,50.5,51.44,49.66,51.41,27587
2011-09-08,51.74,52.0,51.72,51.95,13042
2011-09-09,51.63,52.0,50.5,50.91,6351
2011-09-12,50.23,50.23,48.74,49.58,9535
2011-09-13,49.49,49.9,49.22,49.71,3856
2011-09-14,49.37,49.47,49.01,49.39,9383
2011-09-15,49.24,49.24,47.99,48.96,6055
2011-09-16,48.86,49.53,48.86,49.34,2130
2011-09-19,49.22,49.22,48.6,48.8,3902
2011-09-20,48.67,50.38,48.67,49.8,18730
2011-09-21,49.96,50.32,48.53,48.62,16047
2011-09-22,47.01,47.01,44.49,45.11,19053
2011-09-23,45.76,45.76,41.82,42.87,35273
2011-09-26,42.25,43.4,41.07,43.24,41067
2011-09-27,44.24,44.97,43.4,43.5,20743
2011-09-28,43.93,44.28,41.86,41.86,6957
2011-09-29,42.29,42.66,41.25,41.75,13329
2011-09-30,41.01,42.8,41.0,41.49,16169
2011-10-03,41.99,42.34,40.98,41.07,7472
2011-10-04,40.12,40.25,38.73,40.15,15008
2011-10-05,40.79,41.73,40.63,41.73,13189
2011-10-06,41.74,42.73,41.47,42.73,15315
2011-10-07,43.48,43.48,41.89,42.43,3118
2011-10-10,43.74,44.35,42.18,44.14,27710
2011-10-11,43.35,43.85,43.25,43.81,4260
2011-10-12,44.28,44.71,44.1,44.19,9500
2011-10-13,43.29,43.63,43.03,43.6,19484
2011-10-14,44.54,44.75,44.15,44.7,7390
2011-10-17,44.32,44.32,43.49,43.58,2205
2011-10-18,43.0,44.21,42.11,44.12,16855
2011-10-19,43.38,43.38,41.92,41.92,29416
2011-10-20,41.25,41.91,40.85,41.27,17894
2011-10-21,42.21,42.4,41.82,42.11,10434
2011-10-24,42.1,43.6,42.1,43.6,2447
2011-10-25,43.28,44.69,43.28,44.41,9329
2011-10-26,44.87,45.08,43.92,45.03,4101
2011-10-27,45.45,46.66,45.45,46.24,5703
2011-10-28,45.25,46.95,45.25,46.91,4225
2011-10-31,45.95,45.95,45.13,45.13,5179
2011-11-01,43.73,44.67,43.05,44.67,4604
2011-11-02,45.88,46.36,45.33,45.33,1972
2011-11-03,46.16,47.1,46.16,47.09,8887
2011-11-04,46.1,46.97,45.94,46.68,2430
2011-11-07,46.62,48.01,46.62,48.01,4380
2011-11-08,48.01,48.04,47.78,48.0,4400
2011-11-09,47.76,47.76,45.93,45.93,4492
2011-11-10,45.96,46.5,45.44,45.9,11469
2011-11-11,46.88,47.53,46.72,47.35,9684
2011-11-14,47.05,47.05,46.4,46.4,344
2011-11-15,46.25,46.78,46.09,46.78,1375
2011-11-16,46.35,46.91,46.09,46.09,2078
2011-11-17,45.27,45.33,44.27,44.28,2884
2011-11-18,44.1,44.1,43.77,43.77,450
2011-11-21,43.35,43.35,41.92,42.51,3641
2011-11-22,42.35,43.1,42.35,42.86,2002
2011-11-23,42.7,42.7,41.45,41.7,3760
2011-11-25,41.85,41.85,41.38,41.38,1347
2011-11-28,42.54,42.88,42.3,42.48,8748
2011-11-29,42.73,43.32,42.73,42.86,7759
2011-11-30,44.36,45.8,44.36,45.8,5180
2011-12-01,45.8,45.91,45.56,45.56,553
2011-12-02,45.85,45.96,44.96,45.14,2813
2011-12-05,45.2,45.4,44.56,44.62,5555
2011-12-06,44.62,45.56,44.11,45.28,9782
2011-12-07,45.28,45.28,44.83,44.83,1760
2011-12-08,44.48,44.48,43.82,43.82,2105
2011-12-09,44.04,44.46,44.04,44.46,2085
2011-12-12,43.22,43.22,42.36,42.45,812
2011-12-13,42.99,43.22,40.95,41.13,18500
2011-12-14,40.25,40.34,39.46,39.73,12021
2011-12-15,40.25,40.25,39.64,39.64,2533
2011-12-16,39.9,40.36,39.68,40.21,6830
2011-12-19,39.67,39.73,38.69,38.86,7475
2011-12-20,39.46,40.42,39.46,40.32,6669
2011-12-21,40.67,40.67,39.92,40.27,25005
2011-12-22,40.03,40.29,39.81,40.23,7763
2011-12-23,40.23,40.35,40.11,40.11,8795
2011-12-27,40.01,40.42,39.99,39.99,15927
2011-12-28,39.12,39.46,38.32,38.32,21865
2011-12-29,38.24,39.19,37.95,39.19,10694
2011-12-30,39.3,39.94,39.25,39.81,42387
2012-01-03,40.26,41.47,40.26,41.41,9645
2012-01-04,40.9,41.25,40.9,41.25,2820
2012-01-05,40.63,41.47,40.48,41.2,2728
2012-01-06,41.53,41.56,41.0,41.27,2326
2012-01-09,41.0,41.28,41.0,41.28,488
2012-01-10,42.34,42.34,42.06,42.07,1200
2012-01-11,41.99,42.11,41.87,42.05,1719
2012-01-12,42.24,42.68,42.08,42.4,20255
2012-01-13,41.8,41.8,41.23,41.48,2285
2012-01-17,42.09,42.16,41.41,41.44,7064
2012-01-18,41.89,42.22,41.84,42.0,4090
2012-01-19,42.03,42.03,41.15,41.15,15707
2012-01-20,41.21,41.77,41.18,41.48,3206
2012-01-23,41.85,42.32,41.83,41.86,9542
2012-01-24,42.21,42.21,41.4,41.58,5443
2012-01-25,41.0,43.55,40.35,43.55,9642
2012-01-26,44.22,44.74,44.16,44.27,7594
2012-01-27,44.96,45.24,44.85,45.24,9431
2012-01-30,44.59,44.59,43.66,44.17,4373
2012-01-31,44.61,44.61,43.83,44.06,2140
2012-02-01,44.47,45.07,44.47,44.94,4946
2012-02-02,44.76,45.46,44.76,45.44,8416
2012-02-03,45.17,45.17,44.65,44.84,4852
2012-02-06,44.5,44.69,44.45,44.48,11977
2012-02-07,44.19,44.76,43.96,44.52,4158
2012-02-08,44.17,44.75,44.03,44.1,7196
2012-02-09,44.23,44.52,44.01,44.01,1531
2012-02-10,43.26,43.4,43.07,43.36,2922
2012-02-13,43.56,43.84,43.41,43.63,3186
2012-02-14,43.71,43.74,42.98,43.03,1741
2012-02-15,43.14,43.52,42.92,42.92,4676
2012-02-16,42.76,43.63,42.21,43.49,6453
2012-02-17,43.49,43.53,43.07,43.17,2947
2012-02-21,43.48,44.25,43.4,44.15,4459
2012-02-22,44.37,44.89,44.14,44.66,5184
2012-02-23,45.0,45.5,45.0,45.5,4090
2012-02-24,44.87,45.06,44.84,44.89,1932
2012-02-27,44.71,44.83,44.51,44.68,2886
2012-02-28,45.05,45.31,44.71,45.08,10797
2012-02-29,45.47,46.07,43.95,44.14,74955
2012-03-01,44.56,44.62,44.06,44.56,2509
2012-03-02,44.18,44.18,43.58,43.7,4860
2012-03-05,43.91,43.91,42.68,42.68,2966
2012-03-06,41.81,41.99,41.14,41.56,9550
2012-03-07,41.37,42.07,41.37,42.07,9199
2012-03-08,42.24,42.87,42.24,42.7,12130
2012-03-09,42.35,42.68,42.35,42.6,1375
2012-03-12,41.78,42.04,41.78,41.83,1654
2012-03-13,42.18,42.28,41.88,41.96,10934
2012-03-14,41.65,41.65,40.29,40.29,6721
2012-03-15,40.84,40.84,40.37,40.57,4142
2012-03-16,40.24,40.52,40.18,40.18,7242
2012-03-19,39.82,40.51,39.82,40.16,15473
2012-03-20,39.64,39.89,38.89,39.82,7774
2012-03-21,39.52,40.15,39.52,39.67,2366
2012-03-22,38.87,39.17,38.87,38.87,4690
2012-03-23,38.81,39.96,38.81,39.67,8872
2012-03-26,40.66,40.66,40.24,40.27,1094
2012-03-27,40.1,40.21,39.9,39.9,3390
2012-03-28,39.27,39.35,38.72,38.72,1714
2012-03-29,38.31,39.1,38.21,39.1,11223
2012-03-30,39.25,39.7,38.87,39.7,3983
2012-04-02,39.16,40.36,39.16,40.22,1202
2012-04-03,39.77,39.77,38.54,38.54,2053
2012-04-04,37.68,38.56,36.73,37.03,4179
2012-04-05,37.25,37.64,36.66,36.76,23790
2012-04-09,36.8,36.92,36.38,36.78,2249
2012-04-10,36.73,37.18,36.36,37.1,9581
2012-04-11,37.1,37.27,37.02,37.02,500
2012-04-12,37.0,38.43,37.0,38.43,2322
2012-04-13,37.88,38.0,37.36,37.48,47573
2012-04-16,37.3,37.3,36.79,36.79,1720
2012-04-17,36.99,37.62,36.99,37.21,2758
2012-04-18,37.3,37.3,36.75,36.79,5247
2012-04-19,36.66,36.89,36.61,36.63,3951
2012-04-20,37.39,37.4,36.57,36.57,2832
2012-04-23,35.82,35.82,35.23,35.61,3447
2012-04-24,35.61,36.04,35.51,35.64,7146
2012-04-25,35.95,36.69,35.92,36.69,1672
2012-04-26,36.38,36.77,36.37,36.72,13474
2012-04-27,36.96,36.99,36.82,36.98,1504
2012-04-30,36.55,36.96,36.45,36.85,12225
2012-05-01,37.19,37.19,36.85,37.09,2073
2012-05-02,36.49,36.6,36.49,36.49,2133
2012-05-03,35.66,35.66,34.94,35.08,2951
2012-05-04,35.22,35.45,35.0,35.0,6274
2012-05-07,34.84,34.84,34.44,34.7,4023
2012-05-08,33.9,33.9,33.1,33.46,54501
2012-05-09,32.25,33.91,32.25,33.78,3346
2012-05-10,33.91,34.35,33.87,33.87,2480
2012-05-11,33.36,33.39,33.28,33.36,5957
2012-05-14,32.62,32.9,32.35,32.35,4085
2012-05-15,31.92,32.01,30.86,30.88,3019
2012-05-16,31.58,31.58,30.55,30.99,3415
2012-05-17,29.53,32.3,29.53,31.95,8810
2012-05-18,32.44,33.07,32.19,32.24,8362
2012-05-21,32.13,33.38,32.13,33.06,8032
2012-05-22,33.08,33.69,32.64,32.75,1576
2012-05-23,32.28,33.77,31.67,33.5,8590
2012-05-24,34.15,34.43,33.36,33.55,2319
2012-05-25,33.8,34.21,33.71,34.21,3719
2012-05-29,34.74,34.74,33.48,33.48,9481
2012-05-30,33.45,33.83,32.75,33.65,6827
2012-05-31,33.58,33.58,32.99,33.2,3580
2012-06-01,33.7,35.03,33.7,34.98,7095
2012-06-04,34.74,34.88,34.53,34.65,3955
2012-06-05,35.2,35.81,35.2,35.79,5872
2012-06-06,37.07,37.08,36.03,36.17,10969
2012-06-07,36.29,36.94,35.05,35.24,26760
2012-06-08,34.76,35.34,34.76,35.34,2782
2012-06-11,35.38,35.38,34.8,34.8,1925
2012-06-12,35.3,35.4,35.12,35.38,1360
2012-06-13,36.1,36.22,35.5,35.62,8714
2012-06-14,35.66,35.86,35.66,35.72,2700
2012-06-15,35.68,35.9,35.59,35.87,3809
2012-06-18,35.38,35.93,35.38,35.93,1809
2012-06-19,36.34,36.58,36.34,36.5,3357
2012-06-20,36.38,36.38,35.84,36.38,1850
2012-06-21,35.18,35.18,34.34,34.35,2450
2012-06-22,33.55,33.55,33.55,33.55,300
2012-06-25,33.27,34.01,33.27,33.9,7450
2012-06-26,33.79,33.82,33.31,33.62,6002
2012-06-27,33.36,33.58,33.28,33.42,1870
2012-06-28,32.9,32.9,32.13,32.23,6543
2012-06-29,33.8,34.75,33.72,34.75,4074
2012-07-02,34.22,34.68,33.55,34.18,2022
2012-07-03,35.1,35.33,35.06,35.33,2316
2012-07-05,35.32,35.33,34.87,34.99,2595
2012-07-06,34.32,34.44,34.01,34.01,2631
2012-07-09,33.73,33.76,33.52,33.76,1380
2012-07-10,33.22,33.22,33.04,33.05,811
2012-07-11,32.73,32.73,32.2,32.2,900
2012-07-12,32.36,32.36,31.78,31.78,510
2012-07-13,32.36,32.57,32.31,32.57,1780
2012-07-16,32.24,32.49,32.24,32.4,2208
2012-07-17,32.02,32.32,31.78,32.32,1832
2012-07-18,32.05,32.05,31.8,31.8,1625
2012-07-19,31.97,32.3,31.97,32.07,4224
2012-07-20,31.81,31.9,31.81,31.9,932
2012-07-23,30.86,31.1,30.85,31.0,2719
2012-07-24,31.2,31.29,30.92,31.09,2064
2012-07-25,32.1,32.48,30.0,32.18,5667
2012-07-26,32.67,33.0,32.49,33.0,3490
2012-07-27,32.98,33.48,32.97,33.48,1401
2012-07-30,33.5,33.76,33.5,33.76,1617
2012-07-31,33.66,33.66,33.24,33.3,1353
2012-08-01,32.5,33.09,32.45,33.03,4033
2012-08-02,32.92,32.92,32.71,32.71,17578
2012-08-03,33.0,33.3,33.0,33.3,15067
2012-08-06,33.7,34.36,33.66,33.85,16200
2012-08-07,33.67,34.4,33.67,34.4,1367
2012-08-08,34.12,34.7,34.12,34.63,1856
2012-08-09,34.6,34.78,34.34,34.77,2374
2012-08-10,,,,34.51,0
2012-08-13,34.64,34.66,34.64,34.66,254
2012-08-14,34.5,34.51,34.48,34.48,2000
2012-08-15,34.29,34.29,34.0,34.29,1588
2012-08-16,34.72,35.28,34.49,35.28,3089
2012-08-17,35.2,35.39,35.05,35.08,7485
2012-08-20,34.99,35.3,34.93,35.3,3464
2012-08-21,36.49,36.5,35.9,36.02,8800
2012-08-22,35.78,36.59,35.78,36.59,3791
2012-08-23,36.81,37.28,36.81,37.14,14056
2012-08-24,36.48,37.17,36.48,36.94,3447
2012-08-27,37.14,37.14,36.38,36.38,7595
2012-08-28,36.5,36.64,36.45,36.45,4875
2012-08-29,36.54,36.54,35.86,35.95,2318
2012-08-30,35.58,35.58,35.26,35.26,1786
2012-08-31,35.29,36.16,35.29,36.15,2807
2012-09-04,36.49,36.76,36.45,36.76,1735
2012-09-05,36.36,36.64,36.24,36.24,2131
2012-09-06,36.88,37.78,36.88,37.78,7251
2012-09-07,37.98,39.19,37.98,39.18,4300
2012-09-10,39.03,39.86,38.39,38.41,4363
2012-09-11,39.13,39.13,38.48,38.91,2438
2012-09-12,38.81,38.81,38.13,38.7,4991
2012-09-13,38.83,40.44,38.17,40.44,4833
2012-09-14,41.2,41.82,41.2,41.21,9315
2012-09-17,41.98,42.02,41.28,41.58,10821
2012-09-18,41.71,41.72,41.1,41.68,5344
2012-09-19,42.21,42.56,42.1,42.56,7111
2012-09-20,41.82,42.1,41.36,42.1,11731
2012-09-21,42.71,42.74,42.11,42.28,9447
2012-09-24,41.82,42.32,40.55,40.78,7337
2012-09-25,41.52,41.52,40.16,40.18,7923
2012-09-26,39.79,40.07,39.05,39.9,2538
2012-09-27,40.13,41.37,40.12,41.28,5732
2012-09-28,41.08,41.27,40.57,40.57,4507
2012-10-01,41.48,42.24,41.48,41.61,5212
2012-10-02,41.34,41.57,41.32,41.39,5008
2012-10-03,41.56,41.56,40.8,40.8,2300
2012-10-04,41.1,41.91,41.1,41.64,2710
2012-10-05,41.81,42.05,41.39,41.54,4425
2012-10-08,41.65,41.65,41.15,41.4,1608
2012-10-09,40.93,41.28,40.34,40.42,4864
2012-10-10,40.0,40.86,40.0,40.41,2221
2012-10-11,40.5,41.11,40.49,41.06,1500
2012-10-12,41.07,41.07,40.0,40.07,3047
2012-10-15,40.58,40.58,39.53,39.83,7151
2012-10-16,39.84,40.61,39.84,40.39,6635
2012-10-17,40.59,41.05,40.28,40.9,3284
2012-10-18,40.49,40.49,39.92,40.03,2250
2012-10-19,39.81,39.9,39.55,39.9,901
2012-10-22,39.45,40.57,39.45,40.57,5308
2012-10-23,39.45,39.82,39.45,39.82,440
2012-10-24,39.33,39.33,38.75,38.75,1311
2012-10-25,39.17,39.86,39.15,39.64,3101
2012-10-26,40.0,40.0,40.0,40.0,125
2012-10-31,40.68,41.48,40.11,41.34,79000
2012-11-01,40.53,40.53,39.99,40.4,11902
2012-11-02,39.64,39.64,38.95,38.98,2802
2012-11-05,39.42,39.42,38.48,38.48,21335
2012-11-06,38.92,39.33,38.92,39.29,7922
2012-11-07,40.1,40.1,38.89,38.89,6332
2012-11-08,39.52,39.95,38.99,39.95,11737
2012-11-09,39.41,40.09,39.41,39.51,5554
2012-11-12,39.33,40.17,39.06,39.06,1223
2012-11-13,38.94,38.94,38.63,38.64,9474
2012-11-14,38.15,38.5,37.01,37.01,46054
2012-11-15,36.36,36.6,35.81,35.9,8589
2012-11-16,35.87,36.3,35.73,36.3,8508
2012-11-19,37.24,37.82,37.09,37.46,4197
2012-11-20,37.58,37.77,37.27,37.29,2289
2012-11-21,37.36,37.72,37.22,37.22,550
2012-11-23,37.6,38.25,37.6,38.15,763
2012-11-26,38.29,38.29,37.49,37.89,2871
2012-11-27,38.01,38.12,37.71,37.71,6238
2012-11-28,36.91,37.46,36.62,37.46,2633
2012-11-29,37.33,37.95,37.25,37.33,2681
2012-11-30,37.47,37.47,37.14,37.42,1011
2012-12-03,37.62,37.62,36.75,36.75,3065
2012-12-04,36.25,36.77,36.0,36.77,1760
2012-12-05,36.29,36.29,35.69,36.04,7479
2012-12-06,36.55,36.55,35.82,35.82,5268
2012-12-07,35.88,36.4,35.88,36.35,2490
2012-12-10,36.76,36.94,36.76,36.94,566
2012-12-11,36.83,36.89,36.5,36.57,1257
2012-12-12,37.17,37.65,36.77,37.47,4252
2012-12-13,37.11,37.11,36.28,36.39,2527
2012-12-14,36.78,36.78,36.35,36.53,3520
2012-12-17,36.64,36.64,36.37,36.46,769
2012-12-18,36.39,36.62,35.94,36.01,6355
2012-12-19,36.0,36.15,35.76,36.02,8111
2012-12-20,36.02,36.02,35.11,35.26,6625
2012-12-21,34.98,35.83,34.64,35.71,4596
2012-12-24,36.04,36.04,35.34,35.87,2660
2012-12-26,35.4,35.99,35.4,35.63,2983
2012-12-27,35.46,36.21,35.46,36.13,2761
2012-12-28,35.74,36.29,35.62,35.62,9322
2012-12-31,35.46,37.08,35.46,37.08,10821
2013-01-02,37.37,37.94,37.37,37.41,6322
2013-01-03,37.18,37.32,36.13,36.23,6581
2013-01-04,35.82,36.49,35.66,36.42,4795
2013-01-07,36.13,36.13,35.67,35.69,2173
2013-01-08,35.65,35.87,35.28,35.87,6580
2013-01-09,35.96,35.96,35.43,35.77,4391
2013-01-10,35.8,36.26,35.8,36.26,918
2013-01-11,36.45,36.45,35.9,36.09,10620
2013-01-14,36.51,36.51,36.02,36.19,4397
2013-01-15,35.88,36.47,35.88,36.44,8577
2013-01-16,36.05,36.37,35.84,36.35,6801
2013-01-17,36.05,36.35,36.03,36.2,7011
2013-01-18,36.23,36.35,35.97,36.32,2476
2013-01-22,36.19,36.45,35.95,36.45,1724
2013-01-23,36.34,36.34,35.69,36.01,6163
2013-01-24,35.45,35.77,35.05,35.13,4725
2013-01-25,34.75,34.75,34.22,34.49,10533
2013-01-28,33.85,34.04,33.75,33.76,4947
2013-01-29,33.73,34.23,33.73,34.12,4714
2013-01-30,34.49,34.67,34.1,34.14,7993
2013-01-31,34.19,34.19,33.71,33.79,1757
2013-02-01,34.28,34.5,34.28,34.33,2609
2013-02-04,34.23,34.86,34.23,34.37,15322
2013-02-05,34.86,34.86,34.2,34.38,3398
2013-02-06,33.8,34.33,33.8,34.26,2594
2013-02-07,34.48,34.5,34.2,34.43,3808
2013-02-08,34.42,34.48,34.3,34.39,1756
2013-02-11,33.73,33.85,33.72,33.85,28700
2013-02-12,33.93,34.02,33.55,33.7,41510
2013-02-13,33.59,33.9,33.59,33.66,4366
2013-02-14,33.69,33.82,33.44,33.44,3281
2013-02-15,33.19,33.19,32.25,32.25,4038
2013-02-19,31.96,31.96,31.63,31.63,26011
2013-02-20,31.42,31.42,30.42,30.68,8169
2013-02-21,30.52,30.81,30.4,30.5,16752
2013-02-22,30.42,30.75,30.4,30.58,38781
2013-02-25,30.9,31.24,30.9,31.21,3561
2013-02-26,31.04,31.45,31.0,31.12,26321
2013-02-27,31.12,31.44,31.03,31.11,25400
2013-02-28,31.25,31.25,30.58,30.75,5771
2013-03-01,30.69,30.7,30.23,30.48,12372
2013-03-04,30.31,30.31,29.5,29.62,14740
2013-03-05,29.73,30.01,29.5,29.5,10893
2013-03-06,29.73,30.26,29.28,30.26,10386
2013-03-07,30.26,30.58,30.01,30.03,7531
2013-03-08,29.77,30.32,29.77,30.31,6279
2013-03-11,30.35,30.39,29.94,30.19,14811
2013-03-12,30.44,30.78,30.44,30.75,15129
2013-03-13,30.56,30.56,30.04,30.19,11804
2013-03-14,30.16,30.43,30.16,30.39,3223
2013-03-15,30.3,30.57,30.25,30.25,3124
2013-03-18,30.83,30.89,30.5,30.59,12751
2013-03-19,30.64,30.71,30.4,30.4,15983
2013-03-20,30.56,30.56,30.14,30.54,2403
2013-03-21,30.86,31.02,30.7,31.01,2912
2013-03-22,31.13,31.13,30.67,30.89,4263
2013-03-25,30.91,30.91,30.46,30.6,3706
2013-03-26,30.71,30.71,30.21,30.3,4243
2013-03-27,30.54,30.74,30.54,30.69,6504
2013-03-28,30.75,30.75,30.13,30.62,1596
2013-04-01,30.69,30.69,30.13,30.13,7456
2013-04-02,30.15,30.15,29.2,29.2,7896
2013-04-03,29.1,29.12,27.81,27.81,9310
2013-04-04,27.81,28.4,27.6,28.4,10179
2013-04-05,28.48,28.72,28.27,28.52,3050
2013-04-08,28.26,28.46,28.0,28.08,6282
2013-04-09,28.66,29.34,28.64,29.34,1620
2013-04-10,29.18,29.18,28.25,28.26,5511
2013-04-11,28.01,28.35,27.91,28.0,4467
2013-04-12,27.31,27.31,26.37,26.37,11365
2013-04-15,25.19,25.19,23.52,23.63,42982
2013-04-16,24.4,24.68,23.58,23.78,26843
2013-04-17,23.57,23.57,22.77,23.02,13543
2013-04-18,22.77,23.4,22.68,23.17,9493
2013-04-19,23.18,23.69,23.18,23.52,1014
2013-04-22,24.16,24.16,23.55,23.85,8168
2013-04-23,23.56,23.56,23.27,23.44,7813
2013-04-24,23.84,24.78,23.82,24.61,12552
2013-04-25,25.55,25.55,24.86,25.07,21629
2013-04-26,25.17,25.2,24.46,24.46,20372
2013-04-29,24.64,24.9,24.64,24.85,4830
2013-04-30,24.77,25.01,24.25,25.01,17088
2013-05-01,26.5,26.5,24.1,24.36,6498
2013-05-02,24.31,24.72,24.31,24.51,25088
2013-05-03,24.77,24.89,24.4,24.55,41703
2013-05-06,24.84,24.89,24.35,24.59,50063
2013-05-07,24.46,24.46,23.91,24.14,50476
2013-05-08,24.6,25.24,24.43,25.2,40171
2013-05-09,24.87,25.54,24.73,24.73,17649
2013-05-10,24.34,24.52,24.03,24.33,23849
2013-05-13,24.26,24.32,23.99,23.99,15985
2013-05-14,23.85,24.05,23.67,23.67,23940
2013-05-15,23.3,23.3,22.7,22.7,30349
2013-05-16,22.49,22.88,22.14,22.81,39196
2013-05-17,22.41,22.41,21.79,21.9,9221
2013-05-20,21.8,22.7,21.76,22.7,15928
2013-05-21,22.38,22.74,22.21,22.46,7418
2013-05-22,22.75,23.22,22.41,22.58,11507
2013-05-23,22.98,23.03,22.69,22.82,3361
2013-05-24,22.73,23.29,22.46,22.46,20484
2013-05-28,22.58,22.64,22.27,22.29,2977
2013-05-29,22.39,23.08,22.39,23.03,7721
2013-05-30,23.32,24.34,23.31,24.34,11724
2013-05-31,24.14,24.14,23.58,23.69,17985
2013-06-03,23.95,24.6,23.95,24.26,30117
2013-06-04,24.1,24.23,23.82,24.16,12067
2013-06-05,24.0,24.12,23.8,23.89,13576
2013-06-06,23.77,24.47,23.75,24.14,21838
2013-06-07,23.91,23.91,23.2,23.24,14474
2013-06-10,22.97,23.45,22.93,23.26,9129
2013-06-11,22.83,22.83,22.55,22.67,12384
2013-06-12,22.57,22.95,22.44,22.78,23246
2013-06-13,22.65,22.92,22.38,22.92,14216
2013-06-14,22.98,23.03,22.65,22.73,6683
2013-06-17,22.41,22.61,22.41,22.53,2214
2013-06-18,22.46,22.46,21.81,21.84,32515
2013-06-19,21.76,22.23,21.34,21.34,13513
2013-06-20,20.28,20.32,19.43,19.44,15771
2013-06-21,19.51,19.98,19.47,19.98,13881
2013-06-24,19.62,19.62,18.71,18.86,9889
2013-06-25,18.98,19.03,18.75,19.01,14128
2013-06-26,18.83,18.83,17.87,17.89,9680
2013-06-27,18.06,18.86,18.06,18.37,23506
2013-06-28,18.32,19.8,18.16,19.8,53571
2013-07-01,19.43,20.13,19.43,19.79,30343
2013-07-02,19.97,19.97,18.89,19.17,26330
2013-07-03,19.14,19.59,18.97,19.37,11096
2013-07-05,18.41,18.74,18.35,18.52,10241
2013-07-08,18.63,19.03,18.57,18.58,7413
2013-07-09,18.92,19.0,18.73,18.87,13200
2013-07-10,18.83,19.04,18.68,18.91,8820
2013-07-11,19.86,20.36,19.67,20.36,6553
2013-07-12,20.36,20.36,19.71,19.84,13708
2013-07-15,19.97,19.97,19.76,19.77,4725
2013-07-16,19.86,20.68,19.86,20.54,7684
2013-07-17,20.88,20.88,20.21,20.3,5767
2013-07-18,20.32,20.41,20.19,20.2,10669
2013-07-19,20.33,20.96,20.27,20.96,9879
2013-07-22,21.49,22.27,21.49,22.21,183499
2013-07-23,22.14,22.83,22.0,22.83,11940
2013-07-24,22.91,22.91,21.52,21.78,10709
2013-07-25,21.58,22.38,21.58,22.08,8209
2013-07-26,21.99,22.25,21.67,22.25,5731
2013-07-29,22.04,22.26,21.97,22.21,15230
2013-07-30,22.26,22.26,21.77,21.95,3425
2013-07-31,21.99,22.05,21.39,21.93,6838
2013-08-01,21.63,21.63,21.33,21.33,2880
2013-08-02,21.33,21.33,20.93,20.93,3537
2013-08-05,20.91,21.05,20.91,21.03,929
2013-08-06,21.0,21.03,19.85,19.85,28920
2013-08-07,19.74,20.25,19.74,19.82,8518
2013-08-08,20.01,21.21,20.01,21.12,2436
2013-08-09,21.5,22.06,21.5,21.68,15305
2013-08-12,22.21,23.2,22.21,22.84,23346
2013-08-13,22.84,22.84,22.3,22.38,3327
2013-08-14,22.64,23.68,22.64,23.42,10396
2013-08-15,23.34,24.51,22.87,24.45,17858
2013-08-16,24.8,24.96,24.22,24.35,14242
2013-08-19,25.17,25.17,23.65,23.67,32717
2013-08-20,23.66,24.66,23.66,24.66,9744
2013-08-21,24.51,24.56,23.68,23.68,42096
2013-08-22,23.89,24.51,23.89,24.01,13523
2013-08-23,24.06,24.98,24.06,24.72,68554
2013-08-26,25.14,25.53,24.8,25.36,16964
2013-08-27,25.59,25.78,24.13,24.33,26253
2013-08-28,24.39,24.75,23.57,23.87,15053
2013-08-29,23.35,24.06,23.2,23.68,34594
2013-08-30,23.4,23.91,23.33,23.58,7490
2013-09-03,23.6,23.87,23.46,23.74,7184
2013-09-04,23.38,23.55,23.3,23.55,3754
2013-09-05,23.56,23.56,23.0,23.19,4819
2013-09-06,23.26,23.56,23.26,23.4,2988
2013-09-09,23.42,23.73,23.23,23.23,12875
2013-09-10,23.0,23.07,22.62,22.72,5708
2013-09-11,22.63,22.95,22.42,22.74,21042
2013-09-12,22.28,22.28,21.73,21.73,14112
2013-09-13,21.54,21.91,21.53,21.83,6648
2013-09-16,21.91,22.26,21.79,21.86,194058
2013-09-17,22.12,22.88,21.81,22.04,320079
2013-09-18,22.18,24.44,21.67,23.99,160144
2013-09-19,24.62,24.62,23.5,24.1,39302
2013-09-20,23.31,23.31,22.03,22.03,31220
2013-09-23,22.17,22.86,21.79,22.53,17912
2013-09-24,21.77,22.55,21.54,21.76,37470
2013-09-25,21.93,22.57,21.61,22.49,11465
2013-09-26,22.28,22.28,21.58,21.83,16187
2013-09-27,21.94,22.35,21.88,22.09,9016
2013-09-30,21.46,21.9,21.19,21.83,22382
2013-10-01,21.65,21.65,21.05,21.21,4676
2013-10-02,21.22,21.64,21.13,21.57,17518
2013-10-03,21.34,21.56,21.08,21.08,6295
2013-10-04,21.04,21.04,20.82,20.99,19657
2013-10-07,20.94,21.17,20.94,21.17,2505
2013-10-08,21.04,21.21,20.4,20.4,11705
2013-10-09,20.22,20.53,20.14,20.19,3694
2013-10-10,20.3,20.68,20.3,20.62,8713
2013-10-11,19.96,20.5,19.51,20.5,62653
2013-10-14,20.04,20.15,19.71,20.08,29375
2013-10-15,19.8,20.45,19.74,20.42,8536
2013-10-16,20.44,20.44,19.97,20.01,14998
2013-10-17,20.84,21.28,20.72,21.01,10859
2013-10-18,20.81,20.99,20.75,20.93,14418
2013-10-21,21.25,21.26,20.94,21.25,448815
2013-10-22,21.22,22.1,21.22,22.04,180740
2013-10-23,21.67,21.97,21.3,21.33,31462
2013-10-24,21.85,22.15,21.73,22.01,12784
2013-10-25,22.01,22.32,21.83,22.14,49653
2013-10-28,22.36,22.48,22.02,22.26,18468
2013-10-29,22.39,22.39,21.7,21.7,7080
2013-10-30,22.16,22.22,21.5,22.0,24980
2013-10-31,21.59,21.59,21.18,21.18,12140
2013-11-01,21.0,21.0,20.37,20.38,10060
2013-11-04,20.65,21.01,20.65,21.01,5185
2013-11-05,21.17,21.17,20.66,20.66,3238
2013-11-06,20.81,21.21,20.81,21.16,8897
2013-11-07,20.95,21.14,20.68,20.68,1900
2013-11-08,20.4,20.74,20.28,20.74,11361
2013-11-11,20.64,20.67,20.38,20.54,5199
2013-11-12,20.33,20.39,20.2,20.2,3382
2013-11-13,20.25,20.38,20.12,20.22,6005
2013-11-14,20.66,20.74,20.51,20.58,3649
2013-11-15,20.75,20.82,20.57,20.57,8424
2013-11-18,20.57,20.57,20.01,20.09,32511
2013-11-19,20.0,20.32,19.9,20.16,5011
2013-11-20,20.0,20.05,19.22,19.58,15172
2013-11-21,19.6,19.6,19.0,19.39,34027
2013-11-22,19.24,19.44,19.08,19.08,16847
2013-11-25,19.06,19.16,18.5,19.08,42450
2013-11-26,18.9,18.9,18.49,18.49,6130
2013-11-27,18.44,18.73,18.41,18.47,49056
2013-11-29,18.73,19.04,18.73,18.97,22080
2013-12-02,18.71,18.71,17.96,18.0,21401
2013-12-03,17.95,17.95,17.59,17.68,77380
2013-12-04,17.77,18.13,17.68,18.02,50563
2013-12-05,18.4,18.4,17.6,17.65,23790
2013-12-06,17.73,18.15,17.73,17.92,54746
2013-12-09,17.88,18.21,17.62,18.21,13419
2013-12-10,18.32,18.93,18.32,18.84,47058
2013-12-11,18.93,18.93,18.19,18.2,27881
2013-12-12,17.81,18.1,17.65,17.99,19672
2013-12-13,18.23,18.33,18.06,18.09,33715
2013-12-16,18.07,18.5,18.07,18.26,22758
2013-12-17,19.05,19.05,18.08,18.12,16375
2013-12-18,18.65,18.65,17.76,17.98,21660
2013-12-19,17.93,17.93,17.54,17.7,12962
2013-12-20,18.02,18.02,17.73,17.9,61730
2013-12-23,17.87,18.0,17.74,17.81,55734
2013-12-24,17.96,18.35,17.96,18.35,8791
2013-12-26,18.59,18.62,18.16,18.33,25578
2013-12-27,19.38,19.38,18.4,18.58,28495
2013-12-30,18.68,19.04,18.2,18.2,136857
2013-12-31,18.32,18.58,18.1,18.5,70824
2014-01-02,18.79,19.2,18.79,19.2,16223
2014-01-03,19.2,19.3,19.04,19.07,7053
2014-01-06,19.29,19.37,19.06,19.08,14319
2014-01-07,18.8,19.03,18.77,19.02,4918
2014-01-08,19.0,19.0,18.67,18.79,6699
2014-01-09,18.57,18.6,18.41,18.41,8561
2014-01-10,18.8,18.96,18.8,18.92,8114
2014-01-13,18.88,19.42,18.88,19.42,19288
2014-01-14,19.46,19.57,18.97,19.0,38854
2014-01-15,18.89,19.18,18.72,19.18,4636
2014-01-16,19.32,19.44,19.19,19.28,11603
2014-01-17,19.73,20.0,19.66,19.89,8117
2014-01-21,19.02,20.38,19.02,20.25,57245
2014-01-22,20.18,20.18,19.78,19.8,28643
2014-01-23,20.07,20.55,20.07,20.26,26336
2014-01-24,20.61,20.61,19.95,20.14,11778
2014-01-27,20.37,20.37,19.5,19.5,19785
2014-01-28,19.52,19.9,19.52,19.9,6263
2014-01-29,20.22,20.38,20.09,20.38,13993
2014-01-30,20.35,20.35,19.82,19.94,14765
2014-01-31,19.76,20.12,19.7,19.96,47593
2014-02-03,19.89,20.34,19.75,19.75,13597
2014-02-04,19.61,20.0,19.61,19.99,10125
2014-02-05,20.17,20.19,19.73,19.73,13909
2014-02-06,19.81,20.08,19.69,19.8,7988
2014-02-07,19.9,20.47,19.87,20.44,13750
2014-02-10,20.58,21.24,20.58,21.0,13987
2014-02-11,21.34,22.01,21.34,21.93,23224
2014-02-12,22.07,22.07,21.27,21.35,14799
2014-02-13,21.43,22.22,21.43,22.16,33490
2014-02-14,22.37,22.79,22.26,22.63,42582
2014-02-18,22.63,22.72,22.33,22.72,25644
2014-02-19,22.5,22.67,21.85,21.96,27816
2014-02-20,22.0,22.92,22.0,22.92,21748
2014-02-21,22.91,22.91,22.45,22.77,10746
2014-02-24,22.9,22.97,22.78,22.78,12971
2014-02-25,22.78,22.85,22.45,22.56,22603
2014-02-26,22.19,22.38,21.98,22.17,8248
2014-02-27,22.28,22.59,22.05,22.08,31968
2014-02-28,22.0,22.15,21.92,22.13,9396
2014-03-03,22.39,22.72,22.21,22.21,22286
2014-03-04,22.07,22.29,22.02,22.2,6311
2014-03-05,22.16,22.51,22.16,22.42,6238
2014-03-06,22.78,22.88,22.7,22.71,6613
2014-03-07,22.3,22.44,22.02,22.16,17555
2014-03-10,22.33,22.34,22.02,22.24,14786
2014-03-11,22.65,22.65,22.11,22.11,1830
2014-03-12,22.58,22.73,22.47,22.7,2854
2014-03-13,22.73,23.3,22.73,23.3,11618
2014-03-14,23.56,23.58,23.21,23.26,33707
2014-03-17,23.44,23.65,22.8,23.03,33895
2014-03-18,22.59,22.95,22.0,22.71,16781
2014-03-19,22.49,22.55,21.71,21.72,20341
2014-03-20,21.5,22.01,21.02,22.01,13239
2014-03-21,22.02,22.13,21.62,21.81,9339
2014-03-24,21.3,21.49,20.95,20.99,12083
2014-03-25,21.17,21.2,20.97,21.14,5249
2014-03-26,21.11,21.11,20.34,20.57,6019
2014-03-27,20.37,20.61,20.08,20.21,8165
2014-03-28,20.3,20.92,20.28,20.66,12684
2014-03-31,20.66,20.66,20.29,20.44,3297
2014-04-01,20.39,20.57,20.31,20.34,2701
2014-04-02,20.73,20.98,20.73,20.94,4430
2014-04-03,20.6,20.7,20.55,20.55,2681
2014-04-04,21.24,21.24,20.81,20.81,5665
2014-04-07,20.67,21.02,20.67,20.98,2917
2014-04-08,21.14,21.35,21.14,21.32,8024
2014-04-09,21.21,21.57,21.11,21.57,2606
2014-04-10,21.68,21.68,21.11,21.13,5533
2014-04-11,21.12,21.23,20.85,20.87,4474
2014-04-14,21.23,21.46,21.21,21.26,7242
2014-04-15,20.69,20.73,20.04,20.6,10492
2014-04-16,20.76,20.9,20.57,20.7,3593
2014-04-17,20.66,20.82,20.5,20.69,8180
2014-04-21,20.57,20.7,20.14,20.17,7610
2014-04-22,20.2,20.61,20.2,20.61,2793
2014-04-23,20.74,21.12,20.58,20.89,5977
2014-04-24,20.88,21.08,20.73,20.76,10106
2014-04-25,20.78,21.13,20.59,20.72,2618
2014-04-28,20.86,21.2,20.54,21.12,1639
2014-04-29,20.81,21.07,20.81,21.02,3274
2014-04-30,20.91,21.07,20.52,20.58,6341
2014-05-01,21.01,21.01,20.44,20.79,4251
2014-05-02,20.81,21.02,20.77,21.02,1323
2014-05-05,21.16,21.43,20.99,20.99,1991
2014-05-06,21.11,21.16,20.96,20.98,4880
2014-05-07,21.17,21.17,20.52,20.52,12069
2014-05-08,20.74,20.74,20.52,20.55,3753
2014-05-09,20.7,20.7,20.45,20.57,5344
2014-05-12,20.67,20.91,20.66,20.68,39939
2014-05-13,20.85,20.9,20.6,20.7,2832
2014-05-14,20.78,20.92,20.76,20.77,1689
2014-05-15,20.76,20.76,20.46,20.51,2959
2014-05-16,20.35,20.41,20.25,20.33,6144
2014-05-19,20.38,20.5,20.38,20.5,696
2014-05-20,20.25,20.34,20.12,20.34,3354
2014-05-21,20.32,20.35,20.12,20.35,6562
2014-05-22,20.43,20.47,20.38,20.42,1107
2014-05-23,20.3,20.39,20.24,20.39,4499
2014-05-27,20.15,20.15,19.5,19.5,54408
2014-05-28,19.39,19.44,19.14,19.15,22773
2014-05-29,19.08,19.56,19.08,19.32,7585
2014-05-30,19.14,19.45,19.13,19.38,9723
2014-06-02,19.39,19.4,19.25,19.3,2441
2014-06-03,19.02,19.43,19.02,19.13,2743
2014-06-04,19.4,19.4,19.36,19.36,2166
2014-06-05,19.4,19.72,19.4,19.57,18978
2014-06-06,19.66,19.69,19.56,19.69,3852
2014-06-09,19.69,19.74,19.62,19.62,11519
2014-06-10,19.61,19.88,19.61,19.88,7036
2014-06-11,20.0,20.26,20.0,20.26,5255
2014-06-12,20.43,20.72,20.4,20.68,18059
2014-06-13,20.85,20.88,20.42,20.88,3460
2014-06-16,20.88,20.88,20.69,20.76,2672
2014-06-17,20.5,20.72,20.5,20.72,1987
2014-06-18,21.0,21.3,21.0,21.3,2903
2014-06-19,21.52,22.36,21.52,22.25,14888
2014-06-20,22.32,22.34,22.13,22.15,38413
2014-06-23,22.29,22.69,22.29,22.6,5250
2014-06-24,22.46,22.46,21.98,21.98,3818
2014-06-25,22.08,22.24,22.05,22.18,4190
2014-06-26,22.18,22.24,21.94,22.24,3789
2014-06-27,22.04,22.3,21.92,22.11,7248
2014-06-30,22.11,22.53,22.01,22.53,5065
2014-07-01,22.51,22.65,22.51,22.55,4873
2014-07-02,22.64,22.89,22.53,22.84,9790
2014-07-03,22.65,22.78,22.38,22.56,1451
2014-07-07,22.28,22.5,22.28,22.5,6892
2014-07-08,22.7,22.7,22.35,22.66,7637
2014-07-09,22.75,23.21,22.63,23.19,9372
2014-07-10,23.44,23.56,22.83,22.83,9150
2014-07-11,23.01,23.19,22.88,23.19,2057
2014-07-14,22.89,22.9,22.58,22.66,7650
2014-07-15,22.63,22.93,22.16,22.16,5251
2014-07-16,22.16,22.6,22.16,22.36,7425
2014-07-17,22.35,22.93,22.35,22.92,8899
2014-07-18,22.75,22.75,22.62,22.69,4978
2014-07-21,22.84,23.0,22.67,22.95,3283
2014-07-22,22.44,22.99,22.44,22.87,5424
2014-07-23,22.6,23.09,22.6,22.77,64804
2014-07-24,22.55,22.55,22.31,22.34,9801
2014-07-25,22.48,22.88,22.48,22.87,3744
2014-07-28,22.8,23.03,22.7,23.03,5129
2014-07-29,23.14,23.14,22.96,22.96,1141
2014-07-30,22.91,22.91,22.5,22.61,13104
2014-07-31,22.54,22.56,22.09,22.09,3979
2014-08-01,22.47,22.47,22.24,22.27,13680
2014-08-04,22.1,22.48,22.01,22.47,2926
2014-08-05,22.16,22.26,21.85,22.12,7268
2014-08-06,22.67,22.67,22.64,22.64,1267
2014-08-07,22.39,22.8,22.35,22.68,17773
2014-08-08,22.79,23.1,22.78,22.78,3926
2014-08-11,22.98,23.12,22.84,22.9,5714
2014-08-12,22.85,23.42,22.85,23.3,5976
2014-08-13,23.3,23.3,23.08,23.13,4241
2014-08-14,23.26,23.43,23.12,23.13,28058
2014-08-15,22.86,23.05,22.83,22.96,6264
2014-08-18,22.86,23.0,22.85,22.99,1309
2014-08-19,22.82,22.99,22.82,22.94,2993
2014-08-20,22.86,22.92,22.82,22.83,4652
2014-08-21,22.44,22.44,22.13,22.17,2572
2014-08-22,22.13,22.32,22.07,22.17,46066
2014-08-25,21.9,21.9,21.68,21.75,3147
2014-08-26,21.88,22.24,21.88,22.02,13445
2014-08-27,22.22,22.32,22.1,22.19,12576
2014-08-28,22.39,22.5,22.16,22.35,16830
2014-08-29,22.32,22.57,22.22,22.57,1628
2014-09-02,22.39,22.39,21.89,21.89,3469
2014-09-03,22.11,22.11,21.78,21.82,7807
2014-09-04,21.77,21.77,21.0,21.06,13334
2014-09-05,21.03,21.11,20.83,21.11,11060
2014-09-08,20.71,20.72,20.47,20.48,22689
2014-09-09,20.77,20.77,20.31,20.75,18121
2014-09-10,20.63,20.63,20.41,20.5,8704
2014-09-11,20.37,20.61,20.13,20.61,9956
2014-09-12,20.45,20.45,20.18,20.22,3337
2014-09-15,20.39,20.39,20.14,20.3,1329
2014-09-16,20.21,20.5,20.0,20.5,10159
2014-09-17,20.21,20.33,19.85,19.85,6764
2014-09-18,19.98,19.98,19.54,19.67,7544
2014-09-19,19.54,19.56,19.05,19.05,5354
2014-09-22,19.2,19.2,18.61,18.78,7661
2014-09-23,18.92,19.21,18.77,19.03,7678
2014-09-24,18.77,18.99,18.7,18.83,7669
2014-09-25,18.53,18.86,18.53,18.84,6726
2014-09-26,18.54,18.58,18.43,18.48,5655
2014-09-29,18.65,18.88,18.45,18.51,5353
2014-09-30,18.47,18.47,18.0,18.12,33794
2014-10-01,18.26,18.27,18.07,18.11,9046
2014-10-02,18.13,18.32,18.0,18.32,6789
2014-10-03,18.04,18.04,17.45,17.49,20652
2014-10-06,17.4,17.96,17.4,17.96,13686
2014-10-07,17.72,18.07,17.53,17.62,7978
2014-10-08,17.61,18.75,17.17,18.75,17569
2014-10-09,18.77,18.77,18.01,18.01,4072
2014-10-10,17.88,18.06,17.68,17.68,3340
2014-10-13,17.77,18.35,17.77,18.2,1414
2014-10-14,18.27,18.47,18.1,18.2,7322
2014-10-15,18.07,18.52,18.07,18.14,13248
2014-10-16,18.19,18.39,18.1,18.21,6202
2014-10-17,18.03,18.14,17.65,17.65,6714
2014-10-20,17.71,18.01,17.71,18.0,8871
2014-10-21,18.02,18.23,17.93,18.08,2864
2014-10-22,17.9,17.9,17.38,17.38,6528
2014-10-23,17.32,17.62,17.07,17.62,52434
2014-10-24,17.6,17.68,17.42,17.5,12027
2014-10-27,17.36,17.46,17.16,17.25,37905
2014-10-28,17.26,17.59,17.24,17.59,7844
2014-10-29,17.46,17.46,16.77,16.93,24278
2014-10-30,16.81,16.81,15.91,15.91,15999
2014-10-31,15.51,15.51,14.93,15.26,52722
2014-11-03,15.29,15.54,15.21,15.54,12770
2014-11-04,15.56,15.56,14.96,15.04,18406
2014-11-05,14.82,14.85,14.34,14.5,18127
2014-11-06,14.55,15.2,14.55,14.95,19159
2014-11-07,15.61,15.96,15.46,15.96,5743
2014-11-10,15.98,15.98,15.27,15.28,9847
2014-11-11,15.3,15.93,15.3,15.83,10973
2014-11-12,15.74,16.11,15.58,15.67,6352
2014-11-13,15.87,15.87,15.5,15.5,5313
2014-11-14,15.33,16.5,15.3,16.41,159612
2014-11-17,16.4,16.7,16.12,16.64,29771
2014-11-18,16.98,17.36,16.96,17.34,11933
2014-11-19,17.41,17.41,16.6,16.73,9849
2014-11-20,16.79,16.97,16.6,16.97,8229
2014-11-21,17.07,17.4,16.89,16.97,7907
2014-11-24,16.97,17.1,16.7,16.75,12902
2014-11-25,16.73,17.46,16.73,17.46,8569
2014-11-26,17.48,17.48,17.27,17.43,6861
2014-11-28,16.73,16.73,15.83,15.83,19310
2014-12-01,16.05,16.84,16.05,16.84,16259
2014-12-02,16.58,16.77,16.19,16.3,10918
2014-12-03,16.35,16.96,16.35,16.82,12849
2014-12-04,16.87,16.87,16.4,16.66,6611
2014-12-05,16.24,16.28,16.03,16.08,6352
2014-12-08,16.18,16.41,15.78,16.41,19686
2014-12-09,16.55,17.0,16.55,16.74,13663
2014-12-10,16.85,17.02,16.33,16.55,5246
2014-12-11,15.77,16.45,15.77,16.06,15106
2014-12-12,15.98,16.18,15.97,16.0,11715
2014-12-15,15.74,15.81,14.86,14.86,18943
2014-12-16,15.07,15.41,14.7,14.75,98132
2014-12-17,14.88,15.41,14.88,15.14,5458
2014-12-18,15.73,15.99,15.41,15.99,80938
2014-12-19,15.93,16.29,15.79,16.18,6172
2014-12-22,15.47,15.51,15.15,15.2,25942
2014-12-23,15.1,15.5,15.0,15.0,12258
2014-12-24,14.94,15.3,14.94,15.29,10146
2014-12-26,16.0,16.0,15.48,15.8,21038
2014-12-29,15.73,15.88,15.49,15.6,40462
2014-12-30,15.78,16.29,15.78,16.0,61146
2014-12-31,16.0,16.01,15.8,16.0,28721
2015-01-02,15.85,16.29,15.73,16.29,6206
2015-01-05,16.31,16.62,16.31,16.5,2361
2015-01-06,16.83,17.5,16.83,17.34,11287
2015-01-07,17.33,17.47,16.91,17.28,12353
2015-01-08,17.38,17.44,16.94,16.95,4829
2015-01-09,17.11,17.55,17.11,17.52,6955
2015-01-12,17.59,18.21,17.59,17.98,19832
2015-01-13,18.22,18.25,17.37,17.37,12097
2015-01-14,17.46,17.76,16.96,17.11,9238
2015-01-15,17.66,18.25,17.66,18.2,17351
2015-01-16,18.15,18.81,18.15,18.69,36513
2015-01-20,19.0,19.45,19.0,19.36,24292
2015-01-21,19.5,19.6,18.88,19.12,17018
2015-01-22,19.38,19.48,19.15,19.18,41327
2015-01-23,18.94,18.94,18.47,18.59,20592
2015-01-26,18.39,18.86,17.94,18.86,1172105
2015-01-27,18.96,19.45,18.96,19.41,241750
2015-01-28,19.36,19.36,18.54,18.73,210228
2015-01-29,18.5,18.51,17.93,18.21,149358
2015-01-30,18.2,18.82,18.14,18.75,109382
2015-02-02,18.58,19.19,18.32,19.02,156188
2015-02-03,18.94,19.06,18.5,18.7,104185
2015-02-04,18.69,19.12,18.64,19.0,58889
2015-02-05,18.89,19.26,18.89,19.26,60060
2015-02-06,18.81,18.96,18.2,18.26,84471
2015-02-09,18.33,18.6,18.33,18.54,24970
2015-02-10,18.48,18.48,18.01,18.18,25328
2015-02-11,18.3,18.3,17.79,17.81,49146
2015-02-12,17.91,18.18,17.89,18.11,27247
2015-02-13,18.39,18.47,18.2,18.26,12129
2015-02-17,17.98,17.98,17.66,17.68,42751
2015-02-18,17.65,18.1,17.52,18.06,17313
2015-02-19,18.16,18.16,17.62,17.68,23066
2015-02-20,17.71,18.02,17.65,17.67,10003
2015-02-23,17.65,17.74,17.4,17.7,28022
2015-02-24,17.73,17.82,17.41,17.79,61366
2015-02-25,17.94,18.06,17.83,18.0,21625
2015-02-26,18.16,18.25,17.95,17.95,14595
2015-02-27,18.17,18.41,18.17,18.22,9695
2015-03-02,18.24,18.24,17.78,17.85,12809
2015-03-03,17.86,18.0,17.53,17.56,22115
2015-03-04,17.52,17.52,17.16,17.27,22583
2015-03-05,17.25,17.39,17.17,17.21,8112
2015-03-06,16.87,16.87,16.04,16.08,138697
2015-03-09,16.12,16.12,15.36,15.37,204371
2015-03-10,15.33,15.6,15.02,15.09,23147
2015-03-11,15.0,15.51,14.93,15.32,92753
2015-03-12,15.58,15.59,15.22,15.48,44665
2015-03-13,15.4,15.41,15.09,15.4,12980
2015-03-16,15.4,15.5,15.08,15.34,939444
2015-03-17,15.16,15.49,15.08,15.2,240688
2015-03-18,15.09,15.96,15.06,15.96,197441
2015-03-19,15.71,15.94,15.71,15.86,85632
2015-03-20,15.95,16.47,15.95,16.35,64295
2015-03-23,16.48,16.75,16.45,16.72,18015
2015-03-24,16.74,16.74,16.59,16.65,11998
2015-03-25,16.77,16.81,16.5,16.5,5246
2015-03-26,16.61,16.78,16.08,16.16,42817
2015-03-27,16.1,16.2,15.88,16.1,22035
2015-03-30,15.94,15.94,15.69,15.73,63547
2015-03-31,15.74,15.81,15.53,15.54,18943
2015-04-01,15.67,16.29,15.67,16.27,20916
2015-04-02,16.26,16.26,16.03,16.09,59537
2015-04-06,16.42,16.81,16.42,16.64,89440
2015-04-07,16.61,16.61,16.32,16.33,10603
2015-04-08,16.48,16.48,16.21,16.24,4843
2015-04-09,16.23,16.23,16.07,16.17,4855
2015-04-10,16.32,16.5,16.32,16.48,8273
2015-04-13,16.57,16.57,16.29,16.29,12482
2015-04-14,16.31,16.54,16.31,16.45,5606
2015-04-15,16.56,16.96,16.46,16.91,12889
2015-04-16,17.1,17.1,16.69,16.78,45273
2015-04-17,16.8,16.96,16.71,16.74,10810
2015-04-20,16.69,16.76,16.56,16.76,6880
2015-04-21,16.78,16.92,16.77,16.82,21464
2015-04-22,16.85,16.85,16.42,16.45,47361
2015-04-23,16.43,16.8,16.43,16.75,10385
2015-04-24,16.73,16.91,16.59,16.6,21270
2015-04-27,16.72,17.24,16.72,16.95,67136
2015-04-28,17.05,17.6,17.05,17.57,34381
2015-04-29,17.64,17.84,17.56,17.71,43453
2015-04-30,17.36,17.36,17.05,17.12,100028
2015-05-01,17.16,17.26,17.16,17.26,1861
2015-05-04,17.45,17.6,17.34,17.37,10276
2015-05-05,17.52,17.66,17.25,17.26,11720
2015-05-06,17.37,17.37,17.0,17.07,38269
2015-05-07,16.82,16.96,16.71,16.95,11958
2015-05-08,16.94,17.19,16.94,17.11,2003
2015-05-11,17.15,17.24,17.05,17.05,7652
2015-05-12,17.28,17.36,17.27,17.36,5226
2015-05-13,17.52,17.92,17.52,17.84,9949
2015-05-14,17.93,18.16,17.81,17.85,51241
2015-05-15,17.72,17.94,17.67,17.8,5654
2015-05-18,17.79,17.86,17.72,17.73,76689
2015-05-19,17.58,17.58,17.17,17.23,37423
2015-05-20,17.27,17.38,17.24,17.27,4170
2015-05-21,17.19,17.19,17.11,17.13,20769
2015-05-22,17.08,17.15,17.04,17.14,5413
2015-05-26,16.83,16.83,16.45,16.51,17173
2015-05-27,16.55,16.67,16.55,16.67,5719
2015-05-28,16.54,16.74,16.46,16.74,9729
2015-05-29,16.84,16.84,16.79,16.81,2103
2015-06-01,16.85,16.96,16.66,16.7,6526
2015-06-02,16.86,16.97,16.8,16.94,8221
2015-06-03,16.88,16.88,16.61,16.64,3613
2015-06-04,16.48,16.48,16.3,16.42,9853
2015-06-05,16.06,16.22,16.01,16.2,3887
2015-06-08,16.12,16.26,16.02,16.24,4860
2015-06-09,16.38,16.38,16.14,16.14,1069
2015-06-10,16.36,16.41,16.19,16.28,45644
2015-06-11,16.13,16.13,16.01,16.03,5546
2015-06-12,16.06,16.06,15.93,15.94,8309
2015-06-15,15.8,16.08,15.8,16.01,6749
2015-06-16,15.86,15.86,15.76,15.76,5535
2015-06-17,15.77,16.13,15.75,16.13,8220
2015-06-18,16.42,16.46,16.28,16.37,7924
2015-06-19,16.3,16.3,15.91,15.91,4948
2015-06-22,15.8,15.81,15.72,15.74,5618
2015-06-23,15.69,15.81,15.69,15.7,6133
2015-06-24,15.7,15.76,15.7,15.76,1792
2015-06-25,15.73,15.76,15.54,15.6,5024
2015-06-26,15.45,15.56,15.45,15.47,3936
2015-06-29,15.4,15.55,15.28,15.28,4973
2015-06-30,15.25,15.32,15.09,15.16,5181
2015-07-01,15.06,15.06,14.85,14.88,50078
2015-07-02,14.89,15.01,14.89,15.01,13311
2015-07-06,14.94,15.26,14.85,15.15,5113
2015-07-07,14.92,14.92,14.5,14.62,22877
2015-07-08,14.65,14.68,14.38,14.38,27257
2015-07-09,14.53,14.64,14.42,14.49,3733
2015-07-10,14.3,14.42,14.27,14.36,19179
2015-07-13,14.3,14.36,14.12,14.32,9114
2015-07-14,14.35,14.47,14.35,14.38,5435
2015-07-15,14.33,14.33,14.04,14.1,9779
2015-07-16,13.97,13.99,13.92,13.98,15049
2015-07-17,13.96,13.96,13.42,13.5,33020
2015-07-20,13.0,13.0,12.16,12.22,50288
2015-07-21,12.34,12.69,12.32,12.42,61196
2015-07-22,12.14,12.46,12.13,12.3,17937
2015-07-23,12.4,12.4,11.94,11.94,24970
2015-07-24,11.89,12.16,11.62,12.13,142646
2015-07-27,12.16,12.44,11.84,11.84,102956
2015-07-28,11.9,12.05,11.9,12.04,1804
2015-07-29,11.97,12.11,11.95,12.11,4002
2015-07-30,12.08,12.08,11.84,11.89,12930
2015-07-31,12.07,12.09,12.0,12.05,10188
2015-08-03,11.89,11.89,11.69,11.74,27002
2015-08-04,11.78,11.83,11.58,11.65,23012
2015-08-05,11.85,11.85,11.54,11.54,9586
2015-08-06,11.6,11.93,11.6,11.82,97397
2015-08-07,11.92,12.07,11.78,11.82,20905
2015-08-10,12.12,12.43,12.12,12.43,16866
2015-08-11,12.54,12.66,12.36,12.66,80310
2015-08-12,12.81,13.32,12.81,13.26,56343
2015-08-13,13.16,13.16,12.68,12.68,52446
2015-08-14,12.78,12.95,12.53,12.63,24645
2015-08-17,12.74,13.05,12.74,13.0,15639
2015-08-18,12.75,12.75,12.75,12.75,501
2015-08-19,12.84,13.15,12.84,13.12,14557
2015-08-20,13.51,13.84,13.51,13.7,31177
2015-08-21,14.09,14.09,13.31,13.31,78300
2015-08-24,12.92,12.92,12.35,12.36,49061
2015-08-25,12.35,12.35,11.98,12.0,33529
2015-08-26,11.92,11.97,11.36,11.59,24240
2015-08-27,11.43,12.07,11.41,11.98,64465
2015-08-28,12.35,12.44,12.18,12.4,6495
2015-08-31,12.5,12.5,11.97,12.29,33775
2015-09-01,12.19,12.4,11.91,11.91,6446
2015-09-02,12.1,12.1,11.72,11.83,24915
2015-09-03,11.72,12.14,11.7,11.73,12963
2015-09-04,11.59,11.59,11.32,11.56,12469
2015-09-08,11.84,11.87,11.69,11.69,3077
2015-09-09,11.61,11.63,11.47,11.54,6314
2015-09-10,11.54,11.54,11.41,11.41,7578
2015-09-11,11.48,11.53,11.08,11.5,38479
2015-09-14,11.54,11.57,11.27,11.39,8468
2015-09-15,11.53,11.53,11.38,11.46,4545
2015-09-16,11.76,12.08,11.76,12.08,9698
2015-09-17,12.05,12.41,11.87,12.36,11234
2015-09-18,12.52,12.66,12.32,12.48,10140
2015-09-21,12.38,12.4,12.11,12.11,5948
2015-09-22,11.89,11.89,11.53,11.59,10319
2015-09-23,11.71,11.71,11.47,11.47,7072
2015-09-24,11.66,12.14,11.66,12.14,15689
2015-09-25,12.08,12.13,12.03,12.1,4907
2015-09-28,11.93,11.93,11.51,11.51,8081
2015-09-29,11.66,11.77,11.51,11.61,18317
2015-09-30,11.58,11.87,11.46,11.87,6472
2015-10-01,12.18,12.18,11.86,11.86,573
2015-10-02,11.96,12.42,11.96,12.42,2127
2015-10-05,12.59,12.98,12.59,12.97,9691
2015-10-06,13.22,13.36,13.22,13.36,5857
2015-10-07,13.26,13.5,13.26,13.43,3045
2015-10-08,13.29,13.77,13.24,13.24,35189
2015-10-09,13.56,13.84,13.56,13.84,6094
2015-10-12,14.26,14.26,13.46,13.46,3388
2015-10-13,13.43,13.71,13.43,13.46,14689
2015-10-14,13.67,14.49,13.67,14.49,26243
2015-10-15,14.41,14.51,14.11,14.5,12672
2015-10-16,14.25,14.37,14.07,14.11,19111
2015-10-19,13.98,13.98,13.53,13.53,2953
2015-10-20,13.53,14.03,13.53,13.94,12841
2015-10-21,13.9,13.9,13.52,13.53,2471
2015-10-22,13.51,13.86,13.51,13.79,9883
2015-10-23,13.68,14.12,13.53,13.95,22823
2015-10-26,14.0,14.0,13.7,13.7,5086
2015-10-27,13.51,13.72,13.46,13.66,3342
2015-10-28,14.02,14.25,13.5,13.57,32693
2015-10-29,13.39,13.39,12.96,13.06,15484
2015-10-30,13.0,13.13,12.9,13.13,5013
2015-11-02,12.79,12.99,12.73,12.9,18121
2015-11-03,12.86,12.97,12.8,12.91,7803
2015-11-04,12.97,12.97,12.66,12.72,2741
2015-11-05,12.68,12.68,12.16,12.23,16150
2015-11-06,11.92,11.92,11.52,11.72,14213
2015-11-09,11.64,11.94,11.57,11.93,6945
2015-11-10,11.74,11.83,11.66,11.69,2606
2015-11-11,11.75,11.87,11.68,11.83,5976
2015-11-12,11.62,11.85,11.52,11.73,10007
2015-11-13,11.66,11.84,11.6,11.76,3136
2015-11-16,11.91,11.93,11.82,11.89,3637
2015-11-17,11.8,11.8,11.37,11.38,8162
2015-11-18,11.43,11.73,11.31,11.72,11458
2015-11-19,12.0,12.14,11.95,12.06,7776
2015-11-20,12.1,12.1,11.7,11.7,11242
2015-11-23,11.65,11.7,11.59,11.61,2615
2015-11-24,11.76,11.98,11.7,11.93,4320
2015-11-25,11.88,12.0,11.8,11.88,12057
2015-11-27,11.77,11.77,11.64,11.67,12494
2015-11-30,11.71,11.83,11.71,11.81,14963
2015-12-01,11.81,12.14,11.81,12.13,12117
2015-12-02,12.03,12.03,11.8,11.92,10677
2015-12-03,12.05,12.16,12.01,12.1,5758
2015-12-04,12.32,12.6,12.32,12.6,10692
2015-12-07,12.52,12.52,12.12,12.12,8264
2015-12-08,12.09,12.09,11.95,11.98,7341
2015-12-09,12.15,12.28,12.01,12.12,57327
2015-12-10,12.12,12.26,12.11,12.11,1802
2015-12-11,11.94,12.21,11.92,12.14,3161
2015-12-14,12.17,12.17,11.62,11.66,2269
2015-12-15,11.64,11.68,11.54,11.59,7077
2015-12-16,11.7,12.09,11.7,12.03,15668
2015-12-17,11.92,11.92,11.29,11.37,17259
2015-12-18,11.58,11.71,11.58,11.64,37192
2015-12-21,11.52,11.92,11.52,11.92,2708
2015-12-22,11.62,11.91,11.33,11.86,19507
2015-12-23,11.9,12.29,11.27,12.14,30972
2015-12-24,12.3,12.49,12.2,12.48,8489
2015-12-28,12.18,12.18,11.84,11.92,26049
2015-12-29,12.21,12.21,12.02,12.12,8875
2015-12-30,11.81,11.83,11.74,11.8,40252
2015-12-31,11.75,11.88,11.7,11.75,27453
2016-01-04,11.93,12.22,11.93,12.18,4819
2016-01-05,12.32,12.32,11.99,12.13,2695
2016-01-06,12.15,12.37,12.12,12.24,8588
2016-01-07,12.25,12.83,12.25,12.72,35117
2016-01-08,12.64,12.64,12.21,12.51,12604
2016-01-11,12.48,12.49,11.97,11.97,4331
2016-01-12,11.77,11.8,11.53,11.76,10114
2016-01-13,11.72,11.75,11.62,11.69,1588
2016-01-14,11.72,11.73,11.37,11.45,8847
2016-01-15,11.65,11.65,11.3,11.31,9246
2016-01-19,11.44,11.44,10.84,11.0,3208
2016-01-20,10.86,11.07,10.84,11.02,22749
2016-01-21,11.14,11.23,10.92,11.23,9565
2016-01-22,11.16,11.32,11.1,11.32,9875
2016-01-25,11.52,11.6,11.37,11.41,1614
2016-01-26,11.64,12.06,11.64,12.05,5754
2016-01-27,11.89,12.21,11.89,12.21,1341
2016-01-28,12.11,12.18,12.07,12.1,6352
2016-01-29,12.32,12.36,12.31,12.36,2663
2016-02-01,12.45,12.76,12.45,12.73,11048
2016-02-02,12.69,12.69,12.38,12.52,3261
2016-02-03,12.84,13.27,12.84,13.27,6549
2016-02-04,13.62,14.22,13.62,13.98,24918
2016-02-05,13.96,14.48,13.63,14.29,20603
2016-02-08,15.11,15.35,15.02,15.16,37097
2016-02-09,15.42,15.42,14.56,14.56,26659
2016-02-10,14.38,14.62,14.23,14.62,6152
2016-02-11,15.46,15.8,15.32,15.67,20097
2016-02-12,15.54,15.96,15.47,15.81,13673
2016-02-16,15.75,15.75,14.89,14.89,26481
2016-02-17,15.11,15.47,15.1,15.37,6520
2016-02-18,15.2,15.96,15.12,15.95,21608
2016-02-19,15.78,15.98,15.78,15.92,3877
2016-02-22,15.82,15.99,15.37,15.98,13125
2016-02-23,16.16,16.29,16.02,16.12,12723
2016-02-24,16.38,16.88,16.27,16.32,156842
2016-02-25,16.46,16.63,16.42,16.53,9276
2016-02-26,16.5,16.5,16.05,16.14,31433
2016-02-29,16.23,16.61,16.23,16.6,20897
2016-03-01,16.73,16.73,16.13,16.19,30018
2016-03-02,16.11,16.57,16.09,16.53,29722
2016-03-03,16.5,17.15,16.5,17.11,10130
2016-03-04,17.15,17.9,17.05,17.05,39104
2016-03-07,17.17,17.79,17.17,17.57,401331
2016-03-08,17.7,17.7,16.8,16.8,230472
2016-03-09,16.61,17.04,16.29,17.04,119315
2016-03-10,16.95,17.57,16.95,17.57,38255
2016-03-11,17.65,17.77,17.25,17.27,60995
2016-03-14,17.31,17.31,16.65,16.65,31610
2016-03-15,16.59,16.98,16.44,16.97,15214
2016-03-16,16.87,18.07,16.56,17.86,63594
2016-03-17,18.27,18.52,17.78,17.78,38929
2016-03-18,17.81,18.15,17.8,17.9,14672
2016-03-21,17.8,17.97,17.68,17.85,12096
2016-03-22,18.17,18.17,17.77,17.83,67209
2016-03-23,17.32,17.32,16.58,16.69,35337
2016-03-24,16.61,16.89,16.52,16.89,28124
2016-03-28,17.12,17.12,16.6,16.99,8091
2016-03-29,17.08,17.68,16.86,17.68,30682
2016-03-30,17.66,17.71,17.33,17.62,18879
2016-03-31,17.7,17.7,17.31,17.33,14231
2016-04-01,17.05,17.4,16.98,17.39,27681
2016-04-04,17.41,17.41,16.93,16.95,15743
2016-04-05,17.26,17.39,17.21,17.35,33602
2016-04-06,17.41,17.45,17.26,17.43,34354
2016-04-07,17.61,18.18,17.61,17.8,26786
2016-04-08,17.91,18.5,17.91,18.39,21304
2016-04-11,18.81,19.5,18.81,19.44,29138
2016-04-12,19.67,19.86,19.27,19.64,29135
2016-04-13,19.5,19.51,18.96,19.09,17913
2016-04-14,19.01,19.09,18.39,18.56,42260
2016-04-15,18.6,19.09,18.48,19.04,12219
2016-04-18,19.37,19.37,18.97,19.07,12110
2016-04-19,19.56,20.05,19.56,19.93,16881
2016-04-20,20.09,20.48,19.66,19.7,143474
2016-04-21,20.32,20.32,19.81,20.05,20649
2016-04-22,20.06,20.16,19.43,19.45,16616
2016-04-25,19.56,19.73,19.36,19.38,10011
2016-04-26,19.53,19.82,19.42,19.82,7704
2016-04-27,19.9,20.1,19.69,20.07,9886
2016-04-28,20.1,20.91,20.1,20.91,38919
2016-04-29,21.03,22.09,21.03,21.92,17025
2016-05-02,22.43,22.67,21.55,21.86,39698
2016-05-03,21.78,21.78,20.94,21.13,43327
2016-05-04,20.75,21.02,19.98,20.02,38188
2016-05-05,20.26,20.71,20.26,20.68,18684
2016-05-06,21.24,21.62,21.01,21.39,35637
2016-05-09,20.81,20.81,20.02,20.1,19528
2016-05-10,20.23,20.81,19.93,20.67,23278
2016-05-11,21.3,21.4,20.76,21.23,34573
2016-05-12,21.66,21.66,20.9,20.9,29849
2016-05-13,20.92,21.19,20.63,21.0,20740
2016-05-16,21.29,21.66,21.29,21.46,15074
2016-05-17,21.54,21.89,21.43,21.76,33063
2016-05-18,21.55,21.56,20.09,20.09,39517
2016-05-19,19.81,20.41,19.48,20.36,54045
2016-05-20,20.28,20.47,20.07,20.43,38530
2016-05-23,20.3,20.57,19.57,20.54,31227
2016-05-24,19.87,19.97,19.19,19.2,37557
2016-05-25,19.2,19.69,18.82,19.6,45400
2016-05-26,19.82,19.93,19.51,19.55,7462
2016-05-27,19.6,19.6,19.0,19.01,23873
2016-05-31,18.84,19.53,18.84,19.3,37743
2016-06-01,19.27,19.57,19.13,19.47,9995
2016-06-02,19.28,19.62,19.25,19.38,255060
2016-06-03,20.04,21.48,20.04,21.11,25014
2016-06-06,21.49,21.59,21.11,21.54,41881
2016-06-07,21.49,21.53,21.28,21.47,20541
2016-06-08,21.9,22.48,21.9,21.98,35530
2016-06-09,21.88,22.33,21.87,22.32,17655
2016-06-10,22.41,22.6,21.81,21.96,34508
2016-06-13,22.59,22.59,21.7,21.94,15506
2016-06-14,21.79,21.9,21.33,21.46,17644
2016-06-15,21.55,22.18,21.43,22.13,6587
2016-06-16,22.73,22.73,21.55,21.61,18660
2016-06-17,22.07,22.14,21.51,21.98,24032
2016-06-20,21.48,21.8,21.23,21.79,98731
2016-06-21,21.49,21.52,21.22,21.22,80615
2016-06-22,21.36,21.63,21.13,21.63,10756
2016-06-23,21.38,21.83,21.29,21.72,9954
2016-06-24,23.54,23.54,22.36,22.59,261013
2016-06-27,23.03,23.13,22.5,22.98,73555
2016-06-28,22.79,22.89,22.46,22.7,24875
2016-06-29,23.05,23.6,22.9,23.23,227393
2016-06-30,23.61,23.88,23.23,23.71,31845
2016-07-01,24.04,24.98,24.04,24.85,106189
2016-07-05,25.52,25.58,24.82,25.32,62509
2016-07-06,25.88,26.25,25.81,26.25,43828
2016-07-07,26.08,26.08,25.13,25.27,26805
2016-07-08,25.4,26.08,25.15,26.08,22900
2016-07-11,26.37,26.37,25.8,26.09,27417
2016-07-12,25.97,25.98,25.15,25.15,37253
2016-07-13,25.67,26.08,25.51,25.97,28156
2016-07-14,25.61,25.89,24.99,25.79,30274
2016-07-15,25.64,25.73,25.34,25.45,124787
2016-07-18,25.54,25.54,24.53,25.51,23981
2016-07-19,25.52,25.52,25.22,25.28,13890
2016-07-20,25.09,25.09,23.91,23.92,52310
2016-07-21,24.01,24.74,23.99,24.56,52508
2016-07-22,24.47,24.71,24.44,24.59,13083
2016-07-25,24.41,24.41,23.7,23.71,7976
2016-07-26,23.93,24.44,23.93,24.44,23695
2016-07-27,24.64,25.4,24.51,25.4,9506
2016-07-28,25.63,26.07,25.14,25.33,20564
2016-07-29,25.68,26.28,25.68,26.0,10848
2016-08-01,26.16,26.35,26.0,26.31,21409
2016-08-02,26.4,26.87,26.4,26.66,54761
2016-08-03,26.84,26.84,26.23,26.45,22255
2016-08-04,26.34,26.82,26.34,26.78,43523
2016-08-05,26.16,26.16,25.75,25.78,26543
2016-08-08,25.92,26.27,25.92,26.02,13045
2016-08-09,26.32,26.41,26.16,26.26,18200
2016-08-10,26.82,27.08,26.6,26.77,16102
2016-08-11,26.93,27.11,26.72,26.73,21521
2016-08-12,27.04,27.14,26.49,26.5,10173
2016-08-15,26.73,26.75,26.38,26.42,17574
2016-08-16,26.3,26.56,26.16,26.38,39625
2016-08-17,26.0,26.05,25.4,25.9,62987
2016-08-18,26.09,26.32,26.03,26.27,51583
2016-08-19,25.93,25.93,25.5,25.68,6702
2016-08-22,25.29,25.29,25.05,25.26,20437
2016-08-23,25.27,25.38,24.68,24.68,65167
2016-08-24,24.6,24.6,23.11,23.26,73522
2016-08-25,23.06,23.83,22.81,23.4,147876
2016-08-26,23.66,24.09,23.14,23.35,34891
2016-08-29,23.09,23.58,23.09,23.42,15398
2016-08-30,23.17,23.17,22.1,22.16,37840
2016-08-31,22.06,22.06,21.51,21.78,59214
2016-09-01,21.52,22.54,21.41,22.46,48971
2016-09-02,22.84,23.36,22.82,23.35,16638
2016-09-06,23.55,24.45,23.53,24.36,482862
2016-09-07,24.47,24.47,23.84,24.29,164998
2016-09-08,24.3,24.31,23.65,23.71,51229
2016-09-09,23.5,23.5,22.47,22.5,50287
2016-09-12,22.29,23.12,22.16,23.05,77418
2016-09-13,22.5,22.55,21.91,22.09,42181
2016-09-14,22.54,22.7,22.16,22.25,12108
2016-09-15,21.98,22.64,21.89,22.3,24163
2016-09-16,22.07,22.32,21.7,21.99,9715
2016-09-19,22.06,22.46,22.05,22.27,26892
2016-09-20,22.26,22.33,21.99,22.23,25476
2016-09-21,22.5,23.75,22.5,23.75,27836
2016-09-22,24.32,24.36,23.54,23.67,13851
2016-09-23,23.58,23.58,22.97,23.03,4640
2016-09-26,22.97,23.19,22.8,22.8,20085
2016-09-27,22.57,22.68,22.35,22.58,6124
2016-09-28,22.43,23.0,22.21,22.9,21365
2016-09-29,22.83,22.87,22.54,22.79,18326
2016-09-30,23.01,23.01,22.57,22.62,7961
2016-10-03,22.62,22.62,22.01,22.2,14773
2016-10-04,21.71,21.93,20.13,20.13,25084
2016-10-05,20.48,20.48,19.82,20.14,28368
2016-10-06,19.4,19.77,19.4,19.68,31221
2016-10-07,19.81,20.22,19.37,19.79,48127
2016-10-10,19.72,19.85,19.72,19.81,4727
2016-10-11,19.72,19.72,19.31,19.31,10003
2016-10-12,19.65,19.88,19.5,19.73,9045
2016-10-13,19.72,20.24,19.7,20.11,5384
2016-10-14,19.97,20.0,19.55,19.69,7765
2016-10-17,19.51,19.95,19.51,19.8,37568
2016-10-18,20.11,20.59,20.11,20.58,36557
2016-10-19,21.03,21.21,20.75,21.09,8887
2016-10-20,21.22,21.22,20.88,20.95,2252
2016-10-21,20.82,20.95,20.7,20.88,48383
2016-10-24,21.05,21.05,20.4,20.51,6955
2016-10-25,20.68,21.19,20.68,21.11,3510
2016-10-26,20.48,20.6,20.47,20.6,1118
2016-10-27,20.59,20.59,20.12,20.22,22992
2016-10-28,20.35,20.5,20.09,20.26,17450
2016-10-31,20.53,20.9,20.45,20.9,7402
2016-11-01,21.15,21.7,21.15,21.41,53541
2016-11-02,22.02,22.06,21.15,21.15,18074
2016-11-03,21.5,21.69,20.42,21.52,13139
2016-11-04,21.66,21.66,21.11,21.34,15992
2016-11-07,20.94,20.94,20.41,20.6,20907
2016-11-08,20.86,21.1,20.42,20.68,18346
2016-11-09,22.05,22.05,20.7,20.97,31397
2016-11-10,20.47,20.47,19.43,19.55,46572
2016-11-11,19.28,19.46,18.0,18.0,31183
2016-11-14,17.84,18.37,17.31,18.07,44023
2016-11-15,18.04,18.86,18.04,18.86,12998
2016-11-16,19.04,19.04,18.39,18.58,29717
2016-11-17,18.75,18.85,18.04,18.31,18552
2016-11-18,18.06,18.11,17.73,18.01,17061
2016-11-21,18.39,18.5,18.21,18.26,7994
2016-11-22,18.42,18.42,18.0,18.38,12710
2016-11-23,17.86,17.86,17.2,17.44,19820
2016-11-25,17.24,17.65,17.24,17.44,9054
2016-11-28,18.01,18.21,17.58,18.21,32172
2016-11-29,17.58,18.18,17.58,18.14,57043
2016-11-30,17.73,17.79,17.52,17.78,10595
2016-12-01,17.49,17.91,17.29,17.63,9097
2016-12-02,17.75,18.27,17.75,18.07,47581
2016-12-05,17.94,18.18,17.54,18.09,12787
2016-12-06,17.91,18.11,17.85,17.88,7861
2016-12-07,18.21,18.37,18.12,18.13,20229
2016-12-08,18.0,18.23,18.0,18.23,43880
2016-12-09,18.1,18.11,17.54,17.58,22564
2016-12-12,17.68,18.32,17.58,17.64,19966
2016-12-13,17.74,17.91,17.53,17.84,13323
2016-12-14,18.25,18.25,17.03,17.04,15642
2016-12-15,16.66,16.66,16.04,16.26,35820
2016-12-16,16.1,16.38,15.93,16.04,46240
2016-12-19,15.89,16.26,15.8,16.05,17935
2016-12-20,15.86,16.12,15.8,16.12,104538
2016-12-21,16.09,16.19,15.93,16.02,33279
2016-12-22,15.92,16.24,15.92,16.06,12580
2016-12-23,16.15,16.31,16.15,16.24,30833
2016-12-27,15.96,16.66,15.96,16.45,57113
2016-12-28,16.48,17.1,16.48,17.01,14474
2016-12-29,17.42,18.19,17.42,18.19,59077
2016-12-30,18.15,18.56,17.58,17.58,63745
2017-01-03,17.99,18.32,17.85,18.32,12746
2017-01-04,18.6,18.6,18.28,18.52,19170
2017-01-05,18.98,19.65,18.98,19.65,12322
2017-01-06,19.47,19.47,18.67,18.83,22098
2017-01-09,19.07,19.26,18.78,19.01,66472
2017-01-10,18.87,19.21,18.87,18.95,2441
2017-01-11,19.03,19.27,18.56,19.19,10146
2017-01-12,19.76,19.87,19.05,19.1,73498
2017-01-13,18.68,19.31,18.68,19.31,17003
2017-01-17,19.74,20.04,19.39,19.77,9576
2017-01-18,19.78,19.9,19.33,19.36,13601
2017-01-19,19.07,19.52,19.06,19.35,13059
2017-01-20,19.5,19.73,19.31,19.66,9443
2017-01-23,20.0,20.17,19.83,20.15,14321
2017-01-24,20.21,20.55,20.21,20.28,16421
2017-01-25,20.01,20.35,19.68,20.0,28927
2017-01-26,19.7,19.7,19.41,19.49,11249
2017-01-27,19.57,19.74,19.46,19.7,24056
2017-01-30,19.7,19.96,19.58,19.66,10493
2017-01-31,20.05,20.33,20.05,20.33,26328
2017-02-01,19.96,20.87,19.94,20.34,29797
2017-02-02,20.78,20.8,20.5,20.73,176657
2017-02-03,20.59,20.84,20.59,20.83,6990
2017-02-06,21.0,21.54,20.85,21.54,15788
2017-02-07,21.46,21.65,21.18,21.49,16178
2017-02-08,21.58,21.77,21.51,21.64,13760
2017-02-09,22.0,22.0,21.13,21.14,14193
2017-02-10,21.02,21.48,20.59,21.47,24200
2017-02-13,21.36,21.36,21.17,21.23,8195
2017-02-14,21.52,21.52,20.92,21.17,8555
2017-02-15,20.84,21.16,20.82,21.11,15918
2017-02-16,21.2,21.48,21.2,21.39,11283
2017-02-17,21.28,21.42,21.0,21.02,14330
2017-02-21,20.9,20.95,20.66,20.87,17312
2017-02-22,20.83,20.83,20.34,20.63,7493
2017-02-23,21.01,21.2,20.83,20.83,5317
2017-02-24,20.86,20.92,20.51,20.51,7326
2017-02-27,20.54,20.79,19.37,19.41,21343
2017-02-28,19.58,19.93,19.3,19.5,32549
2017-03-01,19.3,19.65,19.07,19.58,25457
2017-03-02,19.0,19.29,18.67,18.72,21609
2017-03-03,18.55,19.0,18.44,18.93,21426
2017-03-06,18.93,18.93,18.23,18.37,14319
2017-03-07,18.11,18.41,18.1,18.27,9622
2017-03-08,18.07,18.36,18.03,18.08,13616
2017-03-09,18.05,18.14,17.85,17.95,17042
2017-03-10,18.17,18.49,18.0,18.49,7078
2017-03-13,18.77,18.93,18.48,18.7,13325
2017-03-14,18.64,18.8,18.1,18.19,29084
2017-03-15,18.41,19.49,18.19,19.49,10595
2017-03-16,19.67,19.81,19.3,19.4,32305
2017-03-17,19.66,19.84,19.36,19.4,170179
2017-03-20,19.41,19.7,19.28,19.7,5718
2017-03-21,20.04,20.04,19.69,19.95,12486
2017-03-22,19.94,20.15,19.89,19.89,4846
2017-03-23,20.13,20.13,19.6,19.68,4783
2017-03-24,19.78,19.78,19.61,19.61,7420
2017-03-27,19.94,20.15,19.78,19.99,12403
2017-03-28,20.1,20.1,19.54,19.54,6607
2017-03-29,19.51,19.68,19.51,19.68,5776
2017-03-30,19.43,19.53,19.34,19.39,3180
2017-03-31,19.6,19.67,19.33,19.48,9891
2017-04-03,19.51,19.72,19.51,19.67,4980
2017-04-04,19.96,20.06,19.88,20.06,24073
2017-04-05,19.94,20.13,19.79,20.1,3534
2017-04-06,19.86,20.16,19.82,20.16,36775
2017-04-07,20.5,20.58,20.07,20.12,12327
2017-04-10,20.23,20.32,20.03,20.31,4886
2017-04-11,20.61,20.89,20.39,20.8,8349
2017-04-12,20.76,20.97,20.72,20.93,3403
2017-04-13,21.08,21.18,21.0,21.06,24753
2017-04-17,20.99,21.09,20.94,21.02,5052
2017-04-18,21.0,21.18,20.58,20.74,12239
2017-04-19,20.59,20.59,19.9,20.16,42827
2017-04-20,20.13,20.32,20.12,20.23,5009
2017-04-21,20.29,20.31,20.2,20.29,3570
2017-04-24,19.99,20.04,19.67,20.01,8059
2017-04-25,19.65,19.65,19.0,19.09,14514
2017-04-26,18.96,19.18,18.71,19.18,15196
2017-04-27,19.04,19.04,18.7,18.87,2571
2017-04-28,19.19,19.25,19.02,19.25,3158
2017-05-01,19.17,19.38,18.55,18.64,13219
2017-05-02,18.96,19.04,18.69,18.69,12797
2017-05-03,18.63,18.86,18.51,18.51,10102
2017-05-04,18.3,18.3,18.05,18.11,6038
2017-05-05,18.22,18.6,18.22,18.46,40496
2017-05-08,18.4,18.5,18.25,18.49,8495
2017-05-09,18.38,18.5,18.28,18.5,7191
2017-05-10,18.71,18.87,18.7,18.76,8647
2017-05-11,18.8,19.32,18.79,19.22,17025
2017-05-12,19.41,19.54,19.18,19.49,2812
2017-05-15,19.77,19.77,19.38,19.53,45999
2017-05-16,19.58,19.77,19.58,19.7,2218
2017-05-17,20.04,20.28,19.87,20.09,12053
2017-05-18,20.02,20.02,19.38,19.6,89390
2017-05-19,19.63,19.78,19.63,19.75,5448
2017-05-22,19.94,20.08,19.94,20.05,6543
2017-05-23,20.11,20.11,19.45,19.47,7299
2017-05-24,19.51,19.71,19.2,19.71,4383
2017-05-25,19.45,19.48,19.28,19.34,15791
2017-05-26,19.58,19.65,19.53,19.61,19106
2017-05-30,19.48,19.48,19.36,19.36,1168
2017-05-31,19.31,19.47,19.25,19.47,5961
2017-06-01,19.3,19.39,19.3,19.31,2886
2017-06-02,19.54,19.65,19.51,19.51,5294
2017-06-05,19.66,19.66,19.36,19.5,27662
2017-06-06,19.89,20.31,19.76,20.31,12679
2017-06-07,20.22,20.27,20.0,20.2,44229
2017-06-08,20.04,20.04,19.66,19.84,5221
2017-06-09,19.68,19.73,19.57,19.63,8008
2017-06-12,19.57,19.58,19.5,19.55,5989
2017-06-13,19.45,19.68,19.45,19.56,7580
2017-06-14,20.08,20.08,19.08,19.12,8200
2017-06-15,18.96,19.09,18.82,18.84,12513
2017-06-16,18.93,19.0,18.86,18.87,7852
2017-06-19,18.82,18.95,18.77,18.77,16607
2017-06-20,18.74,18.76,18.56,18.61,13171
2017-06-21,18.77,18.85,18.74,18.79,18512
2017-06-22,19.05,19.2,19.02,19.08,30616
2017-06-23,19.28,19.5,19.28,19.5,53529
2017-06-26,19.32,19.43,19.2,19.33,12415
2017-06-27,19.43,19.43,19.19,19.24,4452
2017-06-28,19.15,19.28,19.08,19.14,4062
2017-06-29,19.03,19.03,18.75,18.79,6616
2017-06-30,18.75,18.92,18.75,18.92,2784
2017-07-03,18.67,19.3,18.44,18.44,11578
2017-07-05,18.34,18.63,18.34,18.56,8918
2017-07-06,18.56,18.56,18.36,18.4,3903
2017-07-07,18.25,18.25,17.98,17.98,6540
2017-07-10,18.08,18.41,18.08,18.4,9240
2017-07-11,18.3,18.45,18.3,18.45,5114
2017-07-12,18.73,18.75,18.49,18.54,11249
2017-07-13,18.64,18.76,18.38,18.44,4081
2017-07-14,18.72,18.82,18.68,18.68,17246
2017-07-17,18.75,18.94,18.75,18.85,28910
2017-07-18,19.12,19.12,19.01,19.01,9126
2017-07-19,19.1,19.1,18.97,19.04,7946
2017-07-20,18.94,19.21,18.94,19.17,2921
2017-07-21,19.22,19.23,19.05,19.23,5794
2017-07-24,19.24,19.24,18.81,18.81,18108
2017-07-25,18.83,19.07,18.83,18.96,8068
2017-07-26,18.88,19.62,18.88,19.48,9079
2017-07-27,19.58,19.94,19.26,19.27,2505
2017-07-28,19.28,19.55,19.28,19.43,3981
2017-07-31,19.48,19.71,19.48,19.52,7230
2017-08-01,19.48,19.73,19.48,19.62,3706
