Date,Open,High,Low,Close,Volume
2015-11-03,4.3,4.3,4.05,4.05,1103
2015-11-04,3.0,3.0,2.4,2.73,3738
2015-11-05,3.24,3.35,2.77,3.05,2289
2015-11-06,3.0,3.12,3.0,3.02,3168
2015-11-09,2.96,2.96,2.7,2.79,1139
2015-11-10,2.77,2.77,2.7,2.7,959
2015-11-11,2.55,3.0,2.55,3.0,608
2015-11-12,2.52,2.52,2.52,2.52,272
2015-11-13,2.76,2.79,2.76,2.79,797
2015-11-16,2.75,2.79,2.5,2.5,3431
2015-11-17,2.5,2.59,2.35,2.36,3183
2015-11-18,2.4,2.9,2.4,2.63,3497
2015-11-19,2.4,2.64,2.3,2.3,4663
2015-11-20,2.47,2.85,2.4,2.4,523
2015-11-23,2.5,2.5,2.27,2.3,3977
2015-11-24,2.3,2.64,2.15,2.23,2587
2015-11-25,2.15,2.15,2.1,2.15,942
2015-11-27,2.5,2.5,2.1,2.1,1001
2015-11-30,2.05,2.07,2.05,2.05,1622
2015-12-02,2.05,2.05,2.0,2.0,854
2015-12-04,2.0,2.0,1.52,1.8,9998
2015-12-07,1.7,1.7,1.7,1.7,1783
2015-12-08,1.66,2.06,1.58,1.71,116589
2015-12-09,1.87,2.0,1.67,1.7,5226
2015-12-10,1.85,2.2,1.7,2.2,11374
2015-12-11,2.15,3.37,1.8,2.88,96345
2015-12-14,3.05,3.05,1.85,2.01,44697
2015-12-15,2.25,2.25,1.66,2.0,31394
2015-12-16,2.31,2.31,1.74,1.74,2274
2015-12-17,1.73,1.92,1.73,1.73,11118
2015-12-18,1.75,2.1,1.73,1.75,46889
2015-12-21,1.56,1.97,1.56,1.61,12860
2015-12-22,1.61,1.9,1.61,1.71,2356
2015-12-23,1.75,1.75,1.69,1.72,988
2015-12-28,1.96,1.96,1.64,1.9,2282
2015-12-29,1.75,1.85,1.7,1.7,8000
2015-12-30,1.69,2.0,1.41,1.6,33438
2015-12-31,1.55,1.66,1.26,1.26,7316
2016-01-04,1.17,1.25,1.05,1.25,3700
2016-01-05,1.18,1.19,1.08,1.19,1609
2016-01-06,1.09,1.27,1.0,1.27,4737
2016-01-07,1.27,1.44,1.0,1.32,8080
2016-01-08,1.15,1.16,0.87,0.87,6092
2016-01-11,1.36,1.36,0.87,0.87,26274
2016-01-12,0.87,0.87,0.62,0.68,6679
2016-01-13,0.68,0.79,0.55,0.75,92895
2016-01-14,0.68,0.77,0.57,0.75,7073
2016-01-15,0.61,1.0,0.61,0.99,28627
2016-01-19,0.89,1.06,0.71,0.83,28484
2016-01-20,0.72,0.77,0.6,0.76,32822
2016-01-21,0.83,0.85,0.63,0.65,54380
2016-01-22,0.72,0.78,0.62,0.72,1692
2016-01-25,0.66,0.83,0.62,0.74,33213
2016-01-26,0.76,0.86,0.62,0.73,26869
2016-01-27,0.77,0.77,0.77,0.77,100
2016-01-28,0.89,0.89,0.66,0.7,2285
2016-01-29,0.85,0.91,0.81,0.82,5937
2016-02-01,0.87,0.88,0.87,0.88,485
2016-02-02,0.7,0.7,0.7,0.7,122
2016-02-08,0.9,0.9,0.75,0.88,1801
2016-02-09,0.9,0.9,0.9,0.9,997
2016-02-10,0.88,0.88,0.75,0.88,707
2016-02-11,0.89,1.0,0.88,0.95,4177
2016-02-16,0.81,1.01,0.78,0.78,3616
2016-02-17,0.93,1.04,0.93,0.95,2521
2016-02-18,0.97,1.1,0.97,0.99,4952
2016-02-19,1.01,1.01,0.79,0.79,16528
2016-02-22,0.81,1.0,0.8,0.98,21074
2016-02-23,0.83,0.98,0.8,0.98,1210
2016-02-25,1.03,1.05,0.91,1.03,4812
2016-02-26,1.13,1.13,1.05,1.13,3617
2016-02-29,1.16,1.16,1.16,1.16,236
2016-03-01,1.2,1.2,1.14,1.19,768
2016-03-02,1.19,1.19,1.13,1.19,5066
2016-03-03,1.2,1.2,1.17,1.18,2133
2016-03-04,1.19,1.19,1.13,1.16,12152
2016-03-07,1.09,1.25,1.09,1.25,21394
2016-03-08,1.2,1.27,1.19,1.27,12939
2016-03-09,1.4,1.4,1.3,1.32,8509
2016-03-10,1.59,1.9,1.37,1.69,24588
2016-03-11,1.74,1.8,1.35,1.69,13328
2016-03-14,1.41,1.9,1.41,1.9,13487
2016-03-15,1.89,1.92,1.52,1.7,24165
2016-03-16,1.66,1.8,1.66,1.79,12320
2016-03-17,1.79,1.8,1.64,1.79,9696
2016-03-18,1.79,1.79,1.51,1.76,1650
2016-03-21,1.6,1.78,1.6,1.75,3008
2016-03-22,1.78,1.87,1.69,1.83,5808
2016-03-23,1.64,1.89,1.64,1.85,6095
2016-03-24,1.88,1.9,1.84,1.9,2508
2016-03-28,1.9,2.0,1.9,2.0,2102
2016-03-29,1.96,2.0,1.96,1.98,1434
2016-03-30,1.99,2.03,1.98,2.03,3050
2016-03-31,2.03,2.05,2.03,2.03,2390
2016-04-01,2.08,2.4,2.06,2.2,13001
2016-04-04,2.2,2.27,2.19,2.27,1063
2016-04-05,2.43,2.43,2.2,2.26,6149
2016-04-06,2.26,2.34,2.26,2.34,3306
2016-04-07,2.29,2.32,2.28,2.32,7248
2016-04-08,2.35,2.4,2.32,2.39,5549
2016-04-11,2.4,2.4,2.32,2.36,4514
2016-04-12,2.42,2.42,2.05,2.25,8037
2016-04-13,2.09,2.25,2.08,2.19,5502
2016-04-14,2.29,2.36,2.28,2.28,5772
2016-04-15,2.18,2.18,2.18,2.18,2101
2016-04-18,2.07,2.27,2.07,2.13,8146
2016-04-19,2.08,2.19,2.04,2.04,1484
2016-04-20,1.95,2.22,1.92,2.09,7381
2016-04-21,2.01,2.01,2.01,2.01,177
2016-04-25,2.01,2.15,2.01,2.15,2095
2016-04-26,2.16,2.16,2.15,2.15,859
2016-04-27,2.2,2.2,2.12,2.12,3316
2016-04-28,2.28,2.29,2.19,2.19,5476
2016-04-29,2.29,2.29,2.03,2.12,4332
2016-05-02,2.33,2.33,2.13,2.14,822
2016-05-03,2.24,2.28,2.03,2.18,3260
2016-05-04,2.06,2.24,2.06,2.23,1268
2016-05-05,2.26,2.26,2.19,2.2,13723
2016-05-06,2.21,2.28,2.19,2.22,2205
2016-05-09,2.34,2.34,2.12,2.12,539
2016-05-10,2.24,2.24,2.09,2.11,3914
2016-05-11,2.08,2.31,2.08,2.24,4483
2016-05-12,2.49,2.49,2.1,2.27,7032
2016-05-13,2.06,2.29,2.06,2.29,1649
2016-05-16,2.26,2.49,2.1,2.34,7425
2016-05-17,2.29,2.44,2.26,2.36,2061
2016-05-18,2.18,2.39,2.18,2.39,2240
2016-05-19,2.37,2.41,2.19,2.31,1583
2016-05-23,2.14,2.14,2.14,2.14,150
2016-05-24,2.15,2.54,2.15,2.54,4592
2016-05-25,2.75,2.75,2.61,2.63,1098
2016-05-26,2.75,2.75,2.29,2.65,4703
2016-05-27,2.61,2.61,2.61,2.61,294
2016-05-31,2.52,2.75,2.52,2.71,2267
2016-06-01,2.75,3.36,2.66,3.0,20405
2016-06-02,3.0,3.11,2.66,2.91,7335
2016-06-03,3.13,3.14,2.95,3.01,21602
2016-06-06,3.05,3.97,3.03,3.17,5036
2016-06-07,3.29,3.29,3.15,3.2,2399
2016-06-08,3.26,3.39,3.26,3.33,1057
2016-06-09,3.38,3.38,3.32,3.37,2373
2016-06-10,3.5,3.94,3.5,3.91,9258
2016-06-13,3.9,4.23,3.9,4.04,27496
2016-06-14,4.15,4.27,3.37,3.65,49141
2016-06-15,3.84,4.17,3.83,3.99,22917
2016-06-16,3.95,4.0,3.36,3.49,11198
2016-06-17,3.54,3.9,3.45,3.83,18186
2016-06-20,3.65,3.87,3.43,3.65,4046
2016-06-21,3.81,3.85,3.71,3.73,2325
2016-06-22,3.86,3.86,3.51,3.53,3303
2016-06-23,3.44,3.74,3.27,3.27,9525
2016-06-24,3.24,3.24,2.8,2.8,8438
2016-06-27,2.86,2.86,2.7,2.73,2546
2016-06-28,2.86,3.17,2.86,2.95,2754
2016-06-29,3.07,3.22,2.92,3.06,5557
2016-06-30,3.21,3.21,3.01,3.04,3689
2016-07-01,3.19,3.19,2.9,2.9,1793
2016-07-05,2.81,2.99,2.7,2.95,7201
2016-07-06,2.87,3.0,2.86,2.86,1322
2016-07-07,2.9,2.98,2.7,2.71,7355
2016-07-08,2.97,2.99,2.84,2.91,5817
2016-07-11,3.05,3.05,2.85,2.91,3160
2016-07-12,2.91,2.91,2.76,2.86,3063
2016-07-13,2.82,2.94,2.7,2.89,21794
2016-07-14,2.89,3.23,2.89,3.11,7241
2016-07-15,3.12,3.49,3.12,3.13,10162
2016-07-18,3.26,3.39,3.22,3.31,4437
2016-07-19,3.47,3.52,2.99,3.14,12421
2016-07-20,3.03,3.11,2.97,3.1,2029
2016-07-21,3.06,3.1,2.96,2.97,8072
2016-07-22,3.03,3.24,3.02,3.05,5465
2016-07-25,3.07,3.18,3.03,3.03,7256
2016-07-26,3.07,3.24,3.0,3.0,3684
2016-07-27,3.12,3.19,2.97,3.04,1662
2016-07-28,2.99,2.99,2.53,2.7,6416
2016-07-29,2.75,2.75,2.75,2.75,427
2016-08-01,2.81,3.03,2.71,2.79,4085
2016-08-02,2.73,2.98,2.7,2.98,1949
2016-08-03,2.82,2.96,2.68,2.68,13569
2016-08-04,2.61,2.94,2.53,2.81,82352
2016-08-05,2.63,2.78,2.53,2.54,24608
2016-08-08,2.63,2.89,2.28,2.28,18720
2016-08-09,2.2,2.49,2.15,2.3,19056
2016-08-10,2.15,2.15,2.1,2.1,6812
2016-08-11,2.42,2.42,2.18,2.18,5353
2016-08-12,2.19,2.42,2.18,2.19,7048
2016-08-15,2.3,2.37,2.28,2.31,1554
2016-08-16,2.25,2.34,2.16,2.34,13857
2016-08-17,2.11,2.27,2.11,2.21,11037
2016-08-18,2.09,2.33,2.07,2.18,1030
2016-08-19,2.09,2.2,2.08,2.2,7477
2016-08-22,2.17,2.67,2.17,2.5,7599
2016-08-23,2.61,2.61,2.4,2.55,3051
2016-08-24,2.6,2.61,2.52,2.61,2806
2016-08-25,2.5,2.5,2.22,2.36,12219
2016-08-26,2.39,2.85,2.39,2.59,11220
2016-08-29,2.85,2.85,2.5,2.5,551
2016-08-30,2.58,2.75,2.58,2.7,576
2016-08-31,2.59,2.9,2.59,2.89,3612
2016-09-01,2.99,3.3,2.98,3.12,36720
2016-09-02,2.94,3.06,2.88,3.03,3786
2016-09-06,3.04,3.06,2.92,3.0,1851
2016-09-07,2.99,2.99,2.89,2.93,512
2016-09-08,3.0,3.01,2.8,2.9,3383
2016-09-09,3.08,3.1,2.98,3.09,2681
2016-09-12,3.09,3.2,2.78,3.09,2352
2016-09-13,3.13,3.17,3.0,3.1,2704
2016-09-15,2.97,2.99,2.85,2.99,3174
2016-09-16,3.09,3.09,3.03,3.08,376
2016-09-19,3.04,3.04,3.04,3.04,348
2016-09-20,3.0,3.0,3.0,3.0,286
2016-09-21,2.96,3.11,2.9,2.98,3731
2016-09-22,2.94,3.01,2.91,2.91,2561
2016-09-23,3.09,3.09,3.06,3.06,302
2016-09-26,3.01,3.01,2.82,2.82,5710
2016-09-27,2.82,2.82,2.82,2.82,5036
2016-09-28,2.79,2.79,2.73,2.75,5080
2016-09-29,2.81,2.88,2.81,2.88,901
2016-10-03,2.82,2.82,2.82,2.82,643
2016-10-04,2.8,2.96,2.8,2.96,2191
2016-10-05,2.85,2.85,2.7,2.7,1060
2016-10-06,2.68,2.68,2.68,2.68,631
2016-10-07,2.53,2.6,2.53,2.6,881
2016-10-12,2.47,2.48,2.47,2.48,790
2016-10-14,2.14,2.49,2.14,2.48,1312
2016-10-17,2.45,2.48,2.42,2.47,2350
2016-10-18,2.3,2.49,2.3,2.43,3019
2016-10-19,2.45,2.5,2.45,2.45,2046
2016-10-20,2.5,2.5,2.32,2.48,1801
2016-10-24,2.25,2.41,2.25,2.41,1877
2016-10-25,2.25,2.45,2.25,2.34,4257
2016-10-27,2.19,2.19,2.19,2.19,320
2016-10-28,2.15,2.24,2.15,2.23,1295
2016-10-31,2.28,2.3,2.07,2.07,1121
2016-11-01,2.01,2.12,2.01,2.12,887
2016-11-02,2.12,2.12,2.12,2.12,285
2016-11-03,2.2,2.2,2.15,2.15,1007
2016-11-04,2.18,2.39,2.18,2.39,7442
2016-11-07,2.36,2.45,2.35,2.4,2401
2016-11-08,2.41,2.41,2.37,2.4,2617
2016-11-09,2.5,2.5,2.49,2.49,722
2016-11-10,2.35,2.42,2.08,2.42,3898
2016-11-11,2.5,2.5,2.47,2.47,385
2016-11-15,2.55,3.09,2.4,2.7,52132
2016-11-16,2.98,3.68,2.79,3.14,128523
2016-11-17,3.46,4.25,2.41,2.41,178465
2016-11-18,2.36,2.57,2.18,2.55,12823
2016-11-21,2.48,2.61,2.25,2.26,4060
2016-11-22,2.54,2.54,2.24,2.41,2849
2016-11-23,2.39,2.39,2.27,2.27,1748
2016-11-25,2.47,2.47,2.32,2.32,1021
2016-11-28,2.39,2.43,2.36,2.42,2180
2016-11-29,2.43,2.43,2.43,2.43,107
2016-11-30,2.28,2.5,2.27,2.49,16669
2016-12-01,2.52,2.6,2.25,2.45,9814
2016-12-02,2.4,2.4,2.4,2.4,211
2016-12-05,2.26,2.4,2.23,2.4,11628
2016-12-06,2.43,2.43,2.25,2.42,13636
2016-12-07,2.38,2.86,2.35,2.39,14660
2016-12-08,2.4,2.5,2.1,2.1,12971
2016-12-09,2.1,2.25,2.07,2.14,2613
2016-12-12,2.25,2.32,2.17,2.26,3863
2016-12-13,2.27,2.27,2.15,2.15,2207
2016-12-14,2.0,2.13,2.0,2.13,1165
2016-12-15,2.09,2.24,1.89,2.24,14892
2016-12-16,2.23,2.25,2.09,2.25,6022
2016-12-19,2.28,2.28,2.13,2.2,10878
2016-12-20,2.17,2.2,2.07,2.1,8629
2016-12-21,2.1,2.23,2.1,2.23,30320
2016-12-22,2.23,2.47,2.16,2.3,15653
2016-12-23,2.32,2.57,2.14,2.49,19203
2016-12-27,2.5,3.39,2.5,3.2,34017
2016-12-28,3.31,3.5,2.52,2.79,37076
2016-12-29,2.55,3.0,2.55,2.95,11076
2016-12-30,2.55,2.68,2.55,2.6,18875
2017-01-03,2.77,3.0,2.54,2.76,2371
2017-01-04,2.82,2.92,2.76,2.82,7974
2017-01-05,2.89,2.89,2.54,2.81,8731
2017-01-06,2.91,2.91,2.56,2.71,9427
2017-01-09,2.66,2.9,2.57,2.82,9433
2017-01-10,2.8,2.94,2.67,2.7,2326
2017-01-11,2.73,2.8,2.65,2.72,3670
2017-01-12,2.62,2.85,2.55,2.69,13768
2017-01-13,2.69,2.8,2.69,2.74,3589
2017-01-17,2.67,2.8,2.64,2.75,2814
2017-01-18,2.8,2.8,2.77,2.77,2248
2017-01-19,2.74,2.79,2.74,2.79,601
2017-01-20,2.69,2.69,2.69,2.69,217
2017-01-23,2.81,2.81,2.61,2.79,476
2017-01-24,2.78,2.78,2.6,2.69,13418
2017-01-25,2.69,2.69,2.6,2.63,4229
2017-01-26,2.7,2.72,2.62,2.72,2244
2017-01-27,2.64,2.77,2.5,2.52,10894
2017-01-30,2.51,2.59,2.47,2.56,2167
2017-01-31,2.6,2.6,2.6,2.6,225
2017-02-01,2.59,2.59,2.55,2.55,763
2017-02-02,2.71,2.71,2.68,2.68,215
2017-02-03,2.7,2.7,2.48,2.49,1272
2017-02-06,2.42,2.54,2.41,2.54,402
2017-02-07,2.53,2.53,2.41,2.42,2080
2017-02-08,,,,2.42,0
2017-02-09,2.27,2.33,2.19,2.33,17929
2017-02-10,2.39,2.42,2.23,2.3,15952
2017-02-13,2.34,2.51,2.24,2.5,16727
2017-02-14,2.55,2.6,2.42,2.5,21305
2017-02-15,2.52,2.54,2.31,2.54,1301
2017-02-16,2.66,2.66,2.66,2.66,179
2017-02-17,2.56,2.61,2.56,2.6,1509
2017-02-21,2.45,2.56,2.45,2.56,1014
2017-02-22,2.43,2.48,2.43,2.48,1057
2017-02-23,2.45,2.45,2.42,2.42,674
2017-02-24,2.33,2.44,2.25,2.39,8689
2017-02-27,2.29,2.5,2.29,2.5,14967
2017-02-28,2.35,2.35,2.3,2.3,5739
2017-03-01,2.3,2.42,2.19,2.29,37897
2017-03-02,2.25,2.29,2.21,2.21,18556
2017-03-03,2.27,2.27,2.24,2.24,376
2017-03-06,2.28,2.29,2.28,2.29,663
2017-03-07,2.24,2.28,2.24,2.24,7467
2017-03-08,2.24,2.3,2.24,2.25,13556
2017-03-09,2.24,2.24,2.24,2.24,100
2017-03-10,2.18,2.3,2.12,2.3,6538
2017-03-13,2.21,2.21,2.2,2.2,274
2017-03-14,2.24,2.28,2.24,2.28,305
2017-03-15,2.34,2.34,2.25,2.25,346
2017-03-16,2.26,2.3,2.25,2.28,9796
2017-03-17,2.31,2.31,2.31,2.31,225
2017-03-20,2.3,2.4,2.22,2.35,27056
2017-03-21,2.33,2.38,2.27,2.27,15511
2017-03-22,2.23,2.29,2.22,2.22,20517
2017-03-23,2.25,2.25,2.18,2.2,28423
2017-03-24,2.21,2.21,2.16,2.18,17478
2017-03-27,2.15,2.2,2.11,2.15,6069
2017-03-28,2.1,2.1,1.92,1.97,39118
2017-03-29,1.99,2.21,1.99,2.18,31030
2017-03-30,2.24,2.25,2.1,2.21,22128
2017-03-31,2.17,2.27,2.05,2.27,3612
2017-04-03,2.16,2.2,2.08,2.17,1373
2017-04-04,2.16,2.16,2.16,2.16,211
2017-04-05,2.07,2.07,2.03,2.03,4979
2017-04-06,2.03,2.05,1.95,1.95,5387
2017-04-07,2.0,2.0,1.81,1.95,16938
2017-04-10,1.99,2.04,1.87,2.0,26091
2017-04-11,2.04,2.08,1.92,2.07,11273
2017-04-12,2.0,2.03,1.94,1.96,17506
2017-04-13,1.97,2.04,1.78,1.87,25511
2017-04-17,2.0,2.0,1.95,1.99,20280
2017-04-18,2.0,2.0,1.95,1.95,21943
2017-04-19,1.91,1.98,1.91,1.96,1466
2017-04-20,1.97,1.99,1.92,1.92,2439
2017-04-21,1.8,1.98,1.78,1.95,28888
2017-04-24,1.95,2.0,1.95,2.0,1337
2017-04-25,1.99,2.0,1.92,1.92,2506
2017-04-26,1.92,2.33,1.92,2.0,82584
2017-04-27,1.97,2.0,1.96,1.98,20904
2017-04-28,1.95,1.98,1.82,1.82,22644
2017-05-01,1.89,1.94,1.87,1.91,8498
2017-05-02,1.89,1.91,1.83,1.89,46470
2017-05-03,1.91,1.91,1.91,1.91,101
2017-05-04,1.88,1.9,1.8,1.87,26415
2017-05-05,1.84,1.9,1.75,1.75,19779
2017-05-08,1.75,1.86,1.58,1.6,74738
2017-05-09,1.6,1.73,1.6,1.62,37464
2017-05-10,1.6,1.6,1.52,1.58,7448
2017-05-11,1.55,1.63,1.43,1.48,16006
2017-05-12,1.45,1.56,1.42,1.44,23061
2017-05-15,1.45,1.48,1.08,1.29,64826
2017-05-16,1.31,1.39,1.31,1.39,4180
2017-05-17,1.33,1.69,1.21,1.43,83915
2017-05-18,1.46,1.47,1.37,1.47,32376
2017-05-19,1.42,1.49,1.33,1.4,23508
2017-05-22,1.38,1.44,1.36,1.44,2976
2017-05-23,1.39,1.48,1.32,1.32,17964
2017-05-24,1.39,1.39,1.18,1.18,18848
2017-05-25,1.18,1.21,1.07,1.09,22851
2017-05-26,1.14,1.14,1.07,1.1,17312
2017-05-30,1.05,1.08,1.01,1.03,5893
2017-05-31,1.12,1.12,0.9,1.07,29455
2017-06-01,1.05,1.05,0.99,0.99,7104
2017-06-02,1.13,1.53,1.12,1.22,90505
2017-06-05,1.11,1.39,1.04,1.34,31429
2017-06-06,1.25,1.29,1.09,1.27,24686
2017-06-07,1.36,1.36,1.23,1.34,12361
2017-06-08,1.37,1.37,1.14,1.15,25773
2017-06-09,1.18,1.36,1.12,1.26,44051
2017-06-12,1.25,1.99,1.25,1.97,270085
2017-06-13,2.04,2.05,1.54,1.68,99412
2017-06-14,1.67,1.7,1.54,1.54,30600
2017-06-15,1.54,1.56,1.4,1.43,23481
2017-06-16,1.45,1.68,1.42,1.47,54048
2017-06-19,1.47,1.48,1.26,1.27,86290
2017-06-20,1.26,1.37,1.26,1.35,45668
2017-06-21,1.36,1.36,1.24,1.29,20594
2017-06-22,1.33,1.33,1.18,1.18,9763
2017-06-23,1.3,1.36,1.25,1.28,15735
2017-06-26,1.32,1.32,1.2,1.22,11904
2017-06-27,1.21,1.34,1.21,1.33,15984
2017-06-28,1.3,1.55,1.3,1.45,37862
2017-06-29,1.54,1.64,1.48,1.58,12957
2017-06-30,1.57,1.69,1.32,1.69,28010
2017-07-03,1.55,1.7,1.55,1.6,4946
2017-07-05,1.6,1.66,1.6,1.61,1282
2017-07-06,1.6,1.81,1.58,1.81,42737
2017-07-07,1.75,1.85,1.55,1.55,28144
2017-07-10,1.8,1.83,1.74,1.8,15968
2017-07-11,1.76,1.76,1.73,1.76,2615
2017-07-12,1.76,1.76,1.74,1.74,1981
2017-07-13,1.77,1.87,1.72,1.87,18643
2017-07-14,1.8,1.9,1.8,1.87,9612
2017-07-17,1.82,1.82,1.72,1.8,17969
2017-07-18,1.75,1.8,1.75,1.77,3555
2017-07-19,1.77,1.77,1.75,1.76,3536
2017-07-20,1.74,1.78,1.71,1.77,3951
2017-07-21,1.73,1.78,1.73,1.74,8728
2017-07-24,1.72,1.88,1.72,1.76,15753
2017-07-25,1.73,1.73,1.65,1.73,7153
2017-07-26,1.61,1.7,1.61,1.68,8167
2017-07-27,1.8,1.8,1.71,1.71,391
2017-07-28,1.71,1.71,1.71,1.71,207
2017-07-31,1.71,1.71,1.58,1.6,8085
2017-08-01,1.63,1.64,1.63,1.64,1023
