Date,Open,High,Low,Close,Volume
2014-12-22,20.18,20.18,19.56,19.73,85854
2014-12-23,20.06,20.06,19.68,19.68,101150
2014-12-24,19.56,19.82,19.56,19.74,104174
2014-12-26,19.75,19.85,19.72,19.8,96550
2014-12-29,19.72,19.81,19.72,19.77,102140
2014-12-30,19.76,19.81,19.68,19.76,154177
2014-12-31,19.63,19.8,19.24,19.25,211264
2015-01-02,19.26,19.48,19.09,19.31,159160
2015-01-05,19.33,19.33,18.83,18.97,148124
2015-01-06,18.85,19.02,18.77,18.83,133211
2015-01-07,18.85,19.0,18.82,18.91,264111
2015-01-08,19.05,19.18,19.02,19.14,170244
2015-01-09,19.16,19.2,19.03,19.08,113746
2015-01-12,19.03,19.03,18.9,18.9,55235
2015-01-13,18.9,19.19,18.75,18.86,82364
2015-01-14,18.59,18.75,18.5,18.61,142862
2015-01-15,18.65,18.69,18.45,18.54,83272
2015-01-16,18.38,18.69,18.38,18.66,93602
2015-01-20,18.63,18.77,18.53,18.74,93994
2015-01-21,18.75,18.89,18.61,18.77,80484
2015-01-22,18.92,19.14,18.69,19.11,134289
2015-01-23,19.12,19.15,19.04,19.09,121824
2015-01-26,19.05,19.11,19.01,19.09,67783
2015-01-27,18.88,18.88,18.64,18.76,89837
2015-01-28,18.91,19.04,18.66,18.7,144949
2015-01-29,18.65,18.82,18.5,18.8,73470
2015-01-30,18.69,18.83,18.55,18.67,89126
2015-02-02,18.59,18.69,18.36,18.63,112189
2015-02-03,18.67,18.83,18.67,18.78,123177
2015-02-04,18.69,18.87,18.68,18.75,98591
2015-02-05,18.72,18.85,18.72,18.84,87107
2015-02-06,18.79,18.89,18.67,18.76,121731
2015-02-09,18.63,18.78,18.62,18.69,151104
2015-02-10,18.75,18.89,18.71,18.86,166327
2015-02-11,18.76,18.94,18.75,18.8,234033
2015-02-12,18.87,19.04,18.87,19.04,171451
2015-02-13,18.99,19.18,18.99,19.12,136127
2015-02-17,19.1,19.1,19.04,19.05,114488
2015-02-18,19.05,19.16,19.03,19.12,83232
2015-02-19,19.05,19.24,19.05,19.15,90586
2015-02-20,19.16,19.33,19.06,19.32,106991
2015-02-23,19.34,19.41,19.29,19.37,127286
2015-02-24,19.3,19.47,19.3,19.4,141454
2015-02-25,19.35,19.54,19.35,19.47,124456
2015-02-26,19.4,19.54,19.4,19.48,128731
2015-02-27,19.46,19.57,19.42,19.49,101993
2015-03-02,19.45,19.6,19.45,19.58,97036
2015-03-03,19.41,19.58,19.41,19.51,83090
2015-03-04,19.53,19.56,19.4,19.56,88773
2015-03-05,19.53,19.65,19.53,19.59,111850
2015-03-06,19.55,19.61,19.37,19.41,85406
2015-03-09,19.41,19.49,19.4,19.47,89668
2015-03-10,19.35,19.42,19.19,19.22,161952
2015-03-11,18.96,18.96,18.76,18.82,113885
2015-03-12,18.83,18.93,18.8,18.91,86011
2015-03-13,18.85,18.95,18.75,18.83,71769
2015-03-16,18.82,19.04,18.82,19.0,57943
2015-03-17,18.87,19.07,18.87,18.91,100624
2015-03-18,18.81,19.24,18.81,19.18,116287
2015-03-19,19.13,19.29,19.12,19.22,38265
2015-03-20,19.26,19.35,19.23,19.27,73735
2015-03-23,19.19,19.32,19.19,19.25,78018
2015-03-24,19.16,19.27,19.08,19.08,68089
2015-03-25,19.05,19.11,18.8,18.8,102351
2015-03-26,18.64,18.77,18.6,18.6,168349
2015-03-27,18.54,18.82,18.54,18.71,64500
2015-03-30,18.68,18.87,18.68,18.82,123920
2015-03-31,18.69,18.93,18.69,18.75,143384
2015-04-01,18.8,18.8,18.55,18.64,117666
2015-04-02,18.42,18.64,18.42,18.55,148257
2015-04-06,18.4,18.78,18.39,18.7,80415
2015-04-07,18.63,18.85,18.63,18.75,75770
2015-04-08,18.68,18.85,18.68,18.79,52225
2015-04-09,18.71,18.92,18.71,18.92,56136
2015-04-10,18.83,19.0,18.83,18.93,81146
2015-04-13,18.87,19.02,18.85,18.85,76246
2015-04-14,18.85,18.91,18.78,18.85,92109
2015-04-15,18.97,18.99,18.88,18.95,88586
2015-04-16,18.88,19.03,18.88,18.98,88719
2015-04-17,18.88,18.88,18.68,18.77,108641
2015-04-20,18.89,18.97,18.82,18.9,71048
2015-04-21,19.03,19.08,18.98,19.08,71874
2015-04-22,19.05,19.14,18.95,19.1,61949
2015-04-23,19.1,19.19,19.03,19.15,55067
2015-04-24,19.24,19.35,19.23,19.29,95287
2015-04-27,19.41,19.41,19.16,19.2,79642
2015-04-28,19.15,19.25,19.06,19.16,90554
2015-04-29,19.06,19.19,19.02,19.02,65472
2015-04-30,18.95,19.0,18.74,18.76,74093
2015-05-01,18.82,19.0,18.82,18.99,53112
2015-05-04,19.0,19.11,19.0,19.0,57692
2015-05-05,18.88,18.98,18.81,18.85,54858
2015-05-06,18.82,18.91,18.68,18.78,95046
2015-05-07,18.71,18.97,18.71,18.84,64164
2015-05-08,18.92,19.05,18.92,19.01,73395
2015-05-11,18.91,19.05,18.91,18.91,93316
2015-05-12,18.8,18.97,18.75,18.89,61767
2015-05-13,18.91,19.08,18.91,19.02,50956
2015-05-14,19.0,19.19,19.0,19.18,164249
2015-05-15,19.14,19.23,19.07,19.13,108764
2015-05-18,19.07,19.25,19.07,19.24,94332
2015-05-19,19.17,19.25,19.13,19.18,77980
2015-05-20,19.15,19.4,19.15,19.34,127358
2015-05-21,19.25,19.4,19.19,19.39,63068
2015-05-22,19.39,19.44,19.26,19.39,104720
2015-05-26,19.3,19.42,19.02,19.08,98460
2015-05-27,19.05,19.42,19.05,19.38,84707
2015-05-28,19.27,19.36,19.21,19.3,58743
2015-05-29,19.25,19.32,19.18,19.19,77721
2015-06-01,19.32,19.33,19.13,19.24,73167
2015-06-02,19.05,19.24,19.05,19.12,97389
2015-06-03,19.14,19.28,19.14,19.23,84292
2015-06-04,19.08,19.21,18.99,19.02,101470
2015-06-05,18.99,19.06,18.92,19.02,80797
2015-06-08,18.95,19.04,18.91,19.01,133185
2015-06-09,18.95,19.0,18.87,18.94,84710
2015-06-10,18.91,19.16,18.91,19.08,153251
2015-06-11,18.87,18.95,18.79,18.88,113671
2015-06-12,18.86,18.89,18.77,18.79,79878
2015-06-15,18.69,18.79,18.6,18.76,56037
2015-06-16,18.66,18.76,18.66,18.74,79511
2015-06-17,18.83,18.89,18.72,18.8,60735
2015-06-18,18.79,18.99,18.79,18.97,119662
2015-06-19,19.03,19.03,18.83,18.85,48541
2015-06-22,19.0,19.02,18.91,18.96,41659
2015-06-23,18.9,19.03,18.9,19.0,59185
2015-06-24,18.94,19.05,18.94,18.94,60308
2015-06-25,18.93,19.04,18.87,18.87,39785
2015-06-26,18.94,18.96,18.73,18.81,85728
2015-06-29,18.59,18.66,18.4,18.4,140002
2015-06-30,18.44,18.53,18.32,18.45,89701
2015-07-01,18.66,18.66,18.45,18.59,120892
2015-07-02,18.5,18.64,18.44,18.52,136193
2015-07-06,18.45,18.55,18.4,18.5,52263
2015-07-07,18.47,18.52,18.25,18.52,83469
2015-07-08,18.36,18.43,18.26,18.29,92835
2015-07-09,18.41,18.51,18.22,18.22,72811
2015-07-10,18.45,18.56,18.4,18.55,53963
2015-07-13,18.64,18.82,18.64,18.78,65558
2015-07-14,18.86,18.95,18.79,18.86,61783
2015-07-15,18.81,19.0,18.81,18.95,91673
2015-07-16,19.0,19.19,19.0,19.18,87346
2015-07-17,19.26,19.33,19.25,19.3,119045
2015-07-20,19.33,19.39,19.29,19.33,95892
2015-07-21,19.41,19.41,19.31,19.4,102397
2015-07-22,19.15,19.31,19.14,19.24,94283
2015-07-23,19.19,19.35,19.11,19.2,137704
2015-07-24,19.3,19.31,19.09,19.16,279049
2015-07-27,19.15,19.15,18.97,19.02,117841
2015-07-28,18.97,19.14,18.87,19.12,124099
2015-07-29,19.19,19.24,19.13,19.24,53270
2015-07-30,19.24,19.33,19.14,19.33,83769
2015-07-31,19.37,19.37,19.19,19.27,60665
2015-08-03,19.29,19.33,19.11,19.18,59405
2015-08-04,19.09,19.21,19.09,19.15,58631
2015-08-05,19.2,19.36,19.19,19.24,87630
2015-08-06,19.15,19.23,18.85,18.9,164498
2015-08-07,18.83,18.91,18.71,18.79,90508
2015-08-10,18.94,19.04,18.93,18.99,83604
2015-08-11,18.89,19.03,18.82,18.93,81959
2015-08-12,18.76,19.01,18.66,19.01,86636
2015-08-13,18.97,19.08,18.91,18.97,67706
2015-08-14,19.0,19.04,18.93,19.01,52200
2015-08-17,19.0,19.1,18.95,19.08,74726
2015-08-18,18.99,19.08,18.99,19.05,47644
2015-08-19,19.04,19.11,18.91,19.04,95235
2015-08-20,18.9,18.96,18.62,18.64,113030
2015-08-21,18.4,18.54,17.66,17.74,397052
2015-08-24,15.2,17.25,14.85,16.37,786104
2015-08-25,16.85,17.26,16.81,16.83,303574
2015-08-26,17.12,17.47,16.95,17.42,177319
2015-08-27,17.74,18.0,17.6,17.97,181662
2015-08-28,17.92,18.05,17.87,18.05,76776
2015-08-31,17.96,18.02,17.79,17.83,80855
2015-09-01,17.57,17.71,17.3,17.36,153510
2015-09-02,17.69,17.78,17.43,17.78,78524
2015-09-03,17.75,17.95,17.62,17.69,64916
2015-09-04,17.54,17.61,17.43,17.54,63044
2015-09-08,17.72,17.98,17.72,17.93,60944
2015-09-09,18.05,18.12,17.7,17.7,57800
2015-09-10,17.7,17.99,17.7,17.93,89788
2015-09-11,17.53,17.72,17.46,17.72,73410
2015-09-14,17.72,17.86,17.55,17.6,52712
2015-09-15,17.6,17.88,17.6,17.85,68247
2015-09-16,17.74,17.97,17.73,17.8,140619
2015-09-17,17.81,18.1,17.76,17.96,73961
2015-09-18,17.75,18.0,17.58,17.79,98375
2015-09-21,17.9,18.04,17.81,17.88,97474
2015-09-22,17.72,17.77,17.51,17.65,110978
2015-09-23,17.78,17.88,17.66,17.76,84132
2015-09-24,17.5,17.7,17.36,17.57,228629
2015-09-25,17.74,17.76,17.42,17.57,109107
2015-09-28,17.52,17.53,17.0,17.08,161264
2015-09-29,17.13,17.25,16.8,17.01,145667
2015-09-30,17.11,17.34,17.04,17.23,138241
2015-10-01,17.36,17.36,17.05,17.31,121463
2015-10-02,17.01,17.6,17.01,17.6,123442
2015-10-05,17.72,17.86,17.62,17.86,121404
2015-10-06,17.9,17.9,17.65,17.79,119521
2015-10-07,17.98,18.06,17.78,18.06,77875
2015-10-08,17.91,18.18,17.87,18.12,86765
2015-10-09,18.12,18.25,18.08,18.21,81367
2015-10-12,18.26,18.32,18.21,18.25,64273
2015-10-13,18.23,18.34,18.17,18.19,80039
2015-10-14,18.25,18.28,18.1,18.2,78088
2015-10-15,18.3,18.47,18.22,18.47,65969
2015-10-16,18.42,18.47,18.32,18.43,61957
2015-10-19,18.42,18.6,18.38,18.58,116157
2015-10-20,18.54,18.57,18.41,18.48,69571
2015-10-21,18.63,18.63,18.4,18.4,86072
2015-10-22,18.45,18.79,18.45,18.57,106373
2015-10-23,18.95,19.06,18.92,19.01,128766
2015-10-26,19.0,19.02,18.89,19.01,79325
2015-10-27,19.01,19.06,18.94,18.96,90902
2015-10-28,19.01,19.07,18.92,19.03,121311
2015-10-29,18.99,19.2,18.93,19.18,218706
2015-10-30,19.25,19.25,19.19,19.22,107114
2015-11-02,19.32,19.43,19.28,19.42,147531
2015-11-03,19.49,19.57,19.33,19.52,115586
2015-11-04,19.56,19.72,19.46,19.66,473301
2015-11-05,19.6,19.76,19.44,19.45,171741
2015-11-06,19.49,19.62,19.45,19.54,73322
2015-11-09,19.55,19.58,19.23,19.29,105503
2015-11-10,19.15,19.49,19.15,19.47,118078
2015-11-11,19.59,19.66,19.49,19.53,75075
2015-11-12,19.48,19.49,19.25,19.25,104388
2015-11-13,19.25,19.25,18.97,19.02,108855
2015-11-16,19.06,19.52,19.05,19.42,108351
2015-11-17,19.5,19.5,19.29,19.43,86806
2015-11-18,19.5,19.79,19.46,19.79,126767
2015-11-19,19.85,19.85,19.64,19.64,71666
2015-11-20,19.8,19.8,19.69,19.73,74706
2015-11-23,19.86,19.92,19.71,19.85,91585
2015-11-24,19.8,19.85,19.64,19.85,84042
2015-11-25,19.9,19.94,19.82,19.87,58468
2015-11-27,19.95,19.95,19.82,19.88,27742
2015-11-30,19.95,19.95,19.67,19.74,88454
2015-12-01,19.89,19.94,19.8,19.92,118293
2015-12-02,19.98,19.98,19.71,19.71,145209
2015-12-03,19.86,19.86,19.37,19.54,147464
2015-12-04,19.54,19.85,19.53,19.77,70637
2015-12-07,19.69,19.8,19.54,19.57,95515
2015-12-08,19.45,19.77,19.43,19.77,82926
2015-12-09,19.6,19.72,19.33,19.34,194385
2015-12-10,19.47,19.62,19.39,19.57,75179
2015-12-11,19.13,19.16,18.86,18.94,121266
2015-12-14,18.94,18.94,18.6,18.8,85623
2015-12-15,18.85,19.06,18.84,18.95,114102
2015-12-16,18.99,19.16,18.87,19.15,106913
2015-12-17,19.2,19.23,19.01,19.06,78705
2015-12-18,19.06,19.07,18.91,18.93,85401
2015-12-21,19.15,19.21,18.93,19.05,95698
2015-12-22,19.17,19.2,19.04,19.15,89483
2015-12-23,19.27,19.44,19.19,19.44,95167
2015-12-24,19.5,19.5,19.23,19.49,48334
2015-12-28,19.39,19.41,19.19,19.39,94006
2015-12-29,19.45,19.71,19.4,19.71,109394
2015-12-30,19.75,19.75,19.4,19.55,113876
2015-12-31,19.6,19.6,19.36,19.37,124391
2016-01-04,18.94,19.19,18.81,19.03,190255
2016-01-05,19.2,19.2,19.02,19.05,110694
2016-01-06,18.87,19.02,18.75,18.76,154124
2016-01-07,18.44,18.59,18.21,18.23,155506
2016-01-08,18.4,18.59,17.88,17.88,140421
2016-01-11,18.08,18.14,17.66,17.8,146956
2016-01-12,17.89,18.14,17.59,17.73,216660
2016-01-13,17.87,17.87,17.1,17.17,195346
2016-01-14,17.18,17.68,16.91,17.44,445242
2016-01-15,17.15,17.34,16.77,16.85,544590
2016-01-19,16.95,17.08,16.62,16.78,154164
2016-01-20,16.4,16.69,15.82,16.62,532731
2016-01-21,16.77,16.99,16.53,16.68,114599
2016-01-22,17.06,17.38,16.91,17.14,461093
2016-01-25,16.99,17.26,16.8,16.85,133567
2016-01-26,16.94,17.15,16.8,17.14,100163
2016-01-27,17.11,17.14,16.76,16.82,105973
2016-01-28,16.96,17.06,16.75,16.94,186884
2016-01-29,17.0,17.43,16.93,17.43,138869
2016-02-01,17.4,17.42,17.24,17.35,94977
2016-02-02,17.32,17.33,17.0,17.23,242370
2016-02-03,17.3,17.45,16.87,17.11,125090
2016-02-04,17.16,17.33,17.01,17.18,94393
2016-02-05,17.22,17.22,16.78,16.79,137357
2016-02-08,16.69,16.75,16.15,16.4,152001
2016-02-09,16.15,16.48,16.15,16.23,90964
2016-02-10,16.36,16.55,16.15,16.15,109020
2016-02-11,15.95,16.32,15.83,16.03,373371
2016-02-12,16.31,16.54,16.09,16.3,271816
2016-02-16,16.51,16.66,16.43,16.6,84441
2016-02-17,16.85,17.0,16.65,16.99,116856
2016-02-18,17.18,17.18,16.84,16.9,148068
2016-02-19,16.89,17.1,16.74,17.09,117500
2016-02-22,17.25,17.26,17.12,17.25,137039
2016-02-23,17.17,17.26,17.1,17.18,77569
2016-02-24,17.05,17.39,16.95,17.37,50028
2016-02-25,17.42,17.68,17.28,17.66,156910
2016-02-26,17.7,17.77,17.32,17.42,416138
2016-02-29,17.5,17.55,17.31,17.42,112676
2016-03-01,17.57,17.92,17.5,17.89,72198
2016-03-02,17.94,17.95,17.65,17.87,162702
2016-03-03,17.84,17.95,17.66,17.72,58727
2016-03-04,17.81,17.87,17.66,17.82,86142
2016-03-07,17.82,17.88,17.75,17.83,91701
2016-03-08,17.82,17.99,17.76,17.92,64702
2016-03-09,18.09,18.17,17.95,18.12,102485
2016-03-10,18.22,18.27,17.9,18.13,182436
2016-03-11,18.0,18.11,17.94,18.08,75889
2016-03-14,18.04,18.12,17.99,18.04,56692
2016-03-15,17.92,18.01,17.87,17.98,54131
2016-03-16,17.99,18.49,17.93,18.1,192087
2016-03-17,18.02,18.27,17.88,18.17,100068
2016-03-18,18.27,18.36,18.23,18.36,71745
2016-03-21,18.35,18.41,18.29,18.34,85243
2016-03-22,18.17,18.29,18.12,18.17,103349
2016-03-23,18.16,18.22,18.07,18.15,81186
2016-03-24,18.11,18.16,17.81,17.84,128164
2016-03-28,17.97,18.05,17.85,17.87,76059
2016-03-29,17.93,18.29,17.9,18.25,92048
2016-03-30,18.43,18.48,18.27,18.47,109633
2016-03-31,18.5,18.63,18.41,18.47,121006
2016-04-01,18.47,18.65,18.44,18.65,81023
2016-04-04,18.67,18.69,18.53,18.57,95447
2016-04-05,18.53,18.53,18.35,18.38,62222
2016-04-06,18.49,18.64,18.39,18.63,108993
2016-04-07,18.51,18.56,18.22,18.33,30824
2016-04-08,18.51,18.6,18.37,18.5,68865
2016-04-11,18.59,18.67,18.41,18.43,48016
2016-04-12,18.42,18.63,18.36,18.63,50719
2016-04-13,18.66,18.71,18.58,18.69,64500
2016-04-14,18.67,18.72,18.59,18.66,53967
2016-04-15,18.55,18.64,18.5,18.64,67109
2016-04-18,18.57,18.7,18.52,18.56,67822
2016-04-19,18.64,18.64,18.43,18.57,80254
2016-04-20,18.63,18.63,18.13,18.25,229882
2016-04-21,18.34,18.44,18.26,18.36,95018
2016-04-22,18.26,18.26,18.12,18.14,123507
2016-04-25,18.11,18.24,17.92,18.01,214363
2016-04-26,18.07,18.16,17.95,18.12,147414
2016-04-27,17.95,18.08,17.9,18.04,121348
2016-04-28,18.09,18.22,17.79,17.8,92268
2016-04-29,17.89,17.97,17.63,17.67,106635
2016-05-02,17.77,17.81,17.61,17.73,106760
2016-05-03,17.7,17.79,17.6,17.75,76403
2016-05-04,17.75,17.75,17.6,17.7,95732
2016-05-05,17.71,17.73,17.56,17.66,84453
2016-05-06,17.62,17.76,17.54,17.73,54711
2016-05-09,17.74,17.79,17.68,17.71,65935
2016-05-10,17.8,17.87,17.72,17.83,85558
2016-05-11,17.9,17.94,17.79,17.85,85007
2016-05-12,17.84,17.9,17.67,17.68,91415
2016-05-13,17.62,17.85,17.6,17.63,117904
2016-05-16,17.73,17.96,17.59,17.93,124907
2016-05-17,17.86,17.96,17.66,17.7,96669
2016-05-18,17.73,17.8,17.62,17.76,99124
2016-05-19,17.71,17.76,17.54,17.58,94887
2016-05-20,17.71,17.91,17.71,17.75,148785
2016-05-23,17.77,17.92,17.71,17.74,124188
2016-05-24,17.86,18.05,17.82,18.05,119454
2016-05-25,18.08,18.16,17.97,18.14,104818
2016-05-26,18.16,18.26,18.1,18.26,70814
2016-05-27,18.2,18.32,18.12,18.3,69419
2016-05-31,18.36,18.39,18.19,18.3,89449
2016-06-01,18.2,18.4,18.2,18.32,53199
2016-06-02,18.28,18.32,18.2,18.29,72291
2016-06-03,18.26,18.32,18.12,18.17,145551
2016-06-06,18.21,18.33,18.15,18.31,110448
2016-06-07,18.3,18.3,18.14,18.19,91712
2016-06-08,18.23,18.34,18.13,18.26,112644
2016-06-09,18.23,18.31,18.2,18.23,62829
2016-06-10,18.23,18.25,18.12,18.17,127658
2016-06-13,17.86,17.86,17.66,17.66,103880
2016-06-14,17.62,17.74,17.55,17.6,129951
2016-06-15,17.7,17.7,17.58,17.63,89284
2016-06-16,17.52,17.6,17.34,17.58,180755
2016-06-17,17.57,17.58,17.41,17.49,82355
2016-06-20,17.62,17.77,17.6,17.6,68268
2016-06-21,17.66,17.7,17.52,17.61,101556
2016-06-22,17.63,17.7,17.56,17.63,63712
2016-06-23,17.74,17.81,17.64,17.73,90016
2016-06-24,17.22,17.43,17.13,17.2,172910
2016-06-27,17.08,17.17,16.91,16.98,181103
2016-06-28,17.1,17.3,17.1,17.25,102430
2016-06-29,17.4,17.7,17.4,17.69,149859
2016-06-30,17.71,17.86,17.61,17.86,129829
2016-07-01,17.85,17.94,17.74,17.91,119764
2016-07-05,17.82,17.83,17.7,17.79,126711
2016-07-06,17.71,17.92,17.69,17.92,112515
2016-07-07,17.93,17.99,17.88,17.96,84373
2016-07-08,18.01,18.15,17.97,18.12,133712
2016-07-11,18.09,18.19,18.08,18.16,113308
2016-07-12,18.17,18.24,18.08,18.15,128621
2016-07-13,18.17,18.18,18.08,18.16,95670
2016-07-14,18.24,18.25,18.15,18.23,113223
2016-07-15,18.16,18.22,18.11,18.18,134673
2016-07-18,18.2,18.3,18.13,18.14,96549
2016-07-19,18.09,18.14,18.05,18.11,54874
2016-07-20,18.25,18.38,18.21,18.32,92717
2016-07-21,18.36,18.37,18.27,18.33,85369
2016-07-22,18.31,18.4,18.19,18.3,70025
2016-07-25,18.34,18.38,18.24,18.32,46532
2016-07-26,18.31,18.39,18.25,18.33,45985
2016-07-27,18.4,18.5,18.4,18.46,67845
2016-07-28,18.46,18.48,18.4,18.48,48699
2016-07-29,18.48,18.53,18.46,18.52,142581
2016-08-01,18.53,18.58,18.44,18.54,107588
2016-08-02,18.54,18.58,18.41,18.49,69192
2016-08-03,18.44,18.54,18.37,18.48,86568
2016-08-04,18.51,18.56,18.43,18.53,59297
2016-08-05,18.6,18.75,18.6,18.64,54445
2016-08-08,18.69,18.7,18.61,18.63,36257
2016-08-09,18.69,18.76,18.65,18.76,74939
2016-08-10,18.77,18.77,18.61,18.62,62267
2016-08-11,18.67,18.73,18.66,18.68,71155
2016-08-12,18.71,18.75,18.6,18.67,84380
2016-08-15,18.73,18.79,18.68,18.73,59880
2016-08-16,18.72,18.76,18.65,18.76,58893
2016-08-17,18.73,18.77,18.65,18.74,68268
2016-08-18,18.76,18.83,18.6,18.8,51886
2016-08-19,18.8,18.82,18.69,18.8,139575
2016-08-22,18.78,18.86,18.69,18.73,79049
2016-08-23,18.83,18.9,18.74,18.76,80386
2016-08-24,18.71,18.79,18.68,18.71,53063
2016-08-25,18.81,18.81,18.61,18.75,69053
2016-08-26,18.7,18.81,18.64,18.73,57913
2016-08-29,18.75,18.85,18.73,18.84,58734
2016-08-30,18.83,18.84,18.74,18.81,80482
2016-08-31,18.81,18.82,18.75,18.79,56462
2016-09-01,18.76,18.84,18.72,18.79,41771
2016-09-02,18.82,18.92,18.8,18.91,87103
2016-09-06,18.98,18.98,18.85,18.96,63109
2016-09-07,18.99,19.05,18.92,19.05,69991
2016-09-08,19.0,19.03,18.91,18.94,87641
2016-09-09,18.71,18.86,18.46,18.47,113947
2016-09-12,18.39,18.67,18.37,18.63,103633
2016-09-13,18.3,18.34,18.05,18.12,98277
2016-09-14,18.13,18.31,18.13,18.25,79416
2016-09-15,18.3,18.5,18.24,18.49,49598
2016-09-16,18.52,18.52,18.36,18.51,60716
2016-09-19,18.54,18.6,18.39,18.46,100943
2016-09-20,18.5,18.55,18.4,18.5,76165
2016-09-21,18.5,18.69,18.49,18.69,67782
2016-09-22,18.7,18.81,18.67,18.73,66308
2016-09-23,18.65,18.76,18.63,18.66,52077
2016-09-26,18.61,18.61,18.49,18.49,51287
2016-09-27,18.51,18.72,18.51,18.71,59117
2016-09-28,18.66,18.81,18.65,18.8,70450
2016-09-29,18.77,18.79,18.6,18.7,95595
2016-09-30,18.79,18.93,18.72,18.92,78108
2016-10-03,18.86,18.94,18.8,18.92,81151
2016-10-04,18.89,18.93,18.72,18.73,74611
2016-10-05,18.85,18.93,18.77,18.77,92066
2016-10-06,18.75,18.84,18.67,18.72,63737
2016-10-07,18.79,18.82,18.65,18.73,59400
2016-10-10,18.78,19.03,18.74,18.92,89378
2016-10-11,18.87,18.9,18.66,18.73,64635
2016-10-12,18.84,18.84,18.63,18.65,76321
2016-10-13,18.64,18.65,18.49,18.55,54737
2016-10-14,18.55,18.77,18.55,18.59,52666
2016-10-17,18.64,18.64,18.17,18.23,174498
2016-10-18,18.35,18.5,18.35,18.5,71773
2016-10-19,18.43,18.57,18.43,18.57,78917
2016-10-20,18.5,18.56,18.36,18.47,57971
2016-10-21,18.51,18.68,18.48,18.68,52242
2016-10-24,18.87,18.87,18.69,18.83,145623
2016-10-25,18.83,18.84,18.74,18.75,56897
2016-10-26,18.67,18.67,18.58,18.66,59249
2016-10-27,18.64,18.69,18.54,18.56,62965
2016-10-28,18.51,18.62,18.49,18.52,63501
2016-10-31,18.48,18.49,18.27,18.27,225049
2016-11-01,18.32,18.41,18.1,18.26,153582
2016-11-02,18.2,18.28,18.03,18.06,96623
2016-11-03,18.02,18.1,17.85,17.85,162235
2016-11-04,17.81,17.91,17.8,17.85,88926
2016-11-07,18.01,18.22,18.01,18.1,104162
2016-11-08,18.11,18.33,18.05,18.25,59779
2016-11-09,18.32,18.55,18.02,18.54,185498
2016-11-10,18.65,18.74,18.24,18.38,117882
2016-11-11,18.28,18.48,18.27,18.36,77183
2016-11-14,18.42,18.46,18.13,18.22,97124
2016-11-15,18.26,18.44,18.26,18.42,114482
2016-11-16,18.36,18.54,18.31,18.52,82844
2016-11-17,18.57,18.82,18.51,18.8,96686
2016-11-18,18.78,18.79,18.52,18.62,70495
2016-11-21,18.75,19.0,18.71,18.98,98713
2016-11-22,18.98,19.1,18.97,19.06,126666
2016-11-23,18.98,19.05,18.83,18.89,88176
2016-11-25,19.0,19.1,19.0,19.1,20735
2016-11-28,19.04,19.1,18.98,18.98,74723
2016-11-29,19.0,19.14,19.0,19.08,73982
2016-11-30,19.06,19.13,18.83,18.86,208484
2016-12-01,18.88,18.92,18.45,18.56,133094
2016-12-02,18.53,18.68,18.5,18.51,80071
2016-12-05,18.54,18.64,18.52,18.55,103608
2016-12-06,18.61,18.68,18.54,18.68,78299
2016-12-07,18.65,18.92,18.6,18.92,118439
2016-12-08,18.93,18.93,18.74,18.82,105265
2016-12-09,18.86,18.88,18.78,18.84,83841
2016-12-12,18.83,18.83,18.69,18.81,99336
2016-12-13,18.67,18.78,18.59,18.72,161935
2016-12-14,18.62,18.72,18.42,18.51,157329
2016-12-15,18.53,18.65,18.51,18.56,93276
2016-12-16,18.59,18.62,18.5,18.61,105976
2016-12-19,18.57,18.67,18.57,18.61,71013
2016-12-20,18.62,18.7,18.62,18.68,67932
2016-12-21,18.65,18.7,18.53,18.65,68727
2016-12-22,18.65,18.67,18.5,18.54,85612
2016-12-23,18.54,18.68,18.53,18.68,73525
2016-12-27,18.69,18.86,18.69,18.8,82514
2016-12-28,18.84,18.87,18.63,18.66,95647
2016-12-29,18.67,18.69,18.57,18.64,63039
2016-12-30,18.8,18.8,18.55,18.56,81025
2017-01-03,18.65,18.82,18.57,18.63,90967
2017-01-04,18.7,18.77,18.65,18.75,88042
2017-01-05,18.4,18.74,18.4,18.68,116972
2017-01-06,18.7,19.09,18.68,19.07,304123
2017-01-09,19.1,19.3,18.99,19.27,256730
2017-01-10,19.33,19.36,19.13,19.25,130216
2017-01-11,19.26,19.33,19.13,19.31,88135
2017-01-12,19.31,19.31,19.09,19.16,93720
2017-01-13,19.26,19.36,19.2,19.33,78395
2017-01-17,19.3,19.36,19.2,19.28,129905
2017-01-18,19.32,19.33,19.19,19.29,75234
2017-01-19,19.37,19.37,19.22,19.26,88018
2017-01-20,19.3,19.38,19.24,19.26,84657
2017-01-23,19.28,19.39,19.23,19.3,135929
2017-01-24,19.32,19.57,19.32,19.54,107571
2017-01-25,19.6,19.7,19.58,19.65,118319
2017-01-26,19.66,19.74,19.65,19.71,126920
2017-01-27,19.72,19.73,19.62,19.65,102856
2017-01-30,19.58,19.65,19.42,19.5,119116
2017-01-31,19.44,19.52,19.28,19.36,142919
2017-02-01,19.48,19.61,19.48,19.6,210075
2017-02-02,19.84,19.84,19.52,19.8,229620
2017-02-03,20.0,20.1,19.92,20.05,389689
2017-02-06,20.0,20.04,19.89,20.01,260170
2017-02-07,19.97,20.03,19.93,19.96,179172
2017-02-08,19.99,20.07,19.91,19.94,157254
2017-02-09,19.98,20.11,19.93,20.09,143586
2017-02-10,20.2,20.38,20.11,20.36,150878
2017-02-13,20.41,20.41,20.23,20.27,169507
2017-02-14,20.26,20.4,20.25,20.38,90236
2017-02-15,20.31,20.5,20.31,20.4,155397
2017-02-16,20.34,20.52,20.34,20.38,143809
2017-02-17,20.34,20.87,20.3,20.5,145221
2017-02-21,20.61,20.85,20.61,20.7,174824
2017-02-22,20.6,20.9,20.56,20.63,230965
2017-02-23,20.75,20.78,20.31,20.7,170172
2017-02-24,20.66,20.66,20.62,20.65,91839
2017-02-27,20.65,20.71,20.62,20.7,121236
2017-02-28,20.71,20.78,20.66,20.7,88589
2017-03-01,20.8,20.92,20.78,20.85,101918
2017-03-02,20.85,20.97,20.75,20.75,91752
2017-03-03,20.85,21.06,20.77,21.06,113021
2017-03-06,21.06,21.18,20.99,21.15,130214
2017-03-07,21.07,21.21,21.05,21.17,106176
2017-03-08,21.2,21.25,21.14,21.18,111201
2017-03-09,21.17,21.24,20.82,20.96,307470
2017-03-10,21.06,21.2,20.95,21.18,185013
2017-03-13,20.82,21.02,20.75,21.02,117643
2017-03-14,20.91,20.97,20.66,20.8,98849
2017-03-15,20.84,21.03,20.77,20.98,124113
2017-03-16,21.01,21.13,20.86,20.95,190942
2017-03-17,21.02,21.58,20.93,21.08,278826
2017-03-20,21.19,21.26,20.84,20.86,270421
2017-03-21,20.98,21.03,20.58,20.62,164686
2017-03-22,20.55,20.59,20.24,20.25,340787
2017-03-23,20.25,20.64,20.25,20.57,96403
2017-03-24,20.6,20.7,20.33,20.51,102359
2017-03-27,20.45,20.45,20.29,20.35,99430
2017-03-28,20.41,20.85,20.41,20.77,160704
2017-03-29,20.76,20.79,20.51,20.52,125466
2017-03-30,20.44,20.66,20.44,20.52,106321
2017-03-31,20.49,20.8,20.49,20.68,172769
2017-04-03,20.79,20.9,20.48,20.51,134649
2017-04-04,20.28,20.7,20.26,20.64,173887
2017-04-05,20.67,20.85,20.61,20.63,133444
2017-04-06,20.7,20.72,20.55,20.59,90640
2017-04-07,20.58,20.77,20.55,20.72,66643
2017-04-10,20.74,20.88,20.73,20.77,102627
2017-04-11,20.71,20.78,20.55,20.68,84194
2017-04-12,20.66,20.76,20.53,20.58,91377
2017-04-13,20.55,20.75,20.5,20.5,82749
2017-04-17,20.54,20.73,20.51,20.65,101663
2017-04-18,20.58,20.74,20.58,20.71,75315
2017-04-19,20.66,20.91,20.65,20.83,102151
2017-04-20,20.78,21.24,20.74,21.19,141337
2017-04-21,21.24,21.31,21.12,21.22,125639
2017-04-24,21.44,21.48,21.19,21.33,115381
2017-04-25,21.38,21.54,21.35,21.53,125719
2017-04-26,21.51,21.57,21.39,21.41,95878
2017-04-27,21.43,21.51,21.35,21.49,65198
2017-04-28,21.55,21.6,21.42,21.54,57481
2017-05-01,21.5,21.72,21.5,21.67,98786
2017-05-02,21.56,21.68,21.56,21.59,82255
2017-05-03,21.49,21.58,21.45,21.53,94928
2017-05-04,21.56,21.58,21.51,21.51,83884
2017-05-05,21.48,21.57,21.39,21.41,124318
2017-05-08,21.53,21.72,21.42,21.72,118823
2017-05-09,21.64,21.96,21.61,21.92,145605
2017-05-10,21.87,21.93,21.7,21.84,152395
2017-05-11,21.81,21.9,21.58,21.73,164661
2017-05-12,21.75,21.88,21.62,21.85,99617
2017-05-15,21.86,21.97,21.77,21.97,92212
2017-05-16,21.91,21.99,21.86,21.95,102459
2017-05-17,21.66,21.85,21.5,21.5,138412
2017-05-18,21.49,21.66,21.44,21.55,91803
2017-05-19,21.65,21.93,21.6,21.86,111110
2017-05-22,21.96,22.1,21.86,22.09,92107
2017-05-23,22.11,22.26,22.04,22.25,112157
2017-05-24,22.39,22.53,22.27,22.46,192932
2017-05-25,22.53,22.75,22.35,22.7,225712
2017-05-26,22.65,22.75,22.6,22.63,155591
2017-05-30,22.6,22.72,22.52,22.54,136927
2017-05-31,22.76,22.76,22.13,22.46,187896
2017-06-01,22.61,22.66,22.26,22.58,144416
2017-06-02,22.54,22.72,22.32,22.7,110530
2017-06-05,22.62,22.78,22.53,22.72,100274
2017-06-06,22.56,22.64,22.48,22.63,111559
2017-06-07,22.61,22.66,22.37,22.65,152424
2017-06-08,22.58,22.62,22.38,22.45,106254
2017-06-09,22.44,22.56,22.27,22.27,179618
2017-06-12,22.11,22.14,21.54,21.92,255739
2017-06-13,21.88,21.88,21.55,21.8,134301
2017-06-14,21.82,21.84,21.42,21.42,103656
2017-06-15,21.25,21.3,21.09,21.28,166829
2017-06-16,21.3,21.55,21.18,21.36,83401
2017-06-19,21.55,21.75,21.55,21.69,111905
2017-06-20,21.75,21.75,21.53,21.64,133286
2017-06-21,21.75,21.83,21.65,21.81,126253
2017-06-22,21.92,21.99,21.75,21.95,136251
2017-06-23,22.0,22.21,21.83,22.21,120267
2017-06-26,22.15,22.29,21.99,21.99,123138
2017-06-27,22.02,22.02,21.52,21.52,120783
2017-06-28,21.73,21.97,21.57,21.89,135415
2017-06-29,21.91,21.91,21.37,21.55,140711
2017-06-30,21.58,21.79,21.52,21.71,86595
2017-07-03,21.84,21.84,21.5,21.51,60104
2017-07-05,21.44,21.75,21.31,21.61,191793
2017-07-06,21.61,21.66,21.35,21.37,110928
2017-07-07,21.43,21.59,21.4,21.53,71618
2017-07-10,21.52,21.75,21.5,21.71,73323
2017-07-11,21.63,21.75,21.57,21.7,73543
2017-07-12,21.87,22.04,21.87,21.99,93294
2017-07-13,21.97,22.1,21.96,22.0,73731
2017-07-14,22.21,22.35,22.1,22.34,94056
2017-07-17,22.29,22.31,22.15,22.15,72157
2017-07-18,22.21,22.46,22.19,22.45,74629
2017-07-19,22.48,22.51,22.39,22.41,89545
2017-07-20,22.46,22.5,22.38,22.49,62452
2017-07-21,22.37,22.56,22.35,22.55,58943
2017-07-24,22.58,22.7,22.49,22.65,59663
2017-07-25,22.62,22.7,22.56,22.61,80574
2017-07-26,22.7,22.73,22.6,22.7,98373
2017-07-27,22.77,22.77,22.3,22.46,139109
2017-07-28,22.28,22.37,22.26,22.27,99686
2017-07-31,22.39,22.48,22.15,22.18,102086
2017-08-01,22.2,22.25,22.09,22.15,131744
