Date,Open,High,Low,Close,Volume
2009-09-04,6.0,6.0,6.0,6.0,200
2009-09-30,5.14,5.14,5.14,5.14,300
2009-10-26,6.66,6.66,6.66,6.66,100
2009-10-28,6.0,6.0,5.0,5.0,390
2009-11-03,6.22,6.22,6.21,6.21,468
2009-11-13,9.03,9.03,9.03,9.03,100
2009-12-08,5.51,5.51,5.51,5.51,200
2009-12-09,6.61,9.5,6.61,8.19,8275
2009-12-10,11.03,11.03,8.0,8.0,500
2009-12-14,8.0,8.0,7.3,7.78,1540
2009-12-15,9.5,9.5,7.6,9.5,1661
2009-12-16,9.5,9.5,9.5,9.5,600
2009-12-21,7.5,7.5,6.78,7.36,2625
2009-12-23,6.0,6.99,5.51,5.51,850
2009-12-28,5.78,6.98,5.51,5.85,950
2009-12-29,6.98,6.98,5.92,5.92,510
2009-12-30,7.0,7.0,6.75,6.75,785
2010-01-07,5.72,5.72,5.72,5.72,100
2010-01-12,5.72,5.72,5.72,5.72,200
2010-01-26,5.26,5.6,5.25,5.3,1115
2010-01-27,5.3,5.3,5.25,5.25,600
2010-02-23,6.25,6.25,6.25,6.25,999
2010-03-01,6.74,6.74,6.74,6.74,159
2010-03-02,6.75,7.48,6.75,7.48,3390
2010-03-05,7.5,8.55,7.5,8.55,300
2010-03-17,7.7,8.3,7.7,8.3,1000
2010-03-18,8.0,8.3,8.0,8.3,699
2010-03-29,8.2,9.9,8.2,9.9,1207
2010-04-05,9.8,9.8,9.8,9.8,200
2010-05-06,5.55,9.8,5.55,9.8,400
2010-05-12,9.8,9.8,9.8,9.8,200
2010-05-24,5.56,6.0,5.56,5.87,300
2010-05-25,6.07,6.22,5.9,6.22,475
2010-05-26,8.99,8.99,8.57,8.82,1163
2010-05-27,8.73,8.75,7.68,8.75,300
2010-05-28,6.41,6.41,6.41,6.41,100
2010-06-01,6.55,6.55,6.53,6.53,200
2010-06-02,6.61,6.61,6.61,6.61,100
2010-06-15,6.69,6.69,6.69,6.69,100
2010-06-17,6.6,6.6,6.6,6.6,200
2010-06-21,8.0,8.0,8.0,8.0,600
2010-06-25,8.0,8.0,8.0,8.0,200
2010-06-28,8.0,8.0,8.0,8.0,690
2010-07-06,8.8,8.8,8.8,8.8,100
2010-07-07,8.05,8.05,7.88,7.88,200
2010-07-13,7.88,7.88,7.88,7.88,400
2010-07-14,7.23,7.23,7.23,7.23,100
2010-07-16,7.23,7.23,7.23,7.23,284
2010-07-19,7.22,7.75,6.0,7.75,2335
2010-07-21,7.88,7.88,7.88,7.88,169
2010-07-27,6.52,6.52,6.52,6.52,100
2010-08-05,7.77,7.77,7.77,7.77,1100
2010-08-06,7.88,7.88,7.88,7.88,100
2010-08-11,7.87,7.88,7.87,7.88,200
2010-08-18,6.82,6.86,6.76,6.8,1600
2010-08-25,7.4,7.4,7.4,7.4,500
2010-08-26,7.79,7.79,7.4,7.4,285
2010-09-17,6.8,6.8,6.8,6.8,200
2010-09-20,8.4,8.4,8.4,8.4,1479
2010-10-14,8.5,8.5,8.5,8.5,3000
2010-10-18,6.89,7.53,6.89,7.53,376
2010-10-25,8.0,8.0,8.0,8.0,100
2010-11-03,7.77,7.77,7.77,7.77,100
2010-11-08,7.77,7.77,7.77,7.77,0
2010-11-30,8.5,9.2,8.5,9.2,200
2010-12-09,8.88,8.88,8.88,8.88,150
2010-12-17,8.05,8.05,8.0,8.0,1700
2010-12-22,9.24,9.25,9.24,9.25,700
2010-12-23,9.25,9.25,9.1,9.25,1850
2010-12-27,9.25,9.25,9.25,9.25,250
2010-12-30,7.6,7.6,7.6,7.6,400
2010-12-31,8.99,8.99,8.99,8.99,100
2011-01-10,9.0,9.0,9.0,9.0,100
2011-01-13,9.0,9.0,9.0,9.0,473
2011-01-14,,,,9.25,0
2011-02-10,7.66,7.66,7.66,7.66,1800
2011-02-11,,,,9.05,0
2011-02-18,7.6,7.6,7.0,7.0,200
2011-02-22,,,,7.0,0
2011-03-02,7.0,8.13,7.0,8.13,1924
2011-03-16,,,,7.0,0
2011-03-17,7.0,7.0,6.04,6.04,400
2011-03-21,,,,7.0,0
2011-03-28,,,,7.0,0
2011-03-30,7.0,7.0,6.75,6.75,200
2011-04-04,7.0,7.0,7.0,7.0,100
2011-04-08,,,,7.5,0
2011-04-15,,,,6.7,0
2011-05-02,6.03,6.3,5.5,6.25,3800
2011-05-03,6.0,6.0,6.0,6.0,200
2011-05-04,6.0,6.0,6.0,6.0,625
2011-05-06,5.9,5.9,5.9,5.9,100
2011-05-12,5.72,5.72,5.5,5.5,1275
2011-05-17,5.25,5.25,5.25,5.25,100
2011-05-27,,,,5.28,0
2011-05-31,5.45,5.5,5.4,5.5,600
2011-06-14,6.46,6.46,5.5,5.5,1715
2011-06-20,6.16,6.16,6.16,6.16,200
2011-06-23,6.0,6.0,6.0,6.0,300
2011-07-07,7.0,7.0,7.0,7.0,1600
2011-07-14,6.6,6.6,6.6,6.6,700
2011-07-15,6.4,6.4,6.4,6.4,300
2011-07-20,6.5,6.5,6.5,6.5,743
2011-07-27,7.0,7.0,6.51,6.51,1315
2011-08-04,,,,6.82,0
2011-08-05,6.48,6.59,6.46,6.5,1300
2011-08-08,6.5,6.5,6.5,6.5,8800
2011-09-12,6.25,6.71,6.25,6.71,686
2011-10-04,7.01,7.01,7.01,7.01,1100
2011-10-10,,,,7.29,0
2011-10-14,,,,7.94,0
2011-10-17,6.25,6.25,6.25,6.25,1000
2011-10-20,,,,7.5,0
2011-10-25,,,,8.0,0
2011-10-27,5.4,7.0,5.05,7.0,400
2011-10-28,7.0,7.0,6.09,6.09,371
2011-11-09,4.96,4.96,4.96,4.96,200
2011-11-29,4.96,5.5,4.96,5.5,660
2011-12-12,5.5,5.5,5.5,5.5,100
2011-12-20,4.26,4.26,4.26,4.26,100
2012-01-17,,,,4.79,0
2012-02-13,,,,4.79,0
2012-02-14,,,,4.79,0
2012-02-15,,,,4.79,0
2012-02-16,,,,4.79,0
2012-02-17,,,,4.79,0
2012-02-21,,,,4.79,0
2012-02-22,,,,4.79,0
2012-02-23,,,,4.79,0
2012-02-24,,,,4.79,0
2012-02-27,,,,4.79,0
2012-02-28,,,,4.79,0
2012-02-29,,,,5.0,0
2012-03-01,,,,5.0,0
2012-03-02,,,,5.0,0
2012-03-05,,,,5.0,0
2012-03-06,,,,5.0,0
2012-03-07,,,,5.0,0
2012-03-08,,,,5.0,0
2012-03-09,,,,5.0,0
2012-03-12,,,,5.0,0
2012-03-13,,,,5.0,0
2012-03-14,,,,5.0,0
2012-03-15,,,,5.0,0
2012-03-16,,,,5.0,0
2012-03-19,4.55,7.0,4.55,7.0,990
2012-03-20,6.98,6.98,6.98,6.98,650
2012-03-21,5.1,5.1,5.1,5.1,100
2012-03-22,4.96,4.96,4.96,4.96,500
2012-03-23,6.0,6.0,6.0,6.0,600
2012-03-26,,,,6.0,0
2012-03-27,,,,6.0,0
2012-03-28,,,,6.0,0
2012-03-29,,,,6.0,0
2012-03-30,6.5,6.7,6.5,6.7,590
2012-04-02,6.44,6.44,6.32,6.4,1490
2012-04-03,,,,6.32,0
2012-04-04,,,,6.32,0
2012-04-05,,,,6.32,0
2012-04-09,,,,6.32,0
2012-04-10,6.74,6.74,6.74,6.74,100
2012-04-11,,,,6.75,0
2012-04-12,,,,6.75,0
2012-04-13,6.75,6.75,6.75,6.75,1381
2012-04-16,,,,6.75,0
2012-04-17,,,,6.75,0
2012-04-18,,,,6.75,0
2012-04-19,,,,6.75,0
2012-04-20,,,,6.75,0
2012-04-23,,,,6.75,0
2012-04-24,,,,6.75,0
2012-04-25,,,,6.75,0
2012-04-26,,,,6.75,0
2012-04-27,,,,6.75,0
2012-04-30,,,,6.75,0
2012-05-01,,,,6.75,0
2012-05-02,,,,6.75,0
2012-05-03,,,,6.75,0
2012-05-04,,,,6.75,0
2012-05-07,,,,6.75,0
2012-05-08,,,,4.96,0
2012-05-09,,,,4.96,0
2012-05-10,,,,4.96,0
2012-05-11,,,,4.96,0
2012-05-14,4.56,4.56,4.56,4.56,590
2012-05-15,6.18,6.75,5.45,5.61,2125
2012-05-16,,,,6.25,0
2012-05-17,,,,6.25,0
2012-05-18,4.53,4.53,4.53,4.53,200
2012-05-21,,,,6.25,0
2012-05-22,,,,6.25,0
2012-05-23,,,,6.25,0
2012-05-24,,,,6.25,0
2012-05-25,6.25,6.7,6.0,6.0,3582
2012-05-29,,,,6.7,0
2012-05-30,6.75,6.75,5.75,5.88,1760
2012-05-31,5.86,5.89,5.8,5.89,900
2012-06-01,6.4,6.4,6.4,6.4,100
2012-06-04,,,,5.84,0
2012-06-05,,,,5.84,0
2012-06-06,,,,5.84,0
2012-06-07,,,,5.84,0
2012-06-08,5.6,5.76,4.64,5.33,3500
2012-06-11,,,,5.33,0
2012-06-12,,,,5.33,0
2012-06-13,,,,5.33,0
2012-06-14,5.5,5.5,5.45,5.45,700
2012-06-15,5.32,5.32,5.32,5.32,700
2012-06-18,,,,5.45,0
2012-06-19,,,,5.31,0
2012-06-20,,,,5.31,0
2012-06-21,,,,5.31,0
2012-06-22,,,,5.31,0
2012-06-25,,,,5.48,0
2012-06-26,,,,5.48,0
2012-06-27,,,,5.48,0
2012-06-28,,,,5.48,0
2012-06-29,,,,5.48,0
2012-07-02,,,,5.48,0
2012-07-03,,,,5.48,0
2012-07-05,5.0,5.0,5.0,5.0,100
2012-07-06,,,,5.0,0
2012-07-09,5.98,6.0,5.98,5.98,600
2012-07-10,5.52,5.52,5.0,5.0,400
2012-07-11,,,,5.0,0
2012-07-12,5.5,5.5,5.5,5.5,100
2012-07-13,,,,5.5,0
2012-07-16,,,,5.5,0
2012-07-17,,,,5.5,0
2012-07-18,,,,5.5,0
2012-07-19,,,,5.5,0
2012-07-20,,,,5.5,0
2012-07-23,,,,5.5,0
2012-07-24,,,,5.5,0
2012-07-25,,,,5.5,0
2012-07-26,,,,5.5,0
2012-07-27,,,,5.5,0
2012-07-30,,,,5.11,0
2012-07-31,,,,5.11,0
2012-08-01,,,,5.11,0
2012-08-02,,,,5.11,0
2012-08-03,,,,5.11,0
2012-08-06,,,,5.11,0
2012-08-07,5.2,5.2,5.0,5.0,2500
2012-08-08,,,,5.0,0
2012-08-09,,,,5.0,0
2012-08-10,,,,5.0,0
2012-08-13,5.46,5.99,5.46,5.99,1400
2012-08-14,,,,5.99,0
2012-08-15,6.25,6.75,6.25,6.69,4130
2012-08-16,6.5,6.5,5.53,5.75,5507
2012-08-17,5.76,5.99,5.63,5.99,2800
2012-08-20,,,,5.92,0
2012-08-21,6.08,6.75,6.08,6.75,7475
2012-08-22,6.75,6.75,6.75,6.75,100
2012-08-23,,,,6.75,0
2012-08-24,6.75,8.0,6.75,6.78,1104
2012-08-27,7.03,7.03,7.03,7.03,100
2012-08-28,7.2,7.2,7.2,7.2,100
2012-08-29,7.24,7.24,7.24,7.24,100
2012-08-30,,,,7.24,0
2012-08-31,6.75,6.75,6.75,6.75,100
2012-09-04,,,,7.24,0
2012-09-05,,,,7.24,0
2012-09-06,,,,7.24,0
2012-09-07,,,,7.24,0
2012-09-10,6.75,6.75,6.75,6.75,100
2012-09-11,,,,6.75,0
2012-09-12,7.95,7.95,7.95,7.95,300
2012-09-13,,,,6.75,0
2012-09-14,,,,6.75,0
2012-09-17,,,,6.75,0
2012-09-18,7.95,7.95,7.95,7.95,100
2012-09-19,7.95,7.95,6.66,6.66,220
2012-09-20,,,,7.95,0
2012-09-21,,,,7.95,0
2012-09-24,7.02,7.9,6.8,6.8,826
2012-09-25,,,,7.9,0
2012-09-26,,,,7.9,0
2012-09-27,7.0,7.0,7.0,7.0,200
2012-09-28,7.88,7.88,7.0,7.0,1020
2012-10-01,,,,7.0,0
2012-10-02,,,,7.0,0
2012-10-03,,,,7.0,0
2012-10-04,,,,7.0,0
2012-10-05,7.0,7.0,6.97,7.0,1000
2012-10-08,,,,7.0,0
2012-10-09,,,,7.0,0
2012-10-10,5.74,5.74,5.74,5.74,100
2012-10-11,6.54,6.54,6.54,6.54,100
2012-10-12,,,,5.74,0
2012-10-15,,,,5.74,0
2012-10-16,,,,5.74,0
2012-10-17,,,,7.0,0
2012-10-18,7.0,7.0,7.0,7.0,102
2012-10-19,,,,7.0,0
2012-10-22,,,,7.0,0
2012-10-23,6.85,6.85,6.85,6.85,500
2012-10-24,6.89,6.89,6.89,6.89,198
2012-10-25,,,,6.89,0
2012-10-26,,,,6.89,0
2012-10-31,7.4,7.4,7.4,7.4,100
2012-11-01,,,,7.4,0
2012-11-02,,,,7.4,0
2012-11-05,,,,7.4,0
2012-11-06,,,,7.4,0
2012-11-07,,,,7.4,0
2012-11-08,,,,7.4,0
2012-11-09,,,,7.4,0
2012-11-12,,,,7.4,0
2012-11-13,,,,7.4,0
2012-11-14,,,,7.4,0
2012-11-15,,,,7.4,0
2012-11-16,,,,7.4,0
2012-11-19,,,,7.4,0
2012-11-20,,,,7.4,0
2012-11-21,,,,7.4,0
2012-12-03,5.4,5.64,5.4,5.64,440
2012-12-04,5.78,5.78,5.78,5.78,100
2012-12-05,5.81,5.94,5.81,5.94,600
2012-12-14,5.8,5.8,5.75,5.75,320
2012-12-21,6.0,6.0,6.0,6.0,452
2013-01-04,6.47,6.47,6.46,6.46,600
2013-02-06,7.25,7.25,7.25,7.25,200
2013-02-07,7.0,7.0,7.0,7.0,900
2013-02-19,6.95,6.95,6.95,6.95,874
2013-03-04,7.0,7.0,6.95,6.95,928
2013-03-06,5.65,5.65,5.65,5.65,100
2013-03-19,5.7,6.87,5.7,6.83,887
2013-03-20,7.0,7.0,7.0,7.0,597
2013-03-21,7.0,7.49,7.0,7.49,1100
2013-03-26,7.0,7.4,7.0,7.4,670
2013-04-09,6.68,6.68,6.68,6.68,200
2013-04-12,6.66,6.66,6.66,6.66,200
2013-05-08,6.82,6.82,6.82,6.82,740
2013-05-14,6.46,6.5,6.46,6.5,511
2013-05-31,6.5,6.5,6.5,6.5,300
2013-06-07,6.46,6.46,6.46,6.46,100
2013-06-12,6.1,6.1,5.95,6.0,1736
2013-06-20,6.11,6.11,6.1,6.1,500
2013-06-27,6.52,6.52,6.52,6.52,100
2013-08-13,7.0,7.02,7.0,7.02,662
2013-08-29,7.48,7.49,7.41,7.49,2880
2013-09-30,7.99,7.99,7.99,7.99,300
2013-10-01,6.99,6.99,6.99,6.99,145
2013-11-06,8.99,8.99,8.99,8.99,200
2013-11-21,8.99,8.99,8.99,8.99,300
2013-11-22,9.01,9.01,9.0,9.0,500
2014-01-28,9.01,9.01,9.01,9.01,200
2014-02-07,9.75,10.0,9.75,10.0,200
2014-02-12,10.24,10.24,10.23,10.23,1000
2014-03-26,9.08,9.08,9.08,9.08,140
2014-05-14,9.55,9.55,9.55,9.55,557
2014-05-21,10.0,10.0,10.0,10.0,100
2014-05-27,10.87,10.87,10.87,10.87,249
2014-06-02,10.87,10.87,10.87,10.87,100
2014-07-30,11.46,11.5,11.46,11.5,400
2014-08-01,10.7,10.7,10.7,10.7,400
2014-08-12,11.5,11.5,11.5,11.5,402
2014-08-14,9.05,9.7,9.05,9.7,300
2014-08-18,10.06,10.06,10.06,10.06,100
2014-10-17,9.5,9.5,9.5,9.5,300
2014-10-20,9.5,9.5,9.5,9.5,325
2014-10-31,11.0,11.0,10.95,11.0,433
2014-11-06,11.0,11.0,11.0,11.0,210
2014-11-07,10.92,10.92,10.92,10.92,100
2014-11-13,12.0,12.04,12.0,12.04,11462
2014-11-14,12.0,12.03,11.91,12.0,3750
2014-11-18,11.84,11.84,11.84,11.84,198
2014-11-20,12.36,12.36,12.36,12.36,100
2014-12-01,12.88,12.88,12.88,12.88,500
2014-12-19,13.45,13.45,12.46,12.46,400
2014-12-29,13.0,13.0,13.0,13.0,354
2014-12-31,13.0,13.0,13.0,13.0,850
2015-01-08,13.9,13.9,12.95,13.04,600
2015-01-12,12.85,13.0,12.85,13.0,300
2015-02-10,12.37,12.38,12.37,12.38,1000
2015-02-11,12.31,12.31,12.31,12.31,100
2015-02-20,12.25,12.66,12.25,12.66,300
2015-03-03,12.59,12.59,12.59,12.59,300
2015-03-12,12.96,12.96,12.96,12.96,290
2015-03-17,12.48,12.48,12.48,12.48,100
2015-03-18,12.48,12.48,12.48,12.48,295
2015-03-25,14.0,14.0,13.79,13.79,781
2015-03-30,12.16,12.16,12.16,12.16,100
2015-04-01,13.96,13.96,13.81,13.83,622
2015-04-15,13.41,13.41,13.4,13.4,200
2015-04-21,13.04,13.04,13.04,13.04,100
2015-04-27,14.0,14.0,13.96,14.0,506
2015-04-30,14.37,14.37,14.37,14.37,100
2015-05-11,13.5,14.04,13.5,13.97,7584
2015-05-12,13.4,13.95,13.33,13.9,8800
2015-05-13,13.35,13.96,13.35,13.88,6100
2015-05-14,14.0,14.21,13.1,13.4,6100
2015-05-15,14.3,14.5,13.9,14.05,8611
2015-05-18,14.03,14.03,13.7,13.7,294
2015-05-19,14.01,14.2,13.52,14.0,4918
2015-05-20,13.29,13.29,13.29,13.29,100
2015-05-21,13.26,13.63,13.26,13.63,8281
2015-06-03,13.28,13.75,13.28,13.38,5544
2015-06-04,13.56,13.56,13.56,13.56,100
2015-06-08,14.71,14.71,13.6,13.6,350
2015-06-09,14.73,15.2,14.73,15.2,262
2015-06-10,15.09,15.09,15.09,15.09,209
2015-06-11,14.67,14.67,14.67,14.67,125
2015-06-16,14.36,14.36,14.36,14.36,112
2015-06-19,12.92,13.2,12.81,13.2,2185
2015-06-25,13.0,13.0,12.96,13.0,1346
2015-06-29,13.8,13.8,13.8,13.8,200
2015-06-30,14.0,14.05,14.0,14.05,1618
2015-07-22,14.0,14.0,14.0,14.0,400
2015-07-23,12.13,13.66,12.13,13.66,300
2015-08-04,14.07,14.07,13.58,13.58,1145
2015-08-05,13.52,13.58,13.25,13.58,4428
2015-08-06,13.08,13.08,13.08,13.08,520
2015-09-17,15.5,15.5,15.5,15.5,1585
2015-09-18,13.0,13.0,13.0,13.0,1085
2015-09-25,14.32,14.32,14.32,14.32,142
2015-10-12,15.5,15.5,15.46,15.5,5144
2015-10-13,15.85,16.6,15.85,16.6,258
2015-10-19,16.89,16.89,16.89,16.89,900
2015-10-20,17.22,17.76,17.22,17.76,1394
2015-10-21,17.81,17.81,17.81,17.81,157
2015-10-22,11.15,11.15,11.15,11.15,185
2015-10-26,17.75,17.75,17.75,17.75,122
2015-10-28,15.26,15.26,15.0,15.0,710
2015-10-29,15.07,15.12,15.07,15.07,1046
2015-10-30,15.12,15.5,15.12,15.5,2102
2015-11-02,15.5,16.25,15.5,16.25,6800
2015-11-03,15.7,15.8,15.7,15.8,1005
2015-11-04,16.55,16.55,16.54,16.55,2010
2015-11-06,15.65,15.65,15.65,15.65,200
2015-11-11,15.81,16.54,15.81,16.54,1196
2015-11-23,15.0,15.48,15.0,15.48,763
2015-12-31,13.72,13.72,13.72,13.72,137
2016-01-15,10.44,12.71,10.44,12.71,935
2016-01-19,11.0,13.03,11.0,13.03,2247
2016-02-04,12.25,12.25,12.25,12.25,109
2016-03-04,12.38,12.38,12.38,12.38,107
2016-03-15,11.69,11.69,11.69,11.69,900
2016-03-17,11.46,12.0,11.46,12.0,211
2016-03-24,12.5,12.5,12.37,12.37,1102
2016-03-28,12.5,12.5,12.5,12.5,1003
2016-04-15,11.45,11.65,11.45,11.65,208
2016-04-27,12.7,12.7,12.7,12.7,114
2016-05-04,12.74,12.74,12.74,12.74,1086
2016-06-13,12.51,12.51,12.5,12.5,3213
2016-06-16,12.6,12.6,12.6,12.6,1049
2016-06-17,13.52,14.2,12.75,13.8,15308
2016-06-20,13.36,13.55,13.32,13.55,408
2016-06-21,13.41,13.76,13.41,13.73,1788
2016-06-27,12.88,12.88,12.88,12.88,471
2016-06-29,12.7,13.14,12.4,12.8,13428
2016-06-30,12.59,12.59,12.59,12.59,113
2016-07-05,12.8,13.3,12.8,13.15,7540
2016-07-06,13.5,13.5,13.5,13.5,2000
2016-07-18,13.95,14.15,13.95,14.15,4620
2016-07-19,14.05,14.55,14.05,14.11,4000
2016-07-21,14.99,15.39,14.56,15.05,10670
2016-07-22,14.91,15.22,14.4,15.01,13407
2016-07-25,15.2,15.3,14.8,14.8,1400
2016-07-26,14.41,15.03,14.41,14.85,3253
2016-07-27,14.13,15.46,14.13,15.08,1429
2016-07-28,14.9,14.9,14.9,14.9,143
2016-07-29,14.22,14.8,14.22,14.7,513
2016-08-01,13.99,13.99,13.99,13.99,100
2016-08-29,13.6,13.6,13.6,13.6,100
2016-09-06,16.2,16.2,16.19,16.19,322
2016-09-07,16.2,16.2,16.2,16.2,200
2016-09-08,16.0,16.2,16.0,16.2,444
2016-09-09,16.0,16.2,16.0,16.2,350
2016-09-12,16.2,16.2,16.2,16.2,280
2016-09-13,16.2,16.23,16.2,16.23,770
2016-09-14,16.99,16.99,16.99,16.99,229
2016-09-16,14.25,14.25,14.25,14.25,975
2016-09-30,15.0,15.0,15.0,15.0,995
2016-10-03,15.05,15.05,15.05,15.05,305
2016-10-04,15.8,15.8,15.8,15.8,249
2016-11-08,15.3,15.3,15.3,15.3,1171
2016-12-15,16.25,16.25,15.96,16.25,2389
2016-12-20,15.66,18.84,15.66,18.2,6104
2016-12-23,18.88,18.94,18.88,18.88,930
2016-12-29,18.88,18.88,18.88,18.88,813
2016-12-30,18.88,18.88,18.88,18.88,328
2017-01-23,18.5,18.5,18.5,18.5,545
2017-01-24,,,,18.5,0
2017-01-25,,,,18.5,0
2017-01-26,,,,18.5,0
2017-01-27,,,,18.5,0
2017-01-30,17.02,17.02,17.0,17.02,941
2017-01-31,,,,17.02,0
2017-02-01,,,,17.02,0
2017-02-02,,,,17.02,0
2017-02-03,20.42,20.42,20.34,20.34,661
2017-02-06,,,,20.34,0
2017-02-07,,,,20.34,0
2017-02-08,,,,20.34,0
2017-02-09,,,,20.34,0
2017-02-10,18.04,18.04,16.75,16.75,1046
2017-02-13,,,,16.75,0
2017-02-14,,,,16.75,0
2017-02-15,,,,16.75,0
2017-02-16,,,,16.75,0
2017-02-17,,,,16.75,0
2017-02-21,,,,16.75,0
2017-02-22,,,,16.75,0
2017-02-23,,,,16.75,0
2017-02-24,,,,16.75,0
2017-02-27,,,,16.75,0
2017-02-28,,,,16.75,0
2017-03-01,16.64,16.64,16.55,16.55,2285
2017-03-02,18.08,18.21,18.08,18.21,520
2017-03-03,,,,18.21,0
2017-03-06,,,,18.21,0
2017-03-07,,,,18.21,0
2017-03-08,16.29,16.29,16.29,16.29,199
2017-03-09,,,,16.29,0
2017-03-10,,,,16.29,0
2017-03-13,16.95,16.95,16.95,16.95,551
2017-03-14,,,,16.95,0
2017-03-15,,,,16.95,0
2017-03-16,,,,16.95,0
2017-03-17,16.95,17.32,16.87,17.32,2098
2017-03-20,17.79,18.07,17.75,18.07,3390
2017-03-21,,,,18.07,0
2017-03-22,,,,18.07,0
2017-03-23,,,,18.07,0
2017-03-24,,,,18.07,0
2017-03-27,18.48,18.48,18.48,18.48,474
2017-03-28,,,,18.48,0
2017-03-29,,,,18.48,0
2017-03-30,,,,18.48,0
2017-03-31,,,,18.48,0
2017-04-03,,,,18.48,0
2017-04-04,18.48,18.48,18.48,18.48,640
2017-04-05,,,,18.48,0
2017-04-06,17.16,17.16,17.16,17.16,106
2017-04-07,18.0,18.0,18.0,18.0,107
2017-04-10,,,,18.0,0
2017-04-11,,,,18.0,0
2017-04-12,,,,18.0,0
2017-04-13,,,,18.0,0
2017-04-17,,,,18.0,0
2017-04-18,,,,18.0,0
2017-04-19,,,,18.0,0
2017-04-20,,,,18.0,0
2017-04-21,,,,18.0,0
2017-04-24,,,,18.0,0
2017-04-25,,,,18.0,0
2017-04-26,,,,18.0,0
2017-04-27,,,,18.0,0
2017-04-28,,,,18.0,0
2017-05-01,,,,18.0,0
2017-05-02,,,,18.0,0
2017-05-03,,,,18.0,0
2017-05-04,,,,18.0,0
2017-05-05,,,,18.0,0
2017-05-08,,,,18.0,0
2017-05-09,,,,18.0,0
2017-05-10,,,,18.0,0
2017-05-11,,,,18.0,0
2017-05-12,,,,18.0,0
2017-05-15,,,,18.0,0
2017-05-16,,,,18.0,0
2017-05-17,,,,18.0,0
2017-05-18,,,,18.0,0
2017-05-19,,,,18.0,0
2017-05-22,,,,18.0,0
2017-05-23,,,,18.0,0
2017-05-24,,,,18.0,0
2017-05-25,,,,18.0,0
2017-05-26,,,,18.0,0
2017-05-30,,,,18.0,0
2017-05-31,,,,18.0,0
2017-06-01,,,,18.0,0
2017-06-02,,,,18.0,0
2017-06-05,,,,18.0,0
2017-06-06,,,,18.0,0
2017-06-07,,,,18.0,0
2017-06-08,,,,18.0,0
2017-06-09,,,,18.0,0
2017-06-12,,,,18.0,0
2017-06-13,,,,18.0,0
2017-06-14,,,,18.0,0
2017-06-15,,,,18.0,0
2017-06-16,,,,18.0,0
2017-06-19,,,,18.0,0
2017-06-20,,,,18.0,0
2017-06-21,,,,18.0,0
2017-06-22,,,,18.0,0
2017-06-23,,,,18.0,0
2017-06-26,,,,18.0,0
2017-06-27,,,,18.0,0
2017-06-28,,,,18.0,0
2017-06-29,,,,18.0,0
2017-06-30,,,,18.0,0
2017-07-03,,,,18.0,0
2017-07-05,18.0,18.0,18.0,18.0,151
2017-07-06,,,,18.0,0
2017-07-07,19.0,19.0,19.0,19.0,839
2017-07-10,,,,19.0,0
2017-07-11,,,,19.0,0
2017-07-12,19.0,19.0,19.0,19.0,134
2017-07-13,19.04,19.04,19.0,19.0,1401
2017-07-14,,,,19.0,0
2017-07-17,,,,19.0,0
2017-07-18,,,,19.0,0
2017-07-19,,,,19.0,0
2017-07-20,,,,19.0,0
2017-07-21,,,,19.0,0
2017-07-24,,,,19.0,0
2017-07-25,,,,19.0,0
2017-07-26,,,,19.0,0
2017-07-27,,,,19.0,0
2017-07-28,,,,19.0,0
2017-07-31,,,,19.0,0
2017-08-01,,,,19.0,0
