Date,Open,High,Low,Close,Volume
2014-01-24,21.9,22.5,20.78,21.9,30012557
2014-01-27,21.9,22.0,21.33,21.63,1929929
2014-01-28,21.5,22.25,21.45,22.1,1887943
2014-01-29,22.2,24.55,21.76,23.31,2488009
2014-01-30,24.0,24.16,23.25,23.51,1612907
2014-01-31,23.31,23.6,22.8,23.52,592167
2014-02-03,23.58,23.97,22.71,23.0,360356
2014-02-04,23.89,23.9,22.75,23.43,1386059
2014-02-05,23.15,24.11,23.06,23.87,543786
2014-02-06,23.68,24.75,23.52,24.04,532690
2014-02-07,24.5,24.64,23.76,23.97,344265
2014-02-10,23.92,24.11,23.47,23.75,716340
2014-02-11,23.57,24.13,23.57,23.86,284448
2014-02-12,23.9,24.37,23.72,23.87,431218
2014-02-13,23.75,23.93,23.58,23.82,321215
2014-02-14,24.15,24.38,23.76,23.88,504070
2014-02-18,24.15,24.38,23.5,23.63,1009324
2014-02-19,23.49,24.1,23.49,23.76,652889
2014-02-20,23.52,23.97,23.5,23.84,628995
2014-02-21,23.86,24.07,23.45,23.5,904897
2014-02-24,23.81,24.53,23.8,24.15,1257272
2014-02-25,24.1,24.63,23.76,24.4,855026
2014-02-26,24.53,24.62,23.65,23.66,525261
2014-02-27,23.74,24.34,23.54,23.86,568525
2014-02-28,23.91,24.24,23.7,24.0,703629
2014-03-03,24.1,24.14,23.45,23.91,538761
2014-03-04,24.12,24.43,23.5,24.3,600509
2014-03-05,24.42,24.42,23.68,24.09,665065
2014-03-06,24.04,24.09,23.53,23.61,692123
2014-03-07,23.6,24.12,23.01,23.81,958220
2014-03-10,23.83,24.15,23.66,24.0,441188
2014-03-11,24.05,25.0,23.98,24.32,956895
2014-03-12,24.25,24.58,23.7,24.44,635753
2014-03-13,24.49,24.49,23.0,24.38,2686627
2014-03-14,24.17,25.23,23.98,24.59,633618
2014-03-17,24.76,25.72,24.57,25.4,1721308
2014-03-18,25.55,26.44,25.31,26.28,616765
2014-03-19,26.34,26.7,25.5,25.72,760403
2014-03-20,25.77,26.31,25.01,26.11,974232
2014-03-21,26.27,27.12,25.61,25.96,4126905
2014-03-24,26.15,27.03,25.94,26.25,1339637
2014-03-25,26.27,26.74,26.13,26.7,775583
2014-03-26,26.92,28.07,26.85,27.08,849365
2014-03-27,27.22,27.71,26.25,26.94,901161
2014-03-28,27.05,27.18,26.71,26.97,526028
2014-03-31,26.97,27.07,26.19,26.39,2615972
2014-04-01,26.45,26.9,25.8,26.68,772569
2014-04-02,26.72,27.36,26.71,26.8,316900
2014-04-03,26.95,27.5,26.4,26.94,1006346
2014-04-04,27.15,27.94,26.94,27.05,1073247
2014-04-07,27.02,27.44,26.52,26.9,417903
2014-04-08,26.86,28.25,26.62,28.03,896775
2014-04-09,28.24,29.33,28.15,28.89,1182762
2014-04-10,28.78,29.56,28.11,28.43,896866
2014-04-11,28.45,29.42,28.34,28.52,1575630
2014-04-14,28.81,29.19,27.82,28.55,1155144
2014-04-15,28.72,29.08,27.5,28.46,1061864
2014-04-16,28.48,29.44,28.31,29.35,573324
2014-04-17,29.48,30.63,29.34,30.2,737269
2014-04-21,30.33,30.59,29.9,30.33,638727
2014-04-22,30.02,31.24,29.99,31.06,773297
2014-04-23,31.1,31.91,30.8,31.54,501964
2014-04-24,31.84,32.09,31.15,32.05,576137
2014-04-25,32.0,32.03,30.25,30.87,862785
2014-04-28,30.8,31.49,30.03,30.31,1068620
2014-04-29,30.37,30.66,29.68,29.76,939925
2014-04-30,29.62,29.76,28.61,29.7,1868335
2014-05-01,29.61,29.99,28.99,29.0,1221117
2014-05-02,28.95,29.86,28.89,29.2,886052
2014-05-05,29.27,29.79,28.79,29.28,471766
2014-05-06,29.41,29.99,28.67,28.78,494017
2014-05-07,28.76,30.0,28.12,29.99,1497525
2014-05-08,29.9,30.0,28.87,29.05,1586755
2014-05-09,29.02,29.32,28.5,28.56,929299
2014-05-12,28.63,28.96,28.37,28.84,394004
2014-05-13,30.09,30.99,29.1,30.49,1454534
2014-05-14,30.57,31.0,29.8,29.95,762909
2014-05-15,30.06,31.14,29.49,30.95,527707
2014-05-16,31.0,31.36,30.41,30.7,417675
2014-05-19,30.88,31.18,30.71,30.78,329533
2014-05-20,30.82,30.95,30.31,30.58,197091
2014-05-21,30.97,31.35,30.63,30.98,339162
2014-05-22,30.98,31.98,30.14,30.28,497390
2014-05-23,30.31,30.43,30.0,30.21,365569
2014-05-27,30.21,30.41,29.73,30.36,635545
2014-05-28,30.49,30.89,29.9,30.33,762633
2014-05-29,30.39,31.2,30.19,31.1,466073
2014-05-30,31.31,31.98,30.97,31.73,938073
2014-06-02,33.09,34.34,30.77,31.39,1419398
2014-06-03,31.45,33.0,31.26,32.59,1050368
2014-06-04,32.59,33.29,32.11,33.2,1123006
2014-06-05,33.47,34.0,33.09,33.32,765575
2014-06-06,33.44,33.82,32.62,33.05,1128426
2014-06-09,33.6,33.6,32.44,32.59,461011
2014-06-10,32.71,32.94,31.65,32.09,750650
2014-06-11,32.01,32.82,31.6,32.29,503195
2014-06-12,32.26,32.36,31.11,32.02,1336478
2014-06-13,32.0,32.09,31.18,32.01,1244382
2014-06-16,32.15,32.24,31.16,31.69,705933
2014-06-17,31.77,31.77,31.16,31.56,901594
2014-06-18,31.58,32.19,31.5,31.78,567926
2014-06-19,31.89,32.6,31.81,32.55,492174
2014-06-20,32.51,32.54,31.16,31.82,2979645
2014-06-23,31.53,31.82,30.8,31.22,1150964
2014-06-24,31.42,31.66,29.75,29.87,1345119
2014-06-25,29.88,30.23,29.09,29.85,909420
2014-06-26,29.85,29.92,29.21,29.65,698358
2014-06-27,29.79,30.65,29.25,30.48,1326402
2014-06-30,30.46,30.72,29.66,30.45,633459
2014-07-01,30.35,30.57,29.25,29.71,965148
2014-07-02,29.74,30.03,29.14,29.35,1088648
2014-07-03,29.6,29.6,28.78,29.09,755962
2014-07-07,29.21,29.69,28.16,28.86,1694520
2014-07-08,29.12,29.12,28.07,28.3,1021048
2014-07-09,29.24,29.25,28.3,28.4,1596870
2014-07-10,28.0,28.47,27.16,28.03,1405933
2014-07-11,28.0,28.12,27.07,27.09,1450908
2014-07-14,27.22,27.36,26.31,26.6,2410069
2014-07-15,26.6,26.7,25.14,25.97,1382100
2014-07-16,25.97,26.22,25.6,25.84,875758
2014-07-17,26.39,26.71,25.47,25.6,1616969
2014-07-18,25.72,26.24,25.48,26.16,887736
2014-07-21,25.97,26.21,25.46,25.97,1024877
2014-07-22,25.95,26.38,25.85,25.91,735108
2014-07-23,25.86,26.05,25.02,25.35,1753181
2014-07-24,25.48,26.93,25.39,26.91,1216467
2014-07-25,26.85,27.38,26.44,26.9,1740420
2014-07-28,26.89,26.89,25.86,26.51,1180642
2014-07-29,26.49,26.67,26.28,26.58,975696
2014-07-30,26.6,27.17,26.5,26.73,763892
2014-07-31,26.43,26.43,25.94,26.3,690595
2014-08-01,26.32,26.36,25.63,25.86,673766
2014-08-04,25.8,26.25,25.57,26.22,651944
2014-08-05,26.26,26.65,26.02,26.22,626485
2014-08-06,26.0,26.47,25.83,26.4,729608
2014-08-07,26.4,26.49,25.65,26.05,1506353
2014-08-08,26.06,26.88,26.05,26.77,1227222
2014-08-11,27.0,27.9,26.4,27.52,1499288
2014-08-12,26.9,28.7,26.89,28.49,2479738
2014-08-13,28.43,28.93,27.2,27.47,1307605
2014-08-14,28.07,28.49,27.8,28.1,7143098
2014-08-15,27.99,29.08,27.99,28.71,2379061
2014-08-18,28.72,28.8,28.25,28.59,999811
2014-08-19,28.56,29.37,28.51,28.94,1350078
2014-08-20,28.99,29.58,28.68,29.48,747238
2014-08-21,29.44,29.75,28.41,29.51,962028
2014-08-22,29.41,29.56,28.73,29.3,1266129
2014-08-25,29.45,29.74,28.92,28.96,1172456
2014-08-26,29.01,29.75,29.01,29.15,1059818
2014-08-27,29.15,29.66,28.97,29.11,490974
2014-08-28,29.14,29.41,28.6,28.88,819386
2014-08-29,28.91,29.37,28.91,29.28,670167
2014-09-02,29.18,29.63,28.83,29.31,1225553
2014-09-03,29.43,29.8,28.75,29.69,1628678
2014-09-04,29.71,30.4,29.26,29.47,1457377
2014-09-05,29.42,30.49,29.42,30.1,1270564
2014-09-08,30.28,30.51,29.59,29.71,1038804
2014-09-09,29.51,29.67,29.03,29.2,940487
2014-09-10,29.2,29.32,28.63,29.13,1174345
2014-09-11,28.9,29.56,28.42,29.43,1167512
2014-09-12,29.32,29.32,28.21,28.74,1945692
2014-09-15,28.78,28.8,28.08,28.52,1196287
2014-09-16,28.63,29.99,28.6,29.81,1130456
2014-09-17,29.84,30.32,29.62,30.02,1539700
2014-09-18,30.3,30.35,29.49,29.83,1024653
2014-09-19,29.95,29.95,28.99,29.08,1002186
2014-09-22,28.89,28.96,27.87,28.06,1132095
2014-09-23,28.0,28.49,27.65,27.77,1334671
2014-09-24,27.78,28.04,27.28,27.53,985582
2014-09-25,27.46,27.5,26.66,26.74,1819476
2014-09-26,26.77,27.17,26.51,27.02,697138
2014-09-29,27.28,27.43,26.61,27.21,1198516
2014-09-30,27.16,27.44,26.38,26.6,1300161
2014-10-01,26.61,26.93,25.82,25.9,1387495
2014-10-02,25.83,26.64,25.5,26.02,1196860
2014-10-03,26.1,26.42,25.73,26.25,1051182
2014-10-06,26.36,26.56,25.75,25.89,842466
2014-10-07,25.68,26.11,25.12,25.17,1386892
2014-10-08,25.29,25.71,24.32,24.74,1606903
2014-10-09,24.89,24.92,23.45,23.55,1733432
2014-10-10,23.47,24.02,22.55,22.78,2418334
2014-10-13,22.66,23.2,21.68,21.74,1233091
2014-10-14,21.84,23.31,21.28,21.53,1904893
2014-10-15,21.31,23.47,20.73,23.22,2841215
2014-10-16,22.78,26.12,22.5,25.34,2742363
2014-10-17,25.81,26.7,24.22,24.72,2232248
2014-10-20,24.88,25.42,24.04,25.07,1128720
2014-10-21,25.44,26.47,25.41,25.85,900681
2014-10-22,25.93,26.81,24.64,24.75,1277686
2014-10-23,25.08,25.73,24.75,25.2,1084050
2014-10-24,25.01,25.09,24.02,24.71,2144972
2014-10-27,24.14,24.49,22.73,24.11,1824474
2014-10-28,24.19,25.17,23.9,25.04,912113
2014-10-29,25.19,25.8,24.51,25.15,1197787
2014-10-30,24.91,25.32,24.28,25.22,864494
2014-10-31,25.34,26.48,24.15,26.43,1347216
2014-11-03,26.54,27.58,25.68,26.08,1984602
2014-11-04,25.7,26.04,25.1,25.46,1556990
2014-11-05,25.64,27.24,25.51,27.07,1418465
2014-11-06,26.81,27.7,26.48,27.66,1082439
2014-11-07,28.98,30.1,28.51,29.18,3085876
2014-11-10,29.32,29.95,27.9,27.96,1165109
2014-11-11,27.92,28.9,27.65,28.29,1555151
2014-11-12,27.08,28.02,25.56,26.21,3363748
2014-11-13,26.05,26.32,25.54,26.02,1183544
2014-11-14,26.02,26.21,24.88,25.05,1878767
2014-11-17,24.63,25.46,24.18,25.18,1493295
2014-11-18,25.1,25.85,24.78,25.5,1154394
2014-11-19,25.56,26.87,25.22,26.1,1541297
2014-11-20,26.07,27.52,25.83,27.5,1534825
2014-11-21,27.82,28.11,26.25,26.68,1600563
2014-11-24,26.44,26.86,26.19,26.3,1870900
2014-11-25,26.43,26.43,25.6,25.8,1609041
2014-11-26,25.59,26.39,25.49,25.71,922486
2014-11-28,24.87,25.8,24.21,24.9,1339328
2014-12-01,24.75,25.14,23.61,24.12,1939916
2014-12-02,23.9,25.55,23.9,24.94,1146030
2014-12-03,24.98,25.53,24.7,24.77,1360531
2014-12-04,23.59,24.59,23.59,24.0,1279492
2014-12-05,23.9,24.1,22.39,22.76,1641792
2014-12-08,22.45,22.88,21.66,22.37,2695330
2014-12-09,22.14,24.75,21.66,24.6,1749704
2014-12-10,24.12,24.53,23.35,23.86,1588990
2014-12-11,23.81,24.59,23.48,23.53,1235227
2014-12-12,23.5,24.2,23.42,23.91,1171694
2014-12-15,24.22,24.73,23.12,23.3,1068106
2014-12-16,22.85,25.22,22.85,23.88,1286207
2014-12-17,24.0,26.54,23.88,25.84,1663494
2014-12-18,26.75,28.48,25.09,25.83,1357078
2014-12-19,25.87,26.06,24.25,25.57,1938632
2014-12-22,25.19,25.28,22.6,22.97,1806701
2014-12-23,23.26,23.58,21.96,22.74,1653305
2014-12-24,22.56,23.06,22.02,22.41,462556
2014-12-26,22.63,22.68,21.71,21.82,1081043
2014-12-29,22.03,22.76,21.55,22.38,1562243
2014-12-30,22.34,23.0,21.3,21.7,1410844
2014-12-31,21.42,21.49,20.91,20.97,1194669
2015-01-02,21.0,22.13,20.46,22.02,1624314
2015-01-05,21.76,21.88,19.84,20.28,1888828
2015-01-06,20.32,20.58,18.96,19.35,2036869
2015-01-07,19.73,19.98,18.94,19.07,1801245
2015-01-08,19.26,19.66,18.97,19.25,2161351
2015-01-09,19.17,19.56,18.32,19.3,2305590
2015-01-12,17.96,18.08,16.33,16.86,3283202
2015-01-13,16.86,17.45,16.48,16.86,1982658
2015-01-14,16.52,17.41,16.04,17.31,2466960
2015-01-15,17.48,17.61,16.49,16.57,2287044
2015-01-16,16.64,17.16,16.52,16.84,1865697
2015-01-20,16.56,17.25,16.21,16.92,1482463
2015-01-21,17.11,17.89,16.91,17.72,1182590
2015-01-22,17.98,17.98,17.01,17.11,1582544
2015-01-23,17.68,18.4,16.86,18.35,2901528
2015-01-26,18.27,19.07,18.03,18.52,1770805
2015-01-27,18.4,19.44,18.4,18.77,1648894
2015-01-28,18.53,18.56,17.65,17.76,1830654
2015-01-29,17.93,18.05,16.82,17.21,2465631
2015-01-30,16.91,17.7,16.51,17.08,1933464
2015-02-02,17.62,17.9,17.05,17.5,1851996
2015-02-03,17.94,18.55,17.4,18.13,2607846
2015-02-04,17.75,18.28,16.87,17.24,1598845
2015-02-05,17.49,18.61,17.28,18.34,1478835
2015-02-06,18.42,19.2,18.09,18.4,1419279
2015-02-09,18.67,19.72,18.58,18.95,1696954
2015-02-10,18.96,19.5,18.5,19.23,1847812
2015-02-11,19.0,19.69,18.7,19.19,1436437
2015-02-12,19.53,19.82,18.73,19.35,1814106
2015-02-13,19.32,19.43,18.5,19.13,2477404
2015-02-17,18.69,20.05,18.5,19.65,2994509
2015-02-18,19.48,20.5,19.48,19.54,2293634
2015-02-19,19.05,19.86,19.05,19.52,1212952
2015-02-20,19.35,20.1,19.27,19.75,1076250
2015-02-23,19.59,20.45,19.23,19.71,1075446
2015-02-24,20.03,20.68,19.44,20.51,1103681
2015-02-25,20.61,21.18,20.41,21.04,1318950
2015-02-26,20.71,20.9,19.74,20.51,1284466
2015-02-27,20.58,20.61,19.07,19.58,2513732
2015-03-02,19.55,19.59,18.8,19.05,2096298
2015-03-03,19.0,19.18,18.77,18.86,1682257
2015-03-04,18.91,19.28,18.52,19.2,1429150
2015-03-05,19.16,19.52,18.85,19.31,753900
2015-03-06,19.06,19.33,18.5,18.76,834131
2015-03-09,18.69,19.16,18.24,18.34,1139270
2015-03-10,18.09,18.29,17.81,17.91,1100890
2015-03-11,17.9,18.21,17.71,17.96,1767881
2015-03-12,17.99,19.0,17.9,18.29,3156973
2015-03-13,18.08,18.54,17.75,18.52,2964172
2015-03-16,18.4,18.59,17.75,18.51,2085329
2015-03-17,18.42,19.37,18.17,18.88,1751164
2015-03-18,18.93,20.33,18.87,20.2,2031821
2015-03-19,19.81,20.15,19.56,19.62,1176065
2015-03-20,20.13,20.34,19.5,19.84,3097183
2015-03-23,19.8,20.64,19.8,19.89,1246992
2015-03-24,19.61,20.71,19.27,20.57,1202282
2015-03-25,20.77,21.13,20.13,21.02,2145366
2015-03-26,21.57,21.86,20.57,20.67,1718443
2015-03-27,20.9,21.41,20.52,21.01,1839602
2015-03-30,21.04,21.5,20.63,21.5,1271877
2015-03-31,21.24,22.05,21.11,21.76,1488905
2015-04-01,21.94,22.32,21.4,21.47,2168153
2015-04-02,21.44,22.34,21.31,22.04,2339419
2015-04-06,22.05,22.35,21.62,22.06,2251071
2015-04-07,22.02,22.6,21.92,22.26,1694283
2015-04-08,22.3,22.54,20.94,21.08,1490584
2015-04-09,21.23,21.67,21.04,21.64,943252
2015-04-10,21.65,21.72,21.16,21.48,709166
2015-04-13,21.62,21.69,21.04,21.35,1365804
2015-04-14,21.56,22.32,21.52,22.32,1660092
2015-04-15,22.74,24.29,22.45,23.42,2850268
2015-04-16,23.3,23.47,22.46,22.8,2189994
2015-04-17,22.6,23.06,22.35,22.63,1288669
2015-04-20,22.62,23.02,22.18,22.49,1881033
2015-04-21,22.53,22.98,22.2,22.3,1405350
2015-04-22,22.54,23.21,22.32,22.63,1273965
2015-04-23,22.64,23.3,22.44,22.57,1302295
2015-04-24,22.53,22.77,21.75,22.11,973263
2015-04-27,22.26,22.62,22.0,22.32,1253524
2015-04-28,22.56,23.43,22.35,23.31,1777713
2015-04-29,23.17,24.29,22.97,23.99,1379365
2015-04-30,24.07,24.93,23.55,24.63,1551309
2015-05-01,24.52,24.97,24.22,24.84,2236047
2015-05-04,24.86,25.03,24.33,24.75,1408550
2015-05-05,24.95,25.07,24.18,24.29,1975555
2015-05-06,24.8,24.8,24.0,24.23,1237676
2015-05-07,23.99,24.85,23.5,24.48,2278434
2015-05-08,24.75,25.0,23.72,24.5,2002054
2015-05-11,24.51,24.86,23.58,24.46,1717039
2015-05-12,24.78,25.33,24.53,25.12,1021742
2015-05-13,24.08,24.19,23.39,23.5,7776298
2015-05-14,23.36,23.89,23.32,23.47,1986849
2015-05-15,23.4,23.98,23.35,23.8,1260564
2015-05-18,23.69,23.71,22.87,23.5,2045581
2015-05-19,23.2,23.33,22.51,22.99,1782465
2015-05-20,22.87,23.22,22.38,22.63,1594800
2015-05-21,22.81,23.13,22.44,22.73,1621801
2015-05-22,22.48,23.24,22.26,23.21,1226405
2015-05-26,23.0,23.25,22.2,22.41,1515200
2015-05-27,22.36,22.5,21.85,22.17,1906856
2015-05-28,22.1,22.45,21.8,22.03,1940972
2015-05-29,22.07,22.2,21.89,21.93,1935214
2015-06-01,21.94,22.32,21.56,22.3,2084313
2015-06-02,22.31,22.55,22.05,22.29,1349531
2015-06-03,22.13,22.59,22.1,22.44,1680921
2015-06-04,22.27,22.31,21.73,21.99,2291178
2015-06-05,21.83,22.46,21.83,22.25,1409026
2015-06-08,22.14,22.68,22.0,22.62,1820070
2015-06-09,22.83,23.12,22.64,22.71,1778879
2015-06-10,22.89,23.22,22.6,23.05,1697893
2015-06-11,23.08,23.32,22.63,22.82,2176302
2015-06-12,22.63,23.04,22.63,22.63,1573111
2015-06-15,22.5,23.06,22.32,22.95,1224330
2015-06-16,22.9,23.34,22.83,23.27,1221351
2015-06-17,23.56,23.67,22.84,23.19,999160
2015-06-18,23.29,23.44,22.67,22.71,1070562
2015-06-19,22.53,22.88,21.88,22.0,2860565
2015-06-22,22.07,22.66,21.74,22.43,2101253
2015-06-23,22.36,22.6,22.1,22.1,1338143
2015-06-24,22.01,22.32,21.43,21.55,1209908
2015-06-25,21.56,21.56,21.16,21.21,1206510
2015-06-26,21.15,21.4,20.95,21.24,2569468
2015-06-29,20.94,21.15,20.23,20.27,1975734
2015-06-30,20.49,20.89,20.16,20.83,1826484
2015-07-01,20.82,20.88,19.97,20.05,2807688
2015-07-02,20.11,20.58,20.07,20.21,1610601
2015-07-06,19.84,19.95,19.07,19.11,2260816
2015-07-07,19.12,19.77,18.54,19.72,1433544
2015-07-08,19.56,19.81,18.91,19.25,919903
2015-07-09,19.54,19.96,19.35,19.75,1143565
2015-07-10,19.9,20.19,19.59,20.04,1754507
2015-07-13,19.94,20.33,19.94,20.3,1365716
2015-07-14,20.22,20.97,20.22,20.92,1630572
2015-07-15,20.77,21.11,20.47,20.6,1882185
2015-07-16,20.79,20.88,20.31,20.43,940226
2015-07-17,20.38,20.39,19.7,19.72,1007541
2015-07-20,19.69,19.82,18.52,18.6,1956949
2015-07-21,18.59,19.36,18.57,19.16,2098268
2015-07-22,19.0,19.44,18.74,18.78,1484542
2015-07-23,18.94,19.35,18.76,19.18,1938611
2015-07-24,19.19,19.44,18.8,19.0,1609390
2015-07-27,18.71,19.07,18.25,18.33,1393507
2015-07-28,18.37,19.32,18.18,19.1,2421930
2015-07-29,18.99,19.78,18.7,19.73,2045211
2015-07-30,19.59,19.81,18.75,18.79,1294916
2015-07-31,18.65,19.1,18.02,18.05,1516988
2015-08-03,18.0,18.28,17.65,17.83,1365438
2015-08-04,18.04,18.51,17.58,17.6,1480098
2015-08-05,17.93,18.08,17.28,17.42,1783023
2015-08-06,17.3,19.06,17.07,18.97,3507223
2015-08-07,18.75,19.38,18.23,18.37,1748942
2015-08-10,18.54,19.51,18.38,19.49,1676011
2015-08-11,19.01,20.14,18.79,20.03,1394405
2015-08-12,19.96,20.47,19.61,20.24,1347402
2015-08-13,19.82,20.16,19.6,19.86,1060636
2015-08-14,19.91,20.58,19.91,20.2,1004398
2015-08-17,20.07,20.47,19.91,20.39,1081837
2015-08-18,20.31,20.97,20.13,20.78,1037297
2015-08-19,20.7,20.88,19.9,20.35,982813
2015-08-20,20.36,20.73,19.74,19.77,1448220
2015-08-21,19.48,19.87,19.3,19.3,1691346
2015-08-24,18.33,19.28,17.81,18.04,2246834
2015-08-25,18.75,18.75,17.29,17.32,1862204
2015-08-26,17.55,17.78,17.14,17.73,2642879
2015-08-27,17.98,19.1,17.95,18.67,1973026
2015-08-28,18.6,19.64,18.49,18.78,2193983
2015-08-31,18.55,19.73,18.43,19.45,1610773
2015-09-01,18.98,19.54,18.76,19.0,1656887
2015-09-02,19.37,19.52,18.44,19.3,1414846
2015-09-03,19.35,20.1,19.14,19.7,1403984
2015-09-04,19.54,19.6,18.98,19.04,1037297
2015-09-08,19.42,19.44,18.71,19.22,1230330
2015-09-09,19.31,19.89,19.31,19.47,1297822
2015-09-10,19.51,20.38,19.41,19.82,1426453
2015-09-11,19.59,20.05,19.46,19.91,972092
2015-09-14,19.82,19.92,19.53,19.77,896376
2015-09-15,19.78,20.31,19.54,19.74,705681
2015-09-16,19.95,20.25,19.42,20.08,1217644
2015-09-17,20.02,20.69,20.01,20.16,813346
2015-09-18,19.71,19.87,19.17,19.24,1802894
2015-09-21,19.67,19.67,18.82,18.83,1185658
2015-09-22,18.42,18.79,17.97,18.0,1686063
2015-09-23,18.06,18.16,17.59,17.66,1092770
2015-09-24,17.63,18.41,17.35,18.27,1762805
2015-09-25,18.43,18.58,17.58,17.81,1172631
2015-09-28,17.7,18.14,16.28,16.39,1638620
2015-09-29,16.39,16.77,15.66,15.73,1885392
2015-09-30,15.96,16.25,15.57,16.16,2727935
2015-10-01,16.93,17.03,15.78,15.89,2854252
2015-10-02,15.71,16.23,15.47,16.23,2172442
2015-10-05,16.5,17.63,16.26,17.61,1940812
2015-10-06,17.53,18.34,17.45,18.04,1464714
2015-10-07,18.36,18.7,17.35,18.04,2112324
2015-10-08,17.95,18.4,17.53,18.32,2398979
2015-10-09,18.49,18.49,17.7,17.87,1686723
2015-10-12,17.95,17.95,17.03,17.15,1658909
2015-10-13,17.07,17.26,16.52,16.55,1373435
2015-10-14,16.56,17.0,16.43,16.73,1370962
2015-10-15,16.64,17.38,16.33,17.36,1288896
2015-10-16,17.4,17.6,16.87,16.93,1659973
2015-10-19,16.73,16.96,16.25,16.29,1351459
2015-10-20,16.45,17.04,16.25,16.78,1787586
2015-10-21,16.7,16.8,15.98,16.64,2917083
2015-10-22,16.79,16.92,15.9,16.25,2582487
2015-10-23,16.22,16.44,15.71,16.2,1980760
2015-10-26,16.08,16.23,15.04,15.21,3024327
2015-10-27,14.99,15.26,14.8,14.9,2826340
2015-10-28,14.89,15.35,14.75,15.04,2492164
2015-10-29,15.2,16.24,15.2,15.48,1450767
2015-10-30,15.56,15.74,14.81,15.26,1356572
2015-11-02,15.12,15.65,15.09,15.56,1601743
2015-11-03,15.65,16.4,15.62,16.16,1396850
2015-11-04,16.2,16.69,15.74,16.14,1712580
2015-11-05,16.31,16.48,15.44,15.77,3900122
2015-11-06,15.72,16.44,15.63,16.04,1743635
2015-11-09,14.78,16.56,14.78,16.22,1138306
2015-11-10,16.15,16.21,15.64,15.8,983325
2015-11-11,15.35,15.55,14.24,14.24,1921836
2015-11-12,13.94,14.62,13.85,14.05,2060172
2015-11-13,13.96,14.61,13.75,14.42,2156036
2015-11-16,14.54,15.63,14.44,15.61,1405703
2015-11-17,15.48,15.86,15.13,15.2,1726640
2015-11-18,15.38,15.88,14.7,15.26,1404705
2015-11-19,15.21,15.28,14.56,14.96,1010987
2015-11-20,14.78,14.82,13.73,13.8,2596285
2015-11-23,13.82,14.01,13.35,13.67,2287463
2015-11-24,13.73,13.84,13.35,13.61,2442088
2015-11-25,13.43,14.25,13.38,13.89,1691073
2015-11-27,13.74,13.99,13.21,13.3,803224
2015-11-30,13.34,13.82,13.28,13.48,1522337
2015-12-01,13.53,13.89,13.38,13.68,1785486
2015-12-02,13.47,13.8,12.46,12.95,3380079
2015-12-03,13.03,13.04,12.12,12.17,3151560
2015-12-04,12.1,12.14,11.42,11.74,2232827
2015-12-07,11.3,11.5,10.07,10.08,2916825
2015-12-08,10.02,10.02,9.45,9.46,5599334
2015-12-09,9.54,10.16,9.48,9.88,4388825
2015-12-10,9.85,10.32,9.75,10.15,2722112
2015-12-11,9.9,9.93,9.1,9.11,2529874
2015-12-14,9.0,9.18,8.01,8.36,5643299
2015-12-15,8.5,8.8,8.15,8.35,5579957
2015-12-16,8.32,8.8,8.23,8.59,4298052
2015-12-17,8.58,8.66,8.28,8.53,4166093
2015-12-18,8.54,9.06,8.37,8.42,5266480
2015-12-21,9.12,9.47,8.75,9.3,6892361
2015-12-22,9.01,9.6,8.84,9.16,4637774
2015-12-23,9.46,9.96,9.2,9.9,4493056
2015-12-24,9.93,9.99,9.74,9.86,1199735
2015-12-28,9.7,9.95,9.48,9.87,2179690
2015-12-29,10.0,10.54,9.99,10.45,4083879
2015-12-30,10.25,10.5,10.07,10.19,3228342
2015-12-31,10.11,10.94,10.11,10.9,2448450
2016-01-04,10.81,11.49,10.78,11.03,4228287
2016-01-05,10.96,10.96,10.43,10.68,2289990
2016-01-06,10.31,10.36,9.68,9.84,3173145
2016-01-07,9.65,10.23,9.54,9.7,3625440
2016-01-08,9.8,10.56,9.69,10.33,3885609
2016-01-11,10.37,10.51,9.09,9.6,4048693
2016-01-12,9.85,9.94,9.13,9.49,2387354
2016-01-13,9.63,10.35,9.15,9.32,2439967
2016-01-14,9.34,9.46,8.76,9.14,4551938
2016-01-15,8.7,9.25,8.48,9.17,2940689
2016-01-19,9.25,9.35,8.23,8.48,2683776
2016-01-20,8.25,8.72,7.92,8.57,3467015
2016-01-21,8.52,10.12,8.51,9.63,5231430
2016-01-22,10.07,11.15,9.43,9.63,5219005
2016-01-25,9.35,9.7,9.16,9.19,2338611
2016-01-26,9.45,10.45,9.33,9.99,3113955
2016-01-27,9.83,10.62,9.72,10.05,3385816
2016-01-28,10.5,11.02,10.18,10.73,3280994
2016-01-29,10.84,11.75,10.81,11.67,4627541
2016-02-01,11.22,11.39,10.23,10.78,3534724
2016-02-02,10.4,10.5,9.74,10.26,2197404
2016-02-03,10.6,10.99,9.99,10.8,2539027
2016-02-04,10.84,11.22,10.22,10.25,3028103
2016-02-05,10.35,10.35,9.61,9.78,3399843
2016-02-08,9.58,9.78,8.92,9.58,3912711
2016-02-09,9.15,9.51,8.69,9.47,3401359
2016-02-10,9.44,10.07,9.03,9.12,2319501
2016-02-11,9.07,9.63,8.85,9.45,2771944
2016-02-12,9.67,10.12,9.38,9.68,1793367
2016-02-16,9.69,9.85,8.83,9.07,2543738
2016-02-17,9.21,9.98,9.09,9.69,2959477
2016-02-18,9.85,10.0,8.81,9.01,3680824
2016-02-19,8.75,8.81,8.06,8.5,3568242
2016-02-22,8.87,9.51,8.74,9.21,2976040
2016-02-23,9.1,9.35,8.54,8.97,5414640
2016-02-24,8.79,9.07,8.45,8.76,4591598
2016-02-25,8.61,9.3,8.08,8.84,4116926
2016-02-26,9.04,9.38,8.77,8.97,3757812
2016-02-29,9.3,9.4,8.64,9.16,3739846
2016-03-01,9.26,9.68,8.9,9.64,3929376
2016-03-02,9.5,10.37,9.44,10.3,3684185
2016-03-03,10.12,10.39,9.53,9.96,5178470
2016-03-04,10.17,10.21,9.37,9.56,6598448
2016-03-07,9.63,10.98,9.2,10.71,9144033
2016-03-08,10.23,10.88,9.78,10.12,4847504
2016-03-09,10.54,10.88,10.25,10.45,4496730
2016-03-10,10.39,10.82,9.83,10.66,3836707
2016-03-11,10.97,11.53,10.86,11.47,5124358
2016-03-14,11.24,11.52,10.85,11.39,3783612
2016-03-15,11.24,12.47,11.2,12.41,4757967
2016-03-16,12.53,13.17,12.27,13.08,4649517
2016-03-17,13.26,13.31,12.25,12.99,5361043
2016-03-18,13.1,13.57,12.72,12.82,6880243
2016-03-21,12.79,13.07,12.38,12.69,2518626
2016-03-22,12.56,12.74,12.25,12.47,3836916
2016-03-23,12.32,12.48,11.87,11.99,2824825
2016-03-24,11.72,12.42,11.54,12.38,2641109
2016-03-28,12.4,13.33,12.32,12.89,4288249
2016-03-29,12.65,13.4,12.48,13.32,2822794
2016-03-30,13.74,13.99,13.33,13.53,3525344
2016-03-31,13.5,14.16,13.48,13.96,3206493
2016-04-01,13.49,14.08,13.42,13.77,2858094
2016-04-04,13.79,14.44,13.77,13.81,3284327
2016-04-05,13.65,14.3,13.48,13.93,8929654
2016-04-06,13.95,14.37,13.79,14.28,3764590
2016-04-07,14.22,14.66,14.11,14.61,3540884
2016-04-08,15.1,15.64,14.65,15.62,4013757
2016-04-11,15.65,15.86,14.98,15.4,2999692
2016-04-12,15.54,16.76,15.4,16.66,3786130
2016-04-13,16.61,16.65,15.86,15.96,25856335
2016-04-14,16.1,16.25,15.65,15.78,4164633
2016-04-15,15.55,16.06,15.29,15.73,6285718
2016-04-18,15.08,16.31,15.05,16.18,5011708
2016-04-19,16.56,16.85,16.2,16.63,6116811
2016-04-20,16.47,17.13,16.36,16.89,4263497
2016-04-21,16.85,16.97,16.45,16.6,3368458
2016-04-22,16.71,17.07,16.71,16.92,4658705
2016-04-25,16.8,17.03,16.16,16.46,2320762
2016-04-26,16.71,17.03,16.35,17.0,3379883
2016-04-27,17.25,17.56,16.9,17.47,2828617
2016-04-28,17.4,17.86,17.18,17.57,4894112
2016-04-29,17.76,18.09,16.93,17.31,5969393
2016-05-02,17.2,17.4,16.59,17.0,4462040
2016-05-03,16.78,16.84,16.2,16.39,4522916
2016-05-04,16.45,17.08,16.12,16.42,4993275
2016-05-05,16.81,17.91,16.76,17.87,4304629
2016-05-06,17.69,18.66,17.62,18.19,3705149
2016-05-09,18.21,18.31,17.34,17.42,4354563
2016-05-10,17.59,18.24,17.35,18.2,3056202
2016-05-11,18.07,18.88,17.98,18.49,4695853
2016-05-12,18.73,19.21,18.59,18.67,3856185
2016-05-13,18.48,18.8,18.02,18.09,2481039
2016-05-16,18.49,19.03,18.49,18.65,3094494
2016-05-17,18.55,18.75,17.82,18.67,5874038
2016-05-18,18.61,19.23,18.6,18.72,2974522
2016-05-19,18.02,18.9,17.86,18.78,2438408
2016-05-20,18.81,18.9,18.3,18.62,2299942
2016-05-23,18.44,18.77,17.81,18.58,3724752
2016-05-24,18.71,18.83,18.13,18.45,2609375
2016-05-25,18.65,19.31,18.42,19.07,3112111
2016-05-26,19.34,19.65,19.15,19.34,4609637
2016-05-27,19.26,19.77,19.22,19.72,2915588
2016-05-31,19.74,20.3,19.64,20.25,4632510
2016-06-01,20.01,21.01,19.95,20.85,3856530
2016-06-02,20.49,20.88,20.11,20.83,4199255
2016-06-03,20.82,21.0,20.44,20.86,2856372
2016-06-06,21.18,21.29,20.57,20.61,4126639
2016-06-07,20.79,21.7,20.58,21.43,2801190
2016-06-08,21.85,22.0,20.8,20.84,3909057
2016-06-09,20.5,22.0,20.39,21.91,2902335
2016-06-10,21.41,21.66,20.34,20.58,3506175
2016-06-13,20.43,21.41,20.2,21.25,3864058
2016-06-14,21.15,21.55,20.61,21.19,3834429
2016-06-15,21.1,21.94,20.88,21.55,2753650
2016-06-16,21.23,21.46,20.56,21.17,3129786
2016-06-17,21.49,22.37,21.47,22.21,4058216
2016-06-20,22.6,23.09,22.42,22.48,3053785
2016-06-21,22.34,23.01,22.14,22.81,2562757
2016-06-22,22.89,23.13,22.29,22.63,3639543
2016-06-23,22.89,23.07,22.73,22.99,2820294
2016-06-24,21.98,22.58,21.62,21.97,5003863
2016-06-27,21.93,22.02,20.71,20.95,4508312
2016-06-28,21.55,23.16,21.55,22.82,3297026
2016-06-29,23.23,23.57,22.43,22.5,3950263
2016-06-30,22.55,22.75,21.7,22.04,3248544
2016-07-01,22.17,22.81,22.02,22.58,2418771
2016-07-05,22.0,22.22,20.84,21.69,4585767
2016-07-06,21.45,22.29,21.38,22.19,4201564
2016-07-07,22.5,23.06,21.97,22.3,3190093
2016-07-08,22.7,22.95,22.15,22.71,2350819
2016-07-11,22.88,23.27,22.32,22.53,3030736
2016-07-12,23.07,23.5,22.66,22.7,2805827
2016-07-13,22.79,23.09,21.73,22.26,3351999
2016-07-14,22.5,22.52,21.74,21.9,1799992
2016-07-15,22.22,22.22,21.69,21.9,1561010
2016-07-18,21.79,21.93,21.54,21.91,1627111
2016-07-19,21.95,22.65,21.82,22.05,3067370
2016-07-20,21.77,21.98,21.14,21.28,2466903
2016-07-21,21.3,22.03,21.2,21.55,3022820
2016-07-22,21.74,22.19,21.64,21.74,1885315
2016-07-25,21.55,21.69,20.45,20.91,2034943
2016-07-26,20.75,21.32,20.68,21.09,2682974
2016-07-27,21.23,21.78,20.83,21.29,2783710
2016-07-28,21.25,22.19,21.14,22.15,3497346
2016-07-29,21.85,23.33,21.75,23.32,4672913
2016-08-01,23.04,23.1,22.6,22.96,3256856
2016-08-02,23.21,23.54,22.88,23.16,2986389
2016-08-03,23.2,24.01,23.04,23.99,4295262
2016-08-04,23.65,25.55,23.65,25.29,5432883
2016-08-05,25.29,25.63,24.76,25.5,2610764
2016-08-08,25.83,25.99,25.12,25.13,4543678
2016-08-09,25.24,25.35,24.46,24.58,3315565
2016-08-10,24.98,25.27,24.09,24.25,2659530
2016-08-11,24.39,24.67,24.13,24.22,2355232
2016-08-12,24.4,24.44,23.78,23.88,3058921
2016-08-15,24.15,25.49,23.97,25.38,4174559
2016-08-16,25.35,26.17,24.97,25.96,4144963
2016-08-17,25.81,26.48,25.7,26.37,4803052
2016-08-18,26.57,26.81,26.15,26.68,2158256
2016-08-19,26.53,26.68,26.2,26.56,2109713
2016-08-22,26.35,26.41,25.95,26.26,1541664
2016-08-23,26.21,26.87,26.14,26.61,1520609
2016-08-24,26.55,26.8,26.21,26.41,2023522
2016-08-25,26.57,26.68,26.07,26.66,1874650
2016-08-26,26.76,27.26,26.22,26.9,2252289
2016-08-29,26.75,27.09,26.56,26.64,1900153
2016-08-30,27.04,27.04,26.46,26.68,1905701
2016-08-31,26.4,26.59,25.93,26.3,1911689
2016-09-01,26.16,26.64,26.05,26.6,1879668
2016-09-02,26.9,27.18,26.75,26.83,1171649
2016-09-06,26.88,27.11,26.67,27.1,1317382
2016-09-07,27.26,27.5,26.95,27.11,1509668
2016-09-08,27.45,28.19,27.16,28.03,2288779
2016-09-09,27.83,27.89,26.94,27.17,1684280
2016-09-12,26.88,27.65,26.65,27.44,2273641
2016-09-13,27.06,27.14,25.82,25.98,2180618
2016-09-14,25.95,26.47,25.3,25.46,2215166
2016-09-15,25.59,26.66,25.34,26.64,2524507
2016-09-16,26.23,26.92,26.04,26.91,3042534
2016-09-19,27.28,27.41,26.44,26.92,1341651
2016-09-20,26.99,27.8,26.63,27.51,2434520
2016-09-21,27.91,28.82,27.71,28.78,2270744
2016-09-22,29.0,29.36,27.95,28.01,3449527
2016-09-23,28.23,28.26,26.53,26.92,2541229
2016-09-26,27.38,27.39,26.83,27.14,1843002
2016-09-27,25.2,25.5,24.86,25.0,24205165
2016-09-28,25.29,25.65,24.56,25.25,10166269
2016-09-29,25.42,25.55,24.49,25.13,11260864
2016-09-30,25.31,26.52,25.07,26.11,7059484
2016-10-03,26.38,26.78,25.74,26.67,4522598
2016-10-04,26.73,27.06,26.29,26.66,3830866
2016-10-05,27.04,27.15,26.33,26.8,2908655
2016-10-06,27.02,27.33,26.62,27.02,4761050
2016-10-07,27.24,27.71,26.78,27.38,6352077
2016-10-10,27.63,27.75,27.34,27.36,4199436
2016-10-11,27.4,27.55,26.97,27.34,5279459
2016-10-12,27.18,27.88,26.9,27.82,3318998
2016-10-13,27.17,27.68,26.65,27.29,3601476
2016-10-14,27.25,27.59,25.91,25.98,4448166
2016-10-17,26.08,26.14,25.28,25.34,4423344
2016-10-18,25.88,26.44,24.72,25.5,4074676
2016-10-19,25.63,25.69,24.96,25.03,3449750
2016-10-20,24.71,25.5,24.53,25.24,4361915
2016-10-21,25.08,25.11,24.07,24.17,2793564
2016-10-24,24.11,24.11,23.12,23.44,4503234
2016-10-25,23.26,23.57,23.01,23.05,3738017
2016-10-26,22.71,22.88,21.73,22.68,7479621
2016-10-27,22.89,23.64,22.83,23.33,4073506
2016-10-28,23.21,23.96,22.89,23.14,6350291
2016-10-31,23.02,23.08,22.04,22.09,5827161
2016-11-01,22.29,22.47,21.65,22.11,3844899
2016-11-02,21.79,22.18,21.33,21.66,4737641
2016-11-03,21.74,21.88,21.09,21.74,4170451
2016-11-04,21.68,22.22,21.67,21.86,3114658
2016-11-07,22.51,22.82,22.26,22.59,4328348
2016-11-08,21.98,22.6,21.49,21.52,5346007
2016-11-09,21.57,23.03,20.76,22.98,8088654
2016-11-10,22.8,23.43,21.99,22.06,4392988
2016-11-11,21.4,22.46,21.4,22.13,2407782
2016-11-14,22.23,23.06,22.0,23.0,3853481
2016-11-15,23.22,24.42,23.22,23.96,3840665
2016-11-16,23.89,24.5,23.7,24.01,3175959
2016-11-17,24.23,24.44,23.24,23.25,2788066
2016-11-18,23.92,24.12,23.43,24.01,3117789
2016-11-21,24.82,25.31,24.72,25.24,3801131
2016-11-22,25.19,25.34,24.57,25.07,2785164
2016-11-23,24.76,25.85,24.68,25.76,2141628
2016-11-25,25.61,25.75,25.37,25.68,697215
2016-11-28,26.35,26.42,25.39,25.44,4201212
2016-11-29,24.72,25.25,24.42,24.83,3757558
2016-11-30,26.4,26.85,23.92,24.35,6372600
2016-12-01,25.06,25.87,24.7,25.0,4563187
2016-12-02,24.87,25.55,24.64,24.71,3952428
2016-12-05,25.15,25.81,25.01,25.29,3317012
2016-12-06,25.12,25.56,24.69,24.75,3163549
2016-12-07,24.78,25.33,24.3,24.59,3660722
2016-12-08,25.08,25.19,24.17,24.86,3421399
2016-12-09,25.08,25.29,24.65,24.69,2637542
2016-12-12,24.87,25.0,22.36,22.45,6298935
2016-12-13,23.21,23.21,22.05,22.24,5596448
2016-12-14,21.94,22.36,20.97,21.02,6523930
2016-12-15,20.76,21.5,20.38,20.93,5912375
2016-12-16,21.39,21.4,20.4,20.55,6125882
2016-12-19,20.73,21.32,20.67,21.12,4145061
2016-12-20,20.96,21.34,20.84,20.99,3650712
2016-12-21,21.31,21.92,21.07,21.41,3297054
2016-12-22,21.38,22.0,21.3,21.73,6350501
2016-12-23,21.69,22.06,21.61,21.93,2933756
2016-12-27,21.95,22.0,21.61,21.89,2677029
2016-12-28,21.88,22.02,21.4,21.96,3706757
2016-12-29,21.86,22.16,21.34,21.41,3305915
2016-12-30,21.32,21.71,21.2,21.35,2529025
2017-01-03,21.19,21.28,19.57,20.41,7437369
2017-01-04,20.29,21.01,20.21,20.85,4448071
2017-01-05,21.02,21.4,20.6,21.0,3662810
2017-01-06,21.16,21.27,20.72,21.05,2583063
2017-01-09,20.72,20.83,19.94,20.05,3765809
2017-01-10,20.44,20.57,19.93,20.3,3246359
2017-01-11,20.43,20.63,20.11,20.63,2909953
2017-01-12,20.9,21.07,20.41,20.72,2628284
2017-01-13,20.65,21.08,20.52,20.57,2180367
2017-01-17,20.73,20.79,20.41,20.63,2427427
2017-01-18,20.34,21.03,20.26,20.83,1682664
2017-01-19,20.88,21.18,20.69,20.98,3609771
2017-01-20,21.2,21.22,20.62,20.64,2098375
2017-01-23,20.59,20.84,20.32,20.47,3487619
2017-01-24,21.47,21.71,20.94,21.52,3867817
2017-01-25,21.45,21.77,21.2,21.73,2460008
2017-01-26,21.98,22.62,21.86,22.09,6613897
2017-01-27,21.51,21.94,21.29,21.82,3398716
2017-01-30,21.36,21.36,20.43,20.98,4342939
2017-01-31,20.55,20.69,19.8,19.83,6008942
2017-02-01,20.34,20.34,19.11,19.35,7412533
2017-02-02,19.31,20.28,19.23,20.26,4182667
2017-02-03,20.24,21.2,20.21,21.02,6933864
2017-02-06,21.38,21.8,20.95,21.18,3295229
2017-02-07,21.26,21.58,20.92,21.3,3941688
2017-02-08,20.88,21.33,20.73,21.07,2958617
2017-02-09,21.41,21.71,20.99,21.7,2833067
2017-02-10,21.7,21.88,21.4,21.46,3190613
2017-02-13,21.41,21.55,20.72,20.79,3433982
2017-02-14,20.86,21.34,20.48,21.28,3220998
2017-02-15,21.35,21.59,21.1,21.12,2436962
2017-02-16,21.14,21.24,20.08,20.11,2663579
2017-02-17,20.02,20.21,19.85,19.98,1924580
2017-02-21,19.76,20.32,19.7,19.82,3706468
2017-02-22,19.68,19.96,19.44,19.54,4037154
2017-02-23,20.04,20.98,18.96,19.62,8193246
2017-02-24,19.4,19.41,18.53,18.62,8068181
2017-02-27,18.57,18.77,18.3,18.6,6833128
2017-02-28,18.47,18.82,18.38,18.65,3476977
2017-03-01,18.94,19.97,18.82,19.8,4514837
2017-03-02,19.63,19.9,19.4,19.52,3947105
2017-03-03,19.72,20.12,19.53,19.98,3281063
2017-03-06,20.3,21.11,20.08,20.85,4268673
2017-03-07,20.91,21.26,20.54,20.6,3933700
2017-03-08,20.89,20.94,19.96,20.14,4773427
2017-03-09,20.14,20.41,19.54,20.21,4000527
2017-03-10,20.44,20.61,19.83,20.05,3621551
2017-03-13,20.28,20.75,20.11,20.46,3097480
2017-03-14,20.24,20.5,19.89,20.39,3745330
2017-03-15,20.64,21.36,20.29,21.28,4463852
2017-03-16,20.94,21.39,20.82,20.87,3441236
2017-03-17,21.07,21.16,20.64,20.86,2793998
2017-03-20,20.77,21.27,20.44,21.23,2536756
2017-03-21,21.3,21.35,20.79,20.9,2606295
2017-03-22,20.62,20.83,20.26,20.26,2167783
2017-03-23,20.3,21.05,20.2,20.82,4752065
2017-03-24,20.85,21.51,20.77,21.26,2854682
2017-03-27,20.84,22.1,20.79,22.02,5005788
2017-03-28,22.02,22.65,21.71,22.56,8228602
2017-03-29,22.63,23.73,22.63,23.27,5677243
2017-03-30,23.53,23.67,22.9,23.02,6534795
2017-03-31,22.87,23.92,22.75,23.7,6353414
2017-04-03,23.22,23.95,22.98,23.38,3920916
2017-04-04,23.52,23.75,23.2,23.73,3102388
2017-04-05,24.16,24.31,23.07,23.21,4538367
2017-04-06,23.39,23.66,23.17,23.51,2857467
2017-04-07,23.51,23.76,23.3,23.46,3161110
2017-04-10,23.63,23.7,23.49,23.64,2578800
2017-04-11,23.58,23.61,22.84,23.53,4167000
2017-04-12,23.43,23.56,22.83,23.0,4108146
2017-04-13,23.1,23.15,22.53,22.6,2819598
2017-04-17,22.56,22.92,22.48,22.91,2811324
2017-04-18,22.43,23.38,22.43,22.72,3456561
2017-04-19,22.9,23.08,22.42,22.52,2287825
2017-04-20,22.5,22.96,22.5,22.78,2442746
2017-04-21,22.63,22.91,22.46,22.81,3172139
2017-04-24,23.05,23.24,22.1,22.41,5891939
2017-04-25,22.39,22.51,21.78,22.44,7359358
2017-04-26,22.25,22.98,22.08,22.22,6350757
2017-04-27,21.88,22.08,21.5,21.86,3128104
2017-04-28,22.17,22.17,21.26,21.29,2725580
2017-05-01,21.27,21.63,21.17,21.46,3004867
2017-05-02,21.46,22.1,21.36,21.61,4414091
2017-05-03,21.5,21.86,21.0,21.61,4973167
2017-05-04,21.34,21.34,19.45,20.6,11257890
2017-05-05,20.74,21.87,20.6,21.84,4942101
2017-05-08,21.94,22.07,21.29,21.68,3812937
2017-05-09,21.71,21.77,21.06,21.32,4185581
2017-05-10,21.7,22.2,21.45,22.02,2914924
2017-05-11,22.08,22.56,21.92,22.5,3561095
2017-05-12,22.5,23.16,22.44,22.67,6022692
2017-05-15,23.18,23.18,22.39,22.47,2776119
2017-05-16,22.47,22.47,21.88,21.93,2528223
2017-05-17,21.77,22.0,21.0,21.16,4000355
2017-05-18,21.03,21.26,20.78,21.18,2610650
2017-05-19,21.35,21.58,20.83,21.52,3039860
2017-05-22,21.71,21.82,21.23,21.42,2219316
2017-05-23,21.42,21.56,21.16,21.2,2874029
2017-05-24,21.15,21.37,20.39,20.68,2568993
2017-05-25,20.47,21.15,20.26,20.47,2436900
2017-05-26,20.47,20.8,20.26,20.6,1777433
2017-05-30,20.28,20.41,19.94,20.04,2272713
2017-05-31,19.81,20.18,19.64,20.0,3284218
2017-06-01,19.99,20.32,19.88,20.08,2442230
2017-06-02,19.92,20.05,19.38,19.75,4601316
2017-06-05,19.57,19.64,19.26,19.5,3223782
2017-06-06,19.51,20.06,19.39,19.83,2619581
2017-06-07,19.7,20.03,19.24,19.37,4488152
2017-06-08,19.28,19.84,19.19,19.54,3124425
2017-06-09,19.6,20.31,19.27,20.23,5892207
2017-06-12,20.4,20.84,20.12,20.48,3313871
2017-06-13,20.51,20.79,20.39,20.61,2492448
2017-06-14,20.48,20.48,19.66,19.99,3356987
2017-06-15,19.93,20.08,19.51,19.72,4175857
2017-06-16,19.84,19.89,19.44,19.69,3161741
2017-06-19,25.32,25.52,24.45,24.57,66851813
2017-06-20,24.61,24.62,23.89,24.13,27731547
2017-06-21,24.19,24.26,23.17,23.59,30867282
2017-06-22,23.75,24.2,23.39,24.03,23515109
2017-06-23,24.11,25.68,24.03,25.65,9894366
2017-06-26,25.62,26.63,25.51,26.42,9757173
2017-06-27,26.3,26.62,26.11,26.44,13530005
2017-06-28,26.5,26.96,26.45,26.59,6735518
2017-06-29,26.82,26.93,26.43,26.79,3446297
2017-06-30,26.95,27.01,26.55,26.63,3904772
2017-07-03,24.65,25.99,24.65,25.66,13501650
2017-07-05,25.72,26.06,25.45,25.87,7322140
2017-07-06,26.03,26.11,25.15,25.27,13375382
2017-07-07,25.19,25.35,24.87,25.28,3588896
2017-07-10,25.1,25.81,25.02,25.7,4457747
2017-07-11,25.77,26.29,25.58,25.95,7931854
2017-07-12,26.11,26.34,25.81,26.1,7350621
2017-07-13,26.12,26.36,25.91,26.24,2955350
2017-07-14,26.38,26.55,26.22,26.5,3430585
2017-07-17,26.5,26.86,26.46,26.6,2778263
2017-07-18,26.8,26.8,25.99,26.34,3183550
2017-07-19,26.37,26.88,26.28,26.77,7420233
2017-07-20,26.97,27.18,26.65,26.67,7701814
2017-07-21,26.69,27.62,26.66,27.24,6688735
2017-07-24,27.32,27.68,27.17,27.3,3806520
2017-07-25,27.58,27.93,27.34,27.59,8366027
2017-07-26,27.72,27.86,27.38,27.78,2962496
2017-07-27,27.89,29.28,27.42,29.08,8840238
2017-07-28,28.92,29.55,28.77,28.9,8518475
2017-07-31,,,27.81,27.97,5768636
2017-08-01,28.09,28.17,27.77,28.04,2380522
