Date,Open,High,Low,Close,Volume
2015-03-02,15.25,15.4,15.2,15.26,2967
2015-03-03,15.29,15.31,14.96,15.19,12632
2015-03-04,15.17,15.3,14.54,14.75,19497
2015-03-05,14.75,14.84,14.75,14.81,4431
2015-03-06,14.8,15.04,14.53,14.75,10873
2015-03-09,14.57,14.99,14.2,14.28,30155
2015-03-10,14.16,14.16,13.88,14.02,17595
2015-03-11,13.93,14.21,13.8,13.85,21184
2015-03-12,13.86,14.06,13.72,13.99,14073
2015-03-13,14.0,14.08,13.85,14.0,13113
2015-03-16,14.15,14.5,13.62,13.76,18650
2015-03-17,13.58,14.08,13.58,13.8,17560
2015-03-18,13.89,14.15,13.89,14.0,7840
2015-03-19,14.13,14.25,13.99,14.21,7433
2015-03-20,14.25,14.25,13.85,13.85,9584
2015-03-23,13.95,14.05,13.9,14.04,6683
2015-03-24,14.04,14.05,13.75,13.79,8922
2015-03-25,13.81,13.96,13.51,13.64,12135
2015-03-26,13.7,14.05,13.7,13.85,7703
2015-03-27,13.92,13.92,13.55,13.63,14527
2015-03-30,13.52,13.71,13.31,13.42,21122
2015-03-31,13.39,13.97,13.39,13.97,6453
2015-04-01,13.93,13.93,13.75,13.9,7480
2015-04-02,14.03,14.28,13.92,14.09,9820
2015-04-06,13.95,14.05,13.78,13.81,16731
2015-04-07,13.91,14.11,13.91,13.95,8097
2015-04-08,13.95,14.11,13.85,14.04,12730
2015-04-09,14.04,14.04,13.87,13.92,4654
2015-04-10,13.91,14.14,13.78,13.85,4568
2015-04-13,13.96,14.16,13.78,13.91,11424
2015-04-14,14.05,14.05,13.82,13.91,6984
2015-04-15,13.99,14.0,13.75,13.86,7100
2015-04-16,13.92,14.08,13.8,13.93,16955
2015-04-17,13.8,14.04,13.64,13.71,9085
2015-04-20,13.84,13.84,13.26,13.37,19398
2015-04-21,13.36,13.68,13.23,13.4,15041
2015-04-22,13.55,13.76,13.26,13.51,9301
2015-04-23,13.4,13.71,12.98,12.98,23100
2015-04-24,13.18,13.19,12.93,13.15,12487
2015-04-27,13.06,13.12,12.96,13.0,18395
2015-04-28,12.96,13.08,12.96,12.97,13513
2015-04-29,12.97,13.08,12.65,12.93,21913
2015-04-30,12.88,12.99,12.75,12.75,6351
2015-05-01,12.75,12.96,12.75,12.88,3792
2015-05-04,12.82,12.94,12.82,12.86,2913
2015-05-05,12.82,12.88,12.81,12.88,4218
2015-05-06,12.86,12.89,12.81,12.81,3679
2015-05-07,12.87,12.97,12.77,12.77,24839
2015-05-08,12.82,12.85,12.68,12.83,8418
2015-05-11,12.83,13.0,12.65,12.83,8341
2015-05-12,13.08,13.08,12.79,12.85,16947
2015-05-13,12.91,12.96,12.83,12.85,11967
2015-05-14,12.85,13.13,12.84,13.01,8664
2015-05-15,12.96,13.05,12.84,13.04,2121
2015-05-18,12.95,12.95,12.78,12.83,10926
2015-05-19,12.96,13.64,12.92,13.64,11212
2015-05-20,13.63,13.7,13.31,13.51,8308
2015-05-21,13.26,13.73,12.88,13.02,10788
2015-05-22,13.05,13.7,13.05,13.43,10453
2015-05-26,13.5,13.5,13.07,13.25,2112
2015-05-27,13.1,13.49,13.03,13.04,6111
2015-05-28,13.0,13.25,13.0,13.11,6551
2015-05-29,13.11,13.15,12.91,13.11,9957
2015-06-01,13.16,13.18,13.08,13.18,1711
2015-06-02,13.19,13.39,12.86,12.91,6550
2015-06-03,13.24,13.24,12.9,13.11,7065
2015-06-04,13.11,13.15,12.79,12.81,12051
2015-06-05,12.96,12.96,12.8,12.93,3747
2015-06-08,12.85,13.3,12.82,13.03,14496
2015-06-09,13.0,13.28,13.0,13.05,3658
2015-06-10,13.08,13.3,13.08,13.25,1785
2015-06-11,13.16,13.24,13.11,13.11,1464
2015-06-12,13.24,13.25,13.08,13.21,3811
2015-06-15,13.19,13.19,13.08,13.13,3400
2015-06-16,13.15,13.22,12.91,12.92,9284
2015-06-17,12.98,13.1,12.82,13.09,14380
2015-06-18,13.1,13.33,12.87,12.94,9784
2015-06-19,13.19,13.3,12.9,13.3,8587
2015-06-22,13.05,13.24,13.0,13.03,8470
2015-06-23,12.93,13.2,12.93,12.96,4819
2015-06-24,13.11,13.3,13.0,13.07,8366
2015-06-25,13.1,13.28,13.1,13.15,962
2015-06-26,13.25,13.28,13.08,13.08,8527
2015-06-29,12.99,13.28,12.98,13.1,14641
2015-06-30,13.27,13.28,13.13,13.17,1011
2015-07-01,13.23,13.23,13.1,13.11,2906
2015-07-02,13.17,13.26,12.95,12.98,2814
2015-07-06,12.95,13.18,12.93,12.97,6876
2015-07-07,13.3,13.3,12.91,12.95,3615
2015-07-08,12.93,13.01,12.9,12.9,4766
2015-07-09,12.85,13.21,12.85,12.97,4529
2015-07-10,13.29,13.29,13.0,13.0,3081
2015-07-13,13.0,13.22,13.0,13.07,2957
2015-07-14,13.0,13.01,12.87,12.99,8178
2015-07-15,12.99,12.99,12.93,12.94,3308
2015-07-16,12.99,13.14,12.82,13.14,8047
2015-07-17,13.18,13.18,12.79,13.0,8182
2015-07-20,12.95,12.95,12.78,12.93,13692
2015-07-21,12.79,12.93,12.75,12.87,6698
2015-07-22,12.85,12.99,12.76,12.94,8211
2015-07-23,12.94,12.95,12.63,12.64,13378
2015-07-24,12.75,12.9,12.68,12.8,26038
2015-07-27,12.75,12.95,12.67,12.9,16112
2015-07-28,12.9,13.0,12.86,12.86,8861
2015-07-29,12.8,12.99,12.74,12.99,17838
2015-07-30,12.86,12.99,12.81,12.93,6096
2015-07-31,12.97,12.98,12.89,12.98,7456
2015-08-03,12.95,13.03,12.9,12.92,7318
2015-08-04,12.96,13.03,12.8,12.83,62727
2015-08-05,12.85,12.85,12.63,12.76,6337
2015-08-06,12.65,12.75,12.15,12.31,11901
2015-08-07,12.5,12.81,12.5,12.8,14487
2015-08-10,12.8,12.98,12.38,12.65,8394
2015-08-11,12.65,12.65,12.32,12.45,10999
2015-08-12,12.39,12.45,12.38,12.43,2392
2015-08-13,12.48,12.54,12.46,12.46,1020
2015-08-14,12.44,12.45,12.32,12.4,10049
2015-08-17,12.5,12.5,12.32,12.44,3223
2015-08-18,12.36,12.4,12.36,12.4,802
2015-08-19,12.45,12.77,12.35,12.58,8262
2015-08-20,12.52,12.73,12.31,12.39,8801
2015-08-21,12.31,12.4,12.19,12.19,5214
2015-08-24,12.05,12.06,12.05,11.9,20153
2015-08-25,12.1,12.29,12.1,12.22,3848
2015-08-26,12.41,12.49,11.56,11.56,22158
2015-08-27,11.88,12.49,11.6,11.68,26471
2015-08-28,11.63,11.88,11.57,11.87,9680
2015-08-31,11.92,12.13,11.77,11.97,9769
2015-09-01,11.75,11.92,11.69,11.7,10119
2015-09-02,11.6,11.87,11.57,11.7,7794
2015-09-03,12.08,12.08,11.78,11.99,8158
2015-09-04,11.95,12.06,11.7,11.7,11961
2015-09-08,11.85,12.0,11.8,11.99,5401
2015-09-09,11.87,12.0,11.56,11.9,6776
2015-09-10,11.77,11.99,11.77,11.99,4968
2015-09-11,12.09,12.15,11.82,12.15,4171
2015-09-14,12.3,12.35,12.08,12.27,7594
2015-09-15,12.35,12.35,11.64,12.05,9790
2015-09-16,12.01,12.24,11.95,12.13,9547
2015-09-17,12.02,12.18,12.0,12.1,3859
2015-09-18,12.0,12.3,11.97,12.1,18750
2015-09-21,12.07,12.08,11.91,11.91,6730
2015-09-22,11.91,11.97,11.56,11.56,6736
2015-09-23,11.69,11.77,11.68,11.7,10450
2015-09-24,11.58,11.88,11.5,11.88,6022
2015-09-25,12.0,12.0,11.56,11.6,8760
2015-09-28,11.57,11.76,11.5,11.56,9262
2015-09-29,11.52,11.76,11.49,11.5,6381
2015-09-30,11.5,11.65,11.04,11.25,7497
2015-10-01,11.2,11.75,11.2,11.75,22860
2015-10-02,11.66,11.99,11.42,11.77,2546
2015-10-05,11.83,12.0,11.28,11.55,3394
2015-10-06,11.66,11.99,11.2,11.43,18698
2015-10-07,11.2,11.94,11.2,11.42,14099
2015-10-08,11.5,11.6,11.41,11.51,13214
2015-10-09,11.65,11.99,11.52,11.72,21886
2015-10-12,11.82,12.0,11.73,11.81,14950
2015-10-13,11.51,12.16,11.2,11.59,10953
2015-10-14,11.52,11.76,11.27,11.53,7652
2015-10-15,11.69,11.69,11.39,11.51,7692
2015-10-16,11.44,11.5,11.31,11.43,10255
2015-10-19,11.35,11.52,11.2,11.27,23078
2015-10-20,11.26,11.35,11.2,11.3,28302
2015-10-21,11.24,11.4,11.12,11.12,35948
2015-10-22,11.13,11.21,11.04,11.05,28663
2015-10-23,11.2,11.2,11.02,11.12,17923
2015-10-26,11.12,11.14,11.07,11.14,7283
2015-10-27,11.08,11.18,10.91,10.91,25122
2015-10-28,10.92,11.1,10.88,10.93,12260
2015-10-29,10.88,11.05,10.88,10.9,39004
2015-10-30,11.0,11.09,10.93,11.09,19095
2015-11-02,11.04,11.18,10.85,10.93,25720
2015-11-03,10.92,10.99,10.89,10.99,10142
2015-11-04,10.99,10.99,10.86,10.98,8705
2015-11-05,10.91,10.98,10.85,10.96,8766
2015-11-06,11.0,11.0,10.86,10.9,5113
2015-11-09,10.85,10.89,10.75,10.88,8480
2015-11-10,10.87,10.97,10.8,10.95,4870
2015-11-11,10.99,10.99,10.8,10.88,4522
2015-11-12,10.82,10.97,10.76,10.93,3140
2015-11-13,10.89,10.98,10.78,10.94,11457
2015-11-16,10.85,10.99,10.78,10.78,5023
2015-11-17,10.77,10.88,10.75,10.75,7403
2015-11-18,10.92,11.07,10.82,11.01,6927
2015-11-19,10.9,11.03,10.85,10.93,6398
2015-11-20,10.99,11.14,10.95,11.03,7332
2015-11-23,11.1,11.15,11.06,11.07,3682
2015-11-24,11.02,11.15,11.0,11.06,10816
2015-11-25,11.0,11.14,10.95,11.12,5678
2015-11-30,11.04,11.14,10.91,10.96,6906
2015-12-01,10.96,11.05,10.77,10.82,6478
2015-12-02,10.76,10.95,10.76,10.88,6833
2015-12-03,10.92,10.93,10.5,10.51,13621
2015-12-04,10.55,10.62,10.46,10.51,16039
2015-12-07,9.3,10.94,9.3,10.32,24359
2015-12-08,10.85,10.85,9.96,10.11,9741
2015-12-09,10.02,10.31,10.02,10.08,11635
2015-12-10,10.1,10.15,10.04,10.11,3407
2015-12-11,10.24,10.44,10.04,10.38,11214
2015-12-14,10.55,10.86,10.2,10.21,10998
2015-12-15,10.3,10.73,10.23,10.29,8549
2015-12-16,10.41,10.7,10.3,10.3,7673
2015-12-17,10.3,10.72,10.21,10.21,8561
2015-12-18,10.24,10.4,10.1,10.39,11431
2015-12-21,10.5,10.73,10.25,10.36,6216
2015-12-22,10.49,10.66,10.27,10.66,6127
2015-12-23,10.54,11.0,10.25,10.8,30223
2015-12-24,10.99,10.99,10.46,10.74,3785
2015-12-28,10.89,10.89,10.27,10.32,18997
2015-12-29,10.25,10.5,10.01,10.5,31405
2015-12-30,10.51,10.67,10.32,10.38,9835
2015-12-31,10.4,10.78,10.37,10.75,7825
2016-01-04,10.78,10.78,10.33,10.64,11088
2016-01-05,10.77,10.77,10.56,10.7,4766
2016-01-06,10.51,10.79,10.31,10.79,16544
2016-01-07,10.52,10.73,10.49,10.71,6987
2016-01-08,10.79,10.79,10.3,10.37,17027
2016-01-11,10.55,10.55,10.25,10.52,9948
2016-01-12,10.33,10.79,10.33,10.75,7961
2016-01-13,10.73,10.76,10.44,10.66,15719
2016-01-14,10.77,10.78,10.01,10.01,66520
2016-01-15,10.25,10.25,9.53,9.62,35871
2016-01-19,10.55,10.55,9.52,10.02,17204
2016-01-20,9.68,10.53,9.68,10.49,15747
2016-01-21,10.62,10.62,10.15,10.47,17288
2016-01-22,10.5,10.9,10.5,10.61,11941
2016-01-25,10.59,10.81,10.21,10.48,11896
2016-01-26,10.4,10.97,10.34,10.64,13740
2016-01-27,10.72,10.74,10.55,10.65,4748
2016-01-28,10.74,10.84,10.5,10.57,4536
2016-01-29,10.43,10.7,10.43,10.46,16021
2016-02-01,10.63,10.95,10.29,10.63,28787
2016-02-02,10.62,10.99,10.37,10.5,20110
2016-02-03,10.74,10.81,10.34,10.5,15187
2016-02-04,10.54,10.54,10.26,10.34,7367
2016-02-05,10.51,10.51,9.83,10.19,3092
2016-02-08,10.22,10.4,9.85,9.97,12086
2016-02-09,9.9,9.95,9.85,9.88,6851
2016-02-10,9.97,10.22,9.79,9.92,8837
2016-02-11,9.85,9.86,9.75,9.8,9995
2016-02-12,9.82,9.94,9.7,9.8,6207
2016-02-16,9.78,10.78,9.78,10.75,20710
2016-02-17,10.59,10.88,10.32,10.69,16554
2016-02-18,10.75,10.75,10.36,10.6,10158
2016-02-19,10.57,10.57,10.32,10.41,5463
2016-02-22,10.4,10.56,10.23,10.25,12104
2016-02-23,10.25,10.46,10.25,10.43,844
2016-02-24,10.31,10.35,9.88,10.21,4431
2016-02-25,10.13,10.36,10.01,10.16,3384
2016-02-26,10.14,10.61,10.14,10.29,17322
2016-02-29,10.34,10.42,10.24,10.31,3539
2016-03-01,10.41,10.56,10.15,10.21,14429
2016-03-02,10.36,10.38,10.22,10.22,8164
2016-03-03,10.2,10.39,10.2,10.21,8102
2016-03-04,10.14,10.35,10.14,10.25,4941
2016-03-07,10.2,10.41,10.16,10.25,7068
2016-03-08,10.24,10.49,10.24,10.32,10930
2016-03-09,10.55,10.69,10.1,10.11,8556
2016-03-10,10.25,10.25,9.96,10.01,6366
2016-03-11,10.14,10.3,10.01,10.08,7663
2016-03-14,10.0,10.27,10.0,10.04,7130
2016-03-15,10.14,10.28,9.96,10.05,5078
2016-03-16,10.21,10.21,9.97,10.03,3900
2016-03-17,9.96,10.09,9.96,9.98,13037
2016-03-18,9.98,10.03,9.95,9.95,13521
2016-03-21,10.0,10.05,9.95,9.96,3315
2016-03-22,9.95,10.1,9.94,9.96,10223
2016-03-23,9.95,10.05,9.95,9.95,8426
2016-03-24,9.95,10.01,9.95,9.96,5722
2016-03-28,9.97,10.08,9.95,10.02,28360
2016-03-29,10.06,10.25,10.0,10.17,11626
2016-03-30,10.31,10.5,10.19,10.29,4175
2016-03-31,10.3,10.38,10.11,10.17,4231
2016-04-01,10.16,10.37,10.03,10.07,9257
2016-04-04,10.04,10.15,10.0,10.01,5604
2016-04-05,10.0,10.17,9.99,10.09,7123
2016-04-06,10.01,10.19,10.01,10.18,6977
2016-04-07,10.17,10.17,10.02,10.05,4243
2016-04-08,10.02,10.18,10.0,10.18,5713
2016-04-11,10.19,10.25,10.04,10.1,9435
2016-04-12,10.25,10.25,10.0,10.16,10518
2016-04-13,10.25,10.25,10.12,10.13,1164
2016-04-14,10.1,10.19,10.01,10.14,4425
2016-04-15,10.15,10.15,10.0,10.01,8287
2016-04-18,10.03,10.1,9.9,9.91,13131
2016-04-19,9.92,10.04,9.85,9.92,9103
2016-04-20,9.87,9.92,9.85,9.87,9017
2016-04-21,9.85,9.9,9.85,9.88,4671
2016-04-22,9.86,9.99,9.86,9.9,12735
2016-04-25,9.99,10.0,9.84,9.94,31102
2016-04-26,9.96,10.0,9.92,9.99,8389
2016-04-27,10.0,10.0,9.85,9.99,8419
2016-04-28,9.98,10.0,9.96,10.0,7299
2016-04-29,9.99,10.07,9.88,10.07,9005
2016-05-02,10.1,10.22,10.04,10.16,8107
2016-05-03,10.24,10.24,10.2,10.23,4205
2016-05-04,10.19,10.25,10.19,10.2,12087
2016-05-05,10.24,10.25,10.16,10.25,13212
2016-05-06,10.24,10.24,10.19,10.19,1018
2016-05-09,10.24,10.25,10.16,10.24,4034
2016-05-10,10.24,10.25,10.22,10.22,4051
2016-05-11,10.15,10.23,10.15,10.2,3691
2016-05-12,10.2,10.2,10.03,10.03,4724
2016-05-13,10.02,10.05,9.95,9.95,5920
2016-05-16,9.98,10.18,9.92,9.92,5517
2016-05-17,9.98,10.07,9.98,10.01,6494
2016-05-18,10.05,10.05,9.95,10.0,11258
2016-05-19,10.0,10.0,9.95,9.95,2710
2016-05-20,10.0,10.03,9.96,9.96,4973
2016-05-23,9.98,10.0,9.98,10.0,12321
2016-05-24,10.05,10.05,9.95,9.96,21948
2016-05-25,9.98,10.08,9.97,9.99,6241
2016-05-26,9.99,10.15,9.95,10.08,7941
2016-05-27,10.08,10.08,10.03,10.04,19411
2016-05-31,9.99,10.04,9.97,9.97,26484
2016-06-01,9.95,10.0,9.95,9.98,16875
2016-06-02,10.0,10.05,10.0,10.02,49997
2016-06-03,9.91,10.17,9.8,9.92,61635
2016-06-06,9.94,10.0,9.91,9.98,22911
2016-06-07,9.98,9.98,9.87,9.94,26044
2016-06-08,9.89,9.95,9.76,9.76,24645
2016-06-09,9.92,9.92,9.71,9.71,7876
2016-06-10,9.7,9.71,9.5,9.54,22830
2016-06-13,9.58,9.6,9.5,9.54,21406
2016-06-14,9.5,9.86,9.5,9.74,12832
2016-06-15,9.71,10.08,9.62,10.0,47125
2016-06-16,9.95,10.21,9.95,10.1,12354
2016-06-17,10.17,10.24,9.94,10.18,11076
2016-06-20,10.24,10.24,10.0,10.1,14290
2016-06-21,10.14,10.15,9.95,9.95,12447
2016-06-22,9.99,10.12,9.81,9.86,8970
2016-06-23,10.01,10.01,9.75,9.76,7526
2016-06-24,9.95,9.95,9.59,9.8,31977
2016-06-27,9.64,9.69,9.56,9.58,26285
2016-06-28,9.75,9.88,9.62,9.76,29333
2016-06-29,9.81,10.05,9.78,9.99,17778
2016-06-30,10.05,10.22,10.01,10.15,20300
2016-07-01,10.23,10.25,10.15,10.15,11743
2016-07-05,10.09,10.23,10.05,10.13,7145
2016-07-06,10.1,10.23,10.1,10.22,14100
2016-07-07,10.19,10.23,10.08,10.1,12018
2016-07-08,10.04,10.25,10.04,10.12,26068
2016-07-11,10.25,10.76,10.19,10.66,27457
2016-07-12,10.85,10.85,10.01,10.25,57118
2016-07-13,10.27,10.56,10.26,10.52,10883
2016-07-14,10.44,10.46,10.33,10.43,11995
2016-07-15,10.39,10.43,10.32,10.4,10498
2016-07-18,10.4,10.41,10.25,10.26,13469
2016-07-19,10.27,10.36,10.2,10.26,4294
2016-07-20,10.1,10.24,10.0,10.0,14029
2016-07-21,10.01,10.1,10.0,10.0,19631
2016-07-22,10.07,10.07,9.91,9.91,13261
2016-07-25,9.99,9.99,9.93,9.99,5200
2016-07-26,9.95,10.0,9.92,9.96,6504
2016-07-27,10.0,10.11,9.99,10.01,10062
2016-07-28,9.99,10.3,9.95,10.17,18283
2016-07-29,10.36,10.61,10.31,10.61,33701
2016-08-01,10.65,10.75,10.56,10.63,10632
2016-08-02,10.13,10.49,10.13,10.33,7535
2016-08-03,10.29,10.52,10.12,10.16,12352
2016-08-04,10.19,10.36,10.18,10.18,2753
2016-08-05,10.22,10.23,10.0,10.03,7227
2016-08-08,10.11,10.11,10.06,10.06,10626
2016-08-09,10.06,10.14,10.0,10.02,4924
2016-08-10,10.08,10.14,9.97,9.97,9744
2016-08-11,9.98,10.02,9.97,9.98,6810
2016-08-12,10.0,10.41,9.97,10.41,27076
2016-08-15,10.23,10.62,10.23,10.62,16023
2016-08-16,10.5,10.56,10.39,10.41,22170
2016-08-17,10.3,10.51,10.26,10.51,24046
2016-08-18,10.52,10.73,10.52,10.73,9246
2016-08-19,10.64,10.8,10.64,10.75,13535
2016-08-22,10.75,10.83,10.74,10.82,2625
2016-08-23,10.83,10.84,10.75,10.76,6764
2016-08-24,10.75,10.9,10.69,10.79,17089
2016-08-25,10.83,10.98,10.7,10.74,12743
2016-08-26,10.86,10.91,10.8,10.85,10765
2016-08-29,10.91,11.0,10.79,10.98,12979
2016-08-30,11.0,11.28,10.88,10.92,25320
2016-08-31,11.0,11.1,10.84,10.95,14468
2016-09-01,10.88,10.92,10.75,10.82,4995
2016-09-02,10.83,10.97,10.77,10.84,11047
2016-09-06,10.88,10.95,10.8,10.82,8872
2016-09-07,10.79,10.88,10.63,10.63,13058
2016-09-08,10.7,10.84,10.5,10.56,3511
2016-09-09,10.5,10.88,10.38,10.44,10052
2016-09-12,10.39,10.42,10.35,10.39,27541
2016-09-13,10.4,10.65,10.15,10.31,53871
2016-09-14,10.38,10.54,10.32,10.39,4042
2016-09-15,10.26,10.4,10.1,10.1,11440
2016-09-16,10.2,10.4,10.11,10.11,3763
2016-09-19,10.14,10.74,10.08,10.19,18191
2016-09-20,10.25,10.25,10.12,10.16,6485
2016-09-21,10.2,10.23,10.13,10.2,4231
2016-09-22,10.2,10.27,10.15,10.17,5774
2016-09-23,10.2,10.35,10.18,10.22,14701
2016-09-26,10.24,10.35,10.24,10.3,5096
2016-09-27,10.34,10.56,10.34,10.5,10421
2016-09-28,10.57,10.58,10.38,10.38,1337
2016-09-29,10.33,10.48,10.33,10.46,3918
2016-09-30,10.46,10.5,10.42,10.47,5037
2016-10-03,10.5,10.5,10.36,10.42,4648
2016-10-04,10.45,10.5,10.37,10.38,1829
2016-10-05,10.35,10.5,10.22,10.36,8769
2016-10-06,10.21,10.5,10.05,10.25,11193
2016-10-07,10.29,10.4,10.19,10.39,4804
2016-10-10,10.49,10.78,10.45,10.65,17160
2016-10-11,10.75,10.75,10.35,10.5,27342
2016-10-12,10.69,10.7,10.35,10.51,5763
2016-10-13,10.58,10.68,10.58,10.61,11195
2016-10-14,10.51,10.51,10.32,10.5,7043
2016-10-17,10.47,10.47,10.33,10.35,8061
2016-10-18,10.52,10.52,10.35,10.35,4674
2016-10-19,10.4,10.4,10.28,10.28,2973
2016-10-20,10.17,10.28,10.07,10.19,13947
2016-10-21,10.22,10.23,10.15,10.15,5868
2016-10-24,10.28,10.28,10.1,10.13,8366
2016-10-25,10.07,10.09,10.05,10.07,3750
2016-10-26,10.12,10.24,10.05,10.24,10769
2016-10-27,10.22,10.36,10.11,10.36,10791
2016-10-28,10.35,10.35,10.07,10.15,8117
2016-10-31,10.35,10.35,10.08,10.2,11253
2016-11-01,10.23,10.29,10.22,10.24,14371
2016-11-02,10.21,10.21,10.08,10.09,7981
2016-11-03,10.06,10.24,10.01,10.09,7879
2016-11-04,10.08,10.14,9.96,9.97,42191
2016-11-07,10.04,10.04,9.9,9.9,22781
2016-11-08,9.92,9.96,9.88,9.93,14580
2016-11-09,9.79,9.94,9.78,9.8,10628
2016-11-10,9.8,9.94,9.78,9.8,17351
2016-11-11,9.82,9.91,9.75,9.75,14903
2016-11-14,9.84,9.84,9.65,9.72,20578
2016-11-15,9.75,10.0,9.74,9.99,22246
2016-11-16,10.0,10.2,10.0,10.18,9205
2016-11-17,10.2,10.21,9.87,9.97,8686
2016-11-18,9.99,10.24,9.8,9.92,11561
2016-11-21,9.95,10.19,9.95,10.15,15651
2016-11-22,10.03,10.15,10.0,10.1,6428
2016-11-23,9.99,10.15,9.99,10.13,10164
2016-11-25,10.1,10.15,9.89,10.06,12419
2016-11-28,10.08,10.15,10.03,10.03,3603
2016-11-29,10.08,10.2,10.06,10.2,9393
2016-11-30,10.2,10.22,10.14,10.17,3392
2016-12-01,10.16,10.24,10.01,10.08,16175
2016-12-02,10.04,10.2,10.03,10.06,5204
2016-12-05,10.13,10.25,9.98,10.0,9087
2016-12-06,10.0,10.05,9.96,10.03,7536
2016-12-07,10.09,10.1,10.01,10.03,5384
2016-12-08,10.0,10.2,10.0,10.11,16879
2016-12-09,10.17,10.17,10.0,10.1,23031
2016-12-12,10.16,10.24,10.1,10.2,9712
2016-12-13,10.24,10.24,10.11,10.24,9829
2016-12-14,10.25,10.25,10.0,10.0,21144
2016-12-15,10.0,10.23,10.0,10.22,20803
2016-12-16,10.23,10.4,10.18,10.37,22578
2016-12-19,10.29,10.37,10.25,10.31,9159
2016-12-20,10.26,10.34,10.26,10.34,11066
2016-12-21,10.35,10.35,10.26,10.32,4458
2016-12-22,10.34,10.43,10.33,10.36,20379
2016-12-23,10.33,10.44,10.33,10.44,4117
2016-12-27,10.33,10.42,10.25,10.25,9885
2016-12-28,10.25,10.41,9.98,10.01,52122
2016-12-29,10.06,10.24,10.03,10.12,14070
2016-12-30,10.11,10.23,10.02,10.19,9660
2017-01-03,10.23,10.3,9.95,9.99,35893
2017-01-04,10.02,10.14,9.95,10.03,29800
2017-01-05,10.04,10.17,9.99,10.13,8560
2017-01-06,10.16,10.2,10.02,10.2,14684
2017-01-09,10.24,10.27,10.18,10.25,14126
2017-01-10,10.3,10.35,10.22,10.29,14336
2017-01-11,10.34,10.34,10.27,10.29,8747
2017-01-12,10.33,10.64,10.3,10.64,36411
2017-01-13,10.59,10.94,10.5,10.93,26344
2017-01-17,10.95,11.8,10.92,11.79,61825
2017-01-18,11.79,12.17,11.79,11.98,35524
2017-01-19,11.9,11.99,11.35,11.5,21690
2017-01-20,11.66,11.77,11.59,11.75,15604
2017-01-23,11.75,11.75,11.46,11.74,17107
2017-01-24,11.72,11.72,11.52,11.58,4964
2017-01-25,11.6,11.6,11.34,11.41,21394
2017-01-26,11.46,11.46,10.9,11.16,37394
2017-01-27,11.09,11.23,10.95,11.05,8304
2017-01-30,11.1,11.11,10.76,10.9,22617
2017-01-31,10.93,11.0,10.89,10.96,11165
2017-02-01,10.92,10.95,10.92,10.92,7301
2017-02-02,10.96,11.0,10.92,10.97,14216
2017-02-03,10.95,10.97,10.91,10.95,11313
2017-02-06,10.94,10.98,10.92,10.96,12739
2017-02-07,11.0,11.0,10.75,10.78,29598
2017-02-08,10.8,10.8,10.71,10.75,12197
2017-02-09,10.71,10.75,10.67,10.75,9440
2017-02-10,10.75,10.85,10.74,10.75,25756
2017-02-13,10.75,10.98,10.75,10.98,7953
2017-02-14,10.98,10.98,10.91,10.95,5827
2017-02-15,10.96,11.37,10.96,11.05,16764
2017-02-16,11.34,11.44,10.96,11.44,9930
2017-02-17,11.41,11.44,11.18,11.43,8230
2017-02-21,11.32,11.42,11.11,11.2,47511
2017-02-22,11.17,11.2,10.9,11.19,15093
2017-02-23,11.1,11.13,11.01,11.02,5171
2017-02-24,11.0,11.0,10.95,10.98,17090
2017-02-27,10.96,11.15,10.96,11.1,11428
2017-02-28,11.1,11.1,10.87,10.87,12934
2017-03-01,10.88,11.12,10.88,11.05,14706
2017-03-02,11.08,11.14,11.08,11.11,7574
2017-03-03,11.05,11.15,11.0,11.14,10683
2017-03-06,11.15,11.21,11.12,11.16,4923
2017-03-07,11.18,11.27,11.16,11.23,12803
2017-03-08,11.27,11.28,11.07,11.26,11615
2017-03-09,11.24,11.28,11.15,11.19,10726
2017-03-10,11.38,11.38,11.27,11.34,23054
2017-03-13,11.38,11.66,11.34,11.48,22277
2017-03-14,11.5,11.5,11.33,11.33,8884
2017-03-15,11.28,11.33,11.28,11.29,11340
2017-03-16,11.33,11.34,11.29,11.3,9767
2017-03-17,11.34,11.36,11.29,11.3,6226
2017-03-20,11.35,11.35,11.22,11.25,4753
2017-03-21,11.33,11.61,11.2,11.22,10723
2017-03-22,11.28,11.34,11.2,11.25,22623
2017-03-23,11.34,11.44,11.31,11.39,10400
2017-03-24,11.47,11.5,11.33,11.34,28272
2017-03-27,11.25,11.49,11.25,11.3,3341
2017-03-28,11.41,11.41,11.27,11.29,13225
2017-03-29,11.27,11.3,11.21,11.24,8259
2017-03-30,11.2,11.42,11.17,11.2,35951
2017-03-31,11.21,11.31,11.21,11.28,9568
2017-04-03,11.35,11.47,11.24,11.26,5750
2017-04-04,11.23,11.33,11.22,11.27,10784
2017-04-05,11.25,11.34,11.2,11.25,15149
2017-04-06,11.25,11.3,11.21,11.23,30519
2017-04-07,11.25,11.26,11.25,11.25,5542
2017-04-10,11.3,11.3,11.18,11.2,14048
2017-04-11,11.23,11.3,11.22,11.26,13374
2017-04-12,11.3,11.3,11.16,11.3,31293
2017-04-13,11.25,11.32,11.19,11.29,12004
2017-04-17,11.2,11.7,11.2,11.59,76958
2017-04-18,11.51,11.92,11.51,11.89,25271
2017-04-19,11.98,12.0,11.89,12.0,14754
2017-04-20,12.0,12.5,11.63,12.49,21009
2017-04-21,12.36,12.95,12.22,12.7,30252
2017-04-24,12.7,12.9,12.2,12.64,30790
2017-04-25,12.64,12.8,12.64,12.8,20420
2017-04-26,12.8,13.23,12.76,12.78,32756
2017-04-27,13.02,13.02,12.75,12.86,19239
2017-04-28,12.85,12.98,12.76,12.98,8085
2017-05-01,12.83,12.89,12.52,12.53,14962
2017-05-02,12.52,12.89,12.24,12.26,13853
2017-05-03,12.25,12.44,12.25,12.27,8673
2017-05-04,12.38,12.52,12.34,12.44,9456
2017-05-05,12.44,12.76,12.31,12.73,15462
2017-05-08,12.7,12.84,12.62,12.68,10001
2017-05-09,12.67,12.9,12.59,12.71,20479
2017-05-10,12.6,12.83,12.5,12.54,4102
2017-05-11,12.52,12.63,12.28,12.3,9336
2017-05-12,12.3,12.39,11.8,11.85,22376
2017-05-15,11.99,12.01,11.85,11.92,9837
2017-05-16,11.94,11.95,11.5,11.57,4272
2017-05-17,11.5,11.64,11.41,11.5,19753
2017-05-18,11.56,11.74,11.52,11.66,15666
2017-05-19,11.65,11.8,11.56,11.56,15626
2017-05-22,12.42,12.42,11.31,11.34,60964
2017-05-23,11.25,11.39,11.15,11.17,20857
2017-05-24,11.19,11.56,11.12,11.46,20986
2017-05-25,11.55,11.59,11.35,11.47,16493
2017-05-26,11.45,11.58,11.4,11.58,38390
2017-05-30,11.61,12.0,11.61,12.0,17438
2017-05-31,11.96,12.2,11.95,12.01,51086
2017-06-01,12.07,12.15,11.91,12.02,14779
2017-06-02,11.96,12.09,11.76,11.96,23273
2017-06-05,11.9,12.04,11.68,11.93,15064
2017-06-06,11.85,11.99,11.72,11.85,8485
2017-06-07,11.9,12.01,11.75,11.94,7491
2017-06-08,11.94,12.02,11.94,11.96,6472
2017-06-09,11.94,11.96,11.85,11.92,15531
2017-06-12,11.81,11.86,11.73,11.73,4874
2017-06-13,11.66,11.82,11.64,11.82,14967
2017-06-14,11.63,11.99,11.56,11.62,10106
2017-06-15,11.56,11.97,11.56,11.94,20894
2017-06-16,12.02,12.02,11.56,11.68,37219
2017-06-19,11.72,11.89,11.49,11.88,30012
2017-06-20,11.81,11.88,11.69,11.82,20286
2017-06-21,11.65,11.88,11.65,11.68,18162
2017-06-22,11.67,11.98,11.67,11.82,3395
2017-06-23,11.79,11.8,11.65,11.75,17371
2017-06-26,11.79,11.96,11.6,11.95,17355
2017-06-27,11.92,11.99,11.76,11.95,16391
2017-06-28,11.86,11.92,11.73,11.79,3343
2017-06-29,11.86,11.89,11.75,11.88,5028
2017-06-30,11.82,11.9,11.75,11.76,2179
2017-07-03,11.82,11.89,11.59,11.86,1301
2017-07-05,11.71,11.85,11.52,11.52,5997
2017-07-06,11.65,11.65,11.51,11.64,7218
2017-07-07,11.74,11.74,11.56,11.62,2460
2017-07-10,11.13,11.69,11.13,11.32,18155
2017-07-11,11.36,11.49,11.16,11.21,8016
2017-07-12,11.46,11.46,11.13,11.17,10639
2017-07-13,11.14,11.3,11.13,11.3,12579
2017-07-14,11.21,11.3,11.18,11.27,3340
2017-07-17,11.3,11.51,11.3,11.32,5519
2017-07-18,11.16,11.4,11.09,11.15,5743
2017-07-19,11.09,11.2,11.09,11.13,8123
2017-07-20,11.09,11.35,11.09,11.31,20241
2017-07-21,11.35,11.71,11.11,11.25,17506
2017-07-24,11.37,11.37,11.09,11.13,10025
2017-07-25,11.05,11.44,11.05,11.14,11743
2017-07-26,11.11,11.45,11.09,11.4,11550
2017-07-27,11.36,11.73,11.16,11.17,9421
2017-07-28,11.31,11.68,11.2,11.68,8138
2017-07-31,11.61,11.89,11.48,11.89,14126
2017-08-01,11.8,11.8,11.38,11.7,10663
