Date,Open,High,Low,Close,Volume
2014-08-08,10.35,10.49,10.01,10.3,6666653
2014-08-11,10.44,10.64,10.31,10.37,545775
2014-08-12,10.4,10.45,10.14,10.39,253748
2014-08-13,10.36,10.43,10.28,10.39,134152
2014-08-14,10.33,10.39,10.26,10.35,122883
2014-08-15,10.35,10.4,10.24,10.35,103190
2014-08-18,10.4,10.45,10.31,10.33,121947
2014-08-19,10.26,10.3,10.07,10.3,130304
2014-08-20,10.21,10.47,10.19,10.43,76124
2014-08-21,10.41,10.44,10.35,10.4,62298
2014-08-22,10.16,10.41,10.15,10.4,66224
2014-08-25,10.47,10.75,10.3,10.58,194361
2014-08-26,10.58,10.59,10.44,10.51,107735
2014-08-27,10.53,10.8,10.38,10.73,114149
2014-08-28,10.63,11.09,10.57,10.77,228715
2014-08-29,10.8,10.99,10.8,10.95,52420
2014-09-02,10.83,10.83,10.44,10.65,72187
2014-09-03,10.62,10.72,10.55,10.61,103650
2014-09-04,10.38,10.75,10.26,10.56,111514
2014-09-05,10.59,10.72,10.41,10.51,84674
2014-09-08,10.59,10.93,10.3,10.77,154647
2014-09-09,10.62,11.04,10.62,10.93,339692
2014-09-10,10.94,11.79,10.76,11.42,421914
2014-09-11,11.28,11.6,11.21,11.44,231878
2014-09-12,11.19,11.68,11.1,11.64,162317
2014-09-15,11.56,11.9,11.06,11.65,250984
2014-09-16,11.59,11.75,11.3,11.61,486420
2014-09-17,12.05,12.98,11.88,12.37,499711
2014-09-18,12.66,13.42,12.5,13.21,371386
2014-09-19,13.29,13.93,13.05,13.39,840803
2014-09-22,13.43,13.69,12.93,13.58,719151
2014-09-23,13.49,14.28,13.32,14.02,385939
2014-09-24,14.05,14.24,13.41,13.81,154221
2014-09-25,13.72,13.89,13.23,13.3,249759
2014-09-26,13.28,13.77,13.28,13.65,202313
2014-09-29,13.66,13.76,13.5,13.65,144382
2014-09-30,13.57,13.75,12.61,12.8,844229
2014-10-01,12.86,12.86,12.16,12.47,287749
2014-10-02,12.48,13.04,12.37,12.98,168251
2014-10-03,13.11,13.56,12.95,13.09,241850
2014-10-06,13.15,13.49,13.1,13.21,189140
2014-10-07,13.03,13.18,12.7,12.9,185731
2014-10-08,12.84,12.84,11.83,12.62,406963
2014-10-09,12.58,12.89,11.5,11.51,253676
2014-10-10,11.52,11.97,10.91,11.09,230421
2014-10-13,11.14,11.45,10.62,10.72,198547
2014-10-14,10.74,11.17,10.66,10.76,218226
2014-10-15,10.57,10.97,10.5,10.94,167850
2014-10-16,10.74,11.0,10.48,10.79,138671
2014-10-17,10.97,11.84,10.87,11.78,123662
2014-10-20,11.77,12.09,11.54,12.08,122321
2014-10-21,12.09,12.2,11.82,12.03,79892
2014-10-22,11.98,12.12,11.8,11.9,66563
2014-10-23,12.03,12.17,11.42,11.79,120165
2014-10-24,11.84,12.18,11.59,12.16,45546
2014-10-27,12.02,12.64,11.93,12.33,99676
2014-10-28,12.41,12.75,12.22,12.7,51418
2014-10-29,12.86,13.01,12.44,12.65,49527
2014-10-30,12.65,12.86,12.33,12.5,43371
2014-10-31,12.82,13.18,12.28,12.78,127612
2014-11-03,12.76,12.94,12.11,12.53,68602
2014-11-04,12.45,12.45,11.78,11.86,58236
2014-11-05,11.92,12.25,11.64,12.07,64924
2014-11-06,12.1,12.38,11.84,12.13,51932
2014-11-07,12.1,12.39,11.96,12.13,69423
2014-11-10,12.11,12.12,11.69,11.77,65391
2014-11-11,11.7,11.99,11.69,11.87,51264
2014-11-12,11.83,12.08,11.62,11.97,91978
2014-11-13,11.89,11.89,9.65,9.86,524380
2014-11-14,9.8,10.12,9.5,9.68,170506
2014-11-17,9.69,10.06,9.52,9.83,133086
2014-11-18,9.8,10.32,9.65,10.0,144239
2014-11-19,10.08,10.19,9.83,9.99,128858
2014-11-20,9.93,10.44,9.74,10.38,163648
2014-11-21,10.55,11.18,10.51,10.99,306576
2014-11-24,11.0,11.42,10.91,11.2,113199
2014-11-25,11.23,11.33,11.13,11.22,77910
2014-11-26,11.29,11.29,11.0,11.18,42567
2014-11-28,11.29,11.5,10.79,10.79,47538
2014-12-01,10.79,11.45,10.79,10.98,177806
2014-12-02,11.07,11.35,10.95,10.96,103392
2014-12-03,11.06,11.26,10.95,11.0,99088
2014-12-04,11.01,11.18,10.79,10.81,68015
2014-12-05,10.79,11.22,10.79,11.01,105864
2014-12-08,11.04,11.04,10.85,10.92,56329
2014-12-09,10.91,11.38,10.85,11.2,101931
2014-12-10,11.2,11.2,10.37,10.38,77026
2014-12-11,10.67,10.91,10.48,10.6,77931
2014-12-12,10.49,10.65,10.39,10.46,60141
2014-12-15,10.76,10.88,10.51,10.57,70108
2014-12-16,10.57,10.99,10.57,10.73,111482
2014-12-17,10.81,11.11,10.65,11.1,94412
2014-12-18,11.28,11.49,11.14,11.19,83434
2014-12-19,11.21,11.26,10.7,10.73,210176
2014-12-22,10.79,10.79,9.69,9.83,86421
2014-12-23,9.95,10.02,9.0,9.63,72358
2014-12-24,9.73,10.01,9.59,9.98,36664
2014-12-26,10.0,10.0,9.72,9.85,27779
2014-12-29,9.83,10.05,9.83,9.94,36254
2014-12-30,9.96,10.01,9.8,9.81,80721
2014-12-31,9.89,9.95,9.64,9.93,67417
2015-01-02,10.08,10.13,9.6,9.6,54527
2015-01-05,9.56,9.59,9.17,9.24,135251
2015-01-06,9.23,9.28,8.73,8.8,91731
2015-01-07,8.8,9.02,8.06,8.24,149590
2015-01-08,8.45,8.45,8.14,8.22,94422
2015-01-09,8.19,8.29,8.05,8.12,55920
2015-01-12,8.1,8.18,7.32,7.4,74163
2015-01-13,7.5,7.54,6.84,6.92,90160
2015-01-14,6.9,7.34,6.83,7.21,107737
2015-01-15,7.34,7.42,7.1,7.27,76251
2015-01-16,7.24,7.57,7.13,7.47,63898
2015-01-20,7.43,7.57,7.0,7.1,59291
2015-01-21,7.1,7.19,6.85,6.86,66841
2015-01-22,6.9,7.15,6.55,6.84,100629
2015-01-23,6.87,6.88,6.39,6.7,92977
2015-01-26,6.71,6.78,6.46,6.59,56660
2015-01-27,6.54,6.77,6.51,6.65,48707
2015-01-28,6.85,6.86,6.42,6.45,59536
2015-01-29,6.52,6.57,6.0,6.29,54550
2015-01-30,6.22,6.47,6.22,6.35,57550
2015-02-02,6.47,6.58,6.02,6.15,71531
2015-02-03,6.2,6.42,6.0,6.39,189654
2015-02-04,6.4,6.46,6.05,6.07,68280
2015-02-05,6.24,6.73,6.13,6.67,88565
2015-02-06,6.65,6.88,6.48,6.87,80034
2015-02-09,6.89,7.32,6.85,6.89,64155
2015-02-10,6.95,6.95,6.68,6.88,50434
2015-02-11,6.8,6.89,6.42,6.48,35975
2015-02-12,6.59,6.79,6.56,6.65,55712
2015-02-13,6.66,6.9,6.66,6.76,70200
2015-02-17,6.77,6.94,6.65,6.68,52853
2015-02-18,6.61,6.76,6.5,6.7,32017
2015-02-19,6.62,6.98,6.55,6.92,37115
2015-02-20,6.93,7.05,6.7,6.73,71667
2015-02-23,6.76,6.76,6.4,6.43,34969
2015-02-24,6.42,6.56,6.42,6.52,23087
2015-02-25,6.62,6.62,6.4,6.44,27301
2015-02-26,6.42,6.42,6.18,6.3,16486
2015-02-27,6.31,6.31,6.07,6.08,48485
2015-03-02,6.06,6.13,6.0,6.1,32000
2015-03-03,6.1,6.67,6.1,6.61,115617
2015-03-04,6.68,6.68,6.31,6.54,51413
2015-03-05,6.57,6.57,6.35,6.38,22449
2015-03-06,6.31,6.37,6.06,6.09,30192
2015-03-09,6.12,6.82,6.12,6.32,75580
2015-03-10,6.25,6.25,6.15,6.15,27621
2015-03-11,6.18,6.27,6.1,6.11,39998
2015-03-12,6.18,6.28,6.1,6.14,46775
2015-03-13,6.16,6.22,5.24,5.73,107313
2015-03-16,5.7,5.7,5.27,5.66,78295
2015-03-17,5.68,5.93,5.68,5.9,83505
2015-03-18,5.77,6.28,5.77,6.21,341732
2015-03-19,6.18,6.42,6.0,6.05,153348
2015-03-20,6.08,6.33,6.0,6.12,250264
2015-03-23,6.14,6.94,6.13,6.91,196006
2015-03-24,6.94,7.2,6.63,7.06,99838
2015-03-25,6.97,7.73,6.97,7.26,100751
2015-03-26,7.31,7.31,6.99,7.12,58241
2015-03-27,7.12,7.38,6.93,7.32,45797
2015-03-30,7.33,7.33,6.82,6.9,85773
2015-03-31,6.74,6.78,6.33,6.37,100029
2015-04-01,6.37,6.37,6.02,6.08,69253
2015-04-02,6.06,6.41,5.92,6.38,115764
2015-04-06,6.31,6.52,6.17,6.41,84846
2015-04-07,6.37,6.48,6.26,6.3,31346
2015-04-08,6.3,6.52,6.3,6.49,62574
2015-04-09,6.44,6.49,6.16,6.23,110890
2015-04-10,6.25,6.34,6.06,6.12,63699
2015-04-13,6.09,6.25,5.85,6.01,108258
2015-04-14,6.03,6.44,5.89,6.21,127022
2015-04-15,6.2,6.31,6.03,6.11,66442
2015-04-16,6.09,6.23,6.0,6.08,72155
2015-04-17,6.01,6.14,5.85,5.91,101895
2015-04-20,5.95,6.06,5.68,5.73,134746
2015-04-21,5.75,5.89,5.47,5.52,129581
2015-04-22,5.52,5.66,5.4,5.44,73647
2015-04-23,5.48,5.72,5.35,5.7,55821
2015-04-24,5.72,5.97,5.58,5.79,99205
2015-04-27,5.79,5.99,5.64,5.76,74746
2015-04-28,5.76,6.05,5.76,6.0,52033
2015-04-29,5.99,6.0,5.64,5.82,82404
2015-04-30,5.78,5.88,5.49,5.54,89493
2015-05-01,5.63,5.67,5.3,5.48,107101
2015-05-04,5.55,5.69,5.54,5.65,38371
2015-05-05,5.62,5.75,5.53,5.65,51000
2015-05-06,5.65,5.82,5.55,5.77,205341
2015-05-07,5.76,5.9,5.55,5.81,546729
2015-05-08,6.24,8.08,6.22,7.8,734786
2015-05-11,7.81,8.17,7.13,7.98,220315
2015-05-12,8.0,8.05,7.56,7.96,107831
2015-05-13,8.02,8.06,7.74,7.98,120081
2015-05-14,8.0,8.18,7.77,8.06,93907
2015-05-15,8.02,8.16,7.85,7.99,114916
2015-05-18,7.99,8.55,7.71,8.53,107669
2015-05-19,8.44,8.45,8.2,8.33,98693
2015-05-20,8.37,8.6,8.21,8.36,265540
2015-05-21,8.4,8.69,8.33,8.57,72450
2015-05-22,8.59,8.66,8.28,8.59,36255
2015-05-26,8.53,8.6,7.84,8.53,155921
2015-05-27,8.41,8.75,8.22,8.58,108051
2015-05-28,8.52,8.73,8.3,8.63,65058
2015-05-29,8.59,8.59,8.16,8.3,105172
2015-06-01,8.34,8.58,8.11,8.45,105327
2015-06-02,8.38,8.97,8.36,8.87,77978
2015-06-03,8.84,9.29,8.75,9.08,54874
2015-06-04,9.05,9.55,8.82,9.06,94755
2015-06-05,9.01,9.13,8.85,9.06,49828
2015-06-08,9.02,9.17,8.55,8.81,71951
2015-06-09,8.84,8.91,8.58,8.74,33756
2015-06-10,8.81,9.17,8.81,9.02,51255
2015-06-11,9.01,9.46,8.88,9.2,186538
2015-06-12,9.28,9.49,9.03,9.1,104734
2015-06-15,8.97,9.25,8.6,9.04,121983
2015-06-16,9.0,9.2,8.75,9.03,55681
2015-06-17,9.09,9.19,8.78,9.04,53261
2015-06-18,9.19,9.33,8.96,9.16,112395
2015-06-19,9.21,9.45,9.11,9.3,163718
2015-06-22,9.4,9.48,9.01,9.06,77752
2015-06-23,9.05,9.22,8.78,9.05,323990
2015-06-24,9.05,9.3,8.89,9.2,297217
2015-06-25,9.1,9.32,9.01,9.24,154360
2015-06-26,9.24,9.43,9.15,9.37,131263
2015-06-29,9.32,9.37,9.01,9.1,53752
2015-06-30,9.18,9.2,8.93,9.1,60488
2015-07-01,9.22,9.61,9.19,9.6,67977
2015-07-02,9.4,9.4,8.05,8.42,409512
2015-07-06,8.29,8.31,7.86,8.24,134772
2015-07-07,8.22,8.61,7.94,8.55,131935
2015-07-08,8.38,8.5,8.0,8.3,126015
2015-07-09,8.42,8.49,8.09,8.41,86086
2015-07-10,8.57,8.7,8.42,8.53,69977
2015-07-13,8.53,8.77,8.47,8.64,76112
2015-07-14,8.68,9.0,8.62,8.77,46879
2015-07-15,8.83,8.89,8.16,8.38,84484
2015-07-16,8.43,8.57,8.32,8.4,122218
2015-07-17,8.4,8.48,8.13,8.32,61524
2015-07-20,8.25,8.32,7.85,8.0,99591
2015-07-21,7.96,8.42,7.96,8.4,69905
2015-07-22,8.31,8.67,8.06,8.49,85817
2015-07-23,8.4,8.49,8.13,8.34,103123
2015-07-24,8.31,8.32,7.62,7.73,111618
2015-07-27,7.6,7.69,6.75,6.84,167675
2015-07-28,6.8,6.99,6.66,6.94,127359
2015-07-29,6.99,7.12,6.85,7.0,143947
2015-07-30,6.93,7.05,6.59,6.68,135994
2015-07-31,6.7,6.87,6.65,6.77,78061
2015-08-03,6.77,6.86,6.45,6.5,63608
2015-08-04,6.55,6.73,6.28,6.4,139037
2015-08-05,6.53,7.46,6.53,7.06,132978
2015-08-06,7.11,7.17,6.75,6.97,137459
2015-08-07,6.93,7.17,6.68,6.7,96198
2015-08-10,6.71,7.78,6.52,7.76,102718
2015-08-11,7.66,7.75,7.15,7.29,59521
2015-08-12,7.22,7.3,6.83,7.02,92241
2015-08-13,7.85,8.62,7.2,8.21,467612
2015-08-14,7.87,8.15,7.47,7.54,258818
2015-08-17,7.57,7.67,7.1,7.29,230731
2015-08-18,7.31,7.56,7.15,7.3,238032
2015-08-19,7.25,7.53,6.93,7.02,183176
2015-08-20,6.99,7.25,6.83,6.92,152253
2015-08-21,6.74,6.91,6.5,6.57,128632
2015-08-24,6.19,6.36,5.54,6.05,160710
2015-08-25,6.19,6.28,5.92,6.12,164204
2015-08-26,6.22,6.22,6.04,6.2,375579
2015-08-27,6.26,6.91,6.21,6.77,213381
2015-08-28,6.71,7.27,6.67,7.23,58051
2015-08-31,7.21,7.83,6.95,7.62,109338
2015-09-01,7.3,7.78,7.09,7.17,119672
2015-09-02,7.29,7.29,6.82,7.25,55293
2015-09-03,7.27,7.5,6.96,7.09,72740
2015-09-04,6.94,7.17,6.67,7.15,47617
2015-09-08,7.09,7.25,6.88,7.04,50311
2015-09-09,7.07,7.18,6.75,6.89,60374
2015-09-10,6.9,6.9,6.43,6.54,41268
2015-09-11,6.46,6.51,5.93,6.12,80378
2015-09-14,6.1,6.18,5.84,6.08,75824
2015-09-15,6.06,6.27,6.0,6.09,50397
2015-09-16,6.03,6.18,5.93,6.15,62193
2015-09-17,6.12,6.71,6.12,6.54,146117
2015-09-18,6.42,6.54,6.1,6.51,78373
2015-09-21,6.48,6.5,6.0,6.01,74876
2015-09-22,5.89,6.0,5.73,5.81,146839
2015-09-23,5.83,5.93,5.31,5.33,126858
2015-09-24,5.28,5.38,5.05,5.34,174510
2015-09-25,5.35,5.47,4.96,5.01,93091
2015-09-28,5.0,5.23,5.0,5.12,186968
2015-09-29,5.12,5.4,5.1,5.18,36103
2015-09-30,5.22,5.35,5.05,5.25,112757
2015-10-01,5.21,5.28,5.1,5.26,75635
2015-10-02,5.18,5.66,5.18,5.65,72667
2015-10-05,5.65,6.09,5.57,5.8,182097
2015-10-06,5.75,6.22,5.75,6.15,121958
2015-10-07,6.1,6.46,5.52,5.68,121911
2015-10-08,5.71,6.15,5.58,6.05,77183
2015-10-09,6.08,6.42,6.08,6.36,66764
2015-10-12,6.37,6.73,6.14,6.32,44219
2015-10-13,6.27,6.56,6.0,6.23,156336
2015-10-14,6.21,6.59,6.12,6.3,107988
2015-10-15,6.23,6.59,6.22,6.46,70328
2015-10-16,6.51,6.99,6.45,6.83,60548
2015-10-19,6.71,6.77,6.15,6.19,118569
2015-10-20,6.16,6.24,5.77,5.91,68198
2015-10-21,5.9,6.16,5.74,5.87,36927
2015-10-22,5.93,6.37,5.93,6.14,82468
2015-10-23,6.15,6.4,6.01,6.3,96593
2015-10-26,6.21,6.3,5.36,5.48,48418
2015-10-27,5.5,5.55,5.23,5.28,53583
2015-10-28,5.29,5.66,5.21,5.49,129197
2015-10-29,5.42,5.66,5.4,5.46,43944
2015-10-30,5.5,5.85,5.29,5.85,44723
2015-11-02,5.79,6.25,5.78,6.07,72326
2015-11-03,6.07,6.3,5.97,6.05,47812
2015-11-04,6.05,6.05,5.43,5.6,82639
2015-11-05,5.61,5.8,5.46,5.66,49193
2015-11-06,5.58,5.97,5.52,5.84,42362
2015-11-09,5.81,5.84,5.75,5.78,37987
2015-11-10,5.74,5.89,5.66,5.77,28220
2015-11-11,5.79,5.79,5.62,5.7,40778
2015-11-12,5.68,5.7,5.3,5.33,52040
2015-11-13,5.42,6.02,5.3,5.39,120006
2015-11-16,5.4,5.62,5.18,5.52,69933
2015-11-17,5.43,5.46,5.11,5.15,65306
2015-11-18,5.14,5.18,5.03,5.14,133502
2015-11-19,5.23,5.41,4.97,5.33,165181
2015-11-20,5.36,5.36,4.56,4.67,178992
2015-11-23,4.77,4.77,4.4,4.49,154732
2015-11-24,4.51,4.88,4.38,4.88,119512
2015-11-25,4.84,4.97,4.66,4.91,26202
2015-11-27,4.87,5.05,4.87,4.95,23918
2015-11-30,4.93,5.04,4.86,4.96,51394
2015-12-01,4.96,5.05,4.7,5.0,111788
2015-12-02,4.99,5.19,4.97,5.02,169425
2015-12-03,5.08,5.13,4.91,4.93,41635
2015-12-04,4.9,5.03,4.76,4.96,44091
2015-12-07,4.89,4.89,4.51,4.61,53968
2015-12-08,4.54,4.62,4.31,4.55,135635
2015-12-09,4.56,4.93,4.56,4.8,120664
2015-12-10,4.74,5.06,4.74,5.05,51854
2015-12-11,4.9,5.09,4.9,5.0,272883
2015-12-14,4.93,5.08,4.46,4.5,87466
2015-12-15,4.52,4.61,4.14,4.36,128271
2015-12-16,4.36,4.41,4.18,4.28,120171
2015-12-17,4.25,4.42,4.11,4.15,190962
2015-12-18,4.15,4.46,4.12,4.19,317476
2015-12-21,4.21,4.47,4.1,4.19,220404
2015-12-22,4.19,4.23,3.93,3.98,202808
2015-12-23,4.02,4.62,4.02,4.57,78994
2015-12-24,4.6,4.65,4.44,4.57,30260
2015-12-28,4.52,4.75,4.46,4.59,123048
2015-12-29,4.63,4.76,4.29,4.65,91411
2015-12-30,4.54,4.91,4.54,4.83,322224
2015-12-31,4.79,4.93,4.5,4.67,75881
2016-01-04,4.67,4.67,4.24,4.6,64362
2016-01-05,4.59,4.76,4.49,4.74,44438
2016-01-06,4.7,4.9,4.6,4.8,264977
2016-01-07,4.68,4.78,4.2,4.26,111185
2016-01-08,4.35,4.35,4.12,4.21,55565
2016-01-11,4.22,4.29,4.01,4.06,75280
2016-01-12,4.09,4.15,4.01,4.14,87868
2016-01-13,4.07,4.22,3.93,3.96,117377
2016-01-14,3.96,3.96,3.56,3.65,119013
2016-01-15,3.54,3.82,3.43,3.79,101481
2016-01-19,3.86,3.9,3.25,3.34,189434
2016-01-20,3.3,3.3,2.53,2.77,252032
2016-01-21,2.8,2.85,2.7,2.76,148105
2016-01-22,2.8,2.93,2.68,2.85,337819
2016-01-25,2.85,2.89,2.77,2.78,296221
2016-01-26,2.82,3.03,2.78,2.97,208477
2016-01-27,2.97,3.07,2.9,2.97,105975
2016-01-28,3.01,3.1,2.92,3.09,66371
2016-01-29,3.17,3.39,3.13,3.38,323933
2016-02-01,3.39,3.43,3.18,3.4,136794
2016-02-02,3.35,3.53,3.29,3.49,102585
2016-02-03,3.52,3.64,3.37,3.54,73076
2016-02-04,3.56,4.05,3.56,3.7,68260
2016-02-05,3.64,3.71,3.36,3.36,80711
2016-02-08,3.33,3.35,3.1,3.33,132351
2016-02-09,3.26,3.35,3.03,3.19,127692
2016-02-10,3.18,3.29,2.63,2.65,105019
2016-02-11,2.67,2.82,2.55,2.63,125097
2016-02-12,2.67,3.17,2.67,3.12,80571
2016-02-16,3.18,3.39,3.12,3.27,61285
2016-02-17,3.28,3.64,3.28,3.52,40742
2016-02-18,3.54,3.65,3.27,3.31,26813
2016-02-19,3.29,3.44,3.26,3.29,40794
2016-02-22,3.34,3.51,3.34,3.48,31708
2016-02-23,3.51,3.6,3.35,3.42,32674
2016-02-24,3.38,3.42,3.22,3.33,28039
2016-02-25,3.19,3.3,2.87,3.04,299459
2016-02-26,3.05,3.88,3.05,3.58,124572
2016-02-29,3.67,3.82,3.65,3.7,69015
2016-03-01,3.25,3.34,3.0,3.15,158363
2016-03-02,3.22,3.69,3.18,3.66,101259
2016-03-03,3.61,4.22,3.48,3.7,189765
2016-03-04,3.7,4.7,3.7,4.68,344771
2016-03-07,4.76,5.19,4.7,5.06,241812
2016-03-08,5.01,5.03,4.47,4.54,173189
2016-03-09,4.51,4.63,4.27,4.55,93994
2016-03-10,3.25,4.33,3.11,4.29,166857
2016-03-11,4.37,5.38,4.21,5.0,217570
2016-03-14,4.86,5.07,4.53,4.71,133161
2016-03-15,4.68,4.72,4.24,4.52,113239
2016-03-16,4.53,4.84,4.53,4.75,52805
2016-03-17,4.72,5.03,4.59,4.84,151138
2016-03-18,4.88,5.05,4.66,4.7,181373
2016-03-21,4.77,4.85,4.51,4.78,161856
2016-03-22,4.62,4.79,4.52,4.64,92012
2016-03-23,4.59,4.6,4.41,4.51,103891
2016-03-24,4.37,4.87,4.35,4.76,88041
2016-03-28,4.79,5.0,4.5,4.92,81656
2016-03-29,4.87,5.34,4.78,5.27,75138
2016-03-30,5.18,5.65,5.1,5.56,197330
2016-03-31,5.57,5.8,5.45,5.56,164507
2016-04-01,5.55,5.55,5.16,5.46,72334
2016-04-04,5.63,5.63,5.07,5.24,98752
2016-04-05,5.19,5.31,5.05,5.19,48107
2016-04-06,5.08,5.22,4.86,5.1,146780
2016-04-07,5.05,5.52,4.95,5.38,155971
2016-04-08,5.44,6.16,5.33,5.63,151475
2016-04-11,5.72,6.12,5.58,5.66,200007
2016-04-12,5.67,6.18,5.64,5.91,175979
2016-04-13,6.02,6.15,5.94,6.06,133001
2016-04-14,6.07,6.27,5.99,6.26,123119
2016-04-15,6.21,6.67,6.1,6.6,294176
2016-04-18,6.52,7.15,6.51,7.07,322841
2016-04-19,7.36,7.66,7.12,7.41,203733
2016-04-20,7.54,7.88,7.42,7.45,554289
2016-04-21,7.3,7.6,7.25,7.45,122261
2016-04-22,7.43,7.99,7.4,7.72,207457
2016-04-25,7.9,8.0,7.72,7.75,222581
2016-04-26,7.6,8.13,7.58,8.01,205055
2016-04-27,8.06,8.47,8.03,8.36,315352
2016-04-28,8.33,8.85,8.33,8.77,410190
2016-04-29,8.77,9.0,8.57,8.88,199602
2016-05-02,8.97,9.56,8.66,9.47,457980
2016-05-03,9.24,9.36,8.86,9.3,252295
2016-05-04,9.24,9.73,9.04,9.25,227340
2016-05-05,9.25,9.61,9.05,9.16,360219
2016-05-06,9.4,10.82,9.06,10.03,507409
2016-05-09,10.19,10.46,9.39,9.75,390215
2016-05-10,10.04,10.61,9.85,10.1,448755
2016-05-11,10.2,10.76,10.2,10.6,358757
2016-05-12,10.72,10.97,10.04,10.37,318765
2016-05-13,10.46,10.98,10.44,10.55,759765
2016-05-16,11.09,12.29,10.92,11.6,1015564
2016-05-17,11.61,12.05,11.43,11.8,629099
2016-05-18,11.8,12.68,11.76,12.53,607551
2016-05-19,12.3,12.44,11.85,12.06,510025
2016-05-20,12.17,12.53,12.1,12.49,357259
2016-05-23,12.73,13.11,12.39,12.57,567080
2016-05-24,13.13,13.55,12.67,13.38,630859
2016-05-25,13.54,14.51,13.44,14.24,662145
2016-05-26,14.51,14.84,13.53,13.87,556052
2016-05-27,13.96,14.0,13.25,13.62,588203
2016-05-31,13.94,14.36,13.65,13.93,580602
2016-06-01,13.72,13.85,13.02,13.6,417456
2016-06-02,13.6,13.83,13.43,13.66,409817
2016-06-03,13.79,14.5,13.7,14.39,579024
2016-06-06,14.88,15.88,14.8,15.52,807142
2016-06-07,15.55,15.72,15.1,15.29,385637
2016-06-08,15.42,15.95,15.37,15.75,376863
2016-06-09,15.51,15.75,14.89,15.55,402083
2016-06-10,15.25,15.51,14.96,15.0,484570
2016-06-13,14.75,14.78,13.76,14.02,567038
2016-06-14,13.94,14.76,13.67,14.26,459126
2016-06-15,14.33,15.22,14.18,14.94,287270
2016-06-16,14.72,14.91,14.22,14.75,244041
2016-06-17,14.73,15.47,14.73,14.95,628528
2016-06-20,14.92,16.0,14.55,15.62,778247
2016-06-21,15.65,16.5,15.33,16.47,491623
2016-06-22,16.47,16.59,16.13,16.23,679321
2016-06-23,16.51,16.86,16.0,16.75,514106
2016-06-24,15.93,16.23,15.31,15.59,559387
2016-06-27,15.2,15.2,14.71,14.76,547239
2016-06-28,15.09,15.73,15.09,15.45,625237
2016-06-29,15.89,16.64,15.63,16.52,582674
2016-06-30,16.59,18.33,16.41,17.5,683063
2016-07-01,17.42,18.13,17.42,17.91,544804
2016-07-05,17.91,18.19,16.74,17.13,403562
2016-07-06,17.07,17.75,16.82,17.66,213854
2016-07-07,17.93,18.23,17.41,17.64,264659
2016-07-08,18.03,18.73,17.74,18.4,360195
2016-07-11,18.4,19.64,18.4,19.08,488211
2016-07-12,19.54,19.57,18.94,19.26,522380
2016-07-13,19.39,19.53,18.31,18.94,405909
2016-07-14,19.08,19.62,18.62,18.64,430056
2016-07-15,18.72,19.11,18.67,18.93,337395
2016-07-18,18.74,19.71,18.7,19.4,345650
2016-07-19,18.74,18.74,16.12,16.26,1968640
2016-07-20,14.92,14.99,14.03,14.12,7576437
2016-07-21,14.33,14.68,13.41,13.49,2151120
2016-07-22,13.59,14.46,13.54,14.18,1083948
2016-07-25,14.47,14.5,13.0,13.13,1185043
2016-07-26,13.09,13.93,12.59,13.63,1287289
2016-07-27,13.9,14.28,13.53,14.26,959841
2016-07-28,14.23,14.57,13.81,14.46,742117
2016-07-29,14.46,14.69,14.2,14.44,1049917
2016-08-01,14.55,14.84,14.1,14.67,769048
2016-08-02,14.85,14.88,13.78,13.94,561142
2016-08-03,13.97,14.56,13.7,14.39,331834
2016-08-04,14.41,14.71,14.17,14.31,335944
2016-08-05,14.43,14.58,14.19,14.43,341112
2016-08-08,14.47,14.68,14.4,14.52,532810
2016-08-09,14.41,14.51,13.18,13.5,873678
2016-08-10,13.87,13.96,12.25,12.96,1344599
2016-08-11,12.97,13.65,12.7,13.32,610106
2016-08-12,13.0,13.23,11.3,11.58,1502338
2016-08-15,11.61,12.57,11.61,12.34,647330
2016-08-16,12.37,12.37,11.85,11.98,395156
2016-08-17,12.41,12.49,11.99,12.16,520988
2016-08-18,12.21,12.71,12.12,12.63,435263
2016-08-19,12.6,12.62,11.88,11.93,444249
2016-08-22,11.47,12.23,11.13,12.14,592191
2016-08-23,12.2,12.48,12.04,12.1,318600
2016-08-24,12.05,12.15,11.64,11.78,329411
2016-08-25,11.57,12.3,11.41,12.23,341232
2016-08-26,12.31,12.84,12.07,12.25,427112
2016-08-29,12.03,12.52,12.03,12.21,392172
2016-08-30,12.14,12.29,11.78,11.96,316510
2016-08-31,11.77,12.15,11.73,12.09,321055
2016-09-01,12.15,12.54,12.01,12.49,382536
2016-09-02,12.59,13.21,12.08,12.2,355589
2016-09-06,12.17,12.62,12.0,12.59,361709
2016-09-07,12.65,12.99,12.58,12.95,357438
2016-09-08,12.9,13.16,12.74,12.95,250986
2016-09-09,12.81,12.86,11.41,11.73,525141
2016-09-12,11.34,11.8,11.16,11.71,375381
2016-09-13,11.33,11.44,10.46,10.63,441662
2016-09-14,10.6,10.8,10.46,10.63,221666
2016-09-15,10.35,10.44,10.05,10.27,382412
2016-09-16,10.18,10.44,10.03,10.34,264470
2016-09-19,10.51,10.87,10.24,10.28,282342
2016-09-20,10.21,10.52,10.16,10.38,228973
2016-09-21,10.51,11.26,10.45,11.16,335125
2016-09-22,11.44,11.62,11.07,11.12,293495
2016-09-23,11.12,11.48,11.12,11.17,185169
2016-09-26,11.14,11.41,11.11,11.15,126900
2016-09-27,11.07,11.07,10.65,10.74,198546
2016-09-28,10.96,11.73,10.96,11.54,404078
2016-09-29,11.57,11.74,11.06,11.25,236222
2016-09-30,11.41,11.47,11.19,11.29,280806
2016-10-03,11.07,11.49,9.6,10.06,759181
2016-10-04,10.0,10.0,8.74,8.81,751845
2016-10-05,8.91,9.7,8.52,9.32,670249
2016-10-06,9.23,9.49,9.06,9.26,409113
2016-10-07,9.34,9.39,8.64,9.06,411214
2016-10-10,9.29,9.64,9.12,9.44,582591
2016-10-11,9.49,9.51,9.15,9.39,331203
2016-10-12,9.42,9.65,9.23,9.49,256032
2016-10-13,9.21,9.29,8.88,9.07,362370
2016-10-14,9.14,9.48,9.14,9.43,411169
2016-10-17,9.59,10.23,9.53,10.03,688212
2016-10-18,10.13,10.23,9.84,10.13,317603
2016-10-19,10.23,10.63,10.15,10.5,358569
2016-10-20,10.33,10.86,10.04,10.67,452043
2016-10-21,10.61,10.82,10.28,10.45,459675
2016-10-24,10.6,10.85,10.5,10.6,169567
2016-10-25,10.75,11.05,10.5,10.6,173979
2016-10-26,10.55,10.65,10.2,10.25,160975
2016-10-27,10.4,10.4,9.8,9.85,128451
2016-10-28,9.8,10.15,9.75,9.95,136872
2016-10-31,9.8,10.6,9.8,10.25,228102
2016-11-01,10.45,10.55,9.82,10.05,278585
2016-11-02,9.9,10.25,9.85,10.0,207257
2016-11-03,9.35,9.8,8.1,8.55,546270
2016-11-04,8.3,8.95,8.15,8.95,372751
2016-11-07,9.1,9.4,8.95,9.1,335920
2016-11-08,9.0,9.25,8.75,8.8,181456
2016-11-09,8.95,11.65,8.8,11.05,700611
2016-11-10,11.65,12.1,11.15,11.9,624929
2016-11-11,12.0,12.25,11.4,11.9,330958
2016-11-14,12.3,13.0,12.05,12.95,464900
2016-11-15,13.0,13.2,12.55,13.15,620468
2016-11-16,13.15,13.28,12.2,12.55,404604
2016-11-17,12.5,12.9,12.35,12.55,346189
2016-11-18,12.55,12.94,12.36,12.6,243670
2016-11-21,12.8,13.0,12.25,12.6,255304
2016-11-22,12.8,14.0,12.8,14.0,368093
2016-11-23,13.95,14.28,13.51,13.9,182702
2016-11-25,13.85,14.39,13.4,13.55,172055
2016-11-28,13.6,13.8,13.05,13.25,302521
2016-11-29,13.15,14.85,13.13,14.15,525801
2016-11-30,14.75,14.85,13.85,14.3,335738
2016-12-01,14.35,14.85,14.1,14.55,222553
2016-12-02,14.6,14.75,14.3,14.75,285243
2016-12-05,15.05,15.48,14.85,15.1,314047
2016-12-06,15.15,16.0,15.05,15.8,355102
2016-12-07,16.0,16.42,15.52,16.15,343705
2016-12-08,16.35,16.85,15.6,16.15,312585
2016-12-09,16.2,16.35,15.4,15.9,352693
2016-12-12,16.05,16.15,15.3,15.8,263673
2016-12-13,15.8,15.95,15.1,15.45,270544
2016-12-14,15.25,15.85,15.2,15.35,189067
2016-12-15,15.1,15.88,14.65,15.6,203773
2016-12-16,15.65,16.0,15.15,15.45,409039
2016-12-19,15.3,15.5,14.4,15.0,280848
2016-12-20,15.0,15.4,14.8,15.2,209320
2016-12-21,15.2,15.3,14.75,14.95,105267
2016-12-22,15.05,15.2,14.3,14.45,139074
2016-12-23,14.5,14.5,13.58,14.0,180042
2016-12-27,14.15,14.9,14.15,14.4,116522
2016-12-28,14.45,14.65,14.05,14.15,95942
2016-12-29,14.15,14.45,13.6,13.95,99862
2016-12-30,14.1,14.1,13.15,13.35,229528
2017-01-03,13.8,14.1,12.91,13.55,293185
2017-01-04,13.55,14.6,13.55,14.6,195958
2017-01-05,14.65,14.7,13.8,14.2,187910
2017-01-06,14.2,14.25,13.7,13.8,194347
2017-01-09,14.3,14.85,13.42,13.5,204438
2017-01-10,13.8,14.4,13.75,14.25,313709
2017-01-11,14.25,14.5,13.9,14.2,126718
2017-01-12,14.25,14.25,13.31,13.55,180378
2017-01-13,13.5,13.6,11.15,11.3,641379
2017-01-17,11.2,11.5,10.4,10.75,357003
2017-01-18,10.75,11.25,10.5,11.2,230824
2017-01-19,11.1,11.1,10.45,10.65,195093
2017-01-20,10.75,11.0,10.5,10.8,275777
2017-01-23,10.85,10.9,10.25,10.35,221434
2017-01-24,10.5,11.0,10.5,10.6,244503
2017-01-25,10.7,10.8,10.1,10.8,225706
2017-01-26,10.7,10.85,10.45,10.65,331870
2017-01-27,10.65,10.9,10.55,10.8,244791
2017-01-30,10.7,10.7,10.15,10.4,216619
2017-01-31,10.5,10.68,10.05,10.6,284238
2017-02-01,10.6,10.9,10.0,10.25,327757
2017-02-02,10.3,10.72,10.1,10.35,152548
2017-02-03,10.5,10.65,10.1,10.55,236337
2017-02-06,10.45,10.6,10.25,10.3,173350
2017-02-07,10.25,10.45,10.18,10.3,242663
2017-02-08,10.25,10.75,10.15,10.7,269927
2017-02-09,10.7,11.65,10.65,11.45,308461
2017-02-10,11.7,11.85,11.15,11.2,137510
2017-02-13,11.5,11.9,11.12,11.55,287365
2017-02-14,11.5,11.65,11.3,11.4,149952
2017-02-15,11.4,11.8,11.3,11.4,196696
2017-02-16,11.5,12.05,11.45,12.0,344066
2017-02-17,11.9,12.05,11.6,11.65,281639
2017-02-21,11.75,12.2,11.75,11.9,428958
2017-02-22,11.85,12.02,11.7,12.0,231838
2017-02-23,12.15,12.22,10.55,11.05,323223
2017-02-24,10.75,11.06,10.5,10.6,147334
2017-02-27,10.75,11.35,10.65,11.1,248584
2017-02-28,11.1,11.3,10.65,10.85,138252
2017-03-01,11.25,12.2,11.15,11.95,338406
2017-03-02,12.0,12.05,10.85,11.15,233077
2017-03-03,11.2,11.45,11.15,11.2,193897
2017-03-06,10.9,11.14,10.45,10.85,153215
2017-03-07,10.85,10.85,10.25,10.35,255629
2017-03-08,10.25,10.6,10.15,10.15,216849
2017-03-09,9.95,10.25,9.65,9.7,227147
2017-03-10,9.8,9.85,9.25,9.55,273459
2017-03-13,9.7,10.4,9.65,10.15,322317
2017-03-14,9.4,10.55,9.4,10.4,484308
2017-03-15,10.55,11.7,10.5,11.4,457030
2017-03-16,11.65,12.2,11.65,11.75,358956
2017-03-17,11.8,12.5,11.6,11.85,492948
2017-03-20,11.85,11.85,11.35,11.55,309071
2017-03-21,11.7,11.7,10.6,10.95,290756
2017-03-22,10.85,11.25,10.56,11.0,318125
2017-03-23,11.05,11.15,10.85,11.05,157319
2017-03-24,11.1,11.2,10.85,10.95,163087
2017-03-27,10.7,11.1,10.1,10.8,352533
2017-03-28,10.8,11.2,10.6,11.0,442358
2017-03-29,11.0,11.25,10.8,10.95,200387
2017-03-30,11.2,12.45,11.05,12.35,408570
2017-03-31,12.25,13.15,12.08,12.6,335887
2017-04-03,12.65,12.9,12.25,12.6,221566
2017-04-04,12.6,12.85,12.35,12.7,243352
2017-04-05,12.75,13.1,11.7,12.15,318955
2017-04-06,12.2,12.3,11.7,12.3,248452
2017-04-07,12.6,14.6,12.6,13.5,820024
2017-04-10,13.6,13.75,12.9,13.45,209737
2017-04-11,13.4,13.78,13.08,13.75,179406
2017-04-12,13.55,13.55,12.5,12.6,146225
2017-04-13,12.6,12.75,11.95,11.95,164995
2017-04-17,12.35,12.5,12.1,12.2,359629
2017-04-18,12.1,12.65,12.1,12.45,185112
2017-04-19,12.65,12.7,12.1,12.2,265014
2017-04-20,12.55,12.92,12.25,12.7,222201
2017-04-21,12.7,12.8,12.35,12.7,146651
2017-04-24,13.1,13.2,12.8,12.95,234084
2017-04-25,13.2,14.65,13.2,14.3,470135
2017-04-26,13.75,14.45,13.65,14.25,171421
2017-04-27,14.3,14.3,13.5,13.65,255067
2017-04-28,13.75,14.15,13.65,13.7,139968
2017-05-01,13.7,14.25,13.5,13.9,282783
2017-05-02,13.8,14.0,13.1,13.15,170542
2017-05-03,13.0,13.2,12.0,12.35,417972
2017-05-04,12.6,13.05,10.32,10.4,614654
2017-05-05,10.6,10.6,9.55,10.0,629813
2017-05-08,10.0,10.0,9.45,9.8,390764
2017-05-09,9.85,10.53,9.62,10.35,520195
2017-05-10,10.4,10.4,9.9,10.1,514937
2017-05-11,10.15,10.4,9.7,9.85,332121
2017-05-12,9.8,9.9,8.85,8.95,619174
2017-05-15,9.15,9.55,9.1,9.55,526727
2017-05-16,9.5,9.88,9.35,9.8,312365
2017-05-17,9.65,9.73,8.92,9.15,489974
2017-05-18,9.15,9.2,8.75,8.95,465968
2017-05-19,9.05,9.55,8.8,9.3,431221
2017-05-22,9.55,9.6,9.05,9.25,339750
2017-05-23,9.3,9.7,9.05,9.5,288455
2017-05-24,9.45,10.05,9.23,9.6,558438
2017-05-25,9.6,9.75,9.38,9.4,419208
2017-05-26,9.4,9.4,8.35,8.75,634730
2017-05-30,8.6,8.8,8.5,8.75,423076
2017-05-31,8.8,8.8,7.8,8.35,654095
2017-06-01,8.5,8.9,8.38,8.8,431920
2017-06-02,8.65,8.9,8.5,8.65,439632
2017-06-05,8.75,9.2,8.7,9.0,424676
2017-06-06,8.95,9.22,8.75,9.1,287525
2017-06-07,9.1,9.35,8.75,8.8,335727
2017-06-08,8.75,10.08,8.55,10.0,607994
2017-06-09,10.05,10.3,9.5,9.6,430474
2017-06-12,9.7,10.25,9.6,10.2,349403
2017-06-13,10.25,10.64,10.12,10.3,343532
2017-06-14,10.2,10.25,9.35,9.6,410565
2017-06-15,9.3,9.55,8.9,9.05,319473
2017-06-16,9.05,9.2,8.75,8.95,263554
2017-06-19,9.05,9.2,8.8,8.95,281348
2017-06-20,8.8,8.9,8.6,8.85,200769
2017-06-21,8.9,9.16,8.6,8.65,276307
2017-06-22,8.65,9.0,8.65,8.95,198353
2017-06-23,9.1,9.3,8.8,9.15,453505
2017-06-26,9.1,9.35,8.85,9.1,256724
2017-06-27,9.25,9.6,8.9,9.0,237595
2017-06-28,8.85,9.9,8.64,9.55,496693
2017-06-29,9.7,10.0,9.1,9.45,367488
2017-06-30,9.4,10.0,9.4,9.9,418164
2017-07-03,10.0,10.25,9.95,10.0,168444
2017-07-05,10.0,10.1,9.45,9.65,166333
2017-07-06,9.55,9.8,8.9,9.0,343949
2017-07-07,9.0,9.35,8.75,9.3,233932
2017-07-10,9.15,9.58,8.95,9.4,189450
2017-07-11,9.35,9.5,9.0,9.05,359265
2017-07-12,9.3,9.55,8.85,8.9,392714
2017-07-13,8.9,9.35,8.75,9.05,432036
2017-07-14,9.1,9.3,8.9,9.0,283437
2017-07-17,9.0,9.28,8.9,9.0,354105
2017-07-18,8.95,9.35,8.85,9.3,390426
2017-07-19,9.2,9.6,9.0,9.3,269304
2017-07-20,9.35,9.35,8.95,9.0,550961
2017-07-21,9.1,9.1,8.85,8.9,265962
2017-07-24,8.85,8.95,8.65,8.85,292071
2017-07-25,8.95,9.55,8.95,9.15,305570
2017-07-26,9.25,9.35,8.75,8.9,355035
2017-07-27,8.95,9.1,8.7,8.9,301191
2017-07-28,8.85,8.85,8.52,8.7,477320
2017-07-31,,,8.5,8.65,236850
2017-08-01,8.7,8.8,8.45,8.65,243278
