Date,Open,High,Low,Close,Volume
2008-06-18,99.0,100.0,98.5,100.0,520
2008-06-19,98.5,100.0,98.0,98.0,860
2008-06-20,99.0,100.0,99.0,100.0,130
2008-06-23,,,,100.0,0
2008-06-24,,,,100.0,0
2008-06-25,97.3,98.2,97.2,98.2,700
2008-06-26,,,,98.2,0
2008-06-27,94.4,94.4,94.4,94.4,150
2008-06-30,94.4,94.4,94.4,94.4,50
2008-07-01,,,,94.4,0
2008-07-02,95.7,95.7,95.7,95.7,50
2008-07-03,94.0,94.0,93.1,94.0,270
2008-07-07,92.0,92.0,92.0,92.0,30
2008-07-08,,,,92.0,0
2008-07-09,93.4,93.4,92.6,92.6,400
2008-07-10,90.0,92.0,90.0,92.0,2780
2008-07-11,90.7,90.7,88.2,90.3,2200
2008-07-14,89.8,90.8,89.8,90.8,2050
2008-07-15,89.1,89.1,85.0,85.0,780
2008-07-16,85.0,90.4,85.0,90.4,7100
2008-07-17,91.3,92.8,91.3,91.7,570
2008-07-18,,,,91.7,0
2008-07-21,92.2,92.2,91.8,91.8,650
2008-07-22,92.1,92.6,92.1,92.6,360
2008-07-23,93.7,93.7,93.4,93.4,800
2008-07-24,92.5,92.5,92.0,92.0,220
2008-07-25,91.7,91.7,91.7,91.7,2180
2008-07-28,91.5,91.5,90.2,90.2,900
2008-07-29,90.4,91.0,85.4,90.7,6760
2008-07-30,85.2,93.0,85.2,93.0,7620
2008-07-31,92.3,92.6,92.3,92.6,4250
2008-08-01,91.3,91.3,91.3,91.3,50
2008-08-04,90.1,90.1,90.1,90.1,1520
2008-08-05,91.3,91.3,90.2,91.3,1530
2008-08-06,92.2,92.3,92.0,92.3,1250
2008-08-07,,,,92.3,0
2008-08-08,92.4,92.4,92.4,92.4,50
2008-08-11,93.3,94.0,93.3,93.7,900
2008-08-12,93.5,93.5,93.2,93.2,1300
2008-08-13,92.1,92.6,91.1,92.6,430
2008-08-14,,,,92.6,0
2008-08-15,93.0,93.0,93.0,93.0,400
2008-08-18,91.7,91.7,91.7,91.7,150
2008-08-19,90.0,91.1,90.0,91.1,3030
2008-08-20,91.3,91.3,91.0,91.2,1790
2008-08-21,91.3,91.4,89.0,91.4,2220
2008-08-22,91.8,92.5,91.8,92.4,780
2008-08-25,92.3,92.3,90.5,90.9,2000
2008-08-26,91.0,91.2,90.8,91.2,3060
2008-08-27,91.4,92.1,90.2,91.7,3010
2008-08-28,,,,91.7,0
2008-08-29,,,,91.7,0
2008-09-02,93.5,93.5,92.5,92.5,350
2008-09-03,91.6,91.75,91.0,91.5,22950
2008-09-04,89.2,89.3,88.8,88.9,570
2008-09-05,88.5,88.5,88.5,88.5,200
2008-09-08,91.4,91.4,91.4,91.4,10
2008-09-09,,,,91.4,0
2008-09-10,89.2,89.2,88.3,88.5,1270
2008-09-11,87.1,88.8,87.1,88.8,3510
2008-09-12,89.1,89.8,89.1,89.8,2370
2008-09-15,85.0,89.2,85.0,85.9,3150
2008-09-16,82.5,86.3,80.1,86.3,32390
2008-09-17,83.6,83.6,81.1,82.7,6430
2008-09-18,81.2,84.9,80.0,84.9,15700
2008-09-19,87.3,88.7,87.3,87.9,9980
2008-09-22,87.4,87.4,85.4,85.4,6440
2008-09-23,86.1,86.4,84.3,85.1,10090
2008-09-24,83.9,84.2,81.7,83.8,5260
2008-09-25,84.9,86.3,84.5,85.4,13480
2008-09-26,83.0,84.8,83.0,84.2,3550
2008-09-29,84.0,84.0,79.0,79.0,2240
2008-09-30,78.0,81.9,76.6,80.7,22880
2008-10-01,81.1,81.2,81.0,81.0,710
2008-10-02,78.6,79.4,78.6,79.4,400
2008-10-03,79.7,80.6,78.2,78.6,2380
2008-10-06,75.4,75.4,69.4,73.6,5250
2008-10-07,72.7,73.8,69.7,70.3,13460
2008-10-08,62.6,70.6,62.6,68.5,12370
2008-10-09,66.0,69.6,62.7,62.7,6490
2008-10-10,56.7,62.5,44.0,61.7,18810
2008-10-13,61.0,68.5,61.0,68.5,26700
2008-10-14,71.4,72.5,66.2,69.0,15470
2008-10-15,67.4,67.4,64.1,64.9,3410
2008-10-16,68.8,68.8,60.2,65.2,4810
2008-10-17,63.1,66.4,63.1,65.8,4240
2008-10-20,63.7,68.0,63.7,67.5,2610
2008-10-21,65.5,68.2,65.5,68.1,2370
2008-10-22,65.9,65.9,62.0,62.0,10150
2008-10-23,62.0,62.2,60.5,60.9,1590
2008-10-24,59.6,61.4,59.6,61.0,5680
2008-10-27,59.8,61.2,59.6,59.6,3070
2008-10-28,55.5,64.9,54.7,64.9,30080
2008-10-29,65.0,67.5,64.1,65.7,41100
2008-10-30,65.8,66.8,64.3,65.9,141120
2008-10-31,65.6,68.0,65.5,66.6,6190
2008-11-03,67.3,68.2,66.5,67.1,10480
2008-11-04,68.6,70.0,68.0,69.7,4690
2008-11-05,69.4,69.4,67.2,67.2,1440
2008-11-06,65.7,65.7,62.3,62.8,3030
2008-11-07,63.0,64.1,63.0,63.6,310
2008-11-10,64.5,64.5,62.8,63.4,1080
2008-11-11,61.7,62.9,61.2,61.7,3677
2008-11-12,60.4,60.7,59.9,59.9,2965
2008-11-13,59.3,62.5,58.5,62.5,1740
2008-11-14,60.5,62.7,60.5,61.6,4950
2008-11-17,60.7,60.7,58.7,58.9,3725
2008-11-18,57.8,59.3,57.2,58.3,4035
2008-11-19,56.8,60.0,54.8,56.4,10578
2008-11-20,53.6,56.1,51.5,51.5,3075
2008-11-21,50.7,55.8,50.7,55.8,7090
2008-11-24,57.5,58.5,47.7,58.5,12580
2008-11-25,55.7,60.0,55.7,59.2,26075
2008-11-26,58.5,61.3,58.5,61.0,11228
2008-11-28,62.2,62.2,61.2,61.3,700
2008-12-01,60.9,60.9,56.7,56.7,2521
2008-12-02,58.0,58.5,57.0,57.8,2000
2008-12-03,57.3,60.0,57.3,60.0,2323
2008-12-04,57.8,61.1,57.8,58.0,5296
2008-12-05,54.4,60.6,54.4,60.6,3007
2008-12-08,62.6,63.6,62.3,63.6,3805
2008-12-09,63.0,63.0,62.8,62.8,200
2008-12-10,62.3,62.6,61.2,62.6,4892
2008-12-11,62.5,62.7,62.0,62.0,1750
2008-12-12,60.0,60.8,60.0,60.5,1868
2008-12-15,61.1,61.1,59.0,60.1,5450
2008-12-16,59.8,63.6,59.8,63.5,1880
2008-12-17,62.4,63.6,62.1,63.2,2630
2008-12-18,62.5,62.9,61.2,61.2,7645
2008-12-19,61.9,61.9,61.1,61.3,645
2008-12-22,60.6,61.3,59.7,59.7,3180
2008-12-23,60.3,60.4,58.8,59.6,4590
2008-12-24,59.4,59.9,59.4,59.9,3655
2008-12-26,60.2,60.2,59.9,60.0,5240
2008-12-29,59.4,59.7,59.4,59.7,1502
2008-12-30,59.6,62.2,59.6,62.2,5030
2008-12-31,61.9,62.7,61.9,62.4,2946
2009-01-02,63.7,64.6,63.3,64.6,422
2009-01-05,64.3,64.4,64.0,64.0,6180
2009-01-06,64.1,65.2,64.1,64.6,6530
2009-01-07,63.3,64.0,62.6,62.6,1517
2009-01-08,62.1,63.1,62.1,63.1,960
2009-01-09,62.0,62.0,62.0,62.0,500
2009-01-12,61.1,61.1,59.3,60.4,1270
2009-01-13,60.2,60.2,60.1,60.1,994
2009-01-14,59.1,59.7,58.3,58.4,4310
2009-01-15,57.9,58.9,57.9,57.9,700
2009-01-16,59.3,59.3,58.0,59.0,4500
2009-01-20,57.3,57.3,57.1,57.1,1140
2009-01-21,56.2,57.6,56.2,57.6,885
2009-01-22,56.8,57.6,56.8,57.6,4353
2009-01-23,56.5,57.9,56.5,57.7,1655
2009-01-26,58.8,58.8,57.6,58.0,1479
2009-01-27,58.4,59.0,58.4,58.8,1190
2009-01-28,60.2,61.1,60.0,60.6,1560
2009-01-29,59.4,59.8,58.4,59.2,3130
2009-01-30,58.9,58.9,58.0,58.0,580
2009-02-02,56.9,57.6,56.8,57.6,2680
2009-02-03,57.5,58.5,57.4,58.5,1840
2009-02-04,58.5,59.0,58.5,58.8,950
2009-02-05,56.6,59.0,56.6,58.8,3777
2009-02-06,59.3,60.5,59.3,60.5,360
2009-02-09,60.3,60.5,60.2,60.5,310
2009-02-10,60.1,60.1,57.7,57.7,950
2009-02-11,58.0,58.1,57.7,57.8,798
2009-02-12,56.7,57.3,56.2,57.3,1329
2009-02-13,57.1,58.3,57.1,58.1,1833
2009-02-17,56.6,56.6,55.0,55.0,5714
2009-02-18,54.3,55.0,54.3,54.6,1982
2009-02-19,55.1,55.3,54.4,54.4,3722
2009-02-20,53.3,53.7,52.8,53.7,2920
2009-02-23,53.5,53.9,51.5,52.0,7878
2009-02-24,52.2,53.9,52.0,53.8,9682
2009-02-25,53.1,53.9,52.6,53.6,1296
2009-02-26,53.6,54.2,52.4,52.6,3340
2009-02-27,50.5,51.7,50.5,51.6,770
2009-03-02,50.0,50.3,48.6,48.6,1055
2009-03-03,49.2,49.3,48.3,48.4,2313
2009-03-04,49.2,50.2,48.9,50.2,3723
2009-03-05,47.7,48.5,47.2,47.6,1510
2009-03-06,47.1,47.1,46.4,46.4,2250
2009-03-09,46.0,47.1,46.0,47.1,1400
2009-03-10,46.7,49.5,46.7,49.4,4052
2009-03-11,50.2,50.2,46.6,49.6,1874
2009-03-12,51.4,51.4,51.4,51.4,490
2009-03-13,51.5,51.7,51.5,51.7,120
2009-03-16,52.3,52.7,51.9,51.9,470
2009-03-17,51.6,52.8,51.6,52.8,1460
2009-03-18,54.0,54.6,54.0,54.1,388
2009-03-19,54.4,54.4,54.0,54.0,600
2009-03-20,54.1,54.2,52.9,52.9,2360
2009-03-23,54.45,56.2,54.45,56.2,2030
2009-03-24,56.3,56.5,55.7,55.7,1545
2009-03-25,56.1,57.1,55.2,56.3,4640
2009-03-26,57.5,57.5,56.4,57.5,5127
2009-03-27,56.8,56.8,56.4,56.5,1440
2009-03-30,54.6,54.6,53.7,54.1,1665
2009-03-31,55.0,55.7,54.4,55.7,760
2009-04-01,54.6,56.0,54.6,55.2,5840
2009-04-02,58.5,58.5,57.4,57.4,687
2009-04-03,57.6,57.8,57.6,57.8,440
2009-04-06,,,,57.8,0
2009-04-07,56.0,56.9,56.0,56.5,1250
2009-04-08,56.4,56.9,56.4,56.9,295
2009-04-09,58.8,58.8,58.5,58.5,610
2009-04-13,59.1,59.6,59.0,59.5,650
2009-04-14,,,,59.5,0
2009-04-15,58.7,59.1,58.3,59.1,4960
2009-04-16,59.0,60.0,58.8,60.0,7420
2009-04-17,60.1,60.4,59.9,60.4,1180
2009-04-20,58.6,58.6,57.9,57.9,20058
2009-04-21,56.7,58.9,56.7,58.9,2573
2009-04-22,58.5,59.6,58.5,59.6,1010
2009-04-23,58.5,58.7,58.5,58.6,2580
2009-04-24,59.5,60.3,59.5,60.3,275
2009-04-27,59.9,60.28,59.9,60.2,350
2009-04-28,59.7,60.0,59.4,59.4,5670
2009-04-29,60.6,61.3,60.6,61.2,2500
2009-04-30,61.3,61.3,60.9,60.9,600
2009-05-01,60.9,60.9,60.8,60.8,100
2009-05-04,61.3,63.0,61.3,62.7,1628
2009-05-05,63.4,63.4,63.4,63.4,50
2009-05-06,64.4,64.4,64.4,64.4,1000
2009-05-07,65.1,65.1,64.4,64.4,845
2009-05-08,64.5,65.0,64.4,64.9,1330
2009-05-11,64.2,64.2,64.0,64.0,150
2009-05-12,63.2,63.2,63.2,63.2,255
2009-05-13,62.6,62.6,62.3,62.5,1470
2009-05-14,63.3,63.6,63.3,63.6,280
2009-05-15,61.9,61.9,61.9,61.9,600
2009-05-18,63.1,65.3,63.1,65.3,3660
2009-05-19,65.3,65.3,63.9,64.6,1260
2009-05-20,65.4,65.4,64.6,64.6,1550
2009-05-21,62.7,62.8,61.7,61.7,822
2009-05-22,62.4,62.6,62.4,62.6,380
2009-05-26,63.83,64.5,63.83,64.4,1150
2009-05-27,64.5,64.5,63.8,63.8,1360
2009-05-28,64.4,64.4,63.8,63.8,730
2009-05-29,64.5,65.0,64.4,65.0,940
2009-06-01,66.8,67.5,66.8,67.5,610
2009-06-02,66.8,67.0,66.8,67.0,370
2009-06-03,65.9,65.9,65.3,65.6,290
2009-06-04,,,,65.6,0
2009-06-05,67.5,67.5,66.2,66.7,640
2009-06-08,66.0,66.0,65.9,66.0,566
2009-06-09,67.0,67.0,66.7,66.7,800
2009-06-10,,,,66.7,0
2009-06-11,66.9,67.9,66.9,67.7,3387
2009-06-12,66.8,66.9,66.7,66.7,740
2009-06-15,65.4,65.6,65.4,65.6,955
2009-06-16,65.9,65.9,65.1,65.1,1284
2009-06-17,64.9,65.8,64.7,64.9,2001
2009-06-18,65.1,65.8,65.1,65.2,6122
2009-06-19,65.2,65.8,65.2,65.3,1438
2009-06-22,64.1,64.1,63.5,64.0,3772
2009-06-23,63.7,64.2,63.1,64.1,3162
2009-06-24,64.0,65.1,63.8,64.4,5154
2009-06-25,63.8,65.8,63.8,65.2,4115
2009-06-26,65.3,65.4,65.3,65.3,710
2009-06-29,66.9,66.9,66.88,66.88,60
2009-06-30,65.1,65.47,63.7,65.47,2210
2009-07-01,66.6,66.6,66.3,66.3,550
2009-07-02,64.6,64.6,64.3,64.4,766
2009-07-06,63.8,64.1,63.6,64.1,409
2009-07-07,63.9,64.0,63.4,63.4,339
2009-07-08,63.2,63.2,62.7,62.7,491
2009-07-09,63.1,63.3,63.1,63.3,330
2009-07-10,62.5,62.5,62.5,62.5,250
2009-07-13,64.7,65.0,63.9,64.2,1190
2009-07-14,64.8,64.8,64.8,64.8,180
2009-07-15,67.3,67.3,67.3,67.3,10
2009-07-16,66.3,67.3,66.3,67.3,150
2009-07-17,66.9,66.9,66.9,66.9,150
2009-07-20,69.1,69.2,68.0,68.0,1474
2009-07-21,68.1,68.1,68.1,68.1,180
2009-07-22,68.0,69.4,68.0,68.7,1980
2009-07-23,70.0,70.3,69.8,69.8,670
2009-07-24,70.1,70.1,70.1,70.1,250
2009-07-27,70.2,70.2,70.2,70.2,390
2009-07-28,70.3,70.5,70.3,70.3,720
2009-07-29,70.4,70.4,70.4,70.4,280
2009-07-30,71.9,71.9,71.2,71.2,480
2009-07-31,71.0,71.0,71.0,71.0,100
2009-08-03,71.36,73.0,71.36,71.9,910
2009-08-04,72.8,72.8,72.6,72.6,680
2009-08-05,73.3,73.3,72.5,72.5,800
2009-08-06,72.3,72.3,72.2,72.2,700
2009-08-07,73.2,73.2,72.9,72.9,1195
2009-08-10,72.4,73.2,72.4,72.9,3645
2009-08-12,73.6,73.6,73.1,73.4,2160
2009-08-13,73.5,73.5,73.5,73.5,100
2009-08-14,72.4,72.4,72.4,72.4,250
2009-08-17,71.1,72.1,71.1,72.1,494
2009-08-18,,,,72.1,0
2009-08-19,71.1,72.3,71.1,72.3,560
2009-08-20,72.6,73.4,72.6,73.4,760
2009-08-21,73.8,73.8,73.2,73.4,350
2009-08-24,74.1,74.1,73.9,74.0,800
2009-08-25,73.8,74.4,73.8,74.4,260
2009-08-26,73.9,73.9,73.9,73.9,225
2009-08-27,,,,73.9,0
2009-08-28,,,,73.9,0
2010-08-03,18.9,19.1,18.4,19.1,2999
2010-08-04,20.2,21.2,18.9,19.7,8066
2010-08-05,18.9,19.14,18.6,18.6,3180
2010-08-06,16.2,19.1,16.2,18.9,2874
2010-08-09,19.6,19.9,18.2,18.3,2443
2010-08-10,18.4,19.7,17.9,19.7,2408
2010-08-11,19.4,19.4,18.7,19.0,2372
2010-08-12,1.89,2.0,1.83,1.83,48294
2010-08-13,17.75,18.92,17.65,18.51,4672
2010-08-16,17.35,18.5,17.35,18.5,12523
2010-08-17,18.0,19.0,18.0,18.85,2996
2010-08-18,19.35,20.0,19.0,20.0,3537
2010-08-19,19.25,20.75,19.25,20.4,6323
2010-08-20,20.01,20.11,20.01,20.01,1501
2010-08-23,19.52,20.24,19.52,19.91,3585
2010-08-24,19.19,19.5,18.69,19.15,1187
2010-08-25,18.66,18.66,18.11,18.5,2165
2010-08-26,18.25,18.44,18.25,18.44,1104
2010-08-27,18.5,18.99,18.45,18.99,2790
2010-08-30,19.37,19.5,18.55,18.62,3257
2010-08-31,18.3,18.74,18.18,18.74,3358
2010-09-01,18.29,19.49,18.26,18.38,9009
2010-09-02,18.18,19.24,18.18,19.09,2105
2010-09-03,19.23,19.31,18.79,18.86,2539
2010-09-07,19.24,19.24,18.65,19.0,4459
2010-09-08,19.01,19.01,19.0,19.0,2300
2010-09-09,18.88,19.54,18.88,19.53,3789
2010-09-10,19.16,19.44,19.15,19.25,886
2010-09-13,18.6,19.2,18.6,19.0,1200
2010-09-14,19.0,19.31,19.0,19.31,2625
2010-09-15,19.16,19.26,19.0,19.2,1693
2010-09-16,17.26,17.26,17.26,17.26,0
2010-09-17,19.01,19.49,19.0,19.2,2838
2010-09-20,19.3,19.3,19.0,19.02,5028
2010-09-21,19.0,19.01,19.0,19.01,1520
2010-09-22,19.25,19.25,19.0,19.01,400
2010-09-23,19.03,19.08,19.0,19.0,3320
2010-09-24,19.0,19.27,19.0,19.0,4913
2010-09-27,19.0,19.06,19.0,19.06,3238
2010-09-28,19.06,19.24,19.0,19.0,3447
2010-09-29,19.0,19.11,19.0,19.0,5403
2010-09-30,19.01,19.07,19.0,19.07,490
2010-10-01,18.88,19.06,18.88,19.0,1830
2010-10-04,19.0,19.06,19.0,19.0,1879
2010-10-05,19.0,19.1,19.0,19.1,3363
2010-10-06,19.0,19.15,19.0,19.12,1561
2010-10-07,19.0,19.27,19.0,19.24,14391
2010-10-08,19.25,19.5,19.25,19.25,20001
2010-10-11,19.26,19.27,19.25,19.25,961
2010-10-12,19.27,19.3,19.25,19.28,5039
2010-10-13,19.39,19.4,19.39,19.4,1931
2010-10-14,19.25,19.25,19.25,19.25,328
2010-10-15,19.39,19.65,19.25,19.25,35166
2010-10-18,19.75,20.42,19.75,20.28,9028
2010-10-19,20.0,20.35,19.51,20.1,6293
2010-10-20,20.35,20.35,20.0,20.0,13889
2010-10-21,20.05,20.15,20.05,20.15,1289
2010-10-22,20.15,20.45,20.15,20.31,4187
2010-10-25,20.41,20.41,20.34,20.34,1351
2010-10-26,20.22,20.98,20.22,20.98,5582
2010-10-27,21.29,21.29,20.5,21.0,4900
2010-10-28,21.19,21.19,20.99,21.01,2900
2010-10-29,21.19,21.19,21.0,21.1,1790
2010-11-01,21.0,21.07,20.84,21.07,10771
2010-11-02,21.16,21.2,21.0,21.0,4234
2010-11-03,21.21,21.21,21.03,21.07,1906
2010-11-04,21.12,21.51,21.0,21.51,9281
2010-11-05,21.35,21.65,21.35,21.65,2510
2010-11-08,21.7,21.91,21.42,21.91,2455
2010-11-09,22.0,22.2,22.0,22.12,2442
2010-11-10,22.0,22.0,21.25,21.25,9939
2010-11-11,21.5,21.99,21.0,21.0,3658
2010-11-12,21.0,21.24,20.79,20.86,9879
2010-11-15,21.9,22.91,21.6,22.66,48333
2010-11-16,22.88,22.92,21.88,21.88,30507
2010-11-17,19.52,19.52,18.38,18.38,24876
2010-11-18,18.45,18.75,18.11,18.33,4853
2010-11-19,18.2,18.39,18.13,18.39,3150
2010-11-22,18.22,18.48,18.18,18.21,7734
2010-11-23,18.1,18.11,17.62,17.62,6289
2010-11-24,17.65,17.65,16.6,17.14,8847
2010-11-26,16.91,17.19,16.91,17.19,298
2010-11-29,16.77,17.61,16.77,17.59,705
2010-11-30,17.02,17.92,17.02,17.58,693
2010-12-01,17.03,17.23,17.01,17.23,2062
2010-12-02,17.0,17.65,17.0,17.65,6523
2010-12-03,17.54,17.54,17.5,17.51,1760
2010-12-06,17.06,17.5,17.06,17.5,9702
2010-12-07,17.5,17.99,17.5,17.69,1829
2010-12-08,17.98,17.98,17.64,17.81,1545
2010-12-09,18.0,18.0,17.51,17.51,3173
2010-12-10,17.51,17.54,17.51,17.52,1300
2010-12-13,17.6,17.97,17.6,17.93,3069
2010-12-14,17.5,17.97,17.5,17.8,5642
2010-12-15,17.51,18.0,17.5,17.75,3159
2010-12-16,17.85,17.96,17.85,17.92,3803
2010-12-17,17.5,17.94,17.02,17.64,4402
2010-12-20,17.31,18.0,17.31,17.67,6058
2010-12-21,17.35,17.98,17.35,17.6,7950
2010-12-22,17.89,17.99,17.76,17.76,3221
2010-12-23,17.45,17.95,17.44,17.81,5344
2010-12-27,17.86,18.0,17.8,18.0,6062
2010-12-28,18.0,18.5,18.0,18.0,3919
2010-12-29,17.64,17.68,17.52,17.64,1307
2010-12-30,17.53,17.95,17.08,17.89,1775
2010-12-31,17.5,17.96,17.09,17.35,6648
2011-01-03,17.21,18.02,17.21,18.02,6668
2011-01-04,17.6,18.02,17.57,17.86,1916
2011-01-05,17.64,17.97,17.35,17.36,11054
2011-01-06,17.46,17.9,17.46,17.9,4414
2011-01-07,17.75,17.9,17.55,17.9,3188
2011-01-10,17.89,17.89,17.8,17.8,1049
2011-01-11,17.83,18.0,17.83,17.9,6675
2011-01-12,18.11,18.14,18.11,18.11,2089
2011-01-13,17.9,18.2,17.9,18.1,8431
2011-01-14,17.5,18.48,17.5,18.11,3940
2011-01-18,18.5,19.5,18.5,19.25,25682
2011-01-19,19.48,19.48,19.06,19.25,6978
2011-01-20,19.1,19.3,19.1,19.3,7810
2011-01-21,19.2,19.89,19.2,19.63,7655
2011-01-24,19.75,20.14,19.7,20.02,15744
2011-01-25,19.95,20.1,19.95,20.1,3618
2011-01-26,20.02,20.87,20.02,20.87,9700
2011-01-27,20.75,21.09,20.5,20.79,7223
2011-01-28,20.79,20.79,20.51,20.51,1704
2011-01-31,20.59,21.11,20.59,20.89,3033
2011-02-01,20.74,21.28,20.62,21.0,8449
2011-02-02,21.0,21.36,20.9,21.06,6276
2011-02-03,21.1,21.6,20.8,20.89,8825
2011-02-04,20.94,21.79,20.94,21.51,4175
2011-02-07,21.67,21.67,21.0,21.29,2550
2011-02-08,21.0,21.29,21.0,21.2,12273
2011-02-09,21.2,21.56,21.2,21.22,2518
2011-02-10,21.05,21.5,21.0,21.11,4937
2011-02-11,21.0,21.25,21.0,21.11,2594
2011-02-14,21.03,21.3,21.03,21.3,1358
2011-02-15,21.46,21.66,21.23,21.51,3565
2011-02-16,21.29,21.59,21.03,21.15,3931
2011-02-17,21.24,21.78,21.12,21.68,19913
2011-02-18,21.42,21.75,21.31,21.66,1944
2011-02-22,21.3,21.7,20.75,21.12,13420
2011-02-23,21.25,21.25,20.5,20.62,18234
2011-02-24,20.62,21.0,20.62,20.92,2478
2011-02-25,21.1,21.1,20.7,20.8,3653
2011-02-28,20.98,21.28,20.98,21.25,18658
2011-03-01,21.18,21.65,21.18,21.55,3557
2011-03-02,21.55,21.7,21.25,21.63,11535
2011-03-03,21.75,21.8,21.5,21.8,10360
2011-03-04,21.83,21.89,21.83,21.89,5900
2011-03-07,21.89,21.91,21.89,21.89,16850
2011-03-08,21.98,22.5,21.9,22.06,6141
2011-03-09,22.0,22.43,21.95,22.43,3250
2011-03-10,22.02,22.03,21.9,21.98,3745
2011-03-11,21.96,21.96,21.85,21.9,6556
2011-03-14,21.55,21.75,21.07,21.75,5588
2011-03-15,21.55,21.99,21.15,21.75,8668
2011-03-16,21.7,21.7,21.4,21.7,5718
2011-03-17,21.7,21.8,21.7,21.7,9555
2011-03-18,21.2,21.8,21.2,21.7,7164
2011-03-21,21.48,21.69,21.48,21.69,3485
2011-03-22,21.4,21.4,21.4,21.4,2414
2011-03-23,21.2,21.57,21.15,21.15,8236
2011-03-24,21.08,21.53,20.7,20.85,4836
2011-03-25,20.6,20.6,20.6,20.6,425
2011-03-28,21.34,21.34,21.05,21.1,4111
2011-03-29,21.3,21.3,20.95,21.05,2240
2011-03-30,21.24,21.24,20.65,20.86,10955
2011-03-31,21.07,21.36,20.66,21.36,1407
2011-04-01,21.24,21.45,20.79,21.3,2838
2011-04-04,20.6,21.15,20.6,21.0,3517
2011-04-05,21.0,21.25,21.0,21.08,3668
2011-04-06,21.08,21.15,21.02,21.1,2345
2011-04-07,21.11,21.12,21.11,21.12,1582
2011-04-08,21.11,21.31,21.1,21.22,4371
2011-04-11,21.34,21.59,21.1,21.1,3781
2011-04-12,21.0,21.27,21.0,21.1,4228
2011-04-13,21.0,21.25,21.0,21.0,2305
2011-04-14,21.1,21.18,21.1,21.11,932
2011-04-15,21.1,21.1,21.0,21.03,1685
2011-04-18,21.03,21.05,21.0,21.05,2488
2011-04-19,21.0,21.0,20.61,20.8,4193
2011-04-20,21.0,21.02,20.82,20.82,5513
2011-04-21,20.8,21.0,20.79,21.0,2268
2011-04-25,20.66,20.85,20.5,20.85,6721
2011-04-26,20.64,20.89,20.64,20.65,8340
2011-04-27,20.6,20.84,20.6,20.75,3258
2011-04-28,20.72,20.75,20.72,20.75,683
2011-04-29,20.7,20.98,20.7,20.98,604
2011-05-02,21.0,21.25,21.0,21.25,1682
2011-05-03,21.02,21.11,21.02,21.11,1104
2011-05-04,21.0,21.01,21.0,21.0,690
2011-05-05,20.76,20.89,20.37,20.75,3139
2011-05-06,20.56,21.05,20.56,21.05,4025
2011-05-09,20.96,21.01,20.96,21.01,913
2011-05-10,21.23,21.23,20.7,21.02,4408
2011-05-11,21.0,21.22,21.0,21.0,600
2011-05-12,20.9,21.13,20.9,21.13,300
2011-05-13,20.0,20.0,20.0,20.0,0
2011-05-16,21.09,21.09,20.9,20.9,2188
2011-05-17,21.0,21.15,21.0,21.15,2715
2011-05-18,20.95,21.03,20.8,20.85,4000
2011-05-19,20.7,21.15,20.7,20.84,1094
2011-05-20,20.89,21.0,20.71,21.0,3110
2011-05-23,20.76,21.1,20.73,20.97,4751
2011-05-24,20.67,21.0,20.55,20.6,16913
2011-05-25,20.55,20.6,20.55,20.6,5592
2011-05-26,20.6,20.73,20.59,20.7,5900
2011-05-27,20.46,20.82,20.46,20.51,10767
2011-05-31,20.64,20.81,20.56,20.75,1811
2011-06-01,20.54,20.7,20.46,20.7,4042
2011-06-02,20.44,20.73,20.3,20.7,5183
2011-06-03,20.54,20.69,20.52,20.53,9670
2011-06-06,20.4,20.5,20.35,20.44,4385
2011-06-07,20.28,20.62,20.25,20.5,2131
2011-06-08,20.31,20.58,20.31,20.5,5700
2011-06-09,20.44,20.64,20.4,20.5,3060
2011-06-10,20.5,20.85,20.5,20.85,2058
2011-06-13,20.75,20.95,20.75,20.8,2012
2011-06-14,20.75,20.92,20.7,20.77,2003
2011-06-15,20.75,20.87,20.75,20.87,18554
2011-06-16,20.8,20.8,20.71,20.73,4603
2011-06-17,20.71,20.8,20.7,20.8,2100
2011-06-20,20.64,20.8,20.64,20.7,1856
2011-06-21,20.54,20.78,20.54,20.7,8969
2011-06-22,20.7,20.72,20.69,20.7,4362
2011-06-23,20.61,20.7,20.61,20.7,2057
2011-06-24,20.7,20.7,20.51,20.6,1494
2011-06-27,20.6,20.7,20.6,20.7,6287
2011-06-28,20.77,20.8,20.6,20.66,1366
2011-06-29,20.6,20.71,20.6,20.6,2030
2011-06-30,20.6,20.6,20.6,20.6,1300
2011-07-01,20.61,20.61,20.61,20.61,141
2011-07-05,20.8,20.8,20.65,20.71,2708
2011-07-06,20.73,20.8,20.73,20.75,2785
2011-07-07,20.75,20.91,20.74,20.85,1822
2011-07-08,20.78,20.94,20.66,20.75,2703
2011-07-11,20.68,20.73,20.65,20.68,21516
2011-07-12,20.68,20.89,20.68,20.69,10665
2011-07-13,20.86,20.86,20.53,20.65,4732
2011-07-14,20.86,21.79,20.67,21.05,25190
2011-07-15,21.19,21.57,21.07,21.1,9800
2011-07-18,20.84,21.45,20.81,20.98,31700
2011-07-19,20.95,21.14,20.88,21.0,21466
2011-07-20,21.16,21.56,20.92,20.92,29020
2011-07-21,21.1,21.5,21.0,21.0,2010
2011-07-22,21.0,21.21,20.92,21.21,19692
2011-07-25,21.17,21.17,21.0,21.0,4046
2011-07-26,20.9,20.96,20.9,20.92,3454
2011-07-27,20.81,21.05,20.78,20.78,16251
2011-07-28,20.75,20.85,20.51,20.51,24018
2011-07-29,20.7,22.41,20.07,20.99,47261
2011-08-01,20.86,20.99,20.38,20.7,4039
2011-08-02,20.43,20.43,19.51,19.6,8262
2011-08-03,19.65,20.0,19.49,19.51,3189
2011-08-04,19.49,19.49,18.99,18.99,300
2011-08-05,19.25,19.5,19.25,19.5,8002
2011-08-08,19.25,19.25,16.41,17.15,17064
2011-08-09,16.9,17.4,16.41,17.11,7018
2011-08-10,17.0,17.0,16.66,16.78,8763
2011-08-11,16.75,17.0,16.3,17.0,8371
2011-08-12,16.99,17.75,16.99,17.34,1290
2011-08-15,17.7,17.96,17.35,17.74,3385
2011-08-16,17.71,17.91,17.71,17.88,622
2011-08-17,18.0,18.0,17.57,17.79,3442
2011-08-18,17.75,17.75,17.35,17.35,2300
2011-08-19,17.09,17.55,17.09,17.44,3255
2011-08-22,17.81,18.0,17.27,17.4,2750
2011-08-23,17.3,17.53,17.18,17.5,2229
2011-08-24,17.36,17.36,17.26,17.26,681
2011-08-25,17.27,17.27,16.88,16.88,1515
2011-08-26,16.71,17.56,16.52,17.32,6399
2011-08-29,17.55,17.55,16.55,17.0,3095
2011-08-30,17.0,17.15,17.0,17.15,1600
2011-08-31,17.31,17.32,16.49,16.69,3693
2011-09-01,16.9,16.98,16.6,16.98,3286
2011-09-02,16.65,16.98,16.5,16.98,2227
2011-09-06,16.04,16.4,15.9,16.09,3695
2011-09-07,16.02,16.43,16.0,16.22,1960
2011-09-08,16.0,16.37,16.0,16.0,3459
2011-09-09,16.0,16.31,16.0,16.31,2990
2011-09-12,16.25,16.32,16.2,16.32,686
2011-09-13,16.2,16.4,16.1,16.35,3289
2011-09-14,16.43,16.49,16.3,16.49,688
2011-09-15,16.35,16.78,16.35,16.45,3186
2011-09-16,16.52,16.77,16.47,16.47,1800
2011-09-19,16.4,16.82,16.4,16.51,1593
2011-09-20,16.54,16.55,16.54,16.55,949
2011-09-21,16.5,16.65,16.5,16.65,2968
2011-09-22,16.77,16.82,16.49,16.6,6141
2011-09-23,16.76,16.76,16.5,16.62,1588
2011-09-26,16.57,16.7,16.54,16.54,2282
2011-09-27,16.38,16.75,16.38,16.75,4687
2011-09-28,16.85,16.88,16.57,16.57,2412
2011-09-29,16.59,16.6,16.54,16.59,2572
2011-09-30,16.66,16.8,16.5,16.5,3530
2011-10-03,16.5,16.64,16.5,16.5,3699
2011-10-04,16.55,16.55,16.3,16.4,3642
2011-10-05,16.33,16.33,16.1,16.22,2482
2011-10-06,16.04,16.23,15.96,16.02,1855
2011-10-07,16.18,16.2,16.1,16.1,1600
2011-10-10,16.26,16.26,16.15,16.19,2197
2011-10-11,16.01,16.08,15.99,16.02,24929
2011-10-12,15.86,16.21,15.86,16.09,5327
2011-10-13,16.1,16.1,15.59,15.92,5538
2011-10-14,15.81,15.84,15.55,15.83,3493
2011-10-17,16.29,16.46,15.95,15.95,1300
2011-10-18,15.52,15.7,15.52,15.7,489
2011-10-19,15.6,15.8,15.6,15.7,2107
2011-10-20,15.6,15.7,15.6,15.7,401
2011-10-21,15.89,15.89,15.66,15.66,1130
2011-10-24,15.62,15.9,15.55,15.9,3612
2011-10-25,15.88,15.9,15.4,15.6,14234
2011-10-26,15.83,15.83,15.5,15.62,10922
2011-10-27,15.6,16.0,15.6,15.99,14849
2011-10-28,16.0,16.07,16.0,16.0,5564
2011-10-31,16.0,16.16,16.0,16.15,7060
2011-11-01,16.28,16.5,16.04,16.04,2284
2011-11-02,16.17,16.17,16.15,16.16,4017
2011-11-03,16.03,16.2,15.82,16.14,11831
2011-11-04,16.14,16.19,16.14,16.19,2292
2011-11-07,16.2,16.2,15.81,15.96,12461
2011-11-08,16.0,16.12,16.0,16.02,2151
2011-11-09,16.0,16.15,16.0,16.15,3460
2011-11-10,16.0,16.68,16.0,16.07,725
2011-11-11,16.17,16.32,16.17,16.32,1879
2011-11-14,16.4,16.4,16.3,16.37,2835
2011-11-15,16.32,16.32,16.0,16.05,1345
2011-11-16,16.28,17.29,16.28,16.81,23520
2011-11-17,16.98,16.98,16.25,16.6,17180
2011-11-18,16.75,17.05,16.66,16.8,9693
2011-11-21,16.99,17.0,16.0,16.0,80182
2011-11-22,13.01,13.65,12.71,12.94,15177
2011-11-23,12.42,12.8,12.42,12.56,11150
2011-11-25,12.55,12.56,12.01,12.46,15102
2011-11-28,12.84,12.84,12.43,12.43,60509
2011-11-29,12.55,12.55,12.39,12.39,1799
2011-11-30,12.39,12.49,12.04,12.35,7403
2011-12-01,12.18,12.18,12.03,12.07,2737
2011-12-02,12.22,12.22,12.15,12.19,3737
2011-12-05,12.32,12.5,12.2,12.4,3774
2011-12-06,12.3,12.59,12.3,12.5,38357
2011-12-07,12.5,12.6,12.5,12.51,43532
2011-12-08,12.6,12.77,12.56,12.77,2777
2011-12-09,12.88,13.1,12.67,13.1,1542
2011-12-12,12.91,13.57,12.91,13.41,54668
2011-12-13,13.44,13.44,12.8,13.0,6010
2011-12-14,13.17,13.51,13.03,13.4,7295
2011-12-15,13.28,13.55,13.28,13.43,1154
2011-12-16,13.4,13.69,13.4,13.47,1755
2011-12-19,13.5,13.82,13.5,13.82,4521
2011-12-20,13.7,13.99,13.49,13.49,6136
2011-12-21,13.14,13.14,12.86,13.0,5349
2011-12-22,12.86,12.87,12.6,12.6,4839
2011-12-23,12.55,12.55,12.02,12.25,5503
2011-12-27,12.26,12.32,12.26,12.32,338
2011-12-28,12.24,12.38,12.24,12.26,859
2011-12-29,12.26,12.44,12.25,12.35,7356
2011-12-30,12.31,12.36,12.3,12.35,1610
2012-01-03,12.55,12.93,12.55,12.56,3022
2012-01-04,12.55,12.69,12.4,12.4,6887
2012-01-05,12.55,12.91,12.55,12.9,11282
2012-01-06,13.0,13.21,13.0,13.03,4182
2012-01-09,13.06,13.23,13.0,13.15,18650
2012-01-10,13.07,13.2,13.01,13.1,4006
2012-01-11,13.21,13.34,13.21,13.3,4923
2012-01-12,13.18,13.29,13.1,13.21,2160
2012-01-13,13.14,13.49,13.14,13.4,10039
2012-01-17,13.33,13.51,13.27,13.5,2860
2012-01-18,13.5,13.5,13.44,13.5,12438
2012-01-19,13.5,13.65,13.5,13.52,5191
2012-01-20,13.58,13.65,13.5,13.5,5599
2012-01-23,13.64,13.64,13.5,13.5,743
2012-01-24,13.5,13.75,13.5,13.57,10033
2012-01-25,13.58,13.82,13.51,13.67,6875
2012-01-26,13.67,13.67,13.67,13.67,200
2012-01-27,13.72,14.06,13.72,14.03,5526
2012-01-30,14.1,14.15,14.05,14.15,7617
2012-01-31,14.29,14.61,14.29,14.38,4744
2012-02-01,14.61,15.03,14.5,15.01,6644
2012-02-02,15.03,15.72,15.03,15.72,9942
2012-02-03,15.74,16.18,15.74,15.84,23985
2012-02-06,16.0,16.18,15.85,15.99,23087
2012-02-07,16.1,16.16,16.0,16.1,3773
2012-02-08,16.02,16.1,15.88,15.97,8449
2012-02-09,16.02,16.04,15.89,15.89,2699
2012-02-10,15.88,16.14,15.55,15.97,12371
2012-02-13,16.05,16.05,15.53,15.65,4486
2012-02-14,15.78,16.14,15.75,15.9,3605
2012-02-15,15.96,15.98,15.73,15.75,8734
2012-02-16,15.75,15.92,15.75,15.91,1281
2012-02-17,15.84,15.91,15.78,15.84,1010
2012-02-21,15.75,15.85,15.69,15.79,9216
2012-02-22,15.75,15.9,15.75,15.9,1850
2012-02-23,15.75,16.15,15.75,16.15,2349
2012-02-24,15.95,16.15,15.95,16.15,3945
2012-02-27,16.18,16.18,15.69,15.75,534
2012-02-28,15.78,15.81,15.78,15.81,565
2012-02-29,15.75,15.96,15.75,15.88,6711
2012-03-01,16.06,16.06,16.01,16.01,1800
2012-03-02,16.17,16.17,16.02,16.17,3393
2012-03-05,16.18,16.18,16.02,16.12,2880
2012-03-06,16.1,16.1,15.9,15.9,4837
2012-03-07,15.91,15.91,15.91,15.91,299
2012-03-08,15.99,16.05,15.9,16.05,7897
2012-03-09,16.05,16.08,16.05,16.08,4553
2012-03-12,16.0,16.07,16.0,16.07,3766
2012-03-13,16.0,16.02,15.99,16.0,29132
2012-03-14,16.0,16.0,15.93,16.0,39436
2012-03-15,15.9,16.0,15.8,16.0,1425
2012-03-16,15.88,16.0,15.88,16.0,2017
2012-03-19,15.99,16.0,15.99,16.0,348
2012-03-20,16.0,16.05,16.0,16.05,15294
2012-03-21,16.05,16.22,16.0,16.22,2370
2012-03-22,16.19,16.25,15.15,15.15,23461
2012-03-23,15.25,15.75,15.25,15.5,8471
2012-03-26,15.75,16.08,15.75,15.93,3600
2012-03-27,15.82,16.1,15.82,15.89,1400
2012-03-28,15.76,15.9,15.76,15.9,1677
2012-03-29,15.79,16.1,15.76,16.1,5566
2012-03-30,16.03,17.2,16.03,16.85,19378
2012-04-02,16.99,18.03,16.99,18.03,13165
2012-04-03,18.02,18.29,18.02,18.16,7382
2012-04-04,18.13,18.13,17.58,17.58,570
2012-04-05,17.72,18.1,17.72,18.04,3376
2012-04-09,17.75,17.85,17.75,17.85,4586
2012-04-10,17.78,17.95,17.75,17.9,8313
2012-04-11,17.68,18.0,17.5,17.75,2923
2012-04-12,17.74,17.74,17.5,17.69,1204
2012-04-13,17.64,17.69,17.64,17.69,552
2012-04-16,17.7,17.7,17.7,17.7,230
2012-04-17,17.72,17.75,17.5,17.75,4246
2012-04-18,17.67,17.67,17.25,17.45,2028
2012-04-19,17.28,17.5,17.0,17.5,4672
2012-04-20,17.58,17.58,17.13,17.16,1608
2012-04-23,17.18,17.5,17.09,17.5,799
2012-04-24,17.5,18.0,17.5,17.5,2915
2012-04-25,17.55,18.08,17.55,18.08,555
2012-04-26,18.07,18.07,17.75,17.77,852
2012-04-27,17.5,17.51,17.26,17.5,3022
2012-04-30,17.33,17.5,17.29,17.5,4300
2012-05-01,17.34,17.6,17.34,17.55,1591
2012-05-02,17.4,17.93,17.4,17.93,2915
2012-05-03,18.09,18.25,17.8,18.25,1500
2012-05-04,18.25,18.25,17.95,17.95,214
2012-05-07,17.85,17.85,17.85,17.85,273
2012-05-08,17.75,17.75,17.75,17.75,0
2012-05-09,17.88,17.88,17.85,17.85,1093
2012-05-10,17.83,18.23,17.8,18.23,730
2012-05-11,17.99,17.99,17.85,17.87,4828
2012-05-14,17.8,17.8,17.52,17.69,3686
2012-05-15,17.5,17.52,17.47,17.47,2110
2012-05-16,17.34,17.55,17.25,17.33,4383
2012-05-17,17.25,17.28,17.25,17.25,5500
2012-05-18,17.41,17.41,17.41,17.41,100
2012-05-21,17.72,17.72,17.18,17.55,3000
2012-05-22,17.04,17.55,17.03,17.25,2674
2012-05-23,17.29,17.67,17.05,17.1,5431
2012-05-24,17.13,17.5,17.1,17.5,5430
2012-05-25,17.24,17.26,17.1,17.2,1082
2012-05-29,17.41,17.42,17.29,17.29,608
2012-05-30,17.1,17.1,17.1,17.1,0
2012-05-31,17.34,17.51,17.32,17.33,2365
2012-06-01,17.1,17.1,16.9,17.0,5146
2012-06-04,16.77,17.0,16.77,17.0,200
2012-06-05,16.85,16.85,16.85,16.85,283
2012-06-06,17.13,17.13,17.13,17.13,550
2012-06-07,16.85,17.35,16.85,16.99,3708
2012-06-08,16.81,16.82,16.81,16.82,649
2012-06-11,16.87,17.15,16.81,17.13,2738
2012-06-12,16.86,17.15,16.86,17.15,200
2012-06-13,17.01,17.01,16.53,16.53,2200
2012-06-14,16.81,17.0,16.81,16.81,3010
2012-06-15,16.95,16.95,16.95,16.95,2395
2012-06-18,17.0,17.0,17.0,17.0,500
2012-06-19,17.15,17.15,16.94,17.15,3529
2012-06-20,17.15,17.15,17.12,17.12,400
2012-06-21,17.15,17.15,16.81,16.81,587
2012-06-22,16.83,17.15,16.83,17.12,1078
2012-06-25,16.84,17.2,16.81,17.2,498
2012-06-26,17.18,17.18,16.81,17.0,4644
2012-06-27,15.08,15.08,15.08,15.08,0
2012-06-28,17.09,17.09,17.09,17.09,200
2012-06-29,17.2,17.2,16.95,16.98,700
2012-07-02,17.0,17.0,17.0,17.0,100
2012-07-03,15.1,15.1,15.1,15.1,0
2012-07-05,16.83,16.83,16.81,16.81,769
2012-07-06,16.81,16.97,16.81,16.97,500
2012-07-09,16.85,16.85,16.85,16.85,456
2012-07-10,15.1,15.1,15.1,15.1,0
2012-07-11,16.85,16.85,16.85,16.85,415
2012-07-12,15.33,15.33,15.33,15.33,0
2012-07-13,16.86,16.86,16.81,16.85,1139
2012-07-16,16.86,17.2,16.86,17.0,1802
2012-07-17,17.04,17.04,17.0,17.03,337
2012-07-18,17.04,17.06,16.86,16.86,2501
2012-07-19,16.85,17.06,16.85,17.02,1664
2012-07-20,16.87,17.06,16.87,17.06,1788
2012-07-23,16.86,17.1,16.86,16.86,1045
2012-07-24,16.87,16.87,16.87,16.87,167
2012-07-25,17.06,17.06,16.85,16.85,1400
2012-07-26,16.91,16.95,16.91,16.95,712
2012-07-27,16.91,16.95,16.81,16.85,3022
2012-07-30,16.89,16.95,16.89,16.95,1700
2012-07-31,16.85,16.85,16.85,16.85,109
2012-08-01,16.89,16.89,16.82,16.82,200
2012-08-02,16.58,16.58,16.58,16.58,0
2012-08-03,16.93,16.93,16.8,16.8,200
2012-08-06,16.89,16.92,16.89,16.92,1254
2012-08-07,16.81,16.81,16.81,16.81,651
2012-08-08,16.8,16.97,16.8,16.94,953
2012-08-09,17.08,17.08,17.06,17.08,700
2012-08-10,17.06,17.06,17.06,17.06,104
2012-08-13,15.1,15.1,15.1,15.1,0
2012-08-14,16.92,16.92,16.92,16.92,329
2012-08-15,,,,16.92,0
2012-08-16,15.1,15.1,15.1,15.1,0
2012-08-17,16.84,17.02,16.7,16.7,7230
2012-08-20,16.94,16.94,16.53,16.75,2100
2012-08-21,16.55,17.15,16.43,17.1,6211
2012-08-22,17.1,17.1,17.1,17.1,405
2012-08-23,17.2,17.2,17.19,17.19,200
2012-08-24,17.1,17.1,17.1,17.1,800
2012-08-27,17.12,17.12,16.68,17.06,1315
2012-08-28,16.8,17.06,16.8,17.0,400
2012-08-29,17.06,17.06,17.06,17.06,700
2012-08-30,16.77,16.77,16.77,16.77,361
2012-08-31,17.0,17.14,16.5,16.5,6732
2012-09-04,16.77,17.15,16.73,17.15,2706
2012-09-05,17.09,17.09,17.09,17.09,241
2012-09-06,17.05,17.05,16.68,16.8,1242
2012-09-07,16.82,17.15,16.8,17.0,1632
2012-09-10,16.89,17.0,16.89,17.0,519
2012-09-11,17.02,17.25,17.02,17.1,2324
2012-09-12,15.56,15.56,15.56,15.56,0
2012-09-13,17.02,17.1,17.0,17.1,2469
2012-09-14,17.0,17.69,17.0,17.25,1219
2012-09-17,17.33,17.39,17.09,17.1,1345
2012-09-18,17.09,17.4,17.05,17.1,4389
2012-09-19,17.01,17.01,17.01,17.01,200
2012-09-20,17.22,17.7,17.22,17.4,1100
2012-09-21,17.39,17.53,17.39,17.5,5389
2012-09-24,17.67,18.04,17.65,17.65,1200
2012-09-25,15.92,15.92,15.92,15.92,0
2012-09-26,17.76,17.76,17.4,17.42,2012
2012-09-27,17.68,18.46,17.68,18.46,483
2012-09-28,18.34,18.38,17.86,18.29,1864
2012-10-01,18.29,18.29,18.29,18.29,826
2012-10-02,18.0,18.0,17.86,17.9,2716
2012-10-03,17.85,17.85,17.85,17.85,393
2012-10-04,17.95,17.95,17.75,17.9,600
2012-10-05,16.15,16.15,16.15,16.15,0
2012-10-08,17.81,17.97,17.81,17.84,4407
2012-10-09,17.76,17.78,17.75,17.75,1069
2012-10-10,17.77,17.77,17.77,17.77,100
2012-10-11,17.85,17.9,17.85,17.9,335
2012-10-12,17.9,17.9,17.75,17.75,2321
2012-10-15,17.75,17.97,17.75,17.9,8652
2012-10-16,17.97,18.0,17.97,18.0,545
2012-10-17,18.16,18.16,18.16,18.16,400
2012-10-18,18.0,18.2,18.0,18.2,450
2012-10-19,18.05,18.1,18.05,18.05,2350
2012-10-22,18.04,18.07,18.04,18.05,1918
2012-10-23,16.3,16.3,16.3,16.3,0
2012-10-24,18.13,18.49,18.13,18.45,3425
2012-10-25,18.46,18.46,17.99,18.05,1827
2012-10-26,18.12,18.17,18.02,18.17,837
2012-10-31,18.14,18.14,18.0,18.05,3904
2012-11-01,18.03,18.09,18.03,18.09,786
2012-11-02,18.0,18.27,18.0,18.27,520
2012-11-05,16.43,16.43,16.43,16.43,0
2012-11-06,18.11,18.11,18.11,18.11,253
2012-11-07,16.2,16.2,16.2,16.2,0
2012-11-08,17.78,18.07,17.78,18.07,209
2012-11-09,17.79,17.89,17.75,17.89,1500
2012-11-12,18.7,18.9,17.75,18.3,22705
2012-11-13,18.29,19.95,18.06,19.94,47227
2012-11-14,19.92,19.93,19.64,19.73,22003
2012-11-15,20.0,20.37,19.96,19.97,28187
2012-11-16,15.55,15.7,15.24,15.55,5875
2012-11-19,15.65,16.1,15.65,16.1,7331
2012-11-20,16.42,16.42,15.83,15.84,5814
2012-11-21,15.75,15.75,15.27,15.58,7027
2012-11-23,15.25,15.58,15.25,15.43,1896
2012-11-26,15.37,15.4,15.0,15.36,8515
2012-11-27,15.45,15.45,14.74,15.17,11176
2012-11-28,14.99,15.44,14.99,15.44,500
2012-11-29,15.24,15.45,15.13,15.45,3907
2012-11-30,15.56,15.7,15.55,15.7,18459
2012-12-03,15.7,15.88,15.45,15.65,4634
2012-12-04,15.85,15.85,15.51,15.58,2301
2012-12-05,15.52,15.52,15.43,15.45,2079
2012-12-06,15.26,15.3,15.26,15.29,730
2012-12-07,15.23,15.31,15.23,15.23,532
2012-12-10,15.25,15.38,15.23,15.37,842
2012-12-11,15.15,15.45,14.99,15.07,2934
2012-12-12,15.0,15.45,15.0,15.45,3633
2012-12-13,15.49,15.5,15.13,15.5,16067
2012-12-14,15.32,15.49,15.3,15.49,300
2012-12-17,15.32,15.5,15.3,15.4,3990
2012-12-18,15.35,15.5,15.35,15.47,1794
2012-12-19,15.47,15.68,15.45,15.68,13163
2012-12-20,15.31,15.34,15.31,15.34,300
2012-12-21,15.39,15.5,15.35,15.47,4838
2012-12-24,15.5,15.5,15.5,15.5,2377
2012-12-26,15.32,15.5,15.32,15.5,6460
2012-12-27,15.32,15.77,15.31,15.75,8064
2012-12-28,15.75,15.75,15.5,15.51,12546
2012-12-31,15.5,15.54,15.01,15.4,24491
2013-01-02,15.4,15.5,15.07,15.5,15620
2013-01-03,15.44,15.47,15.11,15.45,4599
2013-01-04,15.44,15.44,15.11,15.3,2260
2013-01-07,15.3,15.41,15.2,15.2,4000
2013-01-08,15.2,15.4,15.2,15.39,7484
2013-01-09,15.49,15.61,15.49,15.61,2221
2013-01-10,15.81,15.81,15.71,15.77,1050
2013-01-11,15.85,15.85,15.63,15.63,544
2013-01-14,15.65,15.85,15.55,15.65,6100
2013-01-15,15.5,15.8,15.46,15.52,1830
2013-01-16,15.74,16.14,15.73,16.14,4024
2013-01-17,16.06,16.51,15.86,16.4,3662
2013-01-18,16.39,16.4,16.39,16.4,1100
2013-01-22,16.53,16.8,16.53,16.65,1065
2013-01-23,16.66,16.97,16.66,16.87,4064
2013-01-24,16.9,16.99,16.9,16.99,2249
2013-01-25,16.79,17.91,16.79,17.9,4777
2013-01-28,17.98,18.11,17.9,18.1,6007
2013-01-29,18.02,18.23,18.02,18.16,1245
2013-01-30,18.33,18.42,17.96,17.96,3005
2013-01-31,18.01,18.01,17.62,17.8,1428
2013-02-01,18.09,18.5,17.66,18.5,1978
2013-02-04,18.3,18.47,18.27,18.32,870
2013-02-05,18.35,18.35,17.87,18.05,900
2013-02-06,17.87,18.05,17.87,18.03,1418
2013-02-07,17.82,17.82,17.41,17.55,3948
2013-02-08,17.85,18.05,17.6,17.62,2584
2013-02-11,17.86,17.86,17.75,17.75,200
2013-02-12,17.11,17.77,16.96,17.77,1137
2013-02-13,17.82,17.82,17.53,17.53,2761
2013-02-14,17.5,17.5,17.5,17.5,286
2013-02-15,17.45,18.06,17.45,17.8,3985
2013-02-19,18.14,18.14,17.05,17.1,8481
2013-02-20,17.38,17.47,17.05,17.1,1968
2013-02-21,16.7,17.1,16.7,17.0,6953
2013-02-22,,,,17.0,0
2013-02-25,16.68,17.0,16.68,16.7,5436
2013-02-26,16.99,17.03,16.73,16.79,7502
2013-02-27,17.08,17.08,16.6,16.93,3648
2013-02-28,16.95,17.15,16.95,17.02,2016
2013-03-01,16.62,17.15,16.62,17.1,4214
2013-03-04,16.77,17.0,16.65,17.0,1592
2013-03-05,16.75,17.0,16.74,17.0,4281
2013-03-06,16.75,17.0,16.75,16.88,2310
2013-03-07,16.89,16.89,16.89,16.89,312
2013-03-08,16.77,16.8,16.58,16.75,7924
2013-03-11,16.58,16.7,16.2,16.7,2719
2013-03-12,16.61,16.61,16.5,16.5,1510
2013-03-13,16.75,16.75,16.75,16.75,558
2013-03-14,16.57,16.65,16.48,16.5,1762
2013-03-15,16.5,16.7,16.5,16.5,2022
2013-03-18,16.46,16.46,16.0,16.35,5882
2013-03-19,16.57,16.57,16.09,16.4,3531
2013-03-20,16.5,16.7,16.5,16.7,300
2013-03-21,16.41,16.51,16.41,16.51,700
2013-03-22,16.51,16.92,16.51,16.92,901
2013-03-25,,,,16.92,0
2013-03-26,16.51,16.66,16.49,16.53,1772
2013-03-27,16.5,16.65,16.5,16.65,1531
2013-03-28,16.58,16.6,16.0,16.46,5355
2013-04-01,16.38,16.88,16.38,16.88,1463
2013-04-02,16.59,16.69,16.46,16.46,2310
2013-04-03,16.52,16.95,16.42,16.42,4600
2013-04-04,16.43,16.43,16.43,16.43,215
2013-04-05,16.42,16.6,16.42,16.52,1900
2013-04-08,16.5,16.9,16.5,16.9,1273
2013-04-09,16.56,16.91,16.5,16.5,971
2013-04-10,16.75,16.99,16.75,16.99,5162
2013-04-11,16.9,17.45,16.9,17.2,12408
2013-04-12,17.14,17.14,16.51,16.89,5700
2013-04-15,16.81,16.81,16.55,16.8,2109
2013-04-16,16.55,16.98,16.55,16.98,579
2013-04-17,16.68,16.92,16.55,16.92,5962
2013-04-18,16.85,16.85,16.45,16.45,2117
2013-04-19,16.52,16.52,16.5,16.5,543
2013-04-22,16.8,16.98,16.5,16.51,3185
2013-04-23,16.59,16.9,16.59,16.9,310
2013-04-24,16.96,17.0,16.64,17.0,2248
2013-04-25,16.98,16.98,16.65,16.65,2417
2013-04-26,16.52,16.6,16.5,16.55,909
2013-04-29,16.56,16.99,16.56,16.9,1792
2013-04-30,16.9,17.01,16.89,17.0,4826
2013-05-01,17.15,17.4,17.15,17.25,5294
2013-05-02,17.16,17.5,17.01,17.2,4913
2013-05-03,17.6,18.37,17.5,17.99,18617
2013-05-06,17.98,17.99,17.89,17.98,2800
2013-05-07,17.99,18.05,17.65,17.65,3261
2013-05-08,17.6,17.6,17.6,17.6,1490
2013-05-09,17.6,17.99,17.6,17.84,650
2013-05-10,21.04,21.04,17.61,17.9,4392
2013-05-13,17.93,18.01,17.61,18.0,11732
2013-05-14,18.05,18.52,18.05,18.5,4630
2013-05-15,18.41,19.0,18.15,18.16,9718
2013-05-16,18.42,18.5,18.41,18.43,3119
2013-05-17,18.24,18.45,18.24,18.39,1252
2013-05-20,18.1,18.25,18.1,18.25,2345
2013-05-21,18.25,19.08,18.0,19.08,4544
2013-05-22,18.75,19.0,18.6,18.99,2681
2013-05-23,18.9,18.9,18.42,18.42,3180
2013-05-24,18.6,18.9,18.16,18.16,1438
2013-05-28,18.35,18.49,18.0,18.49,1929
2013-05-29,17.75,18.0,17.75,18.0,2376
2013-05-30,18.0,18.0,18.0,18.0,1552
2013-05-31,18.01,18.01,18.01,18.01,523
2013-06-03,17.9,17.92,17.9,17.92,887
2013-06-04,17.8,17.8,17.8,17.8,304
2013-06-05,17.36,17.55,17.15,17.5,9138
2013-06-06,17.47,17.6,17.4,17.6,13997
2013-06-07,17.55,17.7,17.55,17.65,24625
2013-06-10,17.65,18.04,17.64,18.01,3100
2013-06-11,17.65,17.65,17.51,17.51,1300
2013-06-12,17.62,17.65,17.41,17.55,1772
2013-06-13,17.65,17.65,17.65,17.65,500
2013-06-14,17.65,17.65,17.64,17.64,272
2013-06-17,17.86,17.9,17.41,17.41,4673
2013-06-18,17.45,17.45,17.4,17.4,1436
2013-06-19,17.58,17.65,17.58,17.65,400
2013-06-20,17.71,17.71,17.55,17.65,2688
2013-06-21,17.63,17.65,17.4,17.57,2428
2013-06-24,,,,17.57,0
2013-06-25,18.18,18.18,18.12,18.12,500
2013-06-26,17.76,17.76,17.41,17.47,7443
2013-06-27,17.59,17.71,17.59,17.69,1460
2013-06-28,17.53,17.65,17.5,17.65,1949
2013-07-01,17.64,17.65,17.59,17.65,2160
2013-07-02,17.52,17.64,17.5,17.64,685
2013-07-03,,,,17.64,0
2013-07-05,17.72,18.48,17.69,17.69,4236
2013-07-08,17.45,17.45,17.45,17.45,173
2013-07-09,17.45,17.65,17.45,17.65,1727
2013-07-10,,,,17.65,0
2013-07-11,17.52,17.52,17.5,17.5,11525
2013-07-12,17.5,17.57,17.25,17.47,16971
2013-07-15,17.6,17.67,17.58,17.67,2947
2013-07-16,17.65,18.12,17.5,17.5,14838
2013-07-17,17.7,17.79,17.6,17.63,6810
2013-07-18,17.8,17.98,17.6,17.63,4813
2013-07-19,17.74,18.0,17.74,18.0,6632
2013-07-22,18.03,18.34,18.0,18.24,6385
2013-07-23,18.1,18.22,18.1,18.18,350
2013-07-24,18.07,18.48,18.07,18.48,9646
2013-07-25,18.24,18.25,18.15,18.15,10027
2013-07-26,18.12,18.25,18.03,18.18,897
2013-07-29,18.02,18.04,18.0,18.0,133584
2013-07-30,17.84,18.24,17.84,18.0,2280
2013-07-31,18.0,18.25,17.61,17.91,5263
2013-08-01,17.64,17.85,17.62,17.85,482
2013-08-02,17.81,17.82,17.81,17.82,786
2013-08-05,17.91,18.23,17.91,17.93,786
2013-08-06,18.24,18.24,18.05,18.05,1100
2013-08-07,18.18,18.25,18.18,18.22,6668
2013-08-08,18.25,18.25,18.17,18.17,873
2013-08-09,18.78,18.88,18.5,18.7,7555
2013-08-12,18.5,18.5,18.41,18.42,4066
2013-08-13,18.5,18.5,18.25,18.44,2264
2013-08-14,18.5,18.5,18.4,18.5,4477
2013-08-15,18.16,18.35,18.16,18.35,800
2013-08-16,18.19,18.19,18.16,18.18,2377
2013-08-19,18.15,18.17,18.03,18.14,3171
2013-08-20,18.01,18.22,18.01,18.04,5283
2013-08-21,18.3,18.49,18.04,18.49,1144
2013-08-22,18.0,18.14,18.0,18.05,5354
2013-08-23,18.5,18.5,18.45,18.46,1300
2013-08-26,18.5,18.5,18.45,18.45,4432
2013-08-27,18.07,18.07,18.07,18.07,564
2013-08-28,18.08,18.08,18.08,18.08,172
2013-08-29,18.3,18.5,18.14,18.5,2518
2013-08-30,18.44,18.44,18.31,18.31,3000
2013-09-03,18.43,18.45,18.38,18.4,4367
2013-09-04,18.5,18.5,18.32,18.49,2230
2013-09-05,18.45,18.48,18.35,18.46,712
2013-09-06,18.4,18.49,18.4,18.49,2251
2013-09-09,18.5,18.5,18.33,18.47,4315
2013-09-10,18.45,18.45,18.39,18.39,2280
2013-09-11,18.38,18.4,18.35,18.4,1686
2013-09-12,18.5,18.5,18.5,18.5,1500
2013-09-13,18.5,19.0,18.5,18.99,13302
2013-09-16,18.75,18.75,18.55,18.56,3533
2013-09-17,19.75,19.75,18.55,18.61,11557
2013-09-18,18.95,19.0,18.63,18.94,1372
2013-09-19,18.94,19.0,18.94,19.0,504
2013-09-20,19.24,19.24,19.0,19.1,2850
2013-09-23,19.01,19.01,19.0,19.0,794
2013-09-24,18.98,18.98,18.98,18.98,100
2013-09-25,18.98,19.0,18.97,19.0,9335
2013-09-26,19.0,19.0,18.7,19.0,1319
2013-09-27,18.99,18.99,18.97,18.97,403
2013-09-30,18.7,18.72,18.7,18.72,998
2013-10-01,18.76,18.87,18.76,18.87,1962
2013-10-02,18.95,19.0,18.77,18.99,7525
2013-10-03,18.75,18.76,18.7,18.73,4682
2013-10-04,18.72,19.0,18.72,18.85,2108
2013-10-07,19.22,19.49,19.0,19.4,6115
2013-10-08,19.21,19.25,19.2,19.24,3454
2013-10-09,19.25,19.25,18.93,18.93,1259
2013-10-10,18.95,19.25,18.95,19.25,3560
2013-10-11,19.15,19.45,18.76,19.3,11933
2013-10-14,19.21,19.79,19.15,19.15,20073
2013-10-15,19.25,19.95,19.25,19.55,41910
2013-10-16,19.5,19.5,19.11,19.44,8617
2013-10-17,19.4,19.5,19.24,19.49,17690
2013-10-18,19.3,19.52,18.75,19.11,28567
2013-10-21,19.4,19.4,19.15,19.39,11771
2013-10-22,19.39,19.44,19.02,19.25,5240
2013-10-23,19.15,19.25,19.01,19.22,2910
2013-10-24,19.01,19.47,19.0,19.44,20951
2013-10-25,19.32,19.45,19.2,19.32,6233
2013-10-28,19.23,19.23,19.05,19.15,9249
2013-10-29,19.1,19.23,19.04,19.04,16014
2013-10-30,19.23,19.23,18.9,18.98,39146
2013-10-31,19.23,19.23,18.92,19.19,10964
2013-11-01,19.2,19.23,18.92,19.2,37195
2013-11-04,19.23,19.6,19.21,19.39,50171
2013-11-05,19.3,19.86,19.2,19.25,51133
2013-11-06,19.32,19.8,19.15,19.3,40312
2013-11-07,19.45,19.45,19.2,19.4,45553
2013-11-08,17.21,18.25,17.04,17.4,51099
2013-11-11,17.24,17.24,16.59,16.8,49080
2013-11-12,16.48,16.48,15.56,15.85,62624
2013-11-13,15.8,16.27,15.61,15.96,21431
2013-11-14,15.97,16.4,15.47,15.47,13900
2013-11-15,15.69,16.3,15.61,16.0,27686
2013-11-18,16.6,16.6,15.83,15.86,11965
2013-11-19,15.75,16.13,15.7,15.75,14228
2013-11-20,16.05,16.05,15.63,15.65,18419
2013-11-21,15.61,15.87,15.6,15.63,10677
2013-11-22,15.6,16.03,15.28,15.4,28242
2013-11-25,15.45,15.8,15.45,15.55,21615
2013-11-26,15.52,15.94,15.5,15.53,28063
2013-11-27,15.59,15.91,15.5,15.54,15300
2013-11-29,15.85,15.85,15.6,15.64,1758
2013-12-02,15.75,15.85,15.27,15.49,27398
2013-12-03,15.26,15.69,15.15,15.3,21421
2013-12-04,15.51,15.55,15.22,15.38,9521
2013-12-05,15.32,15.45,15.25,15.25,4957
2013-12-06,15.39,15.63,15.21,15.27,18162
2013-12-09,15.3,15.44,15.3,15.33,9633
2013-12-10,15.33,15.45,15.28,15.44,15249
2013-12-11,15.31,15.68,15.31,15.68,15256
2013-12-12,15.52,15.75,15.41,15.61,10365
2013-12-13,15.57,15.67,15.36,15.36,7908
2013-12-16,15.35,15.61,15.32,15.5,5912
2013-12-17,15.59,15.74,15.36,15.45,13436
2013-12-18,15.5,15.77,15.5,15.77,8836
2013-12-19,15.66,15.7,15.53,15.56,4428
2013-12-20,15.52,15.7,15.52,15.53,10309
2013-12-23,15.51,15.69,15.45,15.45,9407
2013-12-24,15.53,15.7,15.51,15.61,4116
2013-12-26,15.68,15.84,15.65,15.71,11547
2013-12-27,16.0,16.09,15.9,16.01,9422
2013-12-30,15.9,16.0,15.5,15.66,28837
2013-12-31,15.75,16.11,15.64,15.65,21225
2014-01-02,15.69,15.69,15.35,15.53,11396
2014-01-03,15.35,16.02,15.35,15.56,15084
2014-01-06,15.55,15.94,15.47,15.61,9280
2014-01-07,15.85,16.08,15.65,15.79,7974
2014-01-08,15.81,15.81,15.51,15.62,15518
2014-01-09,15.56,15.9,15.55,15.73,13526
2014-01-10,15.7,15.88,15.56,15.56,10223
2014-01-13,15.6,15.96,15.6,15.74,9077
2014-01-14,15.88,15.97,15.74,15.94,8132
2014-01-15,15.94,16.75,15.73,16.56,28054
2014-01-16,16.61,16.88,16.46,16.53,18631
2014-01-17,16.48,16.48,16.33,16.37,13282
2014-01-21,16.31,16.47,16.02,16.26,20939
2014-01-22,16.05,16.29,16.05,16.11,9657
2014-01-23,16.27,16.27,15.74,16.02,24380
2014-01-24,15.91,16.06,15.84,15.85,4265
2014-01-27,15.83,15.85,15.53,15.53,21921
2014-01-28,15.5,15.8,15.5,15.76,6642
2014-01-29,15.68,15.91,15.13,15.74,34406
2014-01-30,16.03,16.16,15.9,16.01,5425
2014-01-31,16.25,16.42,16.25,16.27,14007
2014-02-03,16.03,16.07,16.02,16.06,3084
2014-02-04,16.04,16.1,16.03,16.03,1780
2014-02-05,16.01,16.01,15.8,15.8,10464
2014-02-06,15.8,15.8,15.74,15.78,5719
2014-02-07,15.73,15.94,15.5,15.91,8916
2014-02-10,15.92,15.92,15.6,15.73,5970
2014-02-11,15.84,15.84,15.66,15.75,1479
2014-02-12,15.75,15.87,15.74,15.87,2538
2014-02-13,15.75,15.86,15.75,15.77,2044
2014-02-14,15.77,16.07,15.77,16.02,16501
2014-02-18,16.0,16.2,15.93,15.93,9668
2014-02-19,16.04,16.05,16.0,16.03,4623
2014-02-20,16.0,16.4,16.0,16.4,1386
2014-02-21,16.25,16.25,15.91,15.91,4517
2014-02-24,15.9,16.19,15.9,15.96,4499
2014-02-25,15.77,15.99,15.77,15.78,5195
2014-02-26,15.96,16.08,15.78,15.8,11367
2014-02-27,15.95,15.95,15.8,15.8,715
2014-02-28,15.8,16.0,15.8,15.85,5695
2014-03-03,15.77,15.85,15.75,15.76,10697
2014-03-04,15.75,15.85,15.69,15.77,10176
2014-03-05,15.73,15.73,15.73,15.73,246
2014-03-06,15.69,15.87,15.66,15.85,7151
2014-03-07,15.94,15.94,15.5,15.68,8699
2014-03-10,15.74,15.89,15.5,15.52,13816
2014-03-11,15.5,15.62,15.5,15.5,5896
2014-03-12,15.4,15.4,15.2,15.25,29382
2014-03-13,15.21,15.67,15.2,15.2,8816
2014-03-14,15.2,15.49,15.2,15.21,11827
2014-03-17,15.35,15.36,15.2,15.2,7664
2014-03-18,15.24,15.26,15.2,15.2,12615
2014-03-19,15.25,15.25,15.05,15.05,17006
2014-03-20,15.06,15.36,15.06,15.26,8328
2014-03-21,15.16,15.84,15.01,15.56,35376
2014-03-24,15.65,15.65,15.3,15.6,12183
2014-03-25,15.5,15.5,15.5,15.5,402
2014-03-26,15.56,15.56,15.29,15.29,739
2014-03-27,15.42,15.49,15.21,15.28,4835
2014-03-28,15.41,15.45,15.35,15.36,3146
2014-03-31,15.33,15.5,15.3,15.34,21814
2014-04-01,15.4,15.53,15.21,15.21,2156
2014-04-02,15.3,15.41,15.11,15.27,13660
2014-04-03,15.1,15.35,15.1,15.34,6893
2014-04-04,15.26,15.32,15.06,15.13,7176
2014-04-07,15.14,15.25,15.04,15.24,17934
2014-04-08,15.1,15.27,15.1,15.12,4716
2014-04-09,15.11,15.11,15.1,15.1,670
2014-04-10,15.01,15.43,15.01,15.15,4958
2014-04-11,15.15,15.31,15.08,15.12,27913
2014-04-14,15.04,15.49,15.04,15.2,28945
2014-04-15,15.32,15.32,15.09,15.25,11497
2014-04-16,15.14,15.25,15.1,15.25,5121
2014-04-17,15.24,15.4,15.24,15.4,3822
2014-04-21,15.46,15.49,15.32,15.32,3067
2014-04-22,15.3,15.31,15.25,15.25,1093
2014-04-23,15.26,15.69,15.25,15.31,14476
2014-04-24,15.4,15.55,15.4,15.55,878
2014-04-25,15.69,15.69,15.69,15.69,400
2014-04-28,15.72,15.72,15.72,15.72,377
2014-04-29,15.35,15.65,15.35,15.5,3798
2014-04-30,15.34,15.91,15.34,15.91,826
2014-05-01,15.51,15.6,15.51,15.6,2754
2014-05-02,15.53,15.64,15.52,15.64,1319
2014-05-05,15.61,15.65,15.61,15.62,4429
2014-05-06,15.6,15.9,15.51,15.53,6304
2014-05-07,15.72,15.76,15.65,15.68,2816
2014-05-08,15.52,16.0,15.44,15.47,7181
2014-05-09,15.38,15.4,15.35,15.4,5933
2014-05-12,15.35,15.54,15.35,15.45,925
2014-05-13,15.35,15.45,15.35,15.4,5049
2014-05-14,15.31,15.54,15.31,15.52,12944
2014-05-15,15.41,15.51,15.36,15.36,8925
2014-05-16,15.45,15.54,15.42,15.53,1246
2014-05-19,15.43,15.47,15.35,15.38,5246
2014-05-20,15.35,15.55,15.35,15.55,1845
2014-05-21,15.4,15.75,15.4,15.75,1492
2014-05-22,15.6,15.71,15.58,15.58,1470
2014-05-23,15.43,15.65,15.35,15.45,12276
2014-05-27,15.55,15.55,15.36,15.41,8319
2014-05-28,15.6,15.6,15.01,15.07,36939
2014-05-29,15.27,15.27,15.11,15.15,4301
2014-05-30,15.15,15.3,14.96,15.15,13299
2014-06-02,15.07,15.2,15.02,15.2,1100
2014-06-03,15.21,15.23,15.11,15.16,4125
2014-06-04,15.22,15.22,15.15,15.15,2346
2014-06-05,15.04,15.41,15.04,15.41,7665
2014-06-06,15.42,15.69,15.42,15.53,8996
2014-06-09,15.47,15.77,15.47,15.49,6155
2014-06-10,15.45,15.55,15.45,15.46,813
2014-06-11,15.45,15.58,15.45,15.57,1359
2014-06-12,15.59,15.59,15.54,15.54,1518
2014-06-13,15.57,15.65,15.46,15.65,5939
2014-06-16,15.65,15.8,15.65,15.73,10361
2014-06-17,15.66,15.8,15.66,15.73,532
2014-06-18,15.79,15.89,15.75,15.76,2540
2014-06-19,15.9,16.04,15.85,15.96,19711
2014-06-20,16.0,16.09,15.8,15.8,6513
2014-06-23,15.8,15.86,15.57,15.6,10172
2014-06-24,15.78,15.89,15.69,15.83,14864
2014-06-25,15.81,15.82,15.55,15.65,12435
2014-06-26,15.7,15.94,15.7,15.94,5483
2014-06-27,15.58,15.75,15.45,15.45,13795
2014-06-30,15.61,15.83,15.53,15.73,9111
2014-07-01,15.7,15.94,15.7,15.94,1738
2014-07-02,15.82,15.94,15.75,15.75,9429
2014-07-03,,,,15.75,0
2014-07-07,15.77,15.8,15.77,15.78,4447
2014-07-08,15.8,15.96,15.75,15.78,13495
2014-07-09,15.75,15.76,15.48,15.61,8392
2014-07-10,15.61,15.82,15.61,15.71,6982
2014-07-11,15.67,15.82,15.6,15.7,10470
2014-07-14,15.91,16.48,15.79,15.99,21464
2014-07-15,15.76,15.9,15.39,15.82,36211
2014-07-16,15.75,15.96,15.47,15.76,22959
2014-07-17,15.78,15.85,15.69,15.76,7674
2014-07-18,,,,15.76,0
2014-07-21,15.86,15.86,15.48,15.5,3756
2014-07-22,15.61,15.73,15.61,15.61,2955
2014-07-23,15.49,15.7,15.49,15.61,4656
2014-07-24,15.74,16.0,15.65,16.0,10176
2014-07-25,16.0,16.19,15.66,15.66,12161
2014-07-28,15.92,16.1,15.67,16.1,11337
2014-07-29,15.9,16.1,15.9,16.05,20129
2014-07-30,16.03,16.1,15.67,15.99,15355
2014-07-31,16.0,16.05,15.95,16.0,16618
2014-08-01,16.05,16.3,15.73,16.26,33600
2014-08-04,16.25,16.25,16.02,16.02,6647
2014-08-05,15.98,16.12,15.7,16.05,20482
2014-08-06,15.77,15.85,15.77,15.85,2943
2014-08-07,15.96,15.96,15.93,15.93,383
2014-08-08,15.93,16.05,15.93,16.05,394
2014-08-11,16.2,16.2,15.85,15.95,2825
2014-08-12,15.78,16.2,15.73,16.02,4927
2014-08-13,15.9,16.1,15.9,15.93,6301
2014-08-14,15.98,16.02,15.95,15.95,5602
2014-08-15,16.0,16.0,16.0,16.0,229
2014-08-18,16.09,16.15,16.04,16.04,684
2014-08-19,16.14,16.14,16.0,16.13,1384
2014-08-20,16.13,16.15,16.0,16.12,4183
2014-08-21,,,,16.12,0
2014-08-22,16.2,16.2,16.05,16.1,2046
2014-08-25,16.17,16.17,16.06,16.06,699
2014-08-26,16.02,16.11,15.95,15.95,10823
2014-08-27,16.0,16.05,15.99,16.05,695
2014-08-28,16.0,16.03,15.86,15.98,6489
2014-08-29,16.0,16.14,15.99,16.06,6500
2014-09-02,16.06,16.18,15.95,15.95,13071
2014-09-03,15.95,15.95,15.95,15.95,212
2014-09-04,15.95,16.07,15.95,16.03,1771
2014-09-05,16.04,16.04,15.95,16.0,3803
2014-09-08,16.1,16.1,15.95,16.0,512
2014-09-09,16.0,16.05,15.87,15.87,14587
2014-09-10,15.99,16.0,15.95,15.99,1800
2014-09-11,15.95,15.95,15.9,15.94,2569
2014-09-12,15.97,16.0,15.95,15.95,5018
2014-09-15,15.95,15.99,15.72,15.99,9375
2014-09-16,15.88,15.99,15.88,15.95,891
2014-09-17,15.92,15.92,15.79,15.85,5724
2014-09-18,15.72,15.77,15.62,15.63,8510
2014-09-19,15.62,16.0,15.62,15.71,3026
2014-09-22,15.87,15.87,15.71,15.75,14189
2014-09-23,15.66,15.82,15.54,15.75,7345
2014-09-24,16.25,16.67,16.2,16.32,95937
2014-09-25,16.13,16.32,16.1,16.14,20846
2014-09-26,16.19,16.24,16.1,16.19,8422
2014-09-29,15.55,16.1,15.55,16.1,10788
2014-09-30,16.1,16.1,16.0,16.02,22573
2014-10-01,16.04,16.05,15.81,16.0,9678
2014-10-02,15.78,16.0,15.75,15.78,19080
2014-10-03,15.99,16.2,15.99,16.2,11681
2014-10-06,16.04,16.05,15.75,15.92,4753
2014-10-07,15.95,15.95,15.61,15.61,5216
2014-10-08,15.75,15.75,15.22,15.45,16304
2014-10-09,15.93,15.93,15.41,15.54,818
2014-10-10,15.87,15.87,15.43,15.5,4642
2014-10-13,15.27,15.49,15.16,15.44,21474
2014-10-14,15.35,15.5,15.23,15.5,6537
2014-10-15,15.4,15.4,15.0,15.03,14289
2014-10-16,14.81,15.46,14.69,15.2,28113
2014-10-17,15.0,15.27,14.71,15.1,164877
2014-10-20,15.2,15.56,15.16,15.4,13299
2014-10-21,15.28,15.39,15.24,15.25,8879
2014-10-22,15.34,15.48,15.27,15.4,19383
2014-10-23,15.46,15.75,15.31,15.38,27244
2014-10-24,15.31,15.43,15.28,15.42,3987
2014-10-27,15.25,15.4,15.24,15.25,14058
2014-10-28,15.24,15.42,15.24,15.25,7993
2014-10-29,15.25,15.25,15.19,15.21,7112
2014-10-30,15.08,15.15,15.06,15.08,3312
2014-10-31,15.14,15.21,15.14,15.2,9252
2014-11-03,15.12,15.21,15.04,15.09,12305
2014-11-04,15.1,15.18,15.1,15.18,2430
2014-11-05,15.07,15.2,15.07,15.2,3584
2014-11-06,15.13,15.13,15.04,15.11,5659
2014-11-07,15.02,15.22,15.02,15.22,5758
2014-11-10,15.04,15.22,15.04,15.16,3275
2014-11-11,15.15,15.18,15.15,15.16,1205
2014-11-12,15.14,15.46,15.14,15.3,2138
2014-11-13,15.48,15.48,15.15,15.15,14993
2014-11-14,15.15,15.33,15.15,15.16,1378
2014-11-17,15.3,15.3,15.17,15.2,36503
2014-11-18,15.1,15.25,15.1,15.25,11459
2014-11-19,15.23,15.23,15.2,15.22,16452
2014-11-20,15.17,15.4,15.03,15.03,2337
2014-11-21,15.15,15.15,15.0,15.08,14825
2014-11-24,15.09,15.09,15.09,15.09,5208
2014-11-25,15.02,15.08,15.0,15.0,20167
2014-11-26,15.04,15.05,15.04,15.05,3020
2014-11-28,15.24,15.24,15.05,15.18,12770
2014-12-01,15.18,15.36,14.72,15.21,23537
2014-12-02,15.24,15.25,15.04,15.09,33397
2014-12-03,15.2,15.2,15.08,15.1,139604
2014-12-04,15.05,15.14,15.05,15.05,12484
2014-12-05,15.02,15.05,15.0,15.05,9241
2014-12-08,14.99,15.12,14.96,15.01,16960
2014-12-09,14.9,15.17,14.9,14.91,7814
2014-12-10,14.99,15.01,14.85,14.89,5178
2014-12-11,14.88,14.96,14.85,14.9,3076
2014-12-12,14.8,15.1,14.8,14.9,15519
2014-12-15,14.8,14.82,14.4,14.48,39333
2014-12-16,14.5,14.57,14.4,14.55,6924
2014-12-17,14.41,14.57,14.41,14.57,6270
2014-12-18,14.46,14.54,14.36,14.44,9515
2014-12-19,14.44,15.03,14.44,14.89,8734
2014-12-22,14.8,15.09,14.8,15.09,16047
2014-12-23,15.01,15.15,14.79,14.79,9400
2014-12-24,14.62,14.98,14.62,14.98,3579
2014-12-26,15.02,15.16,14.96,15.0,11299
2014-12-29,14.96,15.1,14.75,15.0,10701
2014-12-30,14.92,15.04,14.55,14.83,13982
2014-12-31,14.86,14.9,14.61,14.85,23388
2015-01-02,14.82,15.27,14.6,15.27,3702
2015-01-05,15.1,15.15,15.0,15.11,2988
2015-01-06,14.82,15.02,14.82,14.93,6088
2015-01-07,15.0,15.09,14.85,14.85,7559
2015-01-08,15.05,15.05,14.97,15.0,5202
2015-01-09,14.71,14.94,14.7,14.94,10204
2015-01-12,14.96,15.0,14.69,14.77,4953
2015-01-13,14.6,14.8,14.6,14.72,1268
2015-01-14,14.7,14.75,14.65,14.75,4500
2015-01-15,15.25,15.25,14.63,14.96,23514
2015-01-16,14.98,15.28,14.87,15.25,20853
2015-01-20,15.25,15.49,15.16,15.49,9403
2015-01-21,15.13,15.49,15.06,15.49,15127
2015-01-22,15.4,15.55,15.35,15.55,10299
2015-01-23,15.37,15.57,15.36,15.49,2088
2015-01-26,15.64,15.64,15.31,15.39,15856
2015-01-27,15.7,15.7,15.18,15.48,8182
2015-01-28,15.5,15.75,15.48,15.55,29025
2015-01-29,15.56,15.75,15.46,15.57,15592
2015-01-30,15.36,15.48,15.26,15.26,8036
2015-02-02,15.26,15.69,15.26,15.68,7930
2015-02-03,15.68,15.75,15.33,15.71,4925
2015-02-04,15.51,15.64,15.51,15.55,1338
2015-02-05,15.55,15.73,15.51,15.72,11765
2015-02-06,15.65,15.72,15.65,15.7,2000
2015-02-09,15.65,15.67,15.65,15.66,1435
2015-02-10,15.67,15.83,15.65,15.83,4116
2015-02-11,15.85,15.85,15.58,15.83,11306
2015-02-12,15.74,15.75,15.53,15.55,10351
2015-02-13,15.37,15.78,15.37,15.78,7318
2015-02-17,15.57,15.8,15.25,15.69,7889
2015-02-18,15.59,15.81,15.59,15.81,5364
2015-02-19,15.7,15.84,15.7,15.84,4340
2015-02-20,15.56,15.82,15.51,15.81,12253
2015-02-23,15.78,15.83,15.72,15.79,7962
2015-02-24,15.82,15.82,15.55,15.68,10825
2015-02-25,15.74,15.77,15.58,15.67,6562
2015-02-26,15.81,15.82,15.66,15.8,14516
2015-02-27,15.84,15.85,15.76,15.76,9641
2015-03-02,15.85,15.85,15.74,15.79,6423
2015-03-03,15.8,15.85,15.8,15.84,6835
2015-03-04,15.84,15.84,15.79,15.82,1625
2015-03-05,15.79,15.9,15.79,15.9,6403
2015-03-06,15.81,15.98,15.81,15.95,5215
2015-03-09,15.84,15.98,15.84,15.85,4310
2015-03-10,15.69,15.97,15.69,15.71,6090
2015-03-11,15.97,15.98,15.68,15.72,6302
2015-03-12,15.69,15.76,15.69,15.69,3684
2015-03-13,15.66,15.75,15.51,15.66,11616
2015-03-16,15.81,15.81,15.59,15.59,4236
2015-03-17,15.55,15.69,15.49,15.5,5028
2015-03-18,15.42,15.5,15.06,15.34,17645
2015-03-19,15.45,15.46,15.28,15.28,9115
2015-03-20,15.07,15.46,15.05,15.45,18981
2015-03-23,15.46,15.6,15.33,15.34,8238
2015-03-24,15.6,15.61,15.29,15.33,4884
2015-03-25,15.22,15.41,15.22,15.38,10445
2015-03-26,15.26,15.51,15.24,15.5,3464
2015-03-27,15.5,15.53,15.44,15.49,8734
2015-03-30,15.5,15.67,15.48,15.64,7716
2015-03-31,15.63,15.86,15.56,15.85,17860
2015-04-01,15.85,15.88,15.8,15.84,16900
2015-04-02,15.86,15.86,15.83,15.85,4514
2015-04-06,15.85,15.86,15.81,15.85,18253
2015-04-07,15.9,15.9,15.86,15.9,7621
2015-04-08,15.9,16.1,15.86,15.96,14323
2015-04-09,16.1,16.23,16.06,16.2,28372
2015-04-10,16.15,16.5,16.0,16.48,8842
2015-04-13,16.49,16.61,16.41,16.49,14638
2015-04-14,16.5,16.61,16.34,16.5,12672
2015-04-15,16.5,16.5,16.28,16.4,19493
2015-04-16,16.3,16.48,16.3,16.45,21325
2015-04-17,16.31,16.49,16.25,16.39,16406
2015-04-20,16.3,16.49,16.3,16.41,34909
2015-04-21,16.39,16.56,16.38,16.48,34377
2015-04-22,16.74,16.75,16.48,16.5,54349
2015-04-23,16.31,16.49,16.25,16.49,15952
2015-04-24,16.44,16.5,16.26,16.45,10614
2015-04-27,16.49,16.5,16.3,16.39,12559
2015-04-28,16.3,16.5,16.3,16.49,19563
2015-04-29,16.75,16.8,16.5,16.79,24974
2015-04-30,16.62,16.82,16.46,16.82,7101
2015-05-01,16.76,16.95,16.76,16.86,6465
2015-05-04,16.99,17.0,16.77,16.96,12119
2015-05-05,16.85,17.0,16.8,16.98,6445
2015-05-06,16.9,16.97,16.85,16.97,13954
2015-05-07,17.0,17.0,16.89,16.97,5874
2015-05-08,16.96,16.96,16.76,16.94,11842
2015-05-11,16.93,17.0,16.77,16.9,9931
2015-05-12,16.9,16.99,16.76,16.91,1031
2015-05-13,17.0,17.0,16.89,16.89,8071
2015-05-14,16.86,16.98,16.84,16.84,3780
2015-05-15,17.7,17.9,17.51,17.67,49762
2015-05-18,17.79,18.17,17.79,17.95,76234
2015-05-19,18.14,18.14,17.63,17.8,33980
2015-05-20,17.8,18.13,17.72,17.88,61391
2015-05-21,17.35,17.35,17.0,17.22,22464
2015-05-22,17.28,17.57,17.25,17.52,28001
2015-05-26,17.91,17.91,17.52,17.74,51275
2015-05-27,17.85,17.99,17.75,17.75,29796
2015-05-28,17.95,17.95,17.55,17.68,14123
2015-05-29,17.7,17.7,17.2,17.42,44063
2015-06-01,17.44,17.44,17.0,17.09,24060
2015-06-02,17.06,17.17,17.0,17.02,6789
2015-06-03,17.15,17.15,16.66,16.97,7089
2015-06-04,16.8,17.11,16.6,17.02,4151
2015-06-05,17.27,17.5,17.03,17.11,15857
2015-06-08,17.29,17.29,16.95,17.1,7040
2015-06-09,17.08,17.08,16.92,16.94,8290
2015-06-10,16.76,17.05,16.76,17.03,6994
2015-06-11,16.97,17.01,16.89,16.96,2353
2015-06-12,17.11,17.11,16.9,17.03,7433
2015-06-15,16.97,17.3,16.9,17.3,16160
2015-06-16,17.29,17.32,17.15,17.15,5244
2015-06-17,17.15,17.24,17.05,17.1,4571
2015-06-18,17.2,17.29,17.15,17.15,4790
2015-06-19,17.2,17.29,17.15,17.16,2559
2015-06-22,17.15,17.21,17.0,17.17,10291
2015-06-23,17.16,17.35,17.16,17.24,8734
2015-06-24,17.18,17.38,17.18,17.26,6372
2015-06-25,17.28,17.51,17.05,17.17,8974
2015-06-26,17.2,17.3,17.19,17.26,9189
2015-06-29,17.39,17.39,17.1,17.25,3065
2015-06-30,17.2,17.28,17.17,17.17,12492
2015-07-01,17.15,17.18,17.0,17.08,3487
2015-07-02,17.0,17.25,17.0,17.18,11996
2015-07-06,17.1,17.26,17.08,17.22,7981
2015-07-07,17.25,17.25,17.09,17.1,10640
2015-07-08,17.08,17.22,17.0,17.22,3935
2015-07-09,17.22,17.22,16.81,16.97,4270
2015-07-10,16.98,17.39,16.72,17.07,11945
2015-07-13,17.0,17.34,16.92,17.19,9665
2015-07-14,16.97,17.18,16.67,16.96,19616
2015-07-15,17.38,17.5,17.01,17.1,17884
2015-07-16,17.33,17.35,17.19,17.22,9291
2015-07-17,17.3,17.81,17.26,17.56,22095
2015-07-20,17.66,18.0,17.56,17.68,35285
2015-07-21,17.88,17.88,17.56,17.63,16478
2015-07-22,17.9,17.9,17.34,17.34,7738
2015-07-23,17.5,17.55,17.15,17.24,16357
2015-07-24,17.24,17.26,17.0,17.17,11995
2015-07-27,17.68,17.68,17.0,17.08,4195
2015-07-28,17.04,17.56,16.86,17.0,20190
2015-07-29,17.12,17.56,16.88,17.05,60893
2015-07-30,16.9,16.92,16.75,16.83,17147
2015-07-31,16.94,17.02,16.83,16.87,2409
2015-08-03,16.93,16.93,16.66,16.75,6510
2015-08-04,16.86,16.86,16.53,16.63,8959
2015-08-05,16.77,16.77,16.54,16.56,4347
2015-08-06,16.77,16.77,16.37,16.39,12279
2015-08-07,16.3,16.5,16.3,16.42,8572
2015-08-10,16.42,16.49,16.33,16.47,7634
2015-08-11,16.3,16.42,16.21,16.27,14068
2015-08-12,16.25,16.35,15.86,16.21,10612
2015-08-13,16.25,16.65,15.92,16.15,10722
2015-08-14,16.24,16.6,16.18,16.6,9140
2015-08-17,16.59,16.68,16.37,16.4,6464
2015-08-18,16.19,16.39,16.18,16.38,3546
2015-08-19,16.44,16.68,16.08,16.44,15303
2015-08-20,16.5,16.5,16.21,16.25,7896
2015-08-21,16.1,16.24,15.77,16.06,26560
2015-08-24,15.5,15.88,15.12,15.56,56820
2015-08-25,16.11,16.11,15.7,15.7,21426
2015-08-26,15.6,16.07,15.6,16.0,13929
2015-08-27,15.87,16.08,15.87,16.08,1292
2015-08-28,16.02,16.08,16.0,16.08,10244
2015-08-31,16.19,16.59,16.01,16.32,14714
2015-09-01,16.33,16.54,16.33,16.54,9987
2015-09-02,16.38,16.5,16.26,16.49,6330
2015-09-03,16.51,16.72,16.48,16.6,6270
2015-09-04,16.49,16.53,16.48,16.5,14088
2015-09-08,16.53,16.53,16.47,16.5,10082
2015-09-09,16.55,16.55,16.33,16.45,10792
2015-09-10,16.47,16.5,16.47,16.5,6979
2015-09-11,16.5,16.6,16.46,16.59,16003
2015-09-14,16.6,16.6,16.49,16.56,18925
2015-09-15,16.6,16.6,16.51,16.56,10396
2015-09-16,16.6,16.68,16.6,16.65,12040
2015-09-17,16.65,16.65,16.47,16.53,15638
2015-09-18,16.5,16.52,16.5,16.52,3088
2015-09-21,16.49,16.68,16.44,16.48,6570
2015-09-22,16.4,16.5,16.4,16.49,5967
2015-09-23,16.5,16.69,16.2,16.27,26944
2015-09-24,16.2,16.27,16.2,16.21,3156
2015-09-25,16.22,16.4,16.2,16.35,2728
2015-09-28,16.46,16.47,16.0,16.17,7539
2015-09-29,16.18,16.25,16.09,16.16,14503
2015-09-30,16.23,16.24,16.0,16.15,2807
2015-10-01,16.11,16.21,16.02,16.07,1807
2015-10-02,16.19,16.19,16.0,16.09,24686
2015-10-05,16.19,16.19,16.12,16.15,17838
2015-10-06,16.18,16.24,15.91,16.21,2553
2015-10-07,16.22,16.54,16.15,16.29,9105
2015-10-08,16.4,16.4,16.3,16.31,4363
2015-10-09,16.61,16.61,16.5,16.57,7824
2015-10-12,16.6,16.6,16.33,16.52,8469
2015-10-13,16.5,16.74,16.45,16.56,14239
2015-10-14,16.4,16.63,16.32,16.43,39762
2015-10-15,16.28,16.36,16.21,16.27,15771
2015-10-16,16.43,17.21,16.32,16.62,20878
2015-10-19,16.62,16.62,16.5,16.52,13197
2015-10-20,16.65,16.69,16.53,16.57,9647
2015-10-21,16.64,16.64,16.21,16.36,9079
2015-10-22,16.46,16.57,16.26,16.27,6312
2015-10-23,16.4,16.4,16.2,16.26,15591
2015-10-26,16.28,16.29,16.07,16.07,7524
2015-10-27,16.06,16.13,15.83,15.96,4982
2015-10-28,16.0,16.16,15.9,16.09,19358
2015-10-29,15.7,16.09,15.58,16.0,6646
2015-10-30,16.12,16.12,15.95,15.97,8654
2015-11-02,15.68,16.01,15.68,15.92,6811
2015-11-03,15.93,15.96,15.71,15.78,10357
2015-11-04,15.71,16.02,15.55,15.8,18418
2015-11-05,15.9,15.9,15.56,15.79,5350
2015-11-06,15.79,15.79,15.59,15.62,2746
2015-11-09,15.47,15.93,15.47,15.65,5410
2015-11-10,15.78,15.78,15.56,15.56,2262
2015-11-11,15.45,15.6,15.45,15.58,4533
2015-11-12,15.48,15.59,15.44,15.58,6794
2015-11-13,15.94,15.94,15.39,15.39,22814
2015-11-16,15.3,15.33,15.29,15.33,9615
2015-11-17,15.43,15.43,15.32,15.39,20211
2015-11-18,15.34,15.37,15.29,15.29,6614
2015-11-19,15.37,15.4,15.11,15.2,10575
2015-11-20,15.15,15.15,14.8,14.92,13499
2015-11-23,15.23,15.23,14.83,15.13,28396
2015-11-24,15.13,15.34,15.05,15.3,3234
2015-11-25,15.28,15.43,15.24,15.31,5820
2015-11-27,15.46,15.46,15.46,15.46,359
2015-11-30,15.6,15.63,15.3,15.63,14098
2015-12-01,15.65,15.96,15.65,15.8,9143
2015-12-02,15.69,15.84,15.69,15.84,10575
2015-12-03,15.67,15.93,15.56,15.93,6300
2015-12-04,15.8,15.8,15.56,15.63,3357
2015-12-07,15.51,15.62,15.38,15.4,4143
2015-12-08,15.09,15.21,14.9,15.13,6522
2015-12-09,15.04,15.13,14.93,14.98,11518
2015-12-10,15.37,15.37,14.99,15.05,4877
2015-12-11,15.0,15.1,14.8,14.92,25410
2015-12-14,14.86,14.93,14.62,14.62,14816
2015-12-15,14.62,14.93,14.62,14.73,19824
2015-12-16,14.74,14.83,14.43,14.77,9307
2015-12-17,14.73,14.96,14.57,14.81,12676
2015-12-18,14.65,14.67,14.61,14.67,7902
2015-12-21,14.61,14.91,14.61,14.91,52753
2015-12-22,15.0,15.34,15.0,15.3,3203
2015-12-23,15.25,15.51,15.25,15.35,6584
2015-12-24,15.26,15.26,15.17,15.17,2569
2015-12-28,15.19,15.3,15.08,15.22,12112
2015-12-29,15.33,15.33,15.22,15.32,3058
2015-12-30,15.33,15.35,15.27,15.31,8131
2015-12-31,15.35,15.42,15.27,15.42,1489
2016-01-04,15.35,15.73,15.35,15.5,23973
2016-01-05,15.45,15.65,15.45,15.52,5059
2016-01-06,15.25,15.5,15.25,15.26,5098
2016-01-07,15.38,15.49,15.25,15.3,6624
2016-01-08,15.3,15.45,15.22,15.36,16668
2016-01-11,15.32,15.62,15.0,15.09,27762
2016-01-12,15.44,15.44,14.8,14.87,23423
2016-01-13,15.08,15.08,14.55,14.61,11737
2016-01-14,14.42,15.0,14.4,14.71,13568
2016-01-15,14.8,14.8,14.3,14.35,9902
2016-01-19,14.53,14.53,14.19,14.41,9235
2016-01-20,14.51,14.51,14.0,14.27,15913
2016-01-21,14.77,14.88,14.26,14.26,20899
2016-01-22,14.46,14.46,14.16,14.3,12282
2016-01-25,14.17,14.25,13.51,13.7,34107
2016-01-26,13.66,14.06,13.66,13.79,7967
2016-01-27,14.06,14.14,13.9,13.91,9345
2016-01-28,13.61,13.8,13.43,13.7,9548
2016-01-29,13.63,14.1,13.63,14.09,16356
2016-02-01,14.2,14.2,13.74,14.1,43102
2016-02-02,14.01,14.16,13.58,14.11,21388
2016-02-03,14.2,14.2,14.08,14.17,7499
2016-02-04,14.25,14.25,14.11,14.2,9376
2016-02-05,14.11,14.22,14.03,14.12,14565
2016-02-08,13.86,14.0,13.7,13.8,5235
2016-02-09,13.75,14.09,13.7,13.71,4757
2016-02-10,13.75,13.99,13.73,13.94,5562
2016-02-11,13.56,13.91,13.56,13.67,11905
2016-02-12,13.63,13.72,13.41,13.5,13105
2016-02-16,13.55,13.59,13.53,13.58,3367
2016-02-17,13.68,13.68,13.45,13.68,20740
2016-02-18,13.55,14.18,13.53,14.0,17259
2016-02-19,14.0,14.0,13.62,13.79,8355
2016-02-22,13.85,13.95,13.68,13.71,15045
2016-02-23,13.72,13.86,13.65,13.72,7306
2016-02-24,13.64,13.7,13.51,13.51,6218
2016-02-25,13.65,13.89,13.58,13.78,5887
2016-02-26,13.81,14.06,13.81,14.06,4098
2016-02-29,14.3,14.67,14.11,14.22,17108
2016-03-01,14.2,14.22,13.94,14.16,21468
2016-03-02,14.25,14.25,13.91,14.03,11060
2016-03-03,14.05,14.24,14.05,14.24,6781
2016-03-04,14.29,14.4,14.25,14.38,11889
2016-03-07,14.39,14.4,14.13,14.24,16996
2016-03-08,14.16,14.3,14.15,14.16,8590
2016-03-09,14.26,14.34,14.21,14.34,7758
2016-03-10,14.34,14.35,14.27,14.3,7371
2016-03-11,14.28,14.4,14.25,14.31,14568
2016-03-14,14.3,14.48,14.27,14.48,13487
2016-03-15,14.45,14.45,14.4,14.43,7523
2016-03-16,14.45,14.45,14.41,14.45,8794
2016-03-17,14.5,15.2,14.5,15.11,49366
2016-03-18,15.21,15.42,15.21,15.39,3426
2016-03-21,15.32,15.63,15.32,15.43,6042
2016-03-22,15.45,15.92,15.44,15.73,8360
2016-03-23,15.59,15.75,15.51,15.75,3748
2016-03-24,15.68,15.68,15.5,15.62,5238
2016-03-28,15.6,16.06,15.6,15.62,10144
2016-03-29,15.81,15.81,15.7,15.74,5087
2016-03-30,15.76,15.8,15.59,15.59,9723
2016-03-31,15.6,16.0,15.6,15.68,3557
2016-04-01,15.65,16.0,15.65,16.0,28206
2016-04-04,16.0,16.38,16.0,16.35,36584
2016-04-05,16.32,16.46,16.12,16.2,17290
2016-04-06,16.37,16.5,16.25,16.5,16305
2016-04-07,16.58,16.91,16.25,16.39,10002
2016-04-08,16.36,16.71,16.31,16.51,6637
2016-04-11,16.71,17.0,16.58,16.71,28834
2016-04-12,16.64,16.96,16.64,16.84,52999
2016-04-13,16.5,16.5,15.84,16.22,40978
2016-04-14,16.24,16.52,16.03,16.28,11672
2016-04-15,16.24,16.49,16.21,16.22,3992
2016-04-18,16.22,16.49,16.13,16.13,7941
2016-04-19,16.24,16.3,16.18,16.18,10175
2016-04-20,16.31,16.42,16.23,16.26,8387
2016-04-21,16.39,16.43,16.09,16.1,15509
2016-04-22,16.21,16.21,16.09,16.17,7828
2016-04-25,16.06,16.22,16.06,16.22,8412
2016-04-26,16.25,16.46,16.2,16.46,13878
2016-04-27,16.46,16.46,16.25,16.39,9553
2016-04-28,16.48,16.6,16.28,16.58,20303
2016-04-29,16.55,16.6,16.3,16.6,5233
2016-05-02,16.45,16.6,16.4,16.58,5847
2016-05-03,16.47,16.47,16.26,16.38,9376
2016-05-04,16.7,16.7,16.2,16.32,14425
2016-05-05,16.33,16.7,16.19,16.39,11300
2016-05-06,16.32,16.32,16.05,16.05,3947
2016-05-09,16.27,16.39,16.18,16.27,8823
2016-05-10,16.37,16.48,16.18,16.27,18876
2016-05-11,16.34,16.39,16.3,16.31,5160
2016-05-12,16.37,16.49,16.27,16.3,8740
2016-05-13,16.3,16.53,16.24,16.25,27747
2016-05-16,16.3,16.46,16.2,16.24,8550
2016-05-17,16.36,16.36,16.2,16.29,6933
2016-05-18,16.48,16.59,16.3,16.3,30566
2016-05-19,16.26,16.45,16.23,16.38,29484
2016-05-20,16.4,16.4,16.03,16.15,16084
2016-05-23,16.0,16.25,15.9,16.05,29000
2016-05-24,16.18,16.38,16.11,16.23,10020
2016-05-25,16.4,16.4,16.15,16.17,15149
2016-05-26,16.27,16.57,16.26,16.45,15525
2016-05-27,16.46,16.6,16.34,16.6,10577
2016-05-31,16.71,16.85,16.39,16.39,9866
2016-06-01,16.42,16.78,16.42,16.45,6988
2016-06-02,16.6,16.6,16.48,16.48,8039
2016-06-03,16.55,16.75,16.3,16.45,10181
2016-06-06,16.54,16.8,16.33,16.52,5294
2016-06-07,16.42,16.54,16.41,16.5,4229
2016-06-08,16.52,16.54,16.48,16.48,5155
2016-06-09,16.35,16.6,16.35,16.58,9427
2016-06-10,16.49,16.7,16.37,16.37,5917
2016-06-13,16.5,16.5,16.41,16.45,7446
2016-06-14,16.35,16.58,16.35,16.41,4719
2016-06-15,16.51,16.7,16.5,16.54,17605
2016-06-16,16.61,16.76,16.57,16.7,11846
2016-06-17,16.62,16.89,16.62,16.88,7055
2016-06-20,16.93,17.0,16.65,16.92,10692
2016-06-21,16.89,16.93,16.79,16.89,3841
2016-06-22,16.92,16.99,16.75,16.9,14158
2016-06-23,16.91,16.98,16.9,16.95,9841
2016-06-24,16.55,17.0,16.55,16.83,14811
2016-06-27,17.0,17.0,16.75,16.84,19659
2016-06-28,17.0,17.41,16.88,16.96,18078
2016-06-29,17.11,17.18,16.81,16.9,17990
2016-06-30,16.95,16.95,16.82,16.9,18093
2016-07-01,16.83,16.95,16.82,16.9,6170
2016-07-05,17.08,17.24,16.92,16.95,16911
2016-07-06,16.95,17.2,16.95,17.08,10013
2016-07-07,17.18,17.19,17.09,17.18,9325
2016-07-08,17.25,17.25,17.19,17.19,11100
2016-07-11,17.35,17.35,17.19,17.22,19892
2016-07-12,17.37,17.49,17.23,17.24,25065
2016-07-13,17.26,17.49,17.2,17.26,30739
2016-07-14,17.3,17.5,17.21,17.21,38977
2016-07-15,17.44,17.44,17.07,17.09,44503
2016-07-18,17.1,17.34,17.08,17.23,46922
2016-07-19,17.32,17.45,17.21,17.36,44178
2016-07-20,17.46,17.5,17.35,17.5,29764
2016-07-21,17.5,17.7,17.49,17.63,77192
2016-07-22,17.79,17.85,17.63,17.72,30642
2016-07-25,17.9,18.14,17.84,18.12,81769
2016-07-26,18.34,18.71,17.87,18.15,59145
2016-07-27,17.6,17.75,16.79,17.15,95237
2016-07-28,17.27,17.43,17.08,17.2,21639
2016-07-29,17.33,17.33,17.16,17.16,10181
2016-08-01,17.28,17.28,17.1,17.13,13541
2016-08-02,17.09,17.22,16.8,16.91,39899
2016-08-03,16.97,17.2,16.84,17.04,37143
2016-08-04,17.05,17.25,16.9,17.01,12601
2016-08-05,17.06,17.1,16.85,17.1,16830
2016-08-08,17.24,17.65,17.16,17.64,46519
2016-08-09,17.67,17.7,17.4,17.48,11982
2016-08-10,17.58,17.58,17.5,17.58,6685
2016-08-11,17.58,17.87,17.51,17.64,11226
2016-08-12,17.74,17.74,17.51,17.62,8278
2016-08-15,17.77,17.77,17.61,17.63,9671
2016-08-16,17.76,17.94,17.65,17.69,12649
2016-08-17,17.75,17.84,17.64,17.65,19092
2016-08-18,17.79,17.85,17.7,17.83,15707
2016-08-19,17.84,18.05,17.83,17.96,23306
2016-08-22,17.9,18.0,17.75,17.99,42224
2016-08-23,18.0,18.0,17.85,17.93,14890
2016-08-24,17.96,18.0,17.96,17.99,3071
2016-08-25,17.95,18.1,17.95,17.99,19210
2016-08-26,18.06,18.5,17.95,18.02,52893
2016-08-29,17.96,18.0,17.81,17.82,13748
2016-08-30,17.82,17.94,17.65,17.87,16251
2016-08-31,17.86,17.97,17.76,17.93,10796
2016-09-01,17.97,18.0,17.55,17.94,14311
2016-09-02,18.09,18.37,17.92,18.11,26398
2016-09-06,18.01,18.35,18.0,18.15,24954
2016-09-07,18.19,18.43,17.98,18.3,30842
2016-09-08,18.3,18.5,18.2,18.32,19087
2016-09-09,18.36,18.57,17.93,18.31,19753
2016-09-12,18.27,18.53,18.11,18.11,17736
2016-09-13,18.27,18.74,17.79,17.8,31646
2016-09-14,17.98,18.5,17.98,18.17,6651
2016-09-15,18.04,18.75,18.04,18.12,19629
2016-09-16,18.32,18.37,17.92,17.94,28472
2016-09-19,18.55,18.63,18.06,18.21,15693
2016-09-20,18.43,18.6,18.25,18.6,5355
2016-09-21,18.61,18.75,18.08,18.09,18580
2016-09-22,18.0,18.3,17.99,18.12,12169
2016-09-23,18.15,18.25,18.08,18.08,10181
2016-09-26,18.15,18.15,17.9,18.06,28135
2016-09-27,18.1,18.1,17.7,17.79,14502
2016-09-28,17.66,17.87,17.56,17.7,22737
2016-09-29,17.79,18.03,17.5,17.52,6527
2016-09-30,17.96,18.0,17.58,17.85,9336
2016-10-03,17.98,18.14,17.98,18.04,28771
2016-10-04,18.1,18.11,17.98,18.04,27747
2016-10-05,18.15,18.15,18.01,18.05,23035
2016-10-06,18.11,18.11,17.8,17.81,36831
2016-10-07,17.97,18.12,17.81,17.85,20046
2016-10-10,18.0,18.13,17.91,18.01,9421
2016-10-11,17.96,18.12,17.92,18.04,5845
2016-10-12,18.15,18.63,18.11,18.36,11607
2016-10-13,18.75,18.79,18.19,18.22,25216
2016-10-14,18.21,18.62,18.02,18.25,37365
2016-10-17,18.45,18.64,18.32,18.34,27306
2016-10-18,18.5,18.58,18.39,18.4,8699
2016-10-19,18.48,18.53,18.25,18.33,14227
2016-10-20,18.46,18.5,18.2,18.22,17434
2016-10-21,18.36,18.5,18.28,18.3,18376
2016-10-24,18.53,18.65,18.46,18.63,24536
2016-10-25,18.52,18.79,18.52,18.77,20198
2016-10-26,18.62,18.85,18.55,18.79,28362
2016-10-27,18.41,18.55,18.41,18.52,27173
2016-10-28,18.66,18.7,18.34,18.35,15920
2016-10-31,18.6,18.7,18.16,18.25,22103
2016-11-01,18.35,18.41,17.74,17.79,22829
2016-11-02,17.82,18.34,17.61,17.66,13597
2016-11-03,17.6,17.8,17.17,17.2,16587
2016-11-04,17.24,18.12,17.24,17.87,31086
2016-11-07,18.01,18.15,17.66,18.0,20728
2016-11-08,17.88,18.2,17.53,18.2,36193
2016-11-09,18.22,18.47,18.03,18.4,14386
2016-11-10,18.59,18.92,18.43,18.73,46996
2016-11-11,18.85,18.91,18.75,18.9,34893
2016-11-14,18.95,19.55,18.92,19.2,43033
2016-11-15,19.1,19.69,19.1,19.38,16269
2016-11-16,19.48,19.52,19.26,19.48,24807
2016-11-17,19.35,19.35,19.3,19.35,18381
2016-11-18,19.49,20.06,19.35,19.7,24107
2016-11-21,19.5,19.91,19.4,19.64,14544
2016-11-22,19.74,19.98,19.65,19.89,13606
2016-11-23,19.85,19.85,19.46,19.73,10821
2016-11-25,19.74,19.97,19.72,19.97,8958
2016-11-28,20.0,20.26,19.58,19.87,20670
2016-11-29,19.85,20.26,19.82,20.24,9168
2016-11-30,20.17,20.25,20.0,20.18,15570
2016-12-01,20.15,20.17,18.6,18.66,44802
2016-12-02,18.83,19.25,18.83,19.25,8412
2016-12-05,19.2,19.28,19.16,19.21,5651
2016-12-06,19.47,19.74,19.2,19.29,14215
2016-12-07,19.35,19.46,18.98,19.15,18600
2016-12-08,19.3,19.3,18.75,18.84,39818
2016-12-09,18.85,18.85,17.56,18.12,67295
2016-12-12,18.19,18.39,18.13,18.32,24126
2016-12-13,18.39,18.92,18.39,18.58,10971
2016-12-14,19.0,19.08,18.71,18.82,17753
2016-12-15,18.85,19.09,18.84,19.0,31014
2016-12-16,19.05,19.47,18.89,19.47,22666
2016-12-19,19.65,19.92,19.38,19.88,25125
2016-12-20,20.0,20.68,19.51,19.73,34354
2016-12-21,20.0,20.12,19.85,20.03,24311
2016-12-22,20.05,20.45,19.6,20.45,6391
2016-12-23,20.05,20.32,19.86,20.0,10521
2016-12-27,20.0,20.58,20.0,20.57,16654
2016-12-28,20.59,20.6,20.19,20.38,12610
2016-12-29,20.55,20.95,20.11,20.3,20009
2016-12-30,20.48,20.62,20.4,20.61,8583
2017-01-03,20.61,20.61,20.12,20.32,41623
2017-01-04,20.5,20.92,20.36,20.66,37184
2017-01-05,20.68,20.68,20.43,20.46,11120
2017-01-06,20.31,20.8,20.1,20.7,44594
2017-01-09,20.7,20.8,20.5,20.67,15789
2017-01-10,20.74,20.8,20.71,20.79,16294
2017-01-11,20.82,20.99,20.61,20.99,23733
2017-01-12,21.02,21.02,20.49,20.49,34226
2017-01-13,20.69,20.92,20.16,20.35,38001
2017-01-17,20.4,20.5,20.12,20.21,56768
2017-01-18,20.4,20.69,19.92,19.98,46878
2017-01-19,20.28,20.34,20.11,20.22,52449
2017-01-20,20.45,20.45,19.9,19.97,22807
2017-01-23,20.18,20.31,20.18,20.28,47858
2017-01-24,20.44,21.45,20.28,21.11,108164
2017-01-25,21.29,21.63,21.0,21.15,80174
2017-01-26,21.2,21.24,20.81,21.08,71535
2017-01-27,21.15,21.15,20.5,20.75,19444
2017-01-30,20.77,20.79,20.32,20.66,30963
2017-01-31,20.6,20.65,20.47,20.6,23031
2017-02-01,20.82,20.95,20.67,20.92,23844
2017-02-02,20.95,21.17,20.83,21.02,67284
2017-02-03,21.18,21.5,21.1,21.31,36802
2017-02-06,21.5,22.03,21.5,21.84,86228
2017-02-07,22.1,22.22,21.62,21.76,60542
2017-02-08,21.79,22.2,21.74,22.19,59821
2017-02-09,22.18,22.18,21.93,22.1,49337
2017-02-10,22.1,22.67,22.02,22.65,41758
2017-02-13,22.99,23.4,22.81,22.95,113900
2017-02-14,23.19,23.19,22.61,22.86,79705
2017-02-15,22.99,23.05,22.1,22.73,74897
2017-02-16,23.0,23.0,22.54,22.75,43660
2017-02-17,22.9,22.94,22.52,22.86,36850
2017-02-21,22.86,23.28,22.8,23.27,35081
2017-02-22,23.38,23.4,23.04,23.3,31734
2017-02-23,23.14,23.35,22.41,22.68,63384
2017-02-24,22.82,22.98,22.52,22.85,29665
2017-02-27,23.0,23.0,22.12,22.22,63061
2017-02-28,22.39,22.98,22.36,22.74,22329
2017-03-01,22.96,23.3,22.85,23.12,45552
2017-03-02,23.3,23.78,23.28,23.45,49876
2017-03-03,23.31,23.51,23.03,23.41,24229
2017-03-06,23.48,23.57,23.2,23.29,36441
2017-03-07,23.17,23.46,22.8,22.87,45222
2017-03-08,23.18,23.44,22.99,23.42,62614
2017-03-09,23.5,23.7,23.13,23.27,36294
2017-03-10,23.5,23.6,23.36,23.6,23434
2017-03-13,23.6,23.67,23.38,23.47,26732
2017-03-14,23.32,23.47,23.0,23.27,26729
2017-03-15,23.46,23.49,22.75,22.95,22602
2017-03-16,22.81,23.04,22.37,22.48,69074
2017-03-17,22.57,22.57,22.38,22.4,14330
2017-03-20,22.49,22.49,22.35,22.43,34867
2017-03-21,22.45,22.45,22.32,22.39,32016
2017-03-22,22.39,22.5,22.2,22.4,30337
2017-03-23,22.28,22.5,22.25,22.41,33672
2017-03-24,22.43,22.55,22.25,22.55,22808
2017-03-27,22.2,22.55,22.2,22.5,17475
2017-03-28,22.51,22.55,22.29,22.55,19424
2017-03-29,22.55,22.6,22.39,22.43,25058
2017-03-30,22.39,22.5,22.22,22.23,14446
2017-03-31,22.5,22.5,21.56,21.68,44681
2017-04-03,21.86,21.86,21.2,21.29,40705
2017-04-04,21.44,21.54,21.35,21.54,22888
2017-04-05,21.55,21.59,20.12,20.54,99686
2017-04-06,20.83,21.39,20.83,21.31,68082
2017-04-07,21.4,21.4,21.22,21.32,17380
2017-04-10,21.4,21.45,20.54,20.59,61930
2017-04-11,20.5,21.03,20.31,20.98,40808
2017-04-12,21.0,21.5,20.98,21.43,12554
2017-04-13,21.5,21.5,20.84,21.04,30706
2017-04-17,21.21,21.22,21.05,21.21,19486
2017-04-18,21.21,21.45,21.1,21.35,9940
2017-04-19,21.35,21.35,20.72,20.76,17644
2017-04-20,21.03,21.03,20.72,20.79,22992
2017-04-21,21.15,21.4,20.94,21.39,23482
2017-04-24,21.66,21.66,21.34,21.48,12719
2017-04-25,21.75,22.0,21.59,21.64,22013
2017-04-26,21.82,22.0,21.45,21.51,17660
2017-04-27,21.74,21.9,21.08,21.4,22402
2017-04-28,21.54,21.88,21.3,21.82,10815
2017-05-01,22.0,22.0,21.67,21.99,11216
2017-05-02,22.0,22.0,21.81,21.88,16174
2017-05-03,21.97,22.27,21.86,21.93,11891
2017-05-04,21.95,21.95,21.76,21.83,13777
2017-05-05,21.95,22.0,21.78,21.85,14238
2017-05-08,21.9,22.26,21.77,22.26,20501
2017-05-09,22.54,22.64,22.31,22.63,29843
2017-05-10,22.76,22.99,22.49,22.84,26266
2017-05-11,22.85,22.85,22.3,22.39,16272
2017-05-12,22.51,22.55,22.35,22.43,5352
2017-05-15,22.32,22.54,22.32,22.48,11466
2017-05-16,22.64,22.89,22.47,22.7,10062
2017-05-17,22.75,22.85,22.3,22.42,20071
2017-05-18,22.37,22.37,21.87,21.96,9157
2017-05-19,22.17,22.46,20.81,21.25,53576
2017-05-22,21.47,21.61,21.16,21.37,3319
2017-05-23,21.4,21.61,21.28,21.54,8374
2017-05-24,21.64,21.64,21.26,21.49,6208
2017-05-25,21.49,21.56,21.32,21.4,14512
2017-05-26,21.5,21.94,21.35,21.78,10816
2017-05-30,21.94,22.09,21.78,22.08,17510
2017-05-31,22.0,22.38,21.86,22.13,16400
2017-06-01,22.02,22.02,21.48,21.95,20736
2017-06-02,22.01,22.41,22.01,22.4,21123
2017-06-05,22.21,22.43,22.13,22.43,25786
2017-06-06,22.43,22.62,22.43,22.46,30973
2017-06-07,22.46,22.6,22.46,22.48,27932
2017-06-08,22.5,22.56,22.05,22.48,27946
2017-06-09,22.45,22.48,22.29,22.41,16830
2017-06-12,22.42,22.55,22.4,22.49,39884
2017-06-13,22.21,22.21,21.64,21.85,19624
2017-06-14,21.7,21.97,21.53,21.8,17580
2017-06-15,21.65,21.88,21.05,21.44,22888
2017-06-16,21.52,21.52,21.2,21.2,18290
2017-06-19,21.41,21.47,21.1,21.22,17561
2017-06-20,21.11,21.4,20.9,21.06,26204
2017-06-21,21.23,21.3,21.07,21.26,16884
2017-06-22,21.31,21.37,20.5,20.68,43034
2017-06-23,20.92,21.3,20.65,20.74,21283
2017-06-26,20.74,20.95,20.68,20.85,21000
2017-06-27,20.89,20.89,20.26,20.68,22582
2017-06-28,20.73,20.88,20.57,20.67,16472
2017-06-29,20.82,20.87,20.36,20.61,15633
2017-06-30,20.76,20.89,20.61,20.89,6896
2017-07-03,20.94,20.94,20.51,20.63,7669
2017-07-05,20.6,22.0,20.59,21.79,64001
2017-07-06,21.76,21.82,21.5,21.65,15066
2017-07-07,21.56,21.73,21.52,21.6,10923
2017-07-10,21.77,21.97,21.5,21.69,12950
2017-07-11,21.64,21.78,21.48,21.75,13095
2017-07-12,22.0,22.53,21.79,22.53,41796
2017-07-13,22.49,22.49,20.94,20.98,58802
2017-07-14,21.1,21.19,20.43,21.05,74058
2017-07-17,21.09,21.11,20.58,20.79,36689
2017-07-18,20.62,20.81,20.5,20.65,56408
2017-07-19,20.64,20.82,20.35,20.7,35404
2017-07-20,20.84,20.85,20.4,20.49,39338
2017-07-21,20.45,20.73,20.4,20.41,22786
2017-07-24,20.4,20.75,20.4,20.74,7465
2017-07-25,20.79,20.79,20.48,20.65,16237
2017-07-26,20.65,20.93,20.63,20.74,28391
2017-07-27,20.9,20.97,20.61,20.69,15352
2017-07-28,20.76,20.8,20.6,20.65,6649
2017-07-31,,21.98,,21.7,88281
2017-08-01,21.96,21.96,20.64,20.73,35432
