Date,Open,High,Low,Close,Volume
2015-10-16,13.0,14.3,9.98,10.05,780842
2015-10-19,10.03,10.35,8.85,9.16,329661
2015-10-20,9.01,9.19,8.04,8.11,72470
2015-10-21,8.2,8.48,7.85,8.0,135125
2015-10-22,8.0,8.26,7.5,7.59,66813
2015-10-23,7.78,7.9,6.9,7.01,204202
2015-10-26,6.9,7.98,6.9,7.6,81775
2015-10-27,9.21,9.21,7.6,8.09,53796
2015-10-28,8.0,8.38,8.0,8.33,33699
2015-10-29,8.1,8.3,8.1,8.3,26697
2015-10-30,8.15,8.59,8.1,8.57,15779
2015-11-02,8.5,8.57,8.1,8.27,30958
2015-11-03,8.22,8.8,7.87,8.0,36899
2015-11-04,8.4,8.4,7.72,8.24,12282
2015-11-05,8.75,8.75,7.8,7.98,18769
2015-11-06,8.31,8.31,7.8,8.0,24896
2015-11-09,7.9,8.0,7.4,7.49,40464
2015-11-10,7.99,7.99,7.12,7.15,92222
2015-11-11,7.15,7.5,7.0,7.18,42651
2015-11-12,7.0,7.05,6.67,6.9,48843
2015-11-13,6.77,7.05,6.32,6.96,11444
2015-11-16,6.71,7.44,6.52,7.25,42237
2015-11-17,7.25,7.25,6.5,6.94,51232
2015-11-18,7.45,7.45,6.83,6.99,24046
2015-11-19,6.84,7.15,6.7,7.15,22873
2015-11-20,6.9,7.58,6.56,7.55,40525
2015-11-23,7.3,7.42,6.79,7.17,24699
2015-11-24,6.96,7.45,6.95,7.44,30487
2015-11-25,7.3,7.86,7.06,7.44,19989
2015-11-27,7.17,7.5,6.93,7.32,16788
2015-11-30,7.0,7.29,7.0,7.19,14062
2015-12-01,6.98,7.3,6.92,7.03,43592
2015-12-02,7.19,7.23,5.9,6.15,101997
2015-12-03,6.15,6.48,6.1,6.34,35365
2015-12-04,6.17,6.5,5.6,5.88,117931
2015-12-07,5.9,6.08,5.0,5.69,71973
2015-12-08,5.44,5.68,5.31,5.65,42102
2015-12-09,5.63,6.31,5.53,6.03,43389
2015-12-10,6.11,6.11,5.71,5.98,30481
2015-12-11,6.08,6.34,5.8,5.98,38341
2015-12-14,5.68,5.99,5.46,5.88,15224
2015-12-15,5.71,6.37,5.71,6.08,11033
2015-12-16,6.0,6.04,5.85,6.01,8267
2015-12-17,5.81,6.08,5.78,6.08,15011
2015-12-18,6.23,6.32,6.0,6.11,18759
2015-12-21,6.13,6.36,6.05,6.32,6774
2015-12-22,5.96,7.34,5.96,7.26,26722
2015-12-23,7.11,7.21,6.9,7.03,31776
2015-12-24,6.98,7.08,6.98,7.08,7984
2015-12-28,7.08,7.08,6.84,7.04,16085
2015-12-29,6.98,7.09,6.77,7.09,8024
2015-12-30,6.99,7.1,6.85,7.08,17099
2015-12-31,7.03,7.83,7.03,7.6,18788
2016-01-04,7.77,7.99,7.0,7.09,21660
2016-01-05,6.92,7.06,6.42,6.86,15139
2016-01-06,6.75,6.8,6.1,6.37,21350
2016-01-07,6.48,7.3,6.02,6.02,14561
2016-01-08,6.11,6.43,6.03,6.17,17049
2016-01-11,6.0,6.0,5.38,5.55,21915
2016-01-12,6.0,6.0,4.63,4.89,31987
2016-01-13,5.0,5.0,3.84,4.2,70778
2016-01-14,4.2,4.75,4.05,4.24,43344
2016-01-15,4.49,5.49,4.24,5.49,24525
2016-01-19,5.5,5.5,4.55,4.86,27757
2016-01-20,4.64,5.28,4.45,5.2,22617
2016-01-21,5.18,5.75,4.51,4.75,70791
2016-01-22,4.75,5.12,4.13,4.55,61871
2016-01-25,4.65,5.0,4.3,4.35,18242
2016-01-26,4.37,4.71,4.28,4.41,18434
2016-01-27,4.82,4.82,4.29,4.29,7623
2016-01-28,4.29,4.59,4.29,4.31,12441
2016-01-29,4.47,4.92,4.3,4.6,30143
2016-02-01,4.5,4.52,4.05,4.35,16808
2016-02-02,4.53,4.57,3.9,4.24,158546
2016-02-03,4.19,4.38,3.73,3.81,93385
2016-02-04,4.14,4.16,3.84,4.15,57863
2016-02-05,4.0,4.49,4.0,4.47,25694
2016-02-08,4.18,4.18,3.53,3.72,24798
2016-02-09,3.7,4.2,3.7,3.71,25367
2016-02-10,4.0,4.0,3.8,3.8,3696
2016-02-11,4.09,4.1,3.77,3.85,1486
2016-02-12,3.97,4.1,3.81,3.84,21006
2016-02-16,4.0,4.0,3.51,3.71,9933
2016-02-17,3.98,4.0,3.76,3.91,18836
2016-02-18,4.06,4.1,3.8,3.97,15484
2016-02-19,3.71,3.9,3.53,3.9,3928
2016-02-22,3.95,4.16,3.9,4.16,5031
2016-02-23,4.55,4.55,3.9,3.9,2613
2016-02-24,3.75,4.0,3.75,3.81,9763
2016-02-25,3.99,3.99,3.82,3.95,11514
2016-02-26,3.95,3.95,3.94,3.94,1238
2016-02-29,3.99,4.0,3.83,4.0,5862
2016-03-01,3.91,3.95,3.91,3.95,2700
2016-03-02,3.96,4.0,3.82,3.91,5203
2016-03-03,3.82,3.89,3.82,3.82,6045
2016-03-04,4.0,4.0,3.8,3.8,11078
2016-03-07,4.0,4.49,3.92,4.49,19419
2016-03-08,4.54,6.33,4.54,5.07,38248
2016-03-09,5.2,5.57,4.71,5.13,20023
2016-03-10,5.18,5.5,4.18,4.84,22408
2016-03-11,4.81,5.49,4.81,4.81,5929
2016-03-14,4.81,5.39,4.51,4.89,27503
2016-03-15,5.0,5.0,4.6,4.71,12134
2016-03-16,4.5,4.83,4.48,4.63,8289
2016-03-17,4.82,4.82,4.3,4.45,4907
2016-03-18,4.4,4.55,3.94,4.2,16328
2016-03-21,4.85,4.85,4.05,4.3,9160
2016-03-22,4.15,4.3,4.04,4.15,10003
2016-03-23,4.5,4.5,4.2,4.33,4155
2016-03-24,4.48,4.48,4.15,4.2,4214
2016-03-28,4.22,4.38,3.91,3.91,2764
2016-03-29,4.01,4.67,4.0,4.58,16631
2016-03-30,4.62,5.04,4.45,4.8,29372
2016-03-31,4.6,5.0,4.2,4.56,30573
2016-04-01,5.25,5.25,4.3,4.75,20778
2016-04-04,4.9,5.09,4.8,5.0,28730
2016-04-05,5.0,5.0,4.55,4.94,7447
2016-04-06,4.84,4.9,4.76,4.83,3372
2016-04-07,4.75,4.84,4.75,4.75,1996
2016-04-08,4.62,5.0,4.55,4.63,9108
2016-04-11,4.56,4.78,4.21,4.31,18486
2016-04-12,5.17,5.17,4.51,4.6,3031
2016-04-13,4.61,5.22,4.41,4.56,12358
2016-04-14,4.83,4.83,4.57,4.72,4591
2016-04-15,4.61,4.83,4.53,4.63,8216
2016-04-18,4.84,5.29,4.84,5.1,93604
2016-04-19,5.15,5.31,5.0,5.27,19280
2016-04-20,5.05,5.28,4.88,4.9,21095
2016-04-21,4.99,5.29,4.9,4.94,11193
2016-04-22,5.0,5.28,4.74,5.0,22003
2016-04-25,5.1,5.82,5.0,5.46,106615
2016-04-26,5.45,5.5,5.18,5.23,23249
2016-04-27,5.2,5.69,5.2,5.28,20057
2016-04-28,5.3,5.3,5.02,5.2,11191
2016-04-29,5.24,5.4,5.13,5.2,35850
2016-05-02,5.23,5.32,5.23,5.32,491
2016-05-03,5.32,6.2,5.32,6.01,40383
2016-05-04,6.0,6.39,5.51,5.9,25658
2016-05-05,5.9,6.01,5.73,5.9,21885
2016-05-06,5.93,6.2,5.9,5.9,5461
2016-05-09,5.9,6.08,5.35,5.54,7600
2016-05-10,5.66,5.77,5.51,5.52,3398
2016-05-11,5.78,5.78,5.44,5.57,7370
2016-05-12,5.5,5.5,5.5,5.5,1112
2016-05-13,5.66,5.66,5.48,5.56,575
2016-05-16,5.5,5.5,5.3,5.3,16058
2016-05-17,5.25,5.34,5.05,5.14,266819
2016-05-18,5.13,5.3,4.6,4.77,55361
2016-05-19,4.77,4.78,3.98,4.17,58519
2016-05-20,4.19,4.2,4.03,4.18,804137
2016-05-23,4.4,4.4,4.06,4.3,12270
2016-05-24,4.3,4.53,4.19,4.3,13354
2016-05-25,4.27,4.42,4.25,4.42,6104
2016-05-26,4.34,4.5,4.28,4.28,6258
2016-05-27,4.34,4.65,4.16,4.65,139360
2016-05-31,4.61,4.85,4.61,4.85,12599
2016-06-01,4.73,4.78,4.69,4.78,4360
2016-06-02,4.7,4.71,4.64,4.71,668
2016-06-03,4.7,4.72,4.65,4.7,14323
2016-06-06,4.66,4.73,4.56,4.66,24324
2016-06-07,4.83,4.83,4.47,4.55,5015
2016-06-08,4.52,4.79,4.52,4.65,5000
2016-06-09,4.5,4.6,4.3,4.34,38274
2016-06-10,4.3,4.36,4.15,4.15,6604
2016-06-13,4.13,4.22,4.0,4.16,4774
2016-06-14,4.08,4.28,3.99,4.0,19162
2016-06-15,3.93,4.08,3.93,4.05,10048
2016-06-16,3.99,4.05,3.95,4.0,8057
2016-06-17,4.57,4.57,4.03,4.03,3206
2016-06-20,4.1,4.11,3.93,4.0,9741
2016-06-21,4.04,4.22,3.9,3.99,10840
2016-06-22,3.92,4.0,3.8,3.94,9226
2016-06-23,4.0,4.24,3.69,3.87,14622
2016-06-24,3.72,3.84,3.71,3.71,2004
2016-06-27,3.67,3.69,3.3,3.5,9434
2016-06-28,3.56,4.04,3.55,3.9,21942
2016-06-29,3.9,4.19,3.9,3.99,5445
2016-06-30,3.96,3.99,3.83,3.98,7122
2016-07-01,3.85,3.85,3.73,3.73,600
2016-07-05,3.84,3.98,3.77,3.77,3613
2016-07-06,3.79,4.03,3.79,3.93,837
2016-07-07,3.96,4.02,3.75,3.82,5700
2016-07-08,3.84,3.96,3.76,3.76,6200
2016-07-11,3.79,3.84,3.79,3.84,303
2016-07-12,3.96,3.96,3.84,3.84,425
2016-07-13,3.9,4.14,3.86,4.05,2456
2016-07-14,4.21,4.21,4.2,4.21,697
2016-07-15,4.15,4.36,4.04,4.29,22400
2016-07-18,4.38,4.4,4.28,4.4,947
2016-07-19,4.31,4.41,4.31,4.32,1345
2016-07-20,4.28,4.45,4.28,4.45,2925
2016-07-21,4.43,4.43,4.4,4.4,2140
2016-07-22,4.41,4.42,4.41,4.42,1506
2016-07-25,4.42,4.43,4.42,4.43,618
2016-07-26,4.45,4.52,4.3,4.33,11185
2016-07-27,4.35,4.37,4.3,4.3,2854
2016-07-28,4.3,4.36,4.3,4.3,10300
2016-07-29,4.3,4.39,4.3,4.3,3041
2016-08-01,4.3,4.3,4.16,4.2,1801
2016-08-02,4.2,4.27,4.2,4.27,1828
2016-08-03,4.22,4.22,4.22,4.22,625
2016-08-04,4.15,4.2,4.15,4.2,2509
2016-08-05,4.22,4.24,4.22,4.24,707
2016-08-08,4.2,4.4,4.2,4.25,9115
2016-08-09,4.22,4.44,4.21,4.39,1094
2016-08-10,4.39,5.02,4.39,4.63,97431
2016-08-11,4.7,4.7,4.6,4.6,19004
2016-08-12,4.6,4.66,4.25,4.3,18024
2016-08-15,4.34,4.34,4.33,4.34,2045
2016-08-16,4.71,4.72,4.39,4.39,5343
2016-08-17,4.87,4.87,4.31,4.31,2432
2016-08-18,4.31,4.31,4.3,4.3,1363
2016-08-19,4.7,4.86,4.47,4.61,8700
2016-08-22,4.79,4.89,4.7,4.71,14348
2016-08-23,4.85,5.04,4.7,4.72,11306
2016-08-24,4.76,4.97,4.75,4.8,24767
2016-08-25,4.9,4.9,4.8,4.82,7030
2016-08-26,4.81,4.81,4.81,4.81,101
2016-08-29,4.77,4.77,4.51,4.51,3547
2016-08-30,4.95,5.05,4.75,4.85,12237
2016-08-31,4.76,4.76,4.76,4.76,165
2016-09-01,4.72,4.78,4.72,4.78,421
2016-09-02,4.9,4.99,4.88,4.9,9274
2016-09-06,4.9,5.0,4.79,4.8,24758
2016-09-07,4.82,4.82,4.7,4.76,12352
2016-09-08,4.82,4.82,4.61,4.61,2150
2016-09-09,4.5,4.95,4.45,4.95,15035
2016-09-12,4.9,4.9,4.55,4.7,4785
2016-09-13,4.7,5.15,4.58,4.81,24536
2016-09-14,4.91,4.91,4.6,4.65,12294
2016-09-15,4.65,4.65,4.59,4.6,3608
2016-09-16,4.61,4.7,4.59,4.59,754
2016-09-19,4.56,4.56,4.5,4.51,3866
2016-09-20,4.51,4.94,4.5,4.8,32056
2016-09-21,4.7,4.8,4.7,4.8,2700
2016-09-22,4.8,4.9,4.8,4.82,13540
2016-09-23,5.25,5.75,5.18,5.51,40722
2016-09-26,5.62,6.24,5.28,5.28,17112
2016-09-27,5.28,5.33,4.91,5.1,3230
2016-09-28,4.73,5.1,4.5,5.03,3409
2016-09-29,5.09,5.47,5.09,5.21,17582
2016-09-30,5.39,5.4,5.21,5.22,22514
2016-10-03,5.36,5.4,5.36,5.4,757
2016-10-04,5.16,5.3,5.01,5.01,4231
2016-10-05,5.01,5.3,5.01,5.11,17570
2016-10-06,5.11,5.42,5.1,5.15,44749
2016-10-07,5.2,5.36,5.2,5.25,17991
2016-10-10,5.25,5.3,5.14,5.15,18070
2016-10-11,5.15,5.32,5.1,5.11,13702
2016-10-12,5.15,5.3,5.1,5.2,12878
2016-10-13,5.2,5.25,5.12,5.12,10691
2016-10-14,5.2,5.2,5.01,5.01,8087
2016-10-17,5.05,5.05,4.7,4.7,25435
2016-10-18,4.7,4.8,4.6,4.6,8608
2016-10-19,4.7,4.8,4.65,4.65,8341
2016-10-21,4.5,4.85,4.5,4.8,9244
2016-10-24,4.8,5.1,4.8,5.0,6671
2016-10-25,4.9,4.9,4.8,4.8,394
2016-10-27,4.65,4.95,4.65,4.7,7795
2016-10-28,4.5,4.67,4.5,4.65,4159
2016-10-31,4.5,4.53,4.4,4.4,2002
2016-11-01,4.35,4.7,4.35,4.65,12956
2016-11-02,4.6,4.6,4.5,4.55,21579
2016-11-03,4.55,4.55,4.2,4.21,8756
2016-11-04,4.3,4.35,4.3,4.3,11336
2016-11-07,4.3,4.3,3.9,3.9,9077
2016-11-08,3.9,4.05,3.9,3.95,29044
2016-11-09,4.05,4.25,4.0,4.0,15130
2016-11-10,4.1,4.1,3.95,3.95,5025
2016-11-11,3.95,4.0,3.95,4.0,3776
2016-11-14,3.95,3.95,3.8,3.95,1992
2016-11-15,3.9,4.2,3.9,4.15,6701
2016-11-16,4.15,4.15,4.1,4.15,1315
2016-11-17,4.15,4.15,4.05,4.05,1092
2016-11-18,4.15,4.15,4.15,4.15,330
2016-11-21,4.15,4.2,3.8,3.95,10654
2016-11-22,4.05,4.05,4.0,4.05,1054
2016-11-23,4.05,4.05,3.9,3.9,1883
2016-11-25,3.9,3.95,3.9,3.95,1512
2016-11-28,3.95,4.04,3.9,4.0,1873
2016-11-29,3.95,3.95,3.8,3.84,6428
2016-11-30,3.95,3.95,3.7,3.8,6537
2016-12-01,3.8,3.84,3.75,3.75,2682
2016-12-02,3.85,3.85,3.75,3.75,1455
2016-12-05,3.69,3.69,3.69,3.69,2006
2016-12-06,3.7,3.75,3.6,3.6,9951
2016-12-07,3.6,3.6,3.6,3.6,138
2016-12-08,3.53,3.53,3.53,3.53,613
2016-12-09,3.55,3.55,3.4,3.54,16322
2016-12-12,3.5,3.64,3.5,3.6,8605
2016-12-14,3.5,3.5,3.5,3.5,520
2016-12-15,3.45,3.5,3.35,3.45,2051
2016-12-16,3.4,3.4,3.31,3.4,1007
2016-12-19,3.3,3.35,3.3,3.35,1400
2016-12-20,3.4,3.5,3.3,3.5,8997
2016-12-21,3.55,3.6,3.53,3.55,10903
2016-12-22,3.55,3.6,3.55,3.6,3092
2016-12-23,3.6,3.6,2.45,2.5,374673
2016-12-27,2.6,2.75,2.45,2.45,249890
2016-12-28,2.55,2.55,2.3,2.3,146662
2016-12-29,2.3,2.35,2.05,2.3,176181
2016-12-30,2.25,2.45,2.25,2.4,56846
2017-01-03,2.65,2.65,2.3,2.35,113593
2017-01-04,2.3,2.3,2.0,2.3,166678
2017-01-05,2.3,2.55,2.25,2.3,71719
2017-01-06,2.35,2.55,2.25,2.3,67090
2017-01-09,2.2,2.38,2.18,2.3,108602
2017-01-10,2.32,2.7,2.32,2.4,625807
2017-01-11,2.6,2.75,2.5,2.68,90583
2017-01-12,2.66,2.85,2.66,2.74,83186
2017-01-13,2.85,2.85,2.6,2.6,49422
2017-01-17,2.6,2.85,2.55,2.8,236683
2017-01-18,2.85,2.85,2.55,2.7,128549
2017-01-19,2.65,2.7,2.44,2.45,79261
2017-01-20,2.45,2.5,2.4,2.5,60597
2017-01-23,2.55,2.55,2.35,2.4,70267
2017-01-24,2.45,2.55,2.25,2.35,28191
2017-01-25,2.35,2.45,2.3,2.3,32146
2017-01-26,2.35,2.5,2.35,2.4,108311
2017-01-27,2.4,2.4,2.35,2.35,41168
2017-01-30,2.3,2.35,2.2,2.2,68129
2017-01-31,2.2,2.5,2.15,2.45,39375
2017-02-01,2.45,2.5,2.25,2.4,21873
2017-02-02,2.4,2.45,2.3,2.3,19492
2017-02-03,2.3,2.35,2.25,2.35,16629
2017-02-06,2.35,2.5,2.3,2.45,36955
2017-02-07,2.4,2.5,2.4,2.4,36385
2017-02-08,2.45,2.45,2.3,2.35,45420
2017-02-09,2.35,2.45,2.3,2.3,32857
2017-02-10,2.35,2.45,2.25,2.25,736541
2017-02-13,2.25,2.3,2.15,2.2,767861
2017-02-14,2.2,2.32,2.1,2.3,473042
2017-02-15,2.35,2.5,2.34,2.5,106708
2017-02-16,2.5,2.6,2.45,2.45,107088
2017-02-17,2.45,2.9,2.45,2.6,150645
2017-02-21,2.75,3.1,2.69,3.0,115593
2017-02-22,3.1,3.15,3.0,3.05,87230
2017-02-23,3.15,3.15,2.77,2.9,59222
2017-02-24,2.9,2.9,2.75,2.9,39932
2017-02-27,2.95,3.0,2.9,3.0,31600
2017-02-28,3.0,3.05,2.95,2.95,43264
2017-03-01,3.0,3.05,2.85,3.05,60196
2017-03-02,3.15,4.75,3.05,3.75,809992
2017-03-03,3.8,4.27,3.45,3.8,174435
2017-03-06,4.0,4.0,3.5,3.7,82169
2017-03-07,3.65,3.65,3.41,3.55,46227
2017-03-08,3.6,3.95,3.55,3.9,49679
2017-03-09,3.95,3.95,3.6,3.75,40961
2017-03-10,3.7,4.05,3.7,3.8,14639
2017-03-13,3.9,3.95,3.85,3.95,23481
2017-03-14,3.95,3.98,3.75,3.75,47284
2017-03-15,3.85,3.85,3.65,3.8,43033
2017-03-16,3.9,4.1,3.85,4.1,61855
2017-03-17,4.1,4.69,4.1,4.35,87944
2017-03-20,4.4,4.7,4.15,4.65,82790
2017-03-21,4.75,4.75,4.1,4.3,93799
2017-03-22,4.3,4.3,4.25,4.3,11706
2017-03-23,4.25,4.25,3.95,4.0,40749
2017-03-24,3.95,4.0,3.8,4.0,25039
2017-03-27,4.1,4.1,3.8,3.9,65662
2017-03-28,3.9,4.2,3.75,4.1,71249
2017-03-29,4.1,4.65,4.1,4.6,97367
2017-03-30,4.5,4.64,4.45,4.6,16690
2017-03-31,4.55,4.75,4.2,4.75,73886
2017-04-03,4.65,4.9,4.53,4.6,27767
2017-04-04,4.55,4.55,4.35,4.45,45677
2017-04-05,4.45,4.5,4.32,4.35,16238
2017-04-06,4.3,4.3,4.05,4.1,22429
2017-04-07,4.12,4.3,4.05,4.15,26853
2017-04-10,4.2,4.25,4.18,4.2,7573
2017-04-11,4.25,4.25,4.05,4.15,7327
2017-04-12,4.15,4.25,4.05,4.15,9902
2017-04-13,4.2,4.2,4.15,4.15,15388
2017-04-17,4.0,4.1,3.9,4.0,53848
2017-04-18,4.05,4.15,3.65,3.65,59428
2017-04-19,3.55,4.35,3.5,4.2,71165
2017-04-20,4.15,4.35,4.0,4.35,10424
2017-04-21,4.2,4.35,4.2,4.25,16992
2017-04-24,4.3,4.5,4.25,4.4,22034
2017-04-25,4.45,4.82,4.1,4.8,31439
2017-04-26,4.75,4.75,4.35,4.4,16524
2017-04-27,4.4,4.45,4.3,4.45,10927
2017-04-28,4.4,4.5,4.35,4.5,35871
2017-05-01,4.5,4.55,4.4,4.45,48882
2017-05-02,4.45,4.5,4.33,4.45,20415
2017-05-03,4.45,4.5,4.4,4.5,47308
2017-05-04,4.5,4.5,4.35,4.4,23387
2017-05-05,4.35,4.35,4.15,4.2,23836
2017-05-08,4.15,4.2,4.07,4.18,8569
2017-05-09,4.15,4.4,4.0,4.4,64546
2017-05-10,4.4,4.45,4.26,4.45,19970
2017-05-11,4.4,4.46,4.25,4.4,44490
2017-05-12,4.35,4.45,4.25,4.45,38783
2017-05-15,4.35,4.4,4.2,4.35,7481
2017-05-16,4.0,4.5,4.0,4.35,50946
2017-05-17,4.35,4.55,4.16,4.55,21283
2017-05-18,4.45,4.6,4.35,4.6,29743
2017-05-19,4.5,4.6,4.35,4.5,41892
2017-05-22,4.5,4.6,4.4,4.55,34746
2017-05-23,4.55,4.6,4.3,4.55,37082
2017-05-24,4.6,4.6,4.4,4.5,30982
2017-05-25,4.55,4.7,4.45,4.7,41708
2017-05-26,4.74,4.74,4.65,4.7,29731
2017-05-30,4.7,4.75,4.6,4.7,31336
2017-05-31,4.75,4.75,4.4,4.75,22917
2017-06-01,4.79,4.8,4.65,4.75,51974
2017-06-02,4.7,4.8,4.65,4.75,20068
2017-06-05,4.6,4.74,4.35,4.35,38773
2017-06-06,4.35,4.35,4.1,4.1,38757
2017-06-07,4.24,4.4,4.1,4.35,26776
2017-06-08,4.55,4.65,4.35,4.6,29053
2017-06-09,4.5,4.5,4.3,4.45,18585
2017-06-12,4.4,4.55,4.2,4.4,58440
2017-06-13,4.05,4.7,4.05,4.65,44450
2017-06-14,4.7,4.7,4.3,4.3,49297
2017-06-15,4.5,4.5,4.15,4.3,55734
2017-06-16,4.35,4.4,4.15,4.15,37494
2017-06-19,4.2,4.5,4.2,4.3,67018
2017-06-20,4.25,4.95,4.25,4.9,212966
2017-06-21,4.9,5.55,4.5,4.75,210769
2017-06-22,4.8,5.7,4.7,5.5,268542
2017-06-23,5.5,5.7,5.0,5.5,1774417
2017-06-26,5.45,6.25,5.35,5.95,193837
2017-06-27,6.45,7.9,6.2,6.55,181762
2017-06-28,6.55,6.6,5.9,6.15,126961
2017-06-29,6.1,7.45,6.1,7.35,385060
2017-06-30,7.5,7.5,6.55,7.15,90003
2017-07-03,7.05,7.55,7.0,7.35,44501
2017-07-05,7.4,7.4,7.0,7.2,63379
2017-07-06,7.2,7.2,6.55,7.0,53526
2017-07-07,6.95,7.1,6.75,7.0,40032
2017-07-10,7.05,7.05,6.55,6.85,46511
2017-07-11,6.9,6.95,6.75,6.75,76341
2017-07-12,6.75,6.8,6.7,6.8,39228
2017-07-13,6.75,6.8,6.7,6.7,20426
2017-07-14,6.65,6.75,6.6,6.75,12136
2017-07-17,6.8,7.2,6.56,6.85,152239
2017-07-18,6.9,6.9,6.2,6.4,67459
2017-07-19,6.4,6.7,5.7,6.6,81615
2017-07-20,6.4,7.0,6.1,6.8,51094
2017-07-21,7.1,7.1,6.7,6.75,31606
2017-07-24,6.85,7.1,6.8,6.95,31547
2017-07-25,7.0,7.2,6.85,7.15,33073
2017-07-26,7.15,7.25,7.1,7.15,35251
2017-07-27,7.0,7.15,6.5,6.55,28816
2017-07-28,6.5,7.05,6.4,6.8,141715
2017-07-31,6.9,8.25,6.8,7.95,376548
2017-08-01,8.2,8.85,7.1,7.65,113660
