Date,Open,High,Low,Close,Volume
2016-06-22,15.0,16.32,13.9,14.0,1095049
2016-06-23,14.44,14.84,13.97,14.03,118077
2016-06-24,13.38,14.05,11.16,14.0,104557
2016-06-27,14.25,14.39,13.74,13.99,34607
2016-06-28,14.0,14.25,14.0,14.0,15054
2016-06-29,14.0,14.09,13.99,13.99,15493
2016-06-30,14.32,14.32,13.99,13.99,10094
2016-07-01,14.08,14.08,13.99,14.02,9293
2016-07-05,13.99,14.1,13.99,14.02,5310
2016-07-06,13.99,14.01,12.54,14.01,10203
2016-07-07,14.04,14.13,13.98,14.0,81233
2016-07-08,14.0,14.47,14.0,14.05,25976
2016-07-11,14.45,14.45,14.0,14.0,6472
2016-07-12,14.0,14.24,14.0,14.0,8249
2016-07-13,14.0,14.19,14.0,14.16,8341
2016-07-14,14.16,14.16,14.0,14.0,6396
2016-07-15,14.1,14.1,12.53,14.0,13123
2016-07-18,14.28,14.46,13.52,14.0,79510
2016-07-19,14.0,14.28,14.0,14.0,124130
2016-07-20,14.18,14.19,14.0,14.06,20043
2016-07-21,14.01,14.19,13.99,14.01,37916
2016-07-22,13.86,14.23,13.07,13.77,19997
2016-07-25,13.71,13.97,13.37,13.45,8052
2016-07-26,13.28,13.59,12.58,12.63,16645
2016-07-27,12.52,13.0,11.57,11.57,25023
2016-07-28,12.44,12.44,10.53,10.87,27976
2016-07-29,10.88,11.54,10.78,10.99,4830
2016-08-01,11.0,11.52,11.0,11.43,16540
2016-08-02,11.66,12.21,10.94,11.12,23476
2016-08-03,10.65,11.65,10.65,11.1,11129
2016-08-04,11.01,11.97,10.92,10.96,11205
2016-08-05,12.19,12.19,11.09,11.82,2051
2016-08-08,11.41,11.9,10.9,11.16,12487
2016-08-09,11.2,11.31,11.01,11.01,10435
2016-08-10,11.04,11.04,10.5,10.65,5156
2016-08-11,10.62,11.94,10.26,10.85,31369
2016-08-12,10.77,11.94,10.65,10.98,20595
2016-08-15,10.95,11.99,10.95,11.1,17255
2016-08-16,11.6,12.42,11.48,12.42,16272
2016-08-17,12.4,12.86,12.4,12.84,7374
2016-08-18,12.65,12.68,12.08,12.63,6563
2016-08-19,12.49,12.87,12.15,12.87,4722
2016-08-22,12.79,13.0,12.56,12.99,2382
2016-08-23,12.48,12.94,12.48,12.9,4057
2016-08-24,12.88,12.88,12.88,12.88,155
2016-08-25,12.97,12.99,12.52,12.93,4233
2016-08-26,12.99,12.99,12.16,12.82,3480
2016-08-29,12.45,12.99,12.39,12.39,13658
2016-08-30,12.92,12.92,12.78,12.78,1730
2016-08-31,12.98,12.98,12.01,12.01,4696
2016-09-01,12.42,12.42,12.05,12.05,3251
2016-09-02,12.05,12.05,11.78,11.85,1963
2016-09-06,12.34,12.86,11.61,12.55,15940
2016-09-07,12.19,12.98,12.16,12.97,5667
2016-09-08,12.95,14.0,12.11,14.0,7213
2016-09-09,13.01,14.12,12.2,14.0,4692
2016-09-12,13.92,13.92,13.02,13.51,6989
2016-09-13,13.38,13.42,12.57,13.09,7083
2016-09-14,11.93,13.1,11.82,13.1,17181
2016-09-15,12.66,13.2,12.66,13.18,2109
2016-09-16,13.24,15.0,13.03,13.03,94054
2016-09-19,13.38,13.74,12.96,13.08,36787
2016-09-20,13.22,13.76,12.76,13.25,21107
2016-09-21,13.09,14.47,13.09,14.43,27007
2016-09-22,14.52,14.52,13.4,14.07,11623
2016-09-23,14.08,15.99,13.73,15.01,20005
2016-09-26,15.03,18.88,15.01,16.97,80155
2016-09-27,17.0,18.74,15.01,15.48,109727
2016-09-28,15.35,17.06,14.22,15.0,97977
2016-09-29,15.0,15.08,14.24,14.62,28655
2016-09-30,15.02,15.66,14.03,14.25,300940
2016-10-03,14.37,15.0,14.11,14.88,24962
2016-10-04,14.79,14.96,14.55,14.95,8151
2016-10-05,14.82,15.25,13.69,14.38,144851
2016-10-06,14.34,14.66,14.09,14.21,13850
2016-10-07,14.52,15.0,14.41,14.98,12915
2016-10-10,15.01,15.49,14.66,14.88,12501
2016-10-11,14.75,16.0,14.43,16.0,15637
2016-10-12,15.95,16.22,15.84,15.95,6584
2016-10-13,15.81,16.4,15.78,16.21,23145
2016-10-14,16.21,16.7,16.21,16.53,5768
2016-10-17,16.56,17.75,16.09,16.6,35475
2016-10-18,16.76,17.45,16.76,17.33,32391
2016-10-19,17.29,17.4,17.14,17.36,7754
2016-10-20,17.31,17.33,16.4,16.9,22334
2016-10-21,16.84,17.26,16.52,16.69,10765
2016-10-24,16.66,16.66,16.37,16.41,8424
2016-10-25,16.76,16.8,16.35,16.53,4337
2016-10-26,17.42,17.42,16.02,16.93,12811
2016-10-27,17.11,17.11,16.61,16.92,4951
2016-10-28,16.73,16.73,16.27,16.59,6259
2016-10-31,16.46,17.64,16.25,17.64,51293
2016-11-01,17.74,18.91,17.74,18.38,25783
2016-11-02,18.54,18.64,18.24,18.42,12620
2016-11-03,18.94,19.6,18.17,18.56,10904
2016-11-04,16.47,18.64,16.0,18.31,10337
2016-11-07,18.47,19.11,17.5,18.96,12913
2016-11-08,18.92,19.63,18.8,19.63,20771
2016-11-09,20.0,20.0,17.66,19.09,27938
2016-11-10,19.87,21.3,19.31,20.68,33374
2016-11-11,21.06,24.49,20.9,24.28,34961
2016-11-14,24.54,24.54,22.56,23.57,21518
2016-11-15,22.5,22.85,22.11,22.5,12225
2016-11-16,22.5,23.08,22.5,23.02,12755
2016-11-17,23.28,23.51,22.79,22.93,86485
2016-11-18,22.89,23.68,22.57,23.29,19775
2016-11-21,22.7,23.96,22.7,23.6,3800
2016-11-22,23.8,25.56,22.99,25.13,49440
2016-11-23,24.96,26.39,22.7,25.79,10846
2016-11-25,25.77,26.33,25.44,26.33,3796
2016-11-28,26.76,28.0,26.2,26.32,21682
2016-11-29,26.21,26.76,22.5,22.62,60386
2016-11-30,23.45,24.06,19.44,20.5,17231
2016-12-01,21.53,21.53,20.16,20.41,8978
2016-12-02,20.29,21.01,19.31,19.61,10530
2016-12-05,22.49,24.0,21.42,23.44,52617
2016-12-06,25.0,25.0,23.14,23.95,103218
2016-12-07,23.8,24.99,22.94,23.2,61744
2016-12-08,23.62,23.67,22.75,23.15,38794
2016-12-09,23.32,23.32,22.62,22.97,57759
2016-12-12,22.79,23.59,21.36,22.46,120700
2016-12-13,21.51,22.98,21.51,22.4,16024
2016-12-14,22.6,23.09,21.54,21.92,103472
2016-12-15,22.17,23.0,21.46,21.91,21931
2016-12-16,21.94,22.51,20.43,21.45,151439
2016-12-19,21.0,21.0,16.85,17.15,213002
2016-12-20,17.45,18.28,17.15,17.9,137929
2016-12-21,17.98,18.88,17.37,18.19,164799
2016-12-22,18.33,18.99,17.81,18.25,63853
2016-12-23,18.5,18.75,18.38,18.65,27516
2016-12-27,18.58,18.58,17.28,17.77,25700
2016-12-28,17.42,17.57,17.11,17.18,45329
2016-12-29,17.56,17.95,17.17,17.26,105697
2016-12-30,17.22,17.4,16.9,17.15,39914
2017-01-03,17.25,18.5,16.55,17.28,70630
2017-01-04,16.95,17.3,16.95,17.25,33350
2017-01-05,17.25,17.25,16.93,17.08,42497
2017-01-06,17.04,17.25,16.25,16.39,28734
2017-01-09,16.15,16.87,16.1,16.55,39708
2017-01-10,16.55,16.55,16.0,16.07,19177
2017-01-11,16.37,16.98,15.0,15.04,64899
2017-01-12,15.1,15.83,14.81,15.23,62606
2017-01-13,15.98,15.98,14.98,15.17,15684
2017-01-17,14.55,15.95,14.55,14.87,112745
2017-01-18,14.87,15.49,14.76,15.07,19220
2017-01-19,15.05,15.24,15.0,15.0,13853
2017-01-20,15.0,15.15,14.28,14.93,33306
2017-01-23,14.7,15.01,13.77,14.38,90950
2017-01-24,14.53,15.13,14.4,14.46,84909
2017-01-25,14.05,14.67,14.05,14.48,70374
2017-01-26,14.5,14.8,14.3,14.5,67920
2017-01-27,14.4,14.67,14.16,14.49,51172
2017-01-30,14.41,14.45,14.1,14.27,34487
2017-01-31,14.17,14.48,13.92,14.0,55348
2017-02-01,14.09,14.24,14.0,14.18,15828
2017-02-02,14.16,14.22,14.03,14.11,28638
2017-02-03,14.15,14.32,14.15,14.28,12830
2017-02-06,14.44,15.28,13.89,14.14,117387
2017-02-07,14.12,14.38,13.7,13.83,37798
2017-02-08,13.83,14.1,13.51,13.81,39229
2017-02-09,13.8,14.0,13.8,13.84,23660
2017-02-10,13.85,14.19,13.8,13.91,107390
2017-02-13,13.93,14.2,13.79,14.05,75050
2017-02-14,14.1,14.16,13.82,14.03,72593
2017-02-15,13.98,13.98,13.79,13.96,23986
2017-02-16,13.95,14.39,13.78,13.87,42392
2017-02-17,14.02,14.02,13.77,13.89,39272
2017-02-21,14.13,14.64,13.67,14.22,48974
2017-02-22,14.3,14.3,13.54,13.74,36463
2017-02-23,13.8,14.0,12.57,12.67,98998
2017-02-24,12.67,12.7,11.95,12.39,33095
2017-02-27,12.19,13.39,12.19,13.2,48684
2017-02-28,14.2,14.22,12.61,13.08,22520
2017-03-01,13.19,13.7,12.01,13.04,39220
2017-03-02,13.24,13.72,13.11,13.41,60839
2017-03-03,13.12,13.51,13.01,13.3,22481
2017-03-06,14.01,14.12,13.13,13.68,36206
2017-03-07,13.78,14.1,13.31,13.43,35833
2017-03-08,13.71,14.17,13.63,13.94,29632
2017-03-09,13.89,14.35,13.82,14.18,38295
2017-03-10,14.1,14.36,13.9,13.98,17480
2017-03-13,14.04,14.16,13.52,13.98,22252
2017-03-14,13.9,14.07,13.51,13.71,20538
2017-03-15,13.84,14.0,13.74,13.91,15939
2017-03-16,13.57,13.94,12.48,12.88,53545
2017-03-17,12.7,13.37,12.29,12.3,102827
2017-03-20,12.34,12.72,12.12,12.32,17905
2017-03-21,12.37,12.97,10.89,10.95,41998
2017-03-22,11.0,11.34,10.27,11.1,38950
2017-03-23,11.0,11.28,10.77,10.89,13130
2017-03-24,11.0,12.37,11.0,12.04,35111
2017-03-27,12.11,12.39,11.5,11.92,28072
2017-03-28,12.8,14.1,12.8,13.98,174148
2017-03-29,14.36,14.36,13.8,14.05,71357
2017-03-30,14.57,14.98,14.18,14.57,92295
2017-03-31,14.99,14.99,14.11,14.32,74110
2017-04-03,14.32,14.61,14.07,14.12,42904
2017-04-04,14.2,14.45,13.99,14.04,26022
2017-04-05,14.02,14.3,13.85,13.85,37687
2017-04-06,13.93,13.93,13.18,13.74,26874
2017-04-07,14.29,14.29,13.58,13.94,32987
2017-04-10,14.06,15.07,13.7,14.57,99803
2017-04-11,14.92,15.74,13.5,15.09,85926
2017-04-12,15.51,15.56,14.69,15.23,60482
2017-04-13,14.93,15.26,13.9,13.95,32424
2017-04-17,13.95,14.87,13.77,14.81,71041
2017-04-18,14.68,14.9,13.7,14.24,79749
2017-04-19,15.44,15.44,13.97,14.2,37582
2017-04-20,14.34,14.35,13.9,14.25,24612
2017-04-21,14.29,14.34,13.72,13.88,20279
2017-04-24,14.21,14.21,13.31,13.42,37851
2017-04-25,13.51,13.54,12.85,12.97,28979
2017-04-26,13.0,13.0,12.5,12.73,32295
2017-04-27,12.72,13.19,12.66,13.1,11601
2017-04-28,12.56,12.6,11.62,12.06,125364
2017-05-01,12.27,12.75,11.17,12.2,169253
2017-05-02,12.37,14.1,12.37,13.05,88283
2017-05-03,13.31,13.47,12.53,12.72,33659
2017-05-04,12.76,13.1,12.16,12.62,145152
2017-05-05,12.69,13.25,12.62,13.02,20960
2017-05-08,13.02,13.46,13.02,13.2,29911
2017-05-09,13.28,13.66,13.14,13.37,36170
2017-05-10,13.4,13.91,13.15,13.8,27663
2017-05-11,13.77,14.4,13.18,13.51,19056
2017-05-12,13.0,14.25,13.0,13.51,27719
2017-05-15,13.56,13.7,13.22,13.41,24604
2017-05-16,13.6,14.39,13.36,14.24,337188
2017-05-17,14.0,14.37,13.5,13.9,106735
2017-05-18,14.04,14.3,14.0,14.04,67391
2017-05-19,13.97,14.33,13.97,14.04,36924
2017-05-22,14.32,14.39,13.83,13.93,84511
2017-05-23,13.99,14.35,13.6,13.74,50473
2017-05-24,13.75,14.11,13.25,13.94,36312
2017-05-25,13.7,13.85,13.18,13.52,51004
2017-05-26,13.52,14.08,13.45,14.05,37315
2017-05-30,14.0,14.2,13.31,13.69,80076
2017-05-31,13.7,13.89,13.27,13.68,52886
2017-06-01,13.68,14.34,13.53,13.86,55988
2017-06-02,13.6,14.07,13.6,13.76,60599
2017-06-05,13.99,14.1,13.5,13.82,52047
2017-06-06,13.67,14.26,13.18,13.94,57461
2017-06-07,14.22,14.22,13.7,13.99,40290
2017-06-08,14.0,15.49,13.89,14.59,383058
2017-06-09,14.59,15.43,14.49,15.09,189440
2017-06-12,15.23,16.22,14.48,15.92,262338
2017-06-13,16.17,16.92,15.47,16.24,70774
2017-06-14,16.33,16.68,15.83,16.52,205972
2017-06-15,16.2,18.45,14.08,18.09,470649
2017-06-16,18.25,18.5,16.31,17.47,279461
2017-06-19,18.09,18.09,16.37,16.99,131251
2017-06-20,16.93,17.32,16.5,16.63,50961
2017-06-21,16.5,17.3,16.4,16.77,52482
2017-06-22,17.21,17.73,16.33,16.57,85980
2017-06-23,16.5,17.71,16.5,17.71,867198
2017-06-26,17.84,20.39,17.78,19.87,364446
2017-06-27,19.85,19.85,18.69,18.87,120848
2017-06-28,18.82,19.75,18.08,19.62,83176
2017-06-29,19.85,20.01,19.41,20.0,109716
2017-06-30,20.0,20.09,19.3,19.86,80597
2017-07-03,19.91,19.91,18.58,18.93,48150
2017-07-05,18.87,20.0,18.32,19.58,150565
2017-07-06,19.43,19.72,19.2,19.55,51825
2017-07-07,19.51,19.68,18.85,19.33,41233
2017-07-10,19.22,19.47,18.76,18.94,50561
2017-07-11,18.86,19.94,18.54,18.96,91795
2017-07-12,19.0,19.5,18.85,19.05,99183
2017-07-13,18.78,19.34,18.51,18.88,112407
2017-07-14,18.97,19.06,18.76,18.89,43265
2017-07-17,18.88,19.13,18.88,18.92,27200
2017-07-18,18.9,19.06,18.56,18.81,98054
2017-07-19,19.19,19.33,17.11,17.31,158887
2017-07-20,17.3,17.5,16.93,17.28,85558
2017-07-21,17.53,17.74,17.27,17.28,43860
2017-07-24,17.23,18.11,17.23,18.05,44195
2017-07-25,18.01,18.44,17.37,17.88,92424
2017-07-26,17.9,18.53,17.9,18.24,92961
2017-07-27,18.15,18.18,17.14,17.38,66611
2017-07-28,17.72,18.1,16.53,16.98,40653
2017-07-31,17.37,17.37,16.53,17.04,49691
2017-08-01,17.21,17.59,16.87,17.45,103944
