Date,Open,High,Low,Close,Volume
2008-08-12,35.0,35.0,35.0,35.0,11050
2008-08-13,41.0,41.5,40.0,41.5,300
2008-08-14,39.5,39.5,39.5,39.5,250
2008-08-15,39.5,39.5,39.5,39.5,114
2008-08-18,39.0,39.5,39.0,39.5,550
2008-08-19,,,,39.5,0
2008-08-20,39.5,39.5,39.5,39.5,20
2008-08-21,39.5,39.5,39.5,39.5,215
2008-08-22,40.0,40.5,40.0,40.0,932
2008-08-25,40.5,40.5,40.5,40.5,610
2008-08-26,40.0,40.0,40.0,40.0,50
2008-08-27,,,,40.0,0
2008-08-28,39.0,39.0,39.0,39.0,550
2008-08-29,37.5,37.5,37.4,37.4,100
2008-09-02,38.5,38.5,38.0,38.0,250
2008-09-03,38.0,38.4,38.0,38.4,250
2008-09-04,38.5,38.5,38.5,38.5,150
2008-09-05,38.5,38.5,38.5,38.5,300
2008-09-08,37.0,37.0,37.0,37.0,100
2008-09-09,37.0,37.0,36.0,36.2,215
2008-09-10,35.5,35.7,30.0,32.5,660
2008-09-11,,,,32.5,0
2008-09-12,30.0,40.5,30.0,40.0,1786
2008-09-15,36.5,36.5,20.0,24.0,2460
2008-09-16,32.5,32.5,32.5,32.5,10
2008-09-17,21.0,28.8,16.0,28.8,3650
2008-09-18,25.0,27.5,24.0,27.5,720
2008-09-19,28.0,28.0,28.0,28.0,100
2008-09-22,29.5,30.5,29.5,30.5,800
2008-09-23,32.0,32.0,31.0,31.0,240
2008-09-24,30.0,30.0,30.0,30.0,200
2008-09-25,30.0,32.5,30.0,30.0,225
2008-09-26,30.0,32.5,30.0,30.0,409
2008-09-29,29.0,30.0,29.0,30.0,400
2008-09-30,25.0,34.9,25.0,34.9,480
2008-10-01,30.0,30.0,30.0,30.0,120
2008-10-02,21.0,25.5,17.6,23.5,10810
2008-10-03,25.0,26.25,25.0,25.0,265
2008-10-06,25.0,25.0,25.0,25.0,230
2008-10-07,,,,25.0,0
2008-10-08,,,,25.0,0
2008-10-09,32.5,32.5,32.5,32.5,50
2008-10-10,27.5,38.0,27.5,35.0,800
2008-10-13,,,,35.0,0
2008-10-14,32.5,32.5,32.5,32.5,50
2008-10-15,33.0,33.0,33.0,33.0,100
2008-10-16,,,,33.0,0
2008-10-17,,,,33.0,0
2008-10-20,33.5,35.5,33.5,35.5,160
2008-10-21,,,,35.5,0
2008-10-22,,,,35.5,0
2008-10-23,,,,35.5,0
2008-10-24,,,,35.5,0
2008-10-27,,,,35.5,0
2008-10-28,,,,35.5,0
2008-10-29,,,,35.5,0
2008-10-30,30.0,30.0,30.0,30.0,50
2008-10-31,,,,30.0,0
2008-11-03,31.0,32.5,31.0,31.0,150
2008-11-04,31.5,31.5,31.5,31.5,50
2008-11-05,31.0,31.0,31.0,31.0,50
2008-11-06,27.5,27.5,27.5,27.5,50
2008-11-07,27.5,27.5,27.5,27.5,50
2008-11-10,30.0,30.0,30.0,30.0,50
2008-11-11,25.0,25.0,25.0,25.0,200
2008-11-12,20.0,20.0,20.0,20.0,50
2008-11-13,19.6,26.0,19.6,26.0,100
2008-11-14,19.6,22.0,19.6,22.0,120
2008-11-17,22.0,22.0,22.0,22.0,100
2008-11-18,22.0,22.0,22.0,22.0,100
2008-11-19,19.5,19.5,19.5,19.5,50
2008-11-20,19.6,19.6,19.6,19.6,50
2008-11-21,19.5,21.4,19.5,21.4,100
2008-11-24,,,,21.4,0
2008-11-25,21.4,21.4,21.4,21.4,50
2008-11-26,,,,21.4,0
2008-11-28,,,,21.4,0
2008-12-01,,,,21.4,0
2008-12-02,19.5,19.5,19.5,19.5,50
2008-12-03,19.5,19.5,19.5,19.5,50
2008-12-04,19.0,19.0,19.0,19.0,50
2008-12-05,18.5,20.0,18.5,20.0,60
2008-12-08,18.1,19.9,16.0,19.9,170
2008-12-09,,,,19.9,0
2008-12-10,14.5,23.5,14.5,23.5,2350
2008-12-11,,,,23.5,0
2008-12-12,,,,23.5,0
2008-12-15,23.0,26.5,23.0,26.5,82
2008-12-16,25.0,27.5,25.0,27.5,335
2008-12-17,27.5,27.5,27.5,27.5,170
2008-12-18,27.5,29.5,27.5,29.5,150
2008-12-19,28.0,28.0,26.5,27.0,325
2008-12-22,26.5,26.5,26.5,26.5,50
2008-12-23,26.0,26.0,26.0,26.0,50
2008-12-24,,,,26.0,0
2008-12-26,,,,26.0,0
2008-12-29,25.3,25.3,25.0,25.0,240
2008-12-30,25.0,41.0,25.0,35.0,6250
2008-12-31,35.0,35.0,30.0,32.4,6240
2009-01-02,20.0,20.0,20.0,20.0,50
2009-01-05,20.0,32.3,20.0,32.3,450
2009-01-06,22.0,22.0,22.0,22.0,50
2009-01-07,24.0,24.0,22.0,22.0,119
2009-01-08,23.6,28.0,23.6,28.0,150
2009-01-09,27.9,27.9,25.0,25.0,80
2009-01-12,27.5,28.0,26.0,26.5,423
2009-01-13,26.5,28.0,26.0,26.0,131
2009-01-14,28.0,28.0,26.7,26.7,80
2009-01-15,27.0,27.0,26.7,26.7,50
2009-01-16,28.0,29.0,27.9,28.0,210
2009-01-20,28.0,28.0,27.0,27.0,321
2009-01-21,28.0,28.0,28.0,28.0,110
2009-01-22,27.5,27.5,26.7,26.7,280
2009-01-23,26.7,27.4,26.7,26.7,160
2009-01-26,,,,26.7,0
2009-01-27,27.3,27.4,27.3,27.4,125
2009-01-28,27.4,27.4,26.8,26.8,85
2009-01-29,26.7,26.7,26.7,26.7,50
2009-01-30,26.7,26.7,26.7,26.7,85
2009-02-02,26.7,26.7,26.7,26.7,50
2009-02-03,26.0,26.0,26.0,26.0,50
2009-02-04,26.0,27.4,22.0,27.4,410
2009-02-05,,,,27.4,0
2009-02-06,22.0,27.4,22.0,27.4,80
2009-02-09,22.1,27.3,22.1,27.3,440
2009-02-10,27.0,27.0,22.1,22.1,134
2009-02-11,22.0,22.0,22.0,22.0,50
2009-02-12,22.0,22.0,22.0,22.0,50
2009-02-13,21.0,21.0,21.0,21.0,50
2009-02-17,22.0,22.0,22.0,22.0,50
2009-02-18,22.5,22.5,20.0,20.0,131
2009-02-19,,,,20.0,0
2009-02-20,18.5,20.0,18.5,20.0,70
2009-02-23,18.0,18.0,18.0,18.0,50
2009-02-24,16.5,19.9,16.5,19.9,250
2009-02-25,20.0,20.0,19.9,19.9,130
2009-02-26,20.0,20.0,19.0,19.0,70
2009-02-27,19.0,19.0,19.0,19.0,50
2009-03-02,18.0,18.0,18.0,18.0,50
2009-03-03,18.1,18.1,18.1,18.1,50
2009-03-04,18.1,18.1,18.1,18.1,50
2009-03-05,19.9,20.5,19.9,20.0,508
2009-03-06,21.0,21.0,19.5,20.0,850
2009-03-09,18.5,18.5,18.5,18.5,104
2009-03-10,18.5,18.5,18.0,18.0,85
2009-03-11,18.1,18.1,18.1,18.1,50
2009-03-12,17.0,17.0,17.0,17.0,50
2009-03-13,20.0,20.0,18.0,18.0,60
2009-03-16,17.7,18.0,16.0,16.0,110
2009-03-17,16.0,16.0,16.0,16.0,150
2009-03-18,16.0,17.0,16.0,17.0,170
2009-03-19,18.0,18.0,17.5,17.5,300
2009-03-20,17.5,17.5,16.0,16.0,402
2009-03-23,17.5,18.1,17.3,17.5,3010
2009-03-24,17.6,17.6,17.6,17.6,235
2009-03-25,20.0,30.0,19.1,20.5,480
2009-03-26,19.5,19.5,19.5,19.5,50
2009-03-27,20.0,20.0,19.5,20.0,520
2009-03-30,20.0,23.6,19.5,22.0,6750
2009-03-31,22.0,23.5,22.0,23.5,3262
2009-04-01,23.7,24.0,23.6,23.8,1138
2009-04-02,24.0,24.0,22.6,22.6,681
2009-04-03,24.0,25.5,23.3,25.0,15079
2009-04-06,25.0,25.0,18.0,23.8,5037
2009-04-07,24.5,24.5,21.5,23.0,2158
2009-04-08,22.5,23.0,20.4,20.5,2850
2009-04-09,20.4,20.4,17.0,18.5,3416
2009-04-13,19.0,19.0,17.0,17.1,2225
2009-04-14,16.0,16.0,5.1,12.5,5742
2009-04-15,14.0,14.5,13.3,14.5,1594
2009-04-16,14.0,14.5,13.5,13.5,595
2009-04-17,13.5,14.0,13.0,13.0,755
2009-04-20,13.5,13.5,12.5,12.6,184
2009-04-21,12.5,13.0,12.5,13.0,110
2009-04-22,13.0,13.0,13.0,13.0,275
2009-04-23,13.1,13.5,13.1,13.5,185
2009-04-24,13.5,15.4,13.5,15.4,260
2009-04-27,15.0,15.0,13.7,13.7,444
2009-04-28,13.5,13.5,13.5,13.5,100
2009-04-29,,,,13.5,0
2009-04-30,15.0,16.5,15.0,16.5,1600
2009-05-01,14.3,16.0,13.9,16.0,666
2009-05-04,14.3,16.9,14.3,16.9,215
2009-05-05,,,,16.9,0
2009-05-06,16.6,16.6,13.5,13.5,232
2009-05-07,13.7,13.7,13.7,13.7,22
2009-05-08,14.5,14.5,13.0,13.5,630
2009-05-11,13.5,13.5,13.5,13.5,50
2009-05-12,14.0,15.0,14.0,14.5,1030
2009-05-13,13.1,14.0,13.1,13.5,363
2009-05-14,14.5,14.5,14.0,14.2,250
2009-05-15,14.5,14.5,14.5,14.5,100
2009-05-18,15.0,15.0,14.7,14.7,110
2009-05-19,14.7,14.7,13.0,14.7,370
2009-05-20,14.4,14.4,13.5,13.5,290
2009-05-21,13.1,13.2,13.1,13.1,700
2009-05-22,13.1,13.5,13.1,13.5,450
2009-05-26,13.6,13.6,13.6,13.6,71
2009-05-27,13.6,14.0,13.6,14.0,140
2009-05-28,13.5,13.5,13.1,13.1,190
2009-05-29,13.5,13.5,13.1,13.1,350
2009-06-01,,,,13.1,0
2009-06-02,13.1,13.5,12.5,12.5,500
2009-06-03,12.5,14.8,12.5,14.8,1544
2009-06-04,14.8,14.8,14.8,14.8,10
2009-06-05,12.5,14.0,12.5,14.0,110
2009-06-08,12.5,15.5,10.5,10.5,2282
2009-06-09,11.0,11.5,10.5,11.5,1160
2009-06-10,11.6,11.6,11.6,11.6,120
2009-06-11,11.7,12.0,11.6,12.0,216
2009-06-12,11.6,12.4,11.6,12.0,930
2009-06-15,12.4,12.4,12.0,12.3,370
2009-06-16,12.0,12.0,12.0,12.0,40
2009-06-17,,,,12.0,0
2009-06-18,,,,12.0,0
2009-06-19,12.0,12.0,5.5,10.0,1807
2009-06-22,10.0,11.0,9.9,10.5,482
2009-06-23,11.0,11.0,10.7,10.7,174
2009-06-24,,,,10.7,0
2009-06-25,11.0,11.0,11.0,11.0,100
2009-06-26,11.0,11.0,10.1,10.1,150
2009-06-29,,,,10.1,0
2009-06-30,10.5,10.5,10.5,10.5,90
2009-07-01,10.5,10.5,10.5,10.5,78
2009-07-02,8.5,10.4,8.5,10.4,545
2009-07-06,10.4,10.4,10.4,10.4,100
2009-07-07,9.5,9.5,9.5,9.5,340
2009-07-08,9.5,9.5,9.5,9.5,280
2009-07-09,9.5,10.5,9.5,10.5,1195
2009-07-10,10.5,13.9,10.5,12.0,920
2009-07-13,12.0,12.0,12.0,12.0,240
2009-07-14,11.2,12.0,11.0,12.0,28767
2009-07-15,12.0,12.0,12.0,12.0,60
2009-07-16,12.0,12.1,12.0,12.1,90
2009-07-17,12.2,12.4,12.2,12.4,300
2009-07-20,12.4,13.5,12.4,12.6,4770
2009-07-21,12.6,12.6,12.1,12.1,1002
2009-07-22,12.1,12.4,12.0,12.3,1800
2009-07-23,12.0,12.5,12.0,12.0,1110
2009-07-24,12.1,13.0,12.0,13.0,12600
2009-07-27,13.0,13.0,11.6,11.6,1540
2009-07-28,11.6,11.6,9.5,10.5,2120
2009-07-29,10.0,11.2,10.0,11.0,1595
2009-07-30,10.5,10.5,9.5,10.4,1650
2009-07-31,10.4,12.5,9.5,12.3,6900
2009-08-03,12.1,12.1,10.3,10.5,860
2009-08-04,10.5,10.6,10.5,10.5,1650
2009-08-05,10.6,10.9,10.6,10.9,400
2009-08-06,10.8,10.8,10.6,10.6,1240
2009-08-07,10.7,11.0,10.0,10.0,974
2009-08-10,10.9,10.9,10.9,10.9,186
2009-08-11,10.9,10.9,10.55,10.55,505
2009-08-12,10.55,10.55,10.2,10.49,7770
2009-08-13,8.0,10.45,8.0,10.1,700
2009-08-14,,,,10.1,0
2009-08-17,10.0,10.0,8.5,10.0,3300
2009-08-18,10.0,10.0,9.0,10.0,450
2009-08-19,8.5,8.5,8.5,8.5,200
2009-08-20,9.89,9.94,7.1,8.0,7126
2009-08-21,7.4,7.9,6.7,6.8,6122
2009-08-24,6.8,6.9,5.5,5.6,6382
2009-08-25,6.1,6.1,4.8,5.7,3844
2009-08-26,3.5,5.9,3.5,5.2,6800
2009-08-27,5.4,5.5,4.5,5.0,5289
2009-08-28,5.2,6.0,5.1,5.4,7530
2009-08-31,5.5,8.3,5.2,8.3,3899
2009-09-01,5.5,5.7,4.51,5.7,1916
2009-09-02,5.7,5.7,5.1,5.1,1108
2009-09-03,5.5,5.8,5.4,5.8,6774
2009-09-04,5.7,5.7,5.5,5.7,14850
2009-09-08,5.7,5.7,4.3,5.05,13333
2009-09-09,4.6,5.65,4.6,5.5,9340
2009-09-10,5.1,5.1,3.5,4.7,5073
2009-09-11,4.8,5.08,4.8,5.07,5650
2009-09-14,4.0,5.0,4.0,4.9,8425
2009-09-15,4.9,5.1,4.8,5.0,8900
2009-09-16,5.5,5.5,4.9,5.0,7170
2009-09-17,4.8,4.8,4.8,4.8,3400
2009-09-18,5.2,5.2,4.45,4.45,8880
2009-09-21,4.5,5.2,3.2,5.0,5038
2009-09-22,,,,5.0,0
2009-09-23,5.1,5.2,5.1,5.1,2135
2009-09-24,5.1,5.1,5.1,5.1,750
2009-09-25,5.4,5.5,5.1,5.1,4050
2009-09-28,5.1,5.2,5.1,5.2,3800
2009-09-29,5.1,5.5,5.1,5.5,5538
2009-09-30,5.2,5.5,5.2,5.4,4826
2009-10-01,5.8,6.6,5.5,6.5,9560
2009-10-02,6.7,6.7,6.0,6.1,22783
2009-10-05,6.1,6.49,6.1,6.4,8734
2009-10-06,6.2,6.39,6.0,6.2,6649
2009-10-07,6.2,6.2,5.8,6.0,3850
2009-10-08,6.0,6.0,5.8,6.0,1903
2009-10-09,6.0,6.2,5.8,6.1,3680
2009-10-12,5.9,6.08,5.8,5.8,715
2009-10-13,5.8,5.9,5.8,5.9,1545
2009-10-14,6.0,6.0,5.7,6.0,2590
2009-10-15,,,,6.0,0
2009-10-16,5.9,5.9,5.9,5.9,500
2009-10-19,5.9,6.0,5.9,5.95,3450
2009-10-20,5.9,6.0,5.85,6.0,1700
2009-10-21,,,,6.0,0
2009-10-22,5.1,5.55,4.3,5.55,1440
2009-10-23,4.5,5.6,4.5,5.6,205
2009-10-26,,,,5.6,0
2009-10-27,4.5,5.5,4.5,5.0,265
2009-10-28,5.0,5.0,5.0,5.0,300
2009-10-29,,,,5.0,0
2009-10-30,4.5,4.6,4.1,4.6,2000
2009-11-02,4.1,4.2,4.1,4.1,4370
2009-11-03,4.4,4.4,3.5,4.3,6570
2009-11-04,4.1,4.3,4.1,4.3,1300
2009-11-05,,,,4.3,0
2009-11-06,4.1,4.5,4.1,4.5,1700
2009-11-09,4.8,8.5,4.79,8.5,6520
2009-11-10,6.0,6.5,5.85,5.9,6958
2009-11-11,5.8,5.9,5.8,5.9,900
2009-11-12,6.1,6.1,5.5,5.5,565
2009-11-13,5.5,7.5,5.5,6.9,10104
2009-11-16,5.7,7.5,5.7,6.7,23532
2009-11-17,6.7,6.7,5.8,5.8,2750
2009-11-18,5.8,5.8,5.5,5.5,2050
2009-11-19,5.8,5.8,5.8,5.8,600
2009-11-20,5.9,5.9,5.8,5.9,4450
2009-11-23,5.7,5.7,5.0,5.5,3650
2009-11-24,5.5,6.0,4.7,6.0,1274
2009-11-25,,,,6.0,0
2009-11-27,4.9,6.4,4.9,6.4,3000
2009-11-30,6.4,6.8,5.5,6.8,17664
2009-12-01,7.2,7.2,6.0,6.2,11668
2009-12-02,6.3,6.3,6.1,6.1,3350
2009-12-03,6.0,6.2,6.0,6.2,10850
2009-12-04,6.0,6.0,5.5,6.0,3000
2009-12-07,6.0,6.0,5.5,5.5,4027
2009-12-08,5.6,5.8,5.6,5.8,350
2009-12-09,5.1,6.0,5.1,6.0,1070
2009-12-10,5.5,5.7,5.5,5.7,540
2009-12-11,5.1,5.7,5.1,5.4,2830
2009-12-14,5.4,6.2,5.1,6.0,9953
2009-12-15,4.3,6.1,4.3,6.1,9350
2009-12-16,6.0,6.0,6.0,6.0,1660
2009-12-17,5.7,5.7,5.7,5.7,250
2009-12-18,5.8,8.3,5.8,6.2,6999
2009-12-21,6.1,6.9,6.1,6.8,9880
2009-12-22,6.5,6.6,6.5,6.6,810
2009-12-23,6.4,6.4,6.4,6.4,1249
2009-12-24,6.65,6.65,6.65,6.65,300
2009-12-28,6.4,6.6,6.4,6.4,1350
2009-12-29,6.4,6.65,6.4,6.65,2210
2009-12-30,6.4,7.0,5.5,7.0,8253
2009-12-31,6.6,7.6,6.5,7.4,18365
2010-01-04,7.2,7.2,6.42,6.42,433
2010-01-05,6.42,7.0,6.42,7.0,800
2010-01-06,6.5,6.8,6.4,6.8,2200
2010-01-07,6.8,6.8,6.6,6.6,1215
2010-01-08,6.6,7.1,6.6,6.9,3380
2010-01-11,7.0,7.3,6.7,6.7,15668
2010-01-12,7.0,7.3,6.5,7.2,4450
2010-01-13,7.0,8.4,7.0,8.4,5800
2010-01-14,8.0,8.0,7.2,7.2,3300
2010-01-15,7.2,7.4,6.1,6.1,3605
2010-01-19,6.5,6.9,6.1,6.5,5800
2010-01-20,6.5,6.5,6.2,6.2,1750
2010-01-21,6.3,6.3,5.9,5.9,5630
2010-01-22,5.9,5.9,5.9,5.9,500
2010-01-25,6.0,6.0,5.5,5.5,500
2010-01-26,5.5,5.7,5.3,5.7,1250
2010-01-27,5.7,5.7,5.1,5.7,1000
2010-01-28,5.7,5.7,5.7,5.7,200
2010-01-29,5.7,5.7,5.7,5.7,400
2010-02-01,5.8,5.9,5.8,5.9,1200
2010-02-02,5.8,5.8,5.8,5.8,500
2010-02-03,5.8,5.8,5.8,5.8,500
2010-02-04,5.9,6.1,5.3,5.8,3714
2010-02-05,5.7,6.0,5.3,6.0,1410
2010-02-08,5.7,5.9,5.3,5.9,3690
2010-02-09,5.2,6.0,5.1,5.5,1220
2010-02-10,5.5,5.5,5.5,5.5,750
2010-02-11,5.2,5.5,5.2,5.5,2395
2010-02-12,5.5,6.0,5.2,5.9,3320
2010-02-16,5.2,5.7,5.0,5.7,805
2010-02-17,5.6,6.5,5.5,6.1,11715
2010-02-18,6.0,6.2,5.1,5.1,6420
2010-02-19,5.11,5.4,4.0,5.4,390
2010-02-22,5.4,5.4,4.5,4.5,800
2010-02-23,5.3,5.7,5.3,5.5,3960
2010-02-24,5.6,5.6,5.4,5.5,1570
2010-02-25,5.7,5.7,5.5,5.6,850
2010-02-26,5.6,5.7,5.5,5.5,3164
2010-03-01,5.5,5.6,5.0,5.5,2776
2010-03-02,5.8,6.0,5.8,6.0,2612
2010-03-03,6.0,6.3,6.0,6.0,4060
2010-03-04,6.0,6.2,5.8,6.2,6880
2010-03-05,6.0,6.05,5.5,6.05,2575
2010-03-08,5.8,6.0,5.55,5.65,3450
2010-03-09,5.7,6.0,5.7,5.7,1080
2010-03-10,6.0,6.4,5.5,6.4,9181
2010-03-11,6.5,6.5,5.85,6.0,3046
2010-03-12,6.0,7.7,6.0,6.6,23036
2010-03-15,6.6,6.6,6.5,6.6,6052
2010-03-16,6.4,6.5,5.6,6.1,11130
2010-03-17,5.9,6.6,5.9,6.6,9206
2010-03-18,6.4,6.4,5.8,5.8,1760
2010-03-19,6.0,6.4,5.8,5.8,6706
2010-03-22,5.8,6.0,5.8,6.0,3950
2010-03-23,6.0,6.0,5.8,5.8,1470
2010-03-24,5.8,6.0,5.6,5.8,5795
2010-03-25,6.0,6.0,5.57,5.6,650
2010-03-26,5.58,5.8,5.58,5.8,450
2010-03-29,5.5,5.5,5.2,5.3,10130
2010-03-30,5.3,5.3,5.1,5.1,1300
2010-03-31,5.2,5.2,5.0,5.1,4440
2010-04-05,4.8,4.8,4.8,4.8,1013
2010-04-06,5.1,5.2,4.9,5.0,3764
2010-04-07,5.2,5.2,4.8,5.0,6158
2010-04-08,5.3,5.3,4.1,5.0,7458
2010-04-09,5.0,5.3,5.0,5.0,29480
2010-04-12,5.3,5.3,5.0,5.0,13038
2010-04-13,5.2,5.7,5.1,5.7,10450
2010-04-14,5.8,6.35,5.7,6.1,17545
2010-04-15,6.4,6.6,6.0,6.4,10674
2010-04-16,6.4,6.5,6.0,6.0,3485
2010-04-19,6.0,6.1,6.0,6.1,400
2010-04-20,6.1,6.2,6.0,6.2,817
2010-04-21,6.1,6.6,6.1,6.2,13607
2010-04-22,6.6,6.6,6.5,6.5,3750
2010-04-23,6.5,6.6,6.2,6.6,9550
2010-04-26,6.2,6.2,5.6,5.62,21250
2010-04-27,6.0,7.0,5.8,6.9,9699
2010-04-28,6.8,6.8,6.5,6.6,4598
2010-04-29,6.6,6.6,6.3,6.5,3265
2010-04-30,6.5,6.9,6.05,6.05,15595
2010-05-03,5.9,6.9,5.8,6.9,22348
2010-05-04,6.9,6.9,6.3,6.8,4890
2010-05-05,6.8,7.77,6.7,7.77,48095
2010-05-06,7.77,7.9,7.0,7.0,8986
2010-05-07,6.7,7.9,6.7,7.9,9710
2010-05-10,7.9,9.0,7.9,8.9,24555
2010-05-11,8.9,9.7,8.9,9.4,22302
2010-05-12,9.4,10.2,9.4,9.8,24885
2010-05-13,9.9,11.3,9.9,10.6,21450
2010-05-14,10.6,11.0,9.3,9.7,7050
2010-05-17,9.7,9.7,9.0,9.6,3038
2010-05-18,9.6,9.6,9.6,9.6,10
2010-05-19,9.6,9.6,7.1,8.1,9114
2010-05-20,8.0,8.0,7.1,7.9,1190
2010-05-21,7.6,8.5,7.6,8.5,2307
2010-05-24,8.5,8.5,8.5,8.5,30
2010-05-25,7.9,9.0,7.9,9.0,4227
2010-05-26,9.2,9.8,9.0,9.0,3140
2010-05-27,,,,9.0,0
2010-05-28,8.3,8.8,7.8,7.8,9675
2010-06-01,8.0,8.5,8.0,8.5,8654
2010-06-02,8.5,9.2,8.5,9.2,24396
2010-06-03,9.2,9.5,9.0,9.5,3435
2010-06-04,9.3,9.3,9.0,9.0,4240
2010-06-07,9.1,9.3,9.0,9.3,12520
2010-06-08,9.9,10.0,9.0,9.3,7487
2010-06-09,9.1,9.4,9.1,9.4,4930
2010-06-10,9.4,9.4,9.3,9.4,18622
2010-06-11,9.4,9.4,9.2,9.4,7650
2010-06-14,9.4,9.7,9.3,9.7,42559
2010-06-15,10.0,12.0,9.8,11.3,37920
2010-06-16,11.6,13.5,10.5,11.0,36358
2010-06-17,11.5,11.7,11.0,11.7,6537
2010-06-18,11.9,13.0,11.9,13.0,17222
2010-06-21,13.0,14.5,13.0,14.2,27708
2010-06-22,14.1,15.4,13.7,14.9,49825
2010-06-23,14.9,16.1,14.3,14.7,44382
2010-06-24,14.8,15.8,14.5,15.2,31050
2010-06-25,15.5,15.5,14.2,15.0,23802
2010-06-28,15.3,15.5,14.9,15.0,28610
2010-06-29,15.0,15.1,14.2,15.1,4040
2010-06-30,15.0,15.4,14.6,15.0,7649
2010-07-01,14.5,14.9,14.1,14.8,9973
2010-07-02,14.2,14.3,14.2,14.3,2370
2010-07-06,14.2,14.2,11.6,12.3,15420
2010-07-07,11.9,12.6,11.6,12.6,17950
2010-07-08,12.7,12.7,12.3,12.5,4167
2010-07-09,12.2,13.1,12.1,12.7,11834
2010-07-12,13.0,14.0,12.9,13.9,14072
2010-07-13,14.0,14.0,13.1,13.9,9670
2010-07-14,13.6,13.6,12.9,13.1,10243
2010-07-15,13.0,13.3,12.6,13.3,8243
2010-07-16,13.3,13.9,13.3,13.4,5033
2010-07-19,13.5,13.7,13.5,13.5,4247
2010-07-20,13.6,13.6,13.3,13.35,2417
2010-07-21,12.6,12.7,10.3,11.9,32789
2010-07-22,12.0,12.0,11.1,11.3,16146
2010-07-23,12.4,12.7,11.2,11.4,8591
2010-07-26,11.4,11.5,11.3,11.5,7250
2010-07-27,11.4,11.5,11.2,11.2,4920
2010-07-28,11.1,11.25,11.1,11.25,1742
2010-07-29,11.25,11.35,11.1,11.3,2879
2010-07-30,11.3,11.35,10.6,11.0,2736
2010-08-02,11.0,11.0,10.9,11.0,897
2010-08-03,11.0,11.1,10.8,11.0,1545
2010-08-04,11.2,11.2,10.8,10.8,4286
2010-08-05,10.8,10.8,10.5,10.6,7770
2010-08-06,10.5,10.6,10.3,10.6,5798
2010-08-09,10.5,10.5,10.0,10.3,3141
2010-08-10,10.35,10.7,10.1,10.5,11201
2010-08-11,10.7,10.8,10.5,10.8,10762
2010-08-12,10.7,10.8,10.7,10.7,2196
2010-08-13,10.6,10.8,10.0,10.3,3593
2010-08-16,10.0,10.3,8.7,9.0,7985
2010-08-17,8.9,9.2,8.0,8.0,28816
2010-08-18,7.7,8.5,7.7,8.0,30330
2010-08-19,7.8,8.2,7.8,8.2,7872
2010-08-20,8.2,8.4,8.1,8.3,8080
2010-08-23,8.9,8.9,8.15,8.2,3350
2010-08-24,8.4,8.4,6.5,6.51,11531
2010-08-25,7.0,7.3,7.0,7.0,5115
2010-08-26,7.3,7.4,6.8,7.4,5943
2010-08-27,7.0,7.3,6.8,7.0,4530
2010-08-30,7.1,7.4,6.7,7.4,6198
2010-08-31,7.5,7.7,7.4,7.7,9559
2010-09-01,7.8,8.5,7.8,8.2,9618
2010-09-02,8.25,8.25,8.05,8.25,1225
2010-09-03,8.25,8.6,8.2,8.6,11387
2010-09-07,8.8,10.0,8.8,9.8,21048
2010-09-08,10.1,11.3,9.8,10.2,12059
2010-09-09,10.4,10.8,10.4,10.6,2787
2010-09-10,10.5,11.0,10.5,11.0,5865
2010-09-13,11.0,11.0,10.1,10.4,11793
2010-09-14,10.4,10.4,9.2,9.8,14359
2010-09-15,9.79,10.0,9.1,9.6,7028
2010-09-16,9.5,9.7,9.5,9.5,2900
2010-09-17,9.5,9.5,9.4,9.5,750
2010-09-20,8.9,9.4,8.9,9.2,3377
2010-09-21,9.8,9.8,9.1,9.1,3315
2010-09-22,9.02,9.2,9.0,9.2,3500
2010-09-23,9.3,9.3,9.2,9.2,460
2010-09-24,9.4,9.4,9.0,9.1,5980
2010-09-27,9.3,9.3,8.0,8.5,8106
2010-09-28,8.5,8.5,8.4,8.5,2915
2010-09-29,8.5,8.5,8.5,8.5,5818
2010-09-30,8.3,8.5,8.2,8.5,2462
2010-10-01,8.5,8.5,8.5,8.5,1638
2010-10-04,8.2,8.6,8.2,8.6,2566
2010-10-05,8.4,8.4,8.21,8.35,5590
2010-10-06,8.21,8.25,8.2,8.2,2840
2010-10-07,8.2,8.2,8.2,8.2,1500
2010-10-08,8.0,8.0,7.0,8.0,6637
2010-10-11,8.1,8.1,8.0,8.1,2770
2010-10-12,8.1,8.7,8.1,8.7,12694
2010-10-13,8.8,8.8,7.6,8.0,4866
2010-10-14,8.5,8.8,7.9,8.0,10680
2010-10-15,7.9,7.9,7.2,7.5,5191
2010-10-18,7.5,7.8,7.2,7.8,4322
2010-10-19,7.2,7.8,7.2,7.8,2166
2010-10-20,7.3,7.8,7.3,7.8,1112
2010-10-21,7.3,7.8,7.3,7.3,256
2010-10-22,7.8,8.0,7.8,8.0,7578
2010-10-25,8.0,8.0,7.9,8.0,3118
2010-10-26,8.0,8.0,8.0,8.0,12006
2010-10-27,8.0,8.0,8.0,8.0,2519
2010-10-28,7.5,9.7,7.5,9.7,5680
2010-10-29,10.1,12.0,10.0,10.5,14226
2010-11-01,10.9,10.9,9.9,9.9,9124
2010-11-02,10.0,10.0,8.2,9.6,1520
2010-11-03,9.6,9.6,8.2,9.3,1932
2010-11-04,9.0,9.25,9.0,9.2,6945
2010-11-05,9.0,9.7,8.7,9.5,7217
2010-11-08,9.7,10.3,9.7,10.0,29127
2010-11-09,10.0,10.2,9.9,10.0,7726
2010-11-10,10.0,10.2,10.0,10.2,12317
2010-11-11,10.1,10.5,10.1,10.2,10215
2010-11-12,10.4,10.4,9.9,10.1,4740
2010-11-15,9.9,9.9,9.2,9.5,1186
2010-11-16,9.9,9.9,8.8,8.8,3810
2010-11-17,9.2,9.2,9.0,9.0,2590
2010-11-18,9.0,9.5,9.0,9.0,4132
2010-11-19,9.2,9.2,8.6,9.0,3255
2010-11-22,9.0,9.4,8.7,9.0,5971
2010-11-23,9.2,9.5,8.9,9.1,2760
2010-11-24,9.0,9.5,9.0,9.2,3160
2010-11-26,9.0,9.1,9.0,9.1,1610
2010-11-29,8.6,9.0,8.6,9.0,530
2010-11-30,9.0,9.0,8.9,8.9,1000
2010-12-01,8.9,9.0,8.9,9.0,2992
2010-12-02,8.8,9.0,8.8,9.0,2374
2010-12-03,9.0,10.5,9.0,10.0,18877
2010-12-06,9.5,9.5,9.3,9.5,2540
2010-12-07,9.1,9.99,9.0,9.5,11480
2010-12-08,9.5,9.5,9.0,9.2,1670
2010-12-09,9.2,9.4,9.0,9.0,3305
2010-12-10,9.0,9.2,8.8,9.0,7368
2010-12-13,9.3,9.3,9.0,9.0,455
2010-12-14,9.0,9.0,8.7,8.7,500
2010-12-15,8.8,9.5,8.6,9.5,3245
2010-12-16,8.8,9.0,8.6,9.0,310
2010-12-17,8.9,9.0,8.9,9.0,350
2010-12-20,8.8,9.0,8.6,9.0,520
2010-12-21,8.71,9.0,8.7,9.0,3496
2010-12-22,8.5,9.0,8.5,8.8,5940
2010-12-23,8.8,8.8,8.0,8.2,6787
2010-12-27,7.5,8.2,7.5,7.9,5175
2010-12-28,8.0,8.0,7.7,8.0,1670
2010-12-29,7.5,7.7,7.3,7.7,4182
2010-12-30,7.5,7.65,7.4,7.5,13426
2010-12-31,7.6,7.7,7.4,7.4,12912
2011-01-03,7.3,7.8,7.2,7.8,2430
2011-01-04,8.0,8.0,7.2,7.8,3294
2011-01-05,7.5,8.2,7.5,8.1,7445
2011-01-06,8.1,8.1,8.0,8.0,1940
2011-01-07,8.0,8.0,7.8,8.0,14963
2011-01-10,7.9,8.1,7.9,8.0,18512
2011-01-11,7.8,8.9,7.8,8.1,17713
2011-01-12,8.1,8.2,8.0,8.2,4132
2011-01-13,8.0,8.0,7.7,8.0,8067
2011-01-14,7.8,8.0,7.8,7.8,6651
2011-01-18,6.7,7.7,6.7,7.7,1500
2011-01-19,7.5,7.5,6.71,7.0,12836
2011-01-20,7.0,7.3,6.9,7.2,12299
2011-01-21,7.2,7.3,7.0,7.2,9616
2011-01-24,7.2,7.2,7.0,7.0,5530
2011-01-25,7.0,7.0,6.75,6.9,5308
2011-01-26,7.0,7.0,6.2,6.6,8455
2011-01-27,6.7,6.9,6.7,6.7,2710
2011-01-28,6.7,6.7,6.5,6.5,1150
2011-01-31,6.5,6.5,6.3,6.4,5300
2011-02-01,6.4,7.0,6.4,6.5,17230
2011-02-02,6.7,7.0,6.7,7.0,14225
2011-02-03,7.2,7.35,7.0,7.2,20760
2011-02-04,7.2,7.2,7.11,7.2,3650
2011-02-07,7.2,7.2,7.0,7.0,2845
2011-02-08,7.0,7.2,6.8,7.1,12681
2011-02-09,7.3,7.3,6.8,7.0,6240
2011-02-10,6.6,7.0,6.5,7.0,3730
2011-02-11,6.8,6.9,6.0,6.0,27500
2011-02-14,6.2,6.4,6.0,6.4,5794
2011-02-15,6.4,6.8,6.2,6.4,8904
2011-02-16,6.5,6.9,6.5,6.7,17550
2011-02-17,6.9,7.0,6.7,6.9,7195
2011-02-18,6.7,6.8,6.6,6.6,4120
2011-02-22,6.7,6.7,6.3,6.35,6375
2011-02-23,6.3,6.3,5.5,5.5,8013
2011-02-24,5.9,6.0,5.3,5.4,10615
2011-02-25,5.89,5.89,5.6,5.6,5020
2011-02-28,5.6,5.8,5.5,5.55,7762
2011-03-01,5.6,5.8,5.5,5.5,2487
2011-03-02,5.5,5.6,5.2,5.5,5660
2011-03-03,5.2,5.6,4.9,4.9,12146
2011-03-04,5.5,5.5,5.0,5.3,2942
2011-03-07,5.4,5.4,4.9,5.4,11699
2011-03-08,5.2,5.2,4.51,5.0,3220
2011-03-09,5.1,5.1,4.5,4.9,3177
2011-03-10,4.9,5.3,4.3,5.1,9962
2011-03-11,5.3,5.9,5.2,5.9,10604
2011-03-14,7.1,7.5,6.3,7.5,9435
2011-03-15,7.3,8.5,6.8,7.0,13648
2011-03-16,6.7,6.9,6.1,6.3,1395
2011-03-17,6.3,6.6,6.2,6.5,4525
2011-03-18,6.5,7.2,6.5,7.05,14257
2011-03-21,7.05,7.05,6.8,7.0,2300
2011-03-22,7.0,7.0,7.0,7.0,820
2011-03-23,7.0,7.3,6.9,7.3,18707
2011-03-24,7.3,8.0,7.3,7.5,11813
2011-03-25,7.5,8.5,7.5,8.3,15268
2011-03-28,8.0,8.9,7.9,8.2,10708
2011-03-29,8.3,8.3,7.4,7.5,3210
2011-03-30,7.4,7.5,7.4,7.5,3522
2011-03-31,7.5,7.5,7.45,7.5,80
2011-04-01,7.5,7.5,7.5,7.5,8450
2011-04-04,7.2,7.4,7.2,7.4,820
2011-04-05,7.5,7.5,7.4,7.45,2110
2011-04-06,7.42,7.42,7.0,7.3,2633
2011-04-07,7.0,7.2,7.0,7.1,380
2011-04-08,7.1,7.2,7.0,7.0,11390
2011-04-11,7.0,7.1,6.95,7.0,6390
2011-04-12,7.0,7.2,7.0,7.2,4297
2011-04-13,7.0,7.0,6.6,6.8,4454
2011-04-14,6.9,6.9,6.9,6.9,500
2011-04-15,6.9,6.9,6.5,6.5,4675
2011-04-18,6.5,6.5,6.5,6.5,350
2011-04-19,6.3,6.4,6.3,6.4,950
2011-04-20,6.3,6.55,6.3,6.55,330
2011-04-21,6.5,6.5,6.3,6.3,1875
2011-04-25,6.2,6.4,6.0,6.0,3950
2011-04-26,6.0,6.1,5.9,6.1,3530
2011-04-27,6.2,6.2,6.0,6.1,3130
2011-04-28,6.2,7.0,6.2,7.0,4300
2011-04-29,6.35,6.9,6.35,6.9,4760
2011-05-02,6.8,6.8,5.65,6.55,2344
2011-05-03,6.55,6.55,6.55,6.55,30
2011-05-04,6.3,6.8,6.3,6.8,2355
2011-05-05,6.5,6.55,6.5,6.5,2880
2011-05-06,6.4,6.4,6.4,6.4,200
2011-05-09,6.3,7.0,6.3,7.0,2780
2011-05-10,6.5,7.0,6.5,6.5,2867
2011-05-12,6.4,6.4,6.15,6.15,600
2011-05-13,6.4,6.4,6.4,6.4,1020
2011-05-16,6.15,6.3,5.7,6.3,5460
2011-05-17,6.5,7.0,6.3,7.0,6625
2011-05-18,6.7,6.9,6.51,6.9,26557
2011-05-19,6.9,7.0,6.9,7.0,26200
2011-05-20,7.0,7.0,6.11,6.2,7245
2011-05-23,6.4,6.4,6.4,6.4,4089
2011-05-24,6.4,6.4,6.1,6.4,4258
2011-05-25,6.4,6.4,6.4,6.4,275
2011-05-26,6.2,6.5,6.2,6.5,495
2011-05-27,6.5,6.5,6.5,6.5,400
2011-05-31,6.5,6.8,6.5,6.7,20460
2011-06-01,6.2,6.5,6.0,6.5,1825
2011-06-02,6.5,6.5,6.5,6.5,1496
2011-06-03,6.1,6.4,6.0,6.4,1830
2011-06-06,6.4,6.5,6.4,6.5,400
2011-06-07,6.1,6.1,6.1,6.1,220
2011-06-08,5.8,6.0,5.7,5.9,2280
2011-06-09,5.6,5.9,5.2,5.4,11101
2011-06-10,5.4,5.5,4.6,5.5,6560
2011-06-13,5.3,5.5,4.0,5.5,6016
2011-06-14,5.4,5.5,5.4,5.5,3360
2011-06-15,5.1,5.5,3.8,4.8,33943
2011-06-16,4.0,4.95,3.8,4.95,34416
2011-06-17,4.8,4.8,4.39,4.75,2824
2011-06-20,4.1,4.5,4.0,4.5,16630
2011-06-21,4.0,5.5,4.0,5.1,11386
2011-06-22,5.1,5.1,5.1,5.1,3600
2011-06-23,5.0,5.0,4.55,4.8,2400
2011-06-24,4.9,5.0,4.55,5.0,2740
2011-06-27,5.0,5.1,5.0,5.0,3215
2011-06-28,4.5,5.0,4.5,5.0,776
2011-06-29,4.5,5.6,4.5,5.6,636
2011-06-30,4.5,5.6,4.5,5.6,3068
2011-07-01,5.6,5.6,5.0,5.6,325
2011-07-05,5.2,5.5,5.2,5.5,1120
2011-07-06,5.0,5.6,4.8,5.5,5880
2011-07-07,4.8,5.4,4.8,5.4,1000
2011-07-08,5.4,5.4,5.0,5.4,750
2011-07-11,4.8,5.16,4.5,5.16,3829
2011-07-12,4.5,5.0,4.2,4.7,16732
2011-07-13,4.7,4.8,4.7,4.8,1900
2011-07-14,4.0,4.5,3.8,4.1,24658
2011-07-15,4.0,4.0,3.3,3.3,8840
2011-07-18,3.3,4.25,3.2,4.01,17469
2011-07-19,4.3,4.3,3.15,4.0,19950
2011-07-20,3.8,4.1,3.8,4.05,430
2011-07-21,4.0,4.0,3.55,3.95,8370
2011-07-22,3.9,3.9,3.5,3.65,7780
2011-07-25,3.5,3.79,3.3,3.4,19796
2011-07-26,3.65,3.95,3.5,3.65,11346
2011-07-27,3.5,3.5,3.1,3.1,5600
2011-07-28,3.2,3.3,3.0,3.2,8714
2011-07-29,3.0,3.2,3.0,3.2,2800
2011-08-01,3.3,3.3,3.3,3.3,150
2011-08-02,3.3,3.3,3.3,3.3,500
2011-08-03,3.1,3.5,3.1,3.3,2055
2011-08-04,2.75,3.3,2.75,3.3,600
2011-08-05,3.3,3.7,3.2,3.3,13784
2011-08-08,3.2,3.3,2.7,2.8,3270
2011-08-09,2.99,3.5,2.99,3.5,4200
2011-08-10,3.2,3.4,3.0,3.3,15358
2011-08-11,3.2,3.3,3.2,3.3,1600
2011-08-12,3.3,3.8,3.0,3.4,9770
2011-08-15,3.5,3.5,3.2,3.2,660
2011-08-16,3.2,3.2,3.2,3.2,2000
2011-08-17,3.2,3.4,3.2,3.4,3190
2011-08-18,3.2,3.4,3.2,3.4,3000
2011-08-19,3.2,3.2,3.0,3.1,644
2011-08-22,3.15,3.15,3.1,3.1,1200
2011-08-23,3.1,3.1,3.0,3.0,7300
2011-08-24,3.0,3.1,3.0,3.1,24560
2011-08-25,3.5,3.78,2.95,3.1,47467
2011-08-26,3.0,3.0,2.8,3.0,9500
2011-08-29,2.73,3.0,2.73,3.0,1000
2011-08-30,3.0,3.0,2.9,3.0,15853
2011-08-31,2.9,3.0,2.75,3.0,5817
2011-09-01,3.0,5.49,3.0,4.32,141100
2011-09-02,4.5,4.5,3.65,4.0,31622
2011-09-06,3.85,4.6,3.5,4.5,43050
2011-09-07,3.85,4.45,3.85,4.1,23447
2011-09-08,4.1,4.3,4.1,4.3,4313
2011-09-09,4.4,4.4,4.05,4.3,1600
2011-09-12,4.35,5.0,4.1,4.3,21124
2011-09-13,4.49,5.0,4.1,4.15,29223
2011-09-14,4.15,4.4,4.1,4.35,9660
2011-09-15,4.35,4.35,3.9,3.9,6495
2011-09-16,3.9,3.9,3.01,3.5,32616
2011-09-19,3.75,3.75,3.2,3.5,2310
2011-09-20,3.01,3.4,3.01,3.1,5115
2011-09-21,3.2,3.2,2.7,3.0,11472
2011-09-22,2.8,2.85,2.6,2.7,8022
2011-09-23,2.7,3.0,2.4,3.0,16307
2011-09-26,3.0,3.0,2.9,3.0,2500
2011-09-27,3.0,3.0,2.31,2.6,13984
2011-09-28,2.51,2.9,1.8,2.75,81312
2011-09-29,2.7,2.7,2.35,2.7,9850
2011-09-30,2.75,2.75,2.5,2.75,7153
2011-10-03,2.5,2.7,2.5,2.5,2510
2011-10-04,2.5,2.75,2.5,2.75,5480
2011-10-05,2.5,2.85,2.5,2.85,440
2011-10-06,2.85,3.15,2.5,2.6,1722
2011-10-07,3.15,3.15,3.0,3.0,1541
2011-10-10,3.15,3.15,2.75,2.8,3000
2011-10-11,2.6,3.0,2.6,2.8,2060
2011-10-12,2.9,2.9,2.6,2.6,1860
2011-10-13,2.5,2.5,2.5,2.5,500
2011-10-14,2.6,2.6,2.35,2.5,22417
2011-10-17,2.7,2.7,2.5,2.5,2018
2011-10-18,2.35,2.35,2.1,2.25,9218
2011-10-19,2.2,2.4,2.0,2.15,27643
2011-10-20,2.5,2.5,2.05,2.3,6078
2011-10-21,2.5,2.5,2.15,2.2,1867
2011-10-24,2.5,2.5,1.85,2.2,5817
2011-10-25,2.0,2.2,2.0,2.2,1475
2011-10-26,2.2,2.2,2.0,2.0,3635
2011-10-27,2.2,2.45,1.81,2.45,8615
2011-10-28,2.5,2.5,2.4,2.5,545
2011-10-31,2.2,2.5,2.05,2.05,1270
2011-11-01,2.05,2.4,2.05,2.15,5560
2011-11-02,2.2,2.7,2.2,2.5,9585
2011-11-03,2.5,2.8,2.3,2.5,5530
2011-11-04,2.75,2.75,2.5,2.52,4270
2011-11-07,2.5,2.5,2.45,2.5,5290
2011-11-08,2.5,2.5,2.5,2.5,6646
2011-11-09,2.15,2.68,2.15,2.68,480
2011-11-10,2.69,2.69,2.69,2.69,308
2011-11-11,2.2,2.59,2.2,2.5,1481
2011-11-15,2.25,2.25,2.25,2.25,46
2011-11-16,2.35,2.35,2.3,2.35,3590
2011-11-17,2.25,2.25,2.0,2.0,5309
2011-11-18,2.0,2.0,1.91,2.0,6209
2011-11-21,2.0,2.2,2.0,2.2,2090
2011-11-22,2.2,2.4,2.2,2.4,2623
2011-11-23,2.25,2.5,2.25,2.5,1385
2011-11-29,2.2,2.5,2.2,2.5,1500
2011-11-30,2.49,2.6,2.3,2.4,17584
2011-12-01,2.4,2.5,2.4,2.5,4144
2011-12-02,2.5,2.85,2.5,2.65,22080
2011-12-05,2.76,3.0,2.76,2.8,14110
2011-12-06,2.8,3.5,2.7,3.1,41486
2011-12-07,3.1,3.35,3.0,3.1,24200
2011-12-08,3.15,3.4,3.15,3.3,12068
2011-12-09,3.1,3.1,3.0,3.01,11120
2011-12-12,3.01,3.01,2.95,2.95,6010
2011-12-13,2.95,2.95,2.6,2.95,2798
2011-12-14,2.8,2.8,2.75,2.75,2360
2011-12-15,2.8,2.85,2.21,2.65,4450
2011-12-16,2.7,2.7,2.55,2.6,8250
2011-12-19,2.6,2.6,2.55,2.6,2937
2011-12-20,2.65,2.85,2.62,2.62,7200
2011-12-21,2.85,3.5,2.85,3.4,35763
2011-12-22,3.5,3.6,3.2,3.25,15836
2011-12-23,3.3,3.7,3.3,3.5,10652
2011-12-27,3.5,3.7,3.35,3.35,10600
2011-12-28,3.4,3.4,3.4,3.4,3600
2011-12-29,3.5,3.5,2.9,3.2,7669
2011-12-30,3.0,3.7,2.85,3.7,17421
2012-01-03,3.5,3.7,3.2,3.7,13710
2012-01-04,3.6,3.6,3.3,3.6,3995
2012-01-05,3.6,3.65,3.2,3.3,7124
2012-01-06,3.3,3.3,2.95,3.05,4805
2012-01-09,3.2,3.2,3.2,3.2,100
2012-01-10,3.05,3.05,3.05,3.05,400
2012-01-11,3.2,3.3,3.2,3.3,7530
2012-01-12,3.4,3.5,3.4,3.5,5170
2012-01-13,3.2,3.2,3.2,3.2,500
2012-01-17,3.0,3.2,3.0,3.2,4750
2012-01-18,3.2,3.2,3.15,3.2,2860
2012-01-19,3.15,3.2,2.9,2.9,9840
2012-01-20,2.9,2.9,2.9,2.9,700
2012-01-23,2.85,2.85,2.6,2.6,9348
2012-01-24,2.8,2.8,2.7,2.7,1500
2012-01-25,2.8,3.25,2.8,2.9,23950
2012-01-26,3.0,3.0,2.7,2.8,17430
2012-01-27,2.75,3.15,2.75,3.15,4742
2012-01-30,3.05,3.15,3.0,3.0,1670
2012-01-31,2.68,3.4,2.68,3.0,9025
2012-02-01,2.7,2.7,2.68,2.68,550
2012-02-02,2.85,3.0,2.85,3.0,5940
2012-02-03,3.0,3.8,3.0,3.8,18210
2012-02-06,3.7,3.7,3.0,3.0,15580
2012-02-07,2.9,3.0,2.9,3.0,1500
2012-02-08,3.35,3.35,2.78,2.85,1515
2012-02-09,3.35,3.35,3.35,3.35,400
2012-02-10,3.0,3.0,3.0,3.0,604
2012-02-13,3.0,3.35,3.0,3.0,1225
2012-02-14,3.0,3.0,3.0,3.0,4350
2012-02-15,3.0,3.0,3.0,3.0,250
2012-02-16,3.1,3.1,3.1,3.1,140
2012-02-17,3.1,3.1,2.9,3.1,3450
2012-02-21,3.2,3.4,3.05,3.3,3460
2012-02-22,3.0,3.3,2.95,3.1,5365
2012-02-23,2.95,3.45,2.95,3.3,19056
2012-02-24,3.3,3.3,3.2,3.2,2750
2012-02-27,3.0,3.3,3.0,3.1,5850
2012-02-28,3.3,3.3,3.0,3.0,11360
2012-02-29,3.15,3.15,2.8,2.8,2340
2012-03-01,3.3,3.3,3.3,3.3,100
2012-03-06,2.8,3.0,2.8,3.0,1600
2012-03-07,2.8,2.9,2.51,2.51,7419
2012-03-08,2.51,3.0,2.4,2.9,5420
2012-03-09,2.8,3.1,2.6,2.9,3650
2012-03-12,2.9,2.9,2.9,2.9,2000
2012-03-13,2.9,2.9,2.6,2.8,2200
2012-03-14,2.6,2.6,2.6,2.6,1500
2012-03-15,2.6,2.6,2.5,2.5,4180
2012-03-16,2.4,2.5,2.4,2.5,11300
2012-03-19,2.5,2.5,2.5,2.5,1100
2012-03-20,2.4,2.4,2.4,2.4,1200
2012-03-21,2.35,2.35,2.3,2.3,800
2012-03-22,2.4,2.65,2.2,2.65,1890
2012-03-23,2.65,2.65,2.3,2.3,2233
2012-03-26,2.5,2.5,2.4,2.4,4600
2012-03-27,2.4,2.45,2.4,2.45,1170
2012-03-29,2.6,2.6,2.5,2.5,17796
2012-03-30,2.45,2.45,2.18,2.3,5568
2012-04-02,2.45,2.45,2.45,2.45,2950
2012-04-03,2.5,2.5,2.5,2.5,5214
2012-04-04,2.5,2.5,2.2,2.2,6000
2012-04-05,2.5,2.5,2.3,2.5,3994
2012-04-10,2.15,2.5,2.15,2.5,3320
2012-04-12,2.5,2.5,2.2,2.2,1300
2012-04-13,2.7,3.05,2.5,3.05,6036
2012-04-16,3.0,3.15,3.0,3.15,5535
2012-04-17,3.2,3.25,3.0,3.15,9210
2012-04-18,3.15,3.25,3.15,3.2,16831
2012-04-19,3.15,3.15,3.0,3.15,18050
2012-04-20,3.1,3.1,2.9,2.9,2050
2012-04-23,2.9,2.9,2.8,2.9,14070
2012-04-24,2.85,2.85,2.85,2.85,11089
2012-04-25,2.85,2.85,2.7,2.8,3460
2012-04-26,2.85,3.1,2.85,3.1,3350
2012-04-27,3.1,3.15,3.0,3.0,13630
2012-04-30,2.7,2.85,2.5,2.6,27572
2012-05-01,2.5,2.6,2.5,2.6,2000
2012-05-02,2.8,2.8,2.8,2.8,850
2012-05-03,2.6,2.6,2.4,2.4,3560
2012-05-04,2.6,2.6,2.5,2.5,6000
2012-05-07,2.6,2.76,2.5,2.76,5400
2012-05-08,2.5,2.6,2.35,2.6,7601
2012-05-09,2.4,2.5,2.2,2.4,14500
2012-05-10,2.3,2.3,2.2,2.25,2160
2012-05-11,2.4,2.55,2.4,2.4,7080
2012-05-14,2.4,2.4,2.4,2.4,500
2012-05-15,2.51,2.51,2.3,2.3,17700
2012-05-16,2.2,2.2,2.2,2.2,750
2012-05-18,1.8,2.4,1.8,2.2,9745
2012-05-21,1.92,1.92,1.9,1.9,1500
2012-05-22,1.5,2.88,1.5,2.68,7830
2012-05-24,2.7,2.7,2.7,2.7,155
2012-05-25,2.7,2.7,2.0,2.0,3880
2012-05-29,2.58,2.58,2.11,2.47,2400
2012-05-30,2.0,2.4,1.9,2.3,2295
2012-06-01,1.91,2.28,1.91,2.24,3900
2012-06-04,2.25,2.25,2.25,2.25,100
2012-06-08,1.9,2.0,1.8,2.0,10190
2012-06-11,1.8,1.98,1.6,1.94,8140
2012-06-12,1.8,2.0,1.7,2.0,8350
2012-06-13,1.9,1.93,1.9,1.93,1330
2012-06-14,1.95,1.95,1.7,1.95,714
2012-06-15,1.8,1.95,1.8,1.95,2079
2012-06-18,1.95,1.95,1.62,1.88,1000
2012-06-19,1.88,1.91,1.86,1.91,1147
2012-06-20,1.91,1.92,1.84,1.9,6816
2012-06-21,1.88,2.0,1.88,1.95,10324
2012-06-22,1.95,2.0,1.85,1.92,3050
2012-06-25,1.92,1.92,1.6,1.92,198
2012-06-27,1.9,1.95,1.9,1.95,3300
2012-06-28,1.9,1.95,1.9,1.95,1140
2012-06-29,1.98,1.98,1.8,1.98,2611
2012-07-02,1.98,1.98,1.55,1.98,1220
2012-07-06,1.9,1.9,1.9,1.9,100
2012-07-10,1.65,1.7,1.5,1.7,4093
2012-07-11,1.7,1.9,1.7,1.9,1550
2012-07-13,1.7,1.7,1.7,1.7,2425
2012-07-16,1.7,1.7,1.7,1.7,1000
2012-07-17,1.7,1.7,1.7,1.7,2104
2012-07-18,1.7,1.7,1.7,1.7,3550
2012-07-19,1.8,1.8,1.8,1.8,500
2012-07-20,1.9,2.2,1.9,2.0,29924
2012-07-23,1.95,1.95,1.95,1.95,100
2012-07-24,1.9,1.9,1.58,1.9,3435
2012-07-25,1.52,2.0,1.52,2.0,110
2012-07-26,1.9,1.9,1.7,1.9,1958
2012-07-27,1.9,2.2,1.9,2.2,21246
2012-07-30,2.25,2.6,2.2,2.45,16737
2012-07-31,2.5,2.5,2.2,2.39,11817
2012-08-01,2.39,2.45,2.15,2.4,17471
2012-08-02,2.2,2.65,2.0,2.65,20048
2012-08-03,2.35,3.1,2.35,3.0,12047
2012-08-06,3.0,3.0,2.71,2.98,4930
2012-08-07,2.8,3.0,2.8,2.95,7022
2012-08-08,2.98,4.19,2.8,3.39,44298
2012-08-09,3.3,3.45,3.0,3.45,20212
2012-08-10,3.2,3.45,3.2,3.3,5818
2012-08-13,3.45,3.5,3.25,3.5,9956
2012-08-14,3.25,3.45,3.25,3.45,4371
2012-08-15,3.45,3.5,3.25,3.35,12497
2012-08-16,3.2,3.35,2.8,3.34,17587
2012-08-17,3.3,3.39,3.1,3.1,11070
2012-08-20,2.81,3.2,2.75,2.9,7340
2012-08-21,2.9,3.07,2.7,3.07,9766
2012-08-22,2.8,3.1,2.7,3.07,5550
2012-08-23,3.0,3.07,3.0,3.0,12800
2012-08-24,3.0,3.3,2.95,3.3,15045
2012-08-27,3.3,3.3,3.28,3.28,2157
2012-08-28,3.3,3.3,2.85,2.85,7700
2012-08-29,2.9,3.15,2.75,3.0,2940
2012-08-30,2.8,3.0,2.8,3.0,1930
2012-08-31,3.0,3.0,2.75,3.0,2760
2012-09-04,3.0,3.1,2.5,2.8,16278
2012-09-05,3.1,3.1,2.55,3.1,6521
2012-09-06,2.9,3.1,2.8,3.1,11090
2012-09-07,2.8,3.1,2.8,3.1,6803
2012-09-10,3.0,3.1,2.7,3.1,3230
2012-09-11,2.9,3.1,2.85,3.09,2470
2012-09-12,2.85,3.09,2.7,3.0,6761
2012-09-13,2.9,3.0,2.6,3.0,2810
2012-09-14,2.95,3.1,2.95,3.1,6673
2012-09-17,2.95,3.09,2.95,3.05,3690
2012-09-18,3.05,3.05,3.05,3.05,10
2012-09-19,2.85,3.0,2.62,2.8,1520
2012-09-20,3.0,3.0,3.0,3.0,10
2012-09-21,2.85,3.0,2.85,3.0,1219
2012-09-24,2.8,3.0,2.8,3.0,3320
2012-09-25,2.82,3.0,2.55,2.72,7962
2012-09-26,2.72,2.9,2.61,2.8,7960
2012-09-27,2.62,2.8,2.62,2.8,5200
2012-09-28,2.62,3.1,2.5,2.8,11100
2012-10-01,2.8,2.9,2.51,2.85,5660
2012-10-02,2.51,2.8,2.5,2.8,6780
2012-10-03,2.55,2.99,2.5,2.78,17249
2012-10-04,2.78,2.8,2.6,2.75,2400
2012-10-05,2.75,2.9,2.55,2.8,11233
2012-10-08,2.55,2.75,2.55,2.73,916
2012-10-09,2.73,2.78,2.5,2.7,12181
2012-10-10,2.6,2.7,2.3,2.5,7936
2012-10-11,2.65,2.65,2.4,2.5,2539
2012-10-12,2.4,3.08,2.35,2.95,34896
2012-10-15,2.95,3.19,2.95,3.15,22325
2012-10-16,3.0,3.2,3.0,3.1,2850
2012-10-17,3.1,3.2,3.0,3.2,10584
2012-10-18,3.2,3.3,3.05,3.2,26341
2012-10-19,3.1,3.3,3.0,3.0,6690
2012-10-22,2.9,3.05,2.7,2.89,8300
2012-10-23,2.9,2.9,2.61,2.9,3110
2012-10-24,2.5,3.05,2.24,3.0,29248
2012-10-25,3.08,3.19,2.9,2.9,10326
2012-10-26,2.98,3.0,2.98,3.0,2525
2012-10-31,2.9,3.0,2.63,3.0,5960
2012-11-01,2.75,2.82,2.75,2.82,3395
2012-11-02,2.82,3.3,2.8,3.3,29920
2012-11-05,3.2,3.4,3.2,3.39,22882
2012-11-06,3.39,3.39,3.0,3.1,20750
2012-11-07,3.1,3.47,3.1,3.35,15159
2012-11-08,3.2,3.6,2.75,3.6,52153
2012-11-09,3.5,3.9,3.5,3.75,30550
2012-11-12,3.71,3.9,3.7,3.75,6376
2012-11-13,3.75,3.8,3.5,3.65,83496
2012-11-14,3.61,3.7,3.5,3.51,18523
2012-11-15,3.51,3.75,3.51,3.7,28276
2012-11-16,3.69,4.0,3.6,4.0,38424
2012-11-19,4.0,4.3,3.83,3.95,26748
2012-11-20,3.9,3.9,3.8,3.9,4410
2012-11-21,3.9,4.0,3.8,3.9,5824
2012-11-23,3.9,4.1,3.9,4.0,6700
2012-11-26,3.9,4.3,3.9,4.0,3255
2012-11-27,4.0,4.0,3.9,3.9,1956
2012-11-28,3.95,4.05,3.9,4.05,31530
2012-11-29,4.05,4.9,4.05,4.85,62527
2012-11-30,4.4,4.7,4.36,4.69,34650
2012-12-03,4.6,4.9,4.5,4.5,95145
2012-12-04,4.52,4.9,4.52,4.83,4070
2012-12-05,4.83,4.84,4.6,4.6,11239
2012-12-06,4.65,4.65,4.6,4.6,6273
2012-12-07,4.65,4.75,4.5,4.6,31236
2012-12-10,4.5,4.5,3.9,4.0,31310
2012-12-11,4.0,4.5,4.0,4.3,17932
2012-12-12,4.5,4.5,4.25,4.35,7640
2012-12-13,4.3,4.45,4.3,4.45,11066
2012-12-14,4.45,4.6,4.45,4.6,22010
2012-12-17,4.6,4.6,4.6,4.6,8630
2012-12-18,4.6,4.8,4.6,4.6,15637
2012-12-19,4.6,4.8,4.6,4.8,29272
2012-12-20,4.1,4.9,4.1,4.9,26776
2012-12-21,4.8,4.9,4.4,4.81,38448
2012-12-24,4.9,5.5,4.9,5.5,13019
2012-12-26,5.5,5.5,5.3,5.3,2624
2012-12-27,5.5,5.6,5.3,5.5,11408
2012-12-28,5.5,6.5,5.5,6.1,24935
2012-12-31,6.2,6.8,6.2,6.5,47072
2013-01-02,6.5,6.7,6.4,6.55,6340
2013-01-03,6.7,6.9,6.5,6.7,23449
2013-01-04,6.6,7.9,6.6,7.7,86058
2013-01-07,7.79,8.8,7.79,7.85,50806
2013-01-08,7.82,8.23,7.0,7.6,27282
2013-01-09,7.5,7.7,7.45,7.6,49824
2013-01-10,7.6,7.6,7.5,7.6,5959
2013-01-11,7.5,7.6,7.5,7.5,23730
2013-01-14,7.6,7.95,7.5,7.79,16252
2013-01-15,7.79,7.79,7.5,7.6,5812
2013-01-16,7.6,8.1,7.5,7.7,13586
2013-01-17,7.8,7.8,7.6,7.7,11655
2013-01-18,7.8,8.1,7.75,8.0,31658
2013-01-22,8.05,8.1,7.72,8.1,9234
2013-01-23,8.15,8.3,7.85,8.0,18028
2013-01-24,8.25,8.25,7.85,8.25,7841
2013-01-25,8.1,8.8,8.1,8.75,46793
2013-01-28,8.9,9.5,8.9,9.2,28546
2013-01-29,9.15,9.5,8.8,8.8,31520
2013-01-30,8.7,9.1,8.6,8.9,13750
2013-01-31,9.0,9.0,8.55,8.73,2855
2013-02-01,8.8,9.3,8.8,9.2,31575
2013-02-04,8.85,9.05,8.7,8.9,17954
2013-02-05,8.7,8.8,8.3,8.7,32350
2013-02-06,8.8,9.2,8.8,9.05,42830
2013-02-07,8.95,9.1,7.6,8.0,87830
2013-02-08,8.2,8.7,8.0,8.25,26143
2013-02-11,8.25,8.8,8.0,8.1,10949
2013-02-12,8.1,8.6,8.0,8.6,9022
2013-02-13,8.6,9.0,8.06,8.6,36925
2013-02-14,8.4,8.4,7.9,8.3,25220
2013-02-15,8.4,8.5,7.55,7.95,30887
2013-02-19,8.0,8.0,7.5,7.85,28488
2013-02-20,7.9,7.91,7.6,7.71,11433
2013-02-21,7.85,7.85,7.55,7.8,12482
2013-02-22,7.9,7.9,7.7,7.8,10550
2013-02-25,7.8,7.85,7.7,7.8,15888
2013-02-26,7.55,7.62,7.45,7.45,19036
2013-02-27,7.25,7.25,6.62,7.0,45033
2013-02-28,7.0,7.1,6.8,7.1,15440
2013-03-01,7.1,8.05,7.1,8.0,27176
2013-03-04,8.0,8.0,6.95,7.1,39760
2013-03-05,7.0,7.0,6.92,7.0,23350
2013-03-06,6.9,7.0,6.7,6.8,32616
2013-03-07,6.75,6.75,6.3,6.5,35429
2013-03-08,6.59,7.1,5.95,7.0,32308
2013-03-11,7.0,7.75,6.85,7.2,18955
2013-03-12,7.3,7.5,7.3,7.5,14783
2013-03-13,7.5,7.5,7.0,7.1,11325
2013-03-14,7.3,7.5,7.0,7.3,5800
2013-03-15,7.25,7.3,6.5,6.85,11105
2013-03-18,6.6,6.8,6.6,6.8,3805
2013-03-19,6.8,7.4,6.8,6.9,13065
2013-03-20,6.9,7.2,6.7,7.0,17917
2013-03-21,6.9,7.0,6.55,6.61,12037
2013-03-22,6.9,7.0,6.8,7.0,6990
2013-03-25,6.7,6.85,6.7,6.8,9036
2013-03-26,6.8,7.0,6.7,7.0,3110
2013-03-27,6.75,6.8,6.75,6.75,9290
2013-03-28,6.65,7.0,6.65,7.0,19950
2013-04-01,6.8,7.1,6.56,6.7,17793
2013-04-02,6.7,6.9,6.55,6.9,36567
2013-04-03,6.8,6.9,6.6,6.9,22132
2013-04-04,6.95,6.95,6.7,6.8,10115
2013-04-05,6.8,6.8,6.7,6.7,15010
2013-04-08,6.85,6.85,6.69,6.74,15905
2013-04-09,6.7,6.9,6.7,6.8,17160
2013-04-10,6.9,6.9,6.7,6.74,9230
2013-04-11,6.8,6.8,6.5,6.6,19450
2013-04-12,6.49,6.64,6.49,6.5,14410
2013-04-15,6.4,7.05,6.4,7.0,133984
2013-04-16,7.0,7.48,7.0,7.45,79290
2013-04-17,7.45,7.45,6.6,7.1,17095
2013-04-18,7.05,7.4,6.9,7.35,48547
2013-04-19,6.7,7.4,6.7,7.15,9258
2013-04-22,7.2,7.2,6.9,7.0,6450
2013-04-23,7.0,7.2,6.8,7.2,10079
2013-04-24,7.1,7.1,6.7,7.0,13568
2013-04-25,7.05,7.05,6.82,6.9,17643
2013-04-26,6.9,7.0,6.8,6.8,4250
2013-04-29,6.95,7.1,6.6,6.9,20540
2013-04-30,6.75,7.05,6.75,7.05,3825
2013-05-01,6.52,6.85,6.52,6.74,37502
2013-05-02,6.6,6.65,6.35,6.54,16600
2013-05-03,6.55,6.73,6.55,6.7,5900
2013-05-06,6.7,6.7,6.7,6.7,6660
2013-05-07,6.71,6.71,6.6,6.7,19948
2013-05-08,6.5,6.67,6.1,6.55,5210
2013-05-09,6.5,6.55,6.4,6.55,46486
2013-05-10,6.5,6.51,6.5,6.51,9600
2013-05-13,6.5,6.6,6.5,6.6,27830
2013-05-14,6.55,6.7,6.5,6.6,21911
2013-05-15,6.51,6.75,6.51,6.7,20470
2013-05-16,6.52,6.8,6.41,6.6,27334
2013-05-17,6.5,6.75,6.5,6.71,42455
2013-05-20,6.75,7.6,6.65,7.0,47293
2013-05-21,7.1,7.5,7.1,7.42,12205
2013-05-22,7.1,7.4,7.0,7.3,9802
2013-05-23,7.05,7.06,6.95,7.0,133755
2013-05-24,6.8,7.05,6.8,7.05,7520
2013-05-28,6.95,7.11,6.8,6.8,51140
2013-05-29,6.7,7.0,6.45,6.9,23677
2013-05-30,6.9,7.0,6.81,6.9,3690
2013-05-31,6.9,7.0,6.8,7.0,21860
2013-06-03,7.0,7.0,6.7,6.8,6313
2013-06-04,6.8,6.85,6.5,6.7,9875
2013-06-05,6.75,6.75,6.7,6.75,22038
2013-06-06,6.75,6.75,6.7,6.75,12050
2013-06-07,6.6,7.3,6.6,7.3,17301
2013-06-10,7.15,7.15,6.9,7.0,26510
2013-06-11,6.9,7.1,6.9,7.1,67780
2013-06-12,6.95,7.3,6.9,7.3,5944
2013-06-13,7.05,7.1,6.85,7.0,17255
2013-06-14,7.1,7.1,7.1,7.1,90
2013-06-17,7.0,7.1,6.85,7.0,9688
2013-06-18,6.7,7.0,6.7,7.0,2880
2013-06-19,7.0,7.0,6.6,6.6,2520
2013-06-20,6.6,6.9,6.55,6.9,7880
2013-06-21,6.9,6.9,6.5,6.5,5295
2013-06-24,6.5,6.5,6.3,6.3,5360
2013-06-25,6.4,6.5,6.1,6.2,8150
2013-06-26,6.2,6.48,6.2,6.4,14796
2013-06-27,6.45,6.5,6.45,6.5,3679
2013-06-28,6.55,6.55,6.3,6.55,4395
2013-07-01,6.4,6.5,6.36,6.5,16200
2013-07-02,6.4,6.5,6.2,6.5,30700
2013-07-03,6.25,6.5,6.25,6.5,1748
2013-07-05,6.3,6.5,5.95,6.0,39591
2013-07-08,6.0,6.0,5.95,6.0,4385
2013-07-09,6.0,6.0,5.13,5.7,15920
2013-07-10,5.75,5.8,5.75,5.8,1545
2013-07-11,5.75,5.8,4.83,5.4,36681
2013-07-12,5.4,5.6,5.32,5.5,11165
2013-07-15,5.5,5.7,5.1,5.7,37710
2013-07-16,5.4,5.6,5.35,5.6,9830
2013-07-17,5.5,5.6,5.5,5.6,16306
2013-07-18,5.9,5.9,5.4,5.45,15627
2013-07-19,5.45,5.55,5.45,5.5,14910
2013-07-22,5.5,5.6,5.45,5.5,15102
2013-07-23,5.5,5.6,5.4,5.55,25845
2013-07-24,5.9,6.05,5.55,5.66,10424
2013-07-25,5.67,6.05,5.6,5.9,2923
2013-07-26,5.5,5.9,5.5,5.8,3605
2013-07-29,5.85,6.0,5.8,6.0,5265
2013-07-30,6.0,6.05,5.9,5.9,7306
2013-07-31,6.05,6.2,6.0,6.2,19303
2013-08-01,6.2,6.35,6.0,6.35,15714
2013-08-02,6.4,6.5,6.1,6.3,6158
2013-08-05,6.5,6.5,6.3,6.3,4700
2013-08-06,6.3,6.3,6.0,6.0,3918
2013-08-08,6.4,6.4,6.0,6.0,1013
2013-08-09,6.0,6.0,5.54,5.54,5582
2013-08-12,5.54,6.2,5.54,6.2,1100
2013-08-13,6.0,6.3,5.75,6.3,5680
2013-08-14,5.9,6.4,5.9,6.0,5450
2013-08-15,5.9,6.3,5.9,6.0,3050
2013-08-16,5.9,6.3,5.9,5.9,3165
2013-08-19,5.9,6.2,5.9,5.95,4595
2013-08-20,6.0,6.0,5.75,6.0,4838
2013-08-21,6.0,6.0,5.9,6.0,1682
2013-08-22,5.9,6.0,5.7,6.0,4052
2013-08-23,6.0,6.35,5.5,6.25,7408
2013-08-26,6.25,6.4,6.0,6.0,10982
2013-08-27,6.4,6.4,6.0,6.0,1729
2013-08-28,5.75,6.0,5.6,5.8,7500
2013-08-29,6.0,6.2,5.9,6.0,2330
2013-08-30,6.2,6.2,5.8,6.2,3990
2013-09-03,6.1,6.15,5.6,6.1,10164
2013-09-04,6.0,6.2,5.6,6.2,33662
2013-09-05,6.2,6.2,5.9,6.18,8840
2013-09-09,5.6,5.85,5.2,5.5,37428
2013-09-10,5.2,5.9,5.2,5.5,8555
2013-09-11,5.45,5.45,4.51,5.2,8165
2013-09-12,5.2,5.5,5.1,5.45,6625
2013-09-13,5.45,5.5,5.0,5.5,4830
2013-09-16,5.45,5.5,5.1,5.4,4110
2013-09-17,5.5,5.5,5.02,5.2,9100
2013-09-18,5.2,5.48,5.2,5.45,4840
2013-09-19,5.45,5.45,5.15,5.3,14728
2013-09-20,5.3,5.4,5.3,5.4,4400
2013-09-23,5.37,5.4,5.3,5.3,15668
2013-09-24,5.4,5.45,5.4,5.45,2350
2013-09-25,5.4,5.7,5.3,5.65,18180
2013-09-26,5.4,5.4,5.0,5.4,8920
2013-09-27,5.4,5.5,5.4,5.5,3160
2013-09-30,5.2,5.5,5.2,5.4,4530
2013-10-01,5.3,5.3,5.3,5.3,3350
2013-10-02,5.5,5.5,5.4,5.4,12675
2013-10-03,5.3,5.4,5.3,5.4,2350
2013-10-04,5.4,5.5,5.3,5.45,10879
2013-10-07,5.2,5.3,5.2,5.2,1615
2013-10-08,5.39,5.4,5.3,5.4,8630
2013-10-09,5.44,5.5,5.4,5.4,5120
2013-10-10,5.2,5.4,5.2,5.35,7945
2013-10-11,5.2,5.5,5.05,5.5,5650
2013-10-14,5.4,5.5,5.4,5.5,22913
2013-10-15,5.5,5.7,5.5,5.6,24362
2013-10-16,5.6,5.65,5.3,5.6,3420
2013-10-17,5.6,5.65,5.5,5.65,4017
2013-10-18,5.5,5.68,5.5,5.68,10110
2013-10-21,5.68,5.9,5.5,5.9,29750
2013-10-22,5.9,5.95,5.65,5.9,50644
2013-10-23,6.0,6.0,5.46,5.9,11649
2013-10-24,5.85,5.85,5.3,5.5,5676
2013-10-25,5.7,5.85,5.5,5.85,3590
2013-10-28,5.85,6.05,5.85,5.95,78451
2013-10-29,5.95,6.1,5.9,6.0,31981
2013-10-30,6.05,6.1,5.9,6.1,24478
2013-10-31,6.1,6.2,6.0,6.2,10455
2013-11-01,6.0,6.15,5.52,5.85,14780
2013-11-04,5.8,6.3,5.75,6.3,30882
2013-11-05,6.3,6.4,6.05,6.4,15708
2013-11-06,6.5,6.85,6.5,6.8,25035
2013-11-07,6.8,6.85,6.22,6.73,8937
2013-11-08,6.6,6.6,6.3,6.6,8505
2013-11-11,6.4,6.5,6.0,6.2,8150
2013-11-12,6.3,6.3,5.7,5.7,32306
2013-11-13,5.7,5.8,5.45,5.5,34468
2013-11-14,5.45,5.45,4.52,5.18,26995
2013-11-15,5.0,5.16,4.5,4.8,17944
2013-11-18,4.6,5.6,4.6,5.6,22132
2013-11-19,5.6,5.7,5.4,5.45,19750
2013-11-20,5.8,6.0,5.7,5.95,27512
2013-11-21,5.76,5.8,5.7,5.8,16250
2013-11-22,5.8,5.8,5.5,5.6,12612
2013-11-25,5.41,5.41,5.1,5.2,12082
2013-11-26,5.13,5.45,4.9,5.3,29784
2013-11-27,5.3,5.3,4.98,5.3,33490
2013-11-29,5.2,5.6,5.15,5.6,24428
2013-12-02,5.7,5.7,5.21,5.21,22556
2013-12-03,5.2,5.2,5.0,5.1,7750
2013-12-04,5.2,5.29,5.0,5.29,29550
2013-12-05,5.2,5.2,5.0,5.2,19909
2013-12-06,5.25,5.4,5.15,5.4,17026
2013-12-09,5.45,5.5,5.2,5.5,6995
2013-12-10,5.5,5.5,5.0,5.43,9390
2013-12-11,5.13,5.13,5.13,5.13,600
2013-12-12,5.13,5.13,4.9,4.9,15794
2013-12-13,4.95,5.5,4.95,5.5,22849
2013-12-16,5.5,5.5,5.11,5.45,5498
2013-12-17,5.45,5.45,5.15,5.3,1055
2013-12-18,5.3,5.3,5.11,5.11,15436
2013-12-19,5.11,5.2,5.0,5.0,29242
2013-12-20,5.3,5.3,5.3,5.3,477
2013-12-23,5.1,5.2,5.1,5.1,5026
2013-12-24,5.1,5.1,5.0,5.1,1930
2013-12-26,5.1,5.3,5.0,5.29,7110
2013-12-27,5.29,5.5,5.29,5.3,6494
2013-12-30,5.1,5.5,5.0,5.2,7224
2013-12-31,5.2,5.45,5.01,5.38,49515
2014-01-02,5.2,5.83,5.2,5.83,9516
2014-01-03,5.85,5.9,5.85,5.9,5642
2014-01-06,5.8,6.09,5.8,6.09,5390
2014-01-07,6.0,6.65,5.9,6.65,6103
2014-01-08,6.5,6.7,6.4,6.7,8837
2014-01-09,6.6,6.9,6.6,6.9,3700
2014-01-10,6.9,6.9,6.6,6.8,39090
2014-01-13,6.8,6.8,6.6,6.8,3800
2014-01-14,6.85,6.85,6.7,6.7,29780
2014-01-15,6.85,6.95,6.85,6.95,1261
2014-01-16,6.85,6.9,6.85,6.85,2876
2014-01-17,6.85,6.85,6.61,6.75,12045
2014-01-21,6.75,6.8,6.6,6.6,2941
2014-01-22,6.6,6.6,6.6,6.6,800
2014-01-23,6.6,6.6,6.2,6.22,5256
2014-01-24,6.3,6.3,5.42,5.94,7210
2014-01-27,5.8,5.8,5.75,5.8,2348
2014-01-28,5.8,5.9,5.75,5.75,2745
2014-01-29,5.8,6.0,5.41,6.0,2648
2014-01-30,6.0,6.0,5.8,6.0,3298
2014-01-31,6.0,6.0,6.0,6.0,2368
2014-02-03,5.8,6.05,5.8,6.0,19096
2014-02-04,5.8,5.8,5.6,5.8,323
2014-02-05,5.6,6.05,5.6,5.8,2950
2014-02-06,5.55,5.8,5.55,5.65,7950
2014-02-07,5.65,5.65,5.6,5.6,1400
2014-02-10,5.6,5.65,5.6,5.6,2150
2014-02-11,5.65,5.7,5.55,5.6,18195
2014-02-12,5.6,5.65,4.5,5.1,41808
2014-02-13,4.81,4.81,4.22,4.6,36308
2014-02-14,4.5,4.6,4.34,4.6,36419
2014-02-18,4.7,4.7,4.7,4.7,20410
2014-02-19,4.7,4.7,4.55,4.6,7110
2014-02-20,4.7,4.8,4.65,4.8,39116
2014-02-21,4.85,5.0,4.85,5.0,11021
2014-02-24,5.0,5.0,4.81,4.81,3506
2014-02-25,4.8,5.0,4.8,5.0,6855
2014-02-26,5.0,5.0,5.0,5.0,4150
2014-02-27,5.0,5.0,4.8,5.0,1964
2014-02-28,5.0,5.1,4.81,5.0,6241
2014-03-03,4.81,4.81,4.81,4.81,215
2014-03-04,5.0,5.0,5.0,5.0,15
2014-03-05,4.75,4.8,4.6,4.7,8844
2014-03-06,4.6,4.8,4.6,4.7,1818
2014-03-07,4.7,4.8,4.7,4.8,565
2014-03-10,4.7,4.8,4.52,4.8,2178
2014-03-11,4.99,5.4,4.75,4.9,55961
2014-03-12,4.85,5.09,4.8,4.9,7969
2014-03-13,4.97,4.97,4.71,4.71,599
2014-03-14,4.71,4.71,4.4,4.45,28619
2014-03-17,4.45,4.88,4.0,4.0,14605
2014-03-18,4.1,4.27,3.6,4.0,27742
2014-03-19,3.8,3.95,3.55,3.86,36554
2014-03-20,3.7,4.0,3.6,4.0,32683
2014-03-21,4.0,4.0,3.6,4.0,6345
2014-03-24,4.0,4.07,3.6,3.9,13880
2014-03-25,3.9,4.0,3.9,3.9,3160
2014-03-26,3.7,4.0,3.7,4.0,7410
2014-03-27,3.9,4.0,3.8,4.0,2040
2014-03-28,4.0,4.0,4.0,4.0,8974
2014-03-31,3.95,3.95,3.95,3.95,1000
2014-04-01,3.8,4.0,3.8,3.9,4457
2014-04-02,3.7,3.9,3.7,3.9,3029
2014-04-03,3.9,4.1,3.8,3.8,12052
2014-04-04,3.9,4.14,3.9,4.0,5400
2014-04-07,4.0,4.2,4.0,4.0,8459
2014-04-08,4.0,4.0,4.0,4.0,2266
2014-04-09,4.0,4.0,4.0,4.0,6000
2014-04-10,4.0,4.0,3.7,3.7,1184
2014-04-11,3.7,3.7,3.7,3.7,200
2014-04-14,3.6,3.6,3.15,3.6,10690
2014-04-15,3.5,4.65,3.5,4.5,13184
2014-04-16,4.4,4.7,4.4,4.7,3420
2014-04-17,4.7,4.7,4.4,4.45,4438
2014-04-21,4.5,4.7,4.4,4.7,1500
2014-04-22,4.7,4.7,4.5,4.5,950
2014-04-23,4.5,4.5,4.5,4.5,1018
2014-04-24,4.61,5.05,4.61,4.8,40001
2014-04-25,4.9,4.9,4.5,4.5,14160
2014-04-28,4.5,4.5,4.45,4.5,1660
2014-04-29,4.75,4.75,4.3,4.3,8783
2014-04-30,4.2,4.6,4.0,4.4,5565
2014-05-01,4.4,4.6,4.3,4.6,3300
2014-05-02,4.6,4.6,4.3,4.6,2639
2014-05-05,4.3,4.6,4.3,4.6,1152
2014-05-07,4.3,4.5,4.2,4.2,2235
2014-05-08,4.2,4.2,4.15,4.2,993
2014-05-09,4.1,4.1,3.7,3.8,6950
2014-05-12,3.8,4.0,3.7,4.0,12527
2014-05-13,4.0,4.3,3.9,4.3,35870
2014-05-14,4.4,4.4,3.4,3.5,12204
2014-05-15,3.6,4.15,3.51,3.51,7046
2014-05-16,3.6,3.6,2.9,3.5,58278
2014-05-19,3.4,4.2,3.4,4.2,7137
2014-05-20,3.9,4.0,3.9,4.0,790
2014-05-21,4.15,4.4,4.15,4.2,6930
2014-05-22,3.72,4.0,3.72,4.0,2400
2014-05-23,3.67,4.1,3.67,4.1,5170
2014-05-27,3.66,4.3,3.66,4.2,1450
2014-05-28,4.05,4.05,3.66,3.8,3005
2014-05-29,3.82,4.0,3.6,4.0,6892
2014-05-30,4.0,4.1,4.0,4.1,150
2014-06-02,4.3,4.3,3.7,3.95,3496
2014-06-03,3.75,3.75,3.75,3.75,200
2014-06-04,3.85,4.1,3.85,4.1,3500
2014-06-05,4.25,4.3,3.9,3.95,13368
2014-06-06,4.1,4.1,3.9,4.0,3020
2014-06-09,4.1,4.15,3.8,4.15,2427
2014-06-10,3.8,4.15,3.58,3.6,6741
2014-06-12,3.65,3.8,3.5,3.5,2492
2014-06-13,3.6,3.6,3.6,3.6,340
2014-06-16,3.6,3.8,3.6,3.8,1000
2014-06-17,3.5,4.1,3.5,3.5,3805
2014-06-18,3.65,3.65,3.0,3.45,15708
2014-06-19,3.49,4.1,3.49,3.8,5750
2014-06-20,4.0,4.3,3.9,4.25,7898
2014-06-23,4.2,4.2,3.91,4.15,2993
2014-06-24,3.85,4.15,3.85,4.15,728
2014-06-25,3.85,4.0,3.81,4.0,10644
2014-06-26,3.9,4.0,3.8,3.8,2605
2014-06-27,3.8,3.99,3.8,3.99,1230
2014-06-30,3.8,4.0,3.8,3.8,2575
2014-07-01,3.8,3.9,3.6,3.9,5121
2014-07-02,4.0,4.0,4.0,4.0,10
2014-07-03,3.8,3.8,3.6,3.6,200
2014-07-07,3.8,3.8,3.8,3.8,1400
2014-07-08,3.8,3.8,3.8,3.8,50
2014-07-09,3.8,3.8,3.6,3.6,150
2014-07-10,3.6,3.6,3.6,3.6,1020
2014-07-11,3.9,3.9,3.9,3.9,50
2014-07-14,3.7,3.7,3.7,3.7,500
2014-07-15,3.7,3.7,3.7,3.7,1867
2014-07-17,3.6,3.6,3.6,3.6,62
2014-07-21,3.7,4.2,3.7,4.05,6415
2014-07-22,4.2,4.35,4.05,4.1,24248
2014-07-23,4.35,4.35,4.1,4.2,2774
2014-07-24,4.4,4.4,4.11,4.2,6228
2014-07-25,4.3,4.35,4.3,4.35,12911
2014-07-28,4.35,4.35,4.1,4.1,3800
2014-07-29,4.23,4.23,4.11,4.2,2251
2014-07-30,4.15,4.2,4.0,4.1,10552
2014-07-31,4.1,4.1,3.8,4.0,7567
2014-08-01,4.0,4.0,3.9,3.9,1050
2014-08-04,3.9,3.9,3.8,3.8,1732
2014-08-05,3.8,3.95,3.75,3.9,2960
2014-08-06,3.9,3.95,3.9,3.9,3500
2014-08-07,3.9,3.9,3.87,3.87,1140
2014-08-08,3.85,3.9,3.85,3.9,3515
2014-08-11,3.85,3.9,3.85,3.9,1627
2014-08-12,3.88,3.9,3.88,3.9,650
2014-08-13,3.85,3.85,3.75,3.8,5209
2014-08-14,3.8,3.85,3.8,3.8,3508
2014-08-15,3.85,3.85,3.85,3.85,372
2014-08-18,3.85,3.85,3.7,3.7,868
2014-08-19,3.88,3.88,3.7,3.8,1443
2014-08-20,3.75,3.85,3.7,3.85,940
2014-08-21,3.7,3.85,3.7,3.85,602
2014-08-22,3.85,3.85,3.7,3.85,1347
2014-08-25,3.8,3.88,3.7,3.7,4639
2014-08-26,3.88,3.9,3.55,3.7,14126
2014-08-28,3.6,3.8,3.6,3.8,1658
2014-08-29,3.7,3.8,3.65,3.8,10996
2014-09-02,3.7,3.8,3.5,3.8,7273
2014-09-03,3.8,3.9,3.8,3.9,4560
2014-09-04,3.9,3.9,3.75,3.9,3875
2014-09-05,3.8,3.9,3.7,3.7,28253
2014-09-08,3.95,4.2,3.95,4.2,6215
2014-09-09,4.2,4.25,4.1,4.2,3460
2014-09-10,4.2,4.2,4.1,4.2,924
2014-09-11,4.1,4.1,4.1,4.1,200
2014-09-12,3.95,4.0,3.75,4.0,4075
2014-09-15,3.95,3.95,3.85,3.85,680
2014-09-16,3.8,3.82,3.75,3.82,5061
2014-09-17,3.8,3.8,3.4,3.5,10990
2014-09-18,3.4,3.7,3.25,3.6,9970
2014-09-19,3.6,3.6,3.46,3.5,10833
2014-09-22,3.5,3.65,3.41,3.5,13553
2014-09-23,3.52,3.52,3.4,3.5,54560
2014-09-24,3.55,3.55,3.55,3.55,1120
2014-09-25,3.55,3.55,3.4,3.5,4104
2014-09-26,3.55,3.7,3.4,3.7,3700
2014-09-29,3.7,3.8,3.45,3.8,925
2014-09-30,3.8,4.2,3.8,4.2,1012
2014-10-02,3.5,3.9,3.5,3.9,1760
2014-10-03,3.6,3.8,3.5,3.8,9845
2014-10-06,3.8,4.05,3.42,3.7,8845
2014-10-07,3.9,3.9,3.4,3.5,2022
2014-10-08,3.7,3.9,3.7,3.8,2900
2014-10-09,3.4,3.4,2.8,3.4,18414
2014-10-10,3.3,3.4,3.2,3.2,6970
2014-10-13,3.0,3.2,3.0,3.0,4465
2014-10-14,3.12,3.84,3.0,3.6,13922
2014-10-15,3.6,3.6,3.05,3.05,9700
2014-10-16,3.1,3.1,3.0,3.05,6241
2014-10-17,3.05,3.6,3.05,3.6,11260
2014-10-20,3.5,3.7,3.3,3.7,7079
2014-10-21,3.7,3.7,3.4,3.4,1925
2014-10-22,3.4,3.4,3.0,3.15,15545
2014-10-23,3.2,3.2,3.05,3.19,1123
2014-10-24,2.9,3.05,2.71,2.9,32943
2014-10-27,2.9,3.2,2.9,3.1,6129
2014-10-28,3.05,3.05,3.05,3.05,148
2014-10-29,3.0,3.1,3.0,3.1,8858
2014-10-30,3.15,3.15,2.5,3.0,19026
2014-10-31,3.0,3.0,2.95,2.95,8243
2014-11-03,2.99,2.99,2.95,2.95,2750
2014-11-04,2.8,2.94,2.7,2.85,30812
2014-11-05,2.8,3.2,2.72,3.0,82075
2014-11-06,3.2,3.3,3.1,3.1,22000
2014-11-07,3.2,3.2,3.2,3.2,250
2014-11-10,3.05,3.05,2.9,2.9,11000
2014-11-11,2.85,2.9,2.85,2.9,11430
2014-11-12,2.86,2.9,2.86,2.9,350
2014-11-13,2.9,2.9,2.9,2.9,5150
2014-11-14,2.9,2.9,2.7,2.7,17133
2014-11-17,2.5,2.75,2.5,2.7,4670
2014-11-18,2.8,2.8,2.6,2.6,5708
2014-11-19,2.6,2.65,2.6,2.6,6800
2014-11-20,2.6,2.65,2.6,2.65,1450
2014-11-21,2.8,2.8,2.3,2.6,28455
2014-11-24,2.6,2.6,2.3,2.31,23971
2014-11-25,2.5,2.6,2.45,2.5,2810
2014-11-26,2.45,2.6,2.45,2.53,50445
2014-11-28,2.55,2.55,2.32,2.4,13286
2014-12-01,2.5,2.7,2.5,2.7,1250
2014-12-02,2.8,2.8,2.55,2.55,5045
2014-12-03,2.6,2.61,2.55,2.55,1868
2014-12-04,2.4,2.6,2.4,2.6,450
2014-12-05,2.4,2.5,2.3,2.5,10242
2014-12-08,2.3,2.7,2.3,2.36,563
2014-12-09,2.36,2.5,2.36,2.5,600
2014-12-10,2.3,2.35,2.15,2.3,16135
2014-12-11,2.4,2.4,2.3,2.3,8384
2014-12-12,2.32,2.35,2.32,2.32,400
2014-12-15,2.35,2.35,2.3,2.3,21175
2014-12-16,2.35,2.4,2.3,2.4,7553
2014-12-17,2.45,2.45,2.25,2.35,14031
2014-12-18,2.35,2.35,2.2,2.2,13384
2014-12-19,2.3,2.45,2.21,2.45,33400
2014-12-22,2.4,2.4,2.3,2.3,25411
2014-12-23,2.25,2.35,2.15,2.15,29712
2014-12-24,2.2,2.3,2.2,2.3,5050
2014-12-26,2.3,2.3,2.15,2.3,39102
2014-12-29,2.3,2.3,1.7,1.7,174163
2014-12-30,1.55,1.9,1.55,1.9,19350
2014-12-31,2.0,2.1,1.87,2.05,6746
2015-01-02,2.0,2.0,2.0,2.0,250
2015-01-05,1.9,2.05,1.9,1.91,1340
2015-01-06,1.9,1.9,1.9,1.9,1760
2015-01-07,2.0,2.1,2.0,2.1,2320
2015-01-08,2.01,2.25,1.81,1.81,23601
2015-01-09,1.85,1.9,1.8,1.8,23069
2015-01-12,1.9,2.0,1.81,2.0,10170
2015-01-13,2.01,2.2,2.0,2.0,8400
2015-01-14,1.94,1.97,1.75,1.95,29833
2015-01-15,1.94,2.15,1.8,1.8,135091
2015-01-16,1.83,1.9,1.7,1.71,36642
2015-01-20,1.75,1.75,1.48,1.51,63625
2015-01-21,1.6,1.97,1.49,1.87,129154
2015-01-22,1.99,2.79,1.92,2.79,84955
2015-01-23,2.62,3.18,2.62,3.0,64640
2015-01-26,3.1,3.22,2.98,3.08,57890
2015-01-27,3.0,3.19,3.0,3.0,11139
2015-01-28,3.05,3.05,3.0,3.0,20958
2015-01-29,3.0,3.1,3.0,3.05,19524
2015-01-30,3.05,3.1,2.9,3.1,9061
2015-02-02,2.98,4.0,2.88,4.0,22195
2015-02-03,4.1,4.3,3.6,3.75,33528
2015-02-04,3.95,4.15,3.55,3.7,16970
2015-02-05,3.55,3.7,3.0,3.2,11650
2015-02-06,3.15,3.3,3.0,3.2,25933
2015-02-09,3.2,3.69,3.2,3.4,7337
2015-02-10,3.5,3.7,3.35,3.45,4748
2015-02-11,3.45,3.6,3.45,3.45,10464
2015-02-12,3.65,3.65,3.45,3.6,7454
2015-02-13,3.65,3.65,3.4,3.6,5059
2015-02-17,3.52,3.74,3.45,3.74,6229
2015-02-18,3.75,3.8,3.67,3.68,9000
2015-02-19,3.68,4.01,3.68,4.0,25017
2015-02-20,3.9,4.89,3.85,4.41,91887
2015-02-23,4.5,4.5,4.2,4.5,34414
2015-02-24,4.5,4.5,4.4,4.5,5462
2015-02-25,4.5,4.5,4.0,4.0,9489
2015-02-26,4.0,4.05,3.42,3.42,13282
2015-02-27,3.5,3.5,2.7,3.3,29042
2015-03-02,3.3,3.3,3.0,3.29,9293
2015-03-03,3.3,3.35,3.2,3.33,4564
2015-03-04,3.45,3.9,3.4,3.8,7014
2015-03-05,3.85,4.3,3.8,3.9,10870
2015-03-06,3.8,3.9,3.52,3.8,4940
2015-03-09,3.8,3.8,3.45,3.6,9709
2015-03-10,3.5,3.5,3.21,3.21,17012
2015-03-11,3.4,3.4,3.15,3.22,10669
2015-03-12,3.2,3.2,3.0,3.0,7280
2015-03-13,2.9,2.9,2.6,2.6,7564
2015-03-16,2.6,2.95,2.6,2.95,4910
2015-03-17,3.0,3.25,2.98,3.15,9410
2015-03-18,3.15,3.65,3.08,3.6,31105
2015-03-19,3.65,3.65,3.51,3.6,10986
2015-03-20,3.6,3.6,2.87,3.3,5618
2015-03-23,3.0,3.2,2.9,2.9,15590
2015-03-24,2.75,2.9,2.75,2.8,19891
2015-03-25,2.9,2.9,2.68,2.68,8089
2015-03-26,2.9,2.9,2.9,2.9,500
2015-03-27,2.9,2.9,2.6,2.72,51966
2015-03-30,2.8,2.8,2.65,2.65,13493
2015-03-31,2.9,3.0,2.9,3.0,2739
2015-04-01,3.0,3.0,2.9,2.9,2747
2015-04-02,2.9,3.22,2.9,3.22,14280
2015-04-06,3.9,3.9,3.4,3.4,29494
2015-04-07,3.5,3.6,3.4,3.5,7837
2015-04-08,3.52,3.6,3.5,3.5,12693
2015-04-09,3.35,3.9,3.16,3.55,20111
2015-04-10,3.65,3.75,3.2,3.26,9018
2015-04-13,3.35,3.35,3.2,3.25,13592
2015-04-14,3.3,3.3,3.0,3.0,15314
2015-04-15,3.1,3.45,3.1,3.15,2831
2015-04-16,3.15,3.3,2.92,2.92,14242
2015-04-17,3.25,3.26,2.9,2.95,8024
2015-04-20,2.95,3.13,2.95,3.13,4068
2015-04-21,3.18,3.3,3.11,3.18,18807
2015-04-22,3.25,3.4,3.2,3.3,18720
2015-04-23,3.37,3.4,3.25,3.3,20795
2015-04-24,3.3,3.3,3.01,3.08,3752
2015-04-27,3.07,3.18,3.0,3.0,660
2015-04-28,3.0,3.1,3.0,3.1,1333
2015-04-29,3.15,3.2,3.12,3.12,1609
2015-04-30,3.2,3.2,3.0,3.0,1607
2015-05-01,2.92,3.08,2.9,3.05,4342
2015-05-04,3.05,3.1,2.91,3.1,2864
2015-05-05,3.1,3.5,2.91,3.3,18060
2015-05-06,3.3,3.3,3.06,3.09,7177
2015-05-07,3.2,3.2,3.15,3.15,4726
2015-05-08,3.23,3.38,3.15,3.2,4300
2015-05-11,3.3,3.3,3.2,3.3,2865
2015-05-12,3.2,3.3,3.0,3.0,2871
2015-05-13,3.01,3.3,3.01,3.3,1076
2015-05-14,3.3,3.89,3.3,3.5,23468
2015-05-15,3.5,3.7,3.5,3.7,6345
2015-05-18,3.7,3.7,3.34,3.7,4348
2015-05-19,3.36,3.79,2.9,3.24,16380
2015-05-20,3.4,3.5,3.0,3.2,3870
2015-05-21,3.1,3.48,3.1,3.4,2188
2015-05-22,3.4,3.5,3.3,3.35,10179
2015-05-26,3.3,3.68,3.2,3.3,6030
2015-05-27,3.3,3.6,3.3,3.4,22477
2015-05-28,3.42,3.5,3.35,3.5,4844
2015-05-29,3.6,3.6,3.4,3.41,4590
2015-06-01,3.5,3.5,3.41,3.46,4280
2015-06-02,3.5,3.5,3.42,3.42,1000
2015-06-03,3.42,3.46,3.42,3.42,1330
2015-06-04,3.41,3.41,3.35,3.4,3360
2015-06-05,3.42,3.69,3.4,3.45,10837
2015-06-08,3.5,3.5,3.42,3.42,2880
2015-06-09,3.42,3.65,3.42,3.62,15924
2015-06-10,3.75,3.88,3.7,3.8,25445
2015-06-11,3.76,3.85,3.76,3.85,6703
2015-06-12,3.85,3.88,3.75,3.87,7285
2015-06-15,3.89,3.9,3.85,3.86,12894
2015-06-16,3.86,3.9,3.85,3.88,5181
2015-06-17,3.85,3.9,3.85,3.9,4620
2015-06-18,3.9,3.9,3.52,3.6,8425
2015-06-19,3.5,3.7,3.5,3.6,2982
2015-06-22,3.6,3.9,3.6,3.82,3312
2015-06-23,3.91,3.91,3.7,3.75,26980
2015-06-24,3.82,3.82,3.5,3.5,14489
2015-06-25,3.55,3.8,3.5,3.5,19694
2015-06-26,3.6,3.62,3.51,3.55,6767
2015-06-29,3.5,3.55,3.4,3.5,7070
2015-06-30,3.4,3.9,3.4,3.6,15230
2015-07-01,3.8,3.9,3.55,3.85,18102
2015-07-02,3.8,3.9,3.78,3.88,6895
2015-07-06,3.95,4.1,3.88,4.1,25711
2015-07-07,4.2,4.5,4.07,4.4,46789
2015-07-08,4.35,4.42,4.1,4.1,25718
2015-07-09,4.15,4.39,4.1,4.15,24061
2015-07-10,4.13,4.25,4.1,4.2,10157
2015-07-13,4.2,4.42,4.13,4.2,15629
2015-07-14,4.2,4.25,4.06,4.12,12211
2015-07-15,4.12,4.12,3.75,3.75,13284
2015-07-16,3.8,3.98,3.8,3.98,7983
2015-07-17,3.98,4.22,3.95,4.2,21140
2015-07-20,4.22,4.3,4.05,4.2,28780
2015-07-21,4.2,4.25,3.87,4.0,11959
2015-07-22,4.0,4.1,3.9,3.9,4902
2015-07-23,3.8,3.8,3.55,3.73,14450
2015-07-24,3.55,3.75,3.55,3.75,6779
2015-07-27,3.75,3.75,3.55,3.69,3862
2015-07-28,3.69,3.69,3.55,3.69,1430
2015-07-29,3.69,3.69,3.01,3.4,23316
2015-07-30,3.52,3.85,3.46,3.65,2440
2015-07-31,3.7,4.15,3.65,4.1,5466
2015-08-03,4.15,4.63,4.0,4.2,23688
2015-08-04,4.1,4.34,4.0,4.3,8154
2015-08-05,4.1,4.1,3.79,3.86,4974
2015-08-06,3.98,4.0,3.72,3.98,5914
2015-08-07,3.7,3.95,3.62,3.85,3681
2015-08-10,4.18,4.18,3.3,3.5,13429
2015-08-11,3.7,3.9,3.51,3.9,11027
2015-08-12,3.9,3.9,3.56,3.71,14439
2015-08-13,3.8,4.09,3.7,3.75,16922
2015-08-14,3.95,4.15,3.76,3.76,30942
2015-08-17,3.95,4.0,3.8,3.8,9832
2015-08-18,3.9,4.0,3.88,3.95,11706
2015-08-19,3.95,3.95,3.9,3.95,3457
2015-08-20,3.93,3.95,3.85,3.88,18478
2015-08-21,3.75,3.76,3.47,3.59,13942
2015-08-24,3.26,3.79,2.66,3.54,23556
2015-08-25,3.36,3.8,3.36,3.77,19546
2015-08-26,3.74,3.9,3.74,3.88,28834
2015-08-27,3.87,3.9,3.5,3.7,14414
2015-08-28,3.84,3.85,3.7,3.76,26138
2015-08-31,3.85,3.9,3.63,3.87,10875
2015-09-01,3.78,3.89,3.77,3.89,3456
2015-09-02,3.9,4.09,3.81,4.05,32528
2015-09-03,4.03,4.11,4.03,4.11,3438
2015-09-04,4.29,4.29,3.81,4.08,34074
2015-09-08,4.11,4.29,4.1,4.25,53867
2015-09-09,4.25,4.3,4.24,4.28,19225
2015-09-10,4.26,4.73,4.01,4.73,44043
2015-09-11,4.85,5.68,4.85,5.59,103160
2015-09-14,5.6,6.11,5.37,6.0,132675
2015-09-15,6.01,6.15,4.62,4.75,83166
2015-09-16,5.38,5.38,5.01,5.23,43753
2015-09-17,5.2,5.2,4.87,5.07,45902
2015-09-18,5.07,5.07,4.8,4.99,284396
2015-09-21,5.05,5.5,5.0,5.32,40460
2015-09-22,5.21,5.25,5.0,5.02,9269
2015-09-23,5.15,5.33,4.93,5.31,4771
2015-09-24,5.07,5.13,4.89,5.02,5361
2015-09-25,5.04,5.06,4.5,4.62,55632
2015-09-28,4.61,4.82,4.22,4.25,26218
2015-09-29,3.62,4.25,3.62,3.9,44023
2015-09-30,3.98,4.13,3.98,4.0,10085
2015-10-01,3.95,3.98,3.63,3.93,35280
2015-10-02,3.61,3.97,3.6,3.78,34700
2015-10-05,3.68,3.73,3.6,3.67,10789
2015-10-06,3.56,3.64,3.25,3.5,24960
2015-10-07,3.47,3.8,3.47,3.57,31662
2015-10-08,3.64,3.68,3.17,3.56,47562
2015-10-09,3.46,3.46,3.1,3.19,43947
2015-10-12,3.13,3.15,3.0,3.01,19590
2015-10-13,3.04,3.1,2.96,3.03,36460
2015-10-14,3.09,3.09,2.99,3.05,10892
2015-10-15,3.1,3.1,2.95,3.04,35155
2015-10-16,2.96,3.49,2.9,3.49,26931
2015-10-19,3.49,3.94,3.49,3.63,52685
2015-10-20,3.72,3.73,3.42,3.61,25985
2015-10-21,3.39,3.73,3.39,3.64,14726
2015-10-22,3.7,3.8,3.38,3.45,30815
2015-10-23,3.44,3.72,3.44,3.72,12808
2015-10-26,3.7,3.7,3.5,3.64,8860
2015-10-27,3.62,3.62,3.52,3.52,8458
2015-10-28,3.54,3.62,3.54,3.59,9121
2015-10-29,3.6,3.7,3.6,3.65,14217
2015-10-30,3.66,3.66,3.53,3.59,5621
2015-11-02,3.52,3.6,3.52,3.59,5584
2015-11-03,3.5,3.59,3.49,3.58,12641
2015-11-04,3.67,3.67,3.52,3.64,18841
2015-11-05,3.51,3.63,3.51,3.63,5923
2015-11-06,3.67,3.67,3.52,3.55,30969
2015-11-09,3.5,3.69,3.5,3.51,16192
2015-11-10,3.53,3.71,3.5,3.6,35114
2015-11-11,3.6,3.6,3.53,3.54,9492
2015-11-12,3.52,3.55,3.52,3.53,4236
2015-11-13,3.56,3.6,3.52,3.52,18145
2015-11-16,3.5,3.52,3.35,3.36,5251
2015-11-17,3.4,3.54,2.88,3.18,36637
2015-11-18,3.19,3.27,2.96,3.05,18116
2015-11-19,3.0,3.18,2.69,2.92,29957
2015-11-20,2.88,2.96,2.55,2.89,26604
2015-11-23,2.96,3.01,2.82,2.98,3577
2015-11-24,2.71,3.01,2.71,2.96,5954
2015-11-25,2.96,3.03,2.72,2.86,22183
2015-11-27,2.86,2.86,2.77,2.77,899
2015-11-30,2.75,2.78,2.59,2.69,12356
2015-12-01,2.63,2.63,2.41,2.41,31305
2015-12-02,2.4,2.61,2.35,2.35,14095
2015-12-03,2.38,2.64,2.28,2.54,9819
2015-12-04,2.59,2.64,2.4,2.64,2046
2015-12-07,2.63,3.24,2.46,2.77,70770
2015-12-08,2.8,3.5,2.8,2.95,136624
2015-12-09,3.0,3.56,2.95,3.1,61244
2015-12-10,3.1,3.1,2.8,3.0,79463
2015-12-11,2.87,2.9,2.55,2.58,29919
2015-12-14,2.52,2.81,2.39,2.4,39035
2015-12-15,2.35,2.4,2.26,2.29,27036
2015-12-16,2.25,2.45,2.12,2.19,32794
2015-12-17,2.49,2.49,2.21,2.32,51415
2015-12-18,2.4,2.43,2.3,2.3,37995
2015-12-21,2.4,2.44,2.17,2.26,19846
2015-12-22,2.24,2.39,2.2,2.3,11073
2015-12-23,2.39,2.45,2.23,2.3,25271
2015-12-24,2.4,2.52,2.36,2.47,15065
2015-12-28,2.63,2.63,2.36,2.44,18320
2015-12-29,2.48,2.63,2.28,2.39,26285
2015-12-30,2.4,2.41,2.19,2.22,40849
2015-12-31,2.2,2.22,2.01,2.08,79581
2016-01-04,2.5,2.5,2.01,2.07,16975
2016-01-05,2.0,2.24,1.55,2.09,18337
2016-01-06,2.24,2.3,1.95,2.11,12987
2016-01-07,2.02,2.28,1.92,2.1,43969
2016-01-08,2.32,2.32,2.03,2.03,5703
2016-01-11,2.1,2.1,1.89,1.93,20786
2016-01-12,2.05,2.1,1.93,1.99,9934
2016-01-13,2.05,2.08,1.78,1.78,39015
2016-01-14,1.85,2.05,1.85,1.95,13009
2016-01-15,2.0,2.04,1.61,1.82,35637
2016-01-19,1.86,2.03,1.67,1.83,10729
2016-01-20,2.04,2.04,1.66,1.66,25075
2016-01-21,1.7,1.99,1.7,1.86,19295
2016-01-22,2.0,2.0,1.77,1.85,15017
2016-01-25,1.9,2.07,1.9,2.07,17867
2016-01-26,2.16,2.58,1.97,2.49,75261
2016-01-27,2.62,2.62,2.5,2.51,18555
2016-01-28,2.56,2.63,2.5,2.54,16612
2016-01-29,2.5,2.59,2.5,2.5,18185
2016-02-01,2.45,2.51,2.16,2.51,37823
2016-02-02,2.4,2.5,2.4,2.49,12434
2016-02-03,2.5,2.55,2.41,2.41,11640
2016-02-04,2.42,2.65,2.42,2.47,23078
2016-02-05,2.45,2.48,2.45,2.48,1137
2016-02-08,2.5,2.53,2.5,2.53,15725
2016-02-09,2.55,2.64,2.55,2.55,17417
2016-02-10,2.65,3.79,2.65,2.86,452001
2016-02-11,2.86,2.99,2.76,2.84,40695
2016-02-12,2.91,2.91,2.66,2.75,45075
2016-02-16,2.67,2.79,2.4,2.47,26556
2016-02-17,2.4,2.49,2.28,2.45,36362
2016-02-18,2.25,2.44,2.25,2.35,1146
2016-02-19,2.35,2.8,2.35,2.68,72879
2016-02-22,2.75,2.76,2.45,2.73,15989
2016-02-23,2.77,2.9,2.61,2.88,41615
2016-02-24,2.82,2.82,2.65,2.81,43002
2016-02-25,2.72,2.89,2.6,2.74,47179
2016-02-26,2.66,2.84,2.6,2.84,55292
2016-02-29,2.8,2.92,2.79,2.79,40415
2016-03-01,2.87,2.87,2.8,2.84,5329
2016-03-02,2.84,2.95,2.67,2.95,23670
2016-03-03,2.91,2.91,2.77,2.77,7265
2016-03-04,2.89,2.9,2.71,2.79,12277
2016-03-07,2.89,2.89,2.63,2.63,10974
2016-03-08,2.74,2.79,2.69,2.74,28347
2016-03-09,2.74,2.74,2.63,2.74,3737
2016-03-10,2.8,2.8,2.48,2.48,10001
2016-03-11,2.48,2.49,2.34,2.45,5656
2016-03-14,2.5,2.5,2.4,2.45,12075
2016-03-15,2.36,2.49,2.23,2.49,13806
2016-03-16,2.44,2.47,2.39,2.44,2089
2016-03-17,2.39,2.45,2.32,2.39,11620
2016-03-18,2.4,2.4,2.38,2.38,975
2016-03-21,2.39,2.5,2.24,2.47,11124
2016-03-22,2.48,2.55,2.43,2.5,24268
2016-03-23,2.49,2.5,2.45,2.5,6183
2016-03-24,2.52,2.85,2.52,2.79,14900
2016-03-28,2.79,2.9,2.54,2.75,14638
2016-03-29,2.67,2.9,2.62,2.71,78993
2016-03-30,2.75,2.8,2.66,2.72,32073
2016-03-31,2.65,2.72,2.52,2.55,7765
2016-04-01,2.57,2.89,2.55,2.65,7713
2016-04-04,2.86,2.86,2.7,2.79,19828
2016-04-05,2.45,2.8,2.45,2.72,3819
2016-04-06,2.79,2.8,2.51,2.56,15338
2016-04-07,2.54,2.69,2.5,2.63,14179
2016-04-08,2.7,2.85,2.56,2.85,32392
2016-04-11,2.8,2.87,2.75,2.83,60690
2016-04-12,2.85,2.85,2.65,2.72,248997
2016-04-13,2.71,2.72,2.49,2.52,70506
2016-04-14,2.55,2.64,2.52,2.59,7505
2016-04-15,2.55,2.68,2.55,2.6,16326
2016-04-18,2.58,2.75,2.58,2.6,31575
2016-04-19,2.58,2.72,2.58,2.65,46141
2016-04-20,2.69,2.77,2.63,2.75,51807
2016-04-21,2.75,2.83,2.46,2.62,104191
2016-04-22,2.54,2.8,2.54,2.74,34657
2016-04-25,2.77,3.08,2.77,2.88,107980
2016-04-26,2.99,3.0,2.94,2.98,39480
2016-04-27,3.01,3.01,2.81,3.0,13724
2016-04-28,3.0,3.01,2.81,2.99,26334
2016-04-29,3.01,3.02,2.97,3.02,28577
2016-05-02,3.04,3.04,2.98,2.98,43047
2016-05-03,3.0,3.01,2.87,3.01,7506
2016-05-04,2.86,3.26,2.86,3.25,14710
2016-05-05,3.25,3.25,2.81,3.19,41752
2016-05-06,3.18,3.26,3.18,3.26,15278
2016-05-09,3.18,3.18,2.97,2.97,10988
2016-05-10,3.0,3.1,2.97,3.0,8905
2016-05-11,3.09,3.09,2.97,3.0,24142
2016-05-12,3.09,3.18,2.94,2.97,59358
2016-05-13,3.06,3.06,2.82,3.0,40203
2016-05-16,3.08,3.08,2.89,2.9,7221
2016-05-17,3.09,3.09,2.88,2.98,25344
2016-05-18,3.0,3.0,2.75,2.81,21192
2016-05-19,2.81,2.85,2.81,2.84,4626
2016-05-20,2.89,2.9,2.82,2.83,20207
2016-05-23,2.83,2.84,2.79,2.79,5653
2016-05-24,2.76,2.79,2.66,2.66,39185
2016-05-25,2.81,2.85,2.75,2.75,15038
2016-05-26,2.78,2.89,2.77,2.88,23852
2016-05-27,2.82,3.01,2.82,2.97,41461
2016-05-31,2.91,3.09,2.91,2.99,46880
2016-06-01,2.99,3.09,2.86,3.05,22580
2016-06-02,2.92,3.1,2.8,3.02,152061
2016-06-03,3.04,3.18,3.04,3.16,35552
2016-06-06,3.17,3.18,3.07,3.07,45186
2016-06-07,3.09,3.25,2.95,3.11,98342
2016-06-08,3.12,3.26,3.07,3.21,62783
2016-06-09,3.21,3.21,3.12,3.17,21816
2016-06-10,3.2,3.46,3.2,3.29,73391
2016-06-13,3.38,3.58,3.36,3.45,67543
2016-06-14,3.5,3.66,3.45,3.64,66101
2016-06-15,3.64,3.75,3.63,3.74,61275
2016-06-16,3.72,3.72,3.34,3.54,14972
2016-06-17,3.41,3.49,3.31,3.46,25139
2016-06-20,3.38,3.49,3.33,3.4,11724
2016-06-21,3.2,3.4,3.2,3.27,9716
2016-06-22,3.3,3.33,3.2,3.2,30569
2016-06-23,3.13,3.43,3.11,3.32,25528
2016-06-24,3.28,3.28,3.24,3.24,12931
2016-06-27,3.16,3.27,3.16,3.26,15294
2016-06-28,3.31,3.42,3.23,3.42,14617
2016-06-29,3.38,3.7,3.38,3.7,45402
2016-06-30,3.64,3.86,3.62,3.62,61728
2016-07-01,3.64,4.1,3.64,3.97,52590
2016-07-05,3.9,3.98,3.75,3.76,13660
2016-07-06,3.83,4.05,3.77,3.91,37997
2016-07-07,3.91,4.5,3.86,4.5,122897
2016-07-08,4.55,4.59,4.11,4.3,57304
2016-07-11,4.33,4.41,4.21,4.36,31112
2016-07-12,4.32,4.39,4.19,4.39,29215
2016-07-13,4.26,4.4,4.22,4.25,16611
2016-07-14,4.25,4.52,4.18,4.3,50595
2016-07-15,4.3,4.35,4.19,4.25,22624
2016-07-18,4.2,4.25,4.14,4.2,21630
2016-07-19,4.17,4.17,3.76,4.02,22531
2016-07-20,4.06,4.1,4.01,4.04,7285
2016-07-21,4.04,4.04,3.89,3.96,14540
2016-07-22,3.88,3.97,3.82,3.82,15064
2016-07-25,3.81,3.92,3.67,3.84,35788
2016-07-26,3.81,4.02,3.69,4.0,75293
2016-07-27,3.95,4.03,3.8,3.99,1738
2016-07-28,3.92,4.04,3.85,4.02,27071
2016-07-29,3.91,4.02,3.91,4.02,6001
2016-08-01,4.01,4.18,3.94,4.17,21831
2016-08-02,4.09,4.17,4.04,4.05,21958
2016-08-03,3.81,4.17,3.81,4.17,11653
2016-08-04,4.2,4.28,3.77,3.88,43966
2016-08-05,3.95,4.14,3.8,3.92,18615
2016-08-08,3.91,3.95,3.75,3.94,5699
2016-08-09,3.91,4.0,3.81,3.81,15584
2016-08-10,3.85,4.06,3.85,4.06,39876
2016-08-11,4.03,4.08,4.01,4.03,10586
2016-08-12,4.08,4.2,3.95,4.18,73658
2016-08-15,4.18,4.18,4.04,4.09,41912
2016-08-16,4.75,6.08,4.75,5.4,3936712
2016-08-17,5.6,5.62,5.03,5.09,343091
2016-08-18,5.1,5.23,4.85,5.2,246464
2016-08-19,5.21,5.45,5.05,5.15,169189
2016-08-22,5.04,5.3,5.03,5.1,86148
2016-08-23,5.25,5.35,5.01,5.09,88048
2016-08-24,5.13,5.13,4.75,4.84,79588
2016-08-25,4.8,5.02,4.69,4.73,51258
2016-08-26,4.61,5.06,4.61,5.06,64480
2016-08-29,5.2,5.2,4.97,5.04,113771
2016-08-30,5.02,5.1,4.98,5.03,24869
2016-08-31,5.07,5.15,4.91,5.06,68770
2016-09-01,5.04,5.15,4.77,5.15,95848
2016-09-02,5.19,5.22,5.04,5.15,52936
2016-09-06,5.13,5.2,5.1,5.15,80895
2016-09-07,5.2,5.2,4.97,5.02,70887
2016-09-08,5.03,5.15,4.93,5.05,73267
2016-09-09,5.09,5.14,4.87,4.99,32400
2016-09-12,4.95,5.13,4.86,5.09,58098
2016-09-13,5.08,5.08,4.58,4.65,65557
2016-09-14,4.68,4.81,4.52,4.62,61862
2016-09-15,4.63,4.83,4.35,4.45,117757
2016-09-16,3.85,4.62,3.75,4.49,1229995
2016-09-19,4.46,4.6,4.36,4.53,210283
2016-09-20,4.56,4.59,4.33,4.43,128555
2016-09-21,4.49,4.5,4.35,4.46,76969
2016-09-22,4.44,4.48,4.23,4.37,147808
2016-09-23,4.32,4.37,4.2,4.23,112218
2016-09-26,4.2,4.4,4.16,4.29,79296
2016-09-27,4.31,4.47,4.25,4.32,76597
2016-09-28,4.36,4.53,4.32,4.44,30024
2016-09-29,4.47,4.49,4.3,4.34,50136
2016-09-30,4.44,4.54,4.29,4.4,66292
2016-10-03,4.42,5.16,4.42,4.89,295665
2016-10-04,4.95,4.95,4.52,4.76,148595
2016-10-05,4.79,5.05,4.53,4.9,159586
2016-10-06,4.9,5.03,4.72,5.03,79460
2016-10-07,5.05,5.35,4.93,5.35,228445
2016-10-10,5.49,5.69,5.35,5.6,233742
2016-10-11,5.54,5.62,5.03,5.21,104798
2016-10-12,5.25,5.39,5.05,5.1,67235
2016-10-13,5.12,5.3,4.8,5.19,83177
2016-10-14,5.33,5.38,5.04,5.17,48633
2016-10-17,5.39,5.39,5.08,5.24,80636
2016-10-18,5.26,5.26,5.17,5.25,35432
2016-10-19,5.27,5.27,5.02,5.06,54643
2016-10-20,4.99,5.13,4.99,5.04,34003
2016-10-21,5.04,5.17,4.99,5.14,54975
2016-10-24,5.14,5.32,5.13,5.26,116834
2016-10-25,5.2,5.28,5.05,5.1,37455
2016-10-26,5.0,5.22,4.95,5.01,76921
2016-10-27,5.0,5.21,4.91,5.03,81077
2016-10-28,5.13,5.17,4.9,4.92,95861
2016-10-31,4.85,4.89,4.75,4.8,98077
2016-11-01,4.78,5.01,4.56,4.61,139282
2016-11-02,4.62,4.99,4.62,4.74,111186
2016-11-03,4.78,4.95,4.45,4.5,163933
2016-11-04,4.47,4.92,4.46,4.5,128950
2016-11-07,4.64,4.73,4.54,4.55,101088
2016-11-08,4.57,4.98,4.53,4.73,127385
2016-11-09,4.67,5.09,4.61,5.01,201579
2016-11-10,5.09,5.14,4.9,5.07,164810
2016-11-11,5.07,5.26,4.95,5.21,84985
2016-11-14,5.6,5.75,5.25,5.34,377572
2016-11-15,5.36,5.36,4.36,4.59,684350
2016-11-16,4.68,4.68,4.43,4.46,159493
2016-11-17,4.45,4.53,3.91,3.94,538984
2016-11-18,3.98,4.1,3.85,3.92,147531
2016-11-21,4.0,4.08,3.51,3.6,514910
2016-11-22,3.69,3.78,3.61,3.68,201332
2016-11-23,3.65,3.76,3.65,3.66,58382
2016-11-25,3.65,3.73,3.64,3.69,35902
2016-11-28,3.65,3.73,3.5,3.63,146507
2016-11-29,3.6,3.73,3.6,3.63,101351
2016-11-30,3.64,3.64,3.48,3.55,179333
2016-12-01,3.59,3.62,3.35,3.49,148416
2016-12-02,3.52,3.52,3.33,3.42,89262
2016-12-05,3.42,3.62,3.37,3.48,117456
2016-12-06,3.46,3.67,3.44,3.51,84364
2016-12-07,3.48,3.64,3.45,3.49,92725
2016-12-08,3.51,3.59,3.4,3.41,41833
2016-12-09,3.4,3.47,3.32,3.39,58085
2016-12-12,3.47,3.54,3.08,3.15,162325
2016-12-13,3.15,3.32,3.08,3.24,239425
2016-12-14,3.24,3.29,3.19,3.19,111248
2016-12-15,3.19,3.2,3.14,3.16,41284
2016-12-16,3.15,3.2,2.91,2.98,148355
2016-12-19,2.95,3.14,2.84,3.02,175520
2016-12-20,3.08,3.08,2.86,3.02,168017
2016-12-21,3.05,3.41,2.98,3.31,134606
2016-12-22,3.33,3.52,3.33,3.46,177704
2016-12-23,3.51,3.51,3.32,3.4,102013
2016-12-27,3.37,3.46,3.33,3.46,75250
2016-12-28,3.5,3.58,3.48,3.5,154972
2016-12-29,3.51,3.78,3.51,3.69,106941
2016-12-30,3.7,3.7,3.6,3.69,122097
2017-01-03,3.16,3.22,2.41,2.5,1153613
2017-01-04,2.56,2.7,2.44,2.53,306228
2017-01-05,2.58,2.6,2.42,2.47,149847
2017-01-06,2.53,2.53,2.34,2.34,185525
2017-01-09,2.34,2.36,2.15,2.27,172858
2017-01-10,2.15,2.44,2.15,2.37,195753
2017-01-11,2.39,2.42,2.22,2.3,96476
2017-01-12,2.28,2.38,2.22,2.36,103208
2017-01-13,2.39,2.39,2.3,2.36,29364
2017-01-17,2.36,2.54,2.36,2.5,248832
2017-01-18,2.49,2.5,2.38,2.41,183381
2017-01-19,2.43,2.44,2.3,2.33,77307
2017-01-20,2.34,2.34,2.27,2.32,53404
2017-01-23,2.34,2.46,2.27,2.4,47610
2017-01-24,2.45,2.5,2.41,2.44,100480
2017-01-25,2.43,2.45,2.4,2.44,93531
2017-01-26,2.42,2.48,2.41,2.45,44355
2017-01-27,2.45,2.45,2.41,2.42,164724
2017-01-30,2.42,2.42,2.19,2.22,146199
2017-01-31,2.18,2.29,2.05,2.21,173946
2017-02-01,2.2,2.25,2.17,2.22,67435
2017-02-02,2.22,2.24,2.2,2.22,102468
2017-02-03,2.21,2.23,2.17,2.2,42626
2017-02-06,2.21,2.39,2.21,2.26,54832
2017-02-07,2.28,2.35,2.27,2.3,35479
2017-02-08,2.32,2.32,2.15,2.17,53271
2017-02-09,2.17,2.27,2.17,2.21,58676
2017-02-10,2.19,2.24,2.15,2.18,44034
2017-02-13,2.19,2.24,2.15,2.18,30844
2017-02-14,2.2,2.3,2.18,2.25,61962
2017-02-15,2.23,2.28,2.19,2.21,33015
2017-02-16,2.18,2.27,2.18,2.21,41628
2017-02-17,2.23,2.29,2.21,2.29,20886
2017-02-21,2.05,2.21,1.97,2.21,205310
2017-02-22,2.17,2.23,2.1,2.18,52256
2017-02-23,2.18,2.22,2.12,2.12,47033
2017-02-24,2.08,2.12,2.08,2.12,46464
2017-02-27,2.1,2.18,2.05,2.1,142210
2017-02-28,2.06,2.1,1.9,1.93,205513
2017-03-01,1.94,2.0,1.93,1.95,681849
2017-03-02,1.98,2.15,1.98,2.08,1660223
2017-03-03,2.06,2.14,1.99,1.99,89209
2017-03-06,1.99,1.99,1.87,1.91,121194
2017-03-07,1.9,1.99,1.88,1.94,115968
2017-03-08,1.95,1.98,1.71,1.86,129633
2017-03-09,1.86,2.13,1.76,2.08,172630
2017-03-10,2.11,2.28,2.06,2.14,209401
2017-03-13,2.17,2.28,2.1,2.22,66319
2017-03-14,2.21,2.27,2.19,2.24,61531
2017-03-15,2.24,2.27,2.15,2.17,63535
2017-03-16,2.13,2.23,2.02,2.18,112304
2017-03-17,2.2,2.48,2.16,2.42,308086
2017-03-20,2.39,2.42,2.15,2.24,165635
2017-03-21,2.3,2.39,2.27,2.3,66313
2017-03-22,2.27,2.27,2.11,2.23,55448
2017-03-23,2.21,2.35,2.19,2.31,43325
2017-03-24,2.36,2.36,2.25,2.31,27664
2017-03-27,2.27,2.49,2.25,2.43,111082
2017-03-28,2.55,2.65,2.37,2.41,198008
2017-03-29,2.39,2.8,2.39,2.8,308023
2017-03-30,2.9,2.94,2.65,2.67,191071
2017-03-31,2.67,2.71,2.49,2.57,77879
2017-04-03,2.6,2.6,2.5,2.56,154182
2017-04-04,2.48,2.64,2.24,2.49,165829
2017-04-05,2.45,2.58,2.3,2.3,126875
2017-04-06,2.25,2.34,2.21,2.27,42428
2017-04-07,2.2,2.35,2.11,2.11,105663
2017-04-10,2.06,3.35,2.06,3.12,1038539
2017-04-11,2.71,2.95,2.57,2.77,386684
2017-04-12,2.82,2.82,2.64,2.78,66111
2017-04-13,2.89,2.89,2.56,2.59,76128
2017-04-17,2.56,2.74,2.55,2.55,58719
2017-04-18,2.52,2.65,2.52,2.6,60626
2017-04-19,2.6,2.63,2.52,2.58,56135
2017-04-20,2.59,2.74,2.56,2.7,27734
2017-04-21,2.76,2.76,2.56,2.61,44613
2017-04-24,2.66,2.82,2.63,2.76,63135
2017-04-25,2.81,2.98,2.71,2.72,245664
2017-04-26,2.73,2.78,2.57,2.62,40873
2017-04-27,2.8,2.8,2.54,2.64,147953
2017-04-28,2.6,2.71,2.55,2.6,87871
2017-05-01,2.6,2.6,2.45,2.49,101500
2017-05-02,2.5,2.72,2.48,2.58,92809
2017-05-03,2.67,2.99,2.57,2.77,143986
2017-05-04,3.0,3.3,2.9,2.98,547786
2017-05-05,3.06,3.25,3.03,3.25,635580
2017-05-08,3.25,3.79,3.17,3.78,738030
2017-05-09,3.83,4.08,3.6,3.84,333350
2017-05-10,3.81,4.2,3.63,3.93,333012
2017-05-11,3.93,4.02,3.62,3.74,190022
2017-05-12,3.7,3.75,3.51,3.62,111187
2017-05-15,3.64,3.94,3.6,3.9,182998
2017-05-16,3.87,4.24,3.61,4.19,294011
2017-05-17,4.17,4.45,3.9,4.33,511371
2017-05-18,4.31,4.49,4.15,4.37,362968
2017-05-19,4.31,4.38,4.09,4.29,182956
2017-05-22,4.25,4.29,3.85,4.01,142123
2017-05-23,4.02,4.35,3.98,4.21,160599
2017-05-24,4.19,4.2,4.04,4.16,75766
2017-05-25,4.17,4.17,3.92,4.0,183886
2017-05-26,3.98,4.05,3.85,3.96,73410
2017-05-30,3.93,4.04,3.91,4.04,65262
2017-05-31,4.0,4.09,3.98,4.05,80654
2017-06-01,4.01,4.28,3.94,3.94,135251
2017-06-02,3.94,4.0,3.94,3.96,105616
2017-06-05,3.88,3.91,3.55,3.56,221909
2017-06-06,3.61,3.62,3.32,3.58,132323
2017-06-07,3.58,3.62,3.38,3.55,84356
2017-06-08,3.59,3.7,3.55,3.61,75284
2017-06-09,3.65,3.74,3.6,3.7,84859
2017-06-12,3.59,3.7,3.44,3.48,247385
2017-06-13,3.43,3.49,3.32,3.42,70756
2017-06-14,3.39,3.52,3.15,3.5,131642
2017-06-15,3.5,3.58,3.35,3.51,139780
2017-06-16,3.48,3.52,3.31,3.46,68620
2017-06-19,3.49,3.6,3.39,3.56,48518
2017-06-20,3.53,3.6,3.35,3.41,28655
2017-06-21,3.39,3.59,3.38,3.58,51827
2017-06-22,3.59,3.65,3.51,3.64,40610
2017-06-23,3.61,3.67,3.51,3.66,80116
2017-06-26,3.66,3.8,3.63,3.8,100585
2017-06-27,3.78,3.96,3.76,3.88,110254
2017-06-28,3.88,3.9,3.82,3.88,54337
2017-06-29,3.89,3.89,3.73,3.75,31020
2017-06-30,3.75,3.75,3.63,3.71,42946
2017-07-03,3.73,3.96,3.73,3.9,20697
2017-07-05,3.84,4.4,3.84,4.18,234085
2017-07-06,4.2,5.38,4.14,4.96,855951
2017-07-07,5.2,5.2,4.62,4.7,222000
2017-07-10,4.74,5.18,4.74,4.99,156682
2017-07-11,5.0,5.03,4.75,4.9,59627
2017-07-12,4.88,5.12,4.77,4.96,96372
2017-07-13,4.96,4.96,4.85,4.85,108552
2017-07-14,4.77,4.94,4.77,4.85,63081
2017-07-17,4.9,5.4,4.8,5.04,365891
2017-07-18,5.0,5.4,4.87,5.11,96749
2017-07-19,5.02,5.95,5.01,5.74,590277
2017-07-20,5.87,6.09,5.21,5.5,441228
2017-07-21,5.5,6.48,5.5,6.13,831210
2017-07-24,5.55,6.45,5.3,6.01,604547
2017-07-25,5.95,6.02,5.66,5.73,135338
2017-07-26,5.79,5.84,5.06,5.12,456727
2017-07-27,5.08,5.43,4.9,4.94,204957
2017-07-28,4.95,5.07,4.68,4.75,174582
2017-07-31,4.85,5.19,4.53,4.6,200142
2017-08-01,4.6,4.62,4.43,4.5,106480
