Date,Open,High,Low,Close,Volume
2013-10-17,49.98,49.98,49.97,49.97,5000
2013-10-18,50.12,50.12,50.11,50.11,308
2013-10-21,50.12,50.12,50.11,50.11,3200
2013-10-22,50.14,50.14,50.1,50.13,3134
2013-10-23,50.17,50.17,50.09,50.09,2000
2013-10-24,50.16,50.16,50.07,50.07,5310
2013-10-25,50.15,50.16,50.15,50.16,718
2013-10-28,50.17,50.17,50.17,50.17,2270
2013-10-29,,,,50.17,0
2013-10-30,,,,50.17,0
2013-10-31,,,,50.17,0
2013-11-01,50.16,50.16,50.15,50.15,480
2013-11-04,,,,50.15,0
2013-11-05,50.15,50.15,50.15,50.15,100
2013-11-06,50.15,50.22,50.15,50.22,600
2013-11-07,50.24,50.24,50.23,50.23,212
2013-11-08,50.14,50.14,50.1,50.12,1036
2013-11-11,50.16,50.16,50.13,50.15,1469
2013-11-12,50.13,50.13,50.12,50.12,1400
2013-11-13,50.19,50.19,50.19,50.19,607
2013-11-14,50.21,50.21,50.21,50.21,195
2013-11-15,50.26,50.26,50.26,50.26,183
2013-11-18,50.26,50.28,50.26,50.28,961
2013-11-19,50.18,50.23,50.18,50.23,736
2013-11-20,,,,50.23,0
2013-11-21,,,,50.23,0
2013-11-22,50.27,50.27,50.27,50.27,1000
2013-11-25,50.26,50.28,50.26,50.28,1200
2013-11-26,50.31,50.31,50.31,50.31,490
2013-11-27,50.33,50.33,50.31,50.32,3300
2013-11-29,50.31,50.31,50.31,50.31,13900
2013-12-02,50.22,50.22,50.22,50.22,1716
2013-12-03,,,,50.22,0
2013-12-04,50.2,50.21,50.2,50.21,2846
2013-12-05,50.17,50.18,50.17,50.18,1900
2013-12-06,50.17,50.17,50.16,50.17,1400
2013-12-09,50.19,50.19,50.19,50.19,1608
2013-12-10,50.19,50.2,50.19,50.2,1139
2013-12-11,50.23,50.23,50.22,50.22,900
2013-12-12,50.18,50.18,50.18,50.18,969
2013-12-13,50.17,50.17,50.17,50.17,391
2013-12-16,50.22,50.22,50.21,50.21,536
2013-12-17,50.2,50.2,50.2,50.2,102
2013-12-18,50.19,50.25,50.19,50.25,10200
2013-12-19,50.22,50.22,50.21,50.22,900
2013-12-20,50.15,50.17,50.15,50.16,2362
2013-12-23,,,,50.16,0
2013-12-24,50.1,50.1,50.1,50.1,2500
2013-12-26,,,,50.1,0
2013-12-27,49.91,50.06,49.9,50.04,3965
2013-12-30,50.07,50.08,50.06,50.06,2739
2013-12-31,50.1,50.75,50.06,50.1,35881
2014-01-02,,,,50.1,0
2014-01-03,50.14,50.14,50.14,50.14,3254
2014-01-06,50.16,50.16,50.0,50.15,4424
2014-01-07,50.17,50.18,50.17,50.18,2537
2014-01-08,50.13,50.13,50.08,50.08,1208
2014-01-09,,,,50.08,0
2014-01-10,50.23,50.24,50.08,50.24,7056
2014-01-13,50.11,50.12,50.1,50.12,5670
2014-01-14,50.26,50.26,50.26,50.26,1184
2014-01-15,50.21,50.21,50.07,50.1,3040
2014-01-16,50.14,50.22,50.14,50.22,730
2014-01-17,50.23,50.24,50.23,50.24,24414
2014-01-21,50.25,50.25,50.18,50.22,106589
2014-01-22,50.22,50.23,50.14,50.14,21600
2014-01-23,50.23,50.24,50.15,50.22,77105
2014-01-24,50.27,50.27,50.15,50.21,41791
2014-01-27,50.25,50.26,50.13,50.14,103623
2014-01-28,50.17,50.26,50.14,50.26,139995
2014-01-29,50.29,50.29,50.2,50.25,2177
2014-01-30,50.24,50.26,50.2,50.24,2202
2014-01-31,50.3,50.3,50.25,50.28,2138
2014-02-03,50.25,50.26,50.23,50.24,717
2014-02-04,50.29,50.31,50.28,50.31,3280
2014-02-05,50.27,50.3,50.2,50.28,5213
2014-02-06,50.27,50.28,50.25,50.27,2422
2014-02-07,50.26,50.34,50.26,50.34,31227
2014-02-10,50.31,50.32,50.3,50.32,1731
2014-02-11,50.21,50.28,50.2,50.28,2280
2014-02-12,50.18,50.29,50.17,50.18,87105
2014-02-13,50.3,50.32,50.24,50.31,16850
2014-02-14,50.32,50.33,50.28,50.33,10980
2014-02-18,50.31,50.34,50.28,50.3,7628
2014-02-19,50.39,50.39,50.25,50.3,9608
2014-02-20,50.21,50.33,50.21,50.32,15380
2014-02-21,50.29,50.29,50.22,50.26,2600
2014-02-24,50.23,50.32,50.23,50.32,998
2014-02-25,50.31,50.37,50.31,50.36,2300
2014-02-26,50.39,50.42,50.39,50.42,950
2014-02-27,50.4,50.42,50.39,50.42,5146
2014-02-28,50.4,50.4,50.3,50.3,697
2014-03-03,50.36,50.37,50.33,50.34,3705
2014-03-04,50.37,50.37,50.37,50.37,402
2014-03-05,50.3,50.34,50.27,50.33,2512
2014-03-06,50.3,50.3,50.17,50.3,2594
2014-03-07,50.24,50.24,50.17,50.18,25383
2014-03-10,50.1,50.23,50.1,50.22,3134
2014-03-11,50.17,50.17,50.17,50.17,101
2014-03-12,50.31,50.32,50.31,50.32,320
2014-03-13,50.33,50.34,50.3,50.3,2736
2014-03-14,,,,50.3,0
2014-03-17,50.37,50.37,50.37,50.37,435
2014-03-18,50.35,50.37,50.28,50.28,2223
2014-03-19,50.36,50.36,50.06,50.08,21877
2014-03-20,50.23,50.33,50.23,50.3,9696
2014-03-21,50.12,50.12,50.12,50.12,939
2014-03-24,50.16,50.16,50.15,50.16,1070
2014-03-25,50.2,50.2,50.2,50.2,175
2014-03-26,50.24,50.26,50.24,50.24,1950
2014-03-27,,,,50.24,0
2014-03-28,50.22,50.22,50.22,50.22,1200
2014-03-31,,,,50.22,0
2014-04-01,50.17,50.21,50.17,50.21,880
2014-04-02,50.13,50.18,50.1,50.18,2354
2014-04-03,50.19,50.19,50.19,50.19,215
2014-04-04,50.24,50.26,50.24,50.26,4211
2014-04-07,50.31,50.31,50.31,50.31,126
2014-04-08,50.34,50.35,50.34,50.35,3638
2014-04-09,50.33,50.33,50.33,50.33,851
2014-04-10,50.3,50.3,50.3,50.3,400
2014-04-11,50.38,50.43,50.38,50.43,6531
2014-04-14,50.41,50.41,50.41,50.41,338
2014-04-15,50.43,50.43,50.43,50.43,600
2014-04-16,50.31,50.4,50.29,50.29,7453
2014-04-17,50.36,50.36,50.25,50.25,300
2014-04-21,50.35,50.36,50.26,50.33,900
2014-04-22,50.24,50.33,50.24,50.33,11020
2014-04-23,50.36,50.38,50.36,50.37,9061
2014-04-24,50.32,50.32,50.32,50.32,353
2014-04-25,50.33,50.33,50.33,50.33,308
2014-04-28,50.36,50.36,50.36,50.36,2930
2014-04-29,50.32,50.34,50.32,50.34,2581
2014-04-30,,,,50.34,0
2014-05-01,50.34,50.34,50.26,50.26,627
2014-05-02,50.36,50.36,50.33,50.36,972
2014-05-05,50.37,50.37,50.37,50.37,1553
2014-05-06,50.34,50.34,50.28,50.34,4260
2014-05-07,50.35,50.39,50.35,50.39,4840
2014-05-08,50.41,50.41,50.41,50.41,470
2014-05-09,50.41,50.42,50.41,50.42,4627
2014-05-12,50.4,50.41,50.34,50.37,7430
2014-05-13,50.41,50.42,50.37,50.42,4527
2014-05-14,50.49,50.49,50.49,50.49,386
2014-05-15,50.51,50.51,50.49,50.49,993
2014-05-16,50.44,50.49,50.42,50.49,759
2014-05-19,50.5,50.53,50.5,50.51,3237
2014-05-20,50.51,50.53,50.44,50.53,1519
2014-05-21,50.53,50.54,50.48,50.51,5343
2014-05-22,50.52,50.52,50.47,50.5,1977
2014-05-23,50.5,50.52,50.49,50.52,2220
2014-05-27,50.51,50.51,50.49,50.51,3330
2014-05-28,50.52,50.58,50.52,50.57,4766
2014-05-29,,,,50.57,0
2014-05-30,50.56,50.61,50.55,50.61,8217
2014-06-02,50.54,50.54,50.5,50.51,8661
2014-06-03,50.49,50.5,50.4,50.4,6827
2014-06-04,50.47,50.49,50.43,50.49,11345
2014-06-05,50.41,50.53,50.4,50.53,4654
2014-06-06,50.53,50.53,50.5,50.52,3245
2014-06-09,50.47,50.49,50.4,50.41,12583
2014-06-10,50.39,50.46,50.39,50.42,5166
2014-06-11,50.48,50.49,50.36,50.42,12409
2014-06-12,50.43,50.48,50.38,50.47,5767
2014-06-13,50.43,50.45,50.43,50.45,265
2014-06-16,50.42,50.45,50.32,50.34,5700
2014-06-17,50.41,50.41,50.41,50.41,160
2014-06-18,50.33,50.45,50.33,50.45,830
2014-06-19,50.4,50.52,50.4,50.48,3013
2014-06-20,50.37,50.44,50.37,50.43,1170
2014-06-23,50.37,50.42,50.37,50.41,661
2014-06-24,50.49,50.5,50.45,50.5,8415
2014-06-25,50.45,50.55,50.45,50.52,5318
2014-06-26,50.53,50.55,50.49,50.49,2640
2014-06-27,50.55,50.55,50.55,50.55,502
2014-06-30,50.43,50.54,50.43,50.54,8128
2014-07-01,50.5,50.5,50.38,50.38,731
2014-07-02,50.45,50.45,50.3,50.3,14514
2014-07-03,50.25,50.39,50.25,50.39,1953
2014-07-07,50.36,50.38,50.35,50.38,2421
2014-07-08,,,,50.38,0
2014-07-09,50.28,50.45,50.28,50.45,13373
2014-07-10,50.44,50.47,50.44,50.47,2531
2014-07-11,50.49,50.49,50.48,50.49,700
2014-07-14,50.46,50.46,50.34,50.43,2045
2014-07-15,50.44,50.45,50.39,50.39,6258
2014-07-16,50.31,50.44,50.31,50.44,6246
2014-07-17,50.47,50.5,50.47,50.5,1002
2014-07-18,50.47,50.48,50.34,50.36,2473
2014-07-21,50.45,50.45,50.4,50.43,3176
2014-07-22,50.44,50.52,50.35,50.4,35369
2014-07-23,50.55,50.55,50.51,50.55,3456
2014-07-24,50.5,50.5,50.38,50.38,2563
2014-07-25,50.37,50.37,50.37,50.37,2100
2014-07-28,50.51,50.52,50.38,50.38,1492
2014-07-29,50.5,50.5,50.45,50.49,6900
2014-07-30,50.44,50.45,50.44,50.45,1222
2014-07-31,50.29,50.44,50.29,50.31,11303
2014-08-01,50.45,50.45,50.45,50.45,1148
2014-08-04,50.51,50.51,50.46,50.46,2620
2014-08-05,50.49,50.51,50.42,50.51,1385
2014-08-06,,,,50.51,0
2014-08-07,50.52,50.52,50.52,50.52,316
2014-08-08,50.48,50.57,50.48,50.55,6555
2014-08-11,50.47,50.53,50.47,50.53,1287
2014-08-12,50.55,50.61,50.54,50.6,18107
2014-08-13,50.56,50.62,50.56,50.62,6102
2014-08-14,50.64,50.64,50.55,50.6,14144
2014-08-15,,,,50.6,0
2014-08-18,,,,50.6,0
2014-08-19,50.65,50.65,50.6,50.63,2758
2014-08-20,,,,50.63,0
2014-08-21,50.58,50.61,50.58,50.61,2229
2014-08-22,50.58,50.58,50.5,50.56,5633
2014-08-25,50.54,50.56,50.41,50.56,8388
2014-08-26,50.43,50.58,50.43,50.58,1842
2014-08-27,50.6,50.6,50.46,50.6,5208
2014-08-28,50.47,50.61,50.47,50.61,2090
2014-08-29,50.61,50.63,50.61,50.63,4463
2014-09-02,50.43,50.43,50.42,50.42,565
2014-09-03,50.49,50.51,50.42,50.51,4287
2014-09-04,50.48,50.49,50.48,50.49,1515
2014-09-05,50.44,50.54,50.43,50.43,6064
2014-09-08,50.48,50.48,50.44,50.47,2418
2014-09-09,50.42,50.43,50.35,50.43,922
2014-09-10,50.41,50.41,50.35,50.38,6639
2014-09-11,50.33,50.43,50.33,50.37,5477
2014-09-12,50.35,50.36,50.34,50.34,1214
2014-09-15,50.38,50.39,50.38,50.38,1932
2014-09-16,50.4,50.4,50.4,50.4,1210
2014-09-17,50.37,50.42,50.37,50.4,3068
2014-09-18,50.32,50.35,50.25,50.35,1694
2014-09-19,50.36,50.36,50.35,50.36,42698
2014-09-22,50.35,50.4,50.35,50.39,1726
2014-09-23,50.41,50.41,50.41,50.41,3670
2014-09-24,50.4,50.4,50.4,50.4,744
2014-09-25,50.41,50.42,50.41,50.41,21085
2014-09-26,50.22,50.32,50.22,50.32,1452
2014-09-29,50.22,50.25,50.2,50.24,9930
2014-09-30,50.28,50.28,50.24,50.26,2676
2014-10-01,50.27,50.33,50.27,50.33,5007
2014-10-02,50.34,50.34,50.21,50.21,1787
2014-10-03,50.27,50.38,50.26,50.32,12705
2014-10-06,50.32,50.35,50.32,50.34,2758
2014-10-07,50.38,50.42,50.31,50.42,2486
2014-10-08,50.43,50.6,50.35,50.56,12253
2014-10-09,50.54,50.55,50.53,50.55,2163
2014-10-10,50.4,50.5,50.4,50.42,5524
2014-10-13,50.55,50.57,50.53,50.53,3094
2014-10-14,50.56,50.56,50.53,50.53,3920
2014-10-15,50.69,50.73,50.64,50.64,11729
2014-10-16,50.63,50.63,50.57,50.6,9273
2014-10-17,50.59,50.6,50.43,50.56,28900
2014-10-20,50.57,50.59,50.42,50.59,3669
2014-10-21,50.49,50.61,50.49,50.59,6429
2014-10-22,50.46,50.54,50.46,50.54,15172
2014-10-23,50.51,50.52,50.44,50.45,6324
2014-10-24,50.52,50.52,50.51,50.52,1531
2014-10-27,50.5,50.51,50.5,50.5,1239
2014-10-28,50.45,50.52,50.45,50.5,9161
2014-10-29,50.5,50.5,50.42,50.42,9968
2014-10-30,50.44,50.45,50.41,50.44,4601
2014-10-31,50.43,50.45,50.34,50.45,2341
2014-11-03,50.36,50.36,50.25,50.36,2410
2014-11-04,50.33,50.35,50.26,50.35,94407
2014-11-05,50.34,50.34,50.26,50.31,5415
2014-11-06,50.32,50.35,50.3,50.3,37118
2014-11-07,50.34,50.38,50.3,50.3,4865
2014-11-10,50.3,50.34,50.3,50.34,2299
2014-11-11,50.29,50.29,50.29,50.29,102
2014-11-12,50.32,50.34,50.3,50.3,1407
2014-11-13,50.25,50.34,50.25,50.34,1212
2014-11-14,50.32,50.34,50.31,50.31,2610
2014-11-17,50.34,50.35,50.3,50.33,1838
2014-11-18,50.31,50.34,50.31,50.32,2588
2014-11-19,50.3,50.32,50.22,50.27,13106
2014-11-20,50.35,50.35,50.3,50.32,3313
2014-11-21,50.32,50.35,50.29,50.35,2223
2014-11-24,50.32,50.33,50.29,50.33,19147
2014-11-25,50.37,50.38,50.31,50.38,1841
2014-11-26,50.4,50.44,50.4,50.44,2114
2014-11-28,50.38,50.38,50.37,50.37,4417
2014-12-01,50.43,50.44,50.32,50.38,7112
2014-12-02,50.31,50.32,50.29,50.29,8613
2014-12-03,50.29,50.3,50.27,50.3,14703
2014-12-04,50.25,50.33,50.25,50.33,2500
2014-12-05,50.18,50.18,50.14,50.15,1743
2014-12-08,50.13,50.19,50.12,50.15,1257
2014-12-09,50.25,50.25,50.25,50.25,679
2014-12-10,50.24,50.24,50.19,50.22,11965
2014-12-11,50.25,50.26,50.18,50.25,2666
2014-12-12,50.31,50.31,50.27,50.27,2775
2014-12-15,50.26,50.27,50.18,50.24,9776
2014-12-16,,,,50.24,0
2014-12-17,50.19,50.37,50.19,50.31,15852
2014-12-18,,,,50.31,0
2014-12-19,50.29,50.3,50.17,50.18,2325
2014-12-22,50.29,50.29,50.18,50.18,1444
2014-12-23,50.18,50.18,50.11,50.17,3834
2014-12-24,50.11,50.17,50.11,50.15,921
2014-12-26,,,,50.15,0
2014-12-29,50.08,50.23,50.08,50.18,5316
2014-12-30,50.26,50.28,50.26,50.27,17390
2014-12-31,50.26,50.35,50.19,50.3,11497
2015-01-02,50.34,50.36,50.29,50.34,1824
2015-01-05,50.3,50.3,50.3,50.3,178
2015-01-06,50.41,50.44,50.36,50.36,4240
2015-01-07,50.29,50.47,50.29,50.47,1799
2015-01-08,50.47,50.48,50.35,50.46,13454
2015-01-09,50.5,50.54,50.49,50.49,4036
2015-01-12,50.41,50.56,50.41,50.56,4942
2015-01-13,50.54,50.55,50.52,50.55,5336
2015-01-14,50.6,50.6,50.48,50.48,1187
2015-01-15,50.54,50.69,50.54,50.69,10897
2015-01-16,50.63,50.64,50.5,50.5,3633
2015-01-20,50.46,50.61,50.43,50.45,16080
2015-01-21,50.54,50.61,50.45,50.61,3628
2015-01-22,50.48,50.6,50.48,50.59,2799
2015-01-23,50.63,50.64,50.5,50.63,5686
2015-01-26,50.6,50.62,50.59,50.61,5828
2015-01-27,50.48,50.68,50.48,50.62,2984
2015-01-28,50.65,50.68,50.64,50.68,2564
2015-01-29,50.54,50.69,50.54,50.68,5996
2015-01-30,50.76,50.8,50.71,50.8,53811
2015-02-02,50.7,50.74,50.57,50.63,10338
2015-02-03,50.69,50.69,50.66,50.67,933
2015-02-04,50.64,50.68,50.48,50.6,4186
2015-02-05,50.65,50.71,50.56,50.63,7474
2015-02-06,50.58,50.58,50.36,50.36,3042
2015-02-09,50.49,50.5,50.35,50.35,842
2015-02-10,50.36,50.52,50.36,50.52,2188
2015-02-11,50.35,50.51,50.34,50.51,3832
2015-02-12,50.5,50.52,50.38,50.45,35782
2015-02-13,50.41,50.56,50.41,50.44,5710
2015-02-17,50.5,50.5,50.37,50.37,1494
2015-02-18,50.41,50.58,50.4,50.58,5815
2015-02-19,50.58,50.58,50.45,50.52,5695
2015-02-20,50.48,50.57,50.48,50.57,3302
2015-02-23,50.6,50.61,50.56,50.59,5720
2015-02-24,50.45,50.69,50.44,50.66,42049
2015-02-25,50.51,50.71,50.51,50.71,12475
2015-02-26,50.65,50.65,50.61,50.62,2590
2015-02-27,50.63,50.64,50.61,50.61,783
2015-03-02,50.5,51.53,50.5,50.5,19230
2015-03-03,50.54,50.54,50.5,50.5,3017
2015-03-04,50.5,50.52,50.41,50.52,12822
2015-03-05,50.55,50.56,50.4,50.56,19359
2015-03-06,50.47,50.47,50.4,50.46,4835
2015-03-09,50.47,50.5,50.41,50.5,7753
2015-03-10,50.4,50.49,50.35,50.35,7680
2015-03-11,50.33,50.53,50.33,50.4,25869
2015-03-12,50.39,50.54,50.39,50.52,7646
2015-03-13,50.51,50.55,50.39,50.52,9142
2015-03-16,50.55,50.55,50.46,50.49,2315
2015-03-17,50.51,50.6,50.42,50.51,12275
2015-03-18,50.36,50.7,50.36,50.7,5725
2015-03-19,50.61,50.65,50.45,50.45,16782
2015-03-20,50.64,50.67,50.61,50.61,5651
2015-03-23,50.53,50.66,50.53,50.63,3536
2015-03-24,50.66,50.7,50.5,50.6,13634
2015-03-25,50.69,50.69,50.51,50.52,19973
2015-03-26,50.62,50.64,50.6,50.62,4117
2015-03-27,50.52,50.68,50.51,50.61,8107
2015-03-30,50.57,50.69,50.57,50.62,6238
2015-03-31,50.58,50.74,50.58,50.74,4687
2015-04-01,50.72,50.72,50.55,50.67,30777
2015-04-02,50.72,50.72,50.56,50.65,3426
2015-04-06,50.73,50.77,50.66,50.76,2457
2015-04-07,50.73,50.74,50.6,50.74,2059
2015-04-08,50.74,50.74,50.57,50.74,3138
2015-04-09,50.57,50.75,50.57,50.74,9703
2015-04-10,50.63,50.75,50.63,50.74,14416
2015-04-13,50.74,50.76,50.66,50.67,3221
2015-04-14,50.81,50.82,50.69,50.77,7067
2015-04-15,50.68,50.83,50.68,50.82,2275
2015-04-16,50.78,50.8,50.74,50.8,3811
2015-04-17,50.77,50.78,50.7,50.7,11753
2015-04-20,50.79,50.8,50.76,50.78,1094
2015-04-21,50.67,50.78,50.67,50.76,6446
2015-04-22,50.76,50.76,50.72,50.72,8512
2015-04-23,50.64,50.73,50.64,50.7,5160
2015-04-24,50.76,50.76,50.75,50.75,1688
2015-04-27,50.77,50.79,50.68,50.79,11279
2015-04-28,50.75,50.75,50.65,50.72,5791
2015-04-29,50.69,50.69,50.6,50.68,2665
2015-04-30,50.64,50.68,50.56,50.68,7301
2015-05-01,50.55,50.59,50.52,50.58,4024
2015-05-04,50.56,50.59,50.52,50.58,1737
2015-05-05,50.56,50.56,50.52,50.52,21363
2015-05-06,50.54,50.57,50.48,50.54,8879
2015-05-07,50.48,50.55,50.46,50.55,3049
2015-05-08,50.67,50.68,50.58,50.67,7190
2015-05-11,50.61,50.61,50.49,50.52,10888
2015-05-12,50.54,50.57,50.53,50.54,12249
2015-05-13,50.65,50.65,50.55,50.58,10360
2015-05-14,50.55,50.65,50.55,50.62,2458
2015-05-15,50.71,50.72,50.65,50.72,5374
2015-05-18,50.64,50.64,50.56,50.63,3064
2015-05-19,50.56,50.56,50.54,50.54,1714
2015-05-20,50.56,50.63,50.54,50.6,10028
2015-05-21,50.6,50.63,50.58,50.59,10542
2015-05-22,50.58,50.59,50.54,50.59,10523
2015-05-26,50.5,50.61,50.47,50.61,4946
2015-05-27,50.58,50.59,50.54,50.58,4019
2015-05-28,50.61,50.64,50.55,50.55,17018
2015-05-29,50.64,50.64,50.49,50.58,6122
2015-06-01,50.51,50.51,50.38,50.38,2733
2015-06-02,50.45,50.46,50.41,50.46,4102
2015-06-03,50.38,50.43,50.38,50.42,6452
2015-06-04,50.42,50.46,50.37,50.46,5936
2015-06-05,50.3,50.32,50.26,50.32,1518
2015-06-08,50.4,50.41,50.27,50.41,39935
2015-06-09,50.36,50.37,50.21,50.36,5352
2015-06-10,50.22,50.35,50.2,50.34,13584
2015-06-11,50.32,50.39,50.18,50.39,8394
2015-06-12,50.3,50.37,50.21,50.37,4344
2015-06-15,50.38,50.38,50.2,50.36,26716
2015-06-16,50.37,50.39,50.24,50.39,4309
2015-06-17,50.35,50.45,50.29,50.45,6067
2015-06-18,50.35,50.46,50.3,50.46,9174
2015-06-19,50.41,50.54,50.41,50.54,4848
2015-06-22,50.48,50.49,50.4,50.48,10910
2015-06-23,50.42,50.43,50.25,50.43,7379
2015-06-24,50.32,50.42,50.28,50.42,10347
2015-06-25,50.37,50.42,50.31,50.42,13427
2015-06-26,50.19,50.4,50.19,50.39,12126
2015-06-29,50.37,50.4,50.26,50.27,8353
2015-06-30,50.41,50.43,50.36,50.41,7845
2015-07-01,50.3,50.33,50.29,50.31,3345
2015-07-02,50.38,50.39,50.28,50.32,5517
2015-07-06,50.42,50.42,50.27,50.38,1830
2015-07-07,50.49,50.49,50.49,50.49,1035
2015-07-08,50.47,50.5,50.3,50.5,4852
2015-07-09,50.47,50.47,50.28,50.47,5987
2015-07-10,50.4,50.4,50.2,50.31,1477
2015-07-13,50.33,50.83,50.2,50.39,16117
2015-07-14,50.4,50.42,50.16,50.16,8069
2015-07-15,50.38,50.99,50.15,50.57,54368
2015-07-16,50.53,50.59,50.28,50.49,22782
2015-07-17,50.29,50.54,50.29,50.51,5289
2015-07-20,50.46,50.49,50.28,50.48,5746
2015-07-21,50.46,50.53,50.25,50.5,17258
2015-07-22,50.51,50.53,50.46,50.52,48044
2015-07-23,50.44,50.8,50.28,50.49,42100
2015-07-24,50.57,50.57,50.46,50.5,5860
2015-07-27,50.49,50.56,50.38,50.54,33718
2015-07-28,50.54,50.56,50.36,50.52,40955
2015-07-29,50.52,50.52,50.39,50.45,21372
2015-07-30,50.39,50.52,50.37,50.42,14532
2015-07-31,50.59,50.59,50.36,50.49,1240
2015-08-03,50.28,50.47,50.28,50.46,2411
2015-08-04,50.43,50.43,50.29,50.35,13537
2015-08-05,50.32,50.36,50.16,50.33,10491
2015-08-06,50.35,50.38,50.15,50.24,10145
2015-08-07,50.29,50.29,50.2,50.23,3036
2015-08-10,50.15,50.15,50.15,50.15,481
2015-08-11,50.25,50.4,50.19,50.38,7006
2015-08-12,50.31,50.34,50.3,50.32,7025
2015-08-13,50.35,50.35,50.3,50.3,7818
2015-08-14,50.3,50.31,50.21,50.3,5462
2015-08-17,50.35,50.35,50.28,50.32,9958
2015-08-18,50.27,50.29,50.2,50.29,6821
2015-08-19,50.26,50.31,50.12,50.23,14800
2015-08-20,50.36,50.36,50.24,50.29,7538
2015-08-21,50.36,50.36,50.33,50.33,1891
2015-08-24,50.4,50.4,50.28,50.32,2634
2015-08-25,50.13,50.34,50.13,50.32,3140
2015-08-26,50.35,50.37,50.21,50.24,5719
2015-08-27,50.34,50.37,50.2,50.37,13800
2015-08-28,50.4,50.4,50.2,50.32,8602
2015-08-31,50.36,50.37,50.29,50.31,4705
2015-09-01,50.29,50.3,50.21,50.21,6202
2015-09-02,50.27,50.29,50.23,50.23,5192
2015-09-03,50.28,50.3,50.24,50.24,9497
2015-09-04,50.3,50.34,50.25,50.34,1931
2015-09-08,50.2,50.26,50.07,50.1,35703
2015-09-09,50.1,50.24,50.1,50.21,39114
2015-09-10,50.18,50.19,50.08,50.14,10001
2015-09-11,50.11,50.23,50.11,50.12,8806
2015-09-14,50.23,50.23,50.15,50.19,20682
2015-09-15,50.08,50.18,50.07,50.11,27868
2015-09-16,50.15,50.19,50.11,50.14,15174
2015-09-17,50.16,50.3,50.14,50.14,16268
2015-09-18,50.22,50.25,50.22,50.25,2210
2015-09-21,50.17,50.29,50.17,50.25,3717
2015-09-22,50.34,50.34,50.2,50.25,18570
2015-09-23,50.25,50.35,50.18,50.18,14055
2015-09-24,50.3,50.33,50.2,50.23,5171
2015-09-25,50.22,50.23,50.22,50.22,746
2015-09-28,50.19,50.24,50.16,50.16,6745
2015-09-29,50.27,50.27,50.18,50.18,8373
2015-09-30,50.23,50.3,50.21,50.3,6746
2015-10-01,50.24,50.24,50.13,50.21,1695
2015-10-02,50.21,50.31,50.21,50.31,3765
2015-10-05,50.32,50.32,50.3,50.3,5360
2015-10-06,50.31,50.34,50.23,50.33,10915
2015-10-07,50.35,50.35,50.34,50.35,4971
2015-10-08,50.3,50.3,50.16,50.22,5170
2015-10-09,50.25,50.33,50.22,50.33,3591
2015-10-12,50.26,50.48,50.25,50.44,9364
2015-10-13,50.47,50.47,50.33,50.45,5174
2015-10-14,50.55,50.57,50.37,50.57,8994
2015-10-15,50.41,50.41,50.35,50.39,2147
2015-10-16,50.36,50.52,50.35,50.35,1186
2015-10-19,50.35,50.52,50.35,50.52,2949
2015-10-20,50.48,50.5,50.36,50.49,5040
2015-10-21,50.36,50.57,50.36,50.57,41310
2015-10-22,50.6,50.6,50.4,50.53,5349
2015-10-23,50.4,50.55,50.39,50.45,70817
2015-10-26,50.54,50.58,50.54,50.58,4948
2015-10-27,50.6,50.61,50.5,50.6,24966
2015-10-28,50.56,50.57,50.45,50.5,33243
2015-10-29,50.45,50.46,50.36,50.41,3150
2015-10-30,50.44,50.45,50.34,50.38,5898
2015-11-02,50.39,50.39,50.19,50.3,34718
2015-11-03,50.34,50.39,50.28,50.29,21128
2015-11-04,50.3,50.34,50.25,50.32,5344
2015-11-05,50.39,50.39,50.3,50.34,31275
2015-11-06,50.26,50.28,50.19,50.28,2404
2015-11-09,50.22,50.28,50.21,50.28,414883
2015-11-10,50.31,50.33,50.23,50.32,14096
2015-11-11,50.36,50.36,50.27,50.31,3438
2015-11-12,50.36,50.36,50.28,50.35,3220
2015-11-13,50.37,50.4,50.33,50.4,3363
2015-11-16,50.41,50.41,50.34,50.38,5227
2015-11-17,50.35,50.37,50.26,50.35,5882
2015-11-18,50.39,50.39,50.32,50.35,19207
2015-11-19,50.39,50.4,50.3,50.37,13322
2015-11-20,50.39,50.39,50.29,50.29,1506
2015-11-23,50.35,50.39,50.33,50.33,11743
2015-11-24,50.4,50.41,50.3,50.3,7876
2015-11-25,50.4,50.41,50.31,50.33,11206
2015-11-27,50.44,50.44,50.37,50.41,22371
2015-11-30,50.42,50.42,50.32,50.37,1660
2015-12-01,50.42,50.44,50.4,50.4,5849
2015-12-02,50.39,50.39,50.35,50.37,7470
2015-12-03,50.34,50.36,50.18,50.29,26383
2015-12-04,50.2,50.34,50.2,50.32,65649
2015-12-07,50.3,50.36,50.25,50.3,7825
2015-12-08,50.35,50.35,50.22,50.22,6348
2015-12-09,50.31,50.33,50.2,50.25,8528
2015-12-10,50.35,50.35,50.24,50.32,5920
2015-12-11,50.3,50.32,50.3,50.3,2194
2015-12-14,50.28,50.28,50.12,50.21,3293
2015-12-15,50.11,50.23,50.1,50.2,5234
2015-12-16,50.06,50.21,50.0,50.0,21533
2015-12-17,50.17,50.19,50.07,50.18,34146
2015-12-18,50.2,50.22,50.1,50.21,8291
2015-12-21,50.23,50.26,50.12,50.26,21331
2015-12-22,50.28,50.3,50.09,50.29,60772
2015-12-23,50.27,50.31,50.1,50.22,40893
2015-12-24,50.19,50.23,50.16,50.23,7627
2015-12-28,50.19,50.21,50.15,50.2,8542
2015-12-29,50.15,50.21,50.14,50.2,21212
2015-12-30,50.17,50.24,49.97,50.16,22052
2015-12-31,50.23,50.24,50.06,50.24,15211
2016-01-04,50.2,50.23,50.08,50.2,42914
2016-01-05,50.11,50.28,50.1,50.1,28712
2016-01-06,50.29,50.36,50.17,50.17,19525
2016-01-07,50.17,50.34,50.16,50.24,35644
2016-01-08,50.21,50.29,50.13,50.15,35734
2016-01-11,50.22,50.24,50.12,50.24,381765
2016-01-12,50.23,50.23,50.12,50.21,24097
2016-01-13,50.1,50.24,50.09,50.2,8583
2016-01-14,50.13,50.25,50.13,50.25,3546
2016-01-15,50.18,50.22,50.13,50.19,5038
2016-01-19,50.16,50.17,50.07,50.1,13640
2016-01-20,50.09,50.17,50.06,50.15,51474
2016-01-21,50.12,50.16,50.06,50.07,9982
2016-01-22,50.1,50.15,50.03,50.14,27641
2016-01-25,50.08,50.15,50.06,50.1,3519
2016-01-26,50.14,50.2,50.07,50.16,11885
2016-01-27,50.13,50.17,50.09,50.17,5983
2016-01-28,50.14,50.37,50.12,50.29,92805
2016-01-29,50.3,50.33,50.2,50.3,3020
2016-02-01,50.21,50.21,50.12,50.15,3541
2016-02-03,50.1,50.2,50.1,50.11,22454
2016-02-04,50.17,50.24,50.13,50.23,21350
2016-02-05,50.35,50.35,50.1,50.21,96295
2016-02-08,50.22,50.28,50.14,50.15,11955
2016-02-09,50.33,50.33,50.14,50.17,585884
2016-02-10,50.18,50.2,49.69,49.98,132718
2016-02-11,50.05,50.08,49.93,50.05,600705
2016-02-12,50.0,50.02,49.86,49.88,88184
2016-02-16,50.09,50.11,49.84,50.02,223925
2016-02-17,50.02,50.07,49.78,49.87,204875
2016-02-18,49.85,50.06,49.84,49.96,64615
2016-02-19,49.99,50.09,49.89,50.01,71236
2016-02-22,50.08,50.08,49.84,49.93,109284
2016-02-23,49.93,49.93,49.63,49.8,214413
2016-02-24,49.86,50.0,49.79,50.0,49647
2016-02-25,49.85,50.07,49.85,50.05,8454
2016-02-26,49.92,50.11,49.87,50.11,45502
2016-02-29,49.94,50.15,49.94,50.1,57888
2016-03-01,50.07,50.07,49.96,49.99,18283
2016-03-02,49.91,50.03,49.91,50.02,9117
2016-03-03,50.01,50.09,49.99,50.09,28463
2016-03-04,49.98,50.11,49.98,50.11,9161
2016-03-07,50.09,50.13,50.0,50.07,37636
2016-03-08,50.17,50.22,50.05,50.15,6960
2016-03-09,50.1,50.22,50.07,50.15,11268
2016-03-10,50.06,50.22,50.06,50.1,7598
2016-03-11,50.14,50.2,50.09,50.19,6295
2016-03-14,50.21,50.25,50.13,50.19,8928
2016-03-15,50.23,50.28,50.19,50.23,9002
2016-03-16,50.23,50.4,50.06,50.36,33789
2016-03-17,50.3,50.36,50.17,50.21,116760
2016-03-18,50.22,50.28,50.21,50.21,35220
2016-03-21,50.26,50.28,50.19,50.26,9441
2016-03-22,50.25,50.3,50.2,50.22,10051
2016-03-23,50.23,50.29,50.22,50.29,8896
2016-03-24,50.23,50.31,50.21,50.27,33206
2016-03-28,50.29,50.34,50.24,50.33,7157
2016-03-29,50.37,50.5,50.35,50.44,33643
2016-03-30,50.43,50.53,50.43,50.47,19918
2016-03-31,50.46,50.56,50.46,50.5,6144
2016-04-01,50.45,50.53,50.43,50.48,31914
2016-04-04,50.52,50.55,50.42,50.53,13482
2016-04-05,50.47,50.57,50.47,50.57,13121
2016-04-06,50.57,50.61,50.51,50.58,4169
2016-04-07,50.6,50.63,50.55,50.61,19837
2016-04-08,50.63,50.63,50.56,50.56,4959
2016-04-11,50.6,50.6,50.51,50.54,5550
2016-04-12,50.6,50.66,50.56,50.59,15386
2016-04-13,50.59,50.62,50.55,50.62,3329
2016-04-14,50.51,50.63,50.51,50.63,9545
2016-04-15,50.59,50.68,50.59,50.61,6986
2016-04-18,50.67,50.69,50.6,50.66,4727
2016-04-19,50.64,50.69,50.61,50.67,12827
2016-04-20,50.66,50.71,50.61,50.64,68622
2016-04-21,50.64,50.68,50.63,50.67,2360
2016-04-22,50.6,50.7,50.6,50.69,2587
2016-04-25,50.66,50.69,50.61,50.61,5860
2016-04-26,50.66,50.67,50.54,50.55,20059
2016-04-27,50.67,50.7,50.58,50.68,10936
2016-04-28,50.73,50.77,50.69,50.73,14824
2016-04-29,50.68,50.8,50.67,50.75,3303
2016-05-02,50.81,50.81,50.58,50.64,77822
2016-05-03,50.79,50.79,50.65,50.7,9632
2016-05-04,50.77,50.81,50.68,50.8,9713
2016-05-05,50.68,50.84,50.68,50.84,26476
2016-05-06,50.82,50.87,50.76,50.76,7580
2016-05-09,50.78,50.81,50.78,50.78,3040
2016-05-10,50.76,50.79,50.76,50.78,5039
2016-05-11,50.76,50.8,50.74,50.75,3732
2016-05-12,50.77,50.77,50.69,50.69,47254
2016-05-13,50.71,50.75,50.68,50.72,12000
2016-05-16,50.71,50.73,50.68,50.68,6052
2016-05-17,50.68,50.81,50.57,50.74,37158
2016-05-18,50.72,50.72,50.54,50.61,6945
2016-05-19,50.49,50.65,50.47,50.64,17551
2016-05-20,50.71,50.71,50.54,50.54,7498
2016-05-23,50.64,50.65,50.55,50.6,15292
2016-05-24,50.62,50.64,50.42,50.6,6997
2016-05-25,50.63,50.64,50.55,50.59,5096
2016-05-26,50.63,50.68,50.57,50.59,65232
2016-05-27,50.66,50.69,50.55,50.59,6328
2016-05-31,50.6,50.67,50.51,50.64,5546
2016-06-01,50.63,50.63,50.53,50.53,15607
2016-06-02,50.52,50.62,50.52,50.6,12526
2016-06-03,50.74,50.74,50.65,50.72,15961
2016-06-06,50.62,50.75,50.62,50.74,10029
2016-06-07,50.75,50.78,50.72,50.76,23183
2016-06-08,50.78,50.78,50.72,50.73,7487
2016-06-09,50.79,50.8,50.72,50.78,18331
2016-06-10,50.81,50.82,50.72,50.82,1611
2016-06-13,50.8,50.85,50.75,50.83,9327
2016-06-14,50.72,50.73,50.52,50.52,139036
2016-06-15,50.51,50.83,50.51,50.6,20255
2016-06-16,50.78,50.79,50.61,50.79,44720
2016-06-17,50.66,50.78,50.66,50.75,10845
2016-06-20,50.76,50.78,50.57,50.57,4655
2016-06-21,50.71,50.73,50.6,50.71,7875
2016-06-22,50.7,50.76,50.68,50.69,14375
2016-06-23,50.76,50.76,50.66,50.72,6617
2016-06-24,50.86,50.87,50.76,50.85,41403
2016-06-27,50.78,50.9,50.78,50.87,7054
2016-06-28,50.81,50.92,50.8,50.9,6359
2016-06-29,50.91,50.97,50.86,50.87,17890
2016-06-30,50.98,51.0,50.9,50.95,15822
2016-07-01,50.97,51.09,50.9,50.91,8199
2016-07-05,50.97,50.99,50.9,50.99,13698
2016-07-06,50.96,50.99,50.9,50.97,12389
2016-07-07,50.96,51.06,50.9,50.94,14482
2016-07-08,50.93,51.08,50.9,51.08,26651
2016-07-11,50.94,51.03,50.94,50.98,7384
2016-07-12,51.01,51.01,50.84,50.97,11769
2016-07-13,51.01,51.02,50.94,50.95,5575
2016-07-14,50.99,51.0,50.87,50.88,8799
2016-07-15,50.95,50.96,50.85,50.95,6271
2016-07-18,50.98,50.98,50.88,50.96,6417
2016-07-19,50.99,51.0,50.85,50.91,28812
2016-07-20,50.97,50.97,50.85,50.89,9721
2016-07-21,50.95,51.0,50.88,51.0,12021
2016-07-22,51.01,51.02,50.89,50.92,5062
2016-07-25,50.99,50.99,50.95,50.95,17050
2016-07-26,50.96,50.96,50.85,50.87,4682
2016-07-27,50.99,51.0,50.86,51.0,83585
2016-07-28,50.96,50.98,50.93,50.97,15896
2016-07-29,51.03,51.07,51.0,51.06,8483
2016-08-01,50.96,52.09,50.92,50.98,85072
2016-08-02,50.87,51.01,50.87,50.97,17682
2016-08-03,50.98,50.98,50.9,50.96,13800
2016-08-04,50.93,51.07,50.93,51.0,39537
2016-08-05,50.92,50.97,50.91,50.94,12269
2016-08-08,50.92,50.95,50.85,50.86,21758
2016-08-09,50.93,50.98,50.87,50.96,15916
2016-08-10,51.01,51.03,50.93,50.95,22781
2016-08-11,51.04,51.04,50.88,50.93,16867
2016-08-12,51.02,51.04,50.94,50.94,15183
2016-08-15,51.01,51.02,50.92,51.0,24379
2016-08-16,50.98,50.99,50.95,50.97,7751
2016-08-17,50.98,50.98,50.9,50.94,14288
2016-08-18,51.04,51.08,50.95,51.0,30188
2016-08-19,51.0,51.01,50.9,51.0,15379
2016-08-22,51.03,51.04,50.94,51.02,21404
2016-08-23,51.03,51.05,50.98,51.03,29673
2016-08-24,51.08,51.08,50.97,51.04,12607
2016-08-25,51.03,51.05,50.99,51.02,33772
2016-08-26,50.97,51.0,50.9,50.9,4635
2016-08-29,50.95,50.98,50.9,50.96,29476
2016-08-30,50.95,51.1,50.91,50.94,107682
2016-08-31,50.95,50.97,50.9,50.93,21262
2016-09-01,50.83,50.88,50.78,50.87,29515
2016-09-02,50.83,50.88,50.83,50.88,9451
2016-09-06,50.88,50.96,50.88,50.93,40276
2016-09-07,50.96,50.96,50.9,50.94,18783
2016-09-08,50.92,50.92,50.68,50.86,91312
2016-09-09,50.73,50.86,50.73,50.79,22908
2016-09-12,50.7,50.82,50.7,50.8,16886
2016-09-13,50.8,50.8,50.7,50.75,20909
2016-09-14,50.72,50.8,50.72,50.79,6295
2016-09-15,50.81,50.86,50.81,50.83,7117
2016-09-16,50.81,50.81,50.75,50.81,5232
2016-09-19,50.74,50.82,50.74,50.81,18745
2016-09-20,50.78,50.82,50.77,50.8,14168
2016-09-21,50.79,50.88,50.7,50.81,16525
2016-09-22,50.84,50.97,50.81,50.84,17796
2016-09-23,50.78,50.87,50.78,50.86,5578
2016-09-26,50.87,50.89,50.8,50.87,4905
2016-09-27,50.89,50.89,50.86,50.88,13335
2016-09-28,50.91,50.97,50.82,50.89,17528
2016-09-29,50.88,50.88,50.81,50.86,12235
2016-09-30,50.84,50.89,50.83,50.87,9725
2016-10-03,50.77,50.8,50.69,50.73,67412
2016-10-04,50.73,50.74,50.64,50.64,111878
2016-10-05,50.65,50.68,50.61,50.62,27009
2016-10-06,50.68,50.69,50.6,50.67,11101
2016-10-07,50.62,50.73,50.61,50.63,29656
2016-10-10,50.69,50.69,50.58,50.69,51954
2016-10-11,50.67,50.75,50.64,50.64,169417
2016-10-12,50.72,50.72,50.61,50.72,107243
2016-10-13,50.74,50.77,50.66,50.77,3695
2016-10-14,50.74,50.76,50.72,50.74,30030
2016-10-17,50.75,50.77,50.73,50.76,22552
2016-10-18,50.77,50.8,50.72,50.78,16677
2016-10-19,50.8,50.83,50.76,50.82,46969
2016-10-20,50.81,50.82,50.78,50.8,17014
2016-10-21,50.81,50.84,50.8,50.81,25651
2016-10-24,50.81,50.81,50.73,50.75,12573
2016-10-25,50.75,50.79,50.72,50.77,15394
2016-10-26,50.75,50.75,50.73,50.75,7543
2016-10-27,50.72,50.72,50.66,50.71,21194
2016-10-28,50.66,50.72,50.66,50.72,14936
2016-10-31,50.7,50.74,50.69,50.7,22242
2016-11-01,50.65,50.66,50.6,50.66,41167
2016-11-02,50.67,50.71,50.65,50.69,13745
2016-11-03,50.65,50.7,50.61,50.69,90461
2016-11-04,50.69,50.73,50.69,50.71,25959
2016-11-07,50.71,50.82,50.65,50.67,20486
2016-11-08,50.7,50.7,50.63,50.65,35828
2016-11-09,50.6,50.65,50.53,50.56,22629
2016-11-10,50.55,50.56,50.45,50.45,15877
2016-11-11,50.5,50.52,50.44,50.44,56807
2016-11-14,50.35,50.4,50.29,50.38,26768
2016-11-15,50.28,50.39,50.28,50.38,29867
2016-11-16,50.28,50.37,50.28,50.37,19533
2016-11-17,50.37,50.4,50.3,50.33,49715
2016-11-18,50.32,50.32,50.04,50.04,1020606
2016-11-21,50.2,50.26,50.19,50.19,55094
2016-11-22,50.25,50.25,50.19,50.21,34834
2016-11-23,50.14,50.18,50.12,50.12,14044
2016-11-25,50.13,50.17,50.11,50.13,26189
2016-11-28,50.15,50.22,50.15,50.21,57044
2016-11-29,50.15,50.22,50.15,50.2,10558
2016-11-30,50.2,50.22,50.15,50.22,30578
2016-12-01,50.08,50.09,50.01,50.06,21796
2016-12-02,50.14,50.45,50.12,50.12,297235
2016-12-05,50.14,50.17,50.08,50.12,63693
2016-12-06,50.17,50.18,50.12,50.16,36568
2016-12-07,50.18,50.22,50.17,50.2,179555
2016-12-08,50.21,50.21,50.13,50.17,19012
2016-12-09,50.14,50.22,50.12,50.15,29871
2016-12-12,50.16,50.17,50.12,50.15,67000
2016-12-13,50.09,50.16,50.07,50.11,48504
2016-12-14,50.09,50.18,49.99,49.99,52040
2016-12-15,49.99,49.99,49.91,49.95,44644
2016-12-16,50.01,50.03,49.94,49.99,52522
2016-12-19,49.99,50.06,49.99,50.05,336581
2016-12-20,50.03,50.06,49.98,50.03,44886
2016-12-21,50.08,50.09,50.01,50.06,41504
2016-12-22,49.94,50.03,49.94,50.0,75100
2016-12-23,50.04,50.05,49.96,49.98,136664
2016-12-27,50.02,50.03,49.94,50.01,65984
2016-12-28,50.03,50.04,49.99,50.03,34726
2016-12-29,50.03,50.14,50.03,50.13,43034
2016-12-30,50.13,50.22,50.11,50.2,131028
2017-01-03,50.17,50.22,50.13,50.17,51942
2017-01-04,50.22,50.22,50.15,50.19,41236
2017-01-05,50.26,50.31,50.18,50.22,62015
2017-01-06,50.2,50.27,50.16,50.19,49355
2017-01-09,50.28,50.28,50.18,50.21,50409
2017-01-10,50.29,50.29,50.22,50.25,46837
2017-01-11,50.31,50.31,50.21,50.27,40305
2017-01-12,50.33,50.33,50.23,50.31,41069
2017-01-13,50.3,50.3,50.2,50.3,39971
2017-01-17,50.36,50.36,50.3,50.34,107336
2017-01-18,50.33,50.34,50.25,50.29,29743
2017-01-19,50.24,50.27,50.2,50.26,19443
2017-01-20,50.27,50.3,50.24,50.27,20401
2017-01-23,50.33,50.36,50.25,50.33,58948
2017-01-24,50.33,50.35,50.27,50.3,103354
2017-01-25,50.3,50.31,50.25,50.29,34813
2017-01-26,50.31,50.33,50.26,50.33,27255
2017-01-27,50.34,50.34,50.24,50.26,87238
2017-01-30,50.33,50.37,50.25,50.33,310176
2017-01-31,50.3,50.39,50.3,50.34,55153
2017-02-01,50.27,50.3,50.2,50.27,65053
2017-02-02,50.34,50.34,50.27,50.27,50138
2017-02-03,50.37,50.38,50.28,50.32,22908
2017-02-06,50.39,50.39,50.32,50.37,18515
2017-02-07,50.33,50.38,50.33,50.36,33711
2017-02-08,50.43,50.45,50.36,50.42,23165
2017-02-09,50.44,50.44,50.33,50.36,45142
2017-02-10,50.29,50.4,50.29,50.31,36364
2017-02-13,50.38,50.38,50.3,50.36,39227
2017-02-14,50.39,50.39,50.28,50.32,19356
2017-02-15,50.33,50.33,50.28,50.3,32872
2017-02-16,50.3,50.41,50.28,50.38,30994
2017-02-17,50.36,50.44,50.36,50.39,27657
2017-02-21,50.42,50.45,50.35,50.42,56156
2017-02-22,50.48,50.48,50.35,50.41,40741
2017-02-23,50.51,50.52,50.45,50.49,90948
2017-02-24,50.55,50.56,50.5,50.53,42874
2017-02-27,50.51,50.51,50.46,50.46,50052
2017-02-28,50.46,50.5,50.43,50.45,45049
2017-03-01,50.3,50.33,50.28,50.33,39762
2017-03-02,50.29,50.3,50.26,50.28,61285
2017-03-03,50.29,50.31,50.26,50.31,62332
2017-03-06,50.31,50.32,50.26,50.28,89076
2017-03-07,50.26,50.29,50.22,50.24,76128
2017-03-08,50.2,50.2,50.16,50.19,45360
2017-03-09,50.18,50.18,50.12,50.16,62978
2017-03-10,50.19,50.2,50.14,50.19,50504
2017-03-13,50.17,50.18,50.15,50.16,42292
2017-03-14,50.11,50.16,50.11,50.15,19190
2017-03-15,50.15,50.29,50.13,50.28,26731
2017-03-16,50.27,50.29,50.24,50.28,50273
2017-03-17,50.28,50.28,50.22,50.24,57985
2017-03-20,50.25,50.3,50.24,50.3,47696
2017-03-21,50.28,50.32,50.27,50.31,33935
2017-03-22,50.35,50.36,50.33,50.35,157475
2017-03-23,50.37,50.38,50.34,50.36,47425
2017-03-24,50.36,50.38,50.26,50.36,390655
2017-03-27,50.39,50.39,50.35,50.38,84536
2017-03-28,50.36,50.39,50.31,50.35,36085
2017-03-29,50.35,50.39,50.34,50.39,96232
2017-03-30,50.38,50.38,50.27,50.36,47233
2017-03-31,50.41,50.42,50.37,50.41,61383
2017-04-03,50.32,50.38,50.3,50.36,39662
2017-04-04,50.37,50.39,50.33,50.36,98485
2017-04-05,50.36,50.4,50.34,50.4,69273
2017-04-06,50.4,50.4,50.35,50.39,334445
2017-04-07,50.41,50.41,50.3,50.35,137223
2017-04-10,50.35,50.38,50.32,50.37,60122
2017-04-11,50.38,50.43,50.35,50.42,65699
2017-04-12,50.44,50.46,50.41,50.46,47820
2017-04-13,50.48,50.51,50.45,50.51,38074
2017-04-17,50.51,50.53,50.43,50.5,165489
2017-04-18,50.5,50.55,50.5,50.54,73621
2017-04-19,50.54,50.54,50.5,50.52,106134
2017-04-20,50.52,50.52,50.5,50.51,91219
2017-04-21,50.54,50.55,50.51,50.52,40387
2017-04-24,50.48,50.52,50.44,50.5,83467
2017-04-25,50.48,50.49,50.45,50.47,75033
2017-04-26,50.47,50.5,50.45,50.48,58188
2017-04-27,50.52,50.53,50.47,50.48,199552
2017-04-28,50.49,50.53,50.49,50.52,90972
2017-05-01,50.43,50.43,50.37,50.42,74807
2017-05-02,50.42,50.46,50.4,50.44,53019
2017-05-03,50.46,50.46,50.41,50.42,114527
2017-05-04,50.4,50.41,50.38,50.38,76489
2017-05-05,50.4,50.41,50.35,50.4,84137
2017-05-08,50.4,50.4,50.37,50.38,66498
2017-05-09,50.38,50.38,50.34,50.35,64063
2017-05-10,50.42,50.42,50.36,50.37,94066
2017-05-11,50.4,50.43,50.38,50.4,37636
2017-05-12,50.48,50.48,50.44,50.48,54699
2017-05-15,50.5,50.5,50.46,50.49,16684
2017-05-16,50.49,50.52,50.49,50.49,100782
2017-05-17,50.6,50.6,50.54,50.58,40024
2017-05-18,50.52,50.58,50.52,50.55,20477
2017-05-19,50.52,50.56,50.52,50.56,23055
2017-05-22,50.56,50.56,50.54,50.56,31300
2017-05-23,50.54,50.57,50.5,50.53,89914
2017-05-24,50.5,50.57,50.49,50.57,280664
2017-05-25,50.58,50.58,50.53,50.56,50517
2017-05-26,50.57,50.57,50.52,50.56,27336
2017-05-30,50.55,50.61,50.54,50.59,87761
2017-05-31,50.56,50.61,50.56,50.58,64956
2017-06-01,50.49,50.52,50.48,50.5,50464
2017-06-02,50.55,50.56,50.51,50.54,46068
2017-06-05,50.55,50.57,50.51,50.55,65266
2017-06-06,50.58,50.59,50.56,50.56,105653
2017-06-07,50.57,50.57,50.52,50.53,27020
2017-06-08,50.53,50.53,50.49,50.51,32646
2017-06-09,50.49,50.52,50.48,50.52,19898
2017-06-12,50.5,50.52,50.48,50.52,31389
2017-06-13,50.5,50.53,50.47,50.51,37598
2017-06-14,50.57,50.62,50.55,50.55,84542
2017-06-15,50.54,50.55,50.52,50.53,39373
2017-06-16,50.56,50.57,50.52,50.55,44186
2017-06-19,50.57,50.59,50.54,50.54,80251
2017-06-20,50.54,50.56,50.51,50.56,87974
2017-06-21,50.56,50.56,50.51,50.55,55799
2017-06-22,50.59,50.59,50.55,50.59,66508
2017-06-23,50.59,50.59,50.54,50.55,24009
2017-06-26,50.59,50.61,50.56,50.6,133844
2017-06-27,50.58,50.58,50.55,50.56,134919
2017-06-28,50.6,50.6,50.55,50.57,89449
2017-06-29,50.56,50.56,50.51,50.54,328452
2017-06-30,50.55,50.59,50.52,50.52,48834
2017-07-03,50.47,50.47,50.4,50.42,13902
2017-07-05,50.44,50.46,50.42,50.44,36295
2017-07-06,50.45,50.45,50.4,50.41,24686
2017-07-07,50.49,50.49,50.41,50.43,58163
2017-07-10,50.47,50.47,50.43,50.46,71505
2017-07-11,50.48,50.5,50.46,50.48,57037
2017-07-12,50.57,50.59,50.52,50.55,135473
2017-07-13,50.53,50.54,50.51,50.52,29630
2017-07-14,50.61,50.61,50.57,50.59,31699
2017-07-17,50.56,50.6,50.56,50.58,47317
2017-07-18,50.63,50.64,50.58,50.63,182284
2017-07-19,50.63,50.63,50.6,50.63,70753
2017-07-20,50.65,50.66,50.6,50.64,273314
2017-07-21,50.67,50.68,50.65,50.68,33105
2017-07-24,50.67,50.67,50.61,50.65,175423
2017-07-25,50.64,50.64,50.58,50.58,30503
2017-07-26,50.63,50.67,50.59,50.65,72748
2017-07-27,50.66,50.66,50.62,50.65,66230
2017-07-28,50.65,50.69,50.65,50.67,71365
2017-07-31,50.69,50.71,50.66,50.71,49022
2017-08-01,50.6,50.63,50.58,50.63,240778
