Date,Open,High,Low,Close,Volume
2012-05-30,5.5,5.5,5.2,5.25,12500
2012-05-31,5.5,5.6,5.25,5.5,14633
2012-06-01,5.5,5.5,5.12,5.45,7231
2012-06-04,5.1,5.37,5.03,5.03,3410
2012-06-05,5.25,5.35,5.19,5.24,8028
2012-06-06,5.24,5.4,5.2,5.28,13605
2012-06-07,5.03,5.4,5.03,5.3,1993
2012-06-08,5.25,5.4,5.05,5.35,37317
2012-06-11,5.3,5.35,4.98,5.33,26098
2012-06-12,5.3,5.3,5.12,5.3,4861
2012-06-13,5.3,5.5,5.24,5.35,27542
2012-06-14,5.45,5.5,5.1,5.13,7621
2012-06-15,5.35,5.65,5.05,5.05,23265
2012-06-18,5.29,5.29,5.05,5.17,800
2012-06-19,5.3,5.3,5.05,5.1,7427
2012-06-20,5.1,5.1,4.94,5.09,15623
2012-06-21,5.01,5.07,4.74,4.98,6000
2012-06-22,5.0,5.19,4.97,5.0,39174
2012-06-25,4.94,5.0,4.72,4.72,8247
2012-06-26,4.9,5.0,4.72,5.0,6469
2012-06-27,5.0,5.1,4.72,5.0,5370
2012-06-28,4.83,5.0,4.75,5.0,2063
2012-06-29,4.94,5.0,4.94,5.0,5568
2012-07-02,4.89,5.0,4.75,5.0,834
2012-07-03,5.0,5.0,4.99,5.0,2700
2012-07-05,4.97,5.0,4.78,4.78,340
2012-07-06,5.03,5.03,4.7,4.94,1016
2012-07-09,5.02,5.15,4.59,5.04,5710
2012-07-10,4.74,5.05,4.74,5.05,420
2012-07-11,4.8,5.0,4.8,5.0,400
2012-07-13,5.0,5.0,5.0,5.0,100
2012-07-17,5.0,5.0,4.25,5.0,3444
2012-07-18,4.31,5.0,4.31,5.0,734
2012-07-19,4.8,4.99,4.4,4.95,1200
2012-07-20,4.75,4.75,4.75,4.75,1400
2012-07-23,4.01,4.74,4.01,4.74,1030
2012-07-24,4.51,4.7,4.4,4.46,3918
2012-07-25,4.61,4.64,4.5,4.63,400
2012-07-26,4.48,4.62,4.48,4.62,350
2012-07-27,4.06,4.5,3.03,4.5,3256
2012-07-31,4.27,4.45,3.75,4.45,12289
2012-08-01,4.5,4.5,4.3,4.49,2000
2012-08-02,4.5,4.5,4.0,4.09,6718
2012-08-03,4.11,4.35,3.9,4.0,5213
2012-08-06,4.35,4.4,3.9,3.93,2978
2012-08-07,4.1,4.4,3.93,4.25,5080
2012-08-08,4.0,4.4,3.87,4.34,2180
2012-08-09,4.12,4.36,4.12,4.25,2946
2012-08-10,4.4,4.4,4.4,4.4,100
2012-08-13,3.76,4.38,3.76,4.38,1420
2012-08-14,3.78,4.33,3.78,4.31,2024
2012-08-15,4.28,4.28,3.76,4.2,1177
2012-08-16,4.0,4.11,4.0,4.11,767
2012-08-17,3.95,4.25,0.65,0.65,8849
2012-08-20,0.0,4.25,3.84,4.1,2992
2012-08-21,,,,3.97,0
2012-08-22,3.94,4.0,3.4,3.98,4100
2012-08-23,3.91,3.99,3.3,3.94,3374
2012-08-24,3.53,3.9,3.43,3.9,7311
2012-08-27,3.89,3.9,3.2,3.85,5959
2012-08-28,3.45,3.84,3.3,3.75,5417
2012-08-29,3.5,3.88,3.5,3.88,1509
2012-08-30,3.88,3.9,3.88,3.88,1315
2012-08-31,3.87,4.09,3.31,3.63,10862
2012-09-04,3.75,4.17,3.5,3.5,14101
2012-09-05,3.67,3.8,3.6,3.75,5593
2012-09-06,3.5,3.8,3.4,3.8,2588
2012-09-07,3.7,3.7,3.59,3.59,1500
2012-09-10,3.6,3.7,3.6,3.7,1100
2012-09-11,3.57,3.7,3.35,3.7,3300
2012-09-12,3.7,3.7,3.45,3.65,3300
2012-09-13,3.64,3.7,3.46,3.7,2138
2012-09-14,3.47,3.68,3.47,3.68,1923
2012-09-17,3.55,3.55,3.55,3.55,773
2012-09-18,3.65,3.65,3.65,3.65,100
2012-09-19,3.65,3.94,3.65,3.78,25595
2012-09-20,3.83,3.83,3.83,3.83,200
2012-09-21,3.62,3.86,3.51,3.8,3939
2012-09-24,3.88,3.88,3.5,3.64,9562
2012-09-25,3.73,3.86,3.55,3.86,4299
2012-09-26,3.81,3.81,3.81,3.81,194
2012-09-27,3.83,3.83,3.83,3.83,100
2012-09-28,3.84,3.85,3.75,3.8,3019
2012-10-01,3.45,3.86,3.45,3.86,400
2012-10-02,3.85,3.86,3.8,3.8,2600
2012-10-03,3.53,3.8,3.47,3.8,1268
2012-10-04,3.75,3.79,3.5,3.75,1900
2012-10-05,3.76,3.76,3.35,3.57,12467
2012-10-08,3.5,3.7,3.3,3.64,27535
2012-10-09,3.7,3.7,3.7,3.7,100
2012-10-10,3.61,3.7,3.43,3.68,10076
2012-10-11,3.61,3.7,3.27,3.67,1528
2012-10-12,3.7,3.7,3.25,3.55,14156
2012-10-15,3.51,3.69,3.41,3.67,29220
2012-10-16,3.62,3.76,3.45,3.6,23245
2012-10-17,3.58,3.65,3.28,3.62,2400
2012-10-18,3.69,3.69,3.35,3.67,2100
2012-10-19,3.29,3.68,3.27,3.64,11490
2012-10-22,3.51,3.51,3.46,3.51,2300
2012-10-23,3.5,3.5,3.45,3.49,2225
2012-10-24,3.64,3.64,3.64,3.64,100
2012-10-25,3.21,3.67,3.21,3.67,1534
2012-10-26,3.54,3.67,3.27,3.67,3500
2012-10-31,3.54,3.54,3.24,3.47,3100
2012-11-01,3.5,3.5,3.5,3.5,100
2012-11-02,3.5,3.5,3.28,3.47,1101
2012-11-05,3.29,3.48,3.25,3.48,1309
2012-11-06,3.45,3.66,3.25,3.5,7201
2012-11-07,3.41,3.5,3.26,3.44,12608
2012-11-08,3.5,3.5,3.26,3.3,6404
2012-11-09,3.3,3.5,3.3,3.4,2722
2012-11-12,3.25,3.5,3.25,3.5,10394
2012-11-13,3.39,3.5,3.39,3.45,2860
2012-11-14,3.25,3.45,3.21,3.4,10532
2012-11-15,2.72,3.44,2.52,3.35,4579
2012-11-16,,,,3.38,0
2012-11-19,2.93,3.34,2.9,3.22,7615
2012-11-20,3.29,3.29,2.85,3.29,374
2012-11-21,3.01,3.25,2.75,3.06,27381
2012-11-23,2.78,3.34,2.5,2.8,9982
2012-11-26,2.78,2.79,2.34,2.5,44684
2012-11-27,2.44,2.49,2.23,2.48,73522
2012-11-28,1.9,2.47,1.9,2.38,8032
2012-11-29,2.16,2.45,2.06,2.4,7294
2012-11-30,2.37,2.4,1.95,2.3,49348
2012-12-03,2.35,2.35,2.32,2.32,400
2012-12-04,2.26,2.55,2.15,2.15,7133
2012-12-05,2.15,2.4,2.15,2.2,4114
2012-12-06,2.2,2.34,2.0,2.19,29332
2012-12-07,2.02,2.2,2.0,2.18,2700
2012-12-10,2.2,2.2,2.03,2.15,1506
2012-12-11,2.09,2.19,2.06,2.18,17544
2012-12-12,1.91,2.18,1.91,2.15,7801
2012-12-13,2.0,2.15,1.88,2.0,14984
2012-12-14,1.59,1.75,1.5,1.54,341571
2012-12-17,1.6,1.65,1.53,1.6,75457
2012-12-18,1.72,1.74,1.52,1.6,394984
2012-12-19,1.6,1.7,1.2,1.51,79870
2012-12-20,1.66,1.66,1.5,1.51,12912
2012-12-21,1.5,1.62,1.5,1.58,13768
2012-12-24,1.58,1.61,1.55,1.55,18995
2012-12-26,1.56,1.61,1.41,1.49,73674
2012-12-27,1.51,1.59,1.48,1.58,13327
2012-12-28,1.5,1.54,1.41,1.54,22427
2012-12-31,1.5,1.58,1.35,1.45,153348
2013-01-02,1.5,1.57,1.4,1.51,27974
2013-01-03,1.47,1.54,1.4,1.44,27111
2013-01-04,1.41,1.52,1.39,1.44,20180
2013-01-07,1.48,1.53,1.41,1.44,135492
2013-01-08,1.44,1.5,1.32,1.44,39592
2013-01-09,1.35,1.49,1.33,1.4,13095
2013-01-10,1.37,1.44,1.18,1.35,119486
2013-01-11,1.28,1.28,1.07,1.18,481462
2013-01-14,1.26,1.26,1.08,1.09,146527
2013-01-15,1.14,1.18,1.1,1.13,101702
2013-01-16,1.14,1.19,1.0,1.17,1450366
2013-01-17,1.19,1.25,1.14,1.18,101534
2013-01-18,1.19,1.22,1.16,1.2,128775
2013-01-22,1.2,1.21,1.16,1.19,351485
2013-01-23,1.21,1.21,1.1,1.14,91115
2013-01-24,1.1,1.44,1.1,1.19,1478289
2013-01-25,1.2,1.2,1.11,1.17,260066
2013-01-28,1.18,1.18,1.07,1.1,151480
2013-01-29,1.15,1.15,1.04,1.11,135726
2013-01-30,1.13,1.13,1.06,1.09,30944
2013-01-31,1.04,1.11,1.01,1.08,133243
2013-02-01,1.1,1.11,1.03,1.09,87434
2013-02-04,1.11,1.13,1.07,1.13,58512
2013-02-05,1.13,1.28,1.1,1.23,270408
2013-02-06,1.28,1.3,1.19,1.22,100578
2013-02-07,1.22,1.22,1.19,1.22,36613
2013-02-08,1.22,1.29,1.2,1.21,57366
2013-02-11,1.23,1.25,1.17,1.19,29958
2013-02-12,1.16,1.2,1.15,1.17,35378
2013-02-13,1.19,1.36,1.17,1.19,242890
2013-02-14,1.2,1.23,1.18,1.18,34511
2013-02-15,1.18,1.19,1.15,1.18,20276
2013-02-19,1.15,1.19,1.15,1.19,46187
2013-02-20,1.16,1.24,1.15,1.15,47159
2013-02-21,1.15,1.23,1.15,1.21,37813
2013-02-22,1.19,1.24,1.19,1.2,25124
2013-02-25,1.22,1.24,1.2,1.2,33527
2013-02-26,1.25,1.25,1.12,1.25,30210
2013-02-27,1.25,1.26,1.16,1.25,9847
2013-02-28,1.23,1.23,1.12,1.14,25516
2013-03-01,1.14,1.18,1.14,1.15,9735
2013-03-04,1.22,1.69,1.22,1.62,843287
2013-03-05,1.7,1.7,1.42,1.45,248195
2013-03-06,1.53,1.65,1.46,1.64,95673
2013-03-07,1.55,1.62,1.5,1.57,78253
2013-03-08,1.62,1.62,1.48,1.48,34243
2013-03-11,1.57,1.57,1.5,1.56,14017
2013-03-12,1.51,1.56,1.41,1.49,27020
2013-03-13,1.52,1.55,1.48,1.55,13944
2013-03-14,1.49,1.55,1.49,1.55,20776
2013-03-15,1.57,1.85,1.57,1.77,264050
2013-03-18,1.73,1.8,1.62,1.68,120635
2013-03-19,1.74,1.79,1.51,1.55,103020
2013-03-20,1.7,1.7,1.55,1.55,49729
2013-03-21,1.62,1.62,1.5,1.52,39550
2013-03-22,1.51,1.65,1.51,1.64,102347
2013-03-25,1.64,1.7,1.58,1.68,24729
2013-03-26,1.65,1.69,1.56,1.64,26863
2013-03-27,1.58,1.65,1.58,1.58,19850
2013-03-28,1.55,1.63,1.5,1.53,36620
2013-04-01,1.59,1.6,1.53,1.59,32147
2013-04-02,1.59,1.59,1.5,1.52,28706
2013-04-03,1.58,1.58,1.3,1.5,50583
2013-04-04,1.47,1.56,1.43,1.54,22691
2013-04-05,1.5,1.54,1.41,1.54,22350
2013-04-08,1.55,1.55,1.43,1.49,25113
2013-04-09,1.49,1.53,1.4,1.45,74426
2013-04-10,1.5,1.52,1.4,1.5,28937
2013-04-11,1.48,1.52,1.47,1.47,5700
2013-04-12,1.53,1.64,1.41,1.42,41872
2013-04-15,1.4,1.54,1.4,1.4,60389
2013-04-16,1.41,1.5,1.41,1.45,46507
2013-04-17,1.4,1.52,1.4,1.46,28038
2013-04-18,1.5,1.51,1.48,1.48,9550
2013-04-19,1.46,1.5,1.46,1.5,7400
2013-04-22,1.48,1.53,1.48,1.53,8650
2013-04-23,1.52,1.58,1.52,1.58,27451
2013-04-24,1.58,1.65,1.53,1.59,55588
2013-04-25,1.6,1.71,1.6,1.68,70423
2013-04-26,1.7,1.7,1.55,1.57,22947
2013-04-29,1.6,1.71,1.53,1.56,9280
2013-04-30,1.55,1.64,1.55,1.63,30210
2013-05-01,1.6,1.64,1.58,1.62,14108
2013-05-02,1.64,1.64,1.58,1.6,11782
2013-05-03,1.64,1.64,1.6,1.62,20166
2013-05-06,1.62,1.74,1.62,1.62,21785
2013-05-07,1.58,1.69,1.58,1.61,3700
2013-05-08,1.6,1.63,1.58,1.58,10870
2013-05-09,1.58,1.7,1.58,1.69,46839
2013-05-10,1.7,1.87,1.65,1.72,73935
2013-05-13,1.75,2.08,1.71,2.08,122934
2013-05-14,2.1,2.24,1.73,1.84,439323
2013-05-15,2.0,2.04,1.82,1.9,43887
2013-05-16,1.85,1.89,1.61,1.72,123371
2013-05-17,1.75,1.9,1.63,1.69,61951
2013-05-20,1.75,1.8,1.65,1.78,35438
2013-05-21,1.88,1.88,1.73,1.75,53771
2013-05-22,1.85,1.85,1.66,1.67,12357
2013-05-23,1.5,1.84,1.5,1.7,54487
2013-05-24,1.7,1.83,1.62,1.64,27837
2013-05-28,1.64,1.77,1.64,1.71,29662
2013-05-29,1.72,1.77,1.71,1.76,37448
2013-05-30,1.65,1.75,1.65,1.71,39840
2013-05-31,1.74,1.76,1.65,1.71,76489
2013-06-03,1.76,1.76,1.5,1.59,32160
2013-06-04,1.69,1.7,1.61,1.7,23400
2013-06-05,1.66,1.74,1.63,1.69,19625
2013-06-06,1.64,1.65,1.54,1.65,29364
2013-06-07,1.64,1.65,1.57,1.64,3350
2013-06-10,1.74,1.75,1.7,1.75,7381
2013-06-11,1.74,1.8,1.6,1.63,43504
2013-06-12,1.61,1.71,1.55,1.71,11679
2013-06-13,1.67,1.74,1.54,1.68,10845
2013-06-14,1.63,1.73,1.55,1.67,6797
2013-06-17,1.73,1.82,1.67,1.77,57958
2013-06-18,1.8,1.8,1.6,1.73,27297
2013-06-19,1.62,1.75,1.61,1.65,2931
2013-06-20,1.62,1.74,1.57,1.62,59191
2013-06-21,1.58,1.75,1.56,1.59,10798
2013-06-24,1.65,1.67,1.58,1.58,2118
2013-06-25,1.54,1.68,1.54,1.55,14630
2013-06-26,1.55,1.72,1.55,1.61,46554
2013-06-27,1.59,1.72,1.59,1.65,16500
2013-06-28,1.75,1.75,1.61,1.61,47081
2013-07-01,1.72,1.72,1.6,1.63,6250
2013-07-02,1.62,1.79,1.62,1.74,52490
2013-07-03,1.71,1.73,1.71,1.73,14600
2013-07-05,1.71,1.83,1.67,1.83,40658
2013-07-08,1.83,1.99,1.83,1.92,43862
2013-07-09,1.89,1.92,1.78,1.9,3000
2013-07-10,1.88,1.88,1.79,1.83,15725
2013-07-11,1.89,2.21,1.77,1.95,116817
2013-07-12,1.88,2.05,1.88,1.94,14005
2013-07-15,1.9,1.92,1.63,1.9,84475
2013-07-16,1.85,1.85,1.7,1.79,6934
2013-07-17,1.77,1.84,1.65,1.7,26725
2013-07-18,1.73,1.73,1.57,1.58,64038
2013-07-19,1.6,1.68,1.55,1.56,14180
2013-07-22,1.55,1.62,1.55,1.56,11100
2013-07-23,1.61,1.64,1.5,1.5,10266
2013-07-24,1.5,1.75,1.5,1.75,63285
2013-07-25,1.77,1.79,1.6,1.74,25853
2013-07-26,1.68,1.74,1.62,1.63,25050
2013-07-29,1.58,1.71,1.55,1.69,7720
2013-07-30,1.64,1.7,1.6,1.66,6800
2013-07-31,1.63,1.71,1.55,1.69,10840
2013-08-01,1.71,1.71,1.57,1.67,13825
2013-08-02,1.66,1.68,1.62,1.63,1000
2013-08-05,1.6,1.75,1.6,1.67,3425
2013-08-06,1.65,1.75,1.6,1.7,10662
2013-08-07,1.72,1.74,1.69,1.73,2843
2013-08-08,1.63,1.75,1.61,1.63,10956
2013-08-09,1.65,1.68,1.59,1.68,1200
2013-08-12,1.68,1.68,1.67,1.68,7050
2013-08-13,1.71,1.73,1.56,1.69,18526
2013-08-14,1.65,1.72,1.54,1.68,13800
2013-08-15,1.51,1.68,1.5,1.62,14363
2013-08-16,1.54,1.73,1.5,1.68,12966
2013-08-19,1.64,1.67,1.64,1.67,6360
2013-08-20,1.73,1.73,1.54,1.64,12800
2013-08-21,1.7,1.7,1.57,1.64,3900
2013-08-22,1.67,1.67,1.63,1.63,3912
2013-08-23,1.59,1.73,1.59,1.7,3000
2013-08-26,1.64,1.73,1.5,1.62,22178
2013-08-27,1.54,1.64,1.54,1.62,3800
2013-08-28,1.62,1.62,1.52,1.62,3300
2013-08-29,1.6,1.6,1.51,1.53,24012
2013-08-30,1.58,1.7,1.55,1.58,11982
2013-09-03,1.53,1.61,1.5,1.5,29478
2013-09-04,1.54,1.55,1.5,1.53,5919
2013-09-05,1.51,1.57,1.5,1.56,8062
2013-09-06,1.53,1.53,1.5,1.53,7700
2013-09-09,1.5,1.68,1.5,1.51,21220
2013-09-10,1.6,1.63,1.51,1.6,28390
2013-09-11,1.56,1.63,1.52,1.55,15661
2013-09-12,1.59,1.6,1.5,1.5,10709
2013-09-13,1.52,1.58,1.41,1.45,18724
2013-09-16,1.45,1.56,1.35,1.43,61149
2013-09-17,1.4,1.48,1.39,1.39,17840
2013-09-18,1.41,1.45,1.31,1.44,37853
2013-09-19,1.42,1.5,1.38,1.38,6759
2013-09-20,1.36,1.6,1.36,1.5,26797
2013-09-23,1.58,1.62,1.44,1.53,101509
2013-09-24,1.52,1.61,1.51,1.58,26344
2013-09-25,1.65,1.65,1.6,1.65,20000
2013-09-26,1.68,1.68,1.56,1.65,6366
2013-09-27,1.67,1.69,1.57,1.68,17564
2013-09-30,1.65,1.7,1.58,1.67,23106
2013-10-01,1.65,1.68,1.5,1.65,121012
2013-10-02,1.62,1.65,1.47,1.63,11349
2013-10-03,1.58,1.62,1.55,1.58,514
2013-10-04,1.55,1.59,1.52,1.59,1634
2013-10-07,1.55,1.59,1.53,1.57,7973
2013-10-08,1.61,1.63,1.5,1.63,5900
2013-10-09,1.58,1.65,1.58,1.6,11149
2013-10-10,1.55,1.6,1.53,1.6,2650
2013-10-11,1.58,1.75,1.49,1.63,148106
2013-10-14,1.68,2.05,1.59,1.86,232604
2013-10-15,1.95,2.1,1.7,1.76,287540
2013-10-16,1.76,1.86,1.65,1.83,85223
2013-10-17,1.79,1.84,1.71,1.78,25119
2013-10-18,1.8,1.8,1.65,1.74,29652
2013-10-21,1.68,1.77,1.66,1.75,37434
2013-10-22,1.75,1.78,1.62,1.78,26566
2013-10-23,1.71,1.79,1.68,1.78,46525
2013-10-24,1.78,1.79,1.62,1.76,36214
2013-10-25,1.75,1.78,1.67,1.78,3360
2013-10-28,1.75,1.75,1.68,1.71,17166
2013-10-29,1.67,1.73,1.67,1.73,3600
2013-10-30,1.77,1.78,1.67,1.74,8865
2013-10-31,1.74,1.8,1.71,1.78,17250
2013-11-01,1.7,1.87,1.7,1.87,31450
2013-11-04,1.74,1.9,1.74,1.88,53473
2013-11-05,1.88,1.97,1.85,1.92,74937
2013-11-06,1.92,2.04,1.92,2.01,82703
2013-11-07,2.1,2.49,1.96,2.27,230774
2013-11-08,3.0,3.0,2.42,2.91,868393
2013-11-11,2.97,3.25,2.61,3.13,480853
2013-11-12,3.13,3.19,2.68,2.74,209957
2013-11-13,2.71,2.89,2.71,2.89,85519
2013-11-14,2.89,2.89,2.68,2.78,87058
2013-11-15,2.77,2.77,2.18,2.65,237896
2013-11-18,2.58,2.69,2.41,2.57,82575
2013-11-19,2.51,2.7,2.5,2.66,80772
2013-11-20,2.7,2.74,2.62,2.7,26532
2013-11-21,2.63,2.74,2.55,2.66,56210
2013-11-22,2.61,2.78,2.58,2.68,14990
2013-11-25,2.7,2.7,2.58,2.58,65478
2013-11-26,2.55,2.55,2.35,2.47,49754
2013-11-27,2.47,2.5,2.41,2.49,18669
2013-11-29,2.5,2.5,2.38,2.47,10272
2013-12-02,2.43,2.46,2.29,2.43,20507
2013-12-03,2.34,2.41,2.23,2.33,42271
2013-12-04,2.37,2.45,2.28,2.32,38794
2013-12-05,2.29,2.37,2.26,2.29,33610
2013-12-06,2.26,2.43,2.23,2.42,43778
2013-12-09,2.38,2.69,2.38,2.56,53390
2013-12-10,2.47,2.56,2.43,2.48,34307
2013-12-11,2.48,2.69,2.43,2.53,84691
2013-12-12,2.54,2.6,2.46,2.56,29214
2013-12-13,2.58,2.6,2.51,2.6,12358
2013-12-16,2.59,2.61,2.55,2.6,5923
2013-12-17,2.57,2.68,2.57,2.68,47341
2013-12-18,2.68,2.76,2.52,2.69,20445
2013-12-19,2.7,2.7,2.52,2.63,87578
2013-12-20,2.55,2.89,2.39,2.49,30948
2013-12-23,2.48,2.51,2.32,2.43,24831
2013-12-24,2.4,2.5,2.33,2.5,17142
2013-12-26,2.47,2.54,2.31,2.4,67268
2013-12-27,2.36,2.39,2.08,2.23,65128
2013-12-30,2.16,2.35,2.16,2.25,92419
2013-12-31,2.3,2.31,2.26,2.26,33829
2014-01-02,2.3,2.3,2.24,2.27,8600
2014-01-03,2.24,2.34,2.24,2.26,25238
2014-01-06,2.24,2.44,2.24,2.44,56666
2014-01-07,2.45,2.55,2.34,2.48,27830
2014-01-08,2.45,2.53,2.45,2.46,10845
2014-01-09,2.46,2.61,2.46,2.57,50379
2014-01-10,2.59,2.59,2.54,2.57,36113
2014-01-13,2.51,2.64,2.4,2.47,85865
2014-01-14,2.51,2.58,2.36,2.57,39056
2014-01-15,2.53,2.57,2.35,2.55,31577
2014-01-16,2.5,2.74,2.5,2.64,24856
2014-01-17,2.6,2.65,2.56,2.57,26803
2014-01-21,2.56,2.67,2.56,2.67,28850
2014-01-22,2.63,2.73,2.6,2.66,35459
2014-01-23,2.7,3.1,2.63,2.88,976788
2014-01-24,2.8,2.89,2.56,2.63,140541
2014-01-27,2.63,2.66,2.4,2.52,103461
2014-01-28,2.51,2.65,2.51,2.53,20083
2014-01-29,2.51,2.63,2.45,2.57,41693
2014-01-30,2.9,3.35,2.72,3.03,2409735
2014-01-31,2.96,3.05,2.76,2.91,644060
2014-02-03,2.99,3.05,2.53,2.71,438361
2014-02-04,2.68,2.8,2.52,2.76,167707
2014-02-05,2.71,2.79,2.57,2.63,104352
2014-02-06,2.71,2.71,2.55,2.56,109282
2014-02-07,2.62,3.34,2.5,3.31,1357688
2014-02-10,3.64,5.85,3.52,5.62,12365637
2014-02-11,5.43,7.35,4.87,5.07,20905495
2014-02-12,5.27,6.1,5.05,5.72,8190879
2014-02-13,5.72,6.25,5.51,5.84,4681628
2014-02-14,5.86,6.09,5.32,5.75,2591079
2014-02-18,5.78,6.05,5.52,5.77,1647063
2014-02-19,5.86,6.49,5.7,6.0,3915683
2014-02-20,6.1,6.2,5.85,5.97,874034
2014-02-21,6.2,6.4,5.95,6.16,1515249
2014-02-24,6.25,6.25,5.59,5.69,1541061
2014-02-25,5.61,5.68,5.26,5.45,1018222
2014-02-26,5.45,5.63,5.13,5.17,896100
2014-02-27,5.18,5.94,5.07,5.78,1984822
2014-02-28,5.48,5.69,5.22,5.28,1552854
2014-03-03,5.12,5.18,4.67,5.01,1249496
2014-03-04,5.16,5.8,4.91,5.79,3329674
2014-03-05,5.69,5.79,5.31,5.53,1251811
2014-03-06,5.61,5.95,5.05,5.25,1279682
2014-03-07,5.35,5.35,5.04,5.1,760435
2014-03-10,5.19,5.25,4.9,5.07,406032
2014-03-11,4.99,5.39,4.91,5.05,586834
2014-03-12,4.95,5.05,4.9,4.92,547595
2014-03-13,4.94,5.75,4.93,5.3,3445345
2014-03-14,5.36,5.64,5.05,5.15,1336829
2014-03-17,5.17,6.7,5.07,6.65,5734293
2014-03-18,6.75,7.12,5.76,6.07,5654241
2014-03-19,6.01,6.29,5.77,5.83,1867278
2014-03-20,5.75,6.0,5.51,5.66,1098320
2014-03-21,5.75,5.75,5.35,5.39,829437
2014-03-24,5.37,5.38,5.0,5.05,1307726
2014-03-25,5.15,5.33,4.85,4.86,1151289
2014-03-26,4.98,4.99,4.44,4.5,871268
2014-03-27,4.42,4.79,4.31,4.49,497978
2014-03-28,4.59,4.63,4.31,4.38,612677
2014-03-31,4.62,5.05,4.4,4.91,2150965
2014-04-01,3.99,4.3,3.85,4.23,2086567
2014-04-02,4.22,4.52,4.22,4.39,962281
2014-04-03,4.35,4.41,4.05,4.06,572319
2014-04-04,4.5,4.57,3.9,4.09,1593723
2014-04-07,4.01,4.04,3.56,3.57,1290675
2014-04-08,3.57,3.68,3.4,3.6,440235
2014-04-09,3.69,3.83,3.57,3.78,383079
2014-04-10,3.77,3.77,3.43,3.44,350257
2014-04-11,3.36,3.5,3.28,3.34,352243
2014-04-14,3.4,3.63,3.35,3.45,276771
2014-04-15,3.51,3.56,3.01,3.3,469767
2014-04-16,3.4,3.72,3.33,3.62,970955
2014-04-17,3.02,3.48,2.98,3.46,2178638
2014-04-21,3.44,3.44,3.17,3.19,385685
2014-04-22,3.2,3.38,3.15,3.25,393988
2014-04-23,3.24,3.34,3.07,3.12,233463
2014-04-24,3.14,3.53,3.01,3.3,1261427
2014-04-25,3.26,3.35,3.1,3.17,246696
2014-04-28,3.17,3.2,2.71,2.78,810807
2014-04-29,2.8,2.88,2.62,2.72,348029
2014-04-30,2.81,3.03,2.73,2.97,908591
2014-05-01,2.98,2.99,2.76,2.81,197038
2014-05-02,2.81,2.87,2.67,2.7,221736
2014-05-05,2.67,2.84,2.53,2.78,359638
2014-05-06,2.8,2.83,2.62,2.68,179617
2014-05-07,2.67,2.72,2.31,2.41,339161
2014-05-08,2.43,2.6,2.39,2.44,259484
2014-05-09,2.45,2.46,2.25,2.34,119728
2014-05-12,2.38,2.6,2.37,2.56,213599
2014-05-13,2.6,2.8,2.6,2.76,257629
2014-05-14,2.83,2.84,2.55,2.71,167837
2014-05-15,2.71,2.71,2.5,2.71,228772
2014-05-16,2.66,2.66,2.44,2.5,231347
2014-05-19,2.55,2.64,2.17,2.27,319081
2014-05-20,2.31,2.32,1.92,2.02,509786
2014-05-21,2.0,2.12,2.0,2.11,196351
2014-05-22,2.1,2.28,2.01,2.16,528020
2014-05-23,2.32,3.7,2.23,3.23,4443092
2014-05-27,3.21,3.23,2.66,2.82,1376162
2014-05-28,2.82,3.24,2.7,3.12,1341172
2014-05-29,3.17,3.58,3.03,3.27,1370738
2014-05-30,3.26,3.53,3.2,3.21,683366
2014-06-02,3.22,3.35,2.96,3.27,781393
2014-06-03,3.15,3.15,2.95,3.09,444601
2014-06-04,3.01,3.1,2.96,3.07,150231
2014-06-05,3.03,3.25,2.98,3.02,362640
2014-06-06,3.07,3.37,3.02,3.28,901872
2014-06-09,3.25,3.64,3.19,3.36,1161977
2014-06-10,3.37,3.7,3.23,3.54,962793
2014-06-11,3.54,3.89,3.42,3.57,1183003
2014-06-12,3.59,3.85,3.45,3.56,878435
2014-06-13,3.69,3.9,3.45,3.71,1123041
2014-06-16,3.68,3.95,3.56,3.62,788740
2014-06-17,3.57,3.97,3.57,3.74,1432596
2014-06-18,3.71,3.84,3.64,3.68,617544
2014-06-19,3.72,3.72,3.52,3.57,315226
2014-06-20,3.54,3.64,3.3,3.37,604843
2014-06-23,3.37,3.39,3.03,3.1,770058
2014-06-24,3.19,3.2,2.84,2.93,444625
2014-06-25,2.82,2.9,2.77,2.81,489778
2014-06-26,2.85,2.88,2.67,2.72,465359
2014-06-27,2.71,2.77,2.61,2.7,279101
2014-06-30,2.71,2.84,2.66,2.69,275285
2014-07-01,2.7,2.96,2.7,2.87,873343
2014-07-02,2.83,3.14,2.8,3.12,1138492
2014-07-03,3.1,3.1,2.78,2.85,562277
2014-07-07,2.81,2.89,2.62,2.75,382711
2014-07-08,2.71,2.79,2.45,2.75,392990
2014-07-09,2.79,3.06,2.74,2.9,963453
2014-07-10,2.85,2.86,2.66,2.75,321085
2014-07-11,2.78,2.78,2.65,2.7,136164
2014-07-14,2.76,2.76,2.62,2.65,186468
2014-07-15,2.74,2.74,2.47,2.52,327230
2014-07-16,2.51,2.57,2.43,2.52,285049
2014-07-17,2.52,2.6,2.47,2.55,90330
2014-07-18,2.51,2.8,2.46,2.74,871712
2014-07-21,2.75,2.87,2.66,2.7,429941
2014-07-22,2.71,2.8,2.63,2.68,111619
2014-07-23,2.65,2.9,2.65,2.86,772104
2014-07-24,2.9,2.95,2.72,2.77,262301
2014-07-25,2.75,2.88,2.7,2.78,291434
2014-07-28,2.78,2.89,2.73,2.78,199206
2014-07-29,2.83,2.83,2.7,2.71,149469
2014-07-30,2.7,2.74,2.65,2.67,130969
2014-07-31,2.68,2.68,2.44,2.52,245174
2014-08-01,2.5,2.54,2.32,2.39,147140
2014-08-04,2.4,2.53,2.4,2.47,129960
2014-08-05,2.49,2.63,2.49,2.59,159484
2014-08-06,2.56,2.66,2.51,2.61,153526
2014-08-07,2.64,2.66,2.61,2.64,41269
2014-08-08,2.66,2.68,2.6,2.63,93864
2014-08-11,2.61,2.67,2.46,2.55,122775
2014-08-12,2.56,2.59,2.35,2.44,172995
2014-08-13,2.45,2.56,2.45,2.53,113079
2014-08-14,2.56,2.65,2.45,2.53,218929
2014-08-15,2.57,2.6,1.89,2.37,528879
2014-08-18,2.35,2.38,2.26,2.31,172951
2014-08-19,2.32,2.43,2.28,2.34,241209
2014-08-20,2.39,2.47,2.31,2.42,133642
2014-08-21,2.46,2.47,2.32,2.42,60624
2014-08-22,2.42,2.42,2.37,2.41,53978
2014-08-25,2.41,2.42,2.34,2.36,58092
2014-08-26,2.34,2.43,2.34,2.36,139476
2014-08-27,2.42,2.42,2.29,2.34,55698
2014-08-28,2.32,2.32,2.2,2.28,286687
2014-08-29,2.27,2.27,2.15,2.18,254856
2014-09-02,2.18,2.23,2.05,2.08,201058
2014-09-03,2.07,2.08,1.96,1.98,294214
2014-09-04,1.97,1.97,1.85,1.92,323078
2014-09-05,1.93,1.96,1.8,1.87,248400
2014-09-08,1.88,2.26,1.84,2.26,744002
2014-09-09,2.21,2.6,2.21,2.38,790162
2014-09-10,2.33,2.37,2.07,2.13,319844
2014-09-11,2.15,2.29,2.15,2.23,173653
2014-09-12,2.24,2.24,2.11,2.16,77562
2014-09-15,2.11,2.15,1.98,2.04,237201
2014-09-16,2.03,2.12,1.95,2.04,134673
2014-09-17,2.04,2.08,1.94,1.98,129952
2014-09-18,2.0,2.12,1.96,2.01,305380
2014-09-19,2.0,2.1,1.89,1.91,221582
2014-09-22,1.92,1.93,1.81,1.85,195887
2014-09-23,1.81,1.97,1.81,1.84,284861
2014-09-24,1.84,1.92,1.83,1.88,56947
2014-09-25,1.89,1.89,1.75,1.8,200683
2014-09-26,1.82,1.95,1.76,1.93,124415
2014-09-29,1.92,2.12,1.91,2.12,721056
2014-09-30,2.15,2.16,1.99,2.1,362838
2014-10-01,2.11,2.11,1.81,1.86,193807
2014-10-02,1.95,1.99,1.83,1.96,97673
2014-10-03,2.0,2.05,1.98,2.02,212347
2014-10-06,2.05,2.05,1.91,1.98,165990
2014-10-07,1.99,2.04,1.9,1.95,129649
2014-10-08,1.91,1.99,1.85,1.88,114686
2014-10-09,1.85,1.94,1.83,1.83,86094
2014-10-10,1.82,1.83,1.65,1.68,206926
2014-10-13,1.65,1.75,1.61,1.66,99063
2014-10-14,1.7,1.73,1.61,1.66,89869
2014-10-15,1.65,1.74,1.63,1.67,137117
2014-10-16,1.64,1.72,1.64,1.71,61315
2014-10-17,1.73,1.89,1.71,1.84,58314
2014-10-20,1.85,1.89,1.79,1.84,23186
2014-10-21,1.89,1.95,1.73,1.76,94352
2014-10-22,1.8,1.81,1.73,1.76,57206
2014-10-23,1.74,1.79,1.74,1.74,39975
2014-10-24,1.76,1.82,1.74,1.79,53221
2014-10-27,1.76,1.86,1.76,1.78,51870
2014-10-28,1.78,1.84,1.72,1.72,60636
2014-10-29,1.73,1.77,1.72,1.73,33077
2014-10-30,1.75,1.79,1.74,1.75,51909
2014-10-31,1.74,2.69,1.73,2.04,3504962
2014-11-03,1.93,2.25,1.86,1.92,711802
2014-11-04,2.0,2.6,1.91,2.45,2423942
2014-11-05,2.8,3.43,2.8,3.12,24484650
2014-11-06,3.07,3.18,2.77,3.01,5666269
2014-11-07,2.97,3.0,2.76,2.87,986488
2014-11-10,2.8,3.17,2.67,2.67,1702010
2014-11-11,2.64,2.78,2.53,2.58,899775
2014-11-12,2.57,2.78,2.47,2.65,673956
2014-11-13,2.65,2.7,2.45,2.56,558476
2014-11-14,2.06,2.2,1.97,2.2,1213072
2014-11-17,2.15,2.21,2.02,2.02,274292
2014-11-18,2.02,2.3,2.01,2.12,750411
2014-11-19,2.07,2.12,2.01,2.01,157281
2014-11-20,2.01,2.17,2.0,2.1,309549
2014-11-21,2.15,2.2,2.1,2.1,157884
2014-11-24,2.15,2.19,2.1,2.14,181787
2014-11-25,2.19,2.19,2.12,2.15,64783
2014-11-26,2.15,2.38,2.15,2.37,494342
2014-11-28,2.45,2.45,2.31,2.36,142571
2014-12-01,2.4,2.4,2.27,2.33,116228
2014-12-02,2.35,2.35,2.2,2.34,166564
2014-12-03,2.34,2.34,2.29,2.32,82206
2014-12-04,2.31,2.31,2.2,2.26,93139
2014-12-05,2.25,2.26,2.22,2.25,150195
2014-12-08,2.25,2.39,2.21,2.36,242676
2014-12-09,2.29,2.29,2.2,2.2,58326
2014-12-10,2.27,2.28,2.18,2.18,100739
2014-12-11,2.23,2.46,2.17,2.34,585264
2014-12-12,2.37,2.39,2.28,2.3,122126
2014-12-15,2.28,2.36,2.2,2.24,148488
2014-12-16,2.21,2.21,2.15,2.18,148860
2014-12-17,2.22,2.22,2.06,2.09,143474
2014-12-18,2.08,2.15,2.06,2.09,81411
2014-12-19,2.13,2.14,2.07,2.11,69716
2014-12-22,2.09,2.33,2.07,2.23,332003
2014-12-23,2.28,2.3,2.15,2.18,137488
2014-12-24,2.16,2.19,2.13,2.14,40384
2014-12-26,2.15,2.2,2.06,2.07,174322
2014-12-29,2.0,2.09,1.95,2.0,179652
2014-12-30,2.0,2.07,1.93,2.01,145956
2014-12-31,1.93,2.08,1.91,2.06,154820
2015-01-02,2.09,2.15,1.99,2.15,66941
2015-01-05,2.02,2.15,2.01,2.01,85633
2015-01-06,2.03,2.06,2.01,2.03,44383
2015-01-07,2.08,2.13,2.04,2.1,77286
2015-01-08,2.12,2.14,1.98,2.13,71777
2015-01-09,2.11,2.11,2.05,2.06,27341
2015-01-12,2.06,2.11,2.06,2.08,24108
2015-01-13,2.09,2.17,2.09,2.15,137935
2015-01-14,2.12,2.13,2.03,2.07,56619
2015-01-15,2.1,2.1,2.0,2.09,43988
2015-01-16,2.05,2.14,2.05,2.05,70162
2015-01-20,2.05,2.07,2.05,2.05,40923
2015-01-21,2.05,2.1,2.05,2.05,57525
2015-01-22,2.07,2.15,2.07,2.1,79658
2015-01-23,2.07,2.16,2.07,2.1,52372
2015-01-26,2.1,2.21,2.07,2.12,109010
2015-01-27,2.06,2.16,2.06,2.08,23808
2015-01-28,2.0,2.1,2.0,2.0,207472
2015-01-29,2.05,2.08,2.02,2.02,35880
2015-01-30,2.07,2.08,2.05,2.05,89354
2015-02-02,2.64,3.4,2.4,2.46,16167273
2015-02-03,2.42,2.43,2.15,2.25,1505429
2015-02-04,2.2,2.29,2.12,2.2,547470
2015-02-05,2.17,2.34,2.1,2.29,850991
2015-02-06,2.33,2.38,2.23,2.24,527763
2015-02-09,2.24,2.33,2.13,2.13,288872
2015-02-10,2.22,2.22,2.13,2.19,139883
2015-02-11,2.15,2.22,2.13,2.18,120162
2015-02-12,2.21,2.21,2.16,2.18,118314
2015-02-13,2.2,2.24,2.13,2.22,226021
2015-02-17,2.18,2.21,2.13,2.14,139930
2015-02-18,2.14,2.24,2.1,2.24,153076
2015-02-19,2.18,2.25,2.16,2.25,69893
2015-02-20,2.22,2.33,2.22,2.25,94840
2015-02-23,2.25,2.3,2.2,2.2,63289
2015-02-24,2.27,2.27,2.22,2.25,77953
2015-02-25,2.2,2.28,2.2,2.27,122667
2015-02-26,2.29,2.29,2.25,2.25,126368
2015-02-27,2.29,2.29,2.25,2.25,107708
2015-03-02,2.27,2.27,2.16,2.24,172265
2015-03-03,2.2,2.23,2.1,2.1,133573
2015-03-04,2.13,2.13,2.05,2.05,94787
2015-03-05,2.05,2.15,2.02,2.05,89042
2015-03-06,2.05,2.11,2.05,2.06,46318
2015-03-09,2.09,2.09,2.04,2.06,143715
2015-03-10,2.04,2.1,1.94,2.02,143610
2015-03-11,2.02,2.09,1.97,2.09,60475
2015-03-12,2.09,2.23,2.09,2.21,131493
2015-03-13,2.21,2.25,2.21,2.23,87480
2015-03-16,2.21,2.23,2.21,2.21,40086
2015-03-17,2.21,2.37,2.21,2.3,201385
2015-03-18,2.37,2.61,2.31,2.36,627752
2015-03-19,2.34,2.36,2.26,2.28,111826
2015-03-20,2.26,2.29,2.25,2.25,96759
2015-03-23,2.23,2.27,2.21,2.22,100979
2015-03-24,2.25,2.29,2.23,2.29,79944
2015-03-25,2.27,2.31,2.21,2.24,115762
2015-03-26,2.19,2.37,2.19,2.26,108052
2015-03-27,2.28,2.47,2.28,2.42,196266
2015-03-30,2.35,2.37,2.12,2.15,530127
2015-03-31,2.17,2.2,2.1,2.14,193542
2015-04-01,2.14,2.32,2.04,2.07,130810
2015-04-02,2.1,2.13,2.01,2.05,106952
2015-04-06,2.07,2.11,2.0,2.02,225863
2015-04-07,2.02,2.08,1.99,2.08,88079
2015-04-08,2.03,2.2,2.03,2.16,120648
2015-04-09,2.18,2.18,2.1,2.12,48143
2015-04-10,2.09,2.18,2.09,2.16,104817
2015-04-13,2.13,2.19,2.1,2.19,60532
2015-04-14,2.16,2.16,2.11,2.11,67146
2015-04-15,2.11,2.17,2.1,2.17,31669
2015-04-16,2.13,2.18,2.09,2.16,22758
2015-04-17,2.14,2.27,2.07,2.19,144467
2015-04-20,2.25,2.25,2.05,2.14,126611
2015-04-21,2.19,2.19,2.08,2.15,53310
2015-04-22,2.19,2.23,2.12,2.17,75431
2015-04-23,2.13,2.35,2.13,2.26,353452
2015-04-24,2.25,2.34,2.25,2.29,32815
2015-04-27,2.3,2.32,2.27,2.29,86578
2015-04-28,2.51,2.78,2.15,2.17,3697029
2015-04-29,2.15,2.2,2.07,2.11,374392
2015-04-30,2.15,2.21,2.14,2.18,90241
2015-05-01,2.14,2.2,2.12,2.12,181784
2015-05-04,2.15,2.17,2.11,2.11,150742
2015-05-05,2.1,2.15,2.05,2.15,147714
2015-05-06,2.17,2.18,2.06,2.15,68221
2015-05-07,2.15,2.15,2.07,2.14,68356
2015-05-08,2.14,2.15,2.09,2.15,64370
2015-05-11,2.12,2.14,2.07,2.11,57231
2015-05-12,2.15,2.15,2.11,2.15,42472
2015-05-13,2.15,2.24,2.11,2.18,110306
2015-05-14,2.3,2.31,2.1,2.16,144410
2015-05-15,2.16,2.33,2.11,2.18,909792
2015-05-18,2.19,2.19,2.11,2.12,96426
2015-05-19,2.12,2.15,2.07,2.09,107449
2015-05-20,2.11,2.29,2.09,2.14,134998
2015-05-21,2.12,2.17,2.1,2.1,55602
2015-05-22,2.12,2.22,2.1,2.18,243593
2015-05-26,2.17,2.19,2.11,2.16,89360
2015-05-27,2.14,2.19,2.12,2.12,72050
2015-05-28,2.15,2.16,2.13,2.15,22931
2015-05-29,2.15,2.17,2.13,2.14,78097
2015-06-01,2.18,2.2,2.13,2.15,61413
2015-06-02,2.15,2.2,2.15,2.18,110650
2015-06-03,2.2,2.23,2.18,2.2,143374
2015-06-04,2.23,2.23,2.17,2.21,29364
2015-06-05,2.22,2.29,2.2,2.24,176281
2015-06-08,2.21,2.29,2.2,2.25,91579
2015-06-09,2.28,2.34,2.22,2.25,176135
2015-06-10,2.28,2.36,2.25,2.32,157530
2015-06-11,2.35,2.4,2.3,2.37,78137
2015-06-12,2.39,2.44,2.3,2.34,101746
2015-06-15,2.3,2.33,2.26,2.33,31642
2015-06-16,2.32,2.33,2.26,2.26,66571
2015-06-17,2.29,2.32,2.22,2.29,84072
2015-06-18,2.24,2.27,2.15,2.22,229988
2015-06-19,2.21,2.28,2.18,2.22,48082
2015-06-22,2.21,2.23,2.16,2.17,31996
2015-06-23,2.16,2.25,2.16,2.2,87235
2015-06-24,2.22,2.26,2.13,2.2,52741
2015-06-25,2.18,2.28,2.15,2.21,58444
2015-06-26,2.21,2.26,2.15,2.19,34008
2015-06-29,2.17,2.21,2.11,2.11,42130
2015-06-30,2.11,2.16,2.06,2.07,28216
2015-07-01,2.07,2.15,2.07,2.1,25112
2015-07-02,2.12,2.13,2.08,2.09,24735
2015-07-06,2.09,2.15,2.08,2.12,36214
2015-07-07,2.12,2.13,2.06,2.09,143617
2015-07-08,2.06,2.09,1.85,2.0,153019
2015-07-09,1.98,2.04,1.94,1.94,24745
2015-07-10,2.01,2.09,1.99,2.09,39656
2015-07-13,2.1,2.1,2.03,2.09,25457
2015-07-14,2.1,2.1,2.04,2.09,23889
2015-07-15,2.06,2.09,1.97,2.03,72806
2015-07-16,2.01,2.08,2.0,2.02,22307
2015-07-17,2.04,2.08,2.0,2.03,23678
2015-07-20,2.0,2.06,1.96,1.99,57533
2015-07-21,1.97,2.0,1.91,1.94,78942
2015-07-22,1.9,1.99,1.9,1.95,24781
2015-07-23,1.99,2.03,1.99,2.01,24050
2015-07-24,2.03,2.03,1.95,2.0,24305
2015-07-27,1.96,2.0,1.95,1.97,31129
2015-07-28,1.97,2.03,1.95,1.95,28366
2015-07-29,1.97,2.02,1.96,2.0,11934
2015-07-30,2.03,2.03,1.99,2.0,26596
2015-07-31,2.01,2.03,1.97,2.0,17630
2015-08-03,2.0,2.03,2.0,2.03,40156
2015-08-04,2.0,2.05,1.98,1.99,34710
2015-08-05,1.98,2.02,1.98,2.01,29616
2015-08-06,1.99,2.01,1.98,1.98,18772
2015-08-07,1.99,2.05,1.98,2.02,44972
2015-08-10,2.01,2.13,2.01,2.08,70632
2015-08-11,2.1,2.15,2.03,2.07,42135
2015-08-12,2.08,2.11,2.02,2.1,39458
2015-08-13,2.07,2.27,1.99,2.22,453588
2015-08-14,2.22,2.49,2.13,2.49,742716
2015-08-17,2.48,2.48,2.2,2.21,582762
2015-08-18,2.19,2.24,2.12,2.18,173922
2015-08-19,2.14,2.2,2.08,2.14,65986
2015-08-20,2.16,2.21,2.12,2.19,84526
2015-08-21,2.23,2.23,2.15,2.17,89573
2015-08-24,2.02,2.08,1.99,1.99,195444
2015-08-25,2.04,2.14,2.03,2.08,95660
2015-08-26,2.08,2.08,1.99,2.02,49683
2015-08-27,2.02,2.1,2.0,2.1,60880
2015-08-28,2.05,2.14,2.02,2.09,21556
2015-08-31,2.1,2.1,2.05,2.05,10202
2015-09-01,2.09,2.09,2.03,2.05,44052
2015-09-02,2.05,2.08,2.02,2.03,26386
2015-09-03,2.09,2.09,2.01,2.07,33188
2015-09-04,2.09,2.1,1.8,2.01,135833
2015-09-08,2.06,2.06,1.9,1.94,47553
2015-09-09,1.96,2.04,1.95,2.02,25221
2015-09-10,1.99,2.01,1.96,1.97,5625
2015-09-11,1.97,2.0,1.88,1.9,32203
2015-09-14,1.89,1.98,1.89,1.95,19823
2015-09-15,1.98,2.09,1.9,1.98,52874
2015-09-16,2.08,2.08,1.92,1.92,33806
2015-09-17,2.0,2.0,1.87,1.87,30909
2015-09-18,1.89,2.01,1.88,1.93,18580
2015-09-21,2.02,2.02,1.91,2.01,32918
2015-09-22,2.01,2.01,1.92,1.93,19069
2015-09-23,1.93,1.98,1.91,1.92,46022
2015-09-24,1.94,1.94,1.85,1.88,53464
2015-09-25,1.99,1.99,1.85,1.89,36292
2015-09-28,1.89,1.92,1.85,1.87,41319
2015-09-29,1.9,1.98,1.85,1.92,49484
2015-09-30,1.85,1.91,1.85,1.9,9676
2015-10-01,1.94,1.95,1.9,1.93,29275
2015-10-02,1.94,2.09,1.89,2.09,188225
2015-10-05,2.02,2.13,1.96,2.08,25539
2015-10-06,2.1,2.1,1.99,2.03,29043
2015-10-07,1.99,2.04,1.95,1.95,19712
2015-10-08,2.08,2.08,1.92,1.95,18490
2015-10-09,1.95,2.07,1.92,1.93,54491
2015-10-12,1.98,1.98,1.94,1.97,3697
2015-10-13,2.0,2.08,1.92,1.92,35033
2015-10-14,2.01,2.01,1.94,1.94,4337
2015-10-15,1.92,2.03,1.92,1.99,24954
2015-10-16,2.05,2.16,1.95,2.01,176857
2015-10-19,1.96,2.11,1.96,2.04,47261
2015-10-20,2.07,2.09,2.01,2.01,30831
2015-10-21,2.05,2.11,2.03,2.04,6227
2015-10-22,2.11,2.11,2.0,2.0,21546
2015-10-23,2.0,2.08,1.86,1.9,66265
2015-10-26,1.97,2.05,1.87,1.89,98550
2015-10-27,1.84,1.93,1.81,1.84,87591
2015-10-28,1.84,2.01,1.84,1.89,120778
2015-10-29,2.0,2.01,1.92,1.93,31457
2015-10-30,1.94,1.98,1.91,1.93,11555
2015-11-02,2.0,2.01,1.94,1.98,20464
2015-11-03,2.01,2.02,1.95,1.99,28411
2015-11-04,1.99,2.02,1.91,1.97,54268
2015-11-05,1.99,2.01,1.95,2.0,34510
2015-11-06,1.97,2.08,1.93,2.07,89217
2015-11-09,2.03,2.1,2.03,2.1,53086
2015-11-10,2.08,2.09,2.02,2.04,79774
2015-11-11,2.09,2.09,2.03,2.04,37078
2015-11-12,2.1,2.17,1.92,1.97,409357
2015-11-13,2.01,2.04,1.94,2.03,198504
2015-11-16,2.06,2.1,1.93,1.93,400047
2015-11-17,1.93,1.99,1.9,1.97,122858
2015-11-18,1.95,2.2,1.95,2.15,393431
2015-11-19,2.13,2.31,2.03,2.08,231041
2015-11-20,2.05,2.08,2.03,2.08,39032
2015-11-23,2.06,2.09,1.99,2.09,57242
2015-11-24,2.25,2.25,1.93,1.95,176315
2015-11-25,1.95,2.04,1.95,1.99,40479
2015-11-27,2.0,2.07,2.0,2.05,17555
2015-11-30,2.06,2.11,2.01,2.04,35953
2015-12-01,2.02,2.08,1.98,2.03,43680
2015-12-02,2.06,2.11,1.98,2.04,25985
2015-12-03,2.02,2.09,2.01,2.01,12771
2015-12-04,2.0,2.02,1.98,2.0,11727
2015-12-07,2.02,2.02,1.96,1.96,22896
2015-12-08,1.95,2.01,1.92,1.92,18723
2015-12-09,1.93,1.95,1.91,1.95,16619
2015-12-10,2.01,2.01,1.96,1.97,1397
2015-12-11,1.92,1.92,1.89,1.89,15135
2015-12-14,1.87,2.0,1.83,1.83,37947
2015-12-15,1.82,1.88,1.82,1.85,28082
2015-12-16,1.84,1.85,1.65,1.66,186852
2015-12-17,1.73,1.75,1.66,1.66,71076
2015-12-18,1.64,1.67,1.48,1.51,247396
2015-12-21,1.51,1.74,1.51,1.67,45891
2015-12-22,1.72,1.83,1.7,1.79,118851
2015-12-23,1.76,2.0,1.71,1.93,98777
2015-12-24,1.99,1.99,1.84,1.94,21409
2015-12-28,1.98,2.0,1.76,1.93,56921
2015-12-29,1.93,1.93,1.81,1.85,59685
2015-12-30,1.81,1.94,1.81,1.87,18632
2015-12-31,1.85,1.92,1.74,1.89,97278
2016-01-04,1.85,1.85,1.77,1.8,11284
2016-01-05,1.94,1.94,1.84,1.84,3979
2016-01-06,1.82,1.84,1.75,1.75,24132
2016-01-07,1.75,1.75,1.61,1.68,66689
2016-01-08,1.73,1.77,1.58,1.6,31082
2016-01-11,1.6,1.74,1.55,1.57,19295
2016-01-12,1.57,1.68,1.57,1.57,32984
2016-01-13,1.57,1.6,1.51,1.51,33570
2016-01-14,1.51,1.58,1.31,1.36,59337
2016-01-15,1.36,1.49,1.27,1.34,41844
2016-01-19,1.33,1.44,1.33,1.37,17692
2016-01-20,1.44,1.45,1.22,1.32,83224
2016-01-21,1.36,1.44,1.36,1.43,6710
2016-01-22,1.44,1.45,1.4,1.44,17669
2016-01-25,1.43,1.48,1.42,1.46,12639
2016-01-26,1.63,1.74,1.5,1.65,32628
2016-01-27,1.7,1.76,1.62,1.64,24750
2016-01-28,1.64,1.74,1.64,1.72,43521
2016-01-29,1.76,1.76,1.67,1.72,30154
2016-02-01,1.76,1.79,1.74,1.79,42357
2016-02-02,1.79,1.82,1.75,1.77,24158
2016-02-03,1.78,1.79,1.65,1.69,28964
2016-02-04,1.74,1.74,1.67,1.69,2052
2016-02-05,1.66,1.69,1.48,1.62,11183
2016-02-08,1.59,1.6,1.57,1.57,7791
2016-02-09,1.6,1.67,1.48,1.49,33487
2016-02-10,1.5,1.56,1.5,1.56,10589
2016-02-11,1.6,1.61,1.45,1.5,9044
2016-02-12,1.67,1.69,1.56,1.56,10551
2016-02-16,1.54,1.59,1.35,1.47,14303
2016-02-17,1.46,1.51,1.41,1.46,17363
2016-02-18,1.46,1.46,1.4,1.46,24476
2016-02-19,1.45,1.49,1.45,1.47,9702
2016-02-22,1.51,1.51,1.48,1.5,15993
2016-02-23,1.5,1.6,1.5,1.55,21678
2016-02-24,1.57,1.58,1.5,1.53,15921
2016-02-25,1.5,1.53,1.48,1.52,5865
2016-02-26,1.51,1.73,1.51,1.7,36048
2016-02-29,1.61,1.82,1.58,1.76,34601
2016-03-01,1.8,1.8,1.78,1.78,8908
2016-03-02,1.81,1.82,1.72,1.72,19474
2016-03-03,1.76,1.78,1.63,1.68,76265
2016-03-04,1.68,1.72,1.67,1.71,23304
2016-03-07,1.71,1.75,1.7,1.7,25388
2016-03-08,1.69,1.71,1.65,1.66,24580
2016-03-09,1.68,1.7,1.61,1.66,12631
2016-03-10,1.63,1.65,1.53,1.59,39857
2016-03-11,1.6,1.63,1.6,1.62,3289
2016-03-14,1.62,1.7,1.6,1.68,7079
2016-03-15,1.66,1.7,1.6,1.6,15032
2016-03-16,1.56,1.73,1.56,1.7,16509
2016-03-17,1.72,1.72,1.53,1.54,65684
2016-03-18,1.65,1.76,1.61,1.76,72644
2016-03-21,1.75,1.75,1.65,1.7,23447
2016-03-22,1.66,1.76,1.66,1.69,22794
2016-03-23,1.71,1.72,1.67,1.69,8400
2016-03-24,1.71,1.85,1.71,1.77,63220
2016-03-28,1.79,1.83,1.75,1.81,56387
2016-03-29,1.78,1.81,1.76,1.8,35591
2016-03-30,1.99,2.25,1.88,1.96,1005331
2016-03-31,1.96,2.04,1.85,1.85,107392
2016-04-01,1.85,1.85,1.81,1.83,39684
2016-04-04,1.82,1.9,1.78,1.79,34384
2016-04-05,1.79,1.88,1.75,1.78,53532
2016-04-06,1.78,1.86,1.78,1.85,45260
2016-04-07,1.83,1.88,1.83,1.87,31630
2016-04-08,1.89,1.89,1.8,1.8,5527
2016-04-11,1.85,1.85,1.78,1.8,11400
2016-04-12,1.8,1.84,1.8,1.83,20841
2016-04-13,1.82,1.85,1.62,1.76,32011
2016-04-14,1.75,1.78,1.75,1.76,16456
2016-04-15,1.78,1.82,1.73,1.75,30578
2016-04-18,1.8,1.81,1.73,1.73,280491
2016-04-19,1.75,1.81,1.73,1.78,7521
2016-04-20,1.78,1.8,1.78,1.78,21664
2016-04-21,1.78,1.8,1.76,1.8,18363
2016-04-22,1.77,1.83,1.76,1.8,59721
2016-04-25,1.81,1.81,1.76,1.78,4459
2016-04-26,1.78,1.78,1.68,1.71,77602
2016-04-27,1.7,1.73,1.63,1.69,80798
2016-04-28,1.7,1.7,1.47,1.55,143704
2016-04-29,1.54,1.56,1.51,1.51,62250
2016-05-02,1.51,1.51,1.37,1.49,235243
2016-05-03,1.47,1.65,1.47,1.64,91171
2016-05-04,1.61,1.74,1.58,1.62,69196
2016-05-05,1.65,1.74,1.61,1.72,80948
2016-05-06,1.7,1.72,1.66,1.68,22924
2016-05-09,1.73,1.77,1.7,1.71,55539
2016-05-10,1.74,1.76,1.71,1.71,8937
2016-05-11,1.78,1.78,1.65,1.7,60116
2016-05-12,1.7,1.7,1.58,1.61,47107
2016-05-13,1.6,1.66,1.58,1.6,35963
2016-05-16,1.71,1.71,1.52,1.53,35666
2016-05-17,1.54,1.67,1.51,1.51,30898
2016-05-18,1.52,1.55,1.51,1.52,22856
2016-05-19,1.53,1.58,1.49,1.55,85837
2016-05-20,1.57,1.57,1.49,1.57,21153
2016-05-23,1.57,1.58,1.5,1.54,46463
2016-05-24,1.53,1.57,1.49,1.56,19577
2016-05-25,1.54,1.58,1.53,1.58,13118
2016-05-26,1.57,1.67,1.57,1.61,37604
2016-05-27,1.6,1.67,1.5,1.56,74582
2016-05-31,1.56,1.62,1.55,1.55,28983
2016-06-01,1.56,1.61,1.56,1.6,13667
2016-06-02,1.57,1.6,1.57,1.59,17856
2016-06-03,1.61,1.61,1.55,1.6,28171
2016-06-06,1.57,1.75,1.57,1.67,152012
2016-06-07,1.68,1.69,1.52,1.58,132052
2016-06-08,1.65,1.68,1.6,1.64,30936
2016-06-09,1.62,1.63,1.58,1.63,28048
2016-06-10,1.63,1.64,1.54,1.57,17662
2016-06-13,1.56,1.64,1.53,1.56,48889
2016-06-14,1.53,1.64,1.53,1.57,38635
2016-06-15,1.59,1.62,1.55,1.6,19061
2016-06-16,1.6,1.62,1.56,1.57,30142
2016-06-17,1.63,1.75,1.55,1.55,87054
2016-06-20,1.57,1.62,1.56,1.59,7850
2016-06-21,1.57,1.62,1.54,1.54,12095
2016-06-22,1.59,1.59,1.55,1.57,8313
2016-06-23,1.54,1.57,1.53,1.57,6006
2016-06-24,1.55,1.6,1.53,1.56,27385
2016-06-27,1.55,1.58,1.53,1.56,62829
2016-06-28,1.59,1.62,1.53,1.56,21657
2016-06-29,1.59,1.62,1.55,1.61,59789
2016-06-30,1.62,1.75,1.6,1.63,146633
2016-07-01,1.63,1.68,1.57,1.67,75156
2016-07-05,1.65,1.65,1.59,1.6,16729
2016-07-06,1.59,1.6,1.56,1.58,16745
2016-07-07,1.59,1.59,1.54,1.55,37281
2016-07-08,1.54,1.6,1.54,1.57,35032
2016-07-11,1.54,1.6,1.54,1.58,34092
2016-07-12,1.57,1.61,1.55,1.56,55891
2016-07-13,1.55,1.58,1.55,1.58,56421
2016-07-14,1.6,1.64,1.59,1.59,20425
2016-07-15,1.59,1.64,1.56,1.63,62890
2016-07-18,1.67,1.7,1.62,1.67,66198
2016-07-19,1.7,1.75,1.62,1.66,163025
2016-07-20,1.75,1.75,1.6,1.61,69413
2016-07-21,1.6,1.63,1.57,1.57,25682
2016-07-22,1.58,1.61,1.58,1.58,15121
2016-07-25,1.57,1.67,1.57,1.6,6003
2016-07-26,1.62,1.62,1.57,1.57,12147
2016-07-27,1.6,1.65,1.58,1.64,51458
2016-07-28,1.65,1.65,1.62,1.62,20249
2016-07-29,1.62,1.62,1.59,1.6,4439
2016-08-01,1.58,1.65,1.57,1.61,11970
2016-08-02,1.64,1.64,1.58,1.59,20003
2016-08-03,1.61,1.64,1.59,1.59,9920
2016-08-04,1.6,1.63,1.6,1.6,12545
2016-08-05,1.59,1.87,1.59,1.62,167558
2016-08-08,1.62,1.7,1.62,1.66,46007
2016-08-09,1.64,1.72,1.64,1.7,46117
2016-08-10,1.73,1.74,1.7,1.73,17938
2016-08-11,1.7,1.8,1.68,1.7,75302
2016-08-12,1.83,1.83,1.7,1.75,32272
2016-08-15,1.77,1.77,1.7,1.73,97487
2016-08-16,1.72,1.73,1.69,1.69,45902
2016-08-17,1.72,1.74,1.71,1.74,27703
2016-08-18,1.73,1.74,1.69,1.74,23491
2016-08-19,1.72,1.72,1.69,1.72,48881
2016-08-22,1.72,1.73,1.69,1.73,7170
2016-08-23,1.71,1.73,1.71,1.72,10637
2016-08-24,1.73,1.75,1.7,1.74,24456
2016-08-25,1.71,1.79,1.71,1.79,13005
2016-08-26,1.75,1.76,1.72,1.75,12706
2016-08-29,1.77,1.78,1.73,1.77,4285
2016-08-30,1.75,1.78,1.7,1.73,11300
2016-08-31,1.7,1.78,1.7,1.74,5822
2016-09-01,1.73,1.75,1.73,1.74,6147
2016-09-02,1.71,1.71,1.65,1.7,58001
2016-09-06,1.69,1.74,1.66,1.68,50770
2016-09-07,1.69,1.71,1.62,1.65,58613
2016-09-08,1.64,1.67,1.62,1.65,26162
2016-09-09,1.66,1.67,1.63,1.67,23144
2016-09-12,1.66,1.7,1.63,1.65,57765
2016-09-13,1.65,1.66,1.63,1.64,59011
2016-09-14,1.64,1.64,1.59,1.62,39768
2016-09-15,1.59,1.59,1.45,1.5,123073
2016-09-16,1.5,1.56,1.5,1.56,47326
2016-09-19,1.61,1.7,1.54,1.59,39882
2016-09-20,1.59,1.59,1.51,1.53,27159
2016-09-21,1.56,1.74,1.53,1.72,183671
2016-09-22,1.71,1.71,1.62,1.63,70569
2016-09-23,1.63,1.68,1.59,1.59,2717
2016-09-26,1.57,1.58,1.55,1.57,13152
2016-09-27,1.6,1.65,1.54,1.65,2337
2016-09-28,1.64,1.64,1.55,1.58,12127
2016-09-29,1.54,1.6,1.53,1.56,4961
2016-09-30,1.53,1.55,1.52,1.53,17131
2016-10-03,1.56,1.56,1.53,1.54,2076
2016-10-04,1.53,1.55,1.53,1.55,13993
2016-10-05,1.54,1.54,1.49,1.5,35995
2016-10-06,1.5,1.51,1.49,1.5,44642
2016-10-07,1.51,1.55,1.48,1.52,26448
2016-10-10,1.51,1.55,1.47,1.48,30299
2016-10-11,1.48,1.51,1.46,1.46,30233
2016-10-12,1.46,1.48,1.44,1.44,17101
2016-10-13,1.44,1.44,1.38,1.38,34043
2016-10-14,1.37,1.4,1.37,1.4,17904
2016-10-17,1.39,1.44,1.31,1.44,32468
2016-10-18,1.42,1.43,1.38,1.39,22988
2016-10-19,1.38,1.43,1.38,1.41,31471
2016-10-20,1.37,1.4,1.36,1.38,13217
2016-10-21,1.37,1.39,1.36,1.39,16913
2016-10-24,1.36,1.4,1.36,1.4,5639
2016-10-25,1.38,1.48,1.37,1.41,22842
2016-10-26,1.42,1.42,1.38,1.38,9785
2016-10-27,1.36,1.41,1.36,1.41,9936
2016-10-28,1.4,1.44,1.38,1.38,16292
2016-10-31,1.39,1.45,1.38,1.44,13944
2016-11-01,1.45,1.45,1.37,1.44,14551
2016-11-02,1.43,1.45,1.37,1.39,17645
2016-11-03,1.38,1.4,1.36,1.38,5629
2016-11-04,1.4,1.42,1.38,1.38,17778
2016-11-07,1.45,1.45,1.38,1.38,28759
2016-11-08,1.39,1.41,1.39,1.41,3547
2016-11-09,1.42,1.43,1.37,1.37,5982
2016-11-10,1.41,1.41,1.36,1.37,9778
2016-11-11,1.36,1.38,1.35,1.37,27706
2016-11-14,1.52,1.54,1.33,1.37,7157
2016-11-15,1.38,1.38,1.31,1.36,22794
2016-11-16,1.38,1.45,1.32,1.37,27994
2016-11-17,1.4,1.45,1.37,1.37,33390
2016-11-18,1.4,1.4,1.35,1.35,1054
2016-11-21,1.5,1.5,1.31,1.31,38218
2016-11-22,1.37,1.46,1.31,1.32,28672
2016-11-23,1.39,1.39,1.31,1.31,19192
2016-11-25,1.31,1.32,1.28,1.28,22480
2016-11-28,1.28,1.41,1.19,1.22,22516
2016-11-29,1.26,1.35,1.2,1.23,21689
2016-11-30,1.28,1.28,1.2,1.2,17486
2016-12-01,1.23,1.23,1.11,1.16,54061
2016-12-02,1.15,1.18,1.1,1.1,54359
2016-12-05,1.25,1.28,1.12,1.16,178485
2016-12-06,1.21,1.23,1.16,1.16,86978
2016-12-07,1.26,1.3,1.19,1.29,48646
2016-12-08,1.21,1.34,1.21,1.34,49307
2016-12-09,1.34,1.4,1.34,1.4,38069
2016-12-12,1.41,1.47,1.22,1.28,61268
2016-12-13,1.26,1.4,1.22,1.33,91043
2016-12-14,1.35,1.39,1.28,1.33,56844
2016-12-15,1.33,1.34,1.26,1.31,51977
2016-12-16,1.3,1.34,1.26,1.34,70822
2016-12-19,1.32,1.32,1.21,1.28,33858
2016-12-20,1.22,1.3,1.22,1.28,9116
2016-12-21,1.25,1.31,1.2,1.29,22432
2016-12-22,1.29,1.29,1.22,1.24,23477
2016-12-23,1.24,1.27,1.22,1.27,15520
2016-12-27,1.27,1.3,1.21,1.21,92036
2016-12-28,1.19,1.26,1.19,1.2,29651
2016-12-29,1.22,1.25,1.2,1.2,54635
2016-12-30,1.21,1.27,1.21,1.23,41531
2017-01-03,1.23,1.26,1.18,1.25,98035
2017-01-04,1.23,1.44,1.2,1.27,330836
2017-01-05,1.3,1.31,1.22,1.29,82530
2017-01-06,1.28,1.29,1.24,1.24,54246
2017-01-09,1.24,1.27,1.22,1.24,34642
2017-01-10,1.35,1.35,1.22,1.22,108774
2017-01-11,1.25,1.27,1.22,1.24,53953
2017-01-12,1.24,1.24,1.22,1.24,25911
2017-01-13,1.23,1.29,1.22,1.23,31922
2017-01-17,1.24,1.35,1.21,1.23,345919
2017-01-18,1.23,1.24,1.14,1.2,95841
2017-01-19,1.22,1.23,1.15,1.17,20354
2017-01-20,1.17,1.22,1.13,1.2,134175
2017-01-23,1.23,1.35,1.18,1.18,282823
2017-01-24,1.23,1.23,1.16,1.19,107749
2017-01-25,1.19,1.19,1.16,1.19,36089
2017-01-26,1.18,1.18,1.14,1.17,19635
2017-01-27,1.18,1.2,1.13,1.15,65197
2017-01-30,1.17,1.19,1.1,1.17,77638
2017-01-31,1.17,1.2,1.12,1.15,22529
2017-02-01,1.25,1.39,1.22,1.24,265764
2017-02-02,1.35,1.35,1.24,1.29,85758
2017-02-03,1.35,1.35,1.29,1.3,59196
2017-02-06,1.31,1.34,1.29,1.34,52206
2017-02-07,1.35,1.61,1.34,1.58,224666
2017-02-08,1.61,2.43,1.61,1.86,1542614
2017-02-09,1.89,1.9,1.72,1.8,212746
2017-02-10,1.78,1.98,1.7,1.84,229154
2017-02-13,1.85,1.9,1.76,1.82,137508
2017-02-14,1.82,1.83,1.75,1.78,148514
2017-02-15,1.79,1.81,1.25,1.5,709091
2017-02-16,1.46,1.55,1.39,1.5,87713
2017-02-17,1.5,1.68,1.45,1.61,135257
2017-02-21,1.63,1.74,1.63,1.69,92140
2017-02-22,1.7,1.73,1.63,1.63,35096
2017-02-23,1.62,1.63,1.6,1.6,41604
2017-02-24,1.59,1.7,1.53,1.62,101309
2017-02-27,1.6,1.74,1.56,1.72,135471
2017-02-28,1.74,1.85,1.74,1.8,115935
2017-03-01,1.82,2.19,1.77,1.92,556480
2017-03-02,1.99,2.15,1.92,2.0,289164
2017-03-03,2.05,2.2,1.98,2.13,306679
2017-03-06,2.14,2.3,2.13,2.24,349438
2017-03-07,2.28,2.29,1.94,1.98,278886
2017-03-08,1.96,2.09,1.88,2.08,105720
2017-03-09,2.07,2.1,1.93,1.94,97032
2017-03-10,1.95,2.04,1.93,1.99,32466
2017-03-13,1.97,2.0,1.9,1.98,56953
2017-03-14,1.97,2.0,1.93,1.95,26188
2017-03-15,1.94,2.11,1.94,2.06,138140
2017-03-16,2.07,2.13,2.0,2.0,77990
2017-03-17,2.0,2.1,1.98,2.1,34801
2017-03-20,2.12,2.22,2.05,2.13,30917
2017-03-21,2.14,2.19,2.0,2.05,49779
2017-03-22,2.05,2.08,1.98,2.04,46213
2017-03-23,2.07,2.15,2.07,2.1,44454
2017-03-24,2.17,2.18,2.1,2.16,53845
2017-03-27,2.17,2.17,2.1,2.13,44429
2017-03-28,2.1,2.18,2.06,2.08,33220
2017-03-29,2.1,2.18,2.04,2.08,44091
2017-03-30,2.06,2.18,2.06,2.16,82094
2017-03-31,2.06,2.15,2.06,2.07,80039
2017-04-03,2.12,2.3,2.12,2.23,229825
2017-04-04,2.23,2.4,2.23,2.28,139608
2017-04-05,2.33,2.76,2.3,2.6,357824
2017-04-06,2.46,2.75,2.46,2.7,233114
2017-04-07,2.66,2.75,2.64,2.68,134719
2017-04-10,2.7,2.7,2.5,2.53,181513
2017-04-11,2.5,2.67,2.5,2.63,97786
2017-04-12,2.65,2.85,2.63,2.8,94087
2017-04-13,2.8,2.85,2.56,2.61,135456
2017-04-17,2.63,2.69,2.55,2.56,64677
2017-04-18,2.58,2.69,2.4,2.61,99684
2017-04-19,2.66,2.81,2.56,2.69,59261
2017-04-20,2.64,2.78,2.64,2.76,61358
2017-04-21,2.71,2.83,2.69,2.82,66367
2017-04-24,2.89,2.92,2.85,2.9,102944
2017-04-25,2.95,3.33,2.9,3.24,455781
2017-04-26,3.35,3.39,3.0,3.15,230214
2017-04-27,3.16,3.27,3.03,3.24,124330
2017-04-28,3.2,3.27,2.95,2.99,112011
2017-05-01,2.96,3.17,2.9,2.96,104149
2017-05-02,2.93,3.0,2.78,2.85,133452
2017-05-03,2.82,2.94,2.8,2.87,73609
2017-05-04,2.85,2.98,2.85,2.9,75638
2017-05-05,2.9,3.04,2.9,2.99,82684
2017-05-08,3.06,3.2,3.06,3.15,139158
2017-05-09,3.2,3.25,3.06,3.1,149295
2017-05-10,3.11,3.11,2.57,2.97,224272
2017-05-11,2.94,3.13,2.91,3.11,143075
2017-05-12,3.1,3.3,3.09,3.22,304745
2017-05-15,3.35,3.44,3.0,3.1,363592
2017-05-16,3.1,3.13,2.66,2.8,259119
2017-05-17,2.74,2.79,2.67,2.7,208780
2017-05-18,2.71,2.82,2.66,2.7,101498
2017-05-19,2.72,2.82,2.67,2.79,68823
2017-05-22,2.81,2.96,2.76,2.86,142050
2017-05-23,2.82,2.93,2.81,2.91,132589
2017-05-24,2.93,2.94,2.85,2.9,118055
2017-05-25,2.9,2.93,2.8,2.9,69889
2017-05-26,2.96,2.96,2.77,2.81,63653
2017-05-30,2.83,2.94,2.75,2.75,63903
2017-05-31,2.73,2.82,2.6,2.64,105128
2017-06-01,2.61,2.64,2.35,2.64,272053
2017-06-02,2.61,2.63,2.45,2.62,88188
2017-06-05,2.59,2.6,2.31,2.37,208332
2017-06-06,2.37,2.38,2.15,2.26,224343
2017-06-07,2.29,2.35,2.21,2.24,143910
2017-06-08,2.22,2.32,2.17,2.26,62816
2017-06-09,2.24,2.37,2.07,2.31,139421
2017-06-12,2.6,2.88,2.4,2.51,758323
2017-06-13,2.43,2.53,2.31,2.37,162172
2017-06-14,2.36,2.41,2.0,2.0,233260
2017-06-15,2.07,2.3,2.02,2.04,157405
2017-06-16,2.06,2.18,2.04,2.1,450472
2017-06-19,2.13,2.15,1.83,1.93,369726
2017-06-20,1.95,2.0,1.92,1.97,100994
2017-06-21,1.98,2.06,1.94,1.98,120915
2017-06-22,1.99,2.0,1.86,1.91,147781
2017-06-23,1.9,1.97,1.86,1.86,182909
2017-06-26,1.88,2.03,1.76,1.77,214571
2017-06-27,1.76,1.89,1.7,1.72,181787
2017-06-28,1.71,1.82,1.71,1.79,118685
2017-06-29,1.79,1.8,1.72,1.78,56018
2017-06-30,1.77,1.9,1.75,1.77,119225
2017-07-03,1.77,1.84,1.75,1.78,47999
2017-07-05,1.77,1.79,1.71,1.74,99830
2017-07-06,1.75,1.8,1.72,1.78,94951
2017-07-07,1.78,1.8,1.72,1.8,15690
2017-07-10,1.82,1.88,1.77,1.78,88338
2017-07-11,1.78,1.79,1.73,1.75,90349
2017-07-12,1.76,1.77,1.75,1.75,41650
2017-07-13,1.74,1.81,1.72,1.75,16767
2017-07-14,1.78,1.87,1.73,1.86,25257
2017-07-17,1.77,1.99,1.77,1.9,11162
2017-07-18,1.88,1.9,1.82,1.86,18421
2017-07-19,1.95,1.95,1.84,1.9,46924
2017-07-20,1.9,2.12,1.88,2.1,315576
2017-07-21,2.15,2.25,2.03,2.03,74647
2017-07-24,1.99,2.1,1.9,2.01,35313
2017-07-25,2.07,2.07,1.91,2.01,50768
2017-07-26,2.03,2.13,2.0,2.07,78326
2017-07-27,2.09,2.2,2.08,2.17,111722
2017-07-28,2.2,2.2,2.1,2.12,42578
2017-07-31,2.12,2.14,1.99,2.04,59331
2017-08-01,2.17,2.17,1.96,2.01,36965
