Date,Open,High,Low,Close,Volume
2015-03-12,20.16,20.99,19.65,20.97,14240903
2015-03-13,21.02,21.49,20.19,21.0,1071314
2015-03-16,20.85,21.34,20.82,21.1,493382
2015-03-17,20.78,22.25,20.6,21.75,785940
2015-03-18,21.61,22.33,21.23,21.46,424375
2015-03-19,21.27,21.69,21.16,21.5,304010
2015-03-20,21.74,21.92,21.4,21.9,278787
2015-03-23,22.16,22.27,21.29,21.43,156600
2015-03-24,21.3,21.84,21.3,21.74,109455
2015-03-25,22.09,22.15,21.38,21.54,132368
2015-03-26,21.1,22.05,21.02,21.76,382445
2015-03-27,21.62,21.77,21.23,21.76,167779
2015-03-30,21.93,22.0,21.1,21.49,428535
2015-03-31,21.42,22.26,21.2,22.15,330479
2015-04-01,22.1,22.1,21.29,21.49,341940
2015-04-02,21.5,22.28,21.46,21.88,426093
2015-04-06,21.77,21.98,21.58,21.8,92468
2015-04-07,21.82,21.92,21.0,21.42,378137
2015-04-08,21.42,21.54,20.71,21.03,254133
2015-04-09,20.83,21.38,20.83,21.21,128164
2015-04-10,21.15,21.35,20.92,21.06,224882
2015-04-13,20.95,21.08,20.74,20.91,284183
2015-04-14,20.81,21.59,20.6,21.38,158226
2015-04-15,21.15,22.31,21.13,22.08,238181
2015-04-16,21.94,22.75,21.58,22.09,147900
2015-04-17,22.72,24.33,22.6,23.59,1609148
2015-04-20,23.79,24.48,23.65,24.22,692096
2015-04-21,24.26,24.27,23.26,23.71,403039
2015-04-22,23.82,24.2,23.3,23.52,500690
2015-04-23,23.79,23.91,22.85,23.07,163822
2015-04-24,23.09,23.89,23.05,23.73,83209
2015-04-27,23.9,24.23,23.76,23.99,225986
2015-04-28,24.2,24.42,23.98,24.2,178338
2015-04-29,24.05,24.43,23.17,23.28,222101
2015-04-30,23.47,24.28,23.24,23.69,264813
2015-05-01,23.79,24.93,23.57,24.66,404041
2015-05-04,24.97,25.44,23.92,24.17,424662
2015-05-05,25.0,26.43,24.62,25.54,447895
2015-05-06,25.71,26.22,25.31,26.06,281238
2015-05-07,25.83,26.08,25.32,25.95,191131
2015-05-08,26.18,26.53,25.79,26.02,182256
2015-05-11,26.01,26.42,25.96,26.32,173768
2015-05-12,26.5,26.7,25.89,26.0,361329
2015-05-13,26.06,26.32,25.44,25.92,347470
2015-05-14,25.74,26.9,25.74,26.35,224601
2015-05-15,26.29,26.64,25.83,26.02,298776
2015-05-18,26.11,26.68,26.03,26.63,301862
2015-05-19,26.9,27.17,26.64,27.03,152819
2015-05-20,27.34,27.34,26.42,26.67,154898
2015-05-21,26.86,28.82,26.65,27.91,464440
2015-05-22,27.77,28.43,27.76,28.18,394701
2015-05-26,27.95,28.76,27.75,28.74,343524
2015-05-27,28.75,29.0,28.03,28.09,335216
2015-05-28,28.02,28.36,27.99,28.09,342254
2015-05-29,28.0,28.2,27.49,27.5,256619
2015-06-01,27.79,28.06,26.9,27.06,603029
2015-06-02,27.02,27.27,26.19,26.45,529113
2015-06-03,26.35,26.55,25.75,25.76,516100
2015-06-04,25.39,25.6,24.9,25.13,590894
2015-06-05,25.04,26.15,24.81,26.02,245287
2015-06-08,25.94,26.59,25.89,26.54,374659
2015-06-09,26.78,27.42,26.31,26.45,693131
2015-06-10,26.71,27.03,26.59,26.92,268086
2015-06-11,27.0,27.06,26.69,27.0,278174
2015-06-12,26.99,27.0,26.31,26.47,262098
2015-06-15,26.36,26.4,25.86,26.04,317082
2015-06-16,25.97,27.09,25.97,27.01,493904
2015-06-17,27.04,27.24,26.64,26.74,364202
2015-06-18,26.83,27.21,26.29,26.81,430913
2015-06-19,26.81,28.99,26.72,27.69,1923180
2015-06-22,28.0,28.43,26.9,27.04,350139
2015-06-23,26.93,27.17,26.62,26.71,244278
2015-06-24,26.65,27.01,26.03,26.1,281539
2015-06-25,26.2,26.35,25.1,25.54,354604
2015-06-26,25.41,25.82,25.18,25.53,2362375
2015-06-29,25.92,26.17,24.94,25.07,316750
2015-06-30,25.15,25.62,24.41,25.5,343921
2015-07-01,25.54,25.85,25.39,25.76,326739
2015-07-02,25.88,26.06,25.63,25.95,273563
2015-07-06,25.57,26.54,25.57,26.5,314394
2015-07-07,26.51,26.74,25.69,26.01,369268
2015-07-08,25.91,26.01,25.45,25.8,182716
2015-07-09,25.54,26.72,24.6,25.15,347029
2015-07-10,25.27,25.65,25.18,25.58,322397
2015-07-13,25.6,25.88,25.3,25.54,273490
2015-07-14,25.47,26.19,25.4,26.04,178485
2015-07-15,26.03,26.28,25.45,25.89,150519
2015-07-16,25.94,26.34,25.65,26.19,126758
2015-07-17,26.21,26.71,26.0,26.46,146172
2015-07-20,26.38,27.31,25.6,26.28,362415
2015-07-21,26.26,26.39,25.55,25.77,363570
2015-07-22,25.77,25.84,25.39,25.41,167302
2015-07-23,25.44,25.53,24.95,25.14,133137
2015-07-24,25.07,25.41,24.36,24.93,263259
2015-07-27,24.79,25.22,24.26,24.44,300609
2015-07-28,24.47,25.16,23.97,25.05,328200
2015-07-29,25.04,25.73,25.04,25.45,216921
2015-07-30,25.36,25.65,25.02,25.62,119992
2015-07-31,25.67,25.8,25.06,25.09,287628
2015-08-03,25.08,25.25,24.57,24.92,330523
2015-08-04,23.65,26.26,23.42,25.08,1258700
2015-08-05,25.11,26.12,24.94,26.03,868198
2015-08-06,25.87,25.99,25.2,25.75,7648015
2015-08-07,25.65,26.16,25.59,25.74,1452206
2015-08-10,25.92,26.79,25.83,26.49,1494836
2015-08-11,26.25,26.43,25.77,26.22,453491
2015-08-12,26.09,26.34,25.4,26.23,752929
2015-08-13,26.19,26.64,26.03,26.33,743162
2015-08-14,26.29,26.87,26.27,26.39,1313700
2015-08-17,26.99,27.0,25.88,26.7,1173002
2015-08-18,26.36,27.89,25.8,25.93,558964
2015-08-19,25.95,26.31,25.52,25.75,518347
2015-08-20,25.59,25.59,24.92,24.98,835183
2015-08-21,24.57,24.6,23.16,23.4,1147328
2015-08-24,22.0,23.15,20.63,22.31,1418142
2015-08-25,23.01,23.4,22.07,22.09,741229
2015-08-26,22.52,22.74,21.66,22.54,726187
2015-08-27,22.87,23.72,22.43,23.66,582687
2015-08-28,23.63,23.88,23.25,23.61,469865
2015-08-31,23.49,23.62,23.21,23.46,717793
2015-09-01,22.9,23.29,22.6,22.8,777258
2015-09-02,23.01,23.51,22.72,23.47,561377
2015-09-03,23.54,24.13,23.37,23.63,407069
2015-09-04,23.26,23.51,22.74,23.4,428514
2015-09-08,23.81,24.04,23.58,23.91,710255
2015-09-09,24.0,24.23,22.94,23.25,1233066
2015-09-10,23.31,23.42,22.82,22.96,694226
2015-09-11,22.8,23.38,22.75,23.2,586883
2015-09-14,23.21,23.3,22.96,23.26,254866
2015-09-15,23.17,23.59,23.04,23.39,252218
2015-09-16,23.46,23.94,23.28,23.92,366856
2015-09-17,23.95,24.5,23.7,24.17,574820
2015-09-18,23.79,24.35,23.62,24.1,919674
2015-09-21,24.26,24.41,23.98,24.14,644681
2015-09-22,23.84,23.84,22.74,23.01,872604
2015-09-23,23.03,23.08,22.05,22.44,512435
2015-09-24,22.22,22.4,21.32,21.78,552976
2015-09-25,22.01,22.01,20.75,20.87,962377
2015-09-28,20.64,20.64,18.82,19.02,1553846
2015-09-29,19.16,19.48,17.79,18.16,1565735
2015-09-30,18.41,18.83,17.93,18.77,1247748
2015-10-01,18.81,19.88,18.49,19.69,1249302
2015-10-02,19.79,21.33,19.62,21.21,1089490
2015-10-05,21.39,22.2,21.39,21.84,981687
2015-10-06,21.82,21.92,21.12,21.19,512293
2015-10-07,21.37,22.28,21.19,21.83,634993
2015-10-08,22.22,22.99,21.91,22.7,652877
2015-10-09,22.89,23.18,22.6,22.98,498089
2015-10-12,22.99,23.0,22.3,22.35,607094
2015-10-13,22.1,22.28,21.18,21.22,596518
2015-10-14,21.24,21.41,20.34,20.99,924917
2015-10-15,21.02,21.43,20.34,20.88,1210197
2015-10-16,20.92,20.97,20.4,20.81,768514
2015-10-19,20.65,21.7,20.52,20.77,617536
2015-10-20,20.7,21.15,20.5,20.88,348265
2015-10-21,20.97,21.01,20.13,20.35,444667
2015-10-22,20.45,21.12,19.95,20.4,572040
2015-10-23,20.52,21.12,20.29,20.65,425114
2015-10-26,20.57,20.61,19.57,19.71,731907
2015-10-27,19.52,19.74,18.51,18.9,945991
2015-10-28,18.99,20.35,18.7,19.93,1087614
2015-10-29,19.74,20.56,19.63,20.44,455688
2015-10-30,20.4,21.18,20.22,21.06,523851
2015-11-02,21.09,21.45,20.8,21.34,571844
2015-11-03,21.55,22.1,20.39,21.23,1433424
2015-11-04,21.2,22.35,20.9,22.01,927285
2015-11-05,22.02,23.97,21.91,23.58,973313
2015-11-06,23.47,24.97,23.41,24.58,1509091
2015-11-09,24.5,24.5,22.83,23.61,573675
2015-11-10,23.55,23.85,22.9,23.26,449139
2015-11-11,23.38,23.98,23.21,23.77,259097
2015-11-12,23.36,23.85,22.82,22.9,345238
2015-11-13,22.91,24.41,22.62,23.98,831760
2015-11-16,23.95,24.39,23.5,23.94,501631
2015-11-17,23.96,24.21,23.36,23.52,422369
2015-11-18,23.53,23.79,23.13,23.55,847370
2015-11-19,23.64,23.91,22.96,23.0,609550
2015-11-20,23.19,23.76,22.62,22.68,708965
2015-11-23,22.62,23.56,22.62,23.13,490242
2015-11-24,22.91,23.18,22.54,22.65,797836
2015-11-25,22.65,22.96,22.44,22.8,812843
2015-11-27,22.87,22.94,22.62,22.88,167849
2015-11-30,22.94,23.42,22.58,22.77,913285
2015-12-01,22.9,23.17,22.02,22.96,794904
2015-12-02,22.95,23.7,22.92,23.43,587076
2015-12-03,23.53,23.85,22.47,22.69,1026910
2015-12-04,22.7,23.09,22.45,23.06,430696
2015-12-07,23.06,23.16,22.18,22.48,564382
2015-12-08,22.2,22.49,21.79,22.06,433074
2015-12-09,21.57,21.66,19.92,20.59,1318219
2015-12-10,20.53,21.3,20.42,20.67,919979
2015-12-11,20.34,20.52,19.95,20.27,504686
2015-12-14,20.29,20.4,18.82,18.94,1035657
2015-12-15,19.13,19.55,18.98,19.24,503650
2015-12-16,19.33,19.97,19.18,19.75,613074
2015-12-17,19.79,19.87,19.16,19.17,541203
2015-12-18,19.1,19.52,18.96,19.13,1578384
2015-12-21,19.23,19.57,19.02,19.55,495876
2015-12-22,19.65,19.87,19.4,19.67,312901
2015-12-23,19.77,20.51,19.77,20.43,266063
2015-12-24,20.39,20.54,20.33,20.36,176207
2015-12-28,20.18,20.45,19.76,20.26,486162
2015-12-29,20.44,20.8,20.13,20.49,377643
2015-12-30,20.45,20.72,20.02,20.11,251574
2015-12-31,20.0,20.56,19.87,20.04,401963
2016-01-04,20.13,20.18,19.28,19.86,481570
2016-01-05,20.0,20.0,18.77,19.17,791992
2016-01-06,18.77,18.96,17.38,18.04,1403203
2016-01-07,17.65,17.8,17.02,17.08,472927
2016-01-08,17.3,17.36,16.32,16.51,958669
2016-01-11,16.64,16.75,16.19,16.36,1681808
2016-01-12,16.51,16.69,15.84,16.66,540122
2016-01-13,16.59,16.73,15.57,15.73,543833
2016-01-14,15.88,16.23,15.3,16.12,1092701
2016-01-15,15.52,15.71,14.92,15.21,1443116
2016-01-19,15.54,15.7,14.77,15.0,364751
2016-01-20,14.35,14.86,13.92,14.69,744993
2016-01-21,14.67,15.12,14.47,14.65,625398
2016-01-22,14.97,15.82,14.86,15.04,565778
2016-01-25,15.0,15.19,14.26,14.33,390880
2016-01-26,14.52,14.74,13.99,14.4,625747
2016-01-27,14.39,14.52,13.99,14.03,1666694
2016-01-28,14.26,17.06,14.0,14.9,695401
2016-01-29,14.93,16.1,14.93,15.87,902933
2016-02-01,15.55,15.75,15.2,15.44,544995
2016-02-02,15.2,15.3,14.33,14.49,527114
2016-02-03,14.84,14.84,13.76,14.8,392272
2016-02-04,14.82,16.21,14.82,15.91,815567
2016-02-05,15.89,16.24,15.45,15.61,520307
2016-02-08,15.29,15.29,13.56,13.82,531784
2016-02-09,13.52,14.18,13.12,13.86,975518
2016-02-10,14.05,15.62,13.93,14.77,1745039
2016-02-11,14.55,15.77,14.44,15.32,2031159
2016-02-12,15.51,16.14,15.15,16.12,867532
2016-02-16,16.32,17.68,16.01,17.2,1302938
2016-02-17,17.92,18.46,16.67,17.29,1669502
2016-02-18,17.29,17.31,15.97,16.29,895961
2016-02-19,16.2,16.48,15.49,16.28,951296
2016-02-22,16.67,17.26,16.54,16.76,632373
2016-02-23,16.61,17.26,16.43,16.72,659836
2016-02-24,16.55,17.17,16.28,17.07,890035
2016-02-25,17.09,17.41,16.67,17.36,483065
2016-02-26,17.5,18.38,17.48,18.03,605153
2016-02-29,18.1,18.42,17.88,18.26,686708
2016-03-01,18.44,19.43,18.27,18.91,918154
2016-03-02,18.78,19.03,18.3,18.77,277769
2016-03-03,18.86,19.14,18.45,18.6,453254
2016-03-04,18.64,19.33,18.59,18.74,750402
2016-03-07,18.7,19.78,18.58,19.69,666290
2016-03-08,19.58,19.58,18.5,18.56,592794
2016-03-09,18.8,19.03,18.11,18.81,387938
2016-03-10,18.79,18.98,17.94,18.19,412659
2016-03-11,18.4,19.04,18.29,18.74,484501
2016-03-14,18.65,19.08,18.17,18.74,539326
2016-03-15,18.64,18.64,17.78,18.0,353457
2016-03-16,17.88,18.58,17.69,18.43,301508
2016-03-17,18.43,19.17,18.05,19.16,368866
2016-03-18,19.29,19.81,19.19,19.58,540756
2016-03-21,19.55,19.85,19.3,19.61,388156
2016-03-22,19.47,19.76,19.32,19.47,251437
2016-03-23,19.36,19.45,18.65,19.11,444799
2016-03-24,18.95,19.17,18.14,18.56,425482
2016-03-28,18.6,19.22,18.26,19.01,478904
2016-03-29,18.9,19.4,18.64,19.38,720247
2016-03-30,19.62,19.62,18.39,18.76,941139
2016-03-31,18.76,19.78,18.74,19.45,706127
2016-04-01,19.53,20.42,19.41,20.25,661461
2016-04-04,20.2,20.61,19.8,20.34,857594
2016-04-05,19.85,20.13,19.64,19.75,744734
2016-04-06,19.72,20.04,19.35,19.98,551884
2016-04-07,19.88,20.09,19.01,19.15,632709
2016-04-08,19.36,20.2,19.36,19.88,532956
2016-04-11,20.1,20.48,19.82,19.86,492585
2016-04-12,19.94,20.2,19.38,20.02,584472
2016-04-13,20.01,20.6,19.9,20.57,660362
2016-04-14,19.95,20.25,19.8,20.19,3878170
2016-04-15,20.2,20.49,20.15,20.28,1156270
2016-04-18,20.15,20.57,20.01,20.52,938186
2016-04-19,20.53,20.84,20.23,20.3,737690
2016-04-20,20.32,21.6,20.2,20.92,1927495
2016-04-21,20.89,21.48,20.82,20.9,1133626
2016-04-22,20.8,21.37,20.76,21.28,1188505
2016-04-25,21.31,21.56,20.92,20.93,722857
2016-04-26,21.09,21.57,20.9,21.14,1104855
2016-04-27,21.16,22.08,21.16,21.96,1195000
2016-04-28,21.83,21.97,20.98,21.03,973835
2016-04-29,21.07,21.19,20.41,20.9,1066402
2016-05-02,21.03,21.65,20.78,21.58,1167820
2016-05-03,21.51,22.05,21.32,21.96,2190596
2016-05-04,22.5,23.01,20.76,21.53,3116225
2016-05-05,21.76,21.98,20.47,21.19,2048173
2016-05-06,21.0,21.26,20.51,21.25,950602
2016-05-09,20.89,21.4,20.89,21.33,1514135
2016-05-10,21.49,22.3,21.26,22.28,1136187
2016-05-11,22.2,22.37,21.46,21.66,932155
2016-05-12,21.83,22.03,21.64,21.69,701625
2016-05-13,21.54,21.78,21.11,21.15,731669
2016-05-16,21.2,21.83,21.05,21.63,888854
2016-05-17,21.57,21.93,21.16,21.27,967664
2016-05-18,21.15,21.66,20.9,21.07,760204
2016-05-19,21.17,21.42,20.84,21.11,1250921
2016-05-20,21.31,21.72,21.13,21.65,658673
2016-05-23,21.71,22.02,21.46,21.95,501110
2016-05-24,22.14,22.65,22.14,22.28,1097690
2016-05-25,22.37,22.64,22.16,22.51,568588
2016-05-26,22.58,22.63,21.95,22.24,551113
2016-05-27,22.23,22.52,21.88,22.24,1007211
2016-05-31,22.32,22.5,21.58,21.75,1118945
2016-06-01,21.61,21.97,21.35,21.69,977483
2016-06-02,21.55,21.62,20.65,21.09,1214622
2016-06-03,20.98,21.29,20.5,21.29,1247547
2016-06-06,21.33,21.7,21.13,21.64,570924
2016-06-07,21.64,21.98,21.41,21.47,708975
2016-06-08,21.59,22.01,21.49,22.0,761102
2016-06-09,21.83,21.96,21.07,21.08,646201
2016-06-10,20.75,20.93,20.19,20.47,705749
2016-06-13,20.34,20.61,19.75,19.83,890664
2016-06-14,19.78,19.85,19.15,19.68,948128
2016-06-15,19.82,20.29,19.62,19.94,708973
2016-06-16,19.68,20.14,19.4,20.08,714869
2016-06-17,20.13,20.3,19.87,20.05,819656
2016-06-20,20.61,20.78,20.3,20.45,791432
2016-06-21,20.47,20.47,19.77,20.19,651337
2016-06-22,20.19,20.34,19.92,19.98,644183
2016-06-23,20.41,21.02,20.31,21.0,723796
2016-06-24,20.0,20.77,19.85,20.02,4485405
2016-06-27,20.1,20.1,18.4,18.56,1811218
2016-06-28,18.89,19.06,18.18,18.43,1047533
2016-06-29,18.77,19.43,18.61,19.43,571302
2016-06-30,19.46,20.47,19.25,20.46,827977
2016-07-01,20.37,21.33,20.28,20.92,864373
2016-07-05,20.73,20.73,20.02,20.05,756429
2016-07-06,19.93,20.45,19.82,20.44,406389
2016-07-07,20.59,20.84,20.39,20.7,395819
2016-07-08,20.98,21.1,20.8,21.07,1080810
2016-07-11,21.34,21.62,21.27,21.44,502700
2016-07-12,21.77,22.15,21.69,21.7,513489
2016-07-13,21.89,21.93,21.4,21.66,319492
2016-07-14,20.92,21.54,20.8,21.3,6083339
2016-07-15,21.5,21.88,21.32,21.62,2012272
2016-07-18,21.64,22.1,21.45,22.01,1590936
2016-07-19,21.81,21.96,21.4,21.76,1052004
2016-07-20,21.77,22.28,21.51,21.96,1254694
2016-07-21,21.97,22.1,21.58,21.77,963623
2016-07-22,21.79,22.23,21.54,21.95,829469
2016-07-25,21.92,22.22,21.79,21.97,923653
2016-07-26,22.0,22.31,21.85,22.22,745619
2016-07-27,22.25,22.7,21.96,22.12,1201963
2016-07-28,22.09,22.5,21.99,22.42,855318
2016-07-29,22.36,22.43,22.04,22.14,3191195
2016-08-01,21.91,22.01,21.06,21.58,1489132
2016-08-02,21.51,21.53,20.56,20.66,1313508
2016-08-03,21.19,21.93,21.1,21.44,1643968
2016-08-04,21.12,21.31,19.86,20.27,2761073
2016-08-05,20.55,20.79,20.27,20.42,1718482
2016-08-08,20.38,20.61,20.26,20.46,1160694
2016-08-09,20.5,20.55,20.26,20.26,651202
2016-08-10,20.34,20.34,20.06,20.27,775085
2016-08-11,20.35,20.54,20.11,20.34,1067669
2016-08-12,20.32,20.56,20.16,20.27,853214
2016-08-15,20.33,20.7,20.3,20.64,1476493
2016-08-16,20.61,20.61,19.93,20.27,1064470
2016-08-17,20.3,20.3,19.63,19.88,687216
2016-08-18,19.93,19.97,19.58,19.69,679051
2016-08-19,19.57,19.92,19.12,19.78,1555886
2016-08-22,19.74,20.82,19.46,20.73,1469849
2016-08-23,20.88,21.02,20.62,20.65,1415462
2016-08-24,20.58,20.58,20.17,20.26,533221
2016-08-25,20.05,20.11,19.55,19.98,1460037
2016-08-26,20.09,20.38,19.79,19.92,1617005
2016-08-29,19.94,20.28,19.69,20.03,1517867
2016-08-30,20.05,20.26,19.85,20.26,938361
2016-08-31,20.15,20.25,19.41,19.74,1184287
2016-09-01,19.72,19.85,19.27,19.5,1121214
2016-09-02,19.63,19.73,19.42,19.59,540424
2016-09-06,19.61,19.68,18.45,18.89,1612738
2016-09-07,18.69,19.04,18.58,18.92,2113574
2016-09-08,18.9,19.12,18.69,18.92,991349
2016-09-09,18.81,18.81,17.75,17.94,1207983
2016-09-12,17.86,18.71,17.76,18.57,1208902
2016-09-13,18.32,18.59,17.74,17.91,794888
2016-09-14,17.96,18.02,17.48,17.79,913608
2016-09-15,17.75,18.33,17.61,18.29,1307850
2016-09-16,18.25,18.74,18.15,18.21,2503999
2016-09-19,18.3,18.63,18.04,18.32,1446809
2016-09-20,18.45,18.45,17.99,18.03,616006
2016-09-21,18.09,18.81,18.05,18.8,1243552
2016-09-22,18.98,19.45,18.82,19.25,1494414
2016-09-23,19.29,19.51,19.13,19.2,778324
2016-09-26,19.1,19.64,19.1,19.23,1094919
2016-09-27,19.24,19.3,18.84,19.18,483949
2016-09-28,19.29,19.56,19.15,19.49,876762
2016-09-29,19.38,19.41,18.83,19.08,1635816
2016-09-30,19.11,19.16,18.42,18.55,1850244
2016-10-03,18.47,18.68,18.12,18.31,1102476
2016-10-04,18.35,18.47,18.04,18.43,744746
2016-10-05,18.59,18.83,18.43,18.82,651826
2016-10-06,18.75,19.41,18.75,19.36,963642
2016-10-07,19.34,19.34,18.75,18.77,1078832
2016-10-10,19.03,19.27,18.87,18.99,655585
2016-10-11,18.18,18.76,18.14,18.47,1361720
2016-10-12,18.47,18.85,18.14,18.78,855403
2016-10-13,18.5,19.07,18.14,18.98,1042923
2016-10-14,19.18,19.37,18.91,19.04,625530
2016-10-17,19.05,19.19,18.88,18.99,535379
2016-10-18,19.37,19.37,18.7,18.74,1062616
2016-10-19,18.78,19.19,18.5,18.96,681026
2016-10-20,18.84,19.13,18.79,18.91,698316
2016-10-21,18.61,19.11,18.5,19.1,1065149
2016-10-24,19.28,19.41,19.07,19.24,710623
2016-10-25,19.23,19.25,18.76,18.82,394201
2016-10-26,18.64,18.85,18.49,18.6,532866
2016-10-27,18.68,18.68,18.05,18.29,830357
2016-10-28,18.31,18.83,18.18,18.65,955808
2016-10-31,18.64,18.96,18.56,18.74,1070405
2016-11-01,18.8,19.33,18.61,19.22,2498634
2016-11-02,19.6,20.74,19.57,19.63,3091137
2016-11-03,19.87,19.98,18.85,18.93,2023710
2016-11-04,18.94,20.05,18.85,19.73,1245373
2016-11-07,20.32,20.95,20.28,20.86,2555061
2016-11-08,20.8,21.18,20.52,20.81,1183398
2016-11-09,22.16,24.55,21.87,22.76,6722014
2016-11-10,23.38,24.45,23.0,23.87,11249330
2016-11-11,24.0,24.19,23.06,23.99,5752545
2016-11-14,24.33,24.81,23.92,24.77,4254509
2016-11-15,24.71,24.72,23.71,24.44,3013373
2016-11-16,23.41,24.19,23.2,23.94,2905471
2016-11-17,24.0,24.11,23.41,23.85,1799936
2016-11-18,23.76,23.85,23.4,23.73,2251600
2016-11-21,23.95,24.27,23.63,23.86,1677553
2016-11-22,24.07,24.14,22.91,23.83,2730411
2016-11-23,23.69,24.5,23.68,24.43,1290646
2016-11-25,24.56,24.58,24.24,24.45,430364
2016-11-28,24.31,24.5,23.1,23.32,1962199
2016-11-29,23.31,23.69,23.27,23.55,1546923
2016-11-30,23.77,24.07,23.46,23.77,1506069
2016-12-01,23.88,24.01,23.15,23.48,4056521
2016-12-02,23.55,23.57,23.04,23.26,2027607
2016-12-05,23.6,23.72,23.32,23.53,858212
2016-12-06,23.62,23.92,23.22,23.78,1254286
2016-12-07,23.69,24.06,23.34,23.99,1201857
2016-12-08,24.27,24.27,23.65,24.09,1690010
2016-12-09,24.08,24.33,23.88,24.31,1662067
2016-12-12,24.21,24.45,23.32,23.69,3508413
2016-12-13,23.72,23.98,23.48,23.63,1028274
2016-12-14,23.53,23.81,23.24,23.33,854342
2016-12-15,23.4,24.05,23.16,23.73,2049939
2016-12-16,23.82,23.91,23.48,23.69,1337935
2016-12-19,23.63,23.9,23.25,23.56,846000
2016-12-20,23.67,24.15,23.51,24.12,1184023
2016-12-21,24.15,24.67,24.06,24.45,1355447
2016-12-22,24.45,24.52,23.87,24.2,619814
2016-12-23,24.25,24.34,24.12,24.23,368958
2016-12-27,24.36,24.92,24.36,24.8,649379
2016-12-28,24.93,24.96,24.25,24.31,1031785
2016-12-29,24.25,24.45,24.08,24.13,817542
2016-12-30,24.28,24.32,23.67,23.79,751504
2017-01-03,24.16,24.59,23.6,24.19,1115405
2017-01-04,24.28,25.0,24.28,24.75,1616482
2017-01-05,24.76,24.9,24.2,24.37,1270220
2017-01-06,24.01,24.12,23.52,23.85,8210140
2017-01-09,23.89,24.15,23.6,23.97,2698090
2017-01-10,24.16,24.36,23.8,24.03,2738581
2017-01-11,24.05,24.07,23.71,23.76,1047097
2017-01-12,23.65,23.73,22.98,23.32,1565552
2017-01-13,23.32,23.89,23.32,23.74,1049559
2017-01-17,23.75,23.78,23.33,23.35,743886
2017-01-18,23.33,23.88,23.33,23.68,1068033
2017-01-19,23.84,24.05,23.42,23.44,858557
2017-01-20,23.99,24.18,23.66,24.05,1636708
2017-01-23,23.91,24.17,23.54,24.07,792419
2017-01-24,24.25,25.25,24.25,25.12,4085407
2017-01-25,25.48,26.05,25.32,25.99,3812668
2017-01-26,26.04,26.46,25.92,26.07,2081725
2017-01-27,26.14,26.3,25.84,26.04,1803890
2017-01-30,25.76,25.9,25.19,25.45,2161435
2017-01-31,25.35,25.52,24.48,25.1,5097677
2017-02-01,25.26,25.53,24.81,25.2,1428255
2017-02-02,25.08,25.41,24.84,25.14,944313
2017-02-03,25.42,25.58,25.2,25.43,1166127
2017-02-06,25.38,25.38,24.96,25.05,1524999
2017-02-07,24.74,25.11,24.29,24.43,2395040
2017-02-08,24.36,24.4,23.69,24.14,1950637
2017-02-09,24.1,24.34,23.83,24.2,1121373
2017-02-10,24.46,24.82,24.28,24.41,811840
2017-02-13,24.71,24.96,24.54,24.64,1274398
2017-02-14,24.48,24.54,24.19,24.5,1170728
2017-02-15,24.5,24.86,24.42,24.7,1659111
2017-02-16,24.7,24.7,23.9,24.12,1424298
2017-02-17,24.17,24.17,23.49,23.74,1603638
2017-02-21,23.85,24.41,23.73,24.29,2457299
2017-02-22,24.32,24.63,23.56,23.8,2656462
2017-02-23,23.91,24.24,22.46,23.29,3698123
2017-02-24,22.96,23.76,22.8,23.75,1517809
2017-02-27,23.73,24.63,23.72,24.25,2350449
2017-02-28,24.27,24.32,23.74,23.89,1298273
2017-03-01,24.53,25.06,24.29,24.66,2312827
2017-03-02,24.64,24.86,24.5,24.57,1909143
2017-03-03,24.52,24.95,24.36,24.57,1349113
2017-03-06,24.38,24.69,24.17,24.55,1167764
2017-03-07,24.46,24.63,23.98,24.06,1098288
2017-03-08,24.07,24.46,23.99,24.09,1320307
2017-03-09,24.01,24.32,23.46,23.69,2027771
2017-03-10,23.94,24.21,23.41,24.07,1629553
2017-03-13,24.03,24.26,23.95,24.1,825682
2017-03-14,23.86,23.86,23.39,23.79,879991
2017-03-15,24.06,24.27,23.83,24.15,801287
2017-03-16,24.24,24.26,23.24,23.32,1651605
2017-03-17,23.23,23.39,22.86,23.2,2382511
2017-03-20,23.28,23.38,22.92,23.36,1480021
2017-03-21,23.51,23.52,22.8,23.11,2035722
2017-03-22,23.0,23.53,22.94,23.49,1450480
2017-03-23,23.47,23.88,23.32,23.5,1421977
2017-03-24,23.51,23.66,22.81,23.12,1890462
2017-03-27,22.7,23.3,22.19,23.3,1486820
2017-03-28,23.22,23.73,23.19,23.47,812182
2017-03-29,23.41,24.11,23.4,24.02,1059596
2017-03-30,24.04,24.52,23.99,24.02,2621397
2017-03-31,24.0,25.05,23.99,24.71,2838091
2017-04-03,24.75,24.93,23.9,24.0,1562387
2017-04-04,23.95,24.27,23.72,24.26,1501986
2017-04-05,24.43,24.67,23.84,23.85,1148078
2017-04-06,23.96,24.45,23.82,24.43,1283766
2017-04-07,24.41,25.54,24.41,25.05,2894337
2017-04-10,25.11,25.29,24.84,24.98,956754
2017-04-11,24.9,25.12,24.18,25.03,1390371
2017-04-12,24.9,25.07,24.38,25.04,2062254
2017-04-13,24.93,25.19,24.64,24.66,1578152
2017-04-17,24.81,25.09,24.54,25.04,1392201
2017-04-18,24.75,25.05,24.48,24.6,989806
2017-04-19,24.73,25.02,24.57,24.61,908597
2017-04-20,24.8,25.48,24.67,25.37,1240530
2017-04-21,25.35,25.64,25.2,25.49,1055258
2017-04-24,26.0,26.08,25.81,25.99,1544950
2017-04-25,26.31,26.36,25.88,25.88,2297756
2017-04-26,25.87,26.21,25.86,25.96,1545068
2017-04-27,25.94,26.18,25.6,26.02,1466817
2017-04-28,26.15,26.15,25.61,25.66,1563094
2017-05-01,25.71,26.5,25.65,26.48,2194122
2017-05-02,26.72,27.49,26.65,26.89,3295429
2017-05-03,28.22,28.48,27.45,28.06,4693371
2017-05-04,28.34,28.67,28.06,28.61,3541915
2017-05-05,28.69,28.7,27.88,27.99,2130962
2017-05-08,27.89,27.96,27.54,27.68,843847
2017-05-09,27.72,27.92,27.41,27.6,1310874
2017-05-10,27.67,28.07,27.39,27.49,1792909
2017-05-11,27.42,27.42,26.56,27.1,1214825
2017-05-12,27.06,27.06,26.59,26.89,976617
2017-05-15,26.99,27.58,26.96,27.54,981892
2017-05-16,27.54,27.68,27.07,27.13,1270700
2017-05-17,26.72,26.76,25.73,26.47,2145621
2017-05-18,26.36,27.37,26.07,27.26,1424426
2017-05-19,27.34,27.64,26.97,27.02,1040459
2017-05-22,27.15,27.32,27.0,27.14,830251
2017-05-23,27.27,27.27,26.66,27.05,618901
2017-05-24,27.03,27.24,26.5,26.84,1460432
2017-05-25,27.0,27.59,26.88,27.28,1172974
2017-05-26,27.12,27.17,26.77,27.17,954260
2017-05-30,27.0,27.27,26.69,27.06,1478634
2017-05-31,27.08,27.18,26.25,26.86,1571787
2017-06-01,26.94,27.18,26.6,27.11,1120101
2017-06-02,27.17,27.6,27.06,27.35,1021078
2017-06-05,27.22,27.34,26.96,27.16,858815
2017-06-06,26.91,27.4,26.57,27.24,988604
2017-06-07,27.26,27.61,27.11,27.33,842723
2017-06-08,27.83,28.33,27.43,27.91,1317296
2017-06-09,27.95,28.52,27.93,28.09,1360051
2017-06-12,28.03,28.14,27.45,27.71,1550873
2017-06-13,27.85,28.71,27.68,28.66,1578418
2017-06-14,28.66,28.66,28.24,28.37,1256316
2017-06-15,28.01,28.48,27.88,28.09,1069066
2017-06-16,27.8,28.31,27.76,28.29,1512268
2017-06-19,28.29,28.52,28.1,28.25,802634
2017-06-20,28.15,28.16,27.47,27.79,952789
2017-06-21,27.84,27.94,27.2,27.5,936657
2017-06-22,27.54,27.79,27.22,27.61,985863
2017-06-23,27.66,28.57,27.33,28.56,2194169
2017-06-26,28.44,29.27,28.4,28.94,1586672
2017-06-27,28.87,28.94,28.21,28.22,1086625
2017-06-28,28.5,28.82,28.29,28.52,895036
2017-06-29,28.57,28.77,28.06,28.45,1296389
2017-06-30,28.53,29.03,27.91,28.87,1529107
2017-07-03,28.98,29.19,28.56,28.98,638275
2017-07-05,28.94,29.41,28.91,29.3,1759221
2017-07-06,29.02,29.28,28.84,29.0,1087744
2017-07-07,29.11,29.67,28.97,29.67,1139659
2017-07-10,29.5,29.53,29.09,29.39,1568972
2017-07-11,29.31,29.31,28.42,28.85,1426943
2017-07-12,29.13,29.42,28.86,28.95,1257448
2017-07-13,28.84,29.03,28.6,28.77,814748
2017-07-14,28.76,28.89,28.52,28.6,1195272
2017-07-17,28.38,28.64,28.17,28.38,1204161
2017-07-18,28.16,28.39,27.87,27.88,1140949
2017-07-19,27.96,28.49,27.83,28.43,1124221
2017-07-20,28.36,28.58,28.07,28.53,1293199
2017-07-21,28.6,28.85,28.27,28.83,771636
2017-07-24,28.78,28.84,28.61,28.63,700184
2017-07-25,28.7,29.03,28.6,28.89,930787
2017-07-26,28.89,28.89,28.34,28.4,763344
2017-07-27,28.37,28.68,28.0,28.23,1224194
2017-07-28,28.2,28.78,27.91,28.7,1503715
2017-07-31,,,28.31,28.44,695708
2017-08-01,28.68,28.71,27.41,27.58,3243463
