Date,Open,High,Low,Close,Volume
2006-02-03,0.2,0.21,0.2,0.21,85000
2006-02-06,0.21,0.27,0.2,0.25,792263
2006-02-07,0.26,0.26,0.22,0.24,406040
2006-02-08,0.24,0.24,0.15,0.23,81524
2006-02-09,0.2,0.2,0.17,0.2,783173
2006-02-10,0.21,0.21,0.18,0.2,417641
2006-02-13,0.22,0.22,0.2,0.21,165845
2006-02-14,0.22,0.22,0.2,0.22,143725
2006-02-15,0.22,0.22,0.19,0.2,49400
2006-02-16,0.19,0.19,0.19,0.19,68965
2006-02-17,0.19,0.21,0.19,0.19,294800
2006-02-21,0.19,0.2,0.19,0.2,181192
2006-02-22,0.2,0.21,0.2,0.2,310000
2006-02-23,0.2,0.2,0.19,0.2,84200
2006-02-24,0.2,0.2,0.19,0.2,73000
2006-02-27,0.19,0.2,0.19,0.2,133000
2006-02-28,0.21,0.23,0.2,0.23,240800
2006-03-01,0.23,0.23,0.22,0.23,135400
2006-03-02,0.22,0.23,0.22,0.23,187500
2006-03-03,0.22,0.24,0.21,0.22,184150
2006-03-06,0.22,0.24,0.22,0.23,738000
2006-03-07,0.23,0.23,0.23,0.23,109910
2006-03-08,0.24,0.24,0.21,0.21,347202
2006-03-09,0.21,0.22,0.21,0.22,451000
2006-03-10,0.23,0.23,0.2,0.21,613180
2006-03-13,0.21,0.22,0.2,0.2,219245
2006-03-14,0.22,0.23,0.21,0.22,400590
2006-03-15,0.22,0.24,0.22,0.22,405535
2006-03-16,0.22,0.23,0.2,0.2,718725
2006-03-17,0.21,0.23,0.2,0.2,46000
2006-03-20,0.23,0.23,0.22,0.22,102170
2006-03-21,0.23,0.24,0.21,0.24,380060
2006-03-22,0.23,0.24,0.22,0.24,60750
2006-03-23,0.24,0.24,0.21,0.22,444000
2006-03-24,0.22,0.22,0.22,0.22,26400
2006-03-27,0.23,0.23,0.2,0.2,134460
2006-03-28,0.21,0.21,0.21,0.21,82275
2006-03-29,0.21,0.21,0.2,0.21,56700
2006-03-30,0.21,0.21,0.21,0.21,43000
2006-03-31,0.21,0.21,0.19,0.19,110500
2006-04-03,0.2,0.21,0.2,0.2,59860
2006-04-04,0.21,0.21,0.2,0.2,82500
2006-04-05,0.2,0.2,0.2,0.2,17800
2006-04-06,0.2,0.2,0.19,0.2,60000
2006-04-07,0.22,0.22,0.2,0.2,43200
2006-04-10,0.2,0.2,0.19,0.19,52500
2006-04-11,0.17,0.19,0.16,0.18,75900
2006-04-12,0.18,0.2,0.17,0.2,44500
2006-04-13,0.19,0.19,0.18,0.19,20000
2006-04-17,0.19,0.19,0.17,0.19,36200
2006-04-18,0.18,0.18,0.16,0.16,50000
2006-04-19,0.18,0.18,0.17,0.18,24011
2006-04-20,0.16,0.16,0.16,0.16,440000
2006-04-21,0.16,0.16,0.15,0.15,95000
2006-04-24,0.15,0.17,0.15,0.15,106800
2006-04-25,0.16,0.16,0.15,0.16,188500
2006-04-26,0.16,0.17,0.16,0.16,144411
2006-04-27,0.16,0.16,0.16,0.16,57400
2006-04-28,0.18,0.2,0.18,0.2,372500
2006-05-01,0.2,0.2,0.16,0.16,848626
2006-05-02,0.16,0.17,0.16,0.16,107500
2006-05-03,0.17,0.17,0.16,0.16,95000
2006-05-04,0.16,0.17,0.16,0.16,135000
2006-05-05,0.16,0.16,0.16,0.16,181437
2006-05-08,0.16,0.18,0.16,0.18,7500
2006-05-09,0.18,0.19,0.16,0.16,217135
2006-05-10,0.19,0.2,0.18,0.2,92690
2006-05-11,0.2,0.2,0.19,0.19,384930
2006-05-12,0.2,0.2,0.19,0.2,467525
2006-05-15,0.2,0.2,0.16,0.17,618400
2006-05-16,0.18,0.18,0.16,0.16,102500
2006-05-18,0.18,0.18,0.17,0.17,96119
2006-05-19,0.18,0.18,0.18,0.18,105000
2006-05-22,0.18,0.18,0.18,0.18,2000
2006-05-23,0.18,0.18,0.18,0.18,79500
2006-05-24,0.18,0.18,0.18,0.18,237463
2006-05-25,0.18,0.18,0.18,0.18,65250
2006-05-26,0.18,0.18,0.18,0.18,10000
2006-05-30,0.18,0.18,0.18,0.18,130000
2006-05-31,0.18,0.18,0.18,0.18,60000
2006-06-02,0.18,0.18,0.18,0.18,20000
2006-06-05,0.18,0.18,0.17,0.17,37778
2006-06-06,0.18,0.18,0.18,0.18,45000
2006-06-08,0.18,0.18,0.18,0.18,19000
2006-06-09,0.18,0.18,0.18,0.18,38000
2006-06-12,0.18,0.18,0.17,0.17,325000
2006-06-13,0.18,0.18,0.16,0.16,182222
2006-06-14,0.17,0.17,0.16,0.16,118456
2006-06-15,0.16,0.16,0.16,0.16,2000
2006-06-16,0.16,0.17,0.16,0.17,16350
2006-06-20,0.18,0.18,0.18,0.18,5000
2006-06-22,0.18,0.18,0.18,0.18,4136
2006-06-23,0.18,0.18,0.18,0.18,31200
2006-06-26,0.18,0.18,0.16,0.16,43974
2006-06-30,0.18,0.18,0.18,0.18,1357
2006-07-07,0.16,0.16,0.16,0.16,2200
2006-07-10,0.16,0.16,0.16,0.16,15000
2006-07-11,0.16,0.16,0.14,0.16,156800
2006-07-12,0.16,0.16,0.16,0.16,700
2006-07-13,0.16,0.16,0.14,0.14,64000
2006-07-14,0.14,0.14,0.14,0.14,30000
2006-07-17,0.15,0.15,0.14,0.14,45000
2006-07-18,0.15,0.15,0.15,0.15,15000
2006-07-19,0.15,0.15,0.15,0.15,1300
2006-07-24,0.15,0.15,0.14,0.14,6300
2006-07-26,0.14,0.14,0.14,0.14,41000
2006-07-27,0.14,0.14,0.14,0.14,20000
2006-07-28,0.15,0.15,0.14,0.14,34600
2006-08-01,0.14,0.14,0.14,0.14,24000
2006-08-02,0.14,0.14,0.14,0.14,40000
2006-08-03,0.16,0.16,0.16,0.16,10000
2006-08-07,0.15,0.15,0.15,0.15,10000
2006-08-08,0.15,0.15,0.14,0.14,25000
2006-08-09,0.13,0.13,0.13,0.13,20000
2006-08-10,0.15,0.15,0.13,0.13,40500
2006-08-11,0.12,0.13,0.12,0.12,3656
2006-08-14,0.14,0.14,0.14,0.14,20000
2006-08-15,0.13,0.13,0.13,0.13,141722
2006-08-17,0.13,0.13,0.13,0.13,45000
2006-08-18,0.12,0.12,0.12,0.12,15000
2006-08-21,0.12,0.13,0.1,0.1,101500
2006-08-22,0.1,0.11,0.09,0.09,105000
2006-08-23,0.1,0.11,0.1,0.11,219250
2006-08-24,0.12,0.12,0.12,0.12,66900
2006-08-25,0.11,0.12,0.11,0.12,72000
2006-08-29,0.12,0.12,0.12,0.12,330
2006-08-30,0.12,0.12,0.11,0.11,35600
2006-08-31,0.12,0.12,0.12,0.12,5000
2006-09-01,0.11,0.12,0.11,0.12,115000
2006-09-05,0.12,0.12,0.12,0.12,435
2006-09-06,0.12,0.12,0.11,0.11,318700
2006-09-13,0.12,0.12,0.12,0.12,8500
2006-09-15,0.12,0.12,0.12,0.12,54600
2006-09-18,0.12,0.12,0.12,0.12,11150
2006-09-19,0.12,0.12,0.12,0.12,20000
2006-09-21,0.12,0.12,0.12,0.12,65000
2006-09-25,0.11,0.12,0.11,0.12,51000
2006-09-26,0.12,0.12,0.12,0.12,77900
2006-10-05,0.12,0.12,0.11,0.11,23000
2006-10-06,0.11,0.11,0.11,0.11,6000
2006-10-09,0.11,0.11,0.11,0.11,15000
2006-10-10,0.11,0.11,0.11,0.11,41800
2006-10-11,0.12,0.12,0.12,0.12,10000
2006-10-13,0.12,0.13,0.12,0.13,10000
2006-10-16,0.14,0.14,0.13,0.14,34940
2006-10-17,0.14,0.14,0.14,0.14,33000
2006-10-18,0.14,0.14,0.14,0.14,15000
2006-10-20,0.14,0.14,0.14,0.14,1000
2006-10-23,0.14,0.14,0.14,0.14,500
2006-10-24,0.13,0.13,0.13,0.13,14500
2006-10-25,0.13,0.13,0.13,0.13,6986
2006-10-27,0.13,0.13,0.13,0.13,3500
2006-10-30,0.12,0.12,0.12,0.12,10000
2006-11-01,0.12,0.12,0.11,0.11,26500
2006-11-02,0.12,0.13,0.12,0.13,6800
2006-11-06,0.12,0.13,0.12,0.13,27000
2006-11-07,0.12,0.13,0.12,0.13,46300
2006-11-08,0.14,0.14,0.14,0.14,3823
2006-11-10,0.14,0.15,0.14,0.15,50600
2006-11-13,0.15,0.17,0.15,0.16,128870
2006-11-14,0.16,0.16,0.15,0.15,82830
2006-11-15,0.15,0.17,0.15,0.17,39550
2006-11-16,0.18,0.18,0.15,0.15,115650
2006-11-17,0.14,0.14,0.14,0.14,5000
2006-11-20,0.14,0.14,0.14,0.14,5000
2006-11-22,0.15,0.15,0.15,0.15,1890
2006-11-24,0.13,0.14,0.13,0.14,25000
2006-11-27,0.14,0.14,0.14,0.14,6290
2006-11-29,0.13,0.13,0.13,0.13,22000
2006-11-30,0.12,0.12,0.12,0.12,20000
2006-12-01,0.12,0.12,0.12,0.12,15000
2006-12-04,0.12,0.12,0.12,0.12,5000
2006-12-05,0.12,0.14,0.12,0.14,25000
2006-12-06,0.12,0.12,0.12,0.12,20000
2006-12-07,0.12,0.12,0.12,0.12,30000
2006-12-12,0.12,0.12,0.12,0.12,20800
2006-12-14,0.12,0.12,0.12,0.12,1000
2006-12-18,0.12,0.12,0.12,0.12,11600
2006-12-19,0.12,0.12,0.12,0.12,50000
2006-12-21,0.12,0.12,0.12,0.12,15000
2006-12-27,0.12,0.12,0.12,0.12,30000
2006-12-29,0.12,0.12,0.12,0.12,30500
2007-01-03,0.12,0.12,0.12,0.12,1890
2007-01-08,0.12,0.12,0.12,0.12,145000
2007-01-09,0.12,0.12,0.12,0.12,6000
2007-01-11,0.12,0.12,0.12,0.12,1000
2007-01-16,0.12,0.12,0.12,0.12,10000
2007-01-17,0.12,0.12,0.12,0.12,10000
2007-01-23,0.12,0.12,0.12,0.12,12200
2007-01-29,0.12,0.12,0.12,0.12,13500
2007-01-31,0.12,0.12,0.12,0.12,43000
2007-02-06,0.12,0.12,0.12,0.12,12000
2007-02-08,0.12,0.12,0.1,0.12,126000
2007-02-09,0.12,0.12,0.12,0.12,8000
2007-02-12,0.12,0.12,0.12,0.12,46800
2007-02-14,0.12,0.12,0.12,0.12,35000
2007-02-22,0.12,0.12,0.12,0.12,120000
2007-02-23,0.12,0.12,0.12,0.12,47900
2007-02-26,0.12,0.12,0.12,0.12,55000
2007-02-27,0.12,0.12,0.12,0.12,146750
2007-03-01,0.12,0.12,0.12,0.12,62000
2007-03-02,0.12,0.12,0.12,0.12,50000
2007-03-06,0.12,0.12,0.12,0.12,29000
2007-03-07,0.12,0.12,0.12,0.12,151000
2007-03-08,0.12,0.12,0.12,0.12,51000
2007-03-13,0.12,0.12,0.12,0.12,10000
2007-03-16,0.11,0.11,0.11,0.11,15000
2007-03-20,0.1,0.1,0.1,0.1,300000
2007-03-21,0.1,0.1,0.08,0.09,39700
2007-03-22,0.09,0.1,0.09,0.1,80000
2007-03-23,0.1,0.1,0.1,0.1,60000
2007-03-27,0.11,0.11,0.09,0.09,4200
2007-03-28,0.1,0.1,0.1,0.1,55000
2007-03-29,0.1,0.1,0.1,0.1,40000
2007-04-03,0.11,0.11,0.11,0.11,1250
2007-04-04,0.1,0.1,0.1,0.1,85000
2007-04-05,0.1,0.1,0.1,0.1,50000
2007-04-09,0.1,0.1,0.09,0.09,40000
2007-04-10,0.1,0.1,0.1,0.1,70000
2007-04-12,0.1,0.1,0.1,0.1,13334
2007-04-16,0.1,0.1,0.1,0.1,2000
2007-04-17,0.1,0.1,0.1,0.1,5100
2007-04-18,0.1,0.1,0.1,0.1,21500
2007-04-20,0.1,0.1,0.09,0.09,123416
2007-04-23,0.09,0.09,0.09,0.09,107500
2007-04-24,0.1,0.1,0.1,0.1,5000
2007-04-25,0.09,0.09,0.09,0.09,1500
2007-04-30,0.09,0.09,0.08,0.08,139000
2007-05-01,0.08,0.08,0.08,0.08,30000
2007-05-02,0.08,0.08,0.08,0.08,27000
2007-05-03,0.07,0.07,0.07,0.07,105000
2007-05-07,0.07,0.07,0.06,0.06,182600
2007-05-08,0.06,0.06,0.06,0.06,98400
2007-05-09,0.06,0.06,0.06,0.06,5000
2007-05-10,0.06,0.06,0.06,0.06,5000
2007-05-14,0.06,0.06,0.06,0.06,1000
2007-05-17,0.06,0.06,0.06,0.06,19000
2007-05-18,0.06,0.06,0.06,0.06,8000
2007-05-21,0.06,0.06,0.06,0.06,32500
2007-05-23,0.06,0.06,0.06,0.06,13000
2007-05-24,0.06,0.06,0.06,0.06,9100
2007-05-25,0.06,0.06,0.06,0.06,16000
2007-05-31,0.06,0.06,0.06,0.06,434000
2007-06-01,0.06,0.06,0.04,0.05,139000
2007-06-05,0.06,0.06,0.05,0.05,177000
2007-06-06,0.06,0.06,0.06,0.06,51000
2007-06-07,0.06,0.07,0.06,0.07,16250
2007-06-08,0.07,0.07,0.07,0.07,20000
2007-06-11,0.07,0.07,0.07,0.07,2500
2007-06-12,0.08,0.09,0.08,0.08,41500
2007-06-19,0.08,0.08,0.08,0.08,5000
2007-06-26,0.07,0.07,0.06,0.06,103500
2007-06-27,0.05,0.06,0.05,0.06,15000
2007-06-28,0.06,0.08,0.06,0.06,93850
2007-06-29,0.07,0.08,0.06,0.06,90000
2007-07-02,0.08,0.08,0.08,0.08,1000
2007-07-05,0.07,0.1,0.06,0.06,260900
2007-07-06,0.07,0.08,0.07,0.08,55000
2007-07-11,0.08,0.08,0.08,0.08,11100
2007-07-12,0.08,0.08,0.08,0.08,3500
2007-07-13,0.07,0.08,0.07,0.08,212100
2007-07-16,0.08,0.09,0.08,0.09,33650
2007-07-17,0.09,0.09,0.09,0.09,274050
2007-07-20,0.09,0.09,0.09,0.09,109988
2007-07-23,0.1,0.1,0.1,0.1,46000
2007-07-24,0.1,0.11,0.1,0.11,60000
2007-07-25,0.1,0.11,0.09,0.09,217000
2007-07-26,0.12,0.12,0.1,0.12,26000
2007-07-27,0.12,0.12,0.1,0.1,20000
2007-07-30,0.1,0.1,0.1,0.1,35000
2007-07-31,0.1,0.1,0.1,0.1,100000
2007-08-02,0.1,0.1,0.09,0.1,63500
2007-08-03,0.1,0.1,0.1,0.1,1000
2007-08-07,0.09,0.09,0.06,0.06,163000
2007-08-10,0.07,0.07,0.07,0.07,30000
2007-08-13,0.06,0.06,0.06,0.06,6000
2007-08-14,0.06,0.06,0.06,0.06,2000
2007-08-15,0.07,0.07,0.07,0.07,5000
2007-08-20,0.07,0.07,0.07,0.07,7446
2007-08-21,0.07,0.07,0.07,0.07,3500
2007-08-23,0.08,0.08,0.08,0.08,10000
2007-09-05,0.07,0.07,0.07,0.07,40000
2007-09-06,0.07,0.07,0.06,0.06,29000
2007-09-07,0.06,0.08,0.06,0.08,45000
2007-09-10,0.07,0.07,0.05,0.07,107500
2007-09-13,0.06,0.06,0.06,0.06,45000
2007-09-25,0.07,0.07,0.07,0.07,2000
2007-09-27,0.07,0.07,0.06,0.06,71000
2007-10-01,0.06,0.06,0.04,0.05,36000
2007-10-02,0.06,0.06,0.06,0.06,105000
2007-10-03,0.06,0.06,0.05,0.05,10800
2007-10-05,0.06,0.06,0.06,0.06,1000
2007-10-08,0.06,0.06,0.04,0.05,132500
2007-10-09,0.06,0.06,0.06,0.06,34795
2007-10-10,0.07,0.07,0.07,0.07,11428
2007-10-15,0.07,0.07,0.07,0.07,3440
2007-10-16,0.05,0.05,0.05,0.05,15530
2007-10-17,0.06,0.07,0.06,0.07,62500
2007-10-22,0.05,0.05,0.05,0.05,2500
2007-10-23,0.07,0.07,0.07,0.07,2000
2007-10-24,0.05,0.05,0.05,0.05,1036
2007-10-30,0.07,0.07,0.07,0.07,2000
2007-10-31,0.07,0.07,0.07,0.07,1976
2007-11-02,0.07,0.07,0.07,0.07,2000
2007-11-05,0.05,0.05,0.05,0.05,20000
2007-11-08,0.07,0.07,0.06,0.06,22000
2007-11-09,0.06,0.06,0.06,0.06,5000
2007-11-15,0.06,0.07,0.06,0.07,8000
2007-11-16,0.06,0.06,0.05,0.05,37000
2007-11-19,0.06,0.06,0.06,0.06,45000
2007-11-26,0.05,0.06,0.05,0.06,54000
2007-11-27,0.06,0.06,0.06,0.06,10000
2007-11-28,0.06,0.06,0.06,0.06,37500
2007-11-30,0.06,0.06,0.05,0.05,48249
2007-12-03,0.05,0.05,0.05,0.05,15733
2007-12-04,0.04,0.04,0.04,0.04,5000
2007-12-06,0.04,0.04,0.04,0.04,10000
2007-12-10,0.04,0.04,0.04,0.04,35000
2007-12-11,0.05,0.05,0.05,0.05,20000
2007-12-12,0.05,0.05,0.05,0.05,10000
2007-12-14,0.05,0.05,0.04,0.04,205000
2007-12-19,0.04,0.04,0.04,0.04,1000
2007-12-26,0.04,0.04,0.04,0.04,8000
2007-12-27,0.04,0.04,0.04,0.04,6000
2007-12-28,0.04,0.04,0.04,0.04,33584
2007-12-31,0.04,0.04,0.03,0.03,42700
2008-01-02,0.03,0.03,0.03,0.03,500
2008-01-07,0.04,0.04,0.04,0.04,2000
2008-01-08,0.04,0.04,0.04,0.04,4000
2008-01-09,0.04,0.08,0.04,0.07,246059
2008-01-10,0.07,0.07,0.07,0.07,17400
2008-01-11,0.07,0.07,0.06,0.06,31000
2008-01-14,0.06,0.06,0.06,0.06,24200
2008-01-15,0.07,0.08,0.07,0.08,75000
2008-01-16,0.06,0.08,0.06,0.07,102850
2008-01-17,0.08,0.08,0.07,0.08,20533
2008-01-18,0.07,0.07,0.07,0.07,80349
2008-01-22,0.07,0.07,0.06,0.06,12000
2008-01-23,0.06,0.07,0.05,0.05,7000
2008-01-24,0.05,0.07,0.05,0.07,2000
2008-01-28,0.07,0.07,0.07,0.07,1000
2008-01-29,0.04,0.04,0.04,0.04,2000
2008-01-30,0.07,0.08,0.04,0.06,253750
2008-01-31,0.06,0.06,0.06,0.06,67150
2008-02-01,0.05,0.07,0.05,0.07,17200
2008-02-04,0.06,0.06,0.06,0.06,3000
2008-02-05,0.07,0.07,0.07,0.07,300
2008-02-08,0.06,0.06,0.06,0.06,5000
2008-02-11,0.07,0.08,0.07,0.07,90000
2008-02-12,0.06,0.06,0.06,0.06,5000
2008-02-13,0.07,0.07,0.07,0.07,32151
2008-02-15,0.06,0.06,0.06,0.06,5000
2008-02-20,0.08,0.08,0.08,0.08,10000
2008-02-21,0.08,0.08,0.08,0.08,60000
2008-02-22,0.08,0.08,0.08,0.08,250
2008-02-25,0.07,0.07,0.07,0.07,5000
2008-02-27,0.08,0.08,0.08,0.08,45500
2008-02-28,0.07,0.08,0.07,0.08,9100
2008-02-29,0.08,0.08,0.08,0.08,35000
2008-03-03,0.07,0.07,0.07,0.07,25000
2008-03-04,0.06,0.07,0.06,0.07,12350
2008-03-05,0.07,0.07,0.07,0.07,20000
2008-03-11,0.07,0.07,0.07,0.07,10000
2008-03-13,0.06,0.06,0.06,0.06,5250
2008-03-14,0.07,0.07,0.07,0.07,15000
2008-03-20,0.06,0.06,0.05,0.05,21700
2008-03-26,0.06,0.06,0.06,0.06,20000
2008-03-27,0.06,0.06,0.06,0.06,21200
2008-03-28,0.06,0.06,0.06,0.06,18000
2008-03-31,0.06,0.06,0.06,0.06,5000
2008-04-01,0.06,0.06,0.05,0.05,20000
2008-04-02,0.06,0.06,0.06,0.06,5200
2008-04-03,0.06,0.06,0.06,0.06,15500
2008-04-04,0.06,0.06,0.04,0.04,157167
2008-04-07,0.05,0.05,0.05,0.05,20000
2008-04-08,0.04,0.05,0.04,0.05,3361
2008-04-09,0.05,0.05,0.05,0.05,2000
2008-04-10,0.05,0.05,0.05,0.05,34800
2008-04-11,0.06,0.06,0.06,0.06,30225
2008-04-14,0.06,0.06,0.06,0.06,4100
2008-04-15,0.06,0.07,0.06,0.07,84900
2008-04-16,0.06,0.07,0.06,0.06,25000
2008-04-17,0.06,0.06,0.06,0.06,1000
2008-04-23,0.06,0.06,0.06,0.06,77000
2008-04-24,0.06,0.06,0.06,0.06,4500
2008-04-30,0.06,0.06,0.06,0.06,15000
2008-05-01,0.06,0.06,0.06,0.06,736
2008-05-07,0.06,0.06,0.06,0.06,5000
2008-05-08,0.06,0.06,0.06,0.06,50000
2008-05-12,0.05,0.05,0.05,0.05,47500
2008-05-13,0.05,0.05,0.05,0.05,5000
2008-05-15,0.05,0.05,0.05,0.05,10000
2008-05-20,0.04,0.04,0.04,0.04,5000
2008-05-21,0.04,0.04,0.04,0.04,38800
2008-05-22,0.04,0.04,0.04,0.04,55000
2008-06-02,0.04,0.04,0.04,0.04,35000
2008-06-05,0.04,0.04,0.04,0.04,1900
2008-06-09,0.05,0.05,0.04,0.04,15000
2008-06-19,0.03,0.03,0.03,0.03,7500
2008-06-23,0.05,0.05,0.05,0.05,250
2008-06-24,0.04,0.04,0.03,0.04,70000
2008-06-26,0.03,0.04,0.03,0.04,21165
2008-06-27,0.04,0.04,0.04,0.04,10000
2008-07-01,0.03,0.03,0.03,0.03,20100
2008-07-02,0.04,0.04,0.04,0.04,8510
2008-07-08,0.03,0.03,0.03,0.03,14000
2008-07-11,0.03,0.03,0.03,0.03,85000
2008-07-15,0.02,0.02,0.02,0.02,55000
2008-07-21,0.03,0.03,0.03,0.03,10000
2008-07-23,0.03,0.03,0.03,0.03,19100
2008-07-29,0.03,0.03,0.03,0.03,44000
2008-08-05,0.03,0.03,0.02,0.02,43900
2008-08-06,0.03,0.03,0.02,0.02,55000
2008-08-15,0.02,0.02,0.02,0.02,10000
2008-08-21,0.02,0.02,0.02,0.02,1533
2008-08-22,0.02,0.02,0.02,0.02,100800
2008-08-25,0.01,0.01,0.01,0.01,132500
2008-08-26,0.01,0.01,0.01,0.01,182800
2008-08-27,0.01,0.01,0.01,0.01,15000
2008-08-28,0.01,0.01,0.0,0.0,595246
2008-08-29,0.0,0.01,0.0,0.01,355000
2008-09-03,0.0,0.01,0.0,0.0,190246
2008-09-05,0.0,0.0,0.0,0.0,11400
2008-09-08,0.01,0.01,0.01,0.01,575000
2008-09-10,0.0,0.0,0.0,0.0,55000
2008-09-16,0.0,0.01,0.0,0.0,346450
2008-09-17,0.01,0.01,0.01,0.01,5903
2008-09-18,0.01,0.01,0.0,0.0,255000
2008-09-19,0.01,0.01,0.01,0.01,15000
2008-09-22,0.01,0.01,0.01,0.01,319000
2008-09-23,0.01,0.01,0.01,0.01,713000
2008-09-24,0.01,0.01,0.01,0.01,100000
2008-09-25,0.01,0.01,0.01,0.01,100000
2008-09-26,0.01,0.01,0.01,0.01,290000
2008-09-29,0.01,0.01,0.01,0.01,50000
2008-09-30,0.01,0.02,0.01,0.02,57000
2008-10-01,0.02,0.02,0.01,0.01,56073
2008-10-02,0.02,0.02,0.02,0.02,200
2008-10-03,0.02,0.1,0.01,0.02,446000
2008-10-06,0.01,0.02,0.01,0.02,205000
2008-10-08,0.01,0.02,0.01,0.02,64100
2008-10-09,0.02,0.02,0.01,0.01,570800
2008-10-10,0.02,0.02,0.01,0.01,18100
2008-10-13,0.01,0.01,0.01,0.01,74000
2008-10-14,0.01,0.01,0.01,0.01,439600
2008-10-16,0.01,0.01,0.01,0.01,11600
2008-10-20,0.01,0.01,0.01,0.01,115000
2008-10-23,0.01,0.01,0.01,0.01,38000
2008-11-11,0.01,0.01,0.01,0.01,52000
2008-11-12,0.01,0.01,0.01,0.01,2100
2008-11-14,0.01,0.01,0.01,0.01,10400
2008-11-25,0.01,0.01,0.01,0.01,12800
2008-11-26,0.01,0.01,0.01,0.01,1000
2008-11-28,0.01,0.01,0.01,0.01,10000
2008-12-01,0.01,0.01,0.01,0.01,5500
2008-12-03,0.01,0.01,0.01,0.01,112000
2008-12-04,0.01,0.01,0.01,0.01,115000
2008-12-05,0.01,0.01,0.01,0.01,395900
2008-12-08,0.01,0.01,0.01,0.01,63000
2008-12-10,0.0,0.02,0.0,0.01,210000
2008-12-11,0.01,0.01,0.01,0.01,20000
2008-12-17,0.01,0.01,0.0,0.0,29000
2008-12-26,0.01,0.01,0.01,0.01,135000
2008-12-31,0.01,0.01,0.01,0.01,1000
2009-01-14,0.01,0.01,0.01,0.01,4400
2009-01-20,0.01,0.01,0.0,0.01,69600
2009-01-21,0.01,0.01,0.01,0.01,10300
2009-01-22,0.01,0.01,0.01,0.01,10000
2009-01-28,0.0,0.0,0.0,0.0,2778
2009-01-29,0.01,0.01,0.01,0.01,19000
2009-02-02,0.01,0.01,0.0,0.0,45000
2009-02-03,0.01,0.01,0.01,0.01,16500
2009-02-09,0.0,0.01,0.0,0.01,70000
2009-02-13,0.01,0.01,0.01,0.01,12000
2009-02-24,0.01,0.01,0.01,0.01,1500
2009-02-27,0.0,0.0,0.0,0.0,20000
2009-03-02,0.01,0.01,0.01,0.01,100000
2009-03-09,0.01,0.01,0.01,0.01,77778
2009-03-11,0.01,0.01,0.01,0.01,9500
2009-03-20,0.01,0.01,0.01,0.01,681
2009-03-26,0.01,0.01,0.01,0.01,108779
2009-03-27,0.01,0.01,0.01,0.01,78000
2009-03-30,0.01,0.01,0.01,0.01,3725
2009-04-03,0.01,0.01,0.01,0.01,127000
2009-04-06,0.01,0.01,0.01,0.01,115000
2009-04-08,0.01,0.01,0.01,0.01,226500
2009-04-09,0.01,0.01,0.01,0.01,350000
2009-04-13,0.01,0.01,0.01,0.01,80000
2009-04-14,0.01,0.01,0.01,0.01,19996
2009-04-17,0.01,0.01,0.01,0.01,5589
2009-04-20,0.01,0.01,0.01,0.01,125000
2009-04-21,0.01,0.01,0.01,0.01,11893
2009-04-27,0.01,0.01,0.01,0.01,70000
2009-05-01,0.01,0.01,0.01,0.01,110000
2009-05-07,0.01,0.01,0.0,0.0,78000
2009-05-12,0.0,0.0,0.0,0.0,19671
2009-05-18,0.02,0.02,0.02,0.02,5200
2009-05-28,0.01,0.08,0.01,0.08,25300
2009-06-01,0.01,0.01,0.01,0.01,55000
2009-06-08,0.01,0.01,0.01,0.01,4000
2009-06-09,0.01,0.01,0.01,0.01,5000
2009-06-29,0.01,0.01,0.01,0.01,2000
2009-07-15,0.01,0.01,0.01,0.01,2500
2009-07-29,0.01,0.01,0.01,0.01,10400
2009-08-07,0.01,0.01,0.01,0.01,6670
2009-08-21,0.03,0.03,0.03,0.03,100
2009-09-09,0.02,0.04,0.02,0.04,20000
2009-09-10,0.04,0.04,0.02,0.02,1887
2009-09-11,0.02,0.02,0.02,0.02,2000
2009-09-16,0.02,0.04,0.02,0.02,14000
2009-09-18,0.05,0.05,0.05,0.05,5000
2009-09-24,0.02,0.04,0.02,0.04,24000
2009-10-05,0.04,0.05,0.04,0.05,21800
2009-10-06,0.05,0.05,0.05,0.05,9000
2009-10-09,0.05,0.05,0.05,0.05,2000
2009-10-12,0.05,0.05,0.04,0.05,18000
2009-10-14,0.05,0.05,0.04,0.04,12000
2009-10-16,0.04,0.04,0.04,0.04,20000
2009-10-19,0.04,0.04,0.04,0.04,6000
2009-10-20,0.03,0.03,0.03,0.03,10000
2009-10-21,0.03,0.03,0.03,0.03,5000
2009-10-23,0.03,0.03,0.03,0.03,781
2009-11-06,0.03,0.03,0.03,0.03,6610
2009-11-09,0.03,0.04,0.03,0.04,237200
2009-11-10,0.04,0.04,0.04,0.04,5000
2009-11-11,0.03,0.03,0.02,0.02,10200
2009-11-16,0.01,0.02,0.01,0.01,17000
2009-11-17,0.01,0.01,0.01,0.01,35000
2009-11-24,0.01,0.01,0.01,0.01,5000
2009-11-25,0.01,0.01,0.01,0.01,10000
2009-12-01,0.01,0.04,0.01,0.04,35000
2009-12-10,0.03,0.03,0.03,0.03,100
2009-12-15,0.01,0.01,0.01,0.01,10000
2009-12-17,0.02,0.02,0.02,0.02,10000
2009-12-21,0.02,0.02,0.02,0.02,34840
2009-12-24,0.02,0.02,0.02,0.02,21000
2010-01-12,0.01,0.01,0.01,0.01,10000
2010-01-15,0.01,0.01,0.01,0.01,11800
2010-01-28,0.01,0.01,0.01,0.01,1600
2010-02-01,0.02,0.02,0.02,0.02,1600
2010-02-02,0.01,0.01,0.01,0.01,10000
2010-02-03,0.02,0.02,0.02,0.02,5000
2010-02-11,0.02,0.03,0.01,0.01,18000
2010-03-02,0.02,0.02,0.02,0.02,10000
2010-03-03,0.02,0.02,0.02,0.02,200
2010-03-17,0.02,0.02,0.02,0.02,5000
2010-03-18,0.02,0.02,0.02,0.02,5000
2010-03-23,0.02,0.02,0.02,0.02,2000
2010-03-30,0.02,0.02,0.02,0.02,10000
2010-04-05,0.02,0.02,0.02,0.02,18000
2010-04-06,0.02,0.02,0.02,0.02,2000
2010-04-15,0.02,0.02,0.02,0.02,2700
2010-05-11,0.02,0.02,0.02,0.02,4000
2010-05-13,0.02,0.02,0.02,0.02,5000
2010-05-24,0.02,0.02,0.02,0.02,360
2010-06-01,0.02,0.02,0.02,0.02,5000
2010-06-03,0.01,0.01,0.01,0.01,4400
2010-06-04,0.02,0.02,0.02,0.02,17800
2010-07-09,0.02,0.02,0.02,0.02,1000
2010-08-05,0.02,0.02,0.0,0.0,41329
2010-08-06,0.0,0.0,0.0,0.0,400
2010-08-09,0.0,0.0,0.0,0.0,1000
2010-08-24,0.0,0.0,0.0,0.0,1700
2010-08-25,0.0,0.0,0.0,0.0,1700
2010-09-07,0.0,0.0,0.0,0.0,30000
2010-09-08,0.01,0.04,0.01,0.02,109946
2010-09-09,0.02,0.02,0.02,0.02,6025
2010-09-13,0.02,0.02,0.02,0.02,5000
2010-09-15,0.02,0.02,0.02,0.02,20073
2010-09-22,0.01,0.01,0.01,0.01,4600
2010-10-01,0.02,0.02,0.02,0.02,10000
2010-10-05,0.02,0.02,0.02,0.02,10000
2010-10-22,0.01,0.01,0.01,0.01,1767
2010-10-25,0.05,0.1,0.05,0.1,11900
2010-10-26,0.1,0.1,0.1,0.1,101300
2010-10-27,0.15,0.15,0.15,0.15,8500
2010-10-28,0.2,0.25,0.19,0.2,61000
2010-10-29,0.25,0.25,0.15,0.15,20666
2010-11-04,0.22,0.25,0.18,0.25,23817
2010-11-05,0.25,0.25,0.25,0.25,7290
2010-11-08,0.25,0.25,0.2,0.2,25500
2010-11-09,0.2,0.2,0.2,0.2,2500
2010-11-15,0.2,0.2,0.2,0.2,14174
2010-11-16,0.15,0.15,0.15,0.15,10000
2010-12-01,0.15,0.15,0.15,0.15,185
2010-12-03,0.15,0.2,0.15,0.2,17350
2010-12-06,0.2,0.2,0.12,0.12,20500
2010-12-09,0.14,0.2,0.14,0.2,16000
2010-12-10,0.2,0.2,0.2,0.2,20000
2010-12-13,0.2,0.2,0.2,0.2,4924
2010-12-14,0.15,0.15,0.15,0.15,2300
2010-12-15,0.15,0.15,0.15,0.15,4924
2010-12-16,0.15,0.15,0.15,0.15,158
2010-12-17,0.15,0.15,0.15,0.15,7000
2010-12-20,0.15,0.15,0.15,0.15,38500
2010-12-21,0.16,0.16,0.16,0.16,30000
2010-12-22,0.16,0.16,0.16,0.16,625
2010-12-23,0.16,0.16,0.14,0.14,2850
2010-12-27,0.14,0.14,0.14,0.14,6349
2010-12-29,0.14,0.14,0.14,0.14,1851
2010-12-30,0.16,0.16,0.16,0.16,300
2010-12-31,0.16,0.16,0.16,0.16,150
2011-01-05,0.16,0.16,0.16,0.16,10333
2011-01-06,0.13,0.13,0.13,0.13,800
2011-01-11,0.16,0.16,0.15,0.15,14925
2011-01-12,0.16,0.16,0.16,0.16,5450
2011-01-13,0.16,0.16,0.15,0.15,3400
2011-01-18,0.15,0.15,0.15,0.15,373
2011-01-19,0.16,0.16,0.16,0.16,1175
2011-01-20,0.16,0.16,0.16,0.16,3500
2011-01-21,0.16,0.16,0.16,0.16,10000
2011-01-24,0.15,0.16,0.15,0.15,28145
2011-01-25,0.16,0.16,0.16,0.16,2000
2011-01-26,0.15,0.15,0.13,0.13,3800
2011-01-28,0.15,0.15,0.15,0.15,5300
2011-01-31,0.16,0.16,0.16,0.16,2001
2011-02-01,0.13,0.13,0.12,0.12,45000
2011-02-02,0.12,0.12,0.12,0.12,10325
2011-02-03,0.12,0.12,0.12,0.12,2000
2011-02-04,0.12,0.12,0.12,0.12,874
2011-02-07,0.1,0.1,0.1,0.1,30450
2011-02-09,0.15,0.15,0.15,0.15,1100
2011-02-10,0.16,0.16,0.12,0.15,20999
2011-02-11,0.15,0.16,0.15,0.15,18399
2011-02-14,0.15,0.15,0.15,0.15,1000
2011-02-16,0.15,0.15,0.15,0.15,25000
2011-02-17,0.15,0.15,0.12,0.12,27101
2011-02-18,0.15,0.15,0.15,0.15,15614
2011-02-22,0.15,0.15,0.15,0.15,48000
2011-02-23,0.15,0.15,0.15,0.15,15000
2011-02-24,0.3,0.3,0.18,0.25,213724
2011-02-25,0.3,0.3,0.22,0.23,54925
2011-02-28,0.25,0.25,0.22,0.22,25800
2011-03-01,0.25,0.25,0.24,0.25,8186
2011-03-02,0.22,0.25,0.22,0.25,2702
2011-03-03,0.25,0.25,0.22,0.25,12350
2011-03-04,0.25,0.25,0.25,0.25,5200
2011-03-07,0.23,0.25,0.22,0.22,15400
2011-03-08,0.22,0.25,0.22,0.25,8300
2011-03-09,0.25,0.25,0.25,0.25,2150
2011-03-10,0.24,0.24,0.24,0.24,10000
2011-03-11,0.22,0.25,0.22,0.25,8739
2011-03-14,0.25,0.25,0.25,0.25,120
2011-03-15,0.23,0.23,0.23,0.23,8000
2011-03-16,0.25,0.25,0.25,0.25,3680
2011-03-17,0.22,0.25,0.22,0.22,2290
2011-03-21,0.25,0.25,0.24,0.24,5900
2011-03-22,0.25,0.25,0.25,0.25,2000
2011-03-23,0.25,0.25,0.25,0.25,11511
2011-03-24,0.25,0.25,0.25,0.25,5250
2011-03-25,0.25,0.25,0.25,0.25,8250
2011-03-28,0.25,0.25,0.25,0.25,7450
2011-03-29,0.25,0.25,0.2,0.2,23100
2011-03-30,0.2,0.2,0.2,0.2,3950
2011-03-31,0.2,0.22,0.2,0.22,4400
2011-04-01,0.22,0.22,0.22,0.22,2200
2011-04-04,0.2,0.22,0.2,0.22,5500
2011-04-05,0.25,0.25,0.25,0.25,4000
2011-04-06,0.23,0.23,0.23,0.23,3575
2011-04-07,0.23,0.23,0.23,0.23,10189
2011-04-11,0.23,0.23,0.23,0.23,3000
2011-04-12,0.23,0.23,0.23,0.23,4000
2011-04-13,0.23,0.25,0.23,0.25,3600
2011-04-14,0.25,0.25,0.24,0.24,9230
2011-04-18,0.24,0.24,0.21,0.21,24198
2011-04-19,0.23,0.23,0.23,0.23,15000
2011-04-20,0.23,0.25,0.23,0.24,22679
2011-04-21,0.24,0.25,0.24,0.25,16000
2011-04-25,0.25,0.25,0.25,0.25,45955
2011-04-26,0.25,0.25,0.25,0.25,6900
2011-04-27,0.25,0.25,0.25,0.25,31308
2011-04-28,0.25,0.25,0.25,0.25,65028
2011-04-29,0.25,0.25,0.21,0.23,95060
2011-05-03,0.24,0.24,0.24,0.24,6731
2011-05-04,0.25,0.25,0.25,0.25,2759
2011-05-05,0.24,0.26,0.24,0.25,9100
2011-05-06,0.25,0.25,0.24,0.24,19200
2011-05-09,0.22,0.22,0.22,0.22,4800
2011-05-10,0.25,0.25,0.25,0.25,1175
2011-05-11,0.25,0.25,0.25,0.25,4611
2011-05-12,0.22,0.25,0.22,0.25,5680
2011-05-13,0.25,0.25,0.22,0.25,18100
2011-05-16,0.25,0.25,0.25,0.25,1500
2011-05-17,0.25,0.25,0.25,0.25,15200
2011-05-18,0.25,0.25,0.24,0.24,16439
2011-05-19,0.24,0.24,0.22,0.22,1664
2011-05-20,0.25,0.26,0.25,0.25,98063
2011-05-23,0.26,0.26,0.25,0.26,22363
2011-05-24,0.25,0.25,0.25,0.25,4782
2011-05-25,0.27,0.27,0.27,0.27,2770
2011-05-26,0.25,0.25,0.25,0.25,9216
2011-05-27,0.25,0.25,0.25,0.25,100
2011-05-31,0.24,0.24,0.24,0.24,500
2011-06-01,0.24,0.24,0.24,0.24,12000
2011-06-02,0.24,0.24,0.24,0.24,3065
2011-06-06,0.24,0.24,0.24,0.24,12091
2011-06-07,0.25,0.25,0.25,0.25,4200
2011-06-09,0.24,0.24,0.24,0.24,800
2011-06-10,0.24,0.24,0.24,0.24,2500
2011-06-13,0.24,0.24,0.24,0.24,2400
2011-06-14,0.24,0.24,0.24,0.24,71288
2011-06-15,0.27,0.27,0.27,0.27,1500
2011-06-16,0.27,0.27,0.24,0.24,149918
2011-06-17,0.24,0.24,0.24,0.24,2500
2011-06-20,0.24,0.24,0.24,0.24,100
2011-06-21,0.27,0.27,0.27,0.27,250
2011-06-22,0.26,0.26,0.22,0.22,89475
2011-06-23,0.26,0.26,0.2,0.21,150525
2011-06-24,0.23,0.23,0.2,0.2,206625
2011-06-27,0.18,0.2,0.18,0.2,2600
2011-06-28,0.21,0.21,0.2,0.2,17000
2011-06-29,0.2,0.21,0.2,0.21,17800
2011-06-30,0.22,0.22,0.21,0.21,98000
2011-07-01,0.26,0.26,0.25,0.26,2369
2011-07-05,0.25,0.25,0.25,0.25,1695
2011-07-08,0.24,0.24,0.19,0.24,26075
2011-07-11,0.24,0.24,0.24,0.24,5000
2011-07-12,0.24,0.24,0.2,0.2,25075
2011-07-13,0.2,0.22,0.2,0.2,100575
2011-07-14,0.2,0.2,0.19,0.2,70850
2011-07-15,0.22,0.22,0.22,0.22,500
2011-07-18,0.22,0.22,0.22,0.22,500
2011-07-19,0.2,0.22,0.2,0.2,12500
2011-07-20,0.2,0.2,0.2,0.2,10000
2011-07-21,0.22,0.22,0.2,0.2,4300
2011-07-25,0.22,0.22,0.22,0.22,2000
2011-07-26,0.22,0.22,0.22,0.22,750
2011-07-27,0.22,0.22,0.2,0.22,10216
2011-08-01,0.2,0.2,0.2,0.2,300
2011-08-03,0.2,0.2,0.2,0.2,21631
2011-08-04,0.2,0.22,0.19,0.22,15366
2011-08-05,0.22,0.22,0.18,0.21,3500
2011-08-09,0.18,0.2,0.18,0.19,19550
2011-08-10,0.19,0.19,0.15,0.15,2900
2011-08-12,0.19,0.2,0.17,0.2,12665
2011-08-16,0.19,0.19,0.19,0.19,30343
2011-08-18,0.21,0.22,0.21,0.21,3324
2011-08-19,0.21,0.21,0.19,0.19,20100
2011-08-24,0.19,0.19,0.19,0.19,400
2011-08-25,0.19,0.19,0.19,0.19,1500
2011-08-26,0.19,0.19,0.19,0.19,20000
2011-08-31,0.18,0.18,0.18,0.18,10000
2011-09-06,0.19,0.2,0.19,0.2,7470
2011-09-07,0.2,0.2,0.2,0.2,200
2011-09-12,0.18,0.2,0.18,0.2,7365
2011-09-13,0.25,0.27,0.19,0.26,222049
2011-09-14,0.26,0.28,0.24,0.27,148555
2011-09-15,0.27,0.27,0.25,0.25,13700
2011-09-16,0.25,0.25,0.25,0.25,1915
2011-09-19,0.25,0.27,0.25,0.25,141441
2011-09-20,0.26,0.27,0.25,0.27,48195
2011-09-21,0.26,0.26,0.25,0.25,18405
2011-09-22,0.25,0.25,0.25,0.25,2100
2011-09-23,0.25,0.25,0.24,0.25,87634
2011-09-26,0.25,0.26,0.24,0.24,81860
2011-09-27,0.24,0.24,0.2,0.23,28884
2011-09-28,0.23,0.23,0.22,0.22,12032
2011-09-29,0.23,0.23,0.21,0.21,13266
2011-09-30,0.21,0.23,0.21,0.23,7417
2011-10-03,0.23,0.23,0.21,0.23,7100
2011-10-04,0.21,0.21,0.17,0.18,78450
2011-10-05,0.19,0.2,0.19,0.2,19500
2011-10-06,0.2,0.2,0.2,0.2,40909
2011-10-07,0.19,0.19,0.19,0.19,65600
2011-10-10,0.19,0.19,0.18,0.18,12130
2011-10-11,0.17,0.17,0.17,0.17,11250
2011-10-12,0.19,0.19,0.17,0.17,13140
2011-10-13,0.19,0.19,0.17,0.19,10703
2011-10-14,0.17,0.19,0.16,0.19,28200
2011-10-17,0.18,0.18,0.16,0.17,25475
2011-10-18,0.16,0.17,0.16,0.16,43793
2011-10-19,0.16,0.16,0.16,0.16,100
2011-10-20,0.18,0.18,0.17,0.17,40799
2011-10-21,0.18,0.18,0.17,0.17,41672
2011-10-24,0.16,0.16,0.16,0.16,5000
2011-10-25,0.19,0.19,0.18,0.18,5800
2011-10-27,0.18,0.2,0.18,0.18,19591
2011-10-28,0.18,0.18,0.17,0.18,7050
2011-10-31,0.17,0.17,0.14,0.17,8390
2011-11-01,0.17,0.17,0.15,0.15,15500
2011-11-02,0.15,0.15,0.15,0.15,8500
2011-11-03,0.15,0.15,0.14,0.15,45000
2011-11-04,0.16,0.16,0.16,0.16,4315
2011-11-07,0.16,0.16,0.16,0.16,150
2011-11-08,0.15,0.15,0.15,0.15,500
2011-11-10,0.15,0.15,0.12,0.14,26600
2011-11-15,0.15,0.15,0.15,0.15,2500
2011-11-17,0.15,0.15,0.15,0.15,5100
2011-11-18,0.12,0.12,0.12,0.12,7500
2011-11-21,0.12,0.13,0.12,0.13,1400
2011-11-22,0.16,0.16,0.16,0.16,7349
2011-11-23,0.16,0.16,0.16,0.16,3406
2011-11-28,0.17,0.17,0.13,0.13,2750
2011-11-29,0.17,0.17,0.13,0.13,4150
2011-11-30,0.12,0.17,0.12,0.17,11980
2011-12-01,0.17,0.17,0.16,0.17,18988
2011-12-02,0.16,0.16,0.16,0.16,315
2011-12-05,0.17,0.17,0.17,0.17,1052
2011-12-06,0.16,0.17,0.16,0.17,14008
2011-12-08,0.17,0.17,0.17,0.17,12500
2011-12-09,0.16,0.16,0.16,0.16,5000
2011-12-12,0.17,0.17,0.15,0.15,11729
2011-12-13,0.17,0.17,0.15,0.17,8248
2011-12-14,0.15,0.15,0.15,0.15,38375
2011-12-15,0.14,0.14,0.14,0.14,431
2011-12-16,0.17,0.17,0.14,0.14,18620
2011-12-19,0.14,0.14,0.14,0.14,300
2011-12-20,0.14,0.14,0.14,0.14,400
2011-12-21,0.14,0.14,0.14,0.14,12800
2011-12-22,0.14,0.15,0.14,0.14,6997
2011-12-23,0.16,0.16,0.16,0.16,3820
2011-12-27,0.15,0.15,0.15,0.15,1750
2011-12-28,0.14,0.16,0.14,0.16,7830
2011-12-29,0.16,0.16,0.16,0.16,2033
2011-12-30,0.13,0.14,0.13,0.14,2735
2012-01-03,0.16,0.16,0.14,0.15,18150
2012-01-04,0.14,0.15,0.12,0.13,164320
2012-01-05,0.13,0.16,0.12,0.13,238005
2012-01-06,0.13,0.13,0.12,0.12,116814
2012-01-09,0.13,0.13,0.13,0.13,10000
2012-01-10,0.13,0.13,0.11,0.11,52400
2012-01-11,0.11,0.13,0.11,0.12,74250
2012-01-12,0.14,0.15,0.12,0.13,197704
2012-01-13,0.14,0.14,0.12,0.12,61844
2012-01-17,0.11,0.12,0.1,0.11,47690
2012-01-18,0.11,0.12,0.11,0.11,38197
2012-01-19,0.12,0.12,0.11,0.11,48233
2012-01-20,0.11,0.12,0.1,0.1,41238
2012-01-23,0.12,0.12,0.12,0.12,7750
2012-01-24,0.12,0.12,0.11,0.11,27500
2012-01-25,0.11,0.12,0.08,0.09,254504
2012-01-26,0.09,0.09,0.07,0.08,164200
2012-01-27,0.08,0.08,0.06,0.07,148606
2012-01-30,0.06,0.08,0.06,0.07,287809
2012-01-31,0.06,0.08,0.05,0.05,212121
2012-02-01,0.06,0.07,0.06,0.06,39500
2012-02-02,0.07,0.07,0.06,0.06,74621
2012-02-03,0.06,0.06,0.06,0.06,3100
2012-02-06,0.06,0.06,0.05,0.06,179495
2012-02-07,0.06,0.06,0.04,0.06,60142
2012-02-08,0.05,0.07,0.05,0.05,137998
2012-02-09,0.05,0.06,0.05,0.06,45800
2012-02-10,0.06,0.06,0.06,0.06,26750
2012-02-13,0.06,0.06,0.05,0.06,24750
2012-02-14,0.05,0.06,0.05,0.06,88500
2012-02-15,0.06,0.06,0.05,0.06,29020
2012-02-16,0.06,0.06,0.04,0.04,44307
2012-02-17,0.04,0.06,0.04,0.06,71720
2012-02-21,0.05,0.05,0.04,0.05,23000
2012-02-23,0.06,0.06,0.06,0.06,11310
2012-02-24,0.06,0.06,0.05,0.05,15000
2012-02-27,0.06,0.06,0.05,0.06,133127
2012-02-28,0.06,0.06,0.06,0.06,50515
2012-02-29,0.06,0.06,0.04,0.04,54000
2012-03-01,0.04,0.04,0.04,0.04,1000
2012-03-02,0.04,0.06,0.04,0.06,5600
2012-03-05,0.06,0.06,0.06,0.06,21800
2012-03-06,0.06,0.06,0.06,0.06,13208
2012-03-07,0.06,0.07,0.06,0.07,16350
2012-03-08,0.06,0.08,0.06,0.08,24460
2012-03-09,0.11,0.11,0.06,0.07,193463
2012-03-12,0.06,0.07,0.06,0.06,53195
2012-03-13,0.06,0.08,0.06,0.08,110900
2012-03-14,0.07,0.07,0.06,0.06,188277
2012-03-15,0.06,0.06,0.06,0.06,40000
2012-03-16,0.06,0.06,0.06,0.06,25000
2012-03-19,0.06,0.06,0.06,0.06,90250
2012-03-20,0.07,0.1,0.07,0.08,5116151
2012-03-21,0.08,0.09,0.06,0.07,1283696
2012-03-22,0.07,0.07,0.06,0.06,296930
2012-03-23,0.07,0.07,0.06,0.06,305337
2012-03-26,0.06,0.06,0.06,0.06,295762
2012-03-27,0.06,0.07,0.06,0.06,219084
2012-03-28,0.06,0.07,0.06,0.06,212050
2012-03-29,0.06,0.07,0.06,0.06,338350
2012-03-30,0.06,0.06,0.06,0.06,201583
2012-04-02,0.07,0.07,0.06,0.06,480300
2012-04-03,0.07,0.07,0.07,0.07,29199
2012-04-04,0.06,0.07,0.06,0.07,8063
2012-04-05,0.07,0.07,0.06,0.06,130326
2012-04-09,0.06,0.06,0.05,0.05,196406
2012-04-10,0.06,0.06,0.06,0.06,133771
2012-04-11,0.06,0.07,0.05,0.05,174123
2012-04-12,0.05,0.05,0.05,0.05,154909
2012-04-13,0.05,0.05,0.05,0.05,301071
2012-04-16,0.05,0.05,0.04,0.05,202475
2012-04-17,0.04,0.05,0.04,0.05,119949
2012-04-18,0.05,0.07,0.05,0.06,292950
2012-04-19,0.06,0.06,0.05,0.05,126520
2012-04-20,0.06,0.06,0.05,0.05,155000
2012-04-23,0.06,0.07,0.06,0.06,579349
2012-04-24,0.06,0.07,0.06,0.06,392499
2012-04-25,0.06,0.06,0.05,0.05,247732
2012-04-26,0.06,0.06,0.05,0.06,203923
2012-04-27,0.06,0.06,0.05,0.05,52680
2012-04-30,0.06,0.06,0.04,0.06,384925
2012-05-01,0.06,0.06,0.05,0.06,79948
2012-05-02,0.06,0.06,0.05,0.05,166823
2012-05-03,0.05,0.05,0.05,0.05,56161
2012-05-04,0.05,0.06,0.05,0.06,38459
2012-05-07,0.06,0.06,0.05,0.05,348550
2012-05-08,0.05,0.05,0.04,0.05,494720
2012-05-09,0.05,0.05,0.05,0.05,40500
2012-05-10,0.05,0.05,0.05,0.05,31050
2012-05-11,0.05,0.05,0.05,0.05,229400
2012-05-14,0.05,0.05,0.05,0.05,19950
2012-05-15,0.05,0.05,0.05,0.05,39600
2012-05-16,0.05,0.05,0.05,0.05,7000
2012-05-17,0.05,0.05,0.05,0.05,127020
2012-05-18,0.05,0.05,0.05,0.05,349500
2012-05-21,0.05,0.05,0.05,0.05,37365
2012-05-22,0.05,0.05,0.05,0.05,100000
2012-05-23,0.05,0.05,0.05,0.05,60250
2012-05-24,0.05,0.06,0.05,0.05,113361
2012-05-25,0.05,0.06,0.05,0.05,58408
2012-05-29,0.05,0.05,0.05,0.05,22500
2012-05-30,0.05,0.05,0.05,0.05,39765
2012-05-31,0.05,0.05,0.05,0.05,38000
2012-06-01,0.05,0.05,0.05,0.05,18100
2012-06-04,0.05,0.06,0.05,0.06,58842
2012-06-05,0.06,0.06,0.06,0.06,23949
2012-06-06,0.06,0.06,0.06,0.06,8045
2012-06-07,0.06,0.06,0.05,0.05,42100
2012-06-08,0.05,0.06,0.05,0.05,54300
2012-06-11,0.05,0.05,0.05,0.05,6000
2012-06-12,0.05,0.05,0.05,0.05,138523
2012-06-13,0.05,0.05,0.05,0.05,13000
2012-06-14,0.05,0.05,0.05,0.05,750
2012-06-18,0.05,0.05,0.05,0.05,99600
2012-06-19,0.05,0.05,0.05,0.05,6715
2012-06-20,0.05,0.06,0.05,0.06,12824
2012-06-21,0.06,0.06,0.05,0.05,5697
2012-06-22,0.05,0.06,0.05,0.05,37300
2012-06-25,0.05,0.05,0.05,0.05,71000
2012-06-26,0.05,0.06,0.05,0.05,13500
2012-06-27,0.06,0.06,0.05,0.06,40658
2012-06-28,0.06,0.06,0.05,0.05,22047
2012-06-29,0.05,0.06,0.05,0.06,12540
2012-07-02,0.06,0.06,0.05,0.05,35650
2012-07-03,0.05,0.06,0.05,0.06,2680
2012-07-05,0.06,0.06,0.05,0.05,33500
2012-07-06,0.05,0.05,0.05,0.05,323312
2012-07-09,0.05,0.05,0.05,0.05,10000
2012-07-10,0.05,0.05,0.05,0.05,98800
2012-07-11,0.05,0.05,0.05,0.05,393
2012-07-12,0.05,0.05,0.05,0.05,87000
2012-07-13,0.05,0.05,0.05,0.05,191800
2012-07-16,0.05,0.05,0.05,0.05,540000
2012-07-17,0.05,0.05,0.04,0.05,4972039
2012-07-18,0.05,0.05,0.04,0.05,1583306
2012-07-19,0.05,0.05,0.04,0.04,498672
2012-07-20,0.04,0.04,0.04,0.04,346673
2012-07-23,0.04,0.04,0.04,0.04,68151
2012-07-24,0.04,0.04,0.03,0.04,323758
2012-07-25,0.04,0.04,0.02,0.03,167158
2012-07-26,0.03,0.04,0.03,0.04,235797
2012-07-27,0.04,0.04,0.02,0.02,7300
2012-07-30,0.03,0.03,0.03,0.03,48990
2012-07-31,0.03,0.04,0.03,0.04,82248
2012-08-01,0.04,0.04,0.03,0.03,42220
2012-08-02,0.03,0.04,0.03,0.04,6800
2012-08-03,0.04,0.04,0.04,0.04,11200
2012-08-06,0.04,0.04,0.03,0.04,73250
2012-08-07,0.04,0.04,0.04,0.04,75900
2012-08-08,0.04,0.04,0.03,0.04,119200
2012-08-09,0.04,0.04,0.03,0.03,65739
2012-08-10,0.03,0.03,0.03,0.03,18300
2012-08-14,0.03,0.03,0.03,0.03,229835
2012-08-15,0.03,0.03,0.03,0.03,40500
2012-08-16,0.02,0.03,0.02,0.03,185645
2012-08-17,0.03,0.03,0.03,0.03,5335
2012-08-20,0.03,0.03,0.03,0.03,116967
2012-08-21,0.03,0.03,0.03,0.03,36964
2012-08-22,0.03,0.03,0.03,0.03,124736
2012-08-23,0.03,0.03,0.03,0.03,5000
2012-08-24,0.03,0.03,0.03,0.03,43645
2012-08-27,0.03,0.03,0.03,0.03,50866
2012-08-28,0.03,0.03,0.03,0.03,147335
2012-08-29,0.03,0.03,0.03,0.03,8300
2012-08-30,0.03,0.03,0.03,0.03,4135
2012-08-31,0.02,0.03,0.02,0.03,137999
2012-09-04,0.02,0.03,0.02,0.03,15650
2012-09-05,0.03,0.04,0.03,0.04,284752
2012-09-06,0.04,0.04,0.04,0.04,424001
2012-09-07,0.04,0.05,0.04,0.05,200536
2012-09-10,0.06,0.06,0.05,0.05,917800
2012-09-11,0.05,0.05,0.04,0.05,311049
2012-09-12,0.05,0.05,0.04,0.05,222101
2012-09-13,0.05,0.05,0.04,0.05,172850
2012-09-14,0.05,0.05,0.04,0.05,17715
2012-09-17,0.05,0.05,0.04,0.04,13612
2012-09-18,0.05,0.05,0.04,0.05,230180
2012-09-19,0.05,0.05,0.04,0.05,31583
2012-09-20,0.04,0.04,0.04,0.04,296220
2012-09-21,0.04,0.04,0.04,0.04,25301
2012-09-24,0.04,0.04,0.04,0.04,80000
2012-09-25,0.04,0.04,0.04,0.04,223
2012-09-26,0.04,0.04,0.04,0.04,28500
2012-09-27,0.04,0.04,0.04,0.04,54590
2012-09-28,0.04,0.04,0.04,0.04,128300
2012-10-01,0.05,0.05,0.04,0.04,276334
2012-10-02,0.04,0.04,0.04,0.04,356934
2012-10-03,0.03,0.04,0.03,0.04,17182
2012-10-04,0.04,0.04,0.04,0.04,108287
2012-10-05,0.03,0.04,0.03,0.04,46242
2012-10-08,0.04,0.04,0.04,0.04,79950
2012-10-09,0.04,0.04,0.04,0.04,55400
2012-10-10,0.04,0.04,0.04,0.04,84800
2012-10-11,0.04,0.04,0.04,0.04,85048
2012-10-12,0.04,0.04,0.04,0.04,121220
2012-10-15,0.04,0.04,0.04,0.04,155000
2012-10-16,0.04,0.04,0.04,0.04,84545
2012-10-17,0.04,0.04,0.04,0.04,164025
2012-10-18,0.04,0.04,0.04,0.04,72100
2012-10-19,0.04,0.04,0.03,0.04,11300
2012-10-22,0.04,0.04,0.04,0.04,69950
2012-10-23,0.04,0.04,0.04,0.04,170670
2012-10-24,0.04,0.04,0.03,0.04,77699
2012-10-25,0.04,0.04,0.04,0.04,29451
2012-10-26,0.04,0.04,0.04,0.04,83896
2012-10-31,0.04,0.04,0.04,0.04,26200
2012-11-01,0.04,0.04,0.04,0.04,124256
2012-11-02,0.04,0.04,0.04,0.04,50700
2012-11-05,0.04,0.04,0.04,0.04,44480
2012-11-06,0.04,0.04,0.04,0.04,119631
2012-11-07,0.03,0.03,0.03,0.03,18660
2012-11-08,0.04,0.04,0.04,0.04,249199
2012-11-09,0.04,0.04,0.04,0.04,60700
2012-11-12,0.03,0.04,0.03,0.04,96550
2012-11-13,0.04,0.04,0.04,0.04,800
2012-11-14,0.04,0.04,0.04,0.04,55294
2012-11-15,0.03,0.04,0.03,0.04,51000
2012-11-16,0.03,0.04,0.03,0.03,37573
2012-11-19,0.03,0.04,0.03,0.04,13010
2012-11-20,0.03,0.03,0.03,0.03,7000
2012-11-21,0.03,0.04,0.03,0.03,139999
2012-11-26,0.03,0.03,0.03,0.03,140725
2012-11-27,0.04,0.04,0.03,0.03,144800
2012-11-28,0.03,0.03,0.03,0.03,87300
2012-11-29,0.03,0.03,0.03,0.03,3000
2012-11-30,0.03,0.03,0.03,0.03,78500
2012-12-03,0.03,0.04,0.03,0.04,138000
2012-12-04,0.04,0.05,0.03,0.04,5955399
2012-12-05,0.04,0.04,0.03,0.03,746625
2012-12-06,0.03,0.04,0.03,0.03,390226
2012-12-07,0.03,0.04,0.03,0.03,138326
2012-12-10,0.03,0.04,0.03,0.03,315376
2012-12-11,0.03,0.04,0.03,0.03,94054
2012-12-12,0.04,0.04,0.03,0.03,53191
2012-12-13,0.03,0.03,0.03,0.03,211858
2012-12-14,0.03,0.04,0.03,0.03,8282
2012-12-17,0.04,0.04,0.03,0.03,85683
2012-12-18,0.04,0.04,0.03,0.03,27600
2012-12-19,0.03,0.04,0.03,0.03,241320
2012-12-20,0.03,0.04,0.03,0.03,201045
2012-12-21,0.03,0.04,0.03,0.03,290964
2012-12-24,0.04,0.04,0.03,0.03,63808
2012-12-26,0.03,0.04,0.03,0.04,60300
2012-12-27,0.03,0.04,0.03,0.04,187646
2012-12-28,0.04,0.04,0.03,0.04,279300
2012-12-31,0.04,0.04,0.04,0.04,364998
2013-01-02,0.04,0.04,0.04,0.04,43700
2013-01-03,0.04,0.04,0.04,0.04,29566
2013-01-04,0.04,0.04,0.04,0.04,18020
2013-01-07,0.04,0.04,0.04,0.04,114543
2013-01-08,0.04,0.04,0.04,0.04,211300
2013-01-09,0.04,0.04,0.04,0.04,244138
2013-01-10,0.04,0.04,0.04,0.04,44799
2013-01-11,0.04,0.04,0.04,0.04,144700
2013-01-14,0.04,0.04,0.04,0.04,279082
2013-01-15,0.04,0.04,0.03,0.03,375083
2013-01-16,0.03,0.03,0.03,0.03,202000
2013-01-17,0.03,0.04,0.03,0.04,135654
2013-01-18,0.03,0.04,0.03,0.04,126146
2013-01-22,0.03,0.04,0.03,0.03,114250
2013-01-23,0.03,0.03,0.03,0.03,26750
2013-01-24,0.03,0.03,0.03,0.03,706899
2013-01-25,0.03,0.03,0.03,0.03,211401
2013-01-28,0.03,0.03,0.03,0.03,202300
2013-01-29,0.03,0.03,0.03,0.03,99000
2013-01-30,0.03,0.03,0.03,0.03,85500
2013-01-31,0.03,0.03,0.03,0.03,47900
2013-02-01,0.03,0.03,0.03,0.03,292727
2013-02-04,0.03,0.03,0.03,0.03,116800
2013-02-05,0.03,0.03,0.03,0.03,74050
2013-02-06,0.03,0.03,0.03,0.03,128375
2013-02-07,0.03,0.03,0.03,0.03,10000
2013-02-08,0.03,0.03,0.03,0.03,16900
2013-02-11,0.03,0.03,0.03,0.03,28000
2013-02-12,0.03,0.03,0.03,0.03,86920
2013-02-13,0.03,0.03,0.03,0.03,402100
2013-02-14,0.03,0.03,0.03,0.03,220968
2013-02-15,0.03,0.03,0.03,0.03,166238
2013-02-19,0.03,0.03,0.03,0.03,107150
2013-02-20,0.03,0.03,0.03,0.03,222300
2013-02-21,0.03,0.03,0.03,0.03,10000
2013-02-22,0.03,0.03,0.03,0.03,181900
2013-02-25,0.03,0.03,0.03,0.03,5000
2013-02-26,0.03,0.03,0.03,0.03,447750
2013-02-27,0.03,0.03,0.03,0.03,140500
2013-02-28,0.03,0.03,0.03,0.03,29500
2013-03-01,0.03,0.03,0.03,0.03,13665
2013-03-04,0.03,0.03,0.03,0.03,136422
2013-03-05,0.03,0.03,0.03,0.03,390035
2013-03-06,0.03,0.03,0.03,0.03,45050
2013-03-07,0.03,0.03,0.03,0.03,55400
2013-03-08,0.03,0.03,0.03,0.03,354232
2013-03-11,0.03,0.03,0.03,0.03,73149
2013-03-12,0.03,0.03,0.02,0.02,1094280
2013-03-13,0.02,0.02,0.02,0.02,50000
2013-03-14,0.02,0.02,0.02,0.02,342127
2013-03-15,0.02,0.02,0.02,0.02,53183
2013-03-18,0.02,0.02,0.02,0.02,146850
2013-03-19,0.02,0.02,0.02,0.02,1043549
2013-03-20,0.02,0.02,0.02,0.02,794090
2013-03-21,0.02,0.02,0.02,0.02,112000
2013-03-22,0.02,0.02,0.02,0.02,191650
2013-03-25,0.02,0.02,0.02,0.02,160540
2013-03-26,0.02,0.02,0.02,0.02,350437
2013-03-27,0.02,0.02,0.02,0.02,300850
2013-03-28,0.02,0.02,0.02,0.02,30000
2013-04-01,0.02,0.02,0.02,0.02,84155
2013-04-02,0.02,0.02,0.02,0.02,56200
2013-04-03,0.02,0.02,0.02,0.02,2450696
2013-04-04,0.02,0.02,0.02,0.02,885548
2013-04-05,0.02,0.02,0.02,0.02,128999
2013-04-08,0.02,0.02,0.02,0.02,92000
2013-04-09,0.02,0.02,0.02,0.02,46666
2013-04-10,0.02,0.02,0.02,0.02,205000
2013-04-11,0.02,0.02,0.01,0.01,544277
2013-04-12,0.01,0.02,0.01,0.01,2211091
2013-04-15,0.01,0.01,0.01,0.01,1599622
2013-04-16,0.01,0.01,0.01,0.01,1064463
2013-04-17,0.01,0.01,0.01,0.01,1374275
2013-04-18,0.01,0.01,0.01,0.01,1598750
2013-04-19,0.01,0.01,0.01,0.01,761500
2013-04-22,0.01,0.01,0.01,0.01,394000
2013-04-23,0.01,0.01,0.01,0.01,2209238
2013-04-24,0.01,0.01,0.01,0.01,432836
2013-04-25,0.01,0.01,0.01,0.01,160000
2013-04-26,0.01,0.01,0.01,0.01,1163600
2013-04-29,0.01,0.01,0.01,0.01,61000
2013-04-30,0.01,0.01,0.01,0.01,158499
2013-05-01,0.01,0.01,0.01,0.01,838330
2013-05-02,0.01,0.02,0.01,0.01,904883
2013-05-03,0.03,0.03,0.02,0.02,2436648
2013-05-06,0.02,0.03,0.02,0.02,1153519
2013-05-07,0.02,0.02,0.02,0.02,377714
2013-05-08,0.02,0.02,0.01,0.01,579331
2013-05-09,0.01,0.02,0.01,0.02,681000
2013-05-10,0.02,0.02,0.01,0.02,682254
2013-05-13,0.02,0.02,0.01,0.02,780099
2013-05-14,0.02,0.02,0.01,0.02,461421
2013-05-15,0.02,0.02,0.01,0.02,261710
2013-05-16,0.02,0.02,0.01,0.01,439400
2013-05-17,0.01,0.01,0.01,0.01,553800
2013-05-20,0.02,0.02,0.01,0.02,340980
2013-05-21,0.01,0.01,0.01,0.01,220775
2013-05-22,0.01,0.01,0.01,0.01,799480
2013-05-23,0.01,0.01,0.01,0.01,208107
2013-05-24,0.01,0.02,0.01,0.02,395166
2013-05-28,0.02,0.02,0.01,0.02,399975
2013-05-29,0.02,0.02,0.02,0.02,56922
2013-05-30,0.02,0.02,0.01,0.01,685680
2013-05-31,0.01,0.01,0.01,0.01,1288778
2013-06-03,0.01,0.01,0.01,0.01,2108856
2013-06-04,0.01,0.01,0.01,0.01,827640
2013-06-05,0.01,0.01,0.01,0.01,9087996
2013-06-06,0.01,0.01,0.01,0.01,462650
2013-06-07,0.01,0.01,0.01,0.01,313700
2013-06-10,0.01,0.02,0.01,0.01,401095
2013-06-11,0.01,0.01,0.01,0.01,170000
2013-06-12,0.01,0.02,0.01,0.01,287500
2013-06-13,0.01,0.01,0.01,0.01,340000
2013-06-14,0.01,0.01,0.01,0.01,470900
2013-06-17,0.01,0.02,0.01,0.02,490550
2013-06-18,0.02,0.02,0.01,0.01,1111087
2013-06-19,0.01,0.01,0.01,0.01,208000
2013-06-20,0.01,0.01,0.01,0.01,522715
2013-06-21,0.01,0.01,0.01,0.01,507700
2013-06-24,0.01,0.01,0.01,0.01,809500
2013-06-25,0.01,0.01,0.01,0.01,254847
2013-06-26,0.01,0.01,0.01,0.01,116000
2013-06-27,0.01,0.01,0.01,0.01,102500
2013-06-28,0.01,0.01,0.01,0.01,961400
2013-07-01,0.01,0.01,0.01,0.01,338500
2013-07-02,0.01,0.01,0.01,0.01,3193173
2013-07-03,0.01,0.01,0.01,0.01,212271
2013-07-05,0.01,0.01,0.01,0.01,936554
2013-07-08,0.01,0.01,0.01,0.01,215363
2013-07-09,0.01,0.01,0.01,0.01,238751
2013-07-10,0.01,0.01,0.01,0.01,591644
2013-07-11,0.01,0.01,0.01,0.01,261876
2013-07-12,0.01,0.01,0.01,0.01,419885
2013-07-15,0.01,0.01,0.01,0.01,318145
2013-07-16,0.01,0.01,0.01,0.01,650045
2013-07-17,0.01,0.02,0.01,0.01,649405
2013-07-18,0.01,0.02,0.01,0.01,517401
2013-07-19,0.02,0.02,0.02,0.02,295778
2013-07-22,0.02,0.02,0.02,0.02,785140
2013-07-23,0.02,0.02,0.02,0.02,168198
2013-07-24,0.02,0.02,0.02,0.02,136833
2013-07-25,0.02,0.02,0.02,0.02,861585
2013-07-26,0.02,0.02,0.02,0.02,419003
2013-07-29,0.02,0.02,0.02,0.02,282143
2013-07-30,0.02,0.02,0.02,0.02,192162
2013-07-31,0.02,0.02,0.02,0.02,447250
2013-08-01,0.02,0.02,0.02,0.02,331273
2013-08-02,0.02,0.02,0.02,0.02,576650
2013-08-05,0.02,0.02,0.02,0.02,695722
2013-08-06,0.02,0.02,0.02,0.02,493693
2013-08-07,0.02,0.02,0.02,0.02,428147
2013-08-08,0.02,0.02,0.02,0.02,179500
2013-08-09,0.02,0.02,0.01,0.01,230416
2013-08-12,0.02,0.02,0.02,0.02,62000
2013-08-13,0.02,0.02,0.01,0.01,206000
2013-08-14,0.02,0.02,0.02,0.02,279922
2013-08-15,0.02,0.02,0.01,0.02,70900
2013-08-16,0.01,0.01,0.01,0.01,875000
2013-08-19,0.02,0.02,0.01,0.02,290930
2013-08-20,0.02,0.02,0.01,0.02,357285
2013-08-21,0.01,0.01,0.01,0.01,645658
2013-08-22,0.01,0.01,0.01,0.01,360000
2013-08-23,0.01,0.01,0.01,0.01,309884
2013-08-26,0.01,0.02,0.01,0.01,339106
2013-08-27,0.01,0.02,0.01,0.02,868793
2013-08-28,0.02,0.02,0.02,0.02,101512
2013-08-29,0.02,0.02,0.02,0.02,199253
2013-08-30,0.02,0.02,0.02,0.02,153155
2013-09-03,0.02,0.02,0.02,0.02,114052
2013-09-04,0.02,0.02,0.02,0.02,597426
2013-09-05,0.02,0.02,0.02,0.02,565542
2013-09-06,0.02,0.02,0.02,0.02,1938050
2013-09-09,0.02,0.02,0.02,0.02,1692880
2013-09-10,0.02,0.02,0.02,0.02,1237131
2013-09-11,0.02,0.03,0.02,0.03,909500
2013-09-12,0.03,0.03,0.02,0.02,547924
2013-09-13,0.03,0.03,0.02,0.03,1912200
2013-09-16,0.03,0.03,0.02,0.03,182349
2013-09-17,0.03,0.03,0.02,0.02,547533
2013-09-18,0.02,0.02,0.02,0.02,919436
2013-09-19,0.02,0.02,0.02,0.02,1372654
2013-09-20,0.02,0.02,0.02,0.02,159250
2013-09-23,0.02,0.02,0.02,0.02,1177049
2013-09-24,0.02,0.02,0.02,0.02,48500
2013-09-25,0.02,0.02,0.02,0.02,60860
2013-09-26,0.02,0.02,0.02,0.02,337732
2013-09-27,0.02,0.02,0.02,0.02,146936
2013-09-30,0.02,0.02,0.02,0.02,158950
2013-10-01,0.02,0.02,0.02,0.02,346000
2013-10-02,0.02,0.02,0.02,0.02,389962
2013-10-03,0.02,0.02,0.02,0.02,150081
2013-10-04,0.02,0.02,0.02,0.02,224136
2013-10-07,0.02,0.02,0.02,0.02,134200
2013-10-08,0.02,0.02,0.02,0.02,236700
2013-10-09,0.02,0.02,0.02,0.02,180075
2013-10-10,0.02,0.02,0.02,0.02,465301
2013-10-11,0.02,0.02,0.02,0.02,304051
2013-10-14,0.02,0.02,0.02,0.02,257349
2013-10-15,0.02,0.02,0.02,0.02,226601
2013-10-16,0.02,0.02,0.02,0.02,224610
2013-10-17,0.01,0.02,0.01,0.02,450721
2013-10-18,0.02,0.02,0.02,0.02,387400
2013-10-21,0.02,0.02,0.02,0.02,270300
2013-10-22,0.02,0.02,0.02,0.02,366725
2013-10-23,0.01,0.02,0.01,0.01,330100
2013-10-24,0.02,0.02,0.02,0.02,368500
2013-10-25,0.02,0.02,0.02,0.02,199500
2013-10-28,0.02,0.02,0.02,0.02,184000
2013-10-29,0.02,0.02,0.02,0.02,161927
2013-10-30,0.02,0.02,0.02,0.02,6000
2013-10-31,0.02,0.02,0.02,0.02,342330
2013-11-01,0.02,0.02,0.02,0.02,30000
2013-11-04,0.02,0.02,0.02,0.02,73500
2013-11-05,0.02,0.02,0.02,0.02,33900
2013-11-06,0.02,0.02,0.02,0.02,2298986
2013-11-07,0.02,0.02,0.02,0.02,1682769
2013-11-08,0.02,0.02,0.02,0.02,3257925
2013-11-11,0.02,0.02,0.02,0.02,704825
2013-11-12,0.02,0.02,0.02,0.02,3306126
2013-11-13,0.02,0.03,0.02,0.03,3426671
2013-11-14,0.03,0.03,0.03,0.03,8685622
2013-11-15,0.03,0.05,0.03,0.04,3469329
2013-11-18,0.04,0.05,0.04,0.05,3705585
2013-11-19,0.05,0.05,0.04,0.05,2785951
2013-11-20,0.05,0.05,0.03,0.04,2714071
2013-11-21,0.03,0.04,0.02,0.03,2793151
2013-11-22,0.03,0.03,0.03,0.03,1417365
2013-11-25,0.04,0.04,0.03,0.04,944617
2013-11-26,0.04,0.04,0.03,0.03,1129908
2013-11-27,0.03,0.04,0.03,0.03,625402
2013-11-29,0.04,0.04,0.03,0.04,556800
2013-12-02,0.04,0.04,0.03,0.04,2291459
2013-12-03,0.04,0.04,0.04,0.04,796098
2013-12-04,0.04,0.04,0.04,0.04,685128
2013-12-05,0.04,0.04,0.04,0.04,236532
2013-12-06,0.04,0.04,0.04,0.04,561537
2013-12-09,0.03,0.04,0.03,0.04,798538
2013-12-10,0.04,0.04,0.03,0.03,2162867
2013-12-11,0.03,0.04,0.03,0.04,686094
2013-12-12,0.04,0.04,0.03,0.03,301506
2013-12-13,0.03,0.03,0.03,0.03,1387945
2013-12-16,0.03,0.03,0.03,0.03,349700
2013-12-17,0.03,0.03,0.03,0.03,587484
2013-12-18,0.03,0.03,0.03,0.03,497956
2013-12-19,0.03,0.03,0.03,0.03,972793
2013-12-20,0.03,0.03,0.03,0.03,697600
2013-12-23,0.03,0.03,0.03,0.03,403301
2013-12-24,0.03,0.03,0.03,0.03,283534
2013-12-26,0.03,0.03,0.03,0.03,851303
2013-12-27,0.03,0.03,0.03,0.03,202900
2013-12-30,0.03,0.03,0.03,0.03,519562
2013-12-31,0.03,0.03,0.03,0.03,1410002
2014-01-02,0.03,0.03,0.03,0.03,456228
2014-01-03,0.03,0.03,0.03,0.03,632508
2014-01-06,0.03,0.03,0.03,0.03,586891
2014-01-07,0.03,0.03,0.03,0.03,2089402
2014-01-08,0.03,0.04,0.03,0.04,2158643
2014-01-09,0.04,0.05,0.04,0.04,2283156
2014-01-10,0.04,0.05,0.04,0.05,1774958
2014-01-13,0.05,0.05,0.05,0.05,2632626
2014-01-14,0.05,0.05,0.05,0.05,1541930
2014-01-15,0.05,0.06,0.05,0.05,2883389
2014-01-16,0.05,0.06,0.05,0.05,2005237
2014-01-17,0.06,0.07,0.05,0.07,4606356
2014-01-21,0.07,0.11,0.07,0.1,6305602
2014-01-22,0.1,0.14,0.1,0.12,6036456
2014-01-23,0.12,0.13,0.12,0.12,3035836
2014-01-24,0.12,0.12,0.07,0.1,10605871
2014-01-27,0.1,0.12,0.09,0.11,5104296
2014-01-28,0.11,0.12,0.11,0.12,1341370
2014-01-29,0.12,0.13,0.12,0.13,2334679
2014-01-30,0.12,0.13,0.11,0.12,1834397
2014-01-31,0.12,0.12,0.11,0.12,1705312
2014-02-03,0.14,0.16,0.12,0.12,9384870
2014-02-04,0.12,0.13,0.1,0.11,2897400
2014-02-05,0.11,0.12,0.08,0.08,5864654
2014-02-06,0.08,0.1,0.08,0.09,1974309
2014-02-07,0.09,0.11,0.09,0.11,2049837
2014-02-10,0.11,0.12,0.1,0.11,2179369
2014-02-11,0.11,0.11,0.08,0.09,2566675
2014-02-12,0.09,0.11,0.09,0.1,7301365
2014-02-13,0.11,0.11,0.09,0.09,999706
2014-02-14,0.1,0.1,0.09,0.09,729328
2014-02-18,0.09,0.11,0.09,0.1,1331007
2014-02-19,0.1,0.1,0.09,0.09,1333737
2014-02-20,0.09,0.09,0.09,0.09,819020
2014-02-21,0.09,0.09,0.08,0.09,2412200
2014-02-24,0.09,0.1,0.08,0.09,836971
2014-02-25,0.1,0.1,0.09,0.09,578787
2014-02-26,0.09,0.1,0.09,0.09,1937683
2014-02-27,0.1,0.1,0.09,0.1,1021812
2014-02-28,0.09,0.1,0.09,0.09,1906982
2014-03-03,0.09,0.09,0.08,0.09,2075190
2014-03-04,0.09,0.09,0.08,0.08,3245123
2014-03-05,0.08,0.09,0.08,0.08,2631631
2014-03-06,0.08,0.08,0.08,0.08,1418315
2014-03-07,0.08,0.08,0.08,0.08,1599787
2014-03-10,0.08,0.08,0.08,0.08,1634852
2014-03-11,0.08,0.08,0.08,0.08,1872003
2014-03-12,0.08,0.08,0.08,0.08,1777325
2014-03-13,0.08,0.08,0.08,0.08,1263043
2014-03-14,0.08,0.08,0.08,0.08,1045876
2014-03-17,0.08,0.08,0.07,0.07,3394348
2014-03-18,0.07,0.08,0.07,0.07,2414226
2014-03-19,0.07,0.08,0.07,0.08,2187829
2014-03-20,0.08,0.08,0.07,0.08,458982
2014-03-21,0.08,0.09,0.08,0.09,2279797
2014-03-24,0.09,0.1,0.09,0.09,2135150
2014-03-25,0.1,0.1,0.08,0.1,1381901
2014-03-26,0.09,0.1,0.09,0.09,1325582
2014-03-27,0.09,0.1,0.08,0.09,1272693
2014-03-28,0.09,0.09,0.07,0.08,2267261
2014-03-31,0.08,0.08,0.07,0.08,699093
2014-04-01,0.08,0.08,0.08,0.08,488985
2014-04-02,0.08,0.08,0.08,0.08,646919
2014-04-03,0.08,0.08,0.07,0.07,1092169
2014-04-04,0.08,0.08,0.07,0.07,966647
2014-04-07,0.07,0.08,0.06,0.07,2304186
2014-04-08,0.07,0.07,0.06,0.07,1735319
2014-04-09,0.07,0.07,0.06,0.06,1548091
2014-04-10,0.06,0.06,0.06,0.06,487133
2014-04-11,0.06,0.06,0.06,0.06,2097932
2014-04-14,0.05,0.06,0.05,0.06,2937515
2014-04-15,0.06,0.07,0.06,0.06,1477395
2014-04-16,0.06,0.06,0.06,0.06,625345
2014-04-17,0.06,0.06,0.06,0.06,410405
2014-04-21,0.06,0.07,0.06,0.06,775675
2014-04-22,0.06,0.06,0.06,0.06,1819099
2014-04-23,0.06,0.06,0.06,0.06,1331459
2014-04-24,0.06,0.06,0.05,0.06,1025447
2014-04-25,0.06,0.06,0.05,0.06,1003318
2014-04-28,0.06,0.06,0.06,0.06,1086795
2014-04-29,0.06,0.06,0.06,0.06,416632
2014-04-30,0.06,0.06,0.06,0.06,433045
2014-05-01,0.06,0.06,0.06,0.06,456547
2014-05-02,0.06,0.07,0.06,0.07,1135178
2014-05-05,0.07,0.09,0.06,0.08,2292037
2014-05-06,0.08,0.08,0.08,0.08,457309
2014-05-07,0.08,0.09,0.08,0.09,1666661
2014-05-08,0.09,0.09,0.08,0.09,1211885
2014-05-09,0.09,0.09,0.08,0.08,276077
2014-05-12,0.08,0.09,0.08,0.09,375254
2014-05-13,0.08,0.09,0.08,0.08,1015415
2014-05-14,0.08,0.09,0.08,0.08,1976361
2014-05-15,0.08,0.09,0.07,0.08,1946340
2014-05-16,0.08,0.08,0.06,0.07,1664801
2014-05-19,0.07,0.07,0.06,0.06,547787
2014-05-20,0.06,0.06,0.06,0.06,1024499
2014-05-21,0.06,0.07,0.06,0.06,708725
2014-05-22,0.06,0.07,0.06,0.06,2576962
2014-05-23,0.06,0.07,0.06,0.06,1351282
2014-05-27,0.06,0.06,0.06,0.06,355468
2014-05-28,0.06,0.06,0.06,0.06,289166
2014-05-29,0.06,0.07,0.06,0.06,580171
2014-05-30,0.06,0.06,0.06,0.06,351544
2014-06-02,0.06,0.06,0.06,0.06,63007
2014-06-03,0.06,0.07,0.06,0.06,213071
2014-06-04,0.07,0.07,0.07,0.07,528499
2014-06-05,0.07,0.08,0.07,0.07,935890
2014-06-06,0.07,0.08,0.07,0.07,1170639
2014-06-09,0.07,0.07,0.06,0.07,751452
2014-06-10,0.07,0.07,0.06,0.07,702315
2014-06-11,0.06,0.07,0.06,0.07,717620
2014-06-12,0.06,0.07,0.06,0.06,297911
2014-06-13,0.06,0.06,0.06,0.06,809576
2014-06-16,0.06,0.07,0.06,0.06,811360
2014-06-17,0.06,0.07,0.06,0.07,715309
2014-06-18,0.06,0.07,0.06,0.06,1188703
2014-06-19,0.06,0.07,0.06,0.06,250395
2014-06-20,0.07,0.07,0.06,0.07,1448799
2014-06-23,0.07,0.07,0.07,0.07,573318
2014-06-24,0.07,0.08,0.06,0.07,2937634
2014-06-25,0.07,0.07,0.07,0.07,1606662
2014-06-26,0.07,0.08,0.07,0.07,1100456
2014-06-27,0.08,0.08,0.07,0.08,894079
2014-06-30,0.08,0.08,0.07,0.08,451608
2014-07-01,0.07,0.08,0.07,0.07,1018264
2014-07-02,0.07,0.08,0.07,0.07,331838
2014-07-03,0.07,0.07,0.07,0.07,149100
2014-07-07,0.08,0.08,0.07,0.07,378052
2014-07-08,0.08,0.08,0.06,0.06,2187983
2014-07-09,0.07,0.07,0.06,0.07,499050
2014-07-10,0.07,0.07,0.06,0.07,597623
2014-07-11,0.07,0.07,0.06,0.07,258684
2014-07-14,0.07,0.07,0.07,0.07,330511
2014-07-15,0.07,0.07,0.07,0.07,440758
2014-07-16,0.06,0.07,0.06,0.06,1520552
2014-07-17,0.06,0.06,0.06,0.06,619498
2014-07-18,0.06,0.07,0.06,0.06,2523449
2014-07-21,0.07,0.07,0.06,0.06,728215
2014-07-22,0.06,0.07,0.06,0.07,1307228
2014-07-23,0.07,0.08,0.06,0.07,3301426
2014-07-24,0.08,0.12,0.07,0.1,32931893
2014-07-25,0.1,0.11,0.09,0.1,11134234
2014-07-28,0.1,0.14,0.1,0.14,20981231
2014-07-29,0.15,0.18,0.13,0.14,32074203
2014-07-30,0.14,0.16,0.13,0.15,13770504
2014-07-31,0.15,0.15,0.13,0.14,10691503
2014-08-01,0.14,0.16,0.14,0.15,10181569
2014-08-04,0.15,0.16,0.15,0.16,6862609
2014-08-05,0.16,0.2,0.16,0.19,21339232
2014-08-06,0.2,0.2,0.14,0.16,25841583
2014-08-07,0.16,0.18,0.15,0.16,8107331
2014-08-08,0.16,0.16,0.14,0.15,8761898
2014-08-11,0.15,0.15,0.13,0.14,8021039
2014-08-12,0.13,0.14,0.12,0.13,9062722
2014-08-13,0.13,0.14,0.12,0.12,6940399
2014-08-14,0.12,0.14,0.12,0.13,4494024
2014-08-15,0.13,0.14,0.12,0.14,1810726
2014-08-18,0.14,0.14,0.13,0.14,4516754
2014-08-19,0.14,0.16,0.14,0.16,9543402
2014-08-20,0.16,0.16,0.14,0.14,5836521
2014-08-21,0.15,0.15,0.14,0.14,2495725
2014-08-22,0.14,0.14,0.13,0.13,3912935
2014-08-25,0.13,0.14,0.13,0.13,3251520
2014-08-26,0.14,0.15,0.14,0.15,3010463
2014-08-27,0.15,0.17,0.14,0.15,7024828
2014-08-28,0.15,0.15,0.14,0.14,3983250
2014-08-29,0.15,0.15,0.14,0.14,2051642
2014-09-02,0.14,0.15,0.13,0.14,2884082
2014-09-03,0.14,0.14,0.13,0.14,1332153
2014-09-04,0.14,0.14,0.13,0.14,625580
2014-09-05,0.14,0.15,0.14,0.14,1396698
2014-09-08,0.14,0.15,0.14,0.15,1159613
2014-09-09,0.15,0.15,0.13,0.14,3031327
2014-09-10,0.14,0.14,0.13,0.13,1323383
2014-09-11,0.14,0.14,0.13,0.14,1472426
2014-09-12,0.14,0.14,0.13,0.14,673216
2014-09-15,0.14,0.15,0.13,0.14,1009281
2014-09-16,0.14,0.14,0.14,0.14,849566
2014-09-17,0.14,0.15,0.14,0.14,1267009
2014-09-18,0.15,0.15,0.15,0.15,2159536
2014-09-19,0.15,0.15,0.14,0.14,1381463
2014-09-22,0.14,0.16,0.14,0.16,4677884
2014-09-23,0.17,0.17,0.16,0.17,7897850
2014-09-24,0.17,0.17,0.16,0.16,3249013
2014-09-25,0.17,0.17,0.16,0.17,2555802
2014-09-26,0.17,0.2,0.17,0.18,12644070
2014-09-29,0.19,0.23,0.19,0.22,13565406
2014-09-30,0.23,0.25,0.19,0.2,12158031
2014-10-01,0.2,0.2,0.17,0.2,7034758
2014-10-02,0.2,0.22,0.18,0.2,7794556
2014-10-03,0.19,0.2,0.19,0.2,3102091
2014-10-06,0.2,0.22,0.2,0.22,3008697
2014-10-07,0.21,0.22,0.2,0.21,4394288
2014-10-08,0.21,0.22,0.19,0.21,2405762
2014-10-09,0.2,0.21,0.19,0.19,2954434
2014-10-10,0.2,0.2,0.18,0.18,3540591
2014-10-13,0.19,0.19,0.17,0.17,3525942
2014-10-14,0.17,0.19,0.16,0.19,3083209
2014-10-15,0.2,0.2,0.18,0.19,2514492
2014-10-16,0.19,0.2,0.17,0.2,1577606
2014-10-17,0.2,0.2,0.2,0.2,1978174
2014-10-20,0.2,0.21,0.19,0.21,2985289
2014-10-21,0.2,0.2,0.19,0.19,2611336
2014-10-22,0.2,0.2,0.18,0.19,1694558
2014-10-23,0.19,0.2,0.18,0.18,2566741
2014-10-24,0.19,0.19,0.18,0.18,1428580
2014-10-27,0.18,0.19,0.17,0.19,1560833
2014-10-28,0.19,0.19,0.17,0.19,2779678
2014-10-29,0.17,0.18,0.17,0.18,2037616
2014-10-30,0.18,0.18,0.17,0.18,829888
2014-10-31,0.18,0.2,0.18,0.19,1595436
2014-11-03,0.2,0.2,0.18,0.2,1551601
2014-11-04,0.19,0.2,0.18,0.19,1510538
2014-11-05,0.19,0.19,0.18,0.19,867439
2014-11-06,0.19,0.22,0.19,0.21,4664960
2014-11-07,0.22,0.26,0.21,0.26,6680630
2014-11-10,0.26,0.31,0.24,0.3,14537671
2014-11-11,0.26,0.28,0.23,0.26,19194205
2014-11-12,0.27,0.29,0.24,0.25,10822557
2014-11-13,0.25,0.25,0.2,0.21,17819598
2014-11-14,0.19,0.23,0.18,0.22,16512311
2014-11-17,0.23,0.24,0.2,0.21,5769751
2014-11-18,0.21,0.21,0.19,0.2,3567328
2014-11-19,0.2,0.21,0.19,0.2,2156911
2014-11-20,0.2,0.21,0.2,0.2,1395485
2014-11-21,0.2,0.21,0.2,0.2,1198603
2014-11-24,0.21,0.22,0.2,0.2,5482749
2014-11-25,0.2,0.2,0.19,0.19,4040250
2014-11-26,0.19,0.19,0.19,0.19,1375865
2014-11-28,0.19,0.2,0.19,0.19,1327988
2014-12-01,0.19,0.19,0.18,0.19,2326680
2014-12-02,0.19,0.19,0.18,0.19,2834455
2014-12-03,0.19,0.19,0.18,0.18,1274789
2014-12-04,0.18,0.2,0.16,0.19,7455060
2014-12-05,0.2,0.2,0.18,0.19,1922467
2014-12-08,0.19,0.19,0.16,0.17,3254608
2014-12-09,0.17,0.18,0.17,0.18,2582184
2014-12-10,0.18,0.19,0.18,0.18,1798765
2014-12-11,0.19,0.2,0.17,0.18,1546724
2014-12-12,0.18,0.19,0.18,0.18,851193
2014-12-15,0.18,0.2,0.18,0.18,1826037
2014-12-16,0.18,0.19,0.18,0.18,1238182
2014-12-17,0.18,0.18,0.17,0.17,1566069
2014-12-18,0.17,0.18,0.17,0.18,1360772
2014-12-19,0.18,0.18,0.17,0.17,1463618
2014-12-22,0.17,0.18,0.17,0.18,1419292
2014-12-23,0.18,0.18,0.17,0.18,1122046
2014-12-24,0.18,0.18,0.17,0.18,659076
2014-12-26,0.18,0.18,0.17,0.17,857416
2014-12-29,0.17,0.18,0.17,0.17,324029
2014-12-30,0.18,0.18,0.17,0.17,632716
2014-12-31,0.18,0.18,0.17,0.18,864460
2015-01-02,0.18,0.18,0.18,0.18,769435
2015-01-05,0.18,0.18,0.18,0.18,1006912
2015-01-06,0.17,0.18,0.17,0.18,997210
2015-01-07,0.17,0.18,0.17,0.18,851078
2015-01-08,0.18,0.18,0.17,0.17,1035274
2015-01-09,0.17,0.18,0.17,0.17,3451410
2015-01-12,0.16,0.17,0.15,0.15,5756403
2015-01-13,0.16,0.16,0.16,0.16,3401870
2015-01-14,0.16,0.17,0.16,0.17,1229097
2015-01-15,0.16,0.19,0.16,0.18,2765804
2015-01-16,0.18,0.2,0.18,0.19,2312465
2015-01-20,0.19,0.19,0.16,0.17,2954385
2015-01-21,0.16,0.17,0.16,0.17,2182866
2015-01-22,0.17,0.18,0.16,0.16,2809662
2015-01-23,0.16,0.17,0.16,0.17,886505
2015-01-26,0.17,0.17,0.16,0.16,742011
2015-01-27,0.16,0.17,0.16,0.16,735876
2015-01-28,0.16,0.17,0.16,0.17,216251
2015-01-29,0.17,0.17,0.16,0.16,556575
2015-01-30,0.17,0.17,0.16,0.16,613795
2015-02-02,0.16,0.16,0.16,0.16,988687
2015-02-03,0.16,0.17,0.16,0.16,1083335
2015-02-04,0.16,0.17,0.16,0.16,743041
2015-02-05,0.16,0.17,0.16,0.16,814357
2015-02-06,0.17,0.17,0.16,0.16,465678
2015-02-09,0.16,0.17,0.16,0.16,970078
2015-02-10,0.17,0.17,0.16,0.17,524764
2015-02-11,0.17,0.17,0.16,0.16,2263851
2015-02-12,0.16,0.16,0.16,0.16,746979
2015-02-13,0.17,0.17,0.16,0.16,1185296
2015-02-17,0.16,0.17,0.16,0.16,1318500
2015-02-18,0.16,0.16,0.16,0.16,821670
2015-02-19,0.16,0.16,0.16,0.16,592495
2015-02-20,0.16,0.17,0.16,0.16,1232149
2015-02-23,0.16,0.17,0.16,0.16,1464244
2015-02-24,0.16,0.19,0.16,0.18,4703836
2015-02-25,6.5,7.5,5.5,6.25,46110
2015-02-26,6.4,8.88,6.4,7.77,167950
2015-02-27,7.7,7.79,6.65,7.05,85665
2015-03-02,6.81,7.15,5.22,5.8,194517
2015-03-03,6.2,6.47,5.3,5.7,145291
2015-03-04,3.75,3.75,3.0,3.1,1249193
2015-03-05,3.25,3.29,2.86,2.98,560636
2015-03-06,3.2,3.2,2.95,3.0,407219
2015-03-09,3.24,3.5,3.06,3.3,926756
2015-03-10,3.52,3.52,3.21,3.33,343733
2015-03-11,3.43,3.52,3.3,3.38,304476
2015-03-12,3.47,3.49,3.27,3.3,146849
2015-03-13,3.35,3.48,3.2,3.25,175716
2015-03-16,3.34,3.34,3.0,3.03,226468
2015-03-17,3.0,3.19,2.75,2.76,232026
2015-03-18,2.81,2.82,2.46,2.57,515210
2015-03-19,2.6,2.8,2.57,2.79,273029
2015-03-20,2.87,3.35,2.85,3.15,507408
2015-03-23,3.25,3.65,3.18,3.62,639435
2015-03-24,3.75,4.33,3.66,4.17,1203853
2015-03-25,4.21,4.47,4.01,4.23,905603
2015-03-26,4.25,4.35,3.85,4.27,602949
2015-03-27,4.33,4.68,4.11,4.58,562609
2015-03-30,4.88,5.14,4.7,5.07,1387313
2015-03-31,5.12,5.18,4.81,5.0,934001
2015-04-01,5.33,5.72,4.8,5.01,1789536
2015-04-02,5.01,5.01,4.34,4.46,1212789
2015-04-06,4.4,4.45,4.1,4.28,659234
2015-04-07,4.37,4.62,4.21,4.31,619203
2015-04-08,4.21,4.4,4.16,4.21,322094
2015-04-09,4.65,4.66,4.37,4.44,563227
2015-04-10,4.55,4.58,4.24,4.24,465713
2015-04-13,4.2,4.25,3.94,4.06,692630
2015-04-14,4.1,4.16,3.95,4.02,210598
2015-04-15,3.91,4.0,3.8,3.89,406917
2015-04-16,3.92,4.15,3.75,4.07,419740
2015-04-17,4.11,4.23,4.0,4.15,376557
2015-04-20,4.16,4.23,3.91,3.92,261345
2015-04-21,3.92,3.98,3.82,3.93,206559
2015-04-22,3.91,3.91,3.77,3.82,186132
2015-04-23,3.8,4.4,3.79,4.4,1199311
2015-04-24,4.43,4.74,4.43,4.54,780548
2015-04-27,4.61,4.85,4.54,4.6,459919
2015-04-28,4.65,4.75,4.43,4.7,306191
2015-04-29,4.74,4.74,4.62,4.7,112418
2015-04-30,4.71,4.71,4.4,4.44,265198
2015-05-01,4.41,4.65,4.4,4.65,132659
2015-05-04,4.65,4.85,4.49,4.56,423893
2015-05-05,4.58,4.58,4.42,4.51,128744
2015-05-06,4.53,4.53,4.13,4.21,310244
2015-05-07,4.25,4.32,4.2,4.3,101014
2015-05-08,4.3,4.39,4.22,4.32,107194
2015-05-11,4.37,4.49,4.25,4.46,174179
2015-05-12,4.51,4.73,4.46,4.72,405578
2015-05-13,4.81,4.82,4.49,4.59,378271
2015-05-14,4.65,4.71,4.44,4.56,252075
2015-05-15,4.61,4.65,4.42,4.53,379605
2015-05-18,4.8,5.05,4.7,4.75,1022519
2015-05-19,4.75,4.75,4.4,4.5,478389
2015-05-20,4.5,4.5,4.02,4.31,378142
2015-05-21,4.5,4.5,4.3,4.43,169828
2015-05-22,4.35,4.4,4.3,4.37,132285
2015-05-26,4.31,4.35,4.22,4.3,155096
2015-05-27,4.31,4.8,4.25,4.69,678695
2015-05-28,4.73,4.8,4.55,4.65,257682
2015-05-29,4.55,4.65,4.38,4.42,297717
2015-06-01,4.42,4.55,4.32,4.49,151699
2015-06-02,4.47,4.5,4.4,4.41,95354
2015-06-03,4.46,4.5,4.32,4.35,194610
2015-06-04,4.3,4.48,4.3,4.4,204859
2015-06-05,4.38,4.44,4.3,4.34,179293
2015-06-08,4.28,4.44,4.17,4.17,244707
2015-06-09,4.2,4.26,4.01,4.06,382281
2015-06-10,4.09,4.22,3.92,4.0,381986
2015-06-11,4.0,4.15,3.95,4.05,298150
2015-06-12,4.03,4.1,4.0,4.02,135083
2015-06-15,4.02,4.14,3.98,4.0,164718
2015-06-16,3.94,4.05,3.93,4.01,241194
2015-06-17,4.04,4.04,3.85,3.9,298565
2015-06-18,3.95,3.98,3.76,3.84,308397
2015-06-19,3.86,3.88,3.57,3.58,550145
2015-06-22,3.62,3.74,3.58,3.73,235766
2015-06-23,3.78,3.9,3.66,3.79,168883
2015-06-24,3.76,3.9,3.66,3.71,187262
2015-06-25,3.65,3.75,3.6,3.65,145180
2015-06-26,3.62,3.83,3.6,3.83,261296
2015-06-29,3.65,3.74,3.55,3.59,153351
2015-06-30,3.62,3.68,3.55,3.61,165072
2015-07-01,3.6,3.65,3.31,3.31,356686
2015-07-02,3.27,3.33,3.22,3.23,142308
2015-07-06,3.2,3.2,2.93,3.05,433138
2015-07-07,3.09,3.09,2.86,2.9,311874
2015-07-08,2.88,2.88,2.6,2.65,352812
2015-07-09,2.71,2.96,2.7,2.87,372593
2015-07-10,2.93,3.0,2.8,2.84,204004
2015-07-13,2.89,3.37,2.89,3.3,266939
2015-07-14,3.35,3.53,3.3,3.36,357362
2015-07-15,3.45,3.45,3.21,3.23,117058
2015-07-16,3.24,3.43,3.0,3.05,214912
2015-07-17,3.07,3.2,2.93,2.96,154934
2015-07-20,2.96,3.07,2.9,2.95,147073
2015-07-21,2.96,3.2,2.95,3.07,227118
2015-07-22,3.15,4.14,3.13,3.77,6193536
2015-07-23,3.69,3.9,3.53,3.83,1364853
2015-07-24,4.3,4.57,3.76,3.88,3210052
2015-07-27,3.87,4.07,3.81,4.03,501753
2015-07-28,4.0,4.24,3.89,4.2,513422
2015-07-29,4.11,4.19,3.95,3.99,432951
2015-07-30,3.9,4.18,3.41,3.7,2068944
2015-07-31,3.69,3.69,3.35,3.47,530450
2015-08-03,3.85,3.85,3.53,3.78,660041
2015-08-04,3.78,3.89,3.71,3.78,246377
2015-08-05,3.99,4.27,3.87,4.21,1008074
2015-08-06,4.1,4.22,3.88,4.1,578523
2015-08-07,3.79,3.99,3.4,3.65,753109
2015-08-10,3.65,3.75,3.46,3.47,398881
2015-08-11,3.56,3.69,3.4,3.55,317206
2015-08-12,3.96,4.0,3.62,3.75,626370
2015-08-13,3.71,3.78,3.53,3.65,250015
2015-08-14,3.6,3.74,3.6,3.62,130647
2015-08-17,3.5,3.62,3.47,3.53,316476
2015-08-18,3.5,3.68,3.45,3.63,147288
2015-08-19,3.6,3.69,3.51,3.56,110388
2015-08-20,3.49,3.6,3.28,3.32,365487
2015-08-21,3.25,3.3,2.99,3.03,565261
2015-08-24,2.9,3.31,2.0,3.04,624341
2015-08-25,3.1,3.25,3.05,3.07,201916
2015-08-26,3.07,3.19,3.02,3.18,217897
2015-08-27,2.9,3.16,2.9,3.11,290455
2015-08-28,3.14,3.19,2.91,2.98,373086
2015-08-31,2.95,3.11,2.88,2.97,222726
2015-09-01,2.93,3.04,2.93,2.94,166762
2015-09-02,3.0,3.02,2.87,2.97,198752
2015-09-03,2.99,3.06,2.94,3.02,90769
2015-09-04,3.05,3.05,2.91,3.0,80110
2015-09-08,3.0,3.11,3.0,3.08,123585
2015-09-09,3.1,3.2,3.01,3.18,152307
2015-09-10,3.14,3.24,3.02,3.06,77475
2015-09-11,3.02,3.17,3.02,3.17,74581
2015-09-14,3.19,3.22,3.08,3.14,91292
2015-09-15,3.12,3.19,3.09,3.18,107602
2015-09-16,3.15,3.27,3.11,3.13,129370
2015-09-17,3.1,3.19,3.09,3.15,85311
2015-09-18,3.13,3.21,3.04,3.21,192362
2015-09-21,3.18,3.22,3.11,3.15,82489
2015-09-22,3.11,3.13,3.01,3.02,128633
2015-09-23,3.0,3.1,3.0,3.02,43160
2015-09-24,2.96,2.97,2.85,2.9,162214
2015-09-25,2.91,2.93,2.76,2.88,148324
2015-09-28,2.85,2.86,2.67,2.71,151525
2015-09-29,2.69,2.82,2.6,2.65,110141
2015-09-30,2.66,2.8,2.6,2.76,104651
2015-10-01,2.73,2.81,2.67,2.77,61576
2015-10-02,2.73,2.8,2.68,2.78,39513
2015-10-05,2.74,2.95,2.72,2.91,99287
2015-10-06,2.9,2.94,2.8,2.86,64422
2015-10-07,2.85,2.9,2.78,2.82,100704
2015-10-08,2.77,2.82,2.7,2.81,44301
2015-10-09,2.81,2.84,2.76,2.77,68674
2015-10-12,2.76,2.88,2.68,2.85,158287
2015-10-13,2.84,2.91,2.83,2.86,71173
2015-10-14,2.86,2.98,2.84,2.88,108161
2015-10-15,2.89,2.92,2.85,2.87,26511
2015-10-16,2.9,2.92,2.84,2.88,55932
2015-10-19,2.89,2.94,2.74,2.93,91207
2015-10-20,2.92,2.93,2.84,2.89,76870
2015-10-21,2.88,2.94,2.76,2.78,105308
2015-10-22,2.83,2.93,2.78,2.84,104132
2015-10-23,2.84,2.88,2.81,2.86,27290
2015-10-26,2.9,2.9,2.81,2.87,73656
2015-10-27,2.82,2.94,2.82,2.9,72803
2015-10-28,2.88,3.12,2.88,3.08,366102
2015-10-29,3.09,3.33,3.06,3.25,227813
2015-10-30,3.25,3.3,3.11,3.25,170891
2015-11-02,3.25,3.35,3.2,3.34,166898
2015-11-03,3.35,3.52,3.2,3.47,312876
2015-11-04,3.38,3.56,3.32,3.5,279512
2015-11-05,3.95,4.07,3.45,3.55,1107362
2015-11-06,3.55,3.63,3.12,3.19,735968
2015-11-09,3.16,3.17,2.9,3.06,291889
2015-11-10,2.98,3.04,2.8,2.85,308087
2015-11-11,2.85,2.88,2.7,2.79,218840
2015-11-12,2.83,3.18,2.82,2.92,706616
2015-11-13,2.94,2.94,2.81,2.86,153075
2015-11-16,2.9,2.92,2.8,2.88,165117
2015-11-17,2.88,2.91,2.76,2.79,140915
2015-11-18,2.78,2.83,2.76,2.78,90615
2015-11-19,2.81,2.94,2.8,2.86,227317
2015-11-20,2.92,2.95,2.88,2.9,91300
2015-11-23,2.92,3.4,2.92,3.05,630346
2015-11-24,3.05,3.08,2.95,2.96,170917
2015-11-25,2.99,3.06,2.85,2.93,151733
2015-11-27,2.91,3.06,2.91,3.05,58658
2015-11-30,3.08,3.08,2.88,2.95,123359
2015-12-01,2.95,3.0,2.88,2.92,134397
2015-12-02,2.95,3.03,2.88,2.9,77131
2015-12-03,2.9,3.0,2.86,2.86,99085
2015-12-04,2.86,2.93,2.82,2.92,137433
2015-12-07,2.95,2.95,2.83,2.89,76708
2015-12-08,2.88,2.97,2.85,2.95,63585
2015-12-09,2.92,3.01,2.86,2.88,176725
2015-12-10,2.86,2.95,2.86,2.88,40028
2015-12-11,2.86,2.9,2.78,2.79,114006
2015-12-14,2.84,2.84,2.66,2.71,172818
2015-12-15,2.75,2.88,2.71,2.81,120612
2015-12-16,2.95,3.14,2.87,3.07,818840
2015-12-17,3.1,3.12,2.95,3.01,287735
2015-12-18,3.15,3.34,3.03,3.33,610208
2015-12-21,3.35,3.63,3.16,3.59,788573
2015-12-22,3.58,3.58,3.33,3.37,333707
2015-12-23,3.34,3.49,3.27,3.45,217307
2015-12-24,3.46,3.55,3.41,3.51,102828
2015-12-28,3.42,3.5,3.37,3.43,109112
2015-12-29,3.45,3.49,3.38,3.42,125895
2015-12-30,3.45,3.55,3.41,3.54,285628
2015-12-31,3.54,3.85,3.51,3.7,569266
2016-01-04,3.63,3.72,3.52,3.69,345882
2016-01-05,3.71,3.79,3.45,3.49,313027
2016-01-06,3.4,3.48,3.24,3.29,395304
2016-01-07,3.16,3.21,2.69,2.85,672842
2016-01-08,3.15,3.15,2.81,2.88,334274
2016-01-11,2.85,2.89,2.73,2.89,213324
2016-01-12,2.94,2.94,2.74,2.78,170419
2016-01-13,2.8,2.88,2.57,2.59,262730
2016-01-14,2.6,2.64,2.48,2.51,251370
2016-01-15,2.45,2.47,2.13,2.39,297703
2016-01-19,2.42,2.73,2.35,2.51,407268
2016-01-20,2.5,2.65,2.34,2.56,260900
2016-01-21,2.57,2.71,2.5,2.57,125296
2016-01-22,2.65,2.69,2.6,2.66,101279
2016-01-25,2.62,2.67,2.58,2.67,172985
2016-01-26,2.65,2.75,2.62,2.75,122349
2016-01-27,2.75,2.77,2.56,2.71,255691
2016-01-28,2.71,2.98,2.61,2.77,396722
2016-01-29,2.77,2.94,2.71,2.85,157304
2016-02-01,2.87,2.87,2.72,2.8,91332
2016-02-02,2.81,2.81,2.72,2.76,62331
2016-02-03,2.75,2.78,2.62,2.65,106416
2016-02-04,2.68,2.73,2.65,2.73,78578
2016-02-05,2.73,2.73,2.58,2.64,85163
2016-02-08,2.6,2.61,2.41,2.5,163639
2016-02-09,2.45,2.54,2.4,2.45,115874
2016-02-10,2.47,2.55,2.4,2.45,104379
2016-02-11,2.4,2.41,2.25,2.35,133810
2016-02-12,2.36,2.41,2.21,2.29,197682
2016-02-16,2.37,2.44,2.31,2.4,57247
2016-02-17,2.45,2.5,2.38,2.43,65485
2016-02-18,2.42,2.5,2.38,2.44,56838
2016-02-19,2.45,2.45,2.36,2.41,39528
2016-02-22,2.44,2.48,2.36,2.48,98110
2016-02-23,2.44,2.55,2.27,2.32,143676
2016-02-24,2.31,2.42,2.31,2.4,59851
2016-02-25,2.4,2.42,2.32,2.41,31773
2016-02-26,2.41,2.44,2.38,2.43,56416
2016-02-29,2.45,2.48,2.38,2.44,124856
2016-03-01,2.51,3.03,2.38,2.49,43732
2016-03-02,2.52,2.78,2.48,2.76,145852
2016-03-03,2.79,3.02,2.66,3.0,325483
2016-03-04,3.03,3.03,2.75,2.93,140203
2016-03-07,2.96,3.05,2.9,2.93,111270
2016-03-08,2.95,3.06,2.92,2.95,100845
2016-03-09,3.0,3.04,2.95,3.02,46336
2016-03-10,3.05,3.06,2.92,2.95,59189
2016-03-11,3.0,3.1,2.97,3.07,202242
2016-03-14,3.32,3.43,2.9,3.05,1036061
2016-03-15,3.1,3.1,2.83,2.91,274291
2016-03-16,2.94,2.94,2.65,2.79,291121
2016-03-17,2.95,2.99,2.68,2.99,214523
2016-03-18,3.0,3.0,2.85,2.91,96618
2016-03-21,2.88,3.0,2.85,2.86,137352
2016-03-22,2.86,3.0,2.82,3.0,151223
2016-03-23,3.0,3.0,2.9,2.96,66884
2016-03-24,2.91,2.98,2.85,2.96,95694
2016-03-28,2.97,2.97,2.86,2.92,91657
2016-03-29,2.89,2.93,2.82,2.9,123220
2016-03-30,2.92,2.92,2.86,2.87,64357
2016-03-31,2.9,2.9,2.76,2.77,98647
2016-04-01,2.76,2.85,2.76,2.84,84224
2016-04-04,2.83,2.84,2.76,2.79,57314
2016-04-05,2.81,2.81,2.72,2.74,103750
2016-04-06,2.7,2.74,2.65,2.69,128827
2016-04-07,2.66,2.73,2.65,2.68,71192
2016-04-08,2.67,2.69,2.62,2.63,52520
2016-04-11,2.62,2.64,2.5,2.59,225720
2016-04-12,2.58,2.58,2.42,2.52,191896
2016-04-13,2.57,2.7,2.5,2.68,141127
2016-04-14,2.71,2.74,2.59,2.6,46971
2016-04-15,2.6,2.7,2.58,2.58,46922
2016-04-18,2.6,2.6,2.52,2.52,77603
2016-04-19,2.53,2.53,2.49,2.49,63266
2016-04-20,2.52,2.68,2.52,2.65,137317
2016-04-21,2.7,2.85,2.64,2.85,427050
2016-04-22,2.85,3.0,2.81,3.0,217789
2016-04-25,3.0,3.01,2.86,2.86,270971
2016-04-26,2.92,2.92,2.77,2.81,148058
2016-04-27,2.81,2.85,2.8,2.85,68495
2016-04-28,2.81,2.85,2.74,2.77,90930
2016-04-29,2.77,2.84,2.77,2.78,69076
2016-05-02,2.77,2.82,2.7,2.73,126423
2016-05-03,2.7,2.81,2.7,2.78,82870
2016-05-04,2.81,2.81,2.67,2.67,138778
2016-05-05,2.7,2.74,2.66,2.67,78759
2016-05-06,2.67,2.72,2.64,2.68,61019
2016-05-09,2.69,2.73,2.65,2.66,50804
2016-05-10,2.65,2.73,2.59,2.7,222258
2016-05-11,2.8,2.81,2.55,2.56,490064
2016-05-12,2.6,2.6,2.35,2.42,231023
2016-05-13,2.4,2.48,2.38,2.39,115099
2016-05-16,2.38,2.41,2.3,2.39,94311
2016-05-17,2.36,2.41,2.14,2.14,285639
2016-05-18,2.06,2.15,1.84,2.04,839593
2016-05-19,2.06,2.18,2.0,2.01,179795
2016-05-20,2.0,2.1,1.93,2.06,165682
2016-05-23,2.07,2.13,2.06,2.1,61651
2016-05-24,2.1,2.14,2.08,2.11,79153
2016-05-25,2.09,2.15,2.09,2.12,61521
2016-05-26,2.12,2.25,2.11,2.24,141485
2016-05-27,2.25,2.25,2.17,2.18,98609
2016-05-31,2.2,2.38,2.2,2.33,137428
2016-06-01,2.38,2.44,2.32,2.36,159768
2016-06-02,2.38,2.5,2.37,2.48,143446
2016-06-03,2.5,2.5,2.38,2.38,98880
2016-06-06,2.4,2.45,2.24,2.24,195747
2016-06-07,2.27,2.42,2.25,2.42,70540
2016-06-08,2.45,2.47,2.32,2.36,88310
2016-06-09,2.53,2.73,2.36,2.44,531715
2016-06-10,2.44,2.49,2.32,2.36,180940
2016-06-13,2.5,2.53,2.4,2.48,153016
2016-06-14,2.54,2.54,2.45,2.5,101571
2016-06-15,2.49,2.5,2.4,2.46,92472
2016-06-16,2.45,2.49,2.38,2.39,94929
2016-06-17,2.38,2.42,2.31,2.31,154544
2016-06-20,2.35,2.37,2.25,2.26,150845
2016-06-21,2.29,2.34,2.25,2.27,85047
2016-06-22,2.58,2.65,2.35,2.46,1221054
2016-06-23,2.46,2.49,2.32,2.42,238619
2016-06-24,2.3,2.38,2.26,2.38,208667
2016-06-27,2.37,2.4,2.2,2.21,257943
2016-06-28,2.25,2.3,2.22,2.27,91202
2016-06-29,2.3,2.39,2.28,2.37,138754
2016-06-30,2.37,2.4,2.3,2.33,139767
2016-07-01,2.3,2.34,2.25,2.28,146165
2016-07-05,2.28,2.3,2.24,2.25,56565
2016-07-06,2.25,2.27,2.21,2.24,141286
2016-07-07,2.23,2.27,2.22,2.22,64836
2016-07-08,2.26,2.4,2.23,2.36,169492
2016-07-11,2.34,2.43,2.33,2.36,119018
2016-07-12,2.38,2.43,2.37,2.39,96584
2016-07-13,2.36,2.41,2.35,2.36,60176
2016-07-14,2.67,2.92,2.47,2.59,3248593
2016-07-15,2.59,2.68,2.52,2.57,504174
2016-07-18,2.6,2.6,2.45,2.47,232970
2016-07-19,2.52,2.57,2.45,2.55,242269
2016-07-20,2.55,2.58,2.49,2.57,243159
2016-07-21,2.61,2.69,2.57,2.62,294173
2016-07-22,2.65,2.78,2.6,2.68,795452
2016-07-25,2.7,2.87,2.68,2.85,501390
2016-07-26,2.88,3.02,2.85,2.95,689105
2016-07-27,2.99,3.01,2.74,2.77,439444
2016-07-28,2.78,2.84,2.76,2.82,141408
2016-07-29,2.88,2.95,2.8,2.9,216177
2016-08-01,2.95,3.08,2.88,3.03,418668
2016-08-02,3.06,3.29,3.02,3.24,684139
2016-08-03,3.22,3.35,3.17,3.24,368798
2016-08-04,3.29,3.34,3.1,3.13,404401
2016-08-05,3.17,3.33,3.13,3.29,266248
2016-08-08,3.32,3.36,3.26,3.27,172310
2016-08-09,3.25,3.35,3.0,3.07,593241
2016-08-10,3.25,3.3,2.8,2.85,1481898
2016-08-11,2.85,2.92,2.6,2.8,842594
2016-08-12,2.8,2.88,2.75,2.78,191436
2016-08-15,2.77,2.84,2.75,2.8,150125
2016-08-16,2.8,2.93,2.8,2.9,269526
2016-08-17,2.92,3.04,2.91,2.98,270048
2016-08-18,3.04,3.06,2.96,3.02,189777
2016-08-19,3.02,3.02,2.85,2.95,263577
2016-08-22,2.96,2.98,2.84,2.88,147541
2016-08-23,2.9,2.95,2.85,2.92,102409
2016-08-24,2.91,2.93,2.87,2.91,99785
2016-08-25,2.9,2.96,2.88,2.95,108005
2016-08-26,2.93,2.95,2.89,2.89,96365
2016-08-29,2.93,2.99,2.89,2.94,83914
2016-08-30,2.94,2.98,2.92,2.94,94170
2016-08-31,2.94,2.95,2.88,2.9,53089
2016-09-01,2.9,2.9,2.86,2.87,56712
2016-09-02,2.9,2.9,2.87,2.88,37236
2016-09-06,2.89,2.96,2.83,2.84,139575
2016-09-07,2.84,2.9,2.8,2.86,136003
2016-09-08,2.87,2.92,2.81,2.9,102299
2016-09-09,2.9,2.9,2.79,2.8,159391
2016-09-12,2.78,2.82,2.63,2.75,151111
2016-09-13,2.74,2.74,2.62,2.62,105879
2016-09-14,2.67,2.67,2.6,2.64,124803
2016-09-15,2.65,2.69,2.63,2.65,100185
2016-09-16,2.63,2.69,2.51,2.51,202064
2016-09-19,2.55,2.67,2.54,2.56,141848
2016-09-20,2.56,2.6,2.52,2.57,78618
2016-09-21,2.75,2.75,2.51,2.63,199797
2016-09-22,2.64,2.67,2.6,2.64,103370
2016-09-23,2.65,2.68,2.55,2.57,80784
2016-09-26,2.57,2.64,2.52,2.52,115706
2016-09-27,2.53,2.63,2.53,2.58,128898
2016-09-28,2.58,2.63,2.55,2.59,61157
2016-09-29,2.62,2.62,2.53,2.54,130159
2016-09-30,2.53,2.57,2.51,2.57,65284
2016-10-03,2.58,2.62,2.58,2.59,85311
2016-10-04,2.57,2.61,2.56,2.59,72455
2016-10-05,2.61,2.63,2.59,2.6,89940
2016-10-06,2.62,2.88,2.6,2.81,428457
2016-10-07,2.85,2.99,2.81,2.92,456589
2016-10-10,2.91,2.96,2.89,2.92,113540
2016-10-11,2.88,2.89,2.78,2.83,144737
2016-10-12,2.85,2.9,2.81,2.87,77281
2016-10-13,2.88,2.94,2.82,2.89,187070
2016-10-14,2.89,3.07,2.89,3.0,503772
2016-10-17,3.03,3.14,3.01,3.05,300698
2016-10-18,3.04,3.07,2.96,3.0,203064
2016-10-19,3.02,3.09,2.92,3.03,264479
2016-10-20,3.01,3.09,2.92,3.03,162445
2016-10-21,2.99,3.03,2.98,3.01,90055
2016-10-24,3.04,3.07,2.95,2.98,188568
2016-10-25,3.0,3.03,2.98,3.01,89483
2016-10-26,2.96,3.07,2.92,3.02,129957
2016-10-27,3.05,3.11,3.02,3.11,196211
2016-10-28,3.11,3.25,3.1,3.2,324867
2016-10-31,3.19,3.22,3.15,3.17,96858
2016-11-01,3.19,3.2,3.08,3.1,110245
2016-11-02,3.07,3.11,2.84,2.86,283900
2016-11-03,2.85,2.96,2.66,2.94,215252
2016-11-04,2.91,2.96,2.8,2.92,143417
2016-11-07,2.97,3.03,2.93,2.99,85380
2016-11-08,2.98,3.1,2.92,3.07,123588
2016-11-09,2.62,2.96,2.62,2.87,348221
2016-11-10,2.31,2.5,2.1,2.16,1355245
2016-11-11,2.16,2.48,2.16,2.39,248117
2016-11-14,2.41,2.43,2.25,2.27,135882
2016-11-15,2.34,2.35,2.27,2.31,100522
2016-11-16,2.34,2.41,2.29,2.38,113736
2016-11-17,2.35,2.45,2.35,2.39,121150
2016-11-18,2.4,2.42,2.35,2.39,88601
2016-11-21,2.4,2.41,2.26,2.38,152657
2016-11-22,2.35,2.36,2.26,2.32,133811
2016-11-23,2.25,2.35,2.25,2.31,70127
2016-11-25,2.31,2.33,2.26,2.33,20719
2016-11-28,2.32,2.33,2.24,2.32,85917
2016-11-29,2.3,2.3,2.25,2.26,67293
2016-11-30,2.26,2.26,2.23,2.24,84016
2016-12-01,2.24,2.24,2.16,2.17,200933
2016-12-02,2.17,2.2,2.16,2.17,82836
2016-12-05,2.19,2.26,2.19,2.25,122003
2016-12-06,2.23,2.34,2.2,2.32,108936
2016-12-07,2.3,2.35,2.25,2.27,84502
2016-12-08,2.27,2.27,2.2,2.23,117350
2016-12-09,2.27,2.29,2.23,2.25,67583
2016-12-12,2.23,2.24,2.18,2.19,53348
2016-12-13,2.21,2.22,2.15,2.18,150158
2016-12-14,2.15,2.2,2.09,2.09,65770
2016-12-15,2.07,2.14,2.02,2.04,100737
2016-12-16,2.04,2.05,1.97,1.98,210290
2016-12-19,1.97,1.98,1.89,1.96,251411
2016-12-20,1.98,2.15,1.96,2.06,106151
2016-12-21,2.06,2.08,2.01,2.01,56454
2016-12-22,2.02,2.03,1.99,2.02,70403
2016-12-23,2.05,2.09,2.02,2.07,70841
2016-12-27,2.08,2.09,2.04,2.05,59269
2016-12-28,2.05,2.08,2.0,2.03,38540
2016-12-29,2.05,2.07,2.0,2.01,98437
2016-12-30,2.03,2.03,1.98,2.0,88728
2017-01-03,2.02,2.04,1.98,1.98,80060
2017-01-04,2.03,2.05,1.96,2.01,82156
2017-01-05,2.02,2.06,2.0,2.04,93327
2017-01-06,2.07,2.07,2.04,2.06,50424
2017-01-09,2.08,2.08,2.0,2.05,48739
2017-01-10,2.06,2.19,2.04,2.15,125066
2017-01-11,2.16,2.2,2.16,2.18,55904
2017-01-12,2.2,2.25,2.17,2.23,94118
2017-01-13,2.23,2.23,2.18,2.2,45083
2017-01-17,2.17,2.23,2.12,2.18,137177
2017-01-18,2.18,2.2,2.15,2.18,81889
2017-01-19,2.16,2.23,2.12,2.13,80028
2017-01-20,2.16,2.22,2.16,2.22,104051
2017-01-23,2.21,2.21,2.15,2.16,51722
2017-01-24,2.17,2.18,2.15,2.16,21283
2017-01-25,2.16,2.2,2.11,2.11,100963
2017-01-26,2.08,2.12,2.07,2.08,38008
2017-01-27,2.09,2.09,2.05,2.09,53090
2017-01-30,2.07,2.09,2.05,2.06,42804
2017-01-31,2.06,2.07,1.95,1.98,153048
2017-02-01,2.03,2.09,1.98,2.03,84740
2017-02-02,2.11,2.28,2.01,2.12,490090
2017-02-03,2.12,2.18,2.1,2.17,70333
2017-02-06,2.2,2.23,2.1,2.11,62410
2017-02-07,2.14,2.14,2.1,2.11,36706
2017-02-08,2.1,2.11,2.06,2.06,46430
2017-02-09,2.09,2.1,2.07,2.07,18538
2017-02-10,2.09,2.12,2.07,2.08,43884
2017-02-13,2.12,2.12,2.08,2.1,53172
2017-02-14,2.1,2.16,2.1,2.16,54532
2017-02-15,2.18,2.2,2.11,2.15,99423
2017-02-16,2.15,2.19,2.11,2.12,43662
2017-02-17,2.11,2.19,2.1,2.15,50308
2017-02-21,2.15,2.2,2.11,2.18,88680
2017-02-22,2.15,2.19,2.1,2.13,82568
2017-02-23,2.13,2.13,2.04,2.05,141228
2017-02-24,2.02,2.08,2.02,2.04,106366
2017-02-27,2.02,2.09,2.02,2.03,88480
2017-02-28,2.03,2.05,1.93,1.97,145414
2017-03-01,1.99,1.99,1.94,1.94,160964
2017-03-02,1.92,2.0,1.74,1.93,387175
2017-03-03,1.93,1.93,1.82,1.9,129097
2017-03-06,1.89,1.89,1.72,1.74,273730
2017-03-07,1.74,1.78,1.7,1.7,125814
2017-03-08,1.7,1.76,1.7,1.74,90573
2017-03-09,1.75,1.78,1.72,1.75,41086
2017-03-10,1.73,1.77,1.7,1.7,87085
2017-03-13,1.5,1.55,1.42,1.53,755660
2017-03-14,1.46,1.5,1.45,1.5,122307
2017-03-15,1.5,1.52,1.49,1.51,129817
2017-03-16,1.52,1.52,1.47,1.47,99825
2017-03-17,1.48,1.48,1.34,1.35,381840
2017-03-20,1.35,1.46,1.33,1.43,243533
2017-03-21,1.45,1.45,1.33,1.34,156070
2017-03-22,1.35,1.39,1.3,1.32,78273
2017-03-23,1.33,1.37,1.31,1.35,44715
2017-03-24,1.34,1.41,1.34,1.34,86978
2017-03-27,1.35,1.47,1.35,1.4,78412
2017-03-28,1.41,1.43,1.37,1.38,36998
2017-03-29,1.5,1.53,1.44,1.5,222889
2017-03-30,1.53,1.56,1.5,1.51,114335
2017-03-31,1.52,1.55,1.51,1.52,52397
2017-04-03,1.53,1.6,1.5,1.5,133664
2017-04-04,1.49,1.6,1.48,1.53,157621
2017-04-05,1.55,1.57,1.49,1.49,73914
2017-04-06,1.48,1.54,1.48,1.53,33962
2017-04-07,1.52,1.57,1.47,1.54,235415
2017-04-10,1.55,1.59,1.54,1.58,61688
2017-04-11,1.55,1.6,1.55,1.57,86348
2017-04-12,1.57,1.59,1.52,1.54,110371
2017-04-13,1.51,1.53,1.45,1.45,102272
2017-04-17,1.46,1.5,1.45,1.46,56752
2017-04-18,1.46,1.52,1.43,1.46,74001
2017-04-19,1.45,1.5,1.43,1.44,45443
2017-04-20,1.46,1.48,1.45,1.46,27694
2017-04-21,1.48,1.49,1.45,1.47,33071
2017-04-24,1.47,1.55,1.43,1.43,94060
2017-04-25,1.45,1.48,1.44,1.44,32184
2017-04-26,1.43,1.46,1.43,1.44,34153
2017-04-27,1.45,1.45,1.42,1.44,76310
2017-04-28,1.44,1.44,1.39,1.4,81885
2017-05-01,1.38,1.4,1.29,1.35,126746
2017-05-02,1.33,1.39,1.31,1.37,121003
2017-05-03,1.35,1.37,1.32,1.35,23698
2017-05-04,1.33,1.33,1.31,1.31,71313
2017-05-05,1.31,1.39,1.29,1.39,162961
2017-05-08,1.39,1.39,1.35,1.39,19754
2017-05-09,1.38,1.39,1.32,1.35,32808
2017-05-10,1.35,1.39,1.35,1.38,88530
2017-05-11,1.38,1.43,1.28,1.39,200858
2017-05-12,1.42,1.49,1.39,1.49,133309
2017-05-15,1.48,1.59,1.48,1.58,150109
2017-05-16,1.54,1.58,1.5,1.5,113651
2017-05-17,1.53,1.54,1.5,1.5,62101
2017-05-18,1.5,1.5,1.42,1.43,120977
2017-05-19,1.46,1.49,1.43,1.49,131418
2017-05-22,1.5,1.59,1.5,1.59,127859
2017-05-23,1.58,1.59,1.52,1.54,34616
2017-05-24,1.53,1.59,1.5,1.54,54301
2017-05-25,1.55,1.6,1.53,1.54,148700
2017-05-26,1.55,1.61,1.53,1.59,39888
2017-05-30,1.59,1.64,1.56,1.62,124808
2017-05-31,1.65,1.69,1.62,1.67,145971
2017-06-01,1.64,1.65,1.6,1.62,45558
2017-06-02,1.63,1.65,1.63,1.64,37370
2017-06-05,1.63,1.68,1.63,1.66,115772
2017-06-06,1.67,1.68,1.64,1.66,46586
2017-06-07,1.67,1.7,1.64,1.68,89564
2017-06-08,1.69,1.74,1.66,1.73,125762
2017-06-09,1.71,1.76,1.63,1.66,115487
2017-06-12,1.65,1.68,1.64,1.66,39815
2017-06-13,1.65,1.66,1.61,1.62,18537
2017-06-14,1.6,1.61,1.53,1.56,66051
2017-06-15,1.54,1.57,1.52,1.53,110439
2017-06-16,1.55,1.59,1.54,1.55,45177
2017-06-19,1.58,1.6,1.57,1.59,50442
2017-06-20,1.58,1.6,1.52,1.53,33389
2017-06-21,1.53,1.57,1.53,1.56,76395
2017-06-22,1.55,1.8,1.54,1.77,315905
2017-06-23,1.76,1.97,1.71,1.91,369778
2017-06-26,1.9,2.0,1.85,1.94,228550
2017-06-27,1.92,1.94,1.84,1.84,140682
2017-06-28,1.88,1.88,1.8,1.82,75871
2017-06-29,1.82,1.87,1.75,1.81,214854
2017-06-30,1.8,1.82,1.71,1.75,71545
2017-07-03,1.75,1.79,1.75,1.75,56671
2017-07-05,1.75,1.76,1.73,1.76,56350
2017-07-06,1.73,1.78,1.68,1.71,104849
2017-07-07,1.73,1.74,1.66,1.74,52653
2017-07-10,1.76,1.76,1.67,1.7,40452
2017-07-11,1.7,1.84,1.67,1.78,172598
2017-07-12,1.77,1.93,1.76,1.89,274325
2017-07-13,1.89,1.89,1.8,1.82,76037
2017-07-14,1.87,1.97,1.8,1.91,374784
2017-07-17,1.9,1.9,1.83,1.89,85281
2017-07-18,1.86,1.92,1.8,1.87,133651
2017-07-19,1.9,2.04,1.87,1.96,440017
2017-07-20,2.0,2.05,1.96,2.02,173852
2017-07-21,2.02,2.13,1.96,2.06,288828
2017-07-24,2.05,2.1,2.0,2.02,116115
2017-07-25,2.01,2.14,2.0,2.02,125108
2017-07-26,2.03,2.1,2.01,2.05,62906
2017-07-27,2.08,2.1,1.91,1.93,173268
2017-07-28,1.95,2.0,1.93,1.94,52310
2017-07-31,1.93,1.98,1.91,1.92,45276
2017-08-01,1.94,1.97,1.92,1.93,51024
