Date,Open,High,Low,Close,Volume
2012-05-10,,10.0,9.5,9.8,6900
2012-05-11,9.7,9.7,9.7,9.7,250
2012-05-14,9.8,9.8,9.8,9.8,100
2012-05-15,9.75,9.75,9.75,9.75,250
2012-05-16,,,,9.8,0
2012-05-17,9.6,9.6,9.6,9.6,830
2012-05-18,,,,9.8,0
2012-05-21,,,,9.8,0
2012-05-22,9.69,9.69,9.69,9.69,1500
2012-05-23,9.77,9.77,9.6,9.6,153600
2012-05-24,9.6,9.6,9.6,9.6,37000
2012-05-25,9.6,9.6,9.6,9.6,61700
2012-05-29,,,,9.6,0
2012-05-30,,,,9.6,0
2012-05-31,9.59,9.61,9.56,9.61,400
2012-06-01,,,,9.61,0
2012-06-04,,,,9.61,0
2012-06-05,,,,9.61,0
2012-06-06,9.55,9.7,9.55,9.7,1000
2012-06-07,,,,9.61,0
2012-06-08,9.55,9.55,9.55,9.55,500
2012-06-11,,,,9.61,0
2012-06-12,,,,9.61,0
2012-06-13,9.6,9.6,9.6,9.6,1000
2012-06-14,,,,9.61,0
2012-06-15,9.6,9.6,9.6,9.6,100
2012-06-18,,,,9.61,0
2012-06-19,,,,9.61,0
2012-06-20,,,,9.61,0
2012-06-21,,,,9.61,0
2012-06-22,,,,9.61,0
2012-06-25,,,,9.61,0
2012-06-26,,,,9.61,0
2012-06-27,,,,9.61,0
2012-06-28,,,,9.61,0
2012-06-29,,,,9.61,0
2012-07-02,,,,9.61,0
2012-07-03,,,,9.61,0
2012-07-05,,,,9.61,0
2012-07-06,,,,9.61,0
2012-07-09,,,,9.61,0
2012-07-10,,,,9.61,0
2012-07-11,,,,9.61,0
2012-07-12,,,,9.61,0
2012-07-13,,,,9.61,0
2012-07-16,,,,9.61,0
2012-07-17,,,,9.61,0
2012-07-18,,,,9.61,0
2012-07-19,,,,9.61,0
2012-07-20,,,,9.61,0
2012-07-23,,,,9.61,0
2012-07-24,,,,9.61,0
2012-07-25,,,,9.61,0
2012-07-26,,,,9.61,0
2012-07-27,,,,9.61,0
2012-07-30,,,,9.61,0
2012-07-31,,,,9.61,0
2012-08-01,,,,9.61,0
2012-08-02,,,,9.61,0
2012-08-03,,,,9.61,0
2012-08-06,,,,9.61,0
2012-08-07,,,,9.61,0
2012-08-08,,,,9.61,0
2012-08-09,,,,9.61,0
2012-08-10,,,,9.61,0
2012-08-13,,,,9.61,0
2012-08-14,,,,9.61,0
2012-08-15,,,,9.61,0
2012-08-16,,,,9.61,0
2012-08-17,,,,9.61,0
2012-08-20,,,,9.61,0
2012-08-21,,,,9.61,0
2012-08-22,,,,9.61,0
2012-08-23,,,,9.61,0
2012-08-24,,,,9.61,0
2012-08-27,,,,9.61,0
2012-08-28,,,,9.61,0
2012-08-29,,,,9.61,0
2012-08-30,,,,9.61,0
2012-08-31,,,,9.61,0
2012-09-04,9.6,9.6,9.6,9.6,100
2012-09-05,,,,9.6,0
2012-09-06,,,,9.6,0
2012-09-07,9.66,9.85,9.61,9.68,33200
2012-09-10,,,,9.61,0
2012-09-11,,,,9.61,0
2012-09-12,,,,9.61,0
2012-09-13,9.8,9.8,9.72,9.72,200
2012-09-14,,,,9.61,0
2012-09-17,,,,9.61,0
2012-09-18,,,,9.61,0
2012-09-19,,,,9.61,0
2012-09-20,,,,9.61,0
2012-09-21,,,,9.61,0
2012-09-24,9.8,9.8,9.8,9.8,1250
2012-09-25,,,,9.61,0
2012-09-26,,,,9.61,0
2012-09-27,,,,9.61,0
2012-09-28,,,,9.61,0
2012-10-01,,,,9.61,0
2012-10-02,,,,9.61,0
2012-10-03,,,,9.61,0
2012-10-04,,,,9.61,0
2012-10-05,,,,9.61,0
2012-10-08,9.8,9.8,9.8,9.8,100
2012-10-09,,,,9.8,0
2012-10-10,9.85,9.85,9.85,9.85,100
2012-10-11,9.85,9.85,9.85,9.85,900
2012-10-12,,,,9.8,0
2012-10-15,9.86,9.86,9.81,9.81,400
2012-10-16,,,,9.85,0
2012-10-17,,,,9.85,0
2012-10-18,9.8,9.8,9.8,9.8,1000
2012-10-19,,,,9.8,0
2012-10-22,,,,9.8,0
2012-10-23,,,,9.8,0
2012-10-24,,,,9.8,0
2012-10-25,,,,9.8,0
2012-10-26,9.81,9.81,9.81,9.81,100
2012-10-31,,,,9.81,0
2012-11-01,,,,9.81,0
2012-11-02,12.66,12.66,9.9,9.9,1100
2012-11-05,9.9,9.9,9.9,9.9,100
2012-11-06,,,,9.9,0
2012-11-07,,,,9.9,0
2012-11-08,,,,9.9,0
2012-11-09,,,,9.9,0
2012-11-12,9.85,9.85,9.84,9.84,1810
2012-11-13,,,,9.84,0
2012-11-14,,,,9.84,0
2012-11-15,,,,9.84,0
2012-11-16,,,,9.84,0
2012-11-19,,,,9.84,0
2012-11-20,,,,9.84,0
2012-11-21,,,,9.84,0
2012-11-30,9.85,9.85,9.85,9.85,40000
2012-12-03,9.85,9.85,9.85,9.85,158930
2012-12-10,9.85,9.85,9.85,9.85,18900
2012-12-11,9.84,9.84,9.84,9.84,1000
2012-12-12,9.84,9.85,9.81,9.84,50690
2012-12-14,9.8,9.94,9.8,9.94,300
2012-12-19,9.84,9.94,9.84,9.94,200
2012-12-21,9.94,9.94,9.94,9.94,100
2012-12-31,9.9,9.94,9.88,9.88,13170
2013-01-02,9.88,9.95,9.87,9.87,3200
2013-01-22,9.95,9.95,9.95,9.95,200
2013-01-25,9.95,9.95,9.95,9.95,200
2013-02-25,9.92,10.0,9.9,10.0,12200
2013-02-26,9.9,9.9,9.9,9.9,100
2013-03-11,9.99,9.99,9.99,9.99,100
2013-03-25,9.9,9.99,9.9,9.99,200
2013-04-10,9.99,9.99,9.99,9.99,100
2013-04-19,10.0,10.0,9.9,10.0,400
2013-04-30,9.92,9.92,9.92,9.92,100
2013-05-01,9.99,9.99,9.99,9.99,1000
2013-05-10,9.95,9.95,9.94,9.94,30000
2013-05-13,9.94,9.94,9.92,9.92,15540
2013-05-24,9.92,9.99,9.92,9.99,600
2013-05-29,9.99,9.99,9.98,9.98,200
2013-06-03,9.99,9.99,9.99,9.99,300
2013-06-04,9.99,9.99,9.99,9.99,200
2013-06-14,9.93,9.93,9.93,9.93,100
2013-07-15,9.94,10.04,9.94,10.04,2850
2013-07-23,10.0,10.0,10.0,10.0,9900
2013-07-24,10.05,10.05,10.05,10.05,2000
2013-07-26,10.05,10.05,10.05,10.05,300
2013-07-31,10.05,10.05,10.05,10.05,100
2013-08-01,10.05,10.05,10.05,10.05,200
2013-08-13,10.0,10.04,10.0,10.04,2100
2013-08-14,10.05,10.05,10.05,10.05,400
2013-08-16,10.05,10.05,10.05,10.05,1000
2013-08-19,10.13,10.14,10.08,10.08,5300
2013-08-20,10.1,10.1,10.0,10.08,7080
2013-09-16,10.02,10.03,10.02,10.03,1100
2013-09-17,10.03,10.03,10.03,10.03,3630
2013-09-25,10.1,10.23,10.06,10.18,103830
2013-09-26,10.18,10.18,10.1,10.17,6900
2013-09-27,10.18,10.18,10.03,10.06,53550
2013-09-30,10.02,10.07,10.02,10.07,200
2013-10-01,9.72,10.18,9.72,10.15,26100
2013-10-02,9.89,10.18,9.89,10.15,10300
2013-10-03,10.08,10.18,10.08,10.15,13000
2013-10-04,10.09,10.15,10.09,10.15,1800
2013-10-07,10.15,10.18,10.15,10.17,20100
2013-10-08,10.17,10.18,10.15,10.16,30101
2013-10-09,10.16,10.16,10.15,10.15,11000
2013-10-10,10.18,10.18,10.18,10.18,400
2013-10-11,10.18,10.18,10.15,10.15,3100
2013-10-14,10.15,10.15,10.15,10.15,6400
2013-10-15,10.15,10.16,10.14,10.15,4200
2013-10-16,10.15,10.15,10.15,10.15,2500
2013-10-18,10.18,10.18,10.15,10.16,16600
2013-10-21,10.16,10.16,10.16,10.16,400
2013-10-23,10.16,10.16,10.16,10.16,1300
2013-10-24,10.16,10.16,10.16,10.16,1100
2013-10-28,10.16,10.16,10.16,10.16,3400
2013-10-31,10.18,10.18,9.6,10.14,1800
2013-11-01,10.1,10.17,10.1,10.16,35600
2013-11-04,10.16,10.18,10.16,10.18,100100
2013-11-05,10.07,10.17,10.07,10.17,1300
2013-11-08,10.17,10.17,10.17,10.17,1550
2013-11-11,10.17,10.17,10.17,10.17,1800
2013-11-12,10.16,10.16,10.16,10.16,101
2013-11-13,10.16,10.16,10.16,10.16,2100
2013-11-14,10.16,10.16,10.16,10.16,200
2013-11-18,10.17,10.17,10.17,10.17,45700
2013-11-20,10.17,10.18,10.17,10.17,21852
2013-11-21,10.17,10.18,10.17,10.17,15150
2013-11-22,10.17,10.17,10.17,10.17,100
2013-11-25,10.18,10.18,10.1,10.1,4700
2013-11-29,10.17,10.17,10.17,10.17,2600
2013-12-02,10.17,10.17,10.17,10.17,14650
2013-12-03,10.17,10.17,10.17,10.17,1952
2013-12-04,10.16,10.16,10.11,10.11,3390
2013-12-05,10.17,10.17,10.17,10.17,900
2013-12-06,10.17,10.17,10.16,10.16,8900
2013-12-10,10.18,10.18,10.11,10.11,2840
2013-12-11,10.18,10.18,10.17,10.18,6626
2013-12-12,10.18,10.18,10.18,10.18,4255
2013-12-13,10.0,10.0,10.0,10.0,1900
2013-12-16,10.13,10.17,9.31,9.31,2900
2013-12-17,10.18,10.23,10.08,10.19,79220
2013-12-18,10.18,10.19,10.18,10.19,4500
2013-12-19,10.01,10.4,10.01,10.26,42520
2013-12-20,10.32,10.32,10.18,10.18,993632
2013-12-23,10.1,10.1,9.04,9.43,5946
2013-12-26,8.75,8.75,8.75,8.75,258
2013-12-27,8.75,9.53,8.15,9.5,10141
2013-12-30,9.03,9.03,8.85,8.85,1697
2013-12-31,8.74,8.85,8.55,8.55,1095
2014-01-02,8.52,8.6,8.5,8.6,8177
2014-01-03,8.59,8.7,8.59,8.6,5952
2014-01-06,8.64,9.42,8.64,9.42,10308
2014-01-07,9.37,9.46,9.31,9.31,4498
2014-01-08,9.25,9.95,9.05,9.95,6220
2014-01-09,10.0,10.03,8.55,9.1,21098
2014-01-10,9.06,9.3,8.72,9.0,3634
2014-01-13,9.05,9.05,8.65,8.65,9213
2014-01-14,8.99,8.99,8.8,8.8,5970
2014-01-15,8.95,9.25,8.85,9.2,14519
2014-01-16,8.86,9.38,8.86,9.0,983
2014-01-17,8.91,8.94,8.9,8.94,1279
2014-01-21,9.0,9.27,9.0,9.27,4630
2014-01-22,9.3,10.01,9.1,9.99,15188
2014-01-23,10.24,10.24,9.5,10.0,21377
2014-01-24,10.03,10.03,9.64,10.0,7685
2014-01-27,10.0,10.0,9.66,9.95,3460
2014-01-28,9.91,9.95,9.5,9.95,1400
2014-01-29,9.51,10.51,9.51,10.0,4950
2014-01-30,10.0,10.1,9.97,9.99,4108
2014-01-31,10.05,10.05,9.93,9.93,13052
2014-02-04,9.93,10.0,9.5,9.75,8858
2014-02-05,9.74,9.99,9.74,9.92,18263
2014-02-07,9.4,9.95,9.4,9.8,1549
2014-02-11,9.9,10.03,9.9,9.92,1605
2014-02-13,10.0,10.05,10.0,10.0,25086
2014-02-19,10.14,10.14,9.5,10.0,2437
2014-02-24,10.0,10.26,10.0,10.26,32586
2014-02-25,10.0,11.15,10.0,10.05,4551
2014-02-26,11.0,11.1,10.0,10.05,730
2014-02-27,10.45,10.45,10.28,10.28,219
2014-02-28,10.2,10.29,10.2,10.2,1235
2014-03-03,10.26,10.35,10.02,10.02,8714
2014-03-04,10.28,10.74,10.12,10.42,13784
2014-03-05,10.2,10.96,10.11,10.45,26865
2014-03-06,10.5,10.92,10.2,10.37,18447
2014-03-07,10.2,10.9,10.2,10.4,18713
2014-03-10,10.21,10.25,10.2,10.2,4100
2014-03-11,10.6,10.6,10.2,10.24,7149
2014-03-12,10.6,10.6,10.2,10.23,5453
2014-03-13,10.23,10.23,10.2,10.2,1450
2014-03-14,10.75,10.75,10.21,10.21,300
2014-03-17,10.37,10.41,10.21,10.4,4394
2014-03-18,10.23,10.6,10.01,10.41,29863
2014-03-19,10.39,10.7,10.13,10.7,11840
2014-03-20,10.4,10.62,10.3,10.62,2000
2014-03-21,10.55,10.55,10.55,10.55,114
2014-03-24,10.56,10.56,10.55,10.55,400
2014-03-25,10.61,10.61,10.55,10.55,200
2014-04-01,10.55,10.95,10.55,10.95,244
2014-04-02,10.74,10.74,10.74,10.74,100
2014-04-03,10.8,10.8,10.8,10.8,100
2014-04-04,10.8,10.8,10.8,10.8,100
2014-04-07,10.8,10.8,10.8,10.8,140
2014-04-15,10.79,10.79,10.79,10.79,965
2014-04-17,10.78,10.9,10.78,10.8,5100
2014-04-21,10.78,10.85,10.43,10.8,13720
2014-04-23,10.25,10.45,10.21,10.38,2426
2014-04-24,10.7,10.75,10.35,10.75,5930
2014-04-25,10.39,10.57,10.36,10.54,1640
2014-04-28,10.68,10.68,10.68,10.68,209
2014-04-29,10.64,10.64,10.64,10.64,155
2014-04-30,10.36,10.36,10.36,10.36,200
2014-05-01,10.37,10.37,10.35,10.35,599
2014-05-02,10.32,10.33,10.26,10.33,1600
2014-05-05,10.33,10.38,10.33,10.33,3317
2014-05-06,10.4,10.4,10.2,10.2,2569
2014-05-07,10.34,10.69,10.33,10.33,6800
2014-05-08,10.33,10.33,10.33,10.33,274
2014-05-09,10.45,10.65,10.33,10.44,14000
2014-05-12,10.42,10.46,10.42,10.46,5700
2014-05-13,10.6,10.7,10.33,10.33,2383
2014-05-14,10.46,10.46,10.46,10.46,2021
2014-05-15,10.46,10.56,10.46,10.56,42250
2014-05-16,10.55,10.7,10.55,10.7,4450
2014-05-19,10.7,10.8,10.52,10.75,4330
2014-05-20,10.65,10.74,10.65,10.74,200
2014-05-21,10.5,10.5,10.5,10.5,762
2014-05-27,11.25,11.25,10.55,10.55,1100
2014-05-28,10.8,11.25,10.8,11.0,32924
2014-05-29,11.0,11.0,10.85,10.85,21690
2014-05-30,10.86,10.9,10.8,10.8,30350
2014-06-02,10.2,10.26,10.2,10.26,445
2014-06-03,10.9,11.75,10.86,10.86,12828
2014-06-04,11.0,11.0,10.5,11.0,7351
2014-06-05,11.0,11.25,11.0,11.0,7221
2014-06-06,11.0,11.1,11.0,11.0,434
2014-06-09,11.6,11.6,11.1,11.6,9555
2014-06-10,11.69,11.7,11.61,11.62,11704
2014-06-11,11.4,11.6,11.4,11.55,3500
2014-06-12,11.59,12.27,11.59,12.04,34696
2014-06-13,12.9,12.9,12.0,12.08,6830
2014-06-16,12.02,12.95,12.0,12.77,17031
2014-06-17,12.69,12.9,12.69,12.89,73745
2014-06-18,12.8,13.5,12.8,12.99,27185
2014-06-19,15.0,15.0,12.0,12.47,16870
2014-06-20,12.67,12.67,11.5,11.5,29244
2014-06-23,11.99,12.6,11.55,12.4,9800
2014-06-24,11.92,12.52,11.92,12.35,1535
2014-06-25,12.39,12.45,12.0,12.25,6990
2014-06-26,12.28,12.4,12.07,12.07,6251
2014-06-27,12.74,12.74,12.05,12.05,3421
2014-06-30,12.39,12.39,12.07,12.08,1601
2014-07-01,12.25,12.29,12.05,12.29,3266
2014-07-02,12.17,12.2,11.51,11.51,2404
2014-07-03,11.55,12.25,11.55,12.22,11262
2014-07-07,12.25,12.25,12.0,12.12,500
2014-07-08,11.99,11.99,11.31,11.35,6800
2014-07-09,11.61,11.69,11.3,11.3,4700
2014-07-10,11.3,11.3,11.3,11.3,1080
2014-07-11,11.3,11.4,11.2,11.2,1800
2014-07-14,11.22,11.61,11.01,11.15,2555
2014-07-17,11.18,11.18,11.15,11.15,1350
2014-07-21,11.2,11.37,11.2,11.37,466
2014-07-23,11.06,11.06,11.06,11.06,100
2014-07-24,11.94,11.94,11.25,11.5,2000
2014-07-25,11.58,11.58,11.2,11.2,1000
2014-07-28,11.55,11.95,11.55,11.6,5700
2014-07-29,12.12,12.12,11.22,11.62,11241
2014-07-30,11.37,11.37,11.11,11.11,600
2014-07-31,11.16,11.26,10.7,10.7,3891
2014-08-01,10.77,11.24,10.77,11.24,1640
2014-08-05,11.0,11.06,10.82,11.0,3900
2014-08-07,11.0,11.25,11.0,11.25,470
2014-08-08,10.81,11.24,10.81,11.1,10300
2014-08-11,11.47,11.47,10.95,10.95,3654
2014-08-12,11.49,11.5,10.9,10.92,15023
2014-08-13,11.39,11.39,11.0,11.06,1456
2014-08-14,10.91,11.11,10.91,10.99,3400
2014-08-15,10.95,10.95,10.95,10.95,100
2014-08-18,11.45,11.93,11.1,11.15,1950
2014-08-19,10.95,11.2,10.9,11.03,2900
2014-08-20,11.5,11.5,11.08,11.08,2664
2014-08-21,10.94,11.2,10.94,11.2,1800
2014-08-22,11.26,11.5,11.2,11.5,4647
2014-08-25,11.5,11.5,11.01,11.35,3407
2014-08-26,11.24,11.35,11.24,11.31,2135
2014-08-28,11.17,11.38,11.17,11.3,5100
2014-08-29,11.18,11.22,11.18,11.22,400
2014-09-02,11.22,11.3,11.18,11.3,420
2014-09-03,11.17,11.17,11.17,11.17,100
2014-09-04,11.17,11.17,11.17,11.17,446
2014-09-05,11.33,11.33,11.1,11.15,600
2014-09-08,11.08,11.08,10.94,10.98,956
2014-09-09,11.34,11.34,10.94,10.94,1313
2014-09-10,10.94,11.01,10.9,10.91,1830
2014-09-11,11.09,11.24,10.99,11.23,20955
2014-09-16,11.0,11.18,10.98,11.09,1746
2014-09-17,11.18,11.25,11.15,11.25,3773
2014-09-18,11.11,11.22,10.93,11.22,1236
2014-09-19,11.01,11.25,11.0,11.25,4237
2014-09-22,11.1,11.16,11.1,11.16,997
2014-09-23,11.25,11.25,10.9,11.06,6819
2014-09-24,11.39,11.52,11.01,11.01,8050
2014-09-25,11.5,11.5,11.04,11.25,1740
2014-09-26,11.0,11.02,10.96,10.96,1264
2014-09-29,10.96,10.97,10.95,10.95,300
2014-10-01,10.96,11.23,10.95,11.22,4242
2014-10-03,11.29,12.0,10.95,11.0,20791
2014-10-07,11.68,11.7,11.0,11.0,1254
2014-10-08,10.96,10.96,10.96,10.96,150
2014-10-09,10.95,10.97,10.95,10.97,516
2014-10-10,11.0,11.07,11.0,11.06,795
2014-10-13,10.95,10.95,10.95,10.95,100
2014-10-14,11.05,11.34,10.45,10.57,12342
2014-10-15,10.05,10.55,10.05,10.4,770
2014-10-16,10.38,10.42,10.38,10.4,540
2014-10-17,10.05,10.97,10.05,10.45,2025
2014-10-20,10.37,10.37,10.37,10.37,100
2014-10-21,10.57,10.6,10.5,10.5,3118
2014-10-22,10.31,10.31,10.31,10.31,100
2014-10-23,10.29,10.5,10.29,10.5,315
2014-10-24,10.38,10.38,10.38,10.38,400
2014-10-27,10.6,10.6,10.6,10.6,600
2014-10-28,10.6,10.6,10.42,10.42,1300
2014-10-29,10.33,10.33,10.33,10.33,100
2014-10-30,10.33,10.48,10.33,10.33,1850
2014-10-31,10.08,10.4,10.08,10.4,1720
2014-11-04,10.29,10.31,10.28,10.31,684
2014-11-05,10.6,10.6,10.39,10.39,3350
2014-11-06,10.37,10.37,10.37,10.37,100
2014-11-07,10.39,10.39,10.38,10.38,500
2014-11-10,10.33,10.33,10.33,10.33,400
2014-11-11,10.48,10.48,10.04,10.1,2008
2014-11-12,10.05,10.05,10.05,10.05,300
2014-11-14,10.14,10.17,10.14,10.17,200
2014-11-17,10.49,10.5,10.05,10.05,2524
2014-11-18,10.39,10.4,10.26,10.26,1130
2014-11-19,10.05,10.05,10.05,10.05,100
2014-11-20,10.1,10.25,10.1,10.1,2600
2014-11-21,10.26,10.28,10.26,10.28,420
2014-11-24,10.1,10.6,10.1,10.6,6145
2014-11-25,10.09,10.09,10.09,10.09,100
2014-11-26,10.05,10.08,10.05,10.08,301
2014-11-28,10.05,10.65,10.05,10.65,560
2014-12-01,10.21,10.6,10.21,10.6,384
2014-12-02,10.35,10.36,10.15,10.15,3000
2014-12-04,10.18,10.18,10.18,10.18,100
2014-12-05,10.3,10.3,10.26,10.26,700
2014-12-08,10.3,10.4,10.3,10.3,1509
2014-12-09,10.35,10.4,10.17,10.17,1044
2014-12-10,10.2,10.35,10.2,10.23,1300
2014-12-11,10.15,10.15,10.15,10.15,100
2014-12-12,10.2,10.21,10.08,10.16,1447
2014-12-15,10.11,10.24,10.05,10.1,6101
2014-12-16,10.23,10.23,10.1,10.13,1351
2014-12-17,10.12,10.12,10.12,10.12,303
2014-12-18,10.08,10.25,10.08,10.25,304
2014-12-22,10.35,10.4,10.26,10.31,2515
2014-12-23,10.35,10.35,10.27,10.27,1001
2014-12-26,10.34,10.35,10.25,10.25,2400
2014-12-29,10.27,10.27,10.27,10.27,190
2014-12-31,10.25,10.26,9.8,10.15,23483
2015-01-02,9.62,10.1,9.62,9.94,2012
2015-01-05,10.0,10.0,9.62,9.91,3037
2015-01-07,10.3,10.49,10.09,10.09,3400
2015-01-08,10.25,10.25,9.84,9.84,2629
2015-01-09,10.16,10.17,9.8,9.8,1800
2015-01-14,9.75,10.24,9.75,9.85,8602
2015-01-15,9.93,9.93,9.82,9.85,900
2015-01-16,10.04,10.04,10.04,10.04,199
2015-01-21,10.06,10.06,10.06,10.06,550
2015-01-22,10.73,10.73,9.86,10.1,21690
2015-01-23,10.3,10.3,9.85,10.0,12600
2015-01-26,10.1,10.1,10.0,10.08,383
2015-01-27,10.24,10.24,10.11,10.12,2000
2015-01-28,10.3,10.3,9.92,9.92,1045
2015-01-29,10.22,10.22,9.9,9.9,400
2015-01-30,9.81,9.9,9.81,9.83,635
2015-02-02,9.87,9.88,9.87,9.88,310
2015-02-03,9.81,10.2,9.8,9.98,3137
2015-02-04,10.4,10.4,9.83,10.04,2000
2015-02-05,10.13,10.13,10.13,10.13,140
2015-02-06,10.1,10.1,10.1,10.1,187
2015-02-09,10.1,10.45,10.02,10.02,2405
2015-02-10,10.01,10.01,9.26,9.72,14763
2015-02-11,9.78,9.82,9.75,9.82,2300
2015-02-12,9.8,9.8,9.8,9.8,300
2015-02-13,10.0,10.0,9.89,9.89,710
2015-02-18,9.65,9.7,9.6,9.7,1500
2015-02-19,9.72,9.8,9.66,9.8,4199
2015-02-20,9.96,9.96,9.79,9.84,800
2015-02-23,9.66,9.85,9.66,9.85,2800
2015-02-24,9.67,10.2,9.62,10.0,900
2015-02-25,10.14,10.14,9.9,9.95,300
2015-02-26,10.12,10.16,9.78,9.9,3206
2015-02-27,10.02,10.05,10.02,10.05,806
2015-03-02,9.86,9.98,9.86,9.94,854
2015-03-04,10.02,10.02,10.02,10.02,100
2015-03-05,10.21,10.21,9.93,9.93,1600
2015-03-06,10.02,10.02,9.8,9.95,1043
2015-03-09,9.94,10.0,9.9,9.9,900
2015-03-10,9.88,9.9,9.82,9.82,2800
2015-03-11,9.86,10.0,9.86,9.87,11010
2015-03-12,9.85,9.85,9.85,9.85,150
2015-03-13,9.95,9.96,9.94,9.96,700
2015-03-16,10.0,10.0,9.99,9.99,2908
2015-03-17,9.8,9.97,9.76,9.96,11318
2015-03-19,9.96,10.0,9.8,9.82,4282
2015-03-20,9.8,9.9,9.78,9.9,3001
2015-03-23,9.95,10.0,9.92,9.92,2521
2015-03-24,9.9,9.91,9.68,9.68,13498
2015-03-25,9.5,9.61,9.49,9.6,930
2015-03-31,9.7,9.7,9.16,9.3,57496
2015-04-01,9.29,9.3,8.5,9.01,4846
2015-04-02,9.9,9.9,9.0,9.0,301
2015-04-06,9.1,9.1,8.6,8.8,11999
2015-04-07,9.11,9.35,9.11,9.25,2995
2015-04-08,9.18,9.18,9.18,9.18,315
2015-04-09,9.66,9.66,9.36,9.65,2390
2015-04-10,9.6,9.8,9.58,9.8,8320
2015-04-13,9.66,9.66,9.5,9.5,6470
2015-04-14,9.25,9.31,8.9,8.9,19550
2015-04-15,8.94,9.0,8.92,8.92,4114
2015-04-16,9.42,9.8,9.0,9.25,356091
2015-04-17,9.25,10.0,9.25,10.0,47968
2015-04-20,9.94,11.42,9.94,11.35,65270
2015-04-21,11.2,11.6,11.02,11.28,37721
2015-04-22,11.42,12.13,11.3,11.98,47295
2015-04-23,12.04,12.27,11.7,11.8,31542
2015-04-24,11.94,11.97,11.51,11.72,14550
2015-04-27,11.8,11.86,11.51,11.51,20463
2015-04-28,11.49,11.83,11.49,11.53,7211
2015-04-29,11.55,11.78,11.49,11.68,13150
2015-04-30,11.58,11.85,11.35,11.5,56990
2015-05-01,11.44,11.48,11.38,11.42,15465
2015-05-04,11.44,11.44,11.17,11.19,14026
2015-05-05,11.24,11.24,11.03,11.19,4559
2015-05-06,11.17,11.23,11.16,11.23,19210
2015-05-07,11.4,11.8,11.26,11.5,62324
2015-05-08,11.71,11.74,11.52,11.6,24563
2015-05-11,11.83,11.83,11.45,11.56,15051
2015-05-12,11.56,11.56,11.26,11.48,8607
2015-05-13,11.43,11.47,11.28,11.4,11668
2015-05-14,11.36,11.45,11.05,11.08,22817
2015-05-15,11.09,11.3,11.09,11.28,5492
2015-05-18,10.85,11.56,10.85,11.53,34550
2015-05-19,11.55,11.55,11.3,11.49,19076
2015-05-20,11.55,11.65,11.5,11.6,102168
2015-05-21,11.62,11.62,11.55,11.62,11625
2015-05-22,11.66,11.7,11.45,11.7,37837
2015-05-26,11.75,11.8,11.5,11.5,24933
2015-05-27,11.5,11.72,11.46,11.71,7513
2015-05-28,11.71,11.85,11.63,11.68,3082
2015-05-29,11.73,11.99,11.7,11.85,40265
2015-06-01,11.94,11.96,11.67,11.89,7483
2015-06-02,12.0,12.37,11.97,12.05,46326
2015-06-03,12.09,12.59,11.98,12.27,62573
2015-06-04,12.33,12.37,12.06,12.21,4068
2015-06-05,12.12,12.18,12.12,12.18,1472
2015-06-08,12.17,12.69,12.17,12.31,10248
2015-06-09,12.51,12.66,12.28,12.4,15858
2015-06-10,12.43,12.59,12.24,12.49,11768
2015-06-11,12.7,12.7,12.25,12.43,6032
2015-06-12,12.35,12.78,12.35,12.64,21395
2015-06-15,12.64,12.64,12.51,12.52,13168
2015-06-16,12.64,12.64,12.51,12.52,5452
2015-06-17,12.59,12.73,12.53,12.6,15583
2015-06-18,12.6,12.79,12.55,12.69,23613
2015-06-19,12.83,12.96,12.63,12.7,25159
2015-06-22,12.9,13.22,12.85,13.0,74104
2015-06-23,13.5,13.74,13.01,13.51,30316
2015-06-24,13.49,13.6,13.39,13.44,38824
2015-06-25,13.34,13.34,13.01,13.16,20561
2015-06-26,13.18,13.2,12.65,13.07,62321
2015-06-29,13.05,13.07,12.87,12.95,17443
2015-06-30,12.95,12.95,12.58,12.63,49057
2015-07-01,12.78,12.87,12.74,12.81,13658
2015-07-02,12.84,12.85,12.71,12.8,9576
2015-07-06,12.82,12.82,12.5,12.57,25958
2015-07-07,12.7,12.7,12.5,12.5,13180
2015-07-08,12.77,12.77,12.5,12.61,3549
2015-07-09,12.73,12.73,12.5,12.53,2869
2015-07-10,12.6,12.9,12.6,12.82,10160
2015-07-13,12.91,13.1,12.55,12.97,8260
2015-07-14,12.73,13.24,12.62,13.24,15464
2015-07-15,12.97,13.07,12.9,13.07,7715
2015-07-16,14.0,14.04,13.01,14.04,20645
2015-07-17,15.0,15.0,13.0,13.35,10516
2015-07-20,13.1,13.1,12.9,13.05,8715
2015-07-21,12.83,13.19,12.83,13.05,9937
2015-07-22,13.05,13.05,12.91,12.97,11697
2015-07-23,13.2,13.2,12.91,12.92,6042
2015-07-24,12.92,12.99,12.91,12.92,10426
2015-07-27,13.05,13.05,12.55,12.56,19323
2015-07-28,13.0,13.01,12.39,12.73,23866
2015-07-29,12.7,12.7,12.54,12.7,3200
2015-07-30,12.58,12.74,12.55,12.69,19922
2015-07-31,12.88,12.88,12.52,12.72,24788
2015-08-03,12.72,12.95,12.72,12.88,48360
2015-08-04,12.98,13.05,12.87,12.9,52043
2015-08-05,13.03,13.03,12.78,12.8,15769
2015-08-06,13.0,13.0,12.84,12.86,29214
2015-08-07,12.85,12.99,12.85,12.87,3422
2015-08-10,12.98,13.36,12.85,13.15,44908
2015-08-11,13.25,15.02,13.22,14.26,99710
2015-08-12,14.2,15.4,13.38,14.45,75974
2015-08-13,14.29,14.34,12.98,13.79,53791
2015-08-14,15.95,15.95,13.8,14.09,69039
2015-08-17,13.96,14.48,13.96,14.3,39266
2015-08-18,14.5,14.75,14.14,14.38,40262
2015-08-19,14.36,14.38,13.67,13.67,53195
2015-08-20,13.19,13.71,13.15,13.2,62371
2015-08-21,13.01,13.4,13.0,13.15,35385
2015-08-24,12.5,13.29,12.5,13.03,67062
2015-08-25,13.15,13.23,12.94,13.01,33036
2015-08-26,13.01,13.38,13.01,13.25,17708
2015-08-27,13.37,13.74,13.28,13.68,18806
2015-08-28,13.64,13.7,13.38,13.47,10229
2015-08-31,13.28,13.74,13.15,13.7,28862
2015-09-01,13.48,13.48,13.25,13.25,13793
2015-09-02,13.45,13.6,13.19,13.28,17691
2015-09-03,13.13,13.39,12.84,13.17,17497
2015-09-04,13.43,13.57,12.9,13.25,17917
2015-09-08,13.78,13.82,13.18,13.5,17846
2015-09-09,13.7,14.32,13.51,13.92,41214
2015-09-10,14.0,14.15,13.74,13.87,44234
2015-09-11,14.2,14.32,13.99,14.04,21340
2015-09-14,14.04,14.04,13.8,13.8,6084
2015-09-15,13.95,13.95,13.51,13.66,24715
2015-09-16,13.69,14.16,13.66,14.0,37607
2015-09-17,14.01,14.23,13.65,13.86,35982
2015-09-18,13.6,14.3,13.6,14.3,40972
2015-09-21,13.94,14.26,13.93,14.06,5825
2015-09-22,14.01,14.01,13.84,14.0,9179
2015-09-23,13.8,13.95,13.75,13.87,4318
2015-09-24,13.8,14.04,13.7,14.04,8987
2015-09-25,14.07,14.07,13.8,13.91,14798
2015-09-28,14.3,14.3,13.16,13.74,27491
2015-09-29,13.8,13.92,13.52,13.54,18140
2015-09-30,13.64,13.99,13.64,13.72,17599
2015-10-01,13.67,15.56,13.36,14.06,56353
2015-10-02,14.0,14.33,13.47,14.33,22244
2015-10-05,14.35,14.35,14.09,14.25,16156
2015-10-06,14.33,14.85,14.18,14.55,38555
2015-10-07,14.42,14.42,14.15,14.29,5864
2015-10-08,14.25,14.38,14.1,14.36,5038
2015-10-09,14.36,14.71,14.06,14.38,8120
2015-10-12,14.57,14.58,13.97,14.09,17002
2015-10-13,14.05,14.25,14.05,14.14,8552
2015-10-14,14.1,14.31,14.1,14.3,9000
2015-10-15,14.3,14.53,14.12,14.32,33445
2015-10-16,14.29,14.59,14.29,14.41,4584
2015-10-19,14.3,14.52,14.3,14.31,20159
2015-10-20,14.31,14.39,14.3,14.3,4831
2015-10-21,14.37,14.41,14.3,14.38,4937
2015-10-22,14.43,14.46,14.13,14.27,21787
2015-10-23,14.27,14.99,14.2,14.88,29422
2015-10-26,14.91,14.93,14.73,14.81,13163
2015-10-27,14.72,14.97,14.56,14.6,14933
2015-10-28,14.64,14.9,14.16,14.44,20393
2015-10-29,14.29,14.29,13.33,14.18,46458
2015-10-30,14.1,14.56,14.1,14.52,34413
2015-11-02,14.53,14.81,14.53,14.75,45888
2015-11-03,14.76,14.81,14.56,14.65,17675
2015-11-04,14.68,14.83,14.38,14.64,36055
2015-11-05,14.6,14.75,14.26,14.58,84998
2015-11-06,14.68,14.7,14.41,14.52,21871
2015-11-09,14.58,15.49,14.32,14.7,60595
2015-11-10,14.7,14.92,14.69,14.91,53792
2015-11-11,15.01,15.02,14.6,14.89,25549
2015-11-12,14.76,14.84,14.71,14.73,5919
2015-11-13,14.75,14.81,14.4,14.57,53906
2015-11-16,14.66,14.82,14.58,14.7,60177
2015-11-17,15.0,15.59,14.32,14.49,239294
2015-11-18,14.5,15.19,14.45,14.92,48293
2015-11-19,14.9,15.08,14.81,14.99,22104
2015-11-20,15.03,15.17,14.79,15.02,32745
2015-11-23,15.1,15.1,14.92,14.92,37302
2015-11-24,14.9,14.9,14.61,14.89,34271
2015-11-25,14.9,15.0,14.85,14.97,28865
2015-11-27,14.96,15.12,14.9,14.94,23227
2015-11-30,14.64,15.23,14.64,15.05,58946
2015-12-01,14.9,15.07,14.76,15.06,43626
2015-12-02,15.03,15.06,14.87,14.95,54501
2015-12-03,14.97,15.07,14.87,14.96,67146
2015-12-04,14.95,15.15,14.86,15.02,32594
2015-12-07,15.02,15.09,14.79,14.99,34872
2015-12-08,14.91,14.97,14.77,14.91,26590
2015-12-09,14.86,14.86,14.2,14.33,61495
2015-12-10,14.43,14.43,13.96,14.17,26355
2015-12-11,14.48,14.48,13.68,13.94,10956
2015-12-14,14.24,14.24,13.72,13.86,21064
2015-12-15,13.76,13.92,13.61,13.7,15927
2015-12-16,13.79,14.05,13.63,13.93,55108
2015-12-17,13.97,13.99,13.58,13.7,19052
2015-12-18,13.62,13.83,13.62,13.83,5081
2015-12-21,13.72,13.72,13.25,13.43,27939
2015-12-22,13.51,13.55,13.42,13.5,16022
2015-12-23,13.58,13.58,13.33,13.42,6167
2015-12-24,13.5,13.5,13.28,13.35,3026
2015-12-28,13.26,13.34,13.05,13.34,7162
2015-12-29,13.53,13.54,13.4,13.52,6100
2015-12-30,13.43,13.61,13.27,13.58,16717
2015-12-31,13.59,13.75,13.45,13.74,29145
2016-01-04,13.56,13.75,13.04,13.61,27391
2016-01-05,13.71,13.74,13.36,13.49,17155
2016-01-06,13.4,13.77,13.4,13.65,31101
2016-01-07,13.47,13.7,13.4,13.66,56434
2016-01-08,13.61,13.65,13.45,13.58,9128
2016-01-11,13.65,13.65,13.48,13.6,16066
2016-01-12,13.51,13.56,13.3,13.37,20940
2016-01-13,13.33,13.56,13.32,13.37,7428
2016-01-14,13.43,13.58,13.2,13.41,13456
2016-01-15,13.25,13.4,13.21,13.31,3725
2016-01-19,13.21,13.21,13.13,13.2,8013
2016-01-20,13.11,13.24,13.11,13.15,11397
2016-01-21,13.14,13.4,13.12,13.17,9372
2016-01-22,13.29,13.29,13.15,13.17,23304
2016-01-25,13.18,14.3,13.07,13.07,5420
2016-01-26,13.23,13.42,13.13,13.2,7385
2016-01-27,13.23,14.11,12.76,13.04,20944
2016-01-28,13.07,14.0,11.97,12.5,45346
2016-01-29,12.37,12.42,11.78,11.82,43045
2016-02-01,11.81,11.88,10.93,11.2,45671
2016-02-02,11.2,11.29,10.91,11.0,55522
2016-02-03,11.0,11.2,10.84,11.0,19685
2016-02-04,10.96,10.98,10.73,10.76,13667
2016-02-05,10.66,10.94,10.62,10.91,55763
2016-02-08,11.0,11.0,10.28,10.5,22247
2016-02-09,10.34,10.6,10.27,10.53,18240
2016-02-10,10.54,10.62,10.52,10.61,60951
2016-02-11,10.55,10.55,10.03,10.18,65385
2016-02-12,10.16,10.5,10.16,10.24,27088
2016-02-16,10.2,10.3,9.82,9.99,21523
2016-02-17,10.01,10.6,10.01,10.28,9213
2016-02-18,10.4,10.79,10.38,10.38,16844
2016-02-19,10.41,11.98,10.19,11.25,47738
2016-02-22,11.36,11.36,10.72,10.72,15502
2016-02-23,10.84,11.04,10.5,11.04,32407
2016-02-24,10.94,11.22,10.6,11.21,16265
2016-02-25,11.2,11.2,10.77,11.0,2422
2016-02-26,11.02,11.27,10.83,10.9,4191
2016-02-29,11.01,11.1,10.76,11.05,8011
2016-03-01,11.14,11.14,10.9,11.05,4664
2016-03-02,11.11,11.3,11.11,11.17,2352
2016-03-03,11.3,11.3,11.03,11.29,11158
2016-03-04,11.33,11.99,11.2,11.82,14913
2016-03-07,11.8,12.39,11.8,12.25,19437
2016-03-08,12.19,12.5,11.7,11.7,5030
2016-03-09,12.03,12.25,11.98,12.25,20571
2016-03-10,12.37,12.48,12.19,12.46,4284
2016-03-11,12.4,12.49,12.36,12.45,7686
2016-03-14,12.54,12.59,12.43,12.51,11259
2016-03-15,12.57,12.75,12.36,12.48,11177
2016-03-16,12.48,12.72,12.43,12.43,9296
2016-03-17,12.53,12.84,12.51,12.8,15228
2016-03-18,12.8,13.68,12.04,13.16,38598
2016-03-21,13.19,13.4,13.16,13.4,6839
2016-03-22,13.37,13.6,13.05,13.6,11102
2016-03-23,13.38,13.65,13.3,13.4,9828
2016-03-24,13.46,13.47,13.0,13.47,13350
2016-03-28,13.47,13.47,13.15,13.18,22475
2016-03-29,11.61,13.27,11.59,12.73,35874
2016-03-30,12.74,13.28,11.72,12.17,27931
2016-03-31,12.21,12.65,11.76,12.65,35370
2016-04-01,12.33,12.33,11.01,11.6,54590
2016-04-04,11.45,11.73,11.25,11.68,23088
2016-04-05,11.5,12.4,11.46,12.4,13862
2016-04-06,12.29,12.49,11.8,12.3,16369
2016-04-07,12.26,12.26,10.93,11.06,54725
2016-04-08,11.09,11.09,10.74,10.85,8981
2016-04-11,10.89,11.3,10.26,10.37,90428
2016-04-12,10.44,10.44,10.25,10.35,10687
2016-04-13,10.49,10.55,10.4,10.42,103381
2016-04-14,10.39,10.47,10.39,10.41,1882
2016-04-15,10.5,10.98,10.44,10.61,23859
2016-04-18,10.73,10.98,10.61,10.98,21411
2016-04-19,11.08,11.08,10.65,11.0,19709
2016-04-20,11.02,11.82,10.77,11.55,48154
2016-04-21,11.52,11.55,10.76,11.21,46080
2016-04-22,11.34,11.54,11.12,11.26,11612
2016-04-25,11.18,11.34,11.13,11.17,2500
2016-04-26,11.24,11.24,11.04,11.17,2716
2016-04-27,11.03,11.18,10.82,11.18,6306
2016-04-28,10.86,10.96,10.7,10.92,9690
2016-04-29,10.91,10.91,10.35,10.76,6003
2016-05-02,10.74,10.8,10.55,10.59,6478
2016-05-03,10.63,11.4,10.27,10.87,8712
2016-05-04,11.0,11.0,10.71,10.9,11607
2016-05-05,10.95,11.4,10.78,11.14,3106
2016-05-06,11.13,12.06,11.0,11.03,10876
2016-05-09,11.06,11.98,11.06,11.58,10572
2016-05-10,12.45,12.45,11.29,11.54,10166
2016-05-11,11.6,11.7,11.25,11.69,11874
2016-05-12,11.7,11.87,11.45,11.67,5680
2016-05-13,11.75,12.49,11.6,11.86,3545
2016-05-16,11.86,11.86,11.61,11.79,2378
2016-05-17,11.86,11.86,11.37,11.5,4613
2016-05-18,11.59,11.7,11.33,11.59,2988
2016-05-19,11.71,11.71,11.51,11.54,1823
2016-05-20,11.55,12.14,11.16,11.71,8359
2016-05-23,11.74,11.8,11.52,11.54,15343
2016-05-24,11.77,11.8,11.34,11.77,10895
2016-05-25,11.84,12.21,11.61,12.0,13288
2016-05-26,11.65,11.91,10.89,11.03,75181
2016-05-27,11.14,11.2,10.78,11.1,35778
2016-05-31,11.15,11.69,11.0,11.57,34063
2016-06-01,11.57,11.74,11.27,11.69,12778
2016-06-02,11.73,11.88,11.65,11.8,20001
2016-06-03,11.76,12.0,11.05,11.81,19415
2016-06-06,11.81,11.97,11.79,11.88,5125
2016-06-07,11.82,11.82,11.5,11.55,12105
2016-06-08,11.53,11.85,11.53,11.7,2200
2016-06-09,11.65,11.7,11.11,11.49,14700
2016-06-10,11.29,11.4,11.06,11.22,5030
2016-06-13,11.3,11.3,11.0,11.02,7978
2016-06-14,11.07,11.07,10.54,10.95,12725
2016-06-15,10.93,11.04,10.73,10.91,11752
2016-06-16,10.75,10.91,10.55,10.8,9568
2016-06-17,10.87,11.26,10.84,11.01,18946
2016-06-20,11.06,11.76,11.0,11.5,19897
2016-06-21,11.35,11.39,11.2,11.28,8680
2016-06-22,11.2,11.49,11.1,11.34,9154
2016-06-23,11.35,11.45,10.83,11.4,16451
2016-06-24,11.37,11.37,10.84,11.05,21965
2016-06-27,11.0,11.44,10.72,10.75,3236
2016-06-28,11.0,11.48,10.85,11.35,7810
2016-06-29,11.22,11.44,11.03,11.03,8113
2016-06-30,11.05,11.48,11.05,11.31,11797
2016-07-01,11.35,11.47,11.24,11.46,8300
2016-07-05,11.48,11.5,11.14,11.33,41292
2016-07-06,11.28,11.39,11.16,11.31,3166
2016-07-07,11.18,11.33,11.09,11.31,4747
2016-07-08,11.33,11.33,11.21,11.31,13760
2016-07-11,11.25,11.33,11.25,11.29,6384
2016-07-12,11.33,11.33,11.3,11.3,2123
2016-07-13,11.33,11.33,11.0,11.25,39240
2016-07-14,11.23,11.23,11.03,11.19,7734
2016-07-15,11.09,11.38,10.83,11.05,10433
2016-07-18,10.99,11.1,10.99,11.1,1313
2016-07-19,10.9,11.15,10.89,11.15,4765
2016-07-20,11.08,11.15,11.08,11.15,4016
2016-07-21,11.07,11.24,11.07,11.2,13608
2016-07-22,11.14,11.2,11.04,11.11,4264
2016-07-25,11.12,11.19,11.12,11.12,700
2016-07-26,11.08,11.12,11.0,11.04,20322
2016-07-27,11.01,11.1,11.01,11.05,5568
2016-07-28,11.04,11.1,11.02,11.05,17176
2016-07-29,11.02,11.1,10.79,11.05,34094
2016-08-01,11.1,11.1,10.7,10.88,19401
2016-08-02,10.2,10.88,10.2,10.75,5821
2016-08-03,10.74,11.03,10.74,10.99,30420
2016-08-04,10.9,10.95,10.64,10.95,14098
2016-08-05,11.15,11.5,10.95,11.49,50606
2016-08-08,11.5,11.96,11.38,11.65,45368
2016-08-09,11.63,11.8,11.52,11.58,15437
2016-08-10,11.56,11.56,11.45,11.51,12483
2016-08-11,11.67,11.7,11.51,11.7,3365
2016-08-12,11.75,12.39,11.68,11.98,30747
2016-08-15,11.98,12.09,11.8,12.07,26451
2016-08-16,12.15,12.15,11.92,12.05,9938
2016-08-17,12.03,12.2,12.0,12.0,4895
2016-08-18,12.0,12.33,11.92,12.3,47764
2016-08-19,12.34,12.49,12.2,12.41,23459
2016-08-22,12.38,12.49,12.27,12.27,7465
2016-08-23,12.37,12.93,12.12,12.55,33790
2016-08-24,12.44,12.65,12.44,12.5,9342
2016-08-25,12.55,12.69,12.34,12.6,11636
2016-08-26,12.6,12.6,12.37,12.59,11078
2016-08-29,12.58,12.63,11.75,12.57,15869
2016-08-30,12.37,12.57,12.21,12.56,9879
2016-08-31,12.5,12.65,12.4,12.65,9368
2016-09-01,12.61,12.61,12.59,12.61,1707
2016-09-02,12.58,12.61,12.47,12.6,15913
2016-09-06,12.59,12.7,12.55,12.68,43472
2016-09-07,12.65,12.7,12.34,12.67,52704
2016-09-08,12.6,12.69,12.2,12.5,43515
2016-09-09,12.56,12.57,12.0,12.35,27174
2016-09-12,12.3,12.45,12.21,12.41,13293
2016-09-13,12.34,12.5,12.12,12.5,11692
2016-09-14,12.41,12.5,12.11,12.5,14307
2016-09-15,12.5,12.5,12.2,12.49,18895
2016-09-16,12.44,12.48,12.08,12.08,92002
2016-09-19,12.25,12.4,11.95,12.38,141049
2016-09-20,12.3,12.4,12.04,12.4,14151
2016-09-21,12.2,12.41,12.15,12.34,22772
2016-09-22,12.33,12.5,12.06,12.33,68894
2016-09-23,12.53,12.53,12.15,12.37,32646
2016-09-26,12.16,12.34,12.13,12.21,4392
2016-09-27,12.28,12.28,11.86,11.9,49171
2016-09-28,11.94,12.04,11.82,11.84,20932
2016-09-29,11.89,12.09,11.84,11.9,60994
2016-09-30,12.0,12.06,11.89,12.04,7599
2016-10-03,12.02,12.14,11.88,11.88,14432
2016-10-04,11.99,12.22,11.87,12.08,36802
2016-10-05,12.18,12.22,12.05,12.07,9065
2016-10-06,12.14,12.25,12.09,12.18,12877
2016-10-07,12.1,12.24,12.09,12.09,19261
2016-10-10,12.15,12.41,12.15,12.35,36316
2016-10-11,12.35,12.35,11.95,11.99,10505
2016-10-12,11.98,12.12,11.28,11.5,84826
2016-10-13,11.4,11.7,11.4,11.55,8670
2016-10-14,11.73,11.8,11.71,11.8,65887
2016-10-17,11.81,11.88,11.53,11.6,13440
2016-10-18,11.7,11.88,11.61,11.68,16470
2016-10-19,11.71,11.82,11.58,11.81,25615
2016-10-20,11.81,11.83,11.64,11.71,13179
2016-10-21,11.63,11.84,11.55,11.55,30482
2016-10-24,11.65,11.77,11.55,11.56,5058
2016-10-25,11.58,11.65,11.5,11.53,14388
2016-10-26,11.5,11.56,11.5,11.54,4468
2016-10-27,11.59,11.64,11.4,11.64,13562
2016-10-28,11.56,12.04,11.55,11.62,71595
2016-10-31,11.62,12.09,11.62,11.99,86091
2016-11-01,12.09,12.37,11.83,11.99,40718
2016-11-02,11.98,11.98,11.49,11.64,12983
2016-11-03,11.55,11.85,11.27,11.51,23584
2016-11-04,11.55,11.6,11.44,11.48,15864
2016-11-07,11.52,11.9,11.25,11.73,29701
2016-11-08,11.68,11.86,11.44,11.49,5162
2016-11-09,11.46,11.5,11.19,11.42,82671
2016-11-10,11.43,11.65,11.35,11.58,20289
2016-11-11,11.52,11.78,11.51,11.75,9177
2016-11-14,11.76,11.95,11.34,11.61,26596
2016-11-15,11.8,12.7,11.65,12.64,107672
2016-11-16,12.5,12.6,12.14,12.25,32757
2016-11-17,12.17,12.44,11.73,11.74,12755
2016-11-18,11.87,12.36,11.21,11.7,87691
2016-11-21,11.87,11.87,11.5,11.66,26734
2016-11-22,11.69,12.15,10.87,11.74,57974
2016-11-23,11.65,11.98,11.46,11.95,8764
2016-11-25,11.91,11.95,11.78,11.95,10504
2016-11-28,11.87,12.17,11.57,11.67,25582
2016-11-29,11.68,12.01,11.57,11.95,28207
2016-11-30,11.9,12.5,11.62,12.23,67021
2016-12-01,12.32,12.32,11.76,11.91,28438
2016-12-02,11.93,11.99,11.69,11.81,33441
2016-12-05,12.0,12.15,11.7,11.81,25359
2016-12-06,11.9,11.98,11.81,11.88,13114
2016-12-07,11.88,11.88,11.7,11.83,14505
2016-12-08,12.07,12.1,11.75,11.82,92569
2016-12-09,11.84,11.85,11.56,11.75,44968
2016-12-12,11.64,11.81,11.64,11.69,12984
2016-12-13,11.99,12.2,11.65,11.65,11166
2016-12-14,11.65,11.72,11.43,11.6,23865
2016-12-15,11.85,11.88,11.46,11.58,28039
2016-12-16,11.59,11.82,11.5,11.66,34156
2016-12-19,11.7,11.85,11.56,11.64,22773
2016-12-20,11.61,11.97,11.61,11.86,25951
2016-12-21,11.78,11.79,11.55,11.6,17544
2016-12-22,11.68,11.76,11.6,11.76,62034
2016-12-23,11.73,11.84,11.61,11.7,23178
2016-12-27,11.63,12.02,11.63,11.98,18545
2016-12-28,11.97,12.23,11.97,12.23,12739
2016-12-29,12.23,12.25,12.04,12.11,16885
2016-12-30,12.25,12.25,11.97,12.25,25339
2017-01-03,12.29,12.29,12.03,12.17,126900
2017-01-04,12.21,12.32,12.05,12.12,12983
2017-01-05,12.18,12.18,12.03,12.05,706
2017-01-06,12.04,12.09,11.75,11.92,17069
2017-01-09,12.1,12.11,11.92,11.92,5039
2017-01-10,11.75,12.21,11.65,11.84,14486
2017-01-11,11.92,12.0,11.79,11.81,9481
2017-01-12,11.89,12.0,11.81,12.0,15200
2017-01-13,12.0,12.34,11.68,12.0,146754
2017-01-17,12.07,12.12,11.68,11.86,5667
2017-01-18,11.78,11.98,11.68,11.68,3987
2017-01-19,11.76,11.79,11.7,11.73,3069
2017-01-20,11.8,11.89,11.71,11.8,63600
2017-01-23,11.85,11.85,11.65,11.7,11842
2017-01-24,11.88,11.96,11.77,11.79,10794
2017-01-25,11.93,11.95,11.75,11.87,15618
2017-01-26,11.67,11.9,11.65,11.88,20501
2017-01-27,11.79,12.2,11.75,12.2,41780
2017-01-30,12.08,12.08,11.85,11.9,16694
2017-01-31,12.0,12.0,11.8,11.94,11543
2017-02-01,11.88,11.88,11.88,11.88,463
2017-02-02,11.81,11.9,11.75,11.77,10620
2017-02-03,11.75,11.99,11.65,11.89,55165
2017-02-06,11.73,11.82,11.73,11.82,3930
2017-02-07,11.78,11.85,11.66,11.77,33545
2017-02-08,11.8,11.8,11.65,11.66,6306
2017-02-09,11.66,11.86,11.66,11.71,6408
2017-02-10,11.75,11.75,11.72,11.74,1821
2017-02-13,11.74,11.8,11.7,11.74,5073
2017-02-14,11.66,12.02,11.64,11.98,20713
2017-02-15,11.9,12.0,11.88,11.9,38910
2017-02-16,11.79,11.96,11.6,11.94,25816
2017-02-17,11.93,11.97,11.86,11.89,5793
2017-02-21,11.87,12.0,11.8,12.0,51069
2017-02-22,11.95,12.1,11.93,12.02,59689
2017-02-23,11.88,12.08,11.86,11.86,34810
2017-02-24,11.78,12.07,11.45,11.47,31528
2017-02-27,11.42,11.77,11.42,11.51,30136
2017-02-28,11.43,11.65,11.4,11.47,35191
2017-03-01,11.61,11.73,11.42,11.47,37886
2017-03-02,11.58,11.58,11.08,11.17,21926
2017-03-03,11.51,11.51,10.69,11.25,31064
2017-03-06,11.31,11.32,10.92,11.18,38355
2017-03-07,11.15,11.62,11.12,11.23,22784
2017-03-08,11.21,11.39,10.78,11.36,15276
2017-03-09,11.3,11.43,11.14,11.28,52491
2017-03-10,11.33,12.05,10.57,10.86,357235
2017-03-13,11.08,11.15,11.05,11.14,37445
2017-03-14,11.85,11.85,10.82,10.96,32442
2017-03-15,10.99,11.15,10.9,10.99,75957
2017-03-16,11.08,11.21,10.9,10.9,34145
2017-03-17,10.88,11.18,10.85,11.09,52276
2017-03-20,11.19,11.2,10.89,10.99,125179
2017-03-21,11.04,11.2,10.88,11.08,60309
2017-03-22,11.05,11.06,10.82,10.88,56238
2017-03-23,10.88,10.9,10.82,10.85,62413
2017-03-24,10.94,10.94,10.82,10.86,12304
2017-03-27,10.9,10.9,10.76,10.87,34995
2017-03-28,10.87,10.92,10.7,10.84,29890
2017-03-29,10.8,11.02,10.75,10.85,53971
2017-03-30,10.87,11.2,10.83,10.85,104548
2017-03-31,10.94,11.0,10.81,10.85,75206
2017-04-03,10.92,10.92,10.66,10.82,108692
2017-04-04,10.94,10.99,10.7,10.72,31598
2017-04-05,10.78,10.81,10.54,10.54,61623
2017-04-06,10.59,10.62,10.53,10.55,26571
2017-04-07,10.55,10.77,10.52,10.61,29206
2017-04-10,10.64,10.64,10.33,10.41,44952
2017-04-11,10.4,10.44,10.22,10.26,60057
2017-04-12,10.21,10.31,10.14,10.22,41319
2017-04-13,10.5,10.64,10.32,10.53,141924
2017-04-17,10.75,11.0,10.65,10.7,169442
2017-04-18,10.7,10.7,10.33,10.55,75233
2017-04-19,10.5,10.65,10.33,10.39,51268
2017-04-20,10.49,10.49,10.24,10.24,31244
2017-04-21,10.31,10.38,10.2,10.23,57012
2017-04-24,10.2,10.6,10.13,10.52,71248
2017-04-25,10.62,10.79,10.48,10.68,91696
2017-04-26,10.77,10.79,10.65,10.75,43518
2017-04-27,10.8,10.86,10.76,10.84,135402
2017-04-28,10.9,11.0,10.69,10.83,52042
2017-05-01,10.85,10.85,10.81,10.83,25981
2017-05-02,10.92,10.92,10.79,10.85,23417
2017-05-03,10.82,10.84,10.67,10.74,10022
2017-05-04,10.8,10.8,10.65,10.68,12804
2017-05-05,10.75,10.78,10.65,10.67,8594
2017-05-08,10.7,10.75,10.65,10.71,17803
2017-05-09,10.71,10.71,10.65,10.69,14760
2017-05-10,10.75,10.8,10.6,10.64,128459
2017-05-11,10.68,10.7,10.62,10.68,30984
2017-05-12,10.65,10.65,10.15,10.28,140795
2017-05-15,10.6,10.79,10.6,10.78,121390
2017-05-16,10.8,10.93,10.6,10.79,55915
2017-05-17,10.84,10.84,10.33,10.34,38177
2017-05-18,10.34,10.4,10.11,10.15,29303
2017-05-19,10.16,10.34,10.15,10.19,86012
2017-05-22,10.37,10.37,9.6,9.71,184887
2017-05-23,9.8,9.96,9.8,9.88,70593
2017-05-24,9.92,9.95,9.75,9.88,53224
2017-05-25,9.89,9.98,9.76,9.85,36833
2017-05-26,9.86,9.9,9.76,9.9,24939
2017-05-30,10.0,10.0,9.76,9.87,25151
2017-05-31,9.8,9.92,9.77,9.86,37329
2017-06-01,9.79,9.96,9.79,9.84,36098
2017-06-02,9.82,9.91,9.76,9.78,17145
2017-06-05,9.81,9.81,9.28,9.42,80315
2017-06-06,9.36,9.5,9.0,9.1,121353
2017-06-07,9.33,9.37,9.13,9.26,91297
2017-06-08,9.21,9.3,9.14,9.17,26475
2017-06-09,9.17,9.31,9.1,9.27,37466
2017-06-12,9.24,9.34,9.1,9.11,18837
2017-06-13,9.12,9.2,9.03,9.16,56343
2017-06-14,9.19,9.25,9.1,9.24,15084
2017-06-15,9.15,9.23,9.15,9.2,16096
2017-06-16,9.21,9.27,9.1,9.2,17553
2017-06-19,9.28,9.3,9.25,9.29,12745
2017-06-20,9.28,9.3,9.21,9.27,17905
2017-06-21,9.28,9.38,9.24,9.28,64674
2017-06-22,9.3,9.3,9.25,9.3,26782
2017-06-23,9.35,9.37,9.25,9.3,20853
2017-06-26,9.36,9.43,9.32,9.42,21521
2017-06-27,9.42,9.46,9.19,9.19,38126
2017-06-28,9.18,9.22,9.07,9.11,21663
2017-06-29,9.16,9.3,9.09,9.25,12181
2017-06-30,9.35,9.35,9.25,9.32,37516
2017-07-03,9.33,9.52,9.26,9.37,31194
2017-07-05,9.41,9.41,9.25,9.26,25044
2017-07-06,9.33,9.33,9.02,9.04,20432
2017-07-07,9.01,9.3,9.01,9.17,25749
2017-07-10,9.16,9.22,9.11,9.21,6391
2017-07-11,9.19,9.24,9.11,9.22,19626
2017-07-12,9.34,9.41,9.22,9.38,30608
2017-07-13,9.27,9.45,9.27,9.28,22233
2017-07-14,9.35,9.51,9.35,9.43,16843
2017-07-17,9.44,9.51,9.4,9.49,12870
2017-07-18,9.5,9.5,9.41,9.47,5042
2017-07-19,9.47,9.51,9.47,9.49,29739
2017-07-20,9.51,9.55,9.44,9.45,10930
2017-07-21,9.53,9.53,9.34,9.43,4990
2017-07-24,9.42,9.42,9.24,9.25,11110
2017-07-25,9.35,9.45,9.27,9.27,14321
2017-07-26,9.34,9.48,9.3,9.41,14425
2017-07-27,9.38,9.43,9.35,9.43,3694
2017-07-28,9.46,9.55,9.36,9.37,45099
2017-07-31,9.41,9.48,9.15,9.21,33138
2017-08-01,9.25,9.25,9.01,9.03,39853
