Date,Open,High,Low,Close,Volume
2011-04-08,18.0,18.2,17.25,17.55,13311426
2011-04-11,17.55,17.57,16.95,17.28,1770289
2011-04-12,17.19,17.2,16.75,17.06,742767
2011-04-13,17.19,17.65,17.06,17.36,562198
2011-04-14,17.43,17.56,17.0,17.0,1289805
2011-04-15,17.0,17.89,17.0,17.88,617260
2011-04-18,17.86,18.58,17.31,17.93,427898
2011-04-19,18.13,18.49,18.0,18.33,543363
2011-04-20,18.98,19.0,18.6,19.0,1001200
2011-04-21,19.5,19.87,18.96,18.99,1054517
2011-04-25,20.04,20.1,19.37,20.07,1339356
2011-04-26,20.25,20.8,19.95,20.0,1191806
2011-04-27,20.15,20.24,19.85,19.9,645242
2011-04-28,19.95,20.03,19.33,19.44,416104
2011-04-29,19.5,19.81,19.1,19.14,433523
2011-05-02,19.36,19.58,18.31,18.69,724825
2011-05-03,18.82,18.83,18.18,18.2,428108
2011-05-04,18.17,18.86,18.04,18.64,383788
2011-05-05,18.62,19.1,18.54,18.64,398360
2011-05-06,18.65,19.73,18.65,19.52,490070
2011-05-09,19.59,20.24,19.55,20.22,516992
2011-05-10,19.8,20.37,19.73,20.37,599705
2011-05-11,20.31,20.42,19.88,19.97,349058
2011-05-12,19.8,19.91,19.37,19.55,268508
2011-05-13,19.55,19.75,18.77,18.99,368731
2011-05-16,18.98,19.5,18.69,18.75,408723
2011-05-17,18.64,19.03,18.46,18.66,201965
2011-05-18,18.62,18.62,18.0,18.23,402086
2011-05-19,18.27,18.59,18.13,18.13,317244
2011-05-20,18.26,18.47,18.24,18.24,416406
2011-05-23,18.35,18.36,17.76,18.0,830604
2011-05-24,18.2,18.55,18.15,18.17,468146
2011-05-25,18.31,18.62,18.26,18.56,386109
2011-05-26,18.64,18.78,18.61,18.67,256080
2011-05-27,18.88,20.19,18.86,19.96,750927
2011-05-31,20.48,20.89,19.93,19.96,637693
2011-06-01,20.12,20.59,19.65,19.74,499453
2011-06-02,20.02,20.46,19.77,20.16,555083
2011-06-03,20.0,20.79,19.83,20.33,309520
2011-06-06,20.4,20.75,20.08,20.17,282631
2011-06-07,20.14,20.29,19.75,20.01,319639
2011-06-08,20.08,20.17,19.83,19.9,231071
2011-06-09,20.0,20.25,19.95,20.06,345015
2011-06-10,20.19,21.22,19.95,21.22,436673
2011-06-13,21.5,22.74,21.39,21.47,728100
2011-06-14,21.67,22.05,21.5,21.75,483137
2011-06-15,21.83,22.25,21.65,21.94,456436
2011-06-16,21.94,22.16,20.02,20.5,458327
2011-06-17,20.63,21.22,20.3,20.77,299633
2011-06-20,20.86,21.28,20.64,21.28,224317
2011-06-21,21.51,21.75,21.23,21.71,268177
2011-06-22,21.7,22.4,21.51,22.17,415157
2011-06-23,21.93,22.0,21.4,22.0,218006
2011-06-24,21.93,22.0,21.51,21.88,138062
2011-06-27,21.93,22.78,21.93,22.6,386667
2011-06-28,22.75,22.76,22.36,22.59,252093
2011-06-29,22.98,23.36,22.6,23.15,577605
2011-06-30,23.36,23.37,22.11,22.46,475334
2011-07-01,22.6,22.6,22.2,22.3,228904
2011-07-05,22.45,22.8,22.45,22.77,225962
2011-07-06,22.9,23.26,22.61,23.17,220795
2011-07-07,23.36,23.95,23.32,23.73,358477
2011-07-08,23.44,24.01,23.03,24.0,290522
2011-07-11,23.78,23.78,22.7,23.0,345450
2011-07-12,22.86,23.4,22.86,23.29,256082
2011-07-13,23.57,23.97,23.27,23.28,235619
2011-07-14,23.45,23.74,22.98,23.61,181816
2011-07-15,23.75,24.24,23.66,24.08,196189
2011-07-18,24.08,24.96,24.05,24.5,498886
2011-07-19,24.95,25.25,24.68,24.99,425104
2011-07-20,25.0,25.89,24.88,25.5,431009
2011-07-21,25.75,26.1,24.46,24.82,469445
2011-07-22,24.7,25.05,24.4,24.65,297421
2011-07-25,24.84,24.94,24.25,24.94,252978
2011-07-26,25.21,25.21,24.41,24.55,412573
2011-07-27,24.34,24.42,22.57,23.52,827254
2011-07-28,23.5,23.97,23.25,23.26,246184
2011-07-29,22.89,24.09,22.5,23.45,381545
2011-08-01,24.32,24.62,23.86,23.97,474748
2011-08-02,24.24,24.58,23.0,23.23,609849
2011-08-03,23.08,23.08,22.1,22.78,536612
2011-08-04,22.44,23.23,22.0,22.07,618328
2011-08-05,22.46,22.61,21.29,21.55,581485
2011-08-08,20.95,21.22,19.47,20.4,1289239
2011-08-09,20.67,21.4,20.0,20.74,691735
2011-08-10,20.77,22.33,20.13,21.05,625493
2011-08-11,21.5,23.6,21.5,23.06,403801
2011-08-12,23.36,24.49,23.31,24.0,484038
2011-08-15,24.49,24.8,23.77,23.95,293659
2011-08-16,23.85,23.86,22.92,23.42,302215
2011-08-17,23.7,24.04,23.11,23.36,239684
2011-08-18,22.84,23.14,22.0,22.6,344921
2011-08-19,22.28,23.02,22.0,22.01,248695
2011-08-22,22.71,22.81,21.15,21.46,286802
2011-08-23,21.45,22.65,21.3,22.15,421329
2011-08-24,22.18,22.64,22.1,22.29,489225
2011-08-25,22.35,22.89,22.18,22.31,208700
2011-08-26,22.2,23.25,21.89,23.12,271217
2011-08-29,23.44,24.39,23.42,24.07,404986
2011-08-30,23.94,24.55,23.87,24.48,304555
2011-08-31,24.64,24.8,23.78,24.33,371629
2011-09-01,24.28,24.38,23.37,23.37,207506
2011-09-02,22.83,23.22,22.23,23.08,304404
2011-09-06,22.49,23.14,22.35,22.92,213677
2011-09-07,23.09,24.31,23.09,24.31,181138
2011-09-08,24.24,24.41,23.96,24.1,98795
2011-09-09,23.97,24.44,23.64,24.43,206829
2011-09-12,24.2,25.46,24.03,24.75,947213
2011-09-13,24.9,26.73,24.85,26.35,938062
2011-09-14,26.97,27.75,26.92,27.03,1192853
2011-09-15,27.4,27.65,26.25,26.46,614990
2011-09-16,26.66,27.48,26.14,26.78,368822
2011-09-19,26.4,26.72,25.52,25.88,380755
2011-09-20,26.1,27.4,26.1,26.73,612272
2011-09-21,26.97,27.19,25.92,26.02,331394
2011-09-22,25.21,25.5,23.85,24.78,817701
2011-09-23,24.43,24.59,23.88,24.04,400911
2011-09-26,24.44,24.94,23.75,24.84,314852
2011-09-27,25.46,26.1,25.1,25.52,274317
2011-09-28,25.52,25.9,24.69,24.95,182038
2011-09-29,25.2,25.42,23.75,24.02,463237
2011-09-30,23.88,23.88,23.04,23.53,364477
2011-10-03,23.29,23.57,20.05,20.25,968444
2011-10-04,20.0,21.82,18.66,21.54,1002974
2011-10-05,21.73,21.84,20.63,21.1,450766
2011-10-06,21.15,21.82,20.86,21.65,357997
2011-10-07,21.97,22.2,21.11,21.37,175118
2011-10-10,21.88,22.74,21.7,22.39,344241
2011-10-11,22.5,23.05,22.22,22.61,285694
2011-10-12,23.07,23.5,22.78,23.3,192674
2011-10-13,23.35,23.67,23.0,23.55,153272
2011-10-14,23.88,24.57,23.53,24.41,193480
2011-10-17,24.45,24.88,23.8,24.77,156355
2011-10-18,24.55,25.5,23.82,25.17,280745
2011-10-19,25.36,25.9,24.14,24.33,389285
2011-10-20,24.53,25.11,24.0,25.05,152987
2011-10-21,25.23,25.42,24.54,25.08,178888
2011-10-24,25.31,25.5,24.9,25.08,205979
2011-10-25,24.65,25.76,24.56,25.03,230337
2011-10-26,25.26,25.59,24.03,25.55,164883
2011-10-27,26.0,26.0,25.15,25.62,298417
2011-10-28,25.5,25.58,25.0,25.36,230286
2011-10-31,25.25,25.44,24.75,25.15,355835
2011-11-01,24.85,25.44,24.44,25.2,410360
2011-11-02,25.33,26.32,25.26,26.05,330894
2011-11-03,24.85,26.49,24.85,25.02,361740
2011-11-04,24.86,25.13,24.32,24.5,307040
2011-11-07,24.75,24.82,24.01,24.19,242583
2011-11-08,24.11,24.32,23.1,23.62,484022
2011-11-09,23.25,23.95,23.11,23.35,246456
2011-11-10,23.66,23.67,22.68,22.85,321909
2011-11-11,23.47,23.7,22.9,23.23,171546
2011-11-14,23.85,23.85,23.23,23.49,192466
2011-11-15,23.49,23.8,23.31,23.6,155476
2011-11-16,23.35,23.76,23.25,23.3,190951
2011-11-17,23.35,23.43,22.17,22.3,427818
2011-11-18,22.28,22.71,22.28,22.65,140696
2011-11-21,22.35,22.39,21.5,22.23,221953
2011-11-22,22.15,22.8,22.14,22.4,121166
2011-11-23,22.27,22.32,21.5,21.76,265807
2011-11-25,21.77,22.25,21.5,21.65,97466
2011-11-28,22.6,22.93,22.34,22.54,183829
2011-11-29,22.52,22.98,22.36,22.6,121795
2011-11-30,23.44,23.54,22.68,22.85,201821
2011-12-01,23.02,23.44,22.45,23.26,135610
2011-12-02,23.29,23.64,23.29,23.55,159036
2011-12-05,23.79,23.95,23.2,23.26,121570
2011-12-06,23.37,23.48,22.84,22.88,166934
2011-12-07,23.01,23.25,22.88,23.24,68294
2011-12-08,23.02,23.44,22.91,23.11,88200
2011-12-09,23.09,23.7,23.09,23.55,102234
2011-12-12,23.41,23.66,23.04,23.33,120442
2011-12-13,23.67,23.74,23.24,23.38,97985
2011-12-14,23.12,23.43,22.85,23.0,152684
2011-12-15,22.99,23.25,22.93,22.98,135270
2011-12-16,23.15,23.15,22.75,22.86,178071
2011-12-19,23.0,23.04,22.6,22.62,175764
2011-12-20,22.93,22.95,22.16,22.61,245074
2011-12-21,22.4,22.69,22.1,22.65,189470
2011-12-22,22.86,22.97,22.58,22.95,270706
2011-12-23,22.95,22.95,22.81,22.95,220495
2011-12-27,22.85,23.49,22.85,23.49,164578
2011-12-28,23.73,24.38,23.51,24.34,255644
2011-12-29,24.42,24.77,24.41,24.77,227012
2011-12-30,24.77,24.84,24.34,24.82,159016
2012-01-03,25.1,26.48,25.1,26.48,501138
2012-01-04,26.57,27.46,26.49,27.16,602600
2012-01-05,27.1,27.1,26.18,27.04,444394
2012-01-06,26.94,27.95,26.93,27.63,612208
2012-01-09,27.74,29.06,27.66,28.41,702272
2012-01-10,28.33,29.45,28.33,29.2,566413
2012-01-11,29.08,29.16,26.51,27.1,829416
2012-01-12,27.22,27.56,25.45,26.22,878519
2012-01-13,26.39,27.18,26.06,27.18,296433
2012-01-17,27.56,28.0,26.63,27.0,346175
2012-01-18,27.0,27.75,26.91,27.38,241938
2012-01-19,27.88,28.41,27.48,27.98,414861
2012-01-20,28.15,28.95,27.86,28.89,310969
2012-01-23,28.97,29.23,28.16,28.96,259895
2012-01-24,28.78,28.9,28.39,28.58,222831
2012-01-25,28.48,28.9,28.01,28.27,242651
2012-01-26,28.35,28.42,28.02,28.06,173623
2012-01-27,28.0,28.61,28.0,28.45,182392
2012-01-30,28.4,28.79,28.3,28.65,137075
2012-01-31,28.78,30.33,28.75,30.07,386665
2012-02-01,30.3,30.66,30.1,30.22,283827
2012-02-02,30.44,31.0,30.25,30.92,280515
2012-02-03,30.31,30.85,29.06,29.96,479356
2012-02-06,30.25,30.94,30.03,30.71,169125
2012-02-07,31.0,31.0,30.41,30.61,220462
2012-02-08,30.8,30.9,29.25,29.82,386605
2012-02-09,29.82,30.02,28.84,29.33,268805
2012-02-10,28.87,28.98,27.77,28.1,454521
2012-02-13,28.52,28.75,26.53,27.47,789113
2012-02-14,27.78,28.19,27.32,27.81,290852
2012-02-15,28.01,29.35,28.01,29.0,375220
2012-02-16,28.25,29.24,28.25,28.92,315547
2012-02-17,29.25,29.25,28.69,28.9,184735
2012-02-21,28.88,29.17,28.11,28.37,280818
2012-02-22,28.32,28.54,27.88,28.22,263419
2012-02-23,28.35,28.65,27.2,27.48,466979
2012-02-24,27.44,27.45,25.57,25.68,1348362
2012-02-27,25.49,26.5,24.25,26.38,1014889
2012-02-28,26.37,26.84,26.11,26.45,379580
2012-02-29,26.55,27.05,26.55,26.86,279041
2012-03-01,26.99,27.19,25.96,26.0,306696
2012-03-02,25.89,26.4,25.8,25.91,234333
2012-03-05,25.74,25.85,25.09,25.35,282258
2012-03-06,25.09,25.25,24.67,24.96,361044
2012-03-07,24.89,25.2,24.34,24.53,459294
2012-03-08,24.72,25.04,24.53,24.64,288736
2012-03-09,25.0,25.21,24.62,24.87,554826
2012-03-12,25.15,25.86,25.0,25.51,355814
2012-03-13,25.8,25.99,25.5,25.82,407067
2012-03-14,25.85,25.99,25.2,25.25,187105
2012-03-15,25.17,25.5,25.0,25.22,326604
2012-03-16,25.37,25.61,24.91,25.19,300077
2012-03-19,25.24,25.49,25.0,25.13,253310
2012-03-20,25.15,25.35,25.1,25.23,221887
2012-03-21,25.4,26.17,25.26,25.97,265857
2012-03-22,25.97,26.79,25.82,26.65,216362
2012-03-23,26.65,27.95,26.64,27.75,375482
2012-03-26,28.0,28.27,27.11,27.32,379830
2012-03-27,27.27,27.41,26.57,26.63,267558
2012-03-28,26.63,26.77,25.7,26.07,209157
2012-03-29,25.98,26.79,25.95,26.06,199150
2012-03-30,26.15,26.43,25.91,26.3,159730
2012-04-02,26.5,26.65,26.21,26.32,217835
2012-04-03,26.59,27.19,26.43,26.67,342642
2012-04-04,26.37,26.97,26.32,26.79,224845
2012-04-05,26.65,27.72,26.65,27.44,252420
2012-04-09,27.32,27.34,26.6,26.8,247597
2012-04-10,26.68,26.82,26.1,26.22,297226
2012-04-11,26.4,27.14,26.15,26.9,250068
2012-04-12,27.13,28.0,27.13,28.0,289188
2012-04-13,27.8,27.99,27.5,27.7,273402
2012-04-16,28.0,28.2,27.5,27.57,205060
2012-04-17,27.75,28.2,27.49,27.49,258271
2012-04-18,27.36,27.59,26.91,27.29,198159
2012-04-19,27.37,27.93,27.0,27.84,291849
2012-04-20,27.9,28.24,27.68,27.9,194519
2012-04-23,27.57,27.65,27.17,27.38,227478
2012-04-24,27.4,27.4,26.92,27.17,155075
2012-04-25,27.36,27.56,27.0,27.42,186439
2012-04-26,27.2,27.44,27.0,27.17,289657
2012-04-27,27.25,27.8,27.07,27.78,296459
2012-04-30,27.7,28.75,27.51,28.75,521484
2012-05-01,29.0,29.1,28.78,29.04,363316
2012-05-02,28.7,29.05,28.1,28.85,400100
2012-05-03,28.65,29.35,28.36,28.75,361689
2012-05-04,27.71,28.46,27.4,27.75,282834
2012-05-07,27.62,27.66,26.47,26.77,372655
2012-05-08,26.51,26.66,25.25,25.43,560022
2012-05-09,24.97,24.97,24.03,24.45,588437
2012-05-10,24.41,24.56,23.28,23.64,717414
2012-05-11,23.43,23.43,22.11,22.85,969871
2012-05-14,22.51,22.6,21.86,22.15,370689
2012-05-15,22.86,23.6,22.46,22.56,525497
2012-05-16,22.5,23.27,22.02,22.37,385796
2012-05-17,22.8,22.93,21.75,21.93,308882
2012-05-18,21.91,21.91,20.75,20.82,455691
2012-05-21,20.86,22.55,20.8,21.57,528091
2012-05-22,21.58,22.3,21.52,21.59,408010
2012-05-23,21.58,21.95,21.3,21.83,252302
2012-05-24,21.99,22.01,21.2,21.52,149706
2012-05-25,21.39,21.67,21.14,21.5,116545
2012-05-29,21.99,21.99,21.22,21.35,159034
2012-05-30,21.2,21.2,20.7,20.8,227788
2012-05-31,20.85,21.05,19.99,20.38,392040
2012-06-01,20.0,20.19,19.82,20.01,353594
2012-06-04,19.94,20.49,19.21,20.2,591031
2012-06-05,20.15,20.58,19.75,19.99,320101
2012-06-06,20.16,21.16,20.13,20.86,265988
2012-06-07,21.43,22.05,21.41,21.69,283050
2012-06-08,21.7,22.02,21.51,21.88,177647
2012-06-11,22.1,22.1,20.89,20.98,129352
2012-06-12,21.04,21.11,20.11,20.57,297245
2012-06-13,20.53,20.73,20.15,20.36,208939
2012-06-14,20.21,20.75,20.0,20.47,349017
2012-06-15,20.63,20.89,20.12,20.14,186543
2012-06-18,20.23,21.46,20.06,21.07,212873
2012-06-19,21.13,23.89,21.13,22.16,534616
2012-06-20,22.0,23.19,22.0,22.7,279463
2012-06-21,22.6,23.43,22.3,22.41,202246
2012-06-22,22.57,22.93,22.07,22.74,141174
2012-06-25,22.93,23.8,22.87,23.12,213879
2012-06-26,23.4,24.0,23.17,23.99,247723
2012-06-27,24.15,24.95,23.9,24.7,384427
2012-06-28,24.61,24.7,23.41,24.47,162485
2012-06-29,25.2,25.22,23.62,24.22,276196
2012-07-02,24.4,24.84,24.0,24.08,144287
2012-07-03,24.18,24.76,23.84,24.49,165431
2012-07-05,24.59,24.93,24.3,24.78,133638
2012-07-06,24.76,24.95,24.5,24.92,100764
2012-07-09,25.0,25.0,24.52,24.7,114487
2012-07-10,24.93,24.93,24.48,24.69,118401
2012-07-11,24.97,24.99,24.0,24.18,155982
2012-07-12,24.07,24.07,22.53,23.09,360325
2012-07-13,22.9,23.72,22.9,23.42,128249
2012-07-16,23.5,24.71,23.42,24.58,282907
2012-07-17,24.78,25.0,24.49,24.54,248584
2012-07-18,25.16,25.18,24.6,24.84,187640
2012-07-19,25.13,25.13,24.87,25.03,178881
2012-07-20,24.88,25.12,24.77,24.98,130263
2012-07-23,24.87,25.0,24.5,24.84,181447
2012-07-24,24.83,24.83,23.87,23.92,189518
2012-07-25,23.97,24.25,23.83,24.0,170865
2012-07-26,24.35,24.62,23.5,23.93,159471
2012-07-27,24.45,25.0,24.15,24.96,257943
2012-07-30,25.1,26.1,25.03,25.63,337015
2012-07-31,25.71,26.11,25.65,25.82,273433
2012-08-01,25.77,26.14,25.54,26.1,189445
2012-08-02,26.08,26.18,25.69,25.73,228136
2012-08-03,25.5,25.5,23.84,24.6,413645
2012-08-06,24.75,24.75,24.06,24.49,159380
2012-08-07,24.7,24.8,24.11,24.38,141417
2012-08-08,24.23,24.74,24.0,24.63,94694
2012-08-09,24.83,25.69,24.64,25.4,259084
2012-08-10,25.27,26.22,25.11,25.96,352443
2012-08-13,26.01,26.4,25.52,25.62,124956
2012-08-14,26.19,26.19,25.57,26.12,248717
2012-08-15,26.1,26.2,25.75,26.11,131266
2012-08-16,26.1,26.14,25.77,25.91,119946
2012-08-17,26.17,26.17,25.52,25.75,143340
2012-08-20,25.8,25.85,24.94,25.35,213450
2012-08-21,25.35,25.5,25.05,25.25,154734
2012-08-22,25.45,25.46,25.0,25.45,83552
2012-08-23,25.7,25.7,25.45,25.63,113248
2012-08-24,25.65,25.8,25.37,25.8,132465
2012-08-27,25.85,26.2,25.67,26.1,151741
2012-08-28,26.17,26.55,26.02,26.55,177407
2012-08-29,26.55,26.55,26.02,26.32,75576
2012-08-30,26.05,26.13,25.25,25.88,138895
2012-08-31,25.96,26.2,25.6,25.63,88959
2012-09-04,25.62,26.07,25.45,25.71,94003
2012-09-05,25.66,25.8,25.51,25.56,61008
2012-09-06,25.5,26.18,25.5,25.73,190406
2012-09-07,25.7,25.92,25.5,25.6,119503
2012-09-10,25.92,25.92,25.0,25.24,175004
2012-09-11,24.5,25.55,24.5,25.1,173238
2012-09-12,25.12,25.5,24.69,24.97,164808
2012-09-13,24.53,25.15,24.34,25.14,221622
2012-09-14,25.18,25.87,25.18,25.67,192918
2012-09-17,25.65,26.47,25.56,26.01,203714
2012-09-18,26.15,26.29,25.6,25.86,124573
2012-09-19,25.99,26.73,25.9,26.56,211559
2012-09-20,26.41,26.95,26.07,26.73,222527
2012-09-21,26.92,27.59,26.79,27.34,308661
2012-09-24,27.01,27.17,26.5,27.0,216839
2012-09-25,27.1,27.5,26.73,26.84,197033
2012-09-26,26.8,26.8,26.35,26.49,117707
2012-09-27,26.72,26.75,26.22,26.24,122253
2012-09-28,26.35,27.15,26.11,26.26,342289
2012-10-01,26.25,26.62,25.76,25.82,121437
2012-10-02,25.75,25.9,25.06,25.38,252470
2012-10-03,25.34,25.7,25.12,25.57,146249
2012-10-04,25.56,25.75,25.3,25.71,104921
2012-10-05,25.71,27.0,25.66,26.69,190375
2012-10-08,26.72,27.31,26.62,26.97,179938
2012-10-09,27.0,27.02,26.6,26.74,96372
2012-10-10,26.78,26.95,26.63,26.91,108569
2012-10-11,27.01,27.44,26.69,27.39,182064
2012-10-12,27.46,27.46,26.52,26.54,133082
2012-10-15,26.73,26.83,26.2,26.79,102470
2012-10-16,27.0,27.38,26.85,26.99,88459
2012-10-17,27.17,27.9,27.0,27.64,225445
2012-10-18,27.7,27.85,27.22,27.48,179330
2012-10-19,27.6,27.65,27.02,27.35,128709
2012-10-22,27.3,27.56,26.66,27.1,134807
2012-10-23,27.15,27.3,26.24,26.72,129306
2012-10-24,26.8,27.3,26.67,27.07,75821
2012-10-25,27.47,27.47,26.6,27.02,112222
2012-10-26,27.2,27.22,26.68,26.94,104174
2012-10-31,26.95,27.15,26.67,27.04,84740
2012-11-01,26.77,27.73,26.77,27.64,191998
2012-11-02,27.74,27.85,27.36,27.48,172311
2012-11-05,27.43,27.57,26.25,26.7,186196
2012-11-06,26.7,27.3,26.12,26.26,276910
2012-11-07,26.0,26.0,25.0,25.62,269107
2012-11-08,25.61,25.61,24.7,24.95,250250
2012-11-09,24.71,25.45,24.65,25.31,137177
2012-11-12,25.55,25.55,23.85,24.32,257935
2012-11-13,24.07,24.35,23.85,24.02,217486
2012-11-14,23.75,24.68,23.53,23.75,190972
2012-11-15,23.75,24.0,23.18,23.33,305434
2012-11-16,23.33,23.99,22.91,23.99,201829
2012-11-19,24.44,25.47,24.44,25.19,251271
2012-11-20,25.39,25.6,24.89,25.15,127448
2012-11-21,25.34,25.75,25.15,25.69,143807
2012-11-23,25.89,25.92,25.51,25.63,33963
2012-11-26,25.7,25.81,25.42,25.66,91731
2012-11-27,25.65,26.52,25.65,26.34,136785
2012-11-28,26.44,26.44,25.96,26.02,99566
2012-11-29,26.26,26.49,26.05,26.16,86832
2012-11-30,26.16,26.35,25.99,26.25,88062
2012-12-03,26.25,26.44,26.05,26.16,80132
2012-12-04,26.24,26.48,25.83,25.97,58988
2012-12-05,25.95,26.04,25.26,25.29,96341
2012-12-06,25.22,25.75,25.21,25.69,63735
2012-12-07,25.91,26.09,25.75,25.88,70014
2012-12-10,25.98,26.27,25.9,26.03,73334
2012-12-11,26.28,26.28,25.8,25.87,77802
2012-12-12,26.0,26.15,25.44,25.53,76755
2012-12-13,25.74,25.82,25.18,25.62,95192
2012-12-14,25.52,25.99,25.1,25.39,105386
2012-12-17,25.43,25.74,25.0,25.17,112291
2012-12-18,25.36,25.49,25.1,25.25,76438
2012-12-19,25.44,25.48,25.1,25.13,82060
2012-12-20,25.1,25.5,25.1,25.43,93062
2012-12-21,25.1,25.4,25.05,25.28,105060
2012-12-24,25.43,25.54,25.29,25.42,23845
2012-12-26,25.5,25.5,24.95,24.95,65604
2012-12-27,25.0,25.0,24.3,24.54,144729
2012-12-28,24.36,24.83,24.33,24.53,76512
2012-12-31,24.56,25.25,24.56,25.24,202908
2013-01-02,25.9,26.35,25.82,26.0,177146
2013-01-03,26.02,26.08,25.3,25.72,162784
2013-01-04,25.77,26.26,25.58,26.01,148099
2013-01-07,26.18,26.35,25.99,26.06,169464
2013-01-08,26.15,26.99,26.11,26.55,172964
2013-01-09,26.62,27.55,26.55,27.53,184129
2013-01-10,27.8,28.49,27.7,28.1,404392
2013-01-11,28.18,28.46,27.28,27.75,168164
2013-01-14,27.99,28.3,27.54,28.1,152998
2013-01-15,28.02,28.5,27.67,28.13,129937
2013-01-16,27.88,28.25,27.82,27.94,104904
2013-01-17,28.15,28.28,27.76,27.99,105695
2013-01-18,28.0,28.49,27.89,28.33,91246
2013-01-22,28.49,28.95,28.4,28.89,155227
2013-01-23,29.0,29.43,28.78,29.27,177615
2013-01-24,29.52,30.0,29.0,29.44,304150
2013-01-25,29.3,29.36,28.25,28.89,439083
2013-01-28,28.7,28.73,26.51,27.64,1033130
2013-01-29,27.47,27.85,27.12,27.68,306313
2013-01-30,27.7,27.7,27.52,27.61,114317
2013-01-31,27.43,27.52,27.01,27.14,226881
2013-02-01,27.4,27.81,27.04,27.17,147895
2013-02-04,27.1,27.59,26.85,27.06,126260
2013-02-05,26.96,27.33,26.57,27.26,152825
2013-02-06,27.11,27.23,26.81,26.98,123783
2013-02-07,26.89,27.23,26.75,26.99,173321
2013-02-08,26.92,26.97,26.61,26.69,153784
2013-02-11,26.62,26.62,25.57,25.69,320273
2013-02-12,25.68,26.47,25.5,26.38,217890
2013-02-13,26.47,26.5,25.61,25.95,232117
2013-02-14,25.9,26.35,25.7,26.32,148975
2013-02-15,26.35,26.4,25.77,25.9,172277
2013-02-19,25.92,26.3,25.59,26.3,253489
2013-02-20,26.28,26.32,25.61,25.64,191044
2013-02-21,25.62,25.91,25.03,25.33,157893
2013-02-22,25.5,25.5,24.9,25.15,171685
2013-02-25,25.16,25.16,24.6,24.76,200364
2013-02-26,24.86,25.29,24.32,25.06,251104
2013-02-27,25.18,26.24,25.18,25.52,328553
2013-02-28,25.83,26.68,25.6,26.55,238285
2013-03-01,26.6,26.86,26.51,26.66,130006
2013-03-04,26.83,26.88,26.13,26.53,140380
2013-03-05,26.65,26.9,26.5,26.58,107974
2013-03-06,26.78,26.78,26.42,26.54,98841
2013-03-07,26.5,26.54,26.07,26.1,81549
2013-03-08,26.26,26.61,26.03,26.39,90998
2013-03-11,26.41,26.5,25.86,26.1,89360
2013-03-12,26.05,26.05,25.61,25.64,137916
2013-03-13,25.55,25.81,24.95,25.0,201973
2013-03-14,25.0,25.19,24.9,25.02,171702
2013-03-15,25.0,25.25,24.46,24.46,407425
2013-03-18,24.46,25.31,24.46,24.82,268885
2013-03-19,24.9,25.21,24.8,24.92,155751
2013-03-20,25.06,25.11,24.79,24.8,166999
2013-03-21,24.8,25.45,24.75,25.4,163513
2013-03-22,25.58,25.58,25.0,25.17,149547
2013-03-25,25.11,25.3,24.8,24.95,160380
2013-03-26,25.04,25.13,24.81,24.9,178827
2013-03-27,24.85,25.0,24.8,24.85,128016
2013-03-28,24.82,25.07,24.75,25.01,177385
2013-04-01,25.0,25.01,24.61,24.86,138787
2013-04-02,24.96,24.96,24.55,24.59,163093
2013-04-03,24.55,24.8,24.08,24.15,212889
2013-04-04,24.12,24.37,23.18,23.35,399600
2013-04-05,23.13,24.26,22.91,24.0,207302
2013-04-08,23.95,24.1,23.65,23.96,104719
2013-04-09,23.93,24.24,23.84,24.17,193511
2013-04-10,24.16,24.45,24.15,24.34,122704
2013-04-11,24.34,24.34,23.9,24.28,141526
2013-04-12,24.25,24.25,23.95,24.16,105603
2013-04-15,23.96,24.01,23.01,23.36,224172
2013-04-16,23.5,24.51,23.5,24.23,122834
2013-04-17,24.17,24.3,23.9,24.26,77207
2013-04-18,24.12,24.7,23.8,24.54,148005
2013-04-19,24.49,24.99,24.06,24.87,124591
2013-04-22,24.77,24.9,24.52,24.8,86230
2013-04-23,24.85,25.17,24.4,25.15,173859
2013-04-24,25.18,25.41,24.89,25.32,115854
2013-04-25,25.5,25.7,25.38,25.47,117350
2013-04-26,25.62,25.67,25.07,25.41,106680
2013-04-29,25.71,26.96,25.6,26.63,431115
2013-04-30,26.7,26.85,26.19,26.31,196470
2013-05-01,26.34,26.87,26.02,26.5,185647
2013-05-02,26.85,27.35,26.78,27.35,237033
2013-05-03,27.5,27.5,26.45,26.52,227547
2013-05-06,26.18,26.46,25.64,26.3,173451
2013-05-07,26.41,26.84,26.05,26.4,94288
2013-05-08,26.51,26.68,26.29,26.52,84698
2013-05-09,26.45,26.72,26.25,26.5,101591
2013-05-10,26.58,26.66,26.05,26.13,103644
2013-05-13,26.01,26.48,25.84,26.4,138580
2013-05-14,26.34,26.47,25.99,26.25,118652
2013-05-15,26.32,26.75,26.21,26.61,180922
2013-05-16,26.6,26.72,26.25,26.41,149871
2013-05-17,26.44,26.54,26.03,26.13,81702
2013-05-20,26.03,26.35,26.0,26.25,71850
2013-05-21,26.25,26.5,26.2,26.36,149424
2013-05-22,24.7,24.8,24.0,24.0,9764412
2013-05-23,23.8,24.35,23.54,24.18,1054744
2013-05-24,24.22,24.59,24.05,24.47,570216
2013-05-28,24.65,24.73,24.21,24.5,700392
2013-05-29,24.5,24.53,24.0,24.25,584743
2013-05-30,24.15,24.29,24.0,24.07,547696
2013-05-31,24.25,24.27,24.0,24.23,505218
2013-06-03,24.59,24.59,24.24,24.37,367060
2013-06-04,24.37,24.51,24.3,24.51,277382
2013-06-05,24.5,24.56,24.25,24.35,395993
2013-06-06,24.25,24.56,24.25,24.26,206964
2013-06-07,24.26,24.65,24.25,24.64,325011
2013-06-10,24.66,25.08,24.6,25.04,777669
2013-06-11,25.04,25.04,24.0,24.16,644992
2013-06-12,24.45,24.45,23.37,23.51,458445
2013-06-13,23.41,23.41,22.67,23.19,580233
2013-06-14,23.19,23.47,23.19,23.27,288255
2013-06-17,23.43,23.46,23.0,23.09,235250
2013-06-18,23.19,23.2,22.65,22.79,393527
2013-06-19,22.68,23.13,22.51,22.75,261117
2013-06-20,22.7,22.92,22.56,22.79,176898
2013-06-21,23.0,23.0,22.1,22.51,281422
2013-06-24,22.26,22.39,21.0,21.7,543633
2013-06-25,21.95,22.06,21.7,21.91,274357
2013-06-26,22.17,22.43,21.97,22.24,234433
2013-06-27,22.28,22.58,21.93,22.03,308942
2013-06-28,22.0,22.8,21.95,22.73,218981
2013-07-01,22.86,22.98,22.1,22.1,333703
2013-07-02,22.18,22.25,21.69,21.8,322616
2013-07-03,21.74,21.98,21.68,21.84,106295
2013-07-05,21.96,21.98,21.19,21.42,276272
2013-07-08,21.48,22.87,21.48,22.86,340003
2013-07-09,23.0,23.49,22.83,22.99,300466
2013-07-10,23.01,23.39,22.92,23.07,184632
2013-07-11,23.1,23.46,23.03,23.35,229837
2013-07-12,23.4,23.47,23.25,23.43,188074
2013-07-15,23.29,23.45,23.0,23.07,162638
2013-07-16,23.07,23.18,22.36,22.48,203638
2013-07-17,22.39,22.55,22.3,22.43,173347
2013-07-18,22.41,22.82,22.41,22.56,208819
2013-07-19,22.53,23.1,22.45,22.67,164070
2013-07-22,23.0,23.81,22.98,23.11,320451
2013-07-23,23.12,23.37,22.99,23.07,131923
2013-07-24,23.08,23.23,22.4,22.68,263988
2013-07-25,22.47,22.95,22.43,22.64,135747
2013-07-26,22.7,22.92,22.58,22.8,127284
2013-07-29,22.53,22.73,22.05,22.46,347949
2013-07-30,22.0,22.37,21.66,22.2,555450
2013-07-31,22.3,22.35,21.74,22.15,331976
2013-08-01,22.15,22.64,21.76,22.46,273970
2013-08-02,22.36,22.64,22.17,22.21,286226
2013-08-05,21.46,21.5,20.11,20.14,869746
2013-08-06,20.25,20.55,19.94,20.41,413283
2013-08-07,20.41,20.42,19.11,19.17,1072424
2013-08-08,19.23,19.61,18.91,19.49,568178
2013-08-09,19.52,19.95,19.26,19.75,446125
2013-08-12,19.94,20.08,19.72,19.77,327551
2013-08-13,19.85,19.85,19.37,19.46,251831
2013-08-14,19.65,19.98,19.5,19.74,283808
2013-08-15,19.5,19.64,19.28,19.55,253583
2013-08-16,19.36,19.6,18.95,18.97,396382
2013-08-19,18.97,19.12,18.48,18.5,461009
2013-08-20,18.41,18.57,17.95,18.08,565224
2013-08-21,18.06,18.85,18.05,18.57,410187
2013-08-22,18.6,19.1,18.59,18.87,279214
2013-08-23,18.88,19.08,18.66,18.73,212870
2013-08-26,18.75,19.28,18.73,19.09,221025
2013-08-27,18.87,19.11,18.5,18.52,245484
2013-08-28,18.5,18.82,18.47,18.65,151869
2013-08-29,18.52,18.99,18.52,18.79,150627
2013-08-30,18.74,18.88,18.52,18.58,83278
2013-09-03,18.66,18.83,18.35,18.48,116171
2013-09-04,18.45,19.0,18.4,18.88,171594
2013-09-05,18.88,19.0,18.51,18.54,122831
2013-09-06,18.56,18.85,18.42,18.45,195820
2013-09-09,18.64,18.97,18.57,18.76,189175
2013-09-10,18.77,18.8,18.35,18.39,298579
2013-09-11,18.39,18.99,18.3,18.92,247145
2013-09-12,18.79,19.33,18.65,19.2,225567
2013-09-13,19.13,19.25,18.67,18.86,252078
2013-09-16,19.16,19.16,18.54,18.6,149823
2013-09-17,18.56,19.0,18.55,18.71,151860
2013-09-18,18.67,18.95,18.66,18.66,252987
2013-09-19,18.65,19.1,18.5,18.56,289759
2013-09-20,18.54,18.95,18.42,18.93,181680
2013-09-23,18.95,19.0,18.46,18.69,189131
2013-09-24,18.68,18.74,18.4,18.44,196168
2013-09-25,18.42,18.5,18.31,18.35,181733
2013-09-26,18.33,18.43,18.18,18.27,185211
2013-09-27,18.19,18.3,18.0,18.12,217930
2013-09-30,18.0,18.09,17.5,17.7,374735
2013-10-01,17.6,17.99,17.6,17.99,197849
2013-10-02,17.8,18.0,17.65,17.82,146137
2013-10-03,17.88,17.94,17.65,17.76,115722
2013-10-04,17.75,17.93,17.3,17.3,218457
2013-10-07,17.25,18.0,17.25,17.99,263708
2013-10-08,18.0,18.44,17.3,17.38,316736
2013-10-09,17.48,17.94,17.4,17.63,184758
2013-10-10,17.63,18.0,17.41,17.5,297558
2013-10-11,17.59,18.66,17.59,18.5,367283
2013-10-14,18.39,18.66,18.02,18.23,243030
2013-10-15,18.14,18.39,17.89,17.95,244217
2013-10-16,17.93,18.21,17.9,18.02,177407
2013-10-17,18.04,18.89,18.04,18.75,235657
2013-10-18,18.93,19.14,18.73,18.94,266878
2013-10-21,19.08,19.19,18.9,19.19,197843
2013-10-22,19.32,19.97,19.25,19.76,305552
2013-10-23,19.88,19.98,19.51,19.67,264174
2013-10-24,19.75,19.94,19.4,19.51,199843
2013-10-25,19.41,19.41,17.21,17.21,1072878
2013-10-28,17.17,18.22,17.17,18.15,636575
2013-10-29,18.15,18.24,17.8,18.05,338718
2013-10-30,18.05,18.27,17.8,17.82,304313
2013-10-31,17.8,18.11,17.75,17.75,250750
2013-11-01,17.78,18.69,17.78,18.33,320134
2013-11-04,18.7,18.89,18.38,18.67,209873
2013-11-05,18.67,18.67,18.05,18.12,384837
2013-11-06,17.75,17.98,17.6,17.88,402731
2013-11-07,17.95,17.97,17.59,17.92,222417
2013-11-08,17.8,17.9,17.59,17.84,192450
2013-11-11,17.81,17.89,17.35,17.6,307365
2013-11-12,17.55,17.71,17.27,17.4,228877
2013-11-13,17.4,17.7,17.27,17.48,238973
2013-11-14,17.53,17.67,17.36,17.47,204487
2013-11-15,17.4,17.5,17.31,17.5,298225
2013-11-18,17.62,17.89,17.26,17.73,547263
2013-11-19,17.51,17.93,17.45,17.88,575376
2013-11-20,17.69,17.88,17.51,17.55,223359
2013-11-21,17.72,17.72,17.4,17.44,212951
2013-11-22,17.55,17.55,17.2,17.33,283857
2013-11-25,17.28,17.59,17.07,17.59,352356
2013-11-26,17.64,17.66,17.18,17.22,165495
2013-11-27,17.23,17.34,17.1,17.26,166590
2013-11-29,17.36,17.6,17.27,17.53,105973
2013-12-02,17.46,17.5,17.08,17.15,302732
2013-12-03,17.09,17.23,16.15,16.91,642700
2013-12-04,16.87,16.95,16.41,16.7,332935
2013-12-05,16.48,16.68,16.39,16.4,233716
2013-12-06,16.42,16.59,16.17,16.29,316925
2013-12-09,16.25,16.6,16.14,16.26,390493
2013-12-10,16.15,16.38,16.15,16.22,241270
2013-12-11,16.2,16.43,16.02,16.28,360498
2013-12-12,16.18,16.31,15.83,15.93,532099
2013-12-13,15.86,15.93,15.66,15.83,290734
2013-12-16,15.9,16.0,15.44,15.45,553313
2013-12-17,15.45,15.76,15.11,15.66,577181
2013-12-18,15.75,15.84,15.16,15.35,468915
2013-12-19,15.26,15.92,15.26,15.83,625809
2013-12-20,15.63,16.65,15.63,16.26,621663
2013-12-23,16.25,16.74,16.25,16.57,558408
2013-12-24,16.64,16.74,16.32,16.38,319519
2013-12-26,16.25,17.02,16.25,16.53,636808
2013-12-27,16.36,16.48,16.05,16.13,401472
2013-12-30,16.0,16.21,15.81,15.89,842481
2013-12-31,15.88,16.53,15.8,16.46,1354091
2014-01-02,16.31,17.25,16.31,17.06,298099
2014-01-03,17.18,17.18,16.76,17.01,199130
2014-01-06,17.2,17.39,17.03,17.19,223929
2014-01-07,17.28,17.28,16.95,17.22,233701
2014-01-08,17.14,17.31,16.98,17.09,175248
2014-01-09,17.2,17.2,16.99,17.03,139587
2014-01-10,17.14,17.3,16.99,17.25,202216
2014-01-13,17.31,17.75,17.27,17.37,310320
2014-01-14,17.49,18.07,17.46,17.89,331021
2014-01-15,18.01,18.05,17.69,17.73,216290
2014-01-16,17.76,18.0,17.58,17.71,197402
2014-01-17,17.79,18.09,17.74,17.97,270839
2014-01-21,18.13,18.13,17.81,18.04,233416
2014-01-22,18.23,18.23,17.95,18.02,215641
2014-01-23,18.13,18.23,18.0,18.07,119998
2014-01-24,18.08,18.08,17.25,17.83,290767
2014-01-27,17.69,17.69,17.0,17.1,243237
2014-01-28,17.1,17.42,17.1,17.3,152437
2014-01-29,17.2,17.45,17.01,17.12,185900
2014-01-30,17.14,17.98,17.14,17.74,482333
2014-01-31,17.72,17.99,17.61,17.77,351055
2014-02-03,17.85,17.92,17.43,17.51,260299
2014-02-04,17.57,17.69,17.25,17.31,145033
2014-02-05,17.26,17.69,17.1,17.57,149489
2014-02-06,17.46,17.68,17.44,17.59,93177
2014-02-07,17.72,17.72,17.2,17.28,260937
2014-02-10,17.36,17.41,17.18,17.34,172009
2014-02-11,17.64,17.88,17.5,17.6,245076
2014-02-12,17.75,17.75,17.52,17.64,119904
2014-02-13,17.76,17.89,17.62,17.66,141216
2014-02-14,17.7,17.94,17.67,17.92,146687
2014-02-18,17.76,17.93,17.52,17.83,175032
2014-02-19,17.85,17.98,17.72,17.94,207939
2014-02-20,18.9,19.48,18.88,19.0,696409
2014-02-21,19.19,19.89,19.13,19.82,547833
2014-02-24,19.9,20.71,19.85,20.54,763328
2014-02-25,20.75,20.75,20.0,20.36,581390
2014-02-26,20.37,20.47,20.15,20.29,359842
2014-02-27,19.9,20.07,19.61,19.95,337572
2014-02-28,19.9,20.15,19.63,19.85,317978
2014-03-03,19.64,20.1,19.61,19.98,224280
2014-03-04,20.25,20.26,20.0,20.26,178435
2014-03-05,20.35,20.7,20.11,20.48,255670
2014-03-06,20.5,21.05,20.48,21.01,390048
2014-03-07,21.1,21.29,20.75,21.01,308115
2014-03-10,21.23,21.23,20.41,20.87,291678
2014-03-11,20.97,21.01,20.4,20.53,371408
2014-03-12,20.59,20.96,20.34,20.85,319524
2014-03-13,20.79,21.14,20.53,20.97,464925
2014-03-14,20.96,21.38,20.77,21.33,542643
2014-03-17,21.36,21.42,21.11,21.19,245063
2014-03-18,21.2,21.2,20.8,20.92,224449
2014-03-19,21.0,21.0,20.33,20.69,358327
2014-03-20,20.66,20.89,20.38,20.84,307517
2014-03-21,20.84,21.78,20.68,21.57,407042
2014-03-24,21.65,21.91,21.28,21.51,371268
2014-03-25,21.42,21.71,21.24,21.52,241944
2014-03-26,21.52,21.67,21.21,21.21,198209
2014-03-27,21.14,21.28,20.83,21.1,295906
2014-03-28,21.21,21.6,21.09,21.27,148474
2014-03-31,21.28,21.49,20.87,21.19,226340
2014-04-01,21.2,21.58,21.02,21.48,135581
2014-04-02,21.58,21.93,21.3,21.74,256737
2014-04-03,21.85,21.85,21.51,21.67,188945
2014-04-04,21.67,21.72,21.25,21.25,123273
2014-04-07,21.28,21.39,20.95,21.11,162497
2014-04-08,21.16,21.42,20.95,21.33,80068
2014-04-09,21.46,21.88,21.16,21.59,153856
2014-04-10,21.76,21.83,21.21,21.43,129791
2014-04-11,21.26,21.3,20.85,20.94,212353
2014-04-14,20.94,21.46,20.93,21.06,130448
2014-04-15,21.15,21.15,20.51,20.72,232339
2014-04-16,20.92,20.97,20.39,20.64,213061
2014-04-17,20.78,20.88,20.51,20.57,111840
2014-04-21,20.66,20.88,20.55,20.76,95216
2014-04-22,20.83,21.37,20.75,21.17,132742
2014-04-23,21.24,21.24,20.9,21.01,142990
2014-04-24,21.02,21.08,20.65,20.82,188526
2014-04-25,20.82,21.1,20.77,21.07,87187
2014-04-28,21.07,21.3,20.86,21.06,200924
2014-04-29,20.9,21.23,20.75,21.14,136324
2014-04-30,21.14,21.6,21.04,21.34,242725
2014-05-01,21.06,21.25,20.23,20.9,400406
2014-05-02,20.96,21.2,20.71,21.07,137078
2014-05-05,21.13,21.21,20.8,21.05,94914
2014-05-06,20.89,21.1,20.83,21.04,159857
2014-05-07,21.1,21.13,20.72,20.89,154536
2014-05-08,20.68,20.78,19.79,19.87,303595
2014-05-09,19.78,19.97,19.2,19.49,436767
2014-05-12,19.38,19.86,19.26,19.62,252420
2014-05-13,19.63,19.99,19.63,19.79,155910
2014-05-14,19.78,20.18,19.75,19.91,155573
2014-05-15,19.97,20.0,19.32,19.49,147080
2014-05-16,19.32,19.49,19.22,19.34,164817
2014-05-19,19.4,19.76,19.29,19.74,122607
2014-05-20,19.79,19.79,19.55,19.62,102875
2014-05-21,19.65,19.69,19.26,19.43,148187
2014-05-22,19.35,19.68,19.35,19.53,100547
2014-05-23,19.4,19.4,19.25,19.38,126348
2014-05-27,19.34,19.44,19.19,19.19,106212
2014-05-28,19.19,19.39,19.0,19.37,118638
2014-05-29,19.27,19.39,19.21,19.31,89123
2014-05-30,19.25,19.39,19.2,19.22,96949
2014-06-02,19.13,19.23,18.92,19.04,144963
2014-06-03,19.0,19.17,18.89,18.91,106037
2014-06-04,18.88,18.91,18.62,18.62,190250
2014-06-05,18.77,19.0,18.64,18.9,109412
2014-06-06,18.84,18.92,18.37,18.39,333543
2014-06-09,18.4,18.58,18.26,18.35,335355
2014-06-10,18.43,18.44,18.07,18.17,210923
2014-06-11,18.15,18.23,17.86,17.87,268413
2014-06-12,17.92,18.1,17.81,17.88,219618
2014-06-13,17.85,18.39,17.85,18.29,141980
2014-06-16,18.29,18.6,18.18,18.46,132143
2014-06-17,18.34,18.68,18.34,18.57,151153
2014-06-18,18.56,19.08,18.55,18.97,184617
2014-06-19,19.09,19.15,18.83,18.88,104562
2014-06-20,18.97,18.99,18.72,18.96,158563
2014-06-23,19.05,19.05,18.5,18.53,437172
2014-06-24,18.63,18.71,18.27,18.33,132713
2014-06-25,18.46,18.46,18.1,18.24,110708
2014-06-26,18.33,18.5,18.2,18.41,94305
2014-06-27,18.48,18.55,18.33,18.54,141202
2014-06-30,18.58,18.77,18.41,18.69,156019
2014-07-01,18.75,18.77,18.39,18.41,119750
2014-07-02,18.51,18.67,18.39,18.63,123469
2014-07-03,18.71,18.73,18.48,18.63,62158
2014-07-07,18.68,18.68,18.22,18.26,134653
2014-07-08,18.24,18.43,17.81,18.13,207699
2014-07-09,18.07,18.29,18.01,18.02,120855
2014-07-10,18.0,18.19,17.91,18.05,120261
2014-07-11,18.04,18.04,17.85,17.86,146983
2014-07-14,17.81,17.98,17.69,17.76,278863
2014-07-15,17.68,17.83,17.17,17.46,431765
2014-07-16,17.49,18.18,17.45,18.04,241937
2014-07-17,18.11,18.44,18.05,18.27,200477
2014-07-18,18.41,18.49,18.1,18.11,173162
2014-07-21,18.15,18.35,18.08,18.3,110284
2014-07-22,18.35,18.87,18.3,18.71,228097
2014-07-23,18.72,19.2,18.61,19.1,238376
2014-07-24,19.21,19.25,18.82,18.97,119113
2014-07-25,19.02,19.26,18.96,18.96,125609
2014-07-28,19.15,19.15,18.7,18.8,121330
2014-07-29,18.79,18.8,18.37,18.53,139182
2014-07-30,18.6,18.67,18.15,18.37,173715
2014-07-31,17.86,17.86,16.28,17.01,741266
2014-08-01,17.0,17.16,16.61,17.13,230262
2014-08-04,17.13,17.63,17.02,17.08,325093
2014-08-05,17.0,17.28,16.91,17.01,125676
2014-08-06,16.9,17.08,16.52,16.62,280327
2014-08-07,16.35,16.43,16.0,16.13,327653
2014-08-08,16.13,16.62,16.12,16.58,154864
2014-08-11,16.57,16.74,16.48,16.53,141492
2014-08-12,16.5,16.85,16.41,16.6,155915
2014-08-13,16.77,16.79,16.41,16.55,217137
2014-08-14,16.59,16.59,16.4,16.44,151748
2014-08-15,16.54,16.55,16.21,16.38,190925
2014-08-18,16.87,16.87,16.1,16.16,259217
2014-08-19,16.2,16.27,15.96,16.04,379575
2014-08-20,16.0,16.28,15.78,16.15,271168
2014-08-21,16.16,16.33,16.0,16.1,128506
2014-08-22,16.08,16.19,15.8,16.0,139830
2014-08-25,16.0,16.0,15.75,15.75,302297
2014-08-26,15.75,15.92,15.5,15.52,428611
2014-08-27,15.5,15.77,15.5,15.76,223558
2014-08-28,15.63,15.7,15.22,15.37,494654
2014-08-29,15.35,15.4,15.19,15.32,232477
2014-09-02,15.28,15.5,15.25,15.41,274310
2014-09-03,15.5,15.74,15.44,15.5,264011
2014-09-04,15.46,15.63,15.45,15.51,175662
2014-09-05,15.57,15.63,15.47,15.5,132963
2014-09-08,15.5,15.5,15.2,15.26,193112
2014-09-09,15.29,15.41,15.12,15.14,222178
2014-09-10,15.13,15.19,15.0,15.07,226316
2014-09-11,15.05,15.3,15.05,15.21,164222
2014-09-12,15.09,15.45,14.95,14.98,226786
2014-09-15,14.99,15.19,14.95,15.07,110243
2014-09-16,15.01,15.13,14.94,14.95,105347
2014-09-17,15.01,15.08,14.83,14.97,176901
2014-09-18,14.93,14.93,14.61,14.76,298311
2014-09-19,14.76,14.8,14.08,14.09,465981
2014-09-22,14.09,14.21,13.75,13.9,366106
2014-09-23,13.93,14.12,13.52,13.87,564772
2014-09-24,13.82,14.13,13.69,13.74,278197
2014-09-25,13.68,13.95,13.61,13.79,185615
2014-09-26,13.76,14.25,13.76,14.2,143004
2014-09-29,14.1,14.21,13.83,13.84,162631
2014-09-30,13.75,13.83,13.45,13.73,268026
2014-10-01,13.7,13.99,13.5,13.7,278203
2014-10-02,13.68,13.95,13.61,13.89,153980
2014-10-03,13.73,13.9,13.65,13.8,160656
2014-10-06,13.77,13.98,13.71,13.76,101438
2014-10-07,13.78,13.78,13.45,13.63,330696
2014-10-08,13.61,13.73,13.45,13.71,213783
2014-10-09,13.61,13.79,13.07,13.07,264157
2014-10-10,13.07,13.07,11.77,12.74,581440
2014-10-13,12.74,12.94,12.06,12.15,242346
2014-10-14,12.2,12.23,11.37,11.38,537798
2014-10-15,11.03,11.19,10.77,11.09,450599
2014-10-16,10.8,12.22,10.76,11.9,301152
2014-10-17,12.01,12.52,11.91,12.38,332662
2014-10-20,12.38,12.79,12.38,12.6,244101
2014-10-21,12.59,13.2,12.59,12.68,301321
2014-10-22,12.67,13.06,12.38,12.55,301559
2014-10-23,12.63,12.93,12.5,12.6,166730
2014-10-24,12.55,12.62,12.18,12.41,212557
2014-10-27,12.28,12.35,11.8,11.88,228173
2014-10-28,12.02,12.18,11.85,12.06,176483
2014-10-29,12.13,12.16,11.76,11.95,324766
2014-10-30,11.98,12.16,11.76,11.89,325905
2014-10-31,11.95,12.28,11.85,12.18,315312
2014-11-03,12.27,12.43,12.04,12.08,294141
2014-11-04,12.01,12.18,11.85,11.93,207179
2014-11-05,12.09,12.12,11.87,11.97,277389
2014-11-06,11.69,11.82,11.48,11.6,215495
2014-11-07,11.59,11.79,11.44,11.71,404514
2014-11-10,11.69,11.79,11.44,11.7,315481
2014-11-11,11.77,11.97,11.65,11.88,319910
2014-11-12,11.85,12.13,11.77,11.87,300843
2014-11-13,11.93,11.99,11.38,11.5,333158
2014-11-14,11.45,11.67,11.38,11.64,292428
2014-11-17,11.77,11.85,11.41,11.68,209512
2014-11-18,11.84,11.94,11.6,11.68,364780
2014-11-19,11.75,11.9,11.47,11.48,379324
2014-11-20,11.5,11.75,11.44,11.5,339818
2014-11-21,11.69,11.7,11.31,11.32,385705
2014-11-24,11.51,11.51,11.12,11.12,307690
2014-11-25,11.31,11.31,10.88,10.99,403852
2014-11-26,11.0,11.1,10.9,11.01,281285
2014-11-28,11.01,11.01,10.57,10.74,232042
2014-12-01,10.74,10.78,10.01,10.05,481631
2014-12-02,10.1,10.45,10.1,10.33,267878
2014-12-03,10.35,10.69,10.35,10.47,205281
2014-12-04,10.5,10.64,10.3,10.3,190086
2014-12-05,10.2,10.34,9.94,10.09,357365
2014-12-08,10.0,10.04,9.25,9.31,735679
2014-12-09,9.2,9.77,9.19,9.75,267437
2014-12-10,9.64,9.85,9.51,9.69,288022
2014-12-11,9.61,10.3,9.54,9.95,376988
2014-12-12,9.74,9.88,9.59,9.64,273622
2014-12-15,9.65,9.83,9.05,9.05,472150
2014-12-16,9.01,9.05,8.57,8.69,696862
2014-12-17,8.66,9.21,8.52,9.03,957204
2014-12-18,9.11,9.25,8.91,8.97,612965
2014-12-19,8.97,9.3,8.9,9.3,449346
2014-12-22,9.3,9.4,9.06,9.1,431818
2014-12-23,9.21,9.22,9.06,9.12,392749
2014-12-24,9.1,9.25,9.03,9.03,218211
2014-12-26,9.06,9.23,9.04,9.18,358401
2014-12-29,9.21,9.35,8.75,8.84,837967
2014-12-30,8.74,9.19,8.72,9.13,530394
2014-12-31,9.09,9.79,9.09,9.74,633844
2015-01-02,9.98,9.98,9.52,9.77,170852
2015-01-05,9.76,10.02,9.52,9.94,181950
2015-01-06,9.99,10.28,9.76,9.95,294587
2015-01-07,10.0,10.23,9.96,10.08,163028
2015-01-08,10.02,10.34,10.02,10.27,221465
2015-01-09,10.34,10.41,10.1,10.32,246707
2015-01-12,10.49,10.82,10.29,10.67,323149
2015-01-13,10.7,10.95,10.2,10.52,306490
2015-01-14,10.52,10.52,10.03,10.38,272024
2015-01-15,10.63,10.85,10.41,10.68,333776
2015-01-16,10.4,10.72,10.28,10.69,235395
2015-01-20,10.8,10.8,10.5,10.7,167947
2015-01-21,10.65,11.64,10.56,11.62,336118
2015-01-22,11.78,11.96,11.28,11.58,252492
2015-01-23,11.57,11.79,11.4,11.74,148438
2015-01-26,11.71,12.24,11.62,12.22,271852
2015-01-27,12.03,12.1,11.87,11.96,260846
2015-01-28,11.96,12.05,11.33,11.74,279592
2015-01-29,11.86,11.9,11.26,11.84,173671
2015-01-30,11.97,11.97,11.57,11.7,135142
2015-02-02,11.8,11.83,11.54,11.83,132976
2015-02-03,11.99,12.35,11.75,12.15,333364
2015-02-04,12.23,12.23,11.38,11.46,218398
2015-02-05,11.56,11.72,11.44,11.45,199696
2015-02-06,11.52,11.52,11.27,11.31,159075
2015-02-09,11.4,11.49,11.22,11.45,221088
2015-02-10,11.5,11.72,11.0,11.61,206787
2015-02-11,11.66,11.74,11.37,11.4,161350
2015-02-12,11.46,11.8,11.45,11.74,126113
2015-02-13,11.88,12.2,11.51,11.84,215006
2015-02-17,11.85,12.26,11.7,12.18,240700
2015-02-18,12.24,12.69,12.15,12.6,244837
2015-02-19,12.99,13.72,12.83,13.49,746381
2015-02-20,13.61,13.79,13.33,13.79,434376
2015-02-23,13.94,14.48,13.81,14.4,662074
2015-02-24,14.49,14.63,14.19,14.56,580204
2015-02-25,14.56,14.65,14.38,14.54,443645
2015-02-26,13.95,14.13,13.6,13.83,416295
2015-02-27,13.77,14.02,13.61,14.02,226008
2015-03-02,14.11,14.22,13.86,14.01,199118
2015-03-03,14.0,14.45,13.92,14.14,378165
2015-03-04,14.22,14.22,13.87,14.0,149270
2015-03-05,13.99,14.31,13.97,14.16,230545
2015-03-06,14.15,14.2,13.85,13.95,209174
2015-03-09,14.05,14.13,13.84,13.92,173789
2015-03-10,13.8,14.01,13.65,13.91,266587
2015-03-11,13.89,13.98,13.69,13.79,96934
2015-03-12,13.53,13.95,13.53,13.95,196648
2015-03-13,13.98,14.17,13.78,14.1,259678
2015-03-16,14.1,14.15,13.8,13.92,133097
2015-03-17,13.88,13.93,13.42,13.55,194037
2015-03-18,13.42,13.89,13.4,13.8,143326
2015-03-19,13.8,14.09,13.6,13.71,127973
2015-03-20,13.73,13.82,13.02,13.05,291790
2015-03-23,13.1,13.34,13.07,13.27,160065
2015-03-24,13.3,13.6,13.26,13.48,122211
2015-03-25,13.5,13.57,12.75,12.77,320540
2015-03-26,12.7,13.26,12.7,13.2,149655
2015-03-27,13.26,13.5,13.08,13.42,161318
2015-03-30,13.42,13.59,13.29,13.49,157624
2015-03-31,13.41,13.77,12.96,13.15,223063
2015-04-01,13.1,13.32,13.01,13.23,100750
2015-04-02,13.21,13.39,12.95,13.05,179699
2015-04-06,13.2,13.4,13.07,13.32,117534
2015-04-07,13.3,13.69,13.3,13.53,145912
2015-04-08,13.53,13.7,13.43,13.63,155909
2015-04-09,13.67,14.07,13.57,13.8,208261
2015-04-10,13.8,14.04,13.75,13.78,164707
2015-04-13,13.78,13.93,13.36,13.68,182793
2015-04-14,13.74,13.82,13.5,13.54,149593
2015-04-15,13.45,13.8,13.4,13.7,173121
2015-04-16,13.61,13.92,13.42,13.9,176039
2015-04-17,13.78,13.98,13.66,13.87,180964
2015-04-20,13.9,13.95,13.64,13.78,176796
2015-04-21,13.82,13.87,13.58,13.79,115418
2015-04-22,13.79,13.82,13.58,13.71,99609
2015-04-23,13.7,13.85,13.65,13.84,111887
2015-04-24,13.9,13.9,13.65,13.73,109976
2015-04-27,13.7,13.94,13.58,13.67,103091
2015-04-28,13.62,13.82,13.62,13.77,101957
2015-04-29,13.7,13.87,13.5,13.56,169952
2015-04-30,13.97,14.65,13.8,14.56,404833
2015-05-01,14.56,15.54,14.53,15.46,521191
2015-05-04,15.72,16.12,15.0,15.06,1197022
2015-05-05,15.23,15.46,14.72,14.92,326717
2015-05-06,15.01,15.25,14.72,14.78,325962
2015-05-07,14.48,14.48,13.95,14.1,256073
2015-05-08,14.18,14.24,13.99,14.21,133050
2015-05-11,14.2,14.58,14.1,14.38,223979
2015-05-12,14.2,14.29,13.87,14.1,171527
2015-05-13,14.07,14.6,14.07,14.34,178029
2015-05-14,14.47,14.52,14.17,14.21,126774
2015-05-15,14.18,14.54,14.17,14.38,139686
2015-05-18,14.51,14.51,14.23,14.36,124670
2015-05-19,14.51,14.51,14.06,14.25,197304
2015-05-20,14.25,14.31,14.1,14.28,178945
2015-05-21,14.39,14.47,14.21,14.43,134054
2015-05-22,14.38,14.47,14.25,14.31,61125
2015-05-26,14.38,14.38,13.99,14.19,171336
2015-05-27,14.29,14.36,14.12,14.25,58018
2015-05-28,14.23,14.53,14.21,14.45,150245
2015-05-29,14.42,14.44,14.24,14.25,94902
2015-06-01,14.26,14.28,13.99,14.21,102756
2015-06-02,14.24,14.3,14.02,14.07,75521
2015-06-03,14.06,14.21,13.99,14.16,137396
2015-06-04,14.09,14.13,13.4,13.71,251155
2015-06-05,13.78,13.92,13.55,13.57,107474
2015-06-08,13.62,13.65,13.07,13.07,181867
2015-06-09,12.96,13.25,12.95,13.07,185604
2015-06-10,13.1,13.21,12.65,12.69,340488
2015-06-11,12.69,12.92,12.4,12.71,240553
2015-06-12,12.72,12.88,12.12,12.33,206863
2015-06-15,12.21,12.4,12.12,12.37,109598
2015-06-16,12.37,12.64,12.35,12.53,173664
2015-06-17,12.52,12.52,12.26,12.41,108115
2015-06-18,12.43,12.67,12.32,12.4,162995
2015-06-19,12.42,13.05,12.3,12.74,286941
2015-06-22,12.78,12.97,12.65,12.77,109011
2015-06-23,12.72,13.06,12.72,13.0,123863
2015-06-24,13.1,13.1,12.8,12.82,69641
2015-06-25,12.95,13.06,12.75,13.04,106874
2015-06-26,13.28,13.28,12.77,12.87,117013
2015-06-29,12.67,12.83,12.4,12.49,115344
2015-06-30,12.57,12.71,12.28,12.63,95730
2015-07-01,12.73,12.98,12.6,12.76,94583
2015-07-02,12.72,12.87,12.51,12.79,106447
2015-07-06,12.59,12.81,12.32,12.54,120875
2015-07-07,12.54,12.54,12.2,12.37,298187
2015-07-08,12.24,12.29,12.07,12.24,100853
2015-07-09,12.29,12.43,12.12,12.19,88648
2015-07-10,12.25,12.64,12.24,12.62,98078
2015-07-13,12.68,12.73,12.5,12.7,110383
2015-07-14,12.73,12.78,12.55,12.7,87572
2015-07-15,12.61,12.76,12.2,12.31,174569
2015-07-16,12.27,12.94,12.24,12.81,147588
2015-07-17,12.81,13.04,12.65,12.89,117932
2015-07-20,12.87,12.91,12.54,12.62,180717
2015-07-21,12.62,12.79,12.31,12.44,130091
2015-07-22,12.4,12.67,12.31,12.52,120750
2015-07-23,12.63,12.76,12.3,12.38,132772
2015-07-24,12.34,12.41,12.16,12.29,128775
2015-07-27,12.35,12.42,12.06,12.14,131423
2015-07-28,12.14,12.46,11.96,12.42,100431
2015-07-29,12.37,12.49,12.2,12.32,92124
2015-07-30,12.53,12.99,12.35,12.67,234716
2015-07-31,12.63,12.88,12.35,12.86,113066
2015-08-03,12.89,12.89,12.2,12.23,279832
2015-08-04,12.24,12.24,11.2,11.77,820358
2015-08-05,11.82,11.87,11.36,11.37,223932
2015-08-06,11.22,11.22,10.52,10.95,324517
2015-08-07,10.95,10.95,10.65,10.69,192455
2015-08-10,10.78,10.8,10.3,10.38,727913
2015-08-11,10.37,10.8,10.35,10.75,388811
2015-08-12,10.79,11.75,10.58,11.29,341623
2015-08-13,11.28,11.34,10.92,11.16,176435
2015-08-14,11.2,11.34,10.96,11.34,275894
2015-08-17,11.59,11.86,11.38,11.81,334111
2015-08-18,11.81,11.82,11.61,11.66,170773
2015-08-19,11.55,11.55,10.84,11.01,257254
2015-08-20,10.95,11.26,10.89,10.92,148425
2015-08-21,10.84,11.0,10.22,10.75,377077
2015-08-24,10.06,10.85,9.82,10.54,492715
2015-08-25,10.7,11.08,10.57,10.73,201693
2015-08-26,10.81,10.83,10.32,10.52,265090
2015-08-27,10.62,11.0,10.62,10.88,203176
2015-08-28,10.86,11.36,10.81,11.04,183246
2015-08-31,11.09,11.44,10.86,11.14,195763
2015-09-01,11.04,11.34,11.04,11.14,294026
2015-09-02,11.23,11.23,10.97,10.97,253653
2015-09-03,10.99,11.38,10.99,11.28,246438
2015-09-04,11.19,11.32,11.03,11.23,104162
2015-09-08,11.37,11.42,11.19,11.2,109046
2015-09-09,11.31,11.4,11.06,11.1,112475
2015-09-10,11.01,11.28,11.0,11.16,158630
2015-09-11,11.12,11.21,11.07,11.2,160098
2015-09-14,11.22,11.24,10.82,10.82,242874
2015-09-15,10.82,11.21,10.8,10.93,330261
2015-09-16,10.98,11.11,10.6,10.62,264296
2015-09-17,10.7,11.39,10.7,11.36,284303
2015-09-18,11.24,11.36,11.03,11.33,387948
2015-09-21,11.33,11.34,10.97,10.97,211591
2015-09-22,10.9,10.96,10.5,10.62,385257
2015-09-23,10.66,10.69,10.12,10.61,324446
2015-09-24,10.52,10.52,9.86,10.15,274855
2015-09-25,10.15,10.23,9.92,10.07,186173
2015-09-28,9.99,10.1,9.6,9.83,265814
2015-09-29,9.83,9.98,9.42,9.46,196832
2015-09-30,9.5,9.6,9.32,9.35,242343
2015-10-01,9.35,9.75,9.25,9.75,177833
2015-10-02,9.6,9.77,9.46,9.63,331996
2015-10-05,9.64,10.56,9.64,10.4,288898
2015-10-06,10.42,10.76,10.25,10.4,170951
2015-10-07,10.37,10.66,10.04,10.29,225554
2015-10-08,10.25,10.49,10.1,10.33,172710
2015-10-09,10.31,10.64,10.2,10.41,156350
2015-10-12,10.35,10.41,10.12,10.31,111879
2015-10-13,10.3,10.36,10.16,10.27,174308
2015-10-14,10.2,10.5,10.17,10.38,105584
2015-10-15,10.39,10.54,10.29,10.36,94582
2015-10-16,10.35,10.42,10.18,10.21,122443
2015-10-19,10.17,10.42,10.09,10.18,121098
2015-10-20,10.25,10.32,10.13,10.22,96126
2015-10-21,10.26,10.26,9.95,10.0,194887
2015-10-22,9.95,10.28,9.95,10.04,138194
2015-10-23,10.09,10.22,10.03,10.17,108509
2015-10-26,10.11,10.31,9.85,9.88,168125
2015-10-27,9.91,9.91,9.47,9.57,260783
2015-10-28,9.56,9.98,9.47,9.98,382662
2015-10-29,8.89,9.7,8.84,9.44,962331
2015-10-30,9.37,9.39,8.95,9.12,498126
2015-11-02,9.16,9.48,9.0,9.36,250644
2015-11-03,9.32,9.38,9.14,9.29,172783
2015-11-04,9.24,9.3,8.9,8.92,325339
2015-11-05,8.92,9.0,8.75,8.88,193013
2015-11-06,8.76,8.86,8.59,8.64,277076
2015-11-09,8.59,8.92,8.58,8.84,249792
2015-11-10,8.86,8.86,8.61,8.71,252424
2015-11-11,8.7,8.7,8.52,8.52,217704
2015-11-12,8.51,8.54,8.26,8.44,270481
2015-11-13,8.35,8.68,8.31,8.54,118977
2015-11-16,8.5,8.69,8.41,8.49,206081
2015-11-17,8.41,8.6,8.41,8.47,138283
2015-11-18,8.45,8.57,8.2,8.45,208882
2015-11-19,8.48,8.48,8.1,8.26,220264
2015-11-20,8.28,8.35,8.18,8.27,220339
2015-11-23,8.15,8.55,8.13,8.41,261151
2015-11-24,8.36,8.69,8.31,8.65,172544
2015-11-25,8.62,8.74,8.53,8.66,153575
2015-11-27,8.66,8.66,8.49,8.56,55651
2015-11-30,8.5,8.89,8.5,8.64,188450
2015-12-01,8.6,8.89,8.6,8.69,137210
2015-12-02,8.65,8.79,8.45,8.5,179742
2015-12-03,8.46,8.55,8.35,8.39,156036
2015-12-04,8.4,8.49,8.2,8.33,221077
2015-12-07,8.3,8.31,7.78,7.8,382053
2015-12-08,7.65,8.4,7.65,8.36,326657
2015-12-09,8.41,8.5,8.1,8.26,252884
2015-12-10,8.25,8.25,8.09,8.16,175248
2015-12-11,8.04,8.04,7.74,7.82,211045
2015-12-14,7.8,7.8,7.35,7.39,335062
2015-12-15,7.49,7.61,7.41,7.54,184369
2015-12-16,7.55,7.62,7.45,7.58,134534
2015-12-17,7.55,7.79,7.43,7.43,260423
2015-12-18,7.4,7.57,7.16,7.16,385648
2015-12-21,7.2,7.36,7.11,7.13,251883
2015-12-22,7.15,7.48,7.15,7.41,249556
2015-12-23,7.44,7.94,7.44,7.87,264655
2015-12-24,7.82,8.18,7.7,8.15,175603
2015-12-28,8.02,8.04,7.82,7.86,283676
2015-12-29,7.85,8.05,7.84,7.84,214697
2015-12-30,7.76,8.0,7.75,7.77,200153
2015-12-31,7.75,8.03,7.73,8.01,278971
2016-01-04,7.7,7.99,7.5,7.97,332199
2016-01-05,7.96,7.96,7.63,7.71,105526
2016-01-06,7.63,7.65,7.51,7.56,212907
2016-01-07,7.49,7.57,7.3,7.33,143630
2016-01-08,7.33,7.56,7.31,7.33,142449
2016-01-11,7.3,7.35,6.98,7.03,216070
2016-01-12,7.11,7.15,6.6,6.66,365405
2016-01-13,6.61,6.75,6.35,6.45,240977
2016-01-14,6.4,6.43,5.97,6.11,384086
2016-01-15,5.91,5.98,5.69,5.76,319271
2016-01-19,5.76,5.86,5.37,5.44,357146
2016-01-20,5.31,5.37,4.77,4.88,638086
2016-01-21,4.85,5.12,4.85,5.01,326130
2016-01-22,5.1,5.51,5.1,5.45,177553
2016-01-25,5.4,5.48,5.13,5.13,141912
2016-01-26,5.13,5.45,5.01,5.36,210250
2016-01-27,5.29,5.4,5.18,5.22,92447
2016-01-28,5.22,5.31,5.08,5.21,89770
2016-01-29,5.2,5.44,5.2,5.44,131585
2016-02-01,5.44,5.45,5.25,5.35,110985
2016-02-02,5.27,5.33,5.07,5.11,119558
2016-02-03,5.16,5.31,4.99,5.3,178728
2016-02-04,5.24,6.05,5.24,6.0,287922
2016-02-05,6.05,6.12,5.81,6.1,177770
2016-02-08,6.0,6.0,5.36,5.51,230000
2016-02-09,5.49,5.54,5.28,5.3,130732
2016-02-10,5.3,5.32,5.15,5.2,150624
2016-02-11,5.19,5.31,5.12,5.2,111201
2016-02-12,5.2,5.47,5.2,5.27,119232
2016-02-16,5.27,5.32,4.93,5.26,251818
2016-02-17,5.41,6.65,5.37,5.81,407337
2016-02-18,6.66,8.0,6.29,6.47,917250
2016-02-19,6.5,6.76,6.12,6.5,393075
2016-02-22,6.62,7.72,6.6,7.35,521085
2016-02-23,7.4,7.64,7.12,7.5,283336
2016-02-24,7.38,7.68,7.11,7.41,341109
2016-02-25,7.0,7.22,6.82,7.02,204846
2016-02-26,7.13,7.16,6.8,6.92,154641
2016-02-29,6.92,7.24,6.91,7.03,133400
2016-03-01,7.05,7.31,7.01,7.03,177996
2016-03-02,7.05,7.54,7.05,7.35,250363
2016-03-03,7.45,7.7,7.16,7.21,217682
2016-03-04,7.27,7.5,7.22,7.46,259066
2016-03-07,7.67,7.97,7.39,7.44,353345
2016-03-08,7.6,7.62,7.15,7.16,417446
2016-03-09,7.4,7.52,7.22,7.4,169472
2016-03-10,7.33,7.38,7.11,7.3,185463
2016-03-11,7.41,7.45,7.18,7.23,193768
2016-03-14,7.23,7.33,7.07,7.13,333978
2016-03-15,7.25,7.25,6.85,6.92,270463
2016-03-16,6.89,7.04,6.53,7.03,351494
2016-03-17,7.09,7.17,7.03,7.08,214968
2016-03-18,7.1,7.31,7.0,7.0,345497
2016-03-21,7.0,7.25,6.92,7.16,214452
2016-03-22,7.18,7.54,7.07,7.49,232920
2016-03-23,7.42,7.63,7.37,7.54,222185
2016-03-24,7.52,7.95,7.37,7.9,182699
2016-03-28,7.94,8.14,7.81,8.11,191723
2016-03-29,8.11,8.59,7.8,8.4,264714
2016-03-30,8.42,8.75,8.33,8.6,229601
2016-03-31,8.62,8.84,8.36,8.36,203670
2016-04-01,8.25,8.39,7.89,8.08,307001
2016-04-04,8.08,8.23,7.77,7.79,299541
2016-04-05,7.76,7.98,7.59,7.97,256658
2016-04-06,8.12,8.14,7.69,7.79,428839
2016-04-07,7.71,7.84,7.59,7.76,253518
2016-04-08,7.78,7.96,7.45,7.48,422379
2016-04-11,7.61,7.7,7.4,7.51,152338
2016-04-12,7.66,7.79,7.36,7.5,356558
2016-04-13,7.51,7.64,7.42,7.5,277592
2016-04-14,7.68,7.68,7.11,7.14,691705
2016-04-15,7.15,7.46,7.03,7.42,459830
2016-04-18,7.35,7.37,7.11,7.23,185487
2016-04-19,7.27,7.4,7.21,7.3,473598
2016-04-20,7.29,7.37,7.18,7.26,434970
2016-04-21,7.33,7.44,7.26,7.35,234015
2016-04-22,7.36,7.65,7.36,7.54,254577
2016-04-25,7.6,7.65,7.48,7.6,162087
2016-04-26,7.62,8.02,7.58,7.97,279262
2016-04-27,7.97,8.24,7.65,8.11,328282
2016-04-28,8.25,8.89,8.01,8.59,704581
2016-04-29,8.72,8.84,8.5,8.7,345122
2016-05-02,8.84,8.96,8.58,8.8,348682
2016-05-03,8.83,8.85,8.51,8.54,352119
2016-05-04,8.51,8.63,8.08,8.2,555899
2016-05-05,8.09,8.21,7.9,8.19,330156
2016-05-06,8.2,8.27,8.0,8.09,195647
2016-05-09,8.04,8.08,7.84,7.9,161754
2016-05-10,8.0,8.42,7.92,8.36,260562
2016-05-11,8.46,8.8,8.29,8.54,366387
2016-05-12,8.56,8.7,8.0,8.06,195067
2016-05-13,8.0,8.18,7.96,8.1,161759
2016-05-16,8.45,8.54,8.02,8.17,234247
2016-05-17,8.33,8.57,8.12,8.35,271619
2016-05-18,8.25,8.4,8.1,8.15,153436
2016-05-19,8.08,8.42,8.08,8.41,185858
2016-05-20,8.64,8.98,8.55,8.88,597186
2016-05-23,8.88,9.32,8.88,9.08,425575
2016-05-24,9.08,9.25,9.01,9.12,294201
2016-05-25,9.1,9.24,8.85,9.15,299542
2016-05-26,9.17,9.25,9.05,9.24,203565
2016-05-27,9.15,9.25,9.1,9.17,152822
2016-05-31,9.18,9.21,8.77,8.95,216482
2016-06-01,8.95,9.15,8.75,9.15,174729
2016-06-02,9.16,9.34,9.16,9.34,200775
2016-06-03,9.37,9.44,9.25,9.32,164188
2016-06-06,9.3,9.54,9.24,9.47,253168
2016-06-07,9.5,9.75,9.44,9.6,205689
2016-06-08,9.56,9.64,9.4,9.43,319958
2016-06-09,9.32,9.5,9.03,9.07,230465
2016-06-10,8.99,9.01,8.75,8.76,424326
2016-06-13,8.65,8.82,8.58,8.61,180450
2016-06-14,8.58,8.69,7.74,8.14,644475
2016-06-15,8.15,8.48,8.1,8.15,222480
2016-06-16,8.01,8.2,8.01,8.12,112290
2016-06-17,8.12,8.24,7.94,7.95,505946
2016-06-20,8.09,8.26,7.91,8.05,199647
2016-06-21,8.0,8.13,7.73,7.85,237293
2016-06-22,7.83,8.06,7.83,7.95,119238
2016-06-23,8.03,8.23,8.01,8.18,249612
2016-06-24,7.95,8.08,7.77,7.9,182194
2016-06-27,7.79,7.82,7.37,7.51,292283
2016-06-28,7.8,7.98,7.73,7.95,179234
2016-06-29,7.96,8.25,7.96,8.18,162809
2016-06-30,8.19,8.22,8.02,8.17,175660
2016-07-01,8.04,8.33,8.04,8.31,154177
2016-07-05,8.27,8.39,8.09,8.16,180772
2016-07-06,8.12,8.21,8.01,8.15,170579
2016-07-07,8.14,8.26,7.93,8.04,133276
2016-07-08,8.03,8.15,7.97,8.04,153240
2016-07-11,8.15,8.2,8.05,8.06,154316
2016-07-12,8.15,8.41,8.06,8.09,148909
2016-07-13,8.11,8.21,8.05,8.09,145754
2016-07-14,8.07,8.25,7.95,7.95,290834
2016-07-15,7.99,8.1,7.95,7.95,158478
2016-07-18,7.95,8.15,7.62,8.1,378259
2016-07-19,8.1,8.21,7.92,8.05,183057
2016-07-20,8.05,8.2,7.95,8.19,119831
2016-07-21,8.07,8.19,8.01,8.01,125166
2016-07-22,8.0,8.1,7.92,7.98,154028
2016-07-25,8.0,8.08,7.92,8.07,185274
2016-07-26,8.03,8.14,7.99,8.01,159012
2016-07-27,8.01,8.11,7.98,8.0,196768
2016-07-28,7.8,7.85,7.21,7.45,700396
2016-07-29,7.49,7.59,7.3,7.31,277254
2016-08-01,7.3,7.54,7.25,7.48,588266
2016-08-02,7.46,7.58,7.27,7.5,319769
2016-08-03,7.5,7.55,7.35,7.48,231523
2016-08-04,7.19,7.42,6.8,6.84,530963
2016-08-05,6.85,6.99,6.76,6.85,243220
2016-08-08,6.8,6.98,6.68,6.76,262953
2016-08-09,6.7,6.81,6.62,6.7,304957
2016-08-10,6.75,6.8,6.61,6.65,192002
2016-08-11,6.65,6.72,6.6,6.6,149626
2016-08-12,6.66,6.72,6.56,6.64,293092
2016-08-15,6.63,6.95,6.58,6.93,419968
2016-08-16,6.97,7.16,6.86,6.87,293853
2016-08-17,6.9,6.99,6.72,6.97,298259
2016-08-18,6.96,6.98,6.8,6.83,210698
2016-08-19,6.82,6.89,6.77,6.83,178998
2016-08-22,6.77,6.95,6.66,6.67,342151
2016-08-23,6.69,6.75,6.5,6.61,443350
2016-08-24,6.61,6.63,6.49,6.54,270921
2016-08-25,6.5,6.54,6.3,6.4,253865
2016-08-26,6.37,6.37,5.82,5.87,773464
2016-08-29,5.87,6.02,5.66,5.69,670753
2016-08-30,5.69,6.22,5.65,5.98,703159
2016-08-31,6.0,6.16,5.85,5.99,175345
2016-09-01,6.05,6.06,5.86,5.87,102702
2016-09-02,5.89,6.11,5.88,6.02,161158
2016-09-06,5.96,6.09,5.94,5.99,193742
2016-09-07,5.95,5.99,5.86,5.88,347787
2016-09-08,5.84,5.94,5.73,5.86,274542
2016-09-09,5.85,5.94,5.71,5.71,234532
2016-09-12,5.7,5.71,5.56,5.56,337995
2016-09-13,5.51,5.53,5.15,5.22,645469
2016-09-14,5.17,5.2,5.05,5.13,440188
2016-09-15,5.09,5.13,4.99,5.03,341340
2016-09-16,5.0,5.28,4.99,5.28,423882
2016-09-19,5.36,5.55,5.28,5.44,366581
2016-09-20,5.48,5.53,5.13,5.13,399836
2016-09-21,5.18,5.25,5.1,5.16,185454
2016-09-22,5.19,5.29,5.18,5.19,162994
2016-09-23,5.15,5.26,5.13,5.22,186072
2016-09-26,5.14,5.35,5.13,5.26,175116
2016-09-27,5.2,5.26,5.15,5.22,132815
2016-09-28,5.22,5.3,5.15,5.27,134311
2016-09-29,5.3,5.32,5.2,5.25,88567
2016-09-30,5.32,5.37,5.19,5.3,282951
2016-10-03,5.3,5.43,5.26,5.29,233540
2016-10-04,5.25,5.42,5.22,5.3,232688
2016-10-05,5.3,5.74,5.26,5.61,527780
2016-10-06,5.61,5.71,5.4,5.43,207735
2016-10-07,5.5,5.5,5.2,5.3,291668
2016-10-10,5.39,5.43,5.23,5.23,241995
2016-10-11,5.3,5.34,4.95,4.99,674964
2016-10-12,5.0,5.05,4.83,4.87,486338
2016-10-13,4.86,4.96,4.75,4.87,291969
2016-10-14,4.88,4.99,4.66,4.75,525569
2016-10-17,4.7,4.78,4.57,4.6,269836
2016-10-18,4.65,4.88,4.6,4.86,234540
2016-10-19,4.84,5.09,4.83,5.08,201436
2016-10-20,5.1,5.18,5.06,5.16,225267
2016-10-21,5.15,5.22,5.08,5.15,159726
2016-10-24,5.16,5.18,5.1,5.1,172947
2016-10-25,5.16,5.21,5.13,5.13,234507
2016-10-26,5.1,5.19,4.64,4.75,491719
2016-10-27,4.4,5.06,4.4,5.04,945050
2016-10-28,5.07,5.07,4.96,5.03,501727
2016-10-31,4.96,4.99,4.54,4.56,561711
2016-11-01,4.52,4.74,4.51,4.56,330822
2016-11-02,4.51,4.56,4.33,4.45,406707
2016-11-03,4.43,4.47,4.05,4.14,745233
2016-11-04,4.13,4.25,4.08,4.2,284686
2016-11-07,4.27,4.35,4.05,4.06,243967
2016-11-08,4.06,4.26,4.05,4.24,272824
2016-11-09,4.24,4.58,4.17,4.58,338289
2016-11-10,4.58,4.75,4.53,4.68,312580
2016-11-11,4.68,4.79,4.61,4.71,134731
2016-11-14,4.71,4.89,4.62,4.63,204298
2016-11-15,4.61,4.77,4.5,4.63,252869
2016-11-16,4.63,4.72,4.49,4.67,228999
2016-11-17,4.67,4.78,4.51,4.58,274724
2016-11-18,4.65,5.07,4.58,5.04,462832
2016-11-21,5.2,5.29,5.07,5.16,520680
2016-11-22,5.24,5.27,4.87,4.97,368886
2016-11-23,5.0,5.08,4.85,4.98,175585
2016-11-25,4.98,5.1,4.95,5.08,116000
2016-11-28,5.09,5.09,4.91,4.91,239276
2016-11-29,4.9,5.0,4.84,4.93,180253
2016-11-30,4.99,5.05,4.88,4.95,185258
2016-12-01,4.95,5.02,4.84,4.88,166488
2016-12-02,4.84,5.0,4.84,4.96,558369
2016-12-05,4.98,5.25,4.98,5.22,654867
2016-12-06,5.28,5.39,5.17,5.22,579348
2016-12-07,5.21,5.59,5.21,5.4,675826
2016-12-08,5.41,5.6,5.4,5.47,442469
2016-12-09,5.47,5.82,5.46,5.73,618836
2016-12-12,5.8,5.87,5.46,5.69,634623
2016-12-13,5.61,5.85,5.61,5.72,634466
2016-12-14,5.7,5.76,5.42,5.46,343296
2016-12-15,5.52,5.65,5.4,5.44,274992
2016-12-16,5.42,5.65,5.4,5.65,361305
2016-12-19,5.56,5.76,5.53,5.75,460152
2016-12-20,5.7,5.95,5.66,5.85,366119
2016-12-21,5.78,6.03,5.77,6.01,512832
2016-12-22,6.0,6.37,5.99,6.16,627293
2016-12-23,6.14,6.37,6.1,6.23,398972
2016-12-27,6.23,6.34,5.97,6.16,318417
2016-12-28,6.16,6.2,5.92,6.06,428604
2016-12-29,6.08,6.18,6.04,6.17,371382
2016-12-30,6.12,6.19,5.98,6.01,409359
2017-01-03,6.08,6.35,6.07,6.33,345299
2017-01-04,6.36,6.42,6.25,6.37,160933
2017-01-05,6.31,6.61,6.28,6.57,410595
2017-01-06,6.63,6.63,6.31,6.43,263456
2017-01-09,6.46,6.46,6.21,6.35,214855
2017-01-10,6.35,6.42,6.23,6.32,123541
2017-01-11,6.3,6.47,6.25,6.35,293837
2017-01-12,6.32,6.37,6.29,6.34,180227
2017-01-13,6.3,6.45,6.26,6.37,212834
2017-01-17,6.43,6.93,6.3,6.66,1360207
2017-01-18,6.7,6.75,6.44,6.45,464825
2017-01-19,6.51,6.57,6.13,6.15,334391
2017-01-20,6.2,6.5,6.2,6.46,403850
2017-01-23,6.45,6.5,6.35,6.46,229352
2017-01-24,6.49,6.9,6.43,6.89,396125
2017-01-25,6.9,6.95,6.72,6.73,246478
2017-01-26,6.63,6.76,6.4,6.5,476457
2017-01-27,6.51,6.68,6.47,6.64,227642
2017-01-30,6.59,6.64,6.42,6.51,130026
2017-01-31,6.46,6.56,6.32,6.35,180706
2017-02-01,6.3,6.64,6.3,6.63,2389901
2017-02-02,6.6,6.63,6.35,6.39,161491
2017-02-03,6.4,6.51,6.3,6.33,197149
2017-02-06,6.24,6.28,6.07,6.2,272055
2017-02-07,6.2,6.21,5.88,6.09,792414
2017-02-08,6.03,6.18,5.98,6.13,148701
2017-02-09,6.19,6.2,6.1,6.15,2190854
2017-02-10,6.12,6.17,6.04,6.12,174449
2017-02-13,6.13,6.21,6.08,6.14,1297075
2017-02-14,6.12,6.15,5.92,6.12,458078
2017-02-15,6.07,6.17,5.94,5.98,377989
2017-02-16,5.86,5.9,5.15,5.78,1132714
2017-02-17,5.73,5.86,5.66,5.84,336275
2017-02-21,5.75,5.77,5.54,5.64,675127
2017-02-22,5.54,5.79,5.54,5.68,779470
2017-02-23,5.63,5.71,5.29,5.37,1023030
2017-02-24,5.31,5.39,5.26,5.32,199302
2017-02-27,5.34,5.34,5.08,5.16,421208
2017-02-28,5.12,5.29,5.12,5.19,556432
2017-03-01,5.15,5.32,5.15,5.2,1884259
2017-03-02,5.19,5.28,5.14,5.24,298750
2017-03-03,5.21,5.3,5.18,5.2,251353
2017-03-06,5.17,5.17,4.87,4.89,544535
2017-03-07,4.86,4.89,4.71,4.74,691114
2017-03-08,4.73,4.77,4.55,4.76,938438
2017-03-09,4.76,4.96,4.63,4.7,566815
2017-03-10,4.73,4.73,4.51,4.55,390170
2017-03-13,4.55,4.56,4.49,4.54,339941
2017-03-14,4.51,4.54,4.31,4.38,362815
2017-03-15,4.4,4.47,4.3,4.44,364283
2017-03-16,4.43,4.64,4.41,4.63,256215
2017-03-17,4.63,4.8,4.46,4.5,743060
2017-03-20,4.87,4.99,4.8,4.88,590994
2017-03-21,4.92,4.95,4.67,4.75,358606
2017-03-22,4.76,4.82,4.62,4.8,228876
2017-03-23,4.81,4.95,4.75,4.89,287250
2017-03-24,4.89,4.93,4.66,4.67,200405
2017-03-27,4.62,4.65,4.5,4.58,392940
2017-03-28,4.56,4.77,4.52,4.73,300929
2017-03-29,4.7,4.86,4.65,4.8,240092
2017-03-30,4.85,4.85,4.7,4.77,187444
2017-03-31,4.73,4.77,4.65,4.65,124474
2017-04-03,4.64,4.67,4.52,4.57,194112
2017-04-04,4.55,4.63,4.52,4.62,133062
2017-04-05,4.63,4.69,4.51,4.53,172298
2017-04-06,4.51,4.67,4.5,4.64,165864
2017-04-07,4.62,4.84,4.53,4.75,446096
2017-04-10,4.74,5.08,4.68,5.05,462202
2017-04-11,5.04,5.04,4.86,4.95,227591
2017-04-12,4.95,4.96,4.69,4.73,265861
2017-04-13,4.72,4.8,4.61,4.72,219597
2017-04-17,4.69,4.86,4.61,4.75,198506
2017-04-18,4.73,4.94,4.72,4.82,170432
2017-04-19,4.78,4.8,4.64,4.66,497669
2017-04-20,4.64,4.69,4.51,4.55,238717
2017-04-21,4.53,4.67,4.51,4.66,173431
2017-04-24,4.67,4.74,4.5,4.57,183361
2017-04-25,4.59,4.83,4.59,4.77,267925
2017-04-26,4.73,4.83,4.67,4.71,244815
2017-04-27,4.76,5.05,4.68,4.94,562327
2017-04-28,4.9,5.02,4.87,4.91,241732
2017-05-01,4.88,4.94,4.71,4.85,603434
2017-05-02,4.81,4.96,4.77,4.81,360595
2017-05-03,4.77,4.84,4.62,4.69,334101
2017-05-04,4.67,4.71,4.49,4.53,362375
2017-05-05,4.52,4.75,4.5,4.72,115185
2017-05-08,4.66,4.85,4.63,4.73,234076
2017-05-09,4.7,4.76,4.53,4.58,190965
2017-05-10,4.58,4.9,4.58,4.8,298228
2017-05-11,4.78,4.79,4.63,4.72,85120
2017-05-12,4.65,4.68,4.54,4.59,162766
2017-05-15,4.6,4.75,4.59,4.67,177328
2017-05-16,4.63,4.8,4.6,4.69,289236
2017-05-17,4.58,4.85,4.58,4.76,256854
2017-05-18,4.75,4.95,4.75,4.76,261531
2017-05-19,4.75,4.87,4.65,4.7,454370
2017-05-22,4.7,4.75,4.62,4.69,331115
2017-05-23,4.69,4.76,4.63,4.74,152664
2017-05-24,4.74,4.81,4.66,4.78,552750
2017-05-25,4.73,4.78,4.46,4.48,406447
2017-05-26,4.5,4.6,4.41,4.41,230194
2017-05-30,4.4,4.45,4.01,4.01,571354
2017-05-31,4.0,4.02,3.79,3.83,580061
2017-06-01,3.82,4.0,3.82,3.89,333141
2017-06-02,3.89,3.95,3.76,3.78,378909
2017-06-05,3.76,3.76,3.38,3.57,695816
2017-06-06,3.53,3.99,3.53,3.94,287708
2017-06-07,3.95,4.06,3.88,4.03,368541
2017-06-08,4.0,4.23,3.97,4.06,262460
2017-06-09,4.07,4.13,4.02,4.08,154725
2017-06-12,4.08,4.19,3.85,3.87,254795
2017-06-13,3.87,4.13,3.87,4.04,172052
2017-06-14,4.03,4.07,3.85,3.94,93518
2017-06-15,3.9,4.03,3.75,3.83,96415
2017-06-16,3.8,3.89,3.77,3.86,128263
2017-06-19,3.87,3.99,3.85,3.9,2902400
2017-06-20,3.85,3.9,3.64,3.68,271086
2017-06-21,3.66,3.72,3.54,3.57,264505
2017-06-22,3.54,3.7,3.5,3.52,245681
2017-06-23,3.52,3.75,3.52,3.69,126236
2017-06-26,3.72,3.75,3.61,3.62,154237
2017-06-27,3.65,3.65,3.55,3.57,305979
2017-06-28,3.61,3.67,3.56,3.6,214100
2017-06-29,3.62,3.66,3.55,3.56,148412
2017-06-30,3.57,3.58,3.44,3.49,425127
2017-07-03,3.5,3.93,3.5,3.89,319655
2017-07-05,3.9,3.93,3.5,3.52,229800
2017-07-06,3.62,3.72,3.58,3.62,213669
2017-07-07,3.58,3.6,3.43,3.47,309182
2017-07-10,3.44,3.63,3.41,3.56,321168
2017-07-11,3.58,3.63,3.44,3.57,127294
2017-07-12,3.61,3.67,3.51,3.53,212672
2017-07-13,3.52,3.63,3.52,3.59,140158
2017-07-14,3.58,3.82,3.58,3.7,221213
2017-07-17,3.71,3.85,3.7,3.74,114183
2017-07-18,3.75,3.8,3.66,3.72,84327
2017-07-19,3.68,3.9,3.68,3.83,250197
2017-07-20,3.83,4.08,3.83,3.92,284009
2017-07-21,3.91,4.07,3.88,4.0,123095
2017-07-24,3.97,4.0,3.81,3.85,110130
2017-07-25,3.85,4.05,3.83,3.93,154451
2017-07-26,4.0,4.0,3.7,3.77,200109
2017-07-27,3.61,3.71,3.49,3.51,407139
2017-07-28,3.5,3.7,3.5,3.53,211155
2017-07-31,,3.69,,3.63,184988
2017-08-01,3.63,3.65,3.54,3.56,127714
