Date,Open,High,Low,Close,Volume
2014-07-31,11.0,11.2,9.02,10.25,1524856
2014-08-01,9.55,10.65,9.4,9.88,47685
2014-08-04,10.4,10.48,9.75,10.48,35545
2014-08-05,10.5,10.65,10.26,10.65,19935
2014-08-06,10.35,11.0,10.35,11.0,37091
2014-08-07,10.7,11.15,10.7,11.15,101912
2014-10-01,6.02,6.13,5.85,5.85,1242273
2014-10-02,6.0,6.0,5.8,5.85,24035
2014-10-03,5.99,6.1,5.25,6.1,21489
2014-10-06,5.95,6.05,5.85,6.05,18642
2014-10-07,6.05,6.56,6.0,6.56,39926
2014-10-08,6.88,6.88,6.15,6.69,21397
2014-10-09,6.21,6.5,6.0,6.15,25574
2014-10-10,6.0,6.18,6.0,6.18,5520
2014-10-13,6.5,6.5,5.9,6.01,11624
2014-10-14,5.91,6.08,5.9,5.9,4070
2014-10-15,6.78,7.29,6.0,6.04,1525
2014-10-16,5.95,6.1,5.95,5.95,6707
2014-10-17,6.37,6.83,6.37,6.49,3260
2014-10-20,6.55,6.55,6.41,6.5,4705
2014-10-21,6.45,6.45,6.45,6.45,270
2014-10-22,6.1,6.1,5.96,6.0,598
2014-10-23,6.05,6.49,5.85,6.11,58052
2014-10-24,6.16,6.43,6.02,6.43,51493
2014-10-27,6.2,6.74,6.0,6.6,49587
2014-10-28,6.66,6.9,6.32,6.77,26848
2014-10-29,6.65,6.84,6.55,6.8,41634
2014-10-30,6.73,7.4,6.73,6.95,69960
2014-10-31,6.97,7.2,6.5,6.72,7797
2014-11-03,6.72,6.75,6.5,6.5,1055
2014-11-04,6.54,6.6,6.51,6.6,5382
2014-11-06,6.5,6.9,6.4,6.42,10818
2014-11-07,6.56,6.87,6.03,6.08,11340
2014-11-10,6.03,6.43,6.03,6.07,11794
2014-11-11,6.4,6.41,6.15,6.15,3633
2014-11-12,6.16,6.4,6.16,6.35,7931
2014-11-13,6.45,7.56,6.25,6.94,27320
2014-11-14,7.35,7.35,6.2,6.2,6267
2014-11-17,6.64,6.64,6.18,6.22,4900
2014-11-18,6.74,6.74,6.15,6.31,8564
2014-11-19,6.75,6.75,6.2,6.2,9360
2014-11-20,6.4,6.42,6.15,6.2,16774
2014-11-21,6.75,6.75,6.15,6.15,17737
2014-11-24,6.35,6.71,6.15,6.2,8330
2014-11-25,6.35,6.69,6.2,6.28,26316
2014-11-26,6.34,6.34,6.2,6.22,6790
2014-11-28,6.13,6.48,6.1,6.2,3900
2014-12-01,6.2,6.38,6.0,6.2,29463
2014-12-02,6.31,6.31,6.0,6.0,2406
2014-12-03,6.0,6.46,5.9,5.9,8271
2014-12-04,6.0,6.0,6.0,6.0,300
2014-12-05,5.9,6.19,4.65,5.97,79167
2014-12-08,5.9,6.08,5.81,6.08,13456
2014-12-09,6.0,6.15,5.77,6.15,1588
2014-12-10,5.97,6.02,5.55,5.79,4195
2014-12-11,5.97,6.02,5.62,6.02,7536
2014-12-12,6.09,6.09,5.6,5.95,3995
2014-12-15,6.01,6.01,5.51,5.51,624
2014-12-16,5.61,5.93,5.61,5.91,600
2014-12-17,5.99,5.99,5.99,5.99,147
2014-12-18,6.04,6.08,5.5,5.5,1677
2014-12-19,5.58,5.94,5.58,5.93,720
2014-12-22,5.93,6.74,5.93,5.93,8651
2014-12-23,5.96,6.5,5.96,6.5,8100
2014-12-24,6.25,6.27,6.0,6.0,4675
2014-12-26,6.0,6.0,6.0,6.0,100
2014-12-29,6.01,6.01,5.5,5.5,4777
2014-12-30,5.73,6.36,5.73,5.91,6800
2014-12-31,6.49,6.49,5.67,5.91,6543
2015-01-02,6.0,6.75,5.61,6.75,88058
2015-01-05,6.86,9.49,6.85,7.91,144783
2015-01-06,7.55,8.22,7.55,8.14,23163
2015-01-07,8.35,8.35,7.7,7.81,27599
2015-01-08,8.19,10.82,8.19,10.78,157545
2015-01-09,10.5,10.6,9.7,10.52,51443
2015-01-12,9.89,10.35,9.05,10.35,12061
2015-01-13,10.6,11.17,9.97,10.6,38118
2015-01-14,10.45,12.98,10.45,12.59,246528
2015-01-15,12.63,13.48,12.02,12.21,57269
2015-01-16,12.12,12.8,11.01,12.11,34739
2015-01-20,13.5,14.84,12.25,13.6,104959
2015-01-21,14.2,14.82,13.01,13.11,74124
2015-01-22,13.5,13.5,12.25,12.51,49805
2015-01-23,12.8,14.04,12.8,13.55,26004
2015-01-26,13.66,14.69,13.04,14.53,51692
2015-01-27,14.56,17.02,13.82,16.23,80140
2015-01-28,16.99,16.99,14.56,15.5,64547
2015-01-29,16.01,16.01,14.56,15.3,26240
2015-01-30,15.37,15.99,14.5,15.8,17349
2015-02-02,15.2,15.8,14.71,15.4,24429
2015-02-03,15.4,15.58,12.93,13.82,66716
2015-02-04,14.0,14.0,12.62,12.78,10483
2015-02-05,12.94,13.15,12.15,12.23,25668
2015-02-06,12.5,13.97,12.11,13.71,39679
2015-02-09,14.07,14.3,13.77,13.95,42059
2015-02-10,14.42,14.42,13.65,14.23,35623
2015-02-11,13.9,14.14,13.6,14.02,17833
2015-02-12,13.65,13.93,13.49,13.87,36725
2015-02-13,13.63,14.25,12.58,14.11,25906
2015-02-17,7.0,7.02,4.83,4.87,1999245
2015-02-18,5.01,5.01,4.45,4.45,584137
2015-02-19,4.46,4.58,4.25,4.39,284953
2015-02-20,4.22,4.4,4.2,4.25,206882
2015-02-23,4.23,4.25,3.95,4.08,363359
2015-02-24,4.0,4.36,3.95,4.12,166693
2015-02-25,4.23,4.23,3.95,4.16,118575
2015-02-26,4.2,4.23,4.01,4.19,110143
2015-02-27,4.16,4.22,4.0,4.04,75718
2015-03-02,4.05,4.16,3.85,3.86,115621
2015-03-03,3.95,3.95,3.65,3.68,116805
2015-03-04,3.66,3.91,3.62,3.76,83774
2015-03-05,3.79,3.96,3.76,3.77,53385
2015-03-06,3.78,3.89,3.75,3.75,39532
2015-03-09,3.75,3.9,3.65,3.68,74982
2015-03-10,3.7,3.7,3.43,3.55,59887
2015-03-11,3.55,3.55,3.33,3.44,53400
2015-03-12,3.35,3.4,3.22,3.22,61798
2015-03-13,3.26,3.33,3.09,3.23,63920
2015-03-16,3.16,3.2,3.13,3.19,17593
2015-03-17,3.23,3.36,3.18,3.35,44469
2015-03-18,3.41,3.45,3.26,3.38,31328
2015-03-19,3.38,5.0,3.38,4.74,823115
2015-03-20,5.5,6.46,5.45,5.75,9035125
2015-03-23,5.81,6.18,5.53,6.05,1333018
2015-03-24,6.1,6.1,5.51,5.59,430393
2015-03-25,6.34,7.86,6.25,7.22,13547092
2015-03-26,6.63,6.97,5.87,6.02,1428471
2015-03-27,6.0,6.59,5.38,5.68,2125532
2015-03-30,5.71,5.98,5.18,5.29,481291
2015-03-31,5.15,5.8,5.1,5.2,493336
2015-04-01,5.15,5.17,4.5,4.63,533399
2015-04-02,4.61,4.91,4.52,4.77,305087
2015-04-06,4.61,5.29,4.61,4.9,428926
2015-04-07,4.9,5.0,4.6,4.65,250451
2015-04-08,4.61,4.8,4.5,4.57,164323
2015-04-09,4.6,4.72,4.5,4.54,95852
2015-04-10,4.56,4.64,4.55,4.6,73023
2015-04-13,4.8,4.8,4.5,4.51,78148
2015-04-14,4.45,4.71,4.45,4.63,76979
2015-04-15,4.63,5.19,4.63,5.12,436603
2015-04-16,5.12,5.33,4.75,4.8,207949
2015-04-17,4.8,4.84,4.66,4.83,64658
2015-04-20,4.8,4.8,4.52,4.55,135833
2015-04-21,4.57,4.68,4.37,4.45,101371
2015-04-22,4.48,4.69,4.35,4.37,60282
2015-04-23,4.36,4.37,4.11,4.16,128973
2015-04-24,4.08,4.36,4.04,4.23,82256
2015-04-27,4.24,4.26,4.05,4.07,70542
2015-04-28,4.1,4.1,3.85,3.91,130717
2015-04-29,3.9,3.9,3.7,3.76,104707
2015-04-30,3.75,3.86,3.66,3.67,93744
2015-05-01,3.69,3.78,3.69,3.71,20707
2015-05-04,3.77,4.24,3.77,4.12,117977
2015-05-05,4.16,4.19,3.83,3.94,65592
2015-05-06,3.9,3.9,3.68,3.72,50799
2015-05-07,3.72,3.86,3.6,3.66,41394
2015-05-08,3.73,3.78,3.68,3.73,33780
2015-05-11,3.75,4.2,3.69,4.06,121734
2015-05-12,4.28,4.28,3.71,3.95,89312
2015-05-13,4.01,4.08,3.7,4.08,80180
2015-05-14,5.05,7.09,5.05,6.44,16739360
2015-05-15,5.96,6.32,5.6,5.76,3189080
2015-05-18,5.96,6.12,5.52,5.55,738106
2015-05-19,5.55,5.63,4.97,5.06,901090
2015-05-20,5.0,5.62,4.86,5.58,521353
2015-05-21,5.43,5.6,5.01,5.05,273926
2015-05-22,5.58,5.75,5.2,5.25,688283
2015-05-26,5.37,8.06,5.31,7.35,9314547
2015-05-27,6.78,7.94,6.5,7.3,2475615
2015-05-28,7.37,7.8,6.91,7.38,1150294
2015-05-29,7.32,8.7,7.08,8.05,4103502
2015-06-01,8.96,9.13,7.95,8.15,4470247
2015-06-02,8.28,8.28,7.32,7.4,1243628
2015-06-03,7.32,7.58,6.87,7.58,590473
2015-06-04,7.57,8.08,7.21,7.45,337196
2015-06-05,7.45,7.85,7.41,7.5,471600
2015-06-08,7.54,7.68,7.02,7.05,227742
2015-06-09,7.1,7.16,6.47,6.5,318657
2015-06-10,6.45,6.74,6.41,6.52,217962
2015-06-11,6.5,6.56,6.15,6.41,229846
2015-06-12,6.35,6.39,6.16,6.28,110850
2015-06-15,6.43,6.45,6.2,6.41,133778
2015-06-16,6.28,6.4,6.14,6.18,102838
2015-06-17,6.18,6.21,5.69,5.94,308593
2015-06-18,5.95,6.15,5.86,5.93,71286
2015-06-19,5.9,6.0,5.86,5.94,30734
2015-06-22,5.93,6.44,5.84,6.22,450294
2015-06-23,6.34,6.38,6.05,6.34,138330
2015-06-24,6.28,7.01,6.24,6.92,440020
2015-06-25,6.99,6.99,6.74,6.85,124609
2015-06-26,6.86,6.86,6.3,6.43,115447
2015-06-29,6.31,6.31,5.7,6.04,119319
2015-06-30,6.04,6.33,6.04,6.17,56402
2015-07-01,6.23,6.34,5.86,6.2,180932
2015-07-02,6.17,6.31,6.03,6.25,76504
2015-07-06,6.15,6.25,6.0,6.24,34526
2015-07-07,6.24,6.3,5.86,6.1,72116
2015-07-08,6.08,6.11,5.89,6.0,50204
2015-07-09,5.85,5.99,5.81,5.87,78589
2015-07-10,5.9,6.22,5.9,6.19,78574
2015-07-13,6.2,6.69,6.07,6.36,167754
2015-07-14,6.52,6.82,6.39,6.75,125602
2015-07-15,6.69,6.95,6.61,6.8,97959
2015-07-16,6.83,6.95,6.7,6.78,81339
2015-07-17,6.92,6.93,6.61,6.69,43489
2015-07-20,6.7,6.92,6.43,6.47,63097
2015-07-21,6.5,6.92,6.3,6.92,72881
2015-07-22,7.0,7.2,6.69,6.79,174927
2015-07-23,6.87,6.96,6.76,6.77,36350
2015-07-24,6.75,6.82,6.53,6.58,38886
2015-07-27,6.54,6.54,6.11,6.28,76027
2015-07-28,6.16,6.51,6.12,6.15,28906
2015-07-29,6.14,6.31,6.12,6.23,18638
2015-07-30,6.29,6.29,5.95,5.98,53692
2015-07-31,5.98,6.11,5.86,6.0,41652
2015-08-03,5.98,6.1,5.55,5.74,78338
2015-08-04,5.7,5.92,5.58,5.67,35927
2015-08-05,5.67,5.85,5.65,5.78,42038
2015-08-06,5.84,5.84,5.53,5.58,36143
2015-08-07,5.59,5.74,5.03,5.17,138299
2015-08-10,5.17,5.38,4.95,5.33,105035
2015-08-11,5.17,5.39,5.0,5.01,64168
2015-08-12,5.0,5.41,4.6,5.32,148442
2015-08-13,5.31,5.94,5.11,5.63,76899
2015-08-14,5.66,5.69,5.01,5.34,119197
2015-08-17,5.26,5.43,5.0,5.26,44799
2015-08-18,5.21,5.45,5.08,5.21,27800
2015-08-19,5.4,5.4,5.16,5.23,11899
2015-08-20,5.6,6.4,5.0,5.03,393038
2015-08-21,5.05,5.76,4.91,5.25,124069
2015-08-24,5.0,5.35,4.76,5.02,121953
2015-08-25,5.14,5.52,5.14,5.2,28904
2015-08-26,5.25,5.59,5.25,5.48,65978
2015-08-27,5.55,5.55,5.36,5.42,162672
2015-08-28,5.41,5.51,5.26,5.31,38143
2015-08-31,5.25,5.5,5.25,5.39,92540
2015-09-01,5.25,5.41,5.25,5.35,42813
2015-09-02,5.32,5.47,5.32,5.43,37849
2015-09-03,5.47,5.48,5.25,5.36,19608
2015-09-04,5.32,5.33,5.21,5.27,9769
2015-09-08,5.37,5.38,5.31,5.32,25050
2015-09-09,5.34,5.34,5.05,5.08,55457
2015-09-10,5.1,5.36,5.1,5.33,59584
2015-09-11,5.36,5.48,5.22,5.24,45061
2015-09-14,5.29,5.34,5.0,5.03,66253
2015-09-15,5.0,5.34,5.0,5.29,15729
2015-09-16,5.29,5.38,5.14,5.36,12891
2015-09-17,5.36,5.48,5.3,5.36,24928
2015-09-18,5.4,7.36,5.4,6.85,1848558
2015-09-21,7.0,8.37,7.0,8.1,2813975
2015-09-22,9.2,11.17,8.82,9.88,7009049
2015-09-23,9.77,9.97,8.89,9.26,925373
2015-09-24,8.89,11.72,8.84,11.06,2458794
2015-09-25,11.81,12.25,9.55,9.85,2678014
2015-09-28,9.61,10.86,7.71,8.08,1948325
2015-09-29,7.77,8.8,7.23,7.56,692739
2015-09-30,7.62,8.06,7.07,7.48,412663
2015-10-01,7.67,8.31,7.43,7.83,437273
2015-10-02,7.83,7.83,7.31,7.71,457339
2015-10-05,7.66,8.2,7.39,7.6,410470
2015-10-06,7.45,7.55,6.9,7.03,232346
2015-10-07,6.97,7.9,6.78,7.61,313082
2015-10-08,7.55,7.65,7.22,7.58,159609
2015-10-09,7.55,7.6,7.15,7.35,249176
2015-10-12,7.3,7.69,7.03,7.55,95902
2015-10-13,7.36,7.69,7.21,7.24,49742
2015-10-14,7.24,7.43,7.03,7.13,58104
2015-10-15,7.15,7.39,7.0,7.39,118381
2015-10-16,7.36,7.45,7.06,7.16,129070
2015-10-19,7.1,8.54,7.06,7.85,545246
2015-10-20,7.85,8.54,7.67,7.79,337122
2015-10-21,7.8,7.88,7.1,7.29,484121
2015-10-22,7.72,8.18,7.18,7.25,733564
2015-10-23,7.33,7.47,6.9,7.22,179514
2015-10-26,7.07,7.2,6.83,6.93,221810
2015-10-27,6.93,7.05,6.37,6.76,205888
2015-10-28,6.61,6.92,6.23,6.7,188429
2015-10-29,6.6,6.73,6.37,6.46,131657
2015-10-30,6.37,6.45,6.12,6.25,149846
2015-11-02,6.21,6.5,6.02,6.38,256807
2015-11-03,6.12,6.13,5.94,6.01,432772
2015-11-04,5.98,6.05,5.87,5.96,118638
2015-11-05,6.01,6.01,5.77,5.89,77060
2015-11-06,5.8,6.04,5.77,5.95,109633
2015-11-09,6.31,6.42,5.75,5.78,193214
2015-11-10,5.71,5.85,5.56,5.64,151575
2015-11-11,5.64,5.84,5.5,5.84,65745
2015-11-12,5.62,5.7,5.35,5.44,220613
2015-11-13,5.43,5.44,5.1,5.25,269192
2015-11-16,5.16,5.23,5.0,5.19,152207
2015-11-17,5.11,5.76,5.11,5.42,123656
2015-11-18,5.4,5.97,5.4,5.75,109770
2015-11-19,6.36,6.7,5.57,5.7,849266
2015-11-20,5.61,5.81,5.5,5.57,117396
2015-11-23,5.45,5.89,5.44,5.84,243987
2015-11-24,5.75,6.04,5.72,5.88,84622
2015-11-25,5.98,5.99,5.62,5.69,170487
2015-11-27,5.72,5.72,5.43,5.5,118358
2015-11-30,5.5,5.55,5.25,5.27,145345
2015-12-01,5.35,5.52,5.15,5.32,95596
2015-12-02,5.33,5.44,5.22,5.4,182276
2015-12-03,5.39,5.42,5.23,5.32,35408
2015-12-04,5.28,5.34,5.21,5.25,41098
2015-12-07,5.17,5.3,5.17,5.2,95504
2015-12-08,5.19,5.5,5.09,5.35,142616
2015-12-09,5.33,5.33,5.14,5.26,69910
2015-12-10,5.26,5.44,5.19,5.28,54426
2015-12-11,5.23,5.28,5.1,5.16,70340
2015-12-14,5.1,5.11,4.75,4.93,110827
2015-12-15,4.98,5.17,4.77,4.83,162902
2015-12-16,4.83,4.89,4.66,4.7,157437
2015-12-17,4.7,4.96,4.7,4.86,75266
2015-12-18,4.91,4.93,4.71,4.8,123467
2015-12-21,4.89,4.89,4.7,4.78,69608
2015-12-22,4.75,5.37,4.75,5.1,143139
2015-12-23,5.28,5.28,4.97,5.06,53272
2015-12-24,5.02,5.1,5.01,5.07,18322
2015-12-28,5.03,5.24,4.96,5.0,93471
2015-12-29,5.01,5.03,4.76,4.81,96424
2015-12-30,4.89,5.29,4.71,5.22,144751
2015-12-31,5.46,5.46,5.03,5.26,89869
2016-01-04,5.22,5.22,4.98,5.09,62278
2016-01-05,5.08,5.11,4.9,4.92,41224
2016-01-06,4.93,4.93,4.67,4.77,59553
2016-01-07,4.77,4.78,4.07,4.15,286324
2016-01-08,4.22,4.37,3.61,3.72,202580
2016-01-11,3.87,4.0,3.18,3.4,189700
2016-01-12,3.23,3.77,3.16,3.31,156401
2016-01-13,3.25,3.36,3.12,3.21,82444
2016-01-14,3.2,3.4,2.91,3.22,122637
2016-01-15,3.15,3.31,3.0,3.21,81647
2016-01-19,3.22,3.23,3.05,3.11,66430
2016-01-20,3.08,3.31,2.93,3.28,89973
2016-01-21,3.28,3.5,3.14,3.36,115411
2016-01-22,3.4,3.5,3.37,3.39,55106
2016-01-25,3.41,3.57,3.14,3.24,89954
2016-01-26,3.28,3.34,3.16,3.26,26664
2016-01-27,3.27,3.32,3.1,3.18,38077
2016-01-28,3.2,3.2,2.9,2.98,147167
2016-01-29,2.99,3.08,2.9,3.08,53178
2016-02-01,2.98,3.07,2.76,2.8,136485
2016-02-02,2.95,4.05,2.91,3.35,1490804
2016-02-03,3.36,3.63,3.03,3.09,271269
2016-02-04,3.06,3.21,3.05,3.16,105810
2016-02-05,3.12,3.44,3.1,3.39,123617
2016-02-08,3.55,3.56,3.06,3.26,131477
2016-02-09,3.24,3.38,3.01,3.15,131542
2016-02-10,3.2,3.25,2.82,2.95,139450
2016-02-11,2.95,3.03,2.78,3.03,54475
2016-02-12,3.0,3.16,3.0,3.09,34524
2016-02-16,3.09,3.2,3.09,3.17,49546
2016-02-17,3.21,3.39,3.1,3.27,72202
2016-02-18,3.24,3.55,3.18,3.39,158577
2016-02-19,3.42,3.57,3.28,3.54,56275
2016-02-22,3.63,3.63,3.5,3.58,45476
2016-02-23,3.56,3.56,3.35,3.44,29223
2016-02-24,3.43,3.55,3.33,3.4,57886
2016-02-25,3.4,3.4,3.25,3.35,27907
2016-02-26,3.38,3.5,3.35,3.46,24397
2016-02-29,3.47,3.49,3.35,3.44,20376
2016-03-01,3.47,3.52,3.16,3.41,39482
2016-03-02,3.5,3.52,3.37,3.45,27837
2016-03-03,3.45,3.46,3.41,3.43,19918
2016-03-04,3.45,3.46,3.37,3.41,24549
2016-03-07,3.41,3.97,3.36,3.66,131353
2016-03-08,3.61,3.89,3.61,3.61,29060
2016-03-09,3.65,3.76,3.55,3.62,9809
2016-03-10,3.64,3.73,3.42,3.47,23659
2016-03-11,3.47,3.75,3.4,3.61,71874
2016-03-14,3.61,3.74,3.5,3.69,23150
2016-03-15,3.68,3.83,3.43,3.49,31424
2016-03-16,3.75,3.75,3.41,3.45,13916
2016-03-17,3.42,3.47,3.31,3.4,24988
2016-03-18,3.33,3.6,3.2,3.41,45317
2016-03-21,3.45,3.55,3.4,3.53,14322
2016-03-22,3.49,3.55,3.4,3.55,26272
2016-03-23,3.52,3.6,3.46,3.58,33391
2016-03-24,3.65,3.65,3.47,3.59,25780
2016-03-28,3.6,3.75,3.48,3.48,56669
2016-03-29,3.5,3.65,3.17,3.2,110357
2016-03-30,3.25,3.34,3.11,3.14,58858
2016-03-31,3.25,3.48,3.17,3.48,45626
2016-04-01,3.47,3.51,3.38,3.4,27211
2016-04-04,3.47,3.47,3.31,3.4,17307
2016-04-05,3.39,3.39,3.29,3.3,17409
2016-04-06,3.34,3.45,3.29,3.29,42863
2016-04-07,3.3,3.4,3.3,3.38,12479
2016-04-08,3.4,3.45,3.31,3.33,55269
2016-04-11,3.36,3.41,3.1,3.16,60647
2016-04-12,3.17,3.25,3.12,3.14,26362
2016-04-13,3.15,3.33,3.15,3.26,36761
2016-04-14,3.21,3.4,3.21,3.34,19808
2016-04-15,3.38,3.38,3.28,3.34,19473
2016-04-18,3.31,3.39,3.27,3.36,22961
2016-04-19,3.39,3.39,3.2,3.2,15762
2016-04-20,3.25,3.25,3.2,3.2,17018
2016-04-21,3.23,3.23,3.16,3.19,40617
2016-04-22,3.2,3.3,3.2,3.22,13082
2016-04-25,3.26,3.26,3.22,3.22,9110
2016-04-26,3.26,3.26,3.19,3.2,13086
2016-04-27,3.16,3.24,3.12,3.23,33296
2016-04-28,3.25,3.25,3.2,3.21,7875
2016-04-29,3.3,3.3,3.24,3.24,8263
2016-05-02,3.22,3.31,3.21,3.26,19162
2016-05-03,3.3,4.15,3.26,3.7,778496
2016-05-04,3.85,4.0,3.6,3.6,209258
2016-05-05,3.6,3.69,3.35,3.47,73855
2016-05-06,3.5,3.5,3.1,3.2,110143
2016-05-09,3.29,3.3,3.12,3.24,32826
2016-05-10,3.3,3.3,3.11,3.19,45189
2016-05-11,3.28,3.28,3.13,3.23,36627
2016-05-12,3.13,3.25,3.03,3.19,84242
2016-05-13,3.25,3.31,3.04,3.31,22928
2016-05-16,3.28,3.28,3.12,3.19,54589
2016-05-17,3.19,3.4,3.06,3.27,191050
2016-05-18,3.27,3.33,3.06,3.12,39215
2016-05-19,3.24,3.25,3.1,3.13,52501
2016-05-20,3.2,3.25,3.15,3.23,42975
2016-05-23,3.27,3.4,3.24,3.4,86732
2016-05-24,3.43,3.5,3.39,3.44,40101
2016-05-25,3.48,3.84,3.42,3.56,153084
2016-05-26,3.56,3.65,3.52,3.65,31926
2016-05-27,3.67,3.75,3.59,3.64,32219
2016-05-31,3.64,3.68,3.58,3.68,25614
2016-06-01,3.6,3.68,3.51,3.51,34363
2016-06-02,3.54,3.8,3.54,3.79,55270
2016-06-03,3.84,3.98,3.7,3.97,357782
2016-06-06,5.82,7.58,5.52,6.85,29896238
2016-06-07,6.0,6.35,5.71,5.85,5101725
2016-06-08,5.8,5.83,5.01,5.11,1805981
2016-06-09,5.07,5.2,4.75,4.8,976807
2016-06-10,4.85,5.33,4.66,4.9,1022763
2016-06-13,4.92,4.95,4.36,4.38,517843
2016-06-14,4.36,4.4,4.07,4.26,490161
2016-06-15,4.23,4.28,3.96,4.03,460504
2016-06-16,4.0,4.64,3.67,4.59,2714261
2016-06-17,4.75,4.75,4.0,4.09,2081849
2016-06-20,4.18,4.19,3.9,4.0,582992
2016-06-21,4.02,4.29,3.95,3.99,829626
2016-06-22,3.96,4.17,3.85,3.96,805379
2016-06-23,3.94,4.26,3.92,4.21,385815
2016-06-24,4.0,4.4,3.93,4.08,1005155
2016-06-27,4.07,4.2,3.81,3.95,280884
2016-06-28,4.35,4.67,4.05,4.1,1289892
2016-06-29,4.13,4.22,4.07,4.15,276402
2016-06-30,4.26,4.87,4.22,4.61,3201211
2016-07-01,4.6,4.86,4.34,4.4,831239
2016-07-05,4.53,4.64,4.36,4.44,304097
2016-07-06,4.48,4.58,4.36,4.4,208465
2016-07-07,4.43,4.54,4.15,4.29,340637
2016-07-08,4.28,4.44,4.16,4.38,352276
2016-07-11,4.35,4.42,4.08,4.2,217625
2016-07-12,4.19,4.25,4.07,4.08,380864
2016-07-13,4.17,4.18,3.88,3.95,465086
2016-07-14,3.95,3.97,3.85,3.85,356832
2016-07-15,3.85,3.93,3.75,3.86,294760
2016-07-18,3.84,3.99,3.81,3.82,208908
2016-07-19,3.87,4.06,3.74,4.0,389061
2016-07-20,4.0,4.3,3.9,4.07,545876
2016-07-21,4.06,4.2,3.95,4.14,211487
2016-07-22,4.21,4.22,4.07,4.14,157145
2016-07-25,4.21,4.21,4.01,4.04,126987
2016-07-26,4.04,4.15,4.0,4.04,110894
2016-07-27,4.04,4.14,3.87,4.0,248567
2016-07-28,3.95,4.11,3.9,4.02,155263
2016-07-29,4.0,4.08,3.95,4.02,117765
2016-08-01,4.04,4.1,3.9,3.97,102450
2016-08-02,3.92,4.0,3.91,3.94,139995
2016-08-03,3.94,4.37,3.94,4.25,667399
2016-08-04,4.39,4.45,4.25,4.3,199797
2016-08-05,4.36,4.4,4.19,4.26,130676
2016-08-08,4.23,4.23,4.12,4.15,151326
2016-08-09,4.25,4.32,4.17,4.28,97373
2016-08-10,4.28,4.3,4.11,4.15,164609
2016-08-11,4.35,4.35,4.15,4.15,107127
2016-08-12,4.19,4.29,4.15,4.29,140323
2016-08-15,4.3,4.32,4.05,4.06,239075
2016-08-16,4.08,4.25,4.06,4.1,124203
2016-08-17,4.06,4.19,4.05,4.1,133544
2016-08-18,4.12,4.15,3.9,3.97,243975
2016-08-19,3.97,3.97,3.85,3.92,68267
2016-08-22,3.84,4.12,3.8,4.1,209312
2016-08-23,4.12,4.14,4.08,4.1,49936
2016-08-24,4.06,4.14,3.98,4.01,108022
2016-08-25,4.0,4.47,3.98,4.24,1352890
2016-08-26,4.2,4.2,4.0,4.07,182589
2016-08-29,4.04,4.15,3.9,4.1,227430
2016-08-30,4.07,4.16,3.99,4.03,103931
2016-08-31,4.05,4.13,3.94,4.11,121466
2016-09-01,4.1,4.18,4.05,4.06,160595
2016-09-02,4.09,4.11,4.05,4.09,23947
2016-09-06,4.1,4.13,3.95,4.11,149391
2016-09-07,4.07,4.37,4.06,4.32,372702
2016-09-08,4.35,4.54,4.32,4.53,481403
2016-09-09,4.52,4.52,4.18,4.24,219087
2016-09-12,4.18,4.43,4.18,4.3,180645
2016-09-13,4.23,4.35,4.23,4.28,94204
2016-09-14,4.26,4.39,4.23,4.36,74068
2016-09-15,4.45,4.64,4.31,4.52,368334
2016-09-16,4.46,4.74,4.45,4.71,187250
2016-09-19,4.69,4.82,4.49,4.54,301829
2016-09-20,4.53,4.75,4.53,4.63,179819
2016-09-21,4.64,4.8,4.55,4.75,200955
2016-09-22,4.78,4.89,4.68,4.86,179740
2016-09-23,4.9,4.91,4.72,4.85,217710
2016-09-26,4.76,5.2,4.76,5.16,573714
2016-09-27,5.25,5.83,5.2,5.6,1557338
2016-09-28,5.66,5.7,5.17,5.28,617870
2016-09-29,5.2,5.46,5.12,5.12,352104
2016-09-30,5.12,5.35,5.11,5.22,260868
2016-10-03,5.34,5.55,5.12,5.17,451952
2016-10-04,5.15,5.23,4.93,5.03,195294
2016-10-05,5.1,5.19,4.95,5.18,139383
2016-10-06,5.19,5.21,5.02,5.11,70793
2016-10-07,5.15,5.2,4.91,4.96,98025
2016-10-10,4.95,5.17,4.9,5.06,111257
2016-10-11,5.15,5.24,5.05,5.16,138258
2016-10-12,5.16,5.48,5.15,5.26,376590
2016-10-13,5.36,5.36,5.12,5.21,99297
2016-10-14,5.27,5.37,4.9,5.04,311851
2016-10-17,5.0,5.15,4.85,4.95,74603
2016-10-18,5.0,5.0,4.85,5.0,102617
2016-10-19,5.0,5.06,4.9,4.95,56276
2016-10-20,4.95,5.0,4.9,5.0,39018
2016-10-21,5.05,5.25,4.95,5.1,180891
2016-10-24,5.1,5.15,5.0,5.1,47952
2016-10-25,5.1,5.15,4.85,5.0,122800
2016-10-26,5.0,5.1,4.9,5.0,84509
2016-10-27,5.05,5.05,4.9,4.95,66086
2016-10-28,4.9,5.0,4.9,4.95,55996
2016-10-31,4.95,5.0,4.85,4.95,78470
2016-11-01,5.0,5.05,4.95,5.05,70501
2016-11-02,5.05,5.15,4.85,5.05,108224
2016-11-03,5.0,5.0,4.85,4.85,132506
2016-11-04,4.9,4.95,4.85,4.9,46716
2016-11-07,4.9,5.0,4.8,4.92,114582
2016-11-08,4.85,5.02,4.8,5.0,92108
2016-11-09,5.0,5.3,4.8,5.2,222265
2016-11-10,5.2,5.25,4.8,4.8,152084
2016-11-11,4.95,5.08,4.8,4.8,240723
2016-11-14,4.9,5.05,4.8,4.9,107255
2016-11-15,4.95,5.0,4.85,4.92,85337
2016-11-16,4.95,5.0,4.9,4.9,88207
2016-11-17,5.0,5.0,4.9,4.95,93824
2016-11-18,4.95,4.99,4.6,4.9,106457
2016-11-21,4.85,4.95,4.85,4.9,96759
2016-11-22,4.85,4.9,4.8,4.85,50090
2016-11-23,4.8,4.95,4.75,4.95,95073
2016-11-25,4.95,5.0,4.86,5.0,55710
2016-11-28,4.95,5.05,4.9,5.0,83820
2016-11-29,5.8,6.2,5.35,5.65,2142763
2016-11-30,5.7,5.7,5.2,5.35,282201
2016-12-01,5.45,5.5,5.15,5.2,119717
2016-12-02,5.0,5.25,5.0,5.25,103862
2016-12-05,5.55,5.6,5.1,5.25,133387
2016-12-06,5.3,5.3,4.95,5.05,198276
2016-12-07,5.0,5.05,4.9,4.95,143383
2016-12-08,5.0,5.0,4.7,4.75,209539
2016-12-09,4.7,4.95,4.65,4.75,75570
2016-12-12,4.7,4.75,4.65,4.65,75709
2016-12-13,4.7,4.7,4.6,4.6,89470
2016-12-14,4.7,4.7,4.5,4.55,129786
2016-12-15,4.5,4.55,4.45,4.5,119318
2016-12-16,4.45,4.75,4.45,4.6,98233
2016-12-19,4.65,4.75,4.6,4.65,97940
2016-12-20,4.7,4.75,4.65,4.75,59995
2016-12-21,4.75,4.85,4.7,4.75,55911
2016-12-22,4.8,4.9,4.75,4.85,69124
2016-12-23,4.75,4.9,4.75,4.85,26555
2016-12-27,4.8,5.0,4.8,4.95,96235
2016-12-28,4.9,4.98,4.8,4.8,71901
2016-12-29,4.9,4.95,4.8,4.95,31001
2016-12-30,4.9,4.95,4.85,4.85,48813
2017-01-03,4.85,5.08,4.85,5.05,93378
2017-01-04,5.1,5.1,4.95,5.0,94822
2017-01-05,5.05,5.05,4.95,5.0,40414
2017-01-06,5.0,5.15,5.0,5.1,84910
2017-01-09,5.3,5.45,5.05,5.1,228717
2017-01-10,5.1,5.25,5.0,5.1,38789
2017-01-11,5.1,5.35,5.1,5.25,207633
2017-01-12,5.25,5.3,5.15,5.25,128223
2017-01-13,5.2,5.33,5.2,5.25,54664
2017-01-17,5.25,5.28,5.1,5.2,80027
2017-01-18,5.15,5.2,5.1,5.15,39718
2017-01-19,5.15,5.2,5.05,5.05,42444
2017-01-20,5.05,5.05,5.0,5.05,30237
2017-01-23,5.0,5.0,4.95,4.95,69229
2017-01-24,5.0,5.1,4.95,5.1,42613
2017-01-25,5.05,5.3,5.05,5.23,84379
2017-01-26,5.2,5.35,5.1,5.2,119258
2017-01-27,5.27,5.27,5.15,5.25,29681
2017-01-30,5.3,5.3,5.1,5.1,68692
2017-01-31,5.1,5.2,5.1,5.2,38405
2017-02-01,5.25,5.3,5.15,5.25,30053
2017-02-02,5.25,5.5,5.2,5.5,104180
2017-02-03,5.4,5.5,5.4,5.4,70738
2017-02-06,5.4,5.55,5.4,5.55,41042
2017-02-07,5.55,5.6,5.5,5.5,70588
2017-02-08,5.5,5.6,5.45,5.6,46684
2017-02-09,5.6,5.9,5.55,5.8,196430
2017-02-10,5.75,5.85,5.5,5.5,169399
2017-02-13,5.5,5.6,5.5,5.55,48725
2017-02-14,5.6,5.7,5.55,5.65,35306
2017-02-15,5.65,5.72,5.65,5.65,63775
2017-02-16,5.7,5.72,5.55,5.6,49285
2017-02-17,5.55,5.69,5.55,5.6,21488
2017-02-21,5.75,5.9,5.71,5.8,204062
2017-02-22,5.8,5.8,5.7,5.8,42571
2017-02-23,5.8,5.8,5.55,5.65,43028
2017-02-24,5.55,5.69,5.55,5.6,16670
2017-02-27,5.55,5.68,5.55,5.65,44804
2017-02-28,5.65,5.75,5.6,5.75,42692
2017-03-01,5.75,5.8,5.55,5.75,42223
2017-03-02,5.75,5.8,5.65,5.8,38952
2017-03-03,5.75,5.8,5.7,5.75,60627
2017-03-06,5.65,5.8,5.55,5.6,52110
2017-03-07,5.65,5.7,5.6,5.7,36260
2017-03-08,5.65,6.0,5.6,6.0,318067
2017-03-09,6.0,6.0,5.9,6.0,71898
2017-03-10,6.0,6.5,5.98,6.25,236933
2017-03-13,6.35,6.5,5.9,6.1,170429
2017-03-14,6.15,6.2,5.9,5.9,51620
2017-03-15,6.0,6.0,5.6,5.9,131929
2017-03-16,5.9,5.9,5.8,5.8,39699
2017-03-17,5.85,5.88,5.7,5.8,37462
2017-03-20,5.8,5.95,5.8,5.9,55538
2017-03-21,5.95,6.0,5.65,5.7,106756
2017-03-22,5.65,5.7,4.2,4.5,414971
2017-03-23,5.0,5.55,5.0,5.55,411895
2017-03-24,5.75,5.9,5.45,5.65,137955
2017-03-27,5.65,5.7,5.55,5.65,55499
2017-03-28,5.7,5.7,5.45,5.55,75617
2017-03-29,5.6,5.6,5.45,5.55,54833
2017-03-30,5.55,5.6,5.3,5.4,98563
2017-03-31,5.35,5.5,5.32,5.5,64130
2017-04-03,5.65,5.7,5.4,5.65,109308
2017-04-04,5.7,6.04,5.65,5.9,139259
2017-04-05,5.95,6.0,5.65,5.65,70153
2017-04-06,5.65,5.7,5.35,5.35,52837
2017-04-07,5.3,5.5,5.3,5.4,34810
2017-04-10,5.4,5.65,5.35,5.4,28575
2017-04-11,5.35,5.5,5.2,5.25,41575
2017-04-12,5.3,5.3,5.1,5.15,70076
2017-04-13,5.1,5.25,5.1,5.2,30259
2017-04-17,5.15,5.15,5.1,5.1,48820
2017-04-18,5.1,5.2,5.1,5.15,35207
2017-04-19,5.1,5.2,5.1,5.2,22104
2017-04-20,5.15,5.25,5.15,5.2,147028
2017-04-21,5.6,5.75,5.35,5.45,238718
2017-04-24,5.45,5.6,5.32,5.45,54587
2017-04-25,5.5,5.75,5.5,5.7,160027
2017-04-26,5.7,5.75,5.7,5.75,39605
2017-04-27,5.75,5.8,5.65,5.8,77112
2017-04-28,5.7,5.75,5.51,5.7,28164
2017-05-01,5.65,5.85,5.6,5.85,47005
2017-05-02,5.84,6.0,5.84,5.85,108036
2017-05-03,5.95,6.0,5.9,6.0,66396
2017-05-04,6.0,6.5,5.9,6.35,322414
2017-05-05,6.3,6.7,5.9,6.1,370682
2017-05-08,6.1,6.32,5.85,5.9,142370
2017-05-09,5.85,6.0,5.8,5.85,75640
2017-05-10,5.85,6.3,5.85,6.3,85753
2017-05-11,6.3,6.45,6.15,6.2,51011
2017-05-12,6.15,6.25,5.9,6.15,65151
2017-05-15,6.2,6.25,6.05,6.15,55990
2017-05-16,6.2,6.2,6.1,6.1,31679
2017-05-17,6.0,6.07,5.75,5.82,171287
2017-05-18,5.8,5.85,5.45,5.65,168403
2017-05-19,5.7,5.75,5.5,5.6,53083
2017-05-22,5.65,5.9,5.65,5.9,75885
2017-05-23,5.95,5.95,5.75,5.85,26936
2017-05-24,5.8,5.85,5.68,5.75,33667
2017-05-25,5.75,5.8,5.5,5.5,167313
2017-05-26,5.5,5.65,5.5,5.55,55766
2017-05-30,5.6,5.65,5.45,5.5,96339
2017-05-31,5.5,5.55,5.45,5.45,39101
2017-06-01,5.4,5.55,5.4,5.5,62091
2017-06-02,5.5,5.65,5.45,5.5,89397
2017-06-05,5.55,5.63,5.25,5.45,89590
2017-06-06,5.4,5.4,5.0,5.05,216953
2017-06-07,5.1,5.2,5.1,5.1,59446
2017-06-08,5.2,5.2,5.0,5.05,70905
2017-06-09,5.05,5.05,4.85,4.9,85646
2017-06-12,4.8,5.0,4.8,4.8,31951
2017-06-13,4.8,4.84,4.5,4.55,172303
2017-06-14,4.6,4.75,4.5,4.5,112858
2017-06-15,4.55,4.83,4.5,4.5,124506
2017-06-16,4.6,4.7,4.55,4.55,120268
2017-06-19,4.9,5.15,4.85,5.0,246082
2017-06-20,5.0,5.11,4.85,4.95,104007
2017-06-21,4.95,4.95,4.9,4.95,48881
2017-06-22,4.95,5.0,4.8,4.85,74407
2017-06-23,4.9,4.95,4.85,4.9,50693
2017-06-26,4.92,4.92,4.85,4.85,28239
2017-06-27,4.85,4.9,4.5,4.65,80613
2017-06-28,4.7,4.79,4.65,4.7,17890
2017-06-29,4.7,4.75,4.6,4.65,22339
2017-06-30,4.6,4.75,4.35,4.45,348420
2017-07-03,4.5,4.55,4.4,4.5,25873
2017-07-05,4.55,4.7,4.5,4.55,93116
2017-07-06,4.55,4.6,4.48,4.5,56497
2017-07-07,4.55,4.58,4.45,4.5,62278
2017-07-10,4.55,4.55,4.45,4.45,38489
2017-07-11,4.45,4.55,4.36,4.45,68451
2017-07-12,4.4,4.5,4.4,4.4,57353
2017-07-13,4.35,4.45,4.05,4.2,270884
2017-07-14,4.25,4.25,4.15,4.15,90203
2017-07-17,4.1,4.3,4.1,4.2,95106
2017-07-18,4.2,4.2,4.15,4.2,50205
2017-07-19,4.15,4.22,4.15,4.2,16811
2017-07-20,4.2,4.3,4.15,4.27,80334
2017-07-21,4.3,4.6,4.15,4.35,163543
2017-07-24,4.3,4.35,4.18,4.2,108708
2017-07-25,4.25,4.3,4.2,4.2,129149
2017-07-26,4.25,4.25,4.1,4.15,153650
2017-07-27,4.1,4.16,3.9,4.15,83352
2017-07-28,4.15,4.3,4.05,4.25,78022
2017-07-31,4.25,4.25,4.15,4.2,83200
2017-08-01,4.25,4.25,4.05,4.05,47185
