Date,Open,High,Low,Close,Volume
2010-09-22,51.6,52.71,51.6,52.08,16400
2010-09-23,51.66,52.5,51.59,51.67,7700
2010-09-24,52.69,53.2,52.69,53.2,526
2010-09-27,53.33,53.43,53.17,53.23,8200
2010-09-28,52.6,53.8,52.52,53.75,85100
2010-09-29,53.67,54.13,53.67,54.13,28700
2010-09-30,54.53,54.53,53.5,53.83,30663
2010-10-01,54.36,54.36,54.19,54.19,400
2010-10-04,54.1,54.1,53.29,53.34,3184
2010-10-05,53.92,55.03,53.91,55.0,8400
2010-10-06,54.98,54.98,54.69,54.69,2200
2010-10-07,54.68,54.68,54.2,54.2,600
2010-10-08,54.47,55.43,54.42,55.43,3900
2010-10-11,55.21,55.64,55.1,55.29,23807
2010-10-12,55.03,55.44,54.84,55.43,4680
2010-10-13,55.64,56.61,55.57,56.48,12900
2010-10-14,56.21,56.35,55.84,55.85,7700
2010-10-15,56.62,56.62,55.72,56.16,22400
2010-10-18,56.24,56.46,56.13,56.42,16226
2010-10-19,55.77,56.01,54.78,54.78,10886
2010-10-20,55.34,55.86,55.34,55.62,5700
2010-10-21,55.91,56.24,54.63,55.23,14800
2010-10-22,55.6,55.87,55.54,55.86,3915
2010-10-25,56.6,56.85,56.43,56.62,10948
2010-10-26,56.21,56.7,55.91,56.62,10560
2010-10-27,56.07,56.36,55.5,56.24,9802
2010-10-28,56.73,56.73,55.75,56.12,5100
2010-10-29,56.2,56.42,56.2,56.39,1945
2010-11-01,56.69,56.79,55.65,55.65,3400
2010-11-02,56.74,56.88,56.39,56.88,6000
2010-11-03,56.89,57.16,56.35,57.16,6666
2010-11-04,58.15,58.5,58.14,58.49,20520
2010-11-05,58.77,58.82,58.59,58.6,8070
2010-11-08,58.7,58.9,58.44,58.9,1000
2010-11-09,58.77,58.77,57.85,58.12,1692
2010-11-10,58.2,58.83,57.76,58.83,5421
2010-11-11,58.15,58.15,57.91,57.91,200
2010-11-12,58.06,58.06,57.54,57.62,662
2010-11-15,58.02,58.02,57.58,57.86,3350
2010-11-16,57.25,57.25,56.2,56.48,11637
2010-11-17,56.59,56.8,56.49,56.55,1902
2010-11-18,57.54,58.06,57.54,57.78,3455
2010-11-19,57.76,58.19,57.57,58.11,4400
2010-11-22,57.93,58.47,57.8,58.43,6725
2010-11-23,57.83,58.02,57.53,57.98,7000
2010-11-24,58.85,59.3,58.85,59.28,1870
2010-11-26,59.24,59.26,59.23,59.23,5443
2010-11-29,58.88,59.07,58.14,59.07,10641
2010-11-30,58.44,58.79,58.19,58.67,7800
2010-12-01,59.77,60.18,59.77,60.14,2740
2010-12-02,60.7,60.7,60.67,60.67,300
2010-12-03,60.36,61.25,60.36,61.25,1300
2010-12-06,61.12,61.66,61.12,61.66,5737
2010-12-07,62.4,62.4,61.79,61.79,12372
2010-12-08,62.07,62.13,61.73,61.96,3100
2010-12-09,62.34,62.34,61.76,62.15,17924
2010-12-10,62.23,62.84,61.99,62.74,6858
2010-12-13,63.16,63.16,62.4,62.4,12533
2010-12-14,62.65,62.65,62.21,62.21,7781
2010-12-15,62.32,62.94,62.21,62.22,13500
2010-12-16,62.39,62.77,62.16,62.77,3460
2010-12-17,63.03,63.34,62.65,63.24,12281
2010-12-20,63.7,63.83,63.18,63.71,22619
2010-12-21,63.78,64.08,63.73,64.04,26498
2010-12-22,64.26,64.26,63.85,63.86,10858
2010-12-23,63.94,64.06,63.69,63.77,29800
2010-12-27,63.59,63.86,63.27,63.81,18228
2010-12-28,64.11,64.11,63.4,63.48,26224
2010-12-29,63.7,63.72,63.52,63.54,8929
2010-12-30,63.61,63.79,63.57,63.58,4845
2010-12-31,63.37,63.45,63.2,63.2,14478
2011-01-03,63.46,64.3,63.46,64.3,8800
2011-01-04,64.38,64.38,62.93,63.16,16460
2011-01-05,63.42,63.86,62.95,63.7,7302
2011-01-06,64.37,64.37,63.6,63.64,9955
2011-01-07,63.92,63.98,62.45,63.26,17296
2011-01-10,63.18,64.03,62.72,63.93,74639
2011-01-11,64.22,64.32,63.81,64.08,4146
2011-01-12,64.6,64.75,64.27,64.55,9840
2011-01-13,64.54,64.8,64.46,64.53,12328
2011-01-14,64.5,65.12,64.48,65.06,12000
2011-01-18,64.97,65.08,64.59,64.85,5400
2011-01-19,65.1,65.15,63.53,63.53,8954
2011-01-20,63.1,63.1,62.18,62.49,13197
2011-01-21,63.01,63.01,62.22,62.22,13240
2011-01-24,62.11,62.46,61.96,62.46,4100
2011-01-25,62.17,62.24,61.63,62.24,12689
2011-01-26,62.51,63.52,62.31,63.42,15552
2011-01-27,63.88,63.88,63.11,63.65,16609
2011-01-28,63.58,63.68,62.18,62.18,12954
2011-01-31,62.05,62.97,62.01,62.71,9100
2011-02-01,63.36,64.14,63.07,64.14,7100
2011-02-02,64.13,64.16,63.97,64.04,1925
2011-02-03,63.89,64.2,63.3,64.16,13845
2011-02-04,64.28,64.58,64.09,64.58,2000
2011-02-07,64.82,65.7,64.76,65.22,5361
2011-02-08,65.15,65.52,64.97,65.5,63754
2011-02-09,65.32,65.8,65.09,65.34,57221
2011-02-10,65.2,65.86,65.2,65.58,3747
2011-02-11,65.73,66.48,65.73,66.48,4500
2011-02-14,66.56,67.05,66.56,66.96,4384
2011-02-15,66.8,66.8,66.4,66.4,30727
2011-02-16,66.88,67.13,66.83,67.08,5545
2011-02-17,67.07,67.75,66.97,67.57,12194
2011-02-18,67.56,67.74,67.32,67.44,3782
2011-02-22,66.54,66.96,65.91,66.01,8739
2011-02-23,65.45,65.45,64.04,64.18,2844
2011-02-24,64.78,65.02,64.27,64.27,2149
2011-02-25,65.11,66.25,65.11,66.25,3415
2011-02-28,66.84,66.84,65.82,65.82,2712
2011-03-01,65.92,65.92,65.25,65.25,1232
2011-03-02,64.94,65.51,64.93,65.48,2305
2011-03-03,66.13,66.54,66.13,66.54,550
2011-03-04,66.67,66.89,66.42,66.81,51612
2011-03-07,67.3,67.3,65.21,65.84,39538
2011-03-08,65.86,67.04,65.54,66.76,2489
2011-03-09,66.15,66.56,65.99,66.42,4139
2011-03-10,65.63,65.63,64.34,64.68,4037
2011-03-11,64.46,65.14,64.39,65.14,9650
2011-03-14,64.62,64.62,64.62,64.62,120
2011-03-15,62.87,64.52,62.83,64.52,4711
2011-03-16,63.92,64.48,63.79,63.81,5317
2011-03-17,64.6,64.6,63.66,63.66,2564
2011-03-18,64.14,64.14,64.05,64.05,564
2011-03-21,65.2,65.6,65.11,65.5,18500
2011-03-22,65.82,65.9,65.2,65.37,17174
2011-03-23,64.84,65.81,64.56,65.81,10786
2011-03-24,66.03,66.4,65.79,66.32,7500
2011-03-25,66.62,67.6,66.62,67.07,23286
2011-03-28,67.23,67.38,67.04,67.23,8729
2011-03-29,66.7,67.52,66.7,67.51,9609
2011-03-30,67.96,68.5,67.92,68.5,710
2011-03-31,68.61,68.78,68.61,68.78,1440
2011-04-01,69.02,69.02,68.9,69.01,725
2011-04-04,69.25,69.3,69.02,69.06,1715
2011-04-05,70.0,70.05,69.75,69.75,3085
2011-04-06,70.35,70.35,69.74,69.74,3702
2011-04-07,69.36,69.6,69.22,69.49,27617
2011-04-08,69.55,69.57,68.51,68.71,2351
2011-04-11,68.58,68.58,68.08,68.18,1542
2011-04-12,67.71,67.71,67.39,67.39,708
2011-04-13,67.89,67.89,67.12,67.12,580
2011-04-14,67.45,67.86,67.16,67.86,1382
2011-04-15,68.41,68.41,68.41,68.41,1000
2011-04-18,67.73,67.73,66.79,67.29,2052
2011-04-19,67.42,67.45,67.42,67.45,282
2011-04-20,68.64,68.99,68.64,68.99,12120
2011-04-21,69.5,69.5,69.12,69.48,1570
2011-04-25,69.73,69.73,69.08,69.56,3711
2011-04-26,70.0,70.5,70.0,70.25,1100
2011-04-27,69.93,70.46,69.93,70.46,1200
2011-04-28,70.64,70.93,70.64,70.87,12985
2011-04-29,70.99,71.32,70.94,71.25,4695
2011-05-02,71.44,71.44,70.28,70.28,7755
2011-05-03,70.05,70.05,68.96,68.96,3442
2011-05-04,69.2,69.2,67.88,68.33,5049
2011-05-05,67.91,68.91,67.91,68.07,5900
2011-05-06,68.72,69.28,68.42,68.42,6814
2011-05-09,69.28,69.28,69.28,69.28,100
2011-05-10,69.78,70.29,69.78,70.29,4240
2011-05-11,70.0,70.0,68.79,68.79,300
2011-05-12,68.74,69.91,68.25,69.91,3098
2011-05-13,69.91,69.91,68.89,69.13,3671
2011-05-16,68.48,68.62,67.62,67.62,1708
2011-05-17,67.17,67.57,66.85,67.13,5441
2011-05-19,69.12,69.12,68.12,68.71,1918
2011-05-20,68.64,68.66,67.81,68.44,7370
2011-05-23,67.1,67.35,66.82,67.08,6824
2011-05-24,67.25,67.35,66.46,66.88,1800
2011-05-25,66.46,67.73,66.46,67.59,14673
2011-05-26,67.37,68.42,67.37,68.42,4400
2011-05-27,68.83,69.1,68.64,68.89,9208
2011-05-31,69.68,69.68,69.13,69.55,3418
2011-06-01,69.67,69.67,67.64,67.64,16740
2011-06-02,67.77,67.93,67.27,67.68,3640
2011-06-03,66.47,66.93,66.38,66.39,6554
2011-06-06,66.04,66.43,65.35,65.35,4678
2011-06-07,65.61,65.94,65.59,65.64,4098
2011-06-08,65.25,65.25,64.51,64.51,3400
2011-06-09,64.7,65.37,64.53,65.37,1200
2011-06-10,64.69,64.74,63.94,64.24,5362
2011-06-13,64.22,64.24,63.43,63.82,5800
2011-06-14,64.39,65.24,64.39,65.13,27260
2011-06-15,64.45,64.78,64.07,64.18,3977
2011-06-16,64.01,64.37,63.07,63.07,12926
2011-06-17,64.22,64.46,63.84,63.89,4101
2011-06-20,63.39,64.31,63.39,64.31,4639
2011-06-21,64.76,65.8,64.76,65.73,2075
2011-06-22,65.76,66.29,65.61,65.61,1800
2011-06-23,64.35,66.02,64.35,66.01,1000
2011-06-24,66.12,66.27,65.33,65.58,17326
2011-06-27,65.25,66.08,65.22,66.08,753
2011-06-28,67.22,67.22,67.22,67.22,380
2011-06-29,67.84,67.84,67.25,67.8,4090
2011-06-30,68.03,68.51,68.03,68.51,1092
2011-07-01,68.44,69.41,68.44,69.41,3000
2011-07-05,69.61,69.61,69.61,69.61,100
2011-07-06,69.8,69.9,69.8,69.9,320
2011-07-07,70.91,71.33,70.7,71.07,1713
2011-07-08,70.01,70.6,70.01,70.5,4270
2011-07-11,69.65,69.66,69.01,69.09,868
2011-07-12,68.79,68.79,68.74,68.74,503
2011-07-13,68.9,69.2,68.9,69.2,900
2011-07-14,68.77,68.77,67.91,68.53,1240
2011-07-15,68.33,68.52,68.13,68.52,1808
2011-07-18,68.37,68.37,67.24,67.31,1800
2011-07-19,68.28,69.32,68.28,69.32,18280
2011-07-20,69.42,69.42,68.63,69.0,3559
2011-07-21,69.39,69.62,69.23,69.45,4144
2011-07-22,69.39,69.71,69.29,69.71,2700
2011-07-25,68.93,69.33,68.72,68.86,2920
2011-07-26,68.83,68.83,68.18,68.18,4798
2011-07-27,67.76,67.76,66.0,66.0,2800
2011-07-28,66.11,66.82,65.79,65.79,2500
2011-07-29,65.04,66.05,64.42,65.94,6220
2011-08-01,66.74,66.74,65.18,65.18,9183
2011-08-02,65.02,63.37,62.15,62.91,14824
2011-08-03,63.13,63.53,62.15,63.53,9839
2011-08-04,62.41,62.42,59.57,59.57,5243
2011-08-05,60.55,60.55,56.94,58.78,10468
2011-08-08,56.59,57.29,53.37,53.37,12271
2011-08-09,54.5,56.81,52.85,56.81,33459
2011-08-10,55.0,56.39,54.29,54.47,20785
2011-08-11,55.74,57.77,54.67,57.13,19458
2011-08-12,57.95,58.2,57.47,57.7,6110
2011-08-15,58.86,59.28,58.16,59.28,10453
2011-08-16,58.55,59.16,58.06,58.55,5235
2011-08-17,57.73,57.73,57.73,57.73,388
2011-08-18,56.16,56.16,54.37,54.38,2850
2011-08-19,53.55,55.03,53.45,53.45,122590
2011-08-22,54.64,54.64,52.98,53.5,8394
2011-08-23,53.63,55.99,53.27,55.99,3317
2011-08-24,56.26,56.93,56.11,56.9,3678
2011-08-25,57.42,57.42,55.54,55.55,5110
2011-08-26,55.13,57.09,54.53,56.65,1715
2011-08-29,58.43,59.33,58.34,59.33,1140
2011-08-30,59.19,60.08,59.13,60.06,4999
2011-08-31,60.65,60.99,59.57,59.94,8025
2011-09-01,59.88,60.5,58.59,58.65,7895
2011-09-02,57.45,57.85,56.44,56.6,1026
2011-09-06,55.1,56.46,54.99,56.46,2850
2011-09-07,58.22,58.35,58.22,58.35,475
2011-09-08,58.35,58.43,57.45,57.45,855
2011-09-09,57.09,57.09,55.86,55.9,4191
2011-09-12,55.26,56.21,55.19,56.1,5175
2011-09-13,56.51,57.27,56.18,57.27,3645
2011-09-14,57.42,59.0,57.42,58.46,8675
2011-09-15,58.74,59.08,58.24,59.08,1698
2011-09-16,59.46,59.76,58.87,58.87,2000
2011-09-19,58.02,58.75,57.55,58.73,2797
2011-09-20,58.58,58.76,57.39,57.39,40740
2011-09-21,57.14,57.48,55.34,55.35,1300
2011-09-22,53.66,54.39,52.75,52.75,7364
2011-09-23,53.35,53.89,53.3,53.89,1544
2011-09-26,54.2,55.13,53.69,55.13,1690
2011-09-27,56.23,56.23,56.23,56.23,100
2011-09-28,55.78,55.9,54.31,54.31,8415
2011-09-29,55.64,55.64,53.56,54.71,805
2011-09-30,53.77,54.41,53.1,53.1,4084
2011-10-03,52.62,53.27,50.21,50.28,10024
2011-10-04,49.87,52.84,49.47,52.84,15721
2011-10-05,53.43,54.6,52.78,54.6,10425
2011-10-06,54.47,55.59,54.0,55.59,9500
2011-10-07,55.73,55.87,54.34,54.43,4100
2011-10-10,55.53,56.69,55.53,56.68,2925
2011-10-11,56.24,57.23,56.24,57.08,4650
2011-10-12,58.07,58.15,57.87,57.87,2930
2011-10-13,57.5,58.03,57.13,57.93,2550
2011-10-14,58.75,59.26,58.5,59.26,5802
2011-10-17,58.87,58.87,57.32,57.4,9986
2011-10-18,57.4,59.0,56.51,58.78,12574
2011-10-19,58.57,58.57,57.34,57.51,2230
2011-10-20,57.02,57.59,56.15,57.42,80525
2011-10-21,58.2,58.83,58.13,58.78,11832
2011-10-24,59.0,60.96,59.0,60.83,1735
2011-10-25,59.88,60.28,59.37,59.37,10706
2011-10-26,59.85,60.53,58.34,60.12,23453
2011-10-27,62.28,63.75,61.88,63.34,5642
2011-10-28,63.14,63.75,63.09,63.17,22550
2011-10-31,62.15,62.54,61.47,61.47,27227
2011-11-01,59.14,60.6,59.14,59.39,28803
2011-11-02,60.43,60.76,60.03,60.69,57587
2011-11-03,61.0,62.12,60.44,62.12,50010
2011-11-04,62.01,62.31,61.52,62.31,36383
2011-11-07,61.88,62.13,60.78,61.77,44800
2011-11-08,62.35,62.51,61.24,62.2,39820
2011-11-09,61.0,61.29,59.83,59.83,33148
2011-11-10,60.62,60.64,59.53,60.41,28531
2011-11-11,61.59,61.92,61.59,61.68,41157
2011-11-14,61.5,61.5,60.97,60.97,2054
2011-11-15,60.94,61.84,60.52,61.84,26744
2011-11-16,61.48,62.36,60.7,60.7,60338
2011-11-17,60.71,60.87,59.39,59.39,24947
2011-11-18,59.64,59.89,59.2,59.4,3300
2011-11-21,58.31,58.43,57.55,58.26,53318
2011-11-22,57.95,58.43,57.43,57.65,15942
2011-11-23,57.02,57.02,55.85,55.85,15100
2011-11-25,55.69,56.16,55.21,55.21,8481
2011-11-28,56.98,58.0,56.98,57.39,49013
2011-11-29,57.97,58.16,57.56,57.78,9900
2011-11-30,60.14,61.03,60.05,61.0,20973
2011-12-01,61.34,61.49,60.79,61.17,7760
2011-12-02,61.81,61.81,61.0,61.0,22248
2011-12-05,62.19,62.6,61.9,62.09,16145
2011-12-06,61.9,62.45,61.61,62.24,2250
2011-12-07,61.71,62.12,60.83,61.85,16728
2011-12-08,60.84,60.84,60.18,60.18,3836
2011-12-09,60.48,62.08,60.48,62.0,4801
2011-12-12,60.64,60.9,60.14,60.9,25441
2011-12-13,61.72,61.76,59.27,59.53,50481
2011-12-14,59.11,59.23,58.32,58.47,42941
2011-12-15,59.08,59.3,58.58,58.96,20837
2011-12-16,59.55,60.08,59.06,59.46,53538
2011-12-19,59.91,60.14,58.38,58.45,10304
2011-12-20,59.74,61.01,59.74,60.87,31093
2011-12-21,60.7,61.08,59.68,60.78,59280
2011-12-22,61.06,61.49,60.96,61.2,42296
2011-12-23,61.09,61.33,60.93,61.25,29650
2011-12-27,61.01,61.82,60.8,61.6,39854
2011-12-28,61.7,61.7,60.59,60.59,7917
2011-12-29,60.6,61.23,60.54,61.13,21070
2011-12-30,61.02,61.29,60.92,60.93,13827
2012-01-03,62.27,66.48,61.45,61.56,14353
2012-01-04,61.08,61.23,60.85,61.2,863
2012-01-05,60.93,61.6,60.37,61.6,4945
2012-01-06,61.72,61.72,61.69,61.69,200
2012-01-09,61.81,61.89,61.51,61.83,703
2012-01-10,62.66,62.77,62.66,62.76,400
2012-01-11,62.66,63.15,62.56,63.06,115100
2012-01-12,63.43,63.44,62.69,63.33,28380
2012-01-13,62.81,63.13,62.49,62.88,14456
2012-01-17,63.62,63.7,62.93,62.93,3769
2012-01-18,63.17,64.13,62.99,64.13,969
2012-01-19,64.3,64.86,64.29,64.69,18956
2012-01-20,64.8,64.8,64.41,64.49,2910
2012-01-23,64.69,65.06,64.16,64.48,9343
2012-01-24,64.19,64.99,63.99,64.88,8404
2012-01-25,64.96,65.96,64.8,65.37,3674
2012-01-26,66.07,66.36,65.32,65.38,3590
2012-01-27,65.29,66.26,65.29,66.0,9776
2012-01-30,65.57,65.64,64.91,65.44,5065
2012-01-31,65.97,65.97,65.08,65.53,5063
2012-02-01,65.83,66.85,65.74,66.85,4911
2012-02-02,67.12,67.41,66.92,67.11,3200
2012-02-03,68.24,68.7,68.22,68.7,2550
2012-02-06,68.53,68.69,68.4,68.56,4168
2012-02-07,68.21,68.56,68.21,68.56,1377
2012-02-08,68.86,68.88,67.93,68.45,4218
2012-02-09,68.83,68.83,68.25,68.45,3373
2012-02-10,67.66,67.66,67.28,67.35,4638
2012-02-13,68.24,68.3,67.9,68.26,7315
2012-02-14,68.04,68.21,67.93,68.01,2160
2012-02-15,68.12,68.12,67.6,67.6,550
2012-02-16,68.64,68.64,68.64,68.64,300
2012-02-17,69.0,69.04,68.63,68.65,2273
2012-02-21,68.84,68.91,67.9,68.1,10511
2012-02-22,68.06,68.22,67.86,67.88,6472
2012-02-23,68.01,68.87,67.72,68.87,4090
2012-02-24,69.08,69.18,69.08,69.18,321
2012-02-27,68.43,69.16,67.87,68.9,4046
2012-02-28,68.97,69.28,68.37,68.65,12429
2012-02-29,68.97,69.19,67.58,67.58,12158
2012-03-01,68.02,68.55,67.93,67.97,10568
2012-03-02,68.06,68.1,67.0,67.06,2616
2012-03-05,66.72,66.86,66.32,66.82,2300
2012-03-06,66.2,66.2,65.22,65.44,6233
2012-03-07,65.74,66.24,65.74,66.24,4600
2012-03-08,66.75,67.04,66.42,67.04,2675
2012-03-09,67.13,68.46,67.13,67.98,4076
2012-03-12,67.67,67.88,67.67,67.77,1000
2012-03-13,68.45,69.05,68.34,69.05,2480
2012-03-14,68.94,69.03,68.28,68.34,6007
2012-03-15,68.45,69.05,68.23,69.01,5148
2012-03-16,69.25,69.35,68.9,68.96,5244
2012-03-19,68.96,70.05,68.95,70.05,8243
2012-03-20,69.16,69.16,68.45,68.83,21127
2012-03-21,68.85,69.22,68.56,69.02,7919
2012-03-22,68.37,68.48,67.86,68.25,13588
2012-03-23,68.19,68.95,67.95,68.9,8200
2012-03-26,69.91,70.5,69.91,70.45,10470
2012-03-27,70.58,70.62,69.89,69.89,8005
2012-03-28,69.88,69.88,68.76,69.18,21460
2012-03-29,68.53,69.17,68.22,69.05,15614
2012-03-30,69.42,69.57,68.76,68.91,12100
2012-04-02,68.77,69.73,68.54,69.6,6030
2012-04-03,69.72,69.85,69.1,69.31,14800
2012-04-04,68.2,68.22,67.93,68.08,1910
2012-04-05,67.68,68.11,67.68,68.01,11318
2012-04-09,66.71,66.92,66.42,66.76,6247
2012-04-10,66.66,66.9,64.95,65.02,11162
2012-04-11,65.69,66.07,65.62,65.93,13375
2012-04-12,66.04,67.17,66.04,67.08,9911
2012-04-13,66.88,66.97,66.12,66.16,10300
2012-04-16,66.57,66.73,65.64,66.01,15400
2012-04-17,66.53,67.63,66.53,67.01,5575
2012-04-18,66.77,66.96,66.49,66.89,1530
2012-04-19,66.59,67.45,65.86,66.28,35000
2012-04-20,66.7,67.07,66.7,67.07,1800
2012-04-23,65.63,65.63,64.87,65.56,3529
2012-04-24,65.53,65.86,65.51,65.79,1944
2012-04-25,67.27,67.43,67.09,67.27,10914
2012-04-26,67.42,67.89,67.42,67.89,800
2012-04-27,67.81,68.63,67.81,68.57,6310
2012-04-30,68.33,68.33,67.67,67.88,4715
2012-05-01,67.75,68.99,67.68,68.34,4354
2012-05-02,67.42,67.98,67.05,67.98,3000
2012-05-03,67.68,67.68,66.76,67.01,3629
2012-05-04,65.72,65.99,65.63,65.87,7110
2012-05-07,65.35,65.89,65.32,65.73,4153
2012-05-08,65.22,65.6,64.69,65.6,2495
2012-05-09,64.78,65.42,64.64,65.35,4154
2012-05-10,65.75,65.75,65.23,65.37,4168
2012-05-11,64.96,65.67,64.96,65.25,5626
2012-05-14,64.76,64.81,64.09,64.3,10919
2012-05-15,64.27,64.95,64.12,64.21,6518
2012-05-16,64.41,64.7,63.85,63.85,4836
2012-05-17,63.65,63.65,62.24,62.24,7439
2012-05-18,62.31,62.41,61.42,61.42,4818
2012-05-21,61.67,63.28,61.49,63.28,4136
2012-05-22,63.26,63.52,63.05,63.33,8000
2012-05-23,62.24,63.36,61.99,63.36,1962
2012-05-24,63.36,63.38,62.87,63.38,2950
2012-05-25,63.51,63.57,63.26,63.55,4411
2012-05-29,,,,63.92,0
2012-05-30,63.74,63.74,63.11,63.14,2670
2012-05-31,62.25,62.82,62.25,62.82,890
2012-06-01,61.19,61.23,61.17,61.23,2426
2012-06-04,60.93,61.21,60.04,60.69,60159
2012-06-05,60.4,61.65,60.4,61.65,4800
2012-06-06,62.75,63.1,62.75,62.8,1600
2012-06-07,64.08,64.14,63.19,63.67,3620
2012-06-08,62.65,63.61,62.65,63.6,1640
2012-06-11,64.32,64.32,62.72,62.72,1159
2012-06-12,62.4,62.92,61.89,62.92,1701
2012-06-13,62.8,62.99,62.5,62.5,1677
2012-06-14,62.21,63.07,62.17,62.83,13600
2012-06-15,62.87,63.69,62.82,63.69,1855
2012-06-18,63.34,63.66,63.34,63.64,1400
2012-06-19,64.38,65.45,64.29,65.33,23190
2012-06-20,65.08,65.29,64.76,64.79,2384
2012-06-21,64.81,64.81,63.95,63.95,2064
2012-06-22,63.9,64.29,63.9,64.14,10500
2012-06-25,63.07,63.47,62.96,63.25,4367
2012-06-26,63.25,63.69,63.25,63.47,1700
2012-06-27,64.23,64.29,64.23,64.29,233
2012-06-28,63.9,64.19,63.53,63.53,8365
2012-06-29,65.59,66.22,65.29,66.22,5848
2012-07-02,66.14,66.17,66.14,66.17,702
2012-07-03,67.0,67.7,67.0,67.7,2420
2012-07-05,67.78,68.13,67.68,67.97,2929
2012-07-06,67.09,67.09,66.69,66.95,2208
2012-07-09,66.69,66.79,66.64,66.79,1490
2012-07-10,67.38,67.4,66.54,66.54,1375
2012-07-11,65.93,65.93,65.33,65.42,1200
2012-07-12,64.78,65.51,64.78,65.51,2200
2012-07-13,66.41,66.44,66.26,66.3,1200
2012-07-16,66.08,66.08,66.0,66.03,1000
2012-07-17,66.19,66.19,66.19,66.19,230
2012-07-18,66.75,66.85,66.61,66.61,886
2012-07-19,66.99,67.02,66.57,66.57,400
2012-07-20,66.07,66.07,65.46,65.59,1790
2012-07-23,64.64,64.74,64.24,64.57,11702
2012-07-24,64.34,64.34,63.53,63.53,32000
2012-07-25,63.82,64.01,63.59,63.59,4262
2012-07-26,64.5,64.6,63.99,64.06,3746
2012-07-27,64.9,66.09,64.9,66.09,1500
2012-07-30,66.34,66.34,65.3,65.54,5153
2012-07-31,65.76,65.92,64.98,65.01,11797
2012-08-01,64.82,64.82,63.95,64.01,1600
2012-08-02,63.39,63.79,63.14,63.58,2923
2012-08-03,65.34,65.36,65.09,65.1,1009
2012-08-06,65.19,65.93,65.19,65.67,5300
2012-08-07,66.24,66.87,66.24,66.45,9151
2012-08-08,66.24,66.53,66.14,66.18,13250
2012-08-09,66.48,66.61,66.37,66.5,1558
2012-08-10,66.14,66.19,65.89,65.89,900
2012-08-13,65.58,65.7,65.41,65.7,5708
2012-08-14,66.27,66.27,66.03,66.08,2302
2012-08-15,66.19,66.48,66.16,66.48,2340
2012-08-16,66.32,67.37,66.29,67.29,6922
2012-08-17,67.37,67.74,67.3,67.6,3320
2012-08-20,67.99,67.99,67.2,67.34,4305
2012-08-21,67.85,68.27,67.11,67.3,51104
2012-08-22,67.36,67.36,66.88,67.23,16977
2012-08-23,66.85,67.01,66.5,66.84,18115
2012-08-24,66.74,67.08,66.66,67.06,2156
2012-08-27,67.37,67.37,67.05,67.15,14955
2012-08-28,67.25,67.57,67.25,67.57,3699
2012-08-29,67.72,68.02,67.45,67.86,3821
2012-08-30,67.52,67.52,67.08,67.13,1214
2012-08-31,67.79,67.79,66.72,67.49,10646
2012-09-04,67.01,68.48,67.0,68.33,207824
2012-09-05,68.44,68.57,68.15,68.36,10544
2012-09-06,68.72,69.82,68.72,69.65,5630
2012-09-07,69.91,70.12,69.81,69.98,5521
2012-09-10,69.81,70.07,69.69,69.69,1200
2012-09-11,69.76,70.03,69.76,69.76,2945
2012-09-12,69.97,70.01,69.58,69.85,2804
2012-09-13,70.1,71.0,69.9,70.78,2780
2012-09-14,71.1,71.7,71.1,71.34,2630
2012-09-17,70.92,71.15,70.57,70.99,4558
2012-09-18,71.07,71.15,70.78,70.99,3245
2012-09-19,71.23,71.23,70.89,71.06,3117
2012-09-20,70.21,70.62,70.21,70.5,1382
2012-09-21,71.25,71.4,70.83,70.86,135218
2012-09-24,70.59,70.62,70.21,70.24,1457
2012-09-25,70.73,70.82,69.34,69.36,7820
2012-09-26,69.64,69.64,68.61,68.76,5292
2012-09-27,69.17,69.86,68.85,69.75,11538
2012-09-28,69.25,69.68,69.25,69.55,1380
2012-10-01,70.01,70.01,69.45,69.45,800
2012-10-02,69.67,69.67,69.26,69.55,2187
2012-10-03,69.22,69.78,68.94,69.49,4000
2012-10-04,69.51,69.88,69.13,69.6,3999
2012-10-05,70.1,70.48,69.49,69.49,2988
2012-10-08,69.26,69.34,69.17,69.24,3500
2012-10-09,69.2,69.2,68.17,68.17,2179
2012-10-10,68.23,68.41,68.12,68.13,2600
2012-10-11,68.69,68.93,68.27,68.38,3575
2012-10-12,68.36,68.4,67.99,67.99,3400
2012-10-15,68.12,68.38,67.83,68.38,1900
2012-10-16,68.89,69.0,68.89,69.0,534
2012-10-17,69.38,69.73,69.22,69.6,23484
2012-10-18,69.37,69.66,69.05,69.09,2715
2012-10-19,68.29,68.37,67.24,67.34,4525
2012-10-22,67.3,67.51,67.05,67.36,2389
2012-10-23,66.81,67.26,66.79,67.18,1391
2012-10-24,66.83,66.83,66.68,66.73,730
2012-10-25,66.98,67.23,66.83,66.98,1800
2012-10-26,66.93,66.93,66.23,66.67,40079
2012-10-31,67.17,67.24,66.63,67.19,2258
2012-11-01,67.39,68.03,67.39,67.95,18390
2012-11-02,67.46,67.47,66.8,66.8,1700
2012-11-05,66.53,67.12,66.53,67.12,1779
2012-11-06,67.54,67.83,67.54,67.63,4782
2012-11-07,66.89,66.89,65.96,66.28,11499
2012-11-08,66.19,66.19,65.38,65.44,23051
2012-11-09,65.06,65.69,65.06,65.45,1500
2012-11-12,65.7,65.7,65.29,65.29,1188
2012-11-13,65.19,65.52,65.08,65.13,2402
2012-11-14,65.19,65.19,63.82,63.86,6314
2012-11-15,63.92,63.92,63.39,63.47,805
2012-11-16,63.57,64.12,63.23,64.12,1270
2012-11-19,64.84,65.32,64.72,65.3,226725
2012-11-20,65.32,65.52,64.98,65.5,92707
2012-11-21,65.6,65.91,65.6,65.9,4393
2012-11-23,66.2,66.6,66.2,66.6,1000
2012-11-26,66.51,66.71,66.44,66.71,6690
2012-11-27,67.13,67.13,66.72,66.72,1300
2012-11-28,66.3,66.95,66.16,66.95,5771
2012-11-29,67.62,68.05,67.62,67.93,2803
2012-11-30,67.56,67.56,67.56,67.56,156
2012-12-03,67.5,67.51,67.41,67.51,500
2012-12-04,67.3,67.61,67.3,67.54,1844
2012-12-05,66.98,67.64,66.98,67.51,7972
2012-12-06,67.27,67.38,67.27,67.33,6068
2012-12-07,67.48,67.52,67.48,67.52,1030
2012-12-10,67.45,67.87,67.45,67.74,2770
2012-12-11,68.42,68.61,68.36,68.53,5800
2012-12-12,68.69,68.82,68.05,68.12,12039
2012-12-13,68.44,68.44,67.59,67.94,4895
2012-12-14,67.73,67.8,67.48,67.55,2500
2012-12-17,68.02,68.25,67.87,68.25,4355
2012-12-18,68.67,69.56,68.67,69.56,6953
2012-12-19,69.59,69.88,69.59,69.66,10183
2012-12-20,69.67,69.73,69.67,69.73,1400
2012-12-21,68.93,69.39,68.75,69.39,89650
2012-12-24,68.9,68.9,68.47,68.6,20434
2012-12-26,68.17,68.43,68.05,68.05,15065
2012-12-27,68.15,68.28,67.53,68.08,4338
2012-12-28,67.63,68.15,67.63,67.7,8342
2012-12-31,67.67,69.11,67.66,69.11,4814
2013-01-02,71.68,71.68,70.56,70.78,6681
2013-01-03,70.97,71.41,70.8,70.8,3307
2013-01-04,71.29,71.5,71.29,71.45,1953
2013-01-07,71.24,71.34,71.15,71.34,11957
2013-01-08,71.21,71.22,71.08,71.22,3556
2013-01-09,71.7,71.78,71.7,71.76,3700
2013-01-10,72.17,72.17,71.54,71.83,11002
2013-01-11,71.8,71.95,71.8,71.93,802
2013-01-14,71.85,71.85,71.7,71.83,16990
2013-01-15,71.53,72.33,71.53,72.3,24554
2013-01-16,72.17,72.17,71.99,72.08,747
2013-01-17,72.55,72.82,72.36,72.74,8767
2013-01-18,72.8,72.92,72.58,72.92,3791
2013-01-22,73.05,73.36,72.88,73.36,2261
2013-01-23,73.49,73.49,73.14,73.18,6083
2013-01-24,73.5,73.87,73.24,73.56,5790
2013-01-25,73.92,74.17,73.92,74.1,4516
2013-01-28,74.61,74.61,73.99,74.1,13727
2013-01-29,74.12,74.17,73.85,73.91,969
2013-01-30,73.93,73.93,73.26,73.26,2434
2013-01-31,73.66,73.67,73.53,73.63,1400
2013-02-01,74.15,74.6,73.88,74.29,4868
2013-02-04,73.99,73.99,73.42,73.58,6691
2013-02-05,74.22,74.39,74.11,74.21,1210
2013-02-06,74.02,74.33,73.84,74.25,7283
2013-02-07,74.41,74.41,73.68,74.15,5167
2013-02-08,74.53,74.74,74.52,74.6,3452
2013-02-11,74.71,74.71,74.28,74.47,904
2013-02-12,74.7,74.81,74.69,74.72,4331
2013-02-13,74.72,75.03,74.61,74.92,19675
2013-02-14,74.92,75.42,74.92,75.29,9491
2013-02-15,75.34,75.48,75.25,75.25,1489
2013-02-19,75.56,76.0,75.46,75.95,7398
2013-02-20,76.08,76.08,74.92,74.92,2730
2013-02-21,74.56,74.56,73.54,73.85,3272
2013-02-22,74.42,74.83,74.34,74.83,4108
2013-02-25,75.36,75.36,73.64,73.64,16762
2013-02-26,73.27,73.51,72.96,73.47,13708
2013-02-27,73.39,74.62,73.39,74.28,147726
2013-02-28,74.1,74.77,74.1,74.3,9021
2013-03-01,73.99,74.86,73.79,74.77,4188
2013-03-04,74.81,75.0,74.42,75.0,9045
2013-03-05,75.6,76.07,75.6,76.05,7712
2013-03-06,76.28,76.44,76.13,76.15,8232
2013-03-07,76.43,76.63,76.3,76.5,7284
2013-03-08,77.08,77.47,76.87,77.44,4596
2013-03-11,77.41,77.45,77.31,77.38,3802
2013-03-12,77.51,77.51,77.11,77.29,8011
2013-03-13,77.43,77.58,77.12,77.58,2637
2013-03-14,77.78,78.1,77.78,78.08,1278
2013-03-15,77.89,78.31,77.88,78.09,2317
2013-03-18,77.35,77.99,77.35,77.55,21627
2013-03-19,77.93,77.93,76.74,77.17,3674
2013-03-20,77.96,78.06,77.81,78.06,1268
2013-03-21,77.78,77.81,77.29,77.45,4834
2013-03-22,77.6,77.73,77.54,77.61,2340
2013-03-25,77.95,77.98,77.21,77.51,3759
2013-03-26,77.87,77.98,77.5,77.98,4783
2013-03-27,77.33,77.89,77.33,77.85,1500
2013-03-28,78.12,78.14,77.93,78.14,3414
2013-04-01,77.82,78.21,76.82,76.96,2456
2013-04-02,77.62,77.62,76.8,76.8,4543
2013-04-03,76.85,76.85,75.27,75.42,3550
2013-04-04,75.24,75.9,75.24,75.9,9645
2013-04-05,74.6,75.5,74.6,75.5,5030
2013-04-08,75.8,75.95,75.56,75.93,2315
2013-04-09,76.25,76.43,75.93,76.36,1054
2013-04-10,76.56,77.46,76.29,77.41,1826
2013-04-11,77.68,78.0,77.59,77.6,2361
2013-04-12,77.44,77.44,76.67,77.22,3027
2013-04-15,76.66,76.94,74.35,74.41,4858
2013-04-16,75.09,75.71,74.85,75.71,10090
2013-04-17,75.23,75.26,74.09,74.51,8787
2013-04-18,74.83,74.85,73.8,74.06,7946
2013-04-19,74.57,74.8,73.84,74.73,5546
2013-04-22,75.06,75.35,73.9,75.11,9785
2013-04-23,75.56,76.17,75.43,76.12,4471
2013-04-24,76.28,76.5,75.88,76.5,7369
2013-04-25,76.84,77.58,76.68,77.16,4831
2013-04-26,77.11,77.24,76.6,76.84,5095
2013-04-29,77.06,77.61,77.06,77.3,3750
2013-04-30,77.43,77.62,77.07,77.59,3814
2013-05-01,77.48,77.52,76.0,76.08,10054
2013-05-02,76.37,77.23,76.3,77.22,5022
2013-05-03,78.24,78.86,78.24,78.44,6080
2013-05-06,78.6,78.85,78.51,78.7,2805
2013-05-07,78.84,79.27,78.84,79.27,2148
2013-05-08,79.2,79.44,79.0,79.24,8377
2013-05-09,79.5,79.66,79.27,79.31,7515
2013-05-10,79.54,80.27,79.48,80.27,1900
2013-05-13,80.08,80.48,80.04,80.26,3841
2013-05-14,80.64,81.42,80.44,81.37,7430
2013-05-15,81.38,81.9,81.31,81.52,3864
2013-05-16,81.54,81.86,81.29,81.35,6008
2013-05-17,81.88,82.31,81.61,82.3,5225
2013-05-20,82.2,82.49,82.06,82.2,7207
2013-05-21,82.38,82.57,82.28,82.39,4002
2013-05-22,82.54,83.11,80.65,81.2,9822
2013-05-23,80.32,81.26,80.17,81.26,3338
2013-05-24,80.57,81.4,80.57,81.26,9617
2013-05-28,82.38,83.16,82.13,82.5,6364
2013-05-29,82.24,82.24,81.28,81.96,9728
2013-05-30,82.24,82.58,82.0,82.5,17104
2013-05-31,82.02,82.62,81.86,81.92,13499
2013-06-03,81.66,82.29,80.96,82.18,9148
2013-06-04,82.02,82.51,80.87,81.45,7444
2013-06-05,81.14,81.35,80.19,80.34,4703
2013-06-06,80.19,80.84,80.12,80.84,7132
2013-06-07,81.68,82.06,81.34,81.99,7538
2013-06-10,82.05,82.27,81.67,82.27,3000
2013-06-11,81.45,82.12,80.92,81.66,6756
2013-06-12,82.23,82.43,80.95,81.08,8384
2013-06-13,80.98,82.18,80.54,82.18,4652
2013-06-14,82.26,82.26,81.53,81.58,5609
2013-06-17,82.45,82.54,81.79,82.01,4897
2013-06-18,82.45,83.37,82.45,83.15,3720
2013-06-19,82.98,82.98,82.3,82.45,8883
2013-06-20,81.09,81.09,79.71,80.02,7565
2013-06-21,80.2,80.25,79.12,80.06,8536
2013-06-24,79.48,79.65,78.51,79.65,1850
2013-06-25,80.16,80.16,79.4,79.85,5461
2013-06-26,80.67,80.68,80.26,80.37,17577
2013-06-27,80.83,81.45,80.77,81.45,2216
2013-06-28,81.45,81.76,81.01,81.49,6696
2013-07-01,81.52,82.73,81.52,82.27,7866
2013-07-02,82.55,82.8,81.81,82.09,4701
2013-07-03,82.02,82.7,81.93,82.7,6757
2013-07-05,83.53,83.79,82.68,83.79,9480
2013-07-08,84.31,84.64,84.0,84.23,18205
2013-07-09,84.86,84.88,84.46,84.64,5501
2013-07-10,85.0,85.18,84.62,85.02,9235
2013-07-11,86.13,89.01,85.66,86.22,13905
2013-07-12,86.42,86.67,86.22,86.63,18640
2013-07-15,87.74,87.74,86.74,87.05,16425
2013-07-16,87.33,87.6,86.3,86.4,17039
2013-07-17,87.07,87.13,86.67,86.76,11880
2013-07-18,87.09,87.51,87.09,87.35,1366
2013-07-19,87.25,87.25,87.1,87.24,3128
2013-07-22,87.48,87.48,87.1,87.43,5951
2013-07-23,87.71,87.81,87.13,87.13,3302
2013-07-24,87.67,87.67,86.42,86.66,2712
2013-07-25,86.65,87.52,86.61,87.52,3191
2013-07-26,87.06,87.06,86.55,86.99,2064
2013-07-29,86.9,87.14,86.29,86.61,5157
2013-07-30,86.95,87.01,86.58,86.86,3788
2013-07-31,87.41,87.89,87.28,87.58,3082
2013-08-01,88.37,88.87,88.13,88.82,23103
2013-08-02,88.96,88.96,88.16,88.88,4480
2013-08-05,89.06,89.2,88.86,89.19,2774
2013-08-06,89.16,89.16,88.18,88.39,10500
2013-08-07,88.23,88.23,87.28,87.55,5132
2013-08-08,88.24,88.24,87.59,88.03,5527
2013-08-09,88.26,88.26,87.49,88.15,4519
2013-08-12,87.54,88.55,87.33,88.49,12904
2013-08-13,88.68,88.68,87.9,88.44,4098
2013-08-14,89.1,89.1,88.08,88.08,4221
2013-08-15,86.85,86.85,86.19,86.3,4468
2013-08-16,86.03,87.03,86.03,86.14,6939
2013-08-19,86.2,86.26,85.36,85.37,7530
2013-08-20,85.23,86.67,85.23,86.46,6684
2013-08-21,86.36,86.93,85.67,86.07,4607
2013-08-22,87.11,87.56,86.17,87.21,8214
2013-08-23,87.38,87.58,87.09,87.56,4043
2013-08-26,87.55,88.36,87.55,87.81,55056
2013-08-27,86.64,86.91,85.27,85.36,5515
2013-08-28,85.36,86.06,85.36,85.89,3642
2013-08-29,85.74,87.07,85.69,86.89,5276
2013-08-30,87.06,87.06,85.39,85.55,9392
2013-09-03,86.75,87.1,85.66,86.12,3225
2013-09-04,86.11,87.1,86.11,87.1,4613
2013-09-05,87.42,87.61,87.17,87.48,9821
2013-09-06,87.59,87.78,86.36,87.54,3733
2013-09-09,87.84,88.91,87.84,88.86,6691
2013-09-10,89.57,89.71,89.23,89.7,14393
2013-09-11,89.88,89.88,89.42,89.67,5544
2013-09-12,89.53,89.85,89.31,89.48,5273
2013-09-13,89.62,89.74,89.34,89.68,6886
2013-09-16,90.97,90.97,89.76,89.78,6194
2013-09-17,89.99,90.76,89.8,90.76,4950
2013-09-18,91.0,91.76,90.06,91.47,7646
2013-09-19,92.03,92.03,91.29,91.64,4709
2013-09-20,92.13,93.71,91.41,91.43,5292
2013-09-23,91.2,91.35,90.39,91.29,3628
2013-09-24,91.14,91.96,90.67,91.38,5396
2013-09-25,91.43,92.08,91.27,91.32,3271
2013-09-26,91.75,92.26,91.51,91.63,4365
2013-09-27,91.34,91.93,91.31,91.67,8575
2013-09-30,90.53,91.73,90.5,91.7,5072
2013-10-01,91.35,92.83,91.35,92.83,9187
2013-10-02,92.24,92.73,92.0,92.55,4992
2013-10-03,92.56,92.56,91.0,91.74,8705
2013-10-04,91.6,92.61,91.6,92.4,5042
2013-10-07,91.39,93.73,90.71,91.18,5204
2013-10-08,91.01,91.24,89.09,89.24,15368
2013-10-09,89.26,89.26,87.85,88.39,8050
2013-10-10,89.87,90.83,89.87,90.72,10018
2013-10-11,90.96,92.13,90.67,92.06,10845
2013-10-14,91.27,92.68,91.27,92.65,14736
2013-10-15,92.58,92.58,91.53,91.69,9662
2013-10-16,92.32,92.96,92.32,92.92,16331
2013-10-17,92.31,93.46,92.31,93.43,10162
2013-10-18,94.5,94.71,94.09,94.5,14364
2013-10-21,95.09,95.14,94.41,94.58,12832
2013-10-22,95.24,95.38,94.32,94.72,8275
2013-10-23,94.0,94.4,93.89,94.4,12113
2013-10-24,94.69,95.28,94.69,95.03,12869
2013-10-25,95.21,95.41,94.44,94.89,11749
2013-10-28,95.18,95.22,94.3,94.6,6689
2013-10-29,94.83,95.44,94.6,95.35,11767
2013-10-30,95.45,95.46,93.38,93.72,9003
2013-10-31,93.82,93.83,92.71,93.31,8642
2013-11-01,93.12,93.5,92.19,92.83,6051
2013-11-04,92.88,93.9,92.88,93.82,6913
2013-11-05,93.56,93.73,93.37,93.65,3264
2013-11-06,94.41,94.41,92.88,93.0,4995
2013-11-07,93.29,93.29,91.08,91.12,22362
2013-11-08,91.43,93.28,91.43,93.06,7368
2013-11-11,93.04,93.62,92.83,93.59,111317
2013-11-12,93.27,93.67,92.97,93.67,69432
2013-11-13,93.1,94.63,93.1,94.62,18673
2013-11-14,94.65,94.65,93.89,94.38,15775
2013-11-15,94.57,94.97,94.32,94.9,9025
2013-11-18,95.45,95.45,93.72,93.86,21666
2013-11-19,93.89,94.33,93.05,93.32,16026
2013-11-20,93.85,93.89,93.0,93.12,2975
2013-11-21,94.35,95.16,94.35,95.16,10366
2013-11-22,95.22,95.57,95.01,95.55,11998
2013-11-25,95.6,95.76,95.28,95.38,9086
2013-11-26,95.65,96.63,95.65,96.63,3135
2013-11-27,96.37,96.96,96.37,96.96,5433
2013-11-29,97.38,97.93,97.0,97.0,3367
2013-12-02,97.21,97.21,95.92,95.95,11344
2013-12-03,96.0,96.17,95.12,95.39,11538
2013-12-04,95.2,95.89,92.85,95.48,15469
2013-12-05,95.57,95.69,95.22,95.37,8655
2013-12-06,96.31,96.57,95.66,96.12,141085
2013-12-09,96.44,96.44,95.63,95.96,20463
2013-12-10,95.83,95.95,95.0,95.08,7267
2013-12-11,95.2,95.2,93.1,93.35,11518
2013-12-12,93.4,93.77,93.22,93.77,6489
2013-12-13,93.93,94.03,93.28,93.76,12944
2013-12-16,94.61,94.92,94.56,94.77,7279
2013-12-17,95.1,95.1,94.4,94.99,14241
2013-12-18,95.14,96.43,94.68,96.16,8107
2013-12-19,96.16,96.16,95.48,95.62,27015
2013-12-20,95.44,97.47,95.44,97.47,13252
2013-12-23,97.96,98.41,97.8,98.4,14724
2013-12-24,98.08,98.28,97.89,98.28,1903
2013-12-26,98.61,98.86,98.3,98.3,10814
2013-12-27,98.77,98.77,97.9,98.07,6043
2013-12-30,98.03,98.39,97.82,98.2,4854
2013-12-31,98.55,98.63,98.35,98.53,12193
2014-01-02,98.09,98.1,96.89,97.39,25271
2014-01-03,97.88,98.03,97.35,98.03,10799
2014-01-06,98.36,98.53,97.09,97.2,7782
2014-01-07,97.49,98.39,97.48,98.3,9217
2014-01-08,98.22,98.62,97.79,98.48,8839
2014-01-09,98.97,98.97,98.1,98.74,3923
2014-01-10,98.83,99.32,98.33,99.32,7749
2014-01-13,99.41,99.66,97.47,97.47,8473
2014-01-14,98.43,99.55,98.23,99.45,6209
2014-01-15,99.73,100.13,99.69,100.13,14649
2014-01-16,100.11,100.43,99.94,100.35,18805
2014-01-17,100.49,100.49,99.92,99.98,5048
2014-01-21,100.64,100.72,99.66,100.37,12875
2014-01-22,100.71,100.98,100.4,100.98,7034
2014-01-23,100.58,100.58,99.59,100.08,17659
2014-01-24,99.62,99.62,97.46,97.46,14071
2014-01-27,97.69,97.69,95.19,95.96,19432
2014-01-28,96.05,97.12,96.05,97.12,3960
2014-01-29,96.35,96.74,94.11,95.4,20854
2014-01-30,96.64,97.75,96.6,97.34,11986
2014-01-31,96.05,97.23,95.95,96.65,8357
2014-02-03,96.54,96.54,92.92,93.38,14117
2014-02-04,93.71,94.32,93.25,94.06,112067
2014-02-05,93.74,93.74,91.84,93.21,19617
2014-02-06,93.44,94.27,93.44,94.14,6850
2014-02-07,94.68,95.59,94.37,95.59,6642
2014-02-10,95.59,95.87,95.0,95.87,7261
2014-02-11,96.1,96.84,95.69,96.64,12547
2014-02-12,96.92,97.46,96.78,96.78,11020
2014-02-13,96.25,98.44,96.25,98.38,5986
2014-02-14,98.11,98.47,97.78,98.29,10002
2014-02-18,98.71,99.63,98.63,99.54,10130
2014-02-19,99.24,99.7,98.54,98.54,12877
2014-02-20,98.58,99.9,98.58,99.88,6227
2014-02-21,100.2,100.61,100.09,100.27,7468
2014-02-24,100.46,101.5,100.46,101.05,7342
2014-02-25,101.25,101.55,100.71,101.11,4926
2014-02-26,101.41,102.61,101.41,101.7,19351
2014-02-27,101.58,102.32,101.28,102.29,6610
2014-02-28,102.48,102.84,101.14,101.37,11664
2014-03-03,100.3,101.2,99.8,100.68,13261
2014-03-04,102.0,104.17,102.0,103.79,15202
2014-03-05,103.76,103.76,103.33,103.64,7991
2014-03-06,103.98,104.09,103.06,103.47,4683
2014-03-07,104.12,104.12,102.75,103.1,4418
2014-03-10,103.11,103.11,102.34,102.68,5094
2014-03-11,103.01,103.31,101.19,101.33,8260
2014-03-12,101.1,101.91,100.91,101.74,6298
2014-03-13,102.35,102.38,100.0,100.57,6122
2014-03-14,100.31,101.13,100.31,100.6,5397
2014-03-17,101.61,102.09,101.4,101.5,6776
2014-03-18,101.76,103.22,101.61,103.03,5407
2014-03-19,102.96,103.0,102.5,102.5,3057
2014-03-20,102.03,102.75,102.02,102.25,9156
2014-03-21,103.1,103.1,101.49,101.49,2589
2014-03-24,101.86,101.86,98.71,99.6,382672
2014-03-25,100.47,100.83,98.83,99.62,116433
2014-03-26,100.36,100.36,97.58,97.58,24867
2014-03-27,97.74,97.74,96.66,96.99,13337
2014-03-28,97.44,98.49,96.88,97.02,18676
2014-03-31,97.73,99.14,97.49,99.07,45631
2014-04-01,99.92,100.52,99.64,100.26,30120
2014-04-02,100.87,100.87,100.38,100.84,8244
2014-04-03,100.85,100.85,98.98,99.38,5112
2014-04-04,99.85,99.85,96.36,96.75,25084
2014-04-07,96.26,96.26,94.3,94.92,24922
2014-04-08,95.02,95.96,94.17,95.52,421795
2014-04-09,95.86,97.47,95.71,97.46,10055
2014-04-10,97.54,97.54,94.0,94.41,6267
2014-04-11,93.38,94.5,92.36,92.73,28397
2014-04-14,93.5,93.89,91.88,92.88,163559
2014-04-15,93.03,93.41,90.67,93.11,37843
2014-04-16,94.0,94.32,93.2,94.32,11972
2014-04-17,93.96,95.1,93.67,94.98,20525
2014-04-21,95.14,95.28,94.7,95.24,5564
2014-04-22,96.0,96.96,95.93,96.77,8476
2014-04-23,96.69,96.69,95.78,95.8,6199
2014-04-24,96.52,96.52,94.84,95.48,4040
2014-04-25,95.11,95.11,93.22,93.39,7132
2014-04-28,93.75,94.08,91.3,92.79,18710
2014-04-29,93.02,93.67,93.02,93.29,4690
2014-04-30,92.99,93.7,92.33,93.7,4893
2014-05-01,93.65,94.65,92.79,93.92,9214
2014-05-02,94.07,94.5,94.07,94.3,1760
2014-05-05,93.47,94.1,92.86,94.1,3504
2014-05-06,93.7,93.7,92.27,92.31,2983
2014-05-07,92.52,92.52,90.5,91.7,3216
2014-05-08,91.57,92.59,90.86,90.86,5742
2014-05-09,90.45,91.57,90.0,91.57,8042
2014-05-12,92.04,94.21,92.04,94.15,14419
2014-05-13,93.99,93.99,93.05,93.23,6226
2014-05-14,92.84,92.84,91.78,91.84,5298
2014-05-15,90.91,91.11,89.83,91.08,10524
2014-05-16,90.54,91.58,90.53,91.52,6194
2014-05-19,91.35,93.04,91.35,92.59,5049
2014-05-20,91.82,91.82,91.0,91.49,3823
2014-05-21,92.04,92.08,91.21,91.86,6231
2014-05-22,92.01,93.15,92.01,93.1,15078
2014-05-23,93.3,94.12,93.3,94.1,3737
2014-05-27,94.65,95.51,94.57,95.51,6223
2014-05-28,95.54,95.54,94.89,95.35,5133
2014-05-29,95.16,95.42,95.16,95.42,916
2014-05-30,95.09,95.09,94.41,94.64,2145
2014-06-02,94.71,94.92,93.44,94.12,355999
2014-06-03,93.69,93.97,93.45,93.88,7337
2014-06-04,93.65,94.42,93.6,94.33,26131
2014-06-05,94.65,96.28,94.42,96.28,21451
2014-06-06,96.64,97.42,96.64,97.24,4171
2014-06-09,97.46,98.54,97.46,98.24,5157
2014-06-10,98.17,98.17,97.48,97.89,4340
2014-06-11,97.47,97.9,97.3,97.86,3657
2014-06-12,97.38,97.65,97.0,97.0,7131
2014-06-13,96.8,97.52,96.8,97.35,4243
2014-06-16,97.42,98.15,97.38,98.08,3615
2014-06-17,98.3,99.3,98.3,99.06,2747
2014-06-18,99.13,99.6,98.78,99.6,2302
2014-06-19,99.94,100.18,99.11,99.75,16433
2014-06-20,99.85,100.16,99.51,100.16,7096
2014-06-23,100.43,100.43,99.8,99.9,7399
2014-06-24,99.93,100.69,99.05,99.11,4522
2014-06-25,98.37,99.58,98.18,99.56,6621
2014-06-26,99.52,99.52,99.08,99.41,7923
2014-06-27,99.14,99.93,99.14,99.93,5527
2014-06-30,100.33,100.59,99.8,100.51,4194
2014-07-01,101.23,102.36,101.23,101.76,11085
2014-07-02,101.99,101.99,101.52,101.52,5747
2014-07-03,101.97,102.07,101.93,102.06,2222
2014-07-07,101.95,101.95,100.05,100.05,7410
2014-07-08,98.97,98.97,98.0,98.22,6497
2014-07-09,98.46,98.59,98.43,98.44,3919
2014-07-10,96.43,97.95,95.36,97.48,6616
2014-07-11,97.27,97.61,97.27,97.46,2374
2014-07-14,98.47,98.54,97.79,98.07,328199
2014-07-15,97.82,98.15,96.26,96.74,4577
2014-07-16,96.75,96.75,96.17,96.4,3443
2014-07-17,95.6,96.21,94.58,94.73,18573
2014-07-18,95.35,96.41,95.02,96.38,4200
2014-07-21,95.47,96.34,95.38,96.14,3606
2014-07-22,96.97,97.4,96.97,97.29,1361
2014-07-23,97.79,98.03,97.43,97.55,1990
2014-07-24,97.73,98.01,97.31,97.59,1569
2014-07-25,96.96,96.96,96.31,96.49,4067
2014-07-28,96.6,96.6,95.24,96.34,3680
2014-07-29,96.19,96.91,96.19,96.46,6061
2014-07-30,97.12,97.33,97.03,97.08,3126
2014-07-31,96.2,96.23,94.5,94.51,25493
2014-08-01,94.53,94.71,93.41,93.97,4778
2014-08-04,94.39,95.09,94.09,95.09,9723
2014-08-05,94.81,95.37,94.49,94.49,2267
2014-08-06,94.96,95.69,94.96,95.17,3353
2014-08-07,95.38,95.68,94.35,94.58,4468
2014-08-08,94.78,95.33,94.78,95.26,2204
2014-08-11,96.21,97.06,96.0,96.81,8011
2014-08-12,96.43,96.59,95.64,95.9,2433
2014-08-13,96.16,96.84,96.16,96.73,2286
2014-08-14,96.95,96.95,96.77,96.85,3797
2014-08-15,97.61,97.61,96.19,96.62,7052
2014-08-18,97.68,98.23,97.55,98.08,7958
2014-08-19,98.63,98.79,98.57,98.71,3115
2014-08-20,98.01,98.19,97.92,98.08,4513
2014-08-21,98.15,98.15,97.0,98.14,12159
2014-08-22,98.17,98.4,98.12,98.37,4387
2014-08-25,98.97,99.22,98.51,98.79,7568
2014-08-26,99.07,100.0,98.96,99.88,3929
2014-08-27,100.0,100.0,99.6,99.6,1358
2014-08-28,98.64,99.28,98.62,99.04,4034
2014-08-29,98.93,99.78,98.93,99.52,4287
2014-09-02,100.0,100.41,99.66,100.18,7453
2014-09-03,100.57,100.57,99.47,99.47,2533
2014-09-04,99.88,99.88,99.32,99.32,811
2014-09-05,99.06,99.3,98.33,99.3,3457
2014-09-08,99.67,99.84,99.23,99.61,1469
2014-09-09,99.0,99.28,98.38,98.38,3769
2014-09-10,98.29,99.0,98.29,99.0,1014
2014-09-11,99.0,99.88,99.0,99.8,3268
2014-09-12,99.28,99.28,98.68,98.98,1954
2014-09-15,99.08,99.08,97.36,97.76,2771
2014-09-16,97.18,98.09,96.9,97.94,12344
2014-09-17,98.39,98.76,98.26,98.76,3113
2014-09-18,98.66,98.97,98.59,98.81,1081
2014-09-19,99.33,99.33,97.38,97.38,2808
2014-09-22,97.21,97.21,95.88,96.22,8980
2014-09-23,95.93,96.19,95.53,95.61,7621
2014-09-24,95.68,96.5,95.18,96.5,2399
2014-09-25,96.23,96.23,94.88,95.1,3013
2014-09-26,95.43,95.43,95.3,95.3,1899
2014-09-29,94.57,96.08,94.57,95.81,4186
2014-09-30,95.21,95.21,94.51,94.51,1898
2014-10-01,94.37,94.37,92.59,92.59,6927
2014-10-02,92.92,94.16,92.0,93.98,14621
2014-10-03,94.71,95.35,94.71,95.01,14386
2014-10-06,95.24,95.24,93.94,94.15,5689
2014-10-07,93.01,93.2,91.89,91.89,25643
2014-10-08,91.69,93.2,90.93,93.2,1532
2014-10-09,93.53,93.53,91.06,91.06,8584
2014-10-10,90.45,91.39,89.73,89.73,6485
2014-10-13,89.55,90.0,88.74,88.74,3430
2014-10-14,89.92,91.06,89.32,89.78,5399
2014-10-15,88.29,90.9,88.01,90.9,11883
2014-10-16,90.1,92.63,90.1,92.35,69939
2014-10-17,93.19,93.53,91.7,92.11,162356
2014-10-20,91.77,93.24,91.77,93.24,8402
2014-10-21,93.93,94.92,93.8,94.92,25386
2014-10-22,94.92,95.12,93.35,93.35,15432
2014-10-23,94.34,95.84,94.34,95.26,23955
2014-10-24,95.45,95.47,94.98,95.45,34444
2014-10-27,94.59,95.25,94.0,95.25,3642
2014-10-28,95.88,97.96,95.8,97.96,7984
2014-10-29,98.5,98.53,97.17,97.71,10467
2014-10-30,97.23,99.0,97.23,98.84,3813
2014-10-31,100.27,100.54,99.9,100.46,11164
2014-11-03,100.39,100.71,99.69,99.69,8561
2014-11-04,100.02,100.02,99.5,99.77,7280
2014-11-05,100.55,100.55,99.29,99.46,38620
2014-11-06,99.61,99.99,99.31,99.87,5664
2014-11-07,99.37,100.03,99.37,100.0,4001
2014-11-10,100.31,100.44,100.14,100.29,2862
2014-11-11,100.76,101.0,100.39,101.0,4786
2014-11-12,100.55,101.48,100.55,101.48,2059
2014-11-13,101.73,101.86,100.5,100.55,4087
2014-11-14,100.81,100.81,100.27,100.32,3244
2014-11-17,100.58,100.58,99.6,99.6,5418
2014-11-18,100.25,100.39,100.24,100.24,9182
2014-11-19,100.3,100.3,98.89,99.26,6509
2014-11-20,99.44,100.06,99.42,99.96,10352
2014-11-21,101.25,101.52,100.23,100.71,8743
2014-11-24,100.5,101.92,100.5,101.92,5201
2014-11-25,102.36,102.65,101.64,101.76,6610
2014-11-26,101.76,102.49,101.76,102.49,3524
2014-11-28,102.09,102.09,101.37,101.37,1860
2014-12-01,100.43,100.43,99.16,99.59,5557
2014-12-02,99.4,100.47,99.4,100.35,9602
2014-12-03,100.47,101.73,100.47,101.51,5605
2014-12-04,101.3,101.3,101.21,101.21,3268
2014-12-05,101.43,101.92,101.43,101.85,5756
2014-12-08,101.87,102.49,100.33,100.78,11201
2014-12-09,99.32,102.02,99.32,102.02,5238
2014-12-10,101.92,101.92,100.2,100.2,5360
2014-12-11,100.98,101.95,100.98,101.45,1609
2014-12-12,100.27,100.65,100.01,100.01,4418
2014-12-15,100.1,100.54,98.4,98.79,10287
2014-12-16,98.44,100.03,98.44,99.06,2250
2014-12-17,98.81,101.28,98.75,101.28,3510
2014-12-18,102.67,103.15,102.35,103.15,18739
2014-12-19,102.92,103.75,102.92,103.75,5600
2014-12-22,103.06,103.13,102.62,103.04,1287
2014-12-23,103.61,103.66,102.97,103.1,3620
2014-12-24,103.6,103.99,103.39,103.68,5629
2014-12-26,104.18,104.39,104.18,104.19,3237
2014-12-29,104.69,104.81,104.38,104.58,5747
2014-12-30,104.77,104.77,103.72,103.96,5838
2014-12-31,104.11,104.8,103.98,103.98,2224
2015-01-02,103.67,104.29,102.0,102.61,26375
2015-01-05,102.39,102.49,101.22,101.64,5124
2015-01-06,101.31,101.31,98.79,100.18,7386
2015-01-07,100.5,101.0,100.13,101.0,9599
2015-01-08,102.54,103.11,102.54,102.95,8365
2015-01-09,103.41,103.41,102.42,102.65,3213
2015-01-12,102.79,102.99,101.5,101.75,5668
2015-01-13,103.26,103.53,100.86,101.06,6830
2015-01-14,101.27,101.76,100.71,101.76,61978
2015-01-15,101.74,101.74,99.36,99.36,4976
2015-01-16,99.01,100.63,99.01,100.63,8012
2015-01-20,101.29,101.5,99.89,101.1,12935
2015-01-21,100.93,101.41,100.33,100.41,5355
2015-01-22,101.44,102.38,99.99,102.38,8517
2015-01-23,102.33,103.1,102.33,102.65,4757
2015-01-26,102.82,103.95,102.48,103.95,10847
2015-01-27,102.64,104.0,102.53,103.48,10229
2015-01-28,103.98,103.98,102.5,103.2,3654
2015-01-29,102.34,103.17,101.35,103.17,7678
2015-01-30,102.91,102.91,100.95,100.95,10138
2015-02-02,101.38,101.55,99.76,101.54,85775
2015-02-03,102.25,103.24,102.05,103.24,13691
2015-02-04,102.7,103.14,102.65,102.79,2627
2015-02-05,103.39,104.48,103.39,104.31,13568
2015-02-06,104.25,104.91,103.85,104.19,8830
2015-02-09,104.1,104.18,103.28,103.36,7161
2015-02-10,103.92,104.53,103.29,104.43,4117
2015-02-11,104.35,104.69,103.8,104.46,4391
2015-02-12,104.87,105.73,104.87,105.67,11069
2015-02-13,105.78,106.55,105.58,106.55,6479
2015-02-17,106.6,106.92,106.3,106.87,4002
2015-02-18,106.81,107.11,106.57,107.11,13560
2015-02-19,107.15,107.68,107.1,107.41,4143
2015-02-20,107.37,107.87,106.66,107.87,11343
2015-02-23,107.59,107.81,107.23,107.81,2371
2015-02-24,107.79,108.35,107.57,108.0,11509
2015-02-25,107.99,108.45,107.86,108.45,4406
2015-02-26,108.42,108.94,108.42,108.9,6688
2015-02-27,108.92,109.0,108.24,108.24,4263
2015-03-02,108.29,109.25,108.29,109.2,11395
2015-03-03,109.18,109.18,107.94,108.33,7329
2015-03-04,107.9,108.51,107.48,108.25,5753
2015-03-05,108.5,108.99,108.22,108.84,4544
2015-03-06,108.47,108.66,107.26,107.32,12448
2015-03-09,107.87,108.1,107.4,108.1,4192
2015-03-10,106.93,107.08,106.39,106.71,10372
2015-03-11,106.98,107.42,106.59,107.35,8258
2015-03-12,107.93,109.0,107.93,108.96,12291
2015-03-13,108.85,109.19,107.65,108.64,7675
2015-03-16,109.17,109.5,108.98,109.47,10103
2015-03-17,109.28,109.69,108.99,109.67,8730
2015-03-18,109.59,110.89,108.99,110.39,9750
2015-03-19,110.48,111.17,110.39,111.17,5981
2015-03-20,111.74,111.95,111.5,111.79,21350
2015-03-23,111.91,111.91,111.54,111.61,8888
2015-03-24,111.45,111.89,111.35,111.39,3546
2015-03-25,111.72,111.73,108.17,108.17,10328
2015-03-26,107.85,108.71,107.32,108.12,5496
2015-03-27,108.6,109.25,108.6,109.19,2188
2015-03-30,109.87,110.92,109.87,110.81,18881
2015-03-31,110.44,110.65,110.0,110.29,13719
2015-04-01,109.72,109.96,108.9,109.96,7730
2015-04-02,110.22,110.72,110.06,110.25,8944
2015-04-06,109.74,111.01,109.74,110.66,4434
2015-04-07,111.0,111.22,110.22,110.3,25853
2015-04-08,110.13,111.55,110.13,111.34,72136
2015-04-09,111.3,111.84,110.12,111.3,22040
2015-04-10,111.75,112.02,111.5,111.8,8590
2015-04-13,112.2,112.67,111.98,112.04,23506
2015-04-14,112.26,112.26,111.21,111.94,17340
2015-04-15,112.43,113.24,112.37,112.83,11342
2015-04-16,112.83,112.94,112.7,112.75,6895
2015-04-17,112.0,112.0,110.35,110.75,13506
2015-04-20,111.47,112.04,111.26,111.96,6446
2015-04-21,111.96,112.5,112.04,112.21,16533
2015-04-22,112.3,112.35,111.38,112.17,7615
2015-04-23,112.29,113.09,112.16,112.9,15349
2015-04-24,113.1,113.1,112.17,112.48,11646
2015-04-27,112.92,113.18,110.45,110.45,15779
2015-04-28,111.01,111.03,109.16,110.8,11913
2015-04-29,110.09,110.65,109.4,109.77,9546
2015-04-30,108.79,109.0,106.61,107.1,12857
2015-05-01,107.55,108.06,107.07,108.06,17151
2015-05-04,108.43,109.34,108.43,108.73,4264
2015-05-05,108.49,108.58,106.64,106.93,14099
2015-05-06,107.52,107.76,106.7,107.53,18108
2015-05-07,107.82,108.52,107.74,108.19,11578
2015-05-08,109.52,109.52,108.79,108.94,6873
2015-05-11,108.79,109.88,108.79,109.26,11166
2015-05-12,108.64,109.12,107.7,108.89,5848
2015-05-13,109.31,109.31,108.72,108.99,7841
2015-05-14,109.56,110.22,109.05,110.16,11255
2015-05-15,109.5,110.1,109.5,110.08,2867
2015-05-18,109.92,111.41,109.92,111.36,5605
2015-05-19,111.25,111.52,111.1,111.36,7708
2015-05-20,111.33,111.91,111.33,111.7,3870
2015-05-21,111.49,111.76,111.42,111.59,5274
2015-05-22,111.49,111.86,110.81,111.54,5001
2015-05-26,110.68,110.68,109.61,110.34,6006
2015-05-27,110.3,111.66,110.25,111.52,5585
2015-05-28,111.34,111.53,110.84,111.53,3320
2015-05-29,111.35,111.63,110.6,111.14,8394
2015-06-01,111.47,111.79,110.23,111.48,3784
2015-06-02,110.95,111.98,110.6,111.33,9343
2015-06-03,111.8,112.81,111.42,112.62,6375
2015-06-04,112.22,112.26,111.37,111.37,5551
2015-06-05,111.43,112.62,110.67,112.61,7172
2015-06-08,112.6,112.67,111.79,112.04,15068
2015-06-09,111.97,111.97,110.64,111.23,20326
2015-06-10,111.99,113.08,111.99,112.96,7014
2015-06-11,113.22,113.35,112.86,113.17,9076
2015-06-12,113.02,113.02,112.5,112.82,17956
2015-06-15,112.21,112.53,111.0,112.51,35886
2015-06-16,112.35,113.49,112.35,113.21,6446
2015-06-17,113.8,113.89,113.19,113.36,19135
2015-06-18,114.07,115.3,113.93,115.12,10468
2015-06-19,115.27,115.27,114.84,115.21,15792
2015-06-22,115.73,115.98,115.57,115.96,16132
2015-06-23,116.05,116.09,115.62,116.07,5974
2015-06-24,115.85,115.85,114.7,114.83,11468
2015-06-25,115.49,115.49,114.41,114.85,9885
2015-06-26,115.03,115.27,113.77,114.43,21373
2015-06-29,113.75,113.87,111.57,111.57,18385
2015-06-30,112.53,112.6,111.89,112.52,11665
2015-07-01,113.22,113.69,112.27,112.66,8745
2015-07-02,112.23,112.23,111.58,111.84,2855
2015-07-06,111.09,112.36,110.96,111.81,22566
2015-07-07,111.38,112.03,109.88,112.03,15196
2015-07-08,110.91,111.26,109.44,109.98,19669
2015-07-09,111.17,111.49,110.51,110.87,6916
2015-07-10,112.52,112.7,111.66,112.68,7859
2015-07-13,113.43,114.17,113.33,114.13,19642
2015-07-14,114.15,115.13,114.15,115.01,9873
2015-07-15,115.18,115.18,114.08,114.22,17537
2015-07-16,114.77,115.39,114.73,115.26,16730
2015-07-17,115.44,115.44,114.61,115.09,15125
2015-07-20,115.11,115.13,114.51,114.57,16764
2015-07-21,114.42,114.87,113.41,114.04,23104
2015-07-22,113.79,114.71,113.5,114.58,14245
2015-07-23,114.86,115.33,113.54,113.54,4540
2015-07-24,113.72,113.72,111.64,111.74,15757
2015-07-27,110.92,111.0,110.0,110.39,25937
2015-07-28,110.84,111.56,109.36,111.4,8668
2015-07-29,111.28,111.88,110.93,111.76,7145
2015-07-30,111.37,112.11,110.75,112.07,11468
2015-07-31,112.42,113.6,112.31,112.95,14195
2015-08-03,112.83,112.94,111.59,112.36,20383
2015-08-04,112.5,113.04,112.06,112.23,34189
2015-08-05,112.82,113.72,112.58,112.87,26809
2015-08-06,112.98,112.98,109.83,110.47,18310
2015-08-07,110.1,110.1,108.75,109.64,9389
2015-08-10,110.27,111.01,110.27,110.8,4066
2015-08-11,110.1,110.55,109.05,109.67,9127
2015-08-12,109.0,109.6,107.25,109.4,14833
2015-08-13,109.63,110.22,109.14,109.21,9618
2015-08-14,108.9,109.69,108.22,109.69,10889
2015-08-17,109.14,111.05,108.94,111.05,12304
2015-08-18,111.06,111.06,109.97,110.18,15090
2015-08-19,108.91,109.33,108.29,108.93,7811
2015-08-20,107.95,107.96,105.45,105.45,22843
2015-08-21,104.31,105.57,103.73,104.25,28664
2015-08-24,98.8,103.06,92.8,99.66,35725
2015-08-25,102.82,102.82,99.67,99.91,18006
2015-08-26,101.38,102.41,99.27,102.33,26609
2015-08-27,103.4,104.61,102.46,104.21,24236
2015-08-28,104.11,105.25,104.11,105.25,6775
2015-08-31,104.94,105.3,104.14,104.39,15391
2015-09-01,102.83,103.06,101.41,101.6,14934
2015-09-02,102.71,103.5,101.72,103.5,4393
2015-09-03,103.87,104.58,103.09,103.19,11426
2015-09-04,102.0,103.32,102.0,102.98,6504
2015-09-08,104.11,105.27,103.97,105.15,4521
2015-09-09,105.88,106.1,103.88,103.9,14080
2015-09-10,103.47,104.87,103.47,104.51,4859
2015-09-11,104.11,105.17,103.7,105.17,9400
2015-09-14,105.59,105.59,104.44,104.74,5480
2015-09-15,105.03,105.93,104.8,105.89,16051
2015-09-16,105.9,106.5,105.66,106.5,7080
2015-09-17,106.68,108.25,106.32,107.44,21945
2015-09-18,105.77,107.0,105.77,106.11,7720
2015-09-21,106.66,106.81,104.29,104.74,13730
2015-09-22,103.57,103.71,102.22,102.98,16243
2015-09-23,103.26,103.26,102.52,102.75,5634
2015-09-24,102.16,102.16,100.84,102.13,6249
2015-09-25,103.26,103.26,99.55,99.99,10457
2015-09-28,99.89,99.89,95.91,96.33,17800
2015-09-29,96.34,97.28,94.91,95.41,8266
2015-09-30,96.34,97.44,96.0,97.28,5693
2015-10-01,97.58,97.58,95.59,97.03,35019
2015-10-02,95.95,98.9,95.49,98.9,27503
2015-10-05,100.44,100.99,99.89,100.99,11353
2015-10-06,101.04,101.17,99.2,99.69,9735
2015-10-07,100.29,101.5,99.73,101.14,10851
2015-10-08,101.7,102.0,100.48,101.82,78169
2015-10-09,101.91,102.8,101.78,102.41,19869
2015-10-12,102.67,102.67,101.68,102.2,4486
2015-10-13,101.88,102.8,100.43,100.43,10808
2015-10-14,100.4,101.23,99.4,99.44,11595
2015-10-15,99.88,102.26,99.64,102.26,10483
2015-10-16,102.39,102.47,101.33,102.34,10643
2015-10-19,101.98,103.23,101.8,102.65,10308
2015-10-20,102.62,102.89,101.49,101.9,7653
2015-10-21,102.29,102.37,100.09,100.37,16530
2015-10-22,100.92,101.56,99.9,100.89,18561
2015-10-23,101.94,102.52,101.45,102.52,15659
2015-10-26,102.43,102.53,101.84,102.01,8489
2015-10-27,101.52,101.77,100.35,101.03,8936
2015-10-28,101.27,103.95,101.09,103.95,13059
2015-10-29,103.77,104.18,102.59,102.73,4885
2015-10-30,102.84,103.21,102.75,102.85,9834
2015-11-02,103.27,105.45,103.0,105.2,34301
2015-11-03,104.97,106.19,104.66,105.76,9920
2015-11-04,106.22,106.26,105.39,105.68,10379
2015-11-05,105.82,105.82,104.43,105.57,6121
2015-11-06,105.49,106.57,105.08,106.45,6916
2015-11-09,106.46,106.46,104.89,105.37,17756
2015-11-10,104.96,105.58,104.41,105.44,14502
2015-11-11,105.73,105.77,104.68,104.7,18545
2015-11-12,103.88,104.09,102.59,102.59,20357
2015-11-13,102.17,102.37,101.73,101.75,6089
2015-11-16,101.85,102.25,100.94,102.23,5690
2015-11-17,102.59,103.2,102.06,102.35,25865
2015-11-18,102.55,104.01,102.15,104.01,4023
2015-11-19,104.0,104.1,103.29,103.29,4836
2015-11-20,103.97,104.65,103.97,104.42,3493
2015-11-23,104.4,105.28,104.32,105.05,3488
2015-11-24,104.67,105.37,104.31,105.37,4557
2015-11-25,105.82,106.77,105.67,106.77,4001
2015-11-27,106.91,107.44,106.91,107.12,1379
2015-11-30,107.71,107.71,106.5,106.63,12676
2015-12-01,107.02,107.14,106.2,107.14,5768
2015-12-02,107.25,107.46,106.42,106.5,6942
2015-12-03,106.9,106.99,103.97,104.36,10973
2015-12-04,104.54,105.71,104.24,105.7,11506
2015-12-07,105.48,105.48,103.76,104.03,11186
2015-12-08,103.28,104.34,102.87,104.03,11172
2015-12-09,103.67,104.39,102.19,102.49,7383
2015-12-10,102.36,103.24,102.23,103.01,6217
2015-12-11,102.04,102.04,100.38,100.47,28740
2015-12-14,100.51,100.74,99.51,99.63,8549
2015-12-15,100.42,101.33,100.27,101.1,9457
2015-12-16,102.02,102.92,101.54,102.92,6954
2015-12-17,103.27,103.27,101.62,101.63,7258
2015-12-18,101.01,101.44,100.15,100.15,10723
2015-12-21,100.59,100.85,100.09,100.2,6470
2015-12-22,100.93,101.35,100.2,101.31,8523
2015-12-23,101.9,102.58,101.9,102.38,4413
2015-12-24,102.46,102.88,102.46,102.88,2026
2015-12-28,102.86,102.86,101.45,102.13,11374
2015-12-29,102.88,103.59,102.48,103.59,7613
2015-12-30,103.51,103.6,102.82,102.82,4483
2015-12-31,102.04,102.23,101.57,102.06,10107
2016-01-04,99.45,99.45,97.84,98.52,18359
2016-01-05,99.1,99.1,98.22,98.59,6992
2016-01-06,97.31,97.6,96.25,96.92,6838
2016-01-07,95.05,95.4,93.92,94.14,14534
2016-01-08,94.39,94.87,92.38,92.39,9947
2016-01-11,92.77,93.2,90.75,91.77,10315
2016-01-12,92.43,93.47,90.81,92.43,34661
2016-01-13,92.65,93.11,88.93,89.04,15067
2016-01-14,89.26,91.34,87.79,90.54,20885
2016-01-15,88.1,89.12,87.06,89.06,16265
2016-01-19,89.96,90.02,86.74,87.62,21350
2016-01-20,86.24,89.53,84.52,88.54,37204
2016-01-21,88.93,89.9,87.68,88.08,28656
2016-01-22,89.7,90.59,89.37,90.37,96028
2016-01-25,89.86,90.15,88.32,88.51,17398
2016-01-26,88.98,90.0,88.17,89.83,33895
2016-01-27,89.52,89.74,87.76,88.02,12780
2016-01-28,88.95,89.06,87.1,87.32,10481
2016-01-29,87.48,90.23,87.48,90.23,19308
2016-02-01,89.56,90.73,88.93,90.3,20359
2016-02-02,89.06,89.24,87.63,88.1,26289
2016-02-03,88.72,88.72,86.35,87.83,10715
2016-02-04,87.87,88.88,87.77,88.34,33617
2016-02-05,87.88,87.88,85.04,85.04,11160
2016-02-08,84.17,84.17,81.77,82.8,14903
2016-02-09,81.77,83.93,81.71,82.6,14264
2016-02-10,83.15,84.6,82.52,82.56,12593
2016-02-11,81.18,82.51,81.0,82.09,8517
2016-02-12,82.82,83.62,82.27,83.6,4436
2016-02-16,84.74,86.03,84.63,85.88,9324
2016-02-17,86.57,88.03,86.57,87.92,15614
2016-02-18,88.09,88.09,86.76,86.85,6027
2016-02-19,86.73,87.54,86.41,87.5,6539
2016-02-22,88.49,88.99,88.36,88.56,4642
2016-02-23,88.33,88.48,87.86,87.99,4594
2016-02-24,86.63,89.0,86.18,88.79,9362
2016-02-25,89.24,89.49,88.56,89.49,2044
2016-02-26,90.0,90.27,89.81,90.24,10617
2016-02-29,90.07,90.64,89.73,89.78,9924
2016-03-01,90.39,91.49,90.14,91.49,5147
2016-03-02,91.38,92.47,91.38,92.47,5306
2016-03-03,92.35,92.88,92.21,92.81,4145
2016-03-04,93.34,94.33,92.84,93.65,10323
2016-03-07,93.36,94.73,93.36,94.63,11136
2016-03-08,93.99,94.05,92.2,92.2,7626
2016-03-09,92.57,92.75,92.03,92.4,2140
2016-03-10,92.65,92.99,90.99,91.52,3793
2016-03-11,92.25,93.68,92.22,93.62,8824
2016-03-14,93.53,93.96,93.28,93.72,3297
2016-03-15,93.05,93.05,91.78,91.84,4493
2016-03-16,91.48,92.5,91.48,92.45,3870
2016-03-17,92.27,93.92,91.83,93.65,3822
2016-03-18,93.8,95.0,93.8,94.72,4575
2016-03-21,94.42,94.71,94.38,94.43,7008
2016-03-22,93.85,94.66,93.85,94.48,3587
2016-03-23,94.18,94.18,92.74,92.74,10555
2016-03-24,92.27,92.74,91.66,92.74,2229
2016-03-28,92.98,93.15,92.29,93.12,5912
2016-03-29,92.84,95.7,92.84,95.7,10631
2016-03-30,96.23,96.48,95.76,95.82,9334
2016-03-31,95.88,96.66,95.88,96.32,4974
2016-04-01,95.81,97.0,95.81,97.0,2070
2016-04-04,97.38,97.38,96.52,96.52,10132
2016-04-05,95.63,96.08,95.29,95.32,2634
2016-04-06,95.5,97.01,95.5,96.98,3018
2016-04-07,96.38,96.38,95.18,95.51,5645
2016-04-08,96.48,96.48,95.34,95.49,2604
2016-04-11,96.18,96.67,94.96,95.07,3275
2016-04-12,94.84,95.77,94.75,95.68,9843
2016-04-13,96.48,98.1,96.4,98.06,10571
2016-04-14,98.14,98.3,97.73,98.07,5242
2016-04-15,97.74,98.36,97.74,98.36,985
2016-04-18,97.93,99.18,97.89,99.13,3438
2016-04-19,99.32,99.58,98.42,98.82,5358
2016-04-20,98.96,99.62,98.61,99.22,2711
2016-04-21,98.91,99.5,98.69,98.74,7576
2016-04-22,99.14,99.76,98.87,99.74,4743
2016-04-25,99.42,99.62,98.9,98.91,4402
2016-04-26,99.16,99.7,99.16,99.7,3276
2016-04-27,99.66,100.14,99.42,100.14,4618
2016-04-28,99.51,100.0,98.27,98.47,3833
2016-04-29,98.16,98.31,96.97,97.3,4464
2016-05-02,97.61,98.22,97.39,98.22,4206
2016-05-03,97.48,97.48,96.57,96.6,3698
2016-05-04,95.98,96.6,95.13,95.52,8866
2016-05-05,95.85,95.85,94.86,95.11,3052
2016-05-06,94.62,95.17,94.02,95.17,4143
2016-05-09,95.19,96.31,95.19,96.29,2310
2016-05-10,96.41,96.84,95.94,96.84,6301
2016-05-11,96.43,96.59,95.68,95.68,5472
2016-05-12,95.65,95.65,93.86,94.57,3935
2016-05-13,95.25,95.25,94.09,94.28,1605
2016-05-16,94.6,95.82,94.38,95.72,3238
2016-05-17,95.74,95.74,93.98,94.17,3526
2016-05-18,94.78,94.78,94.22,94.22,2599
2016-05-19,93.95,94.56,93.84,93.96,3326
2016-05-20,95.4,95.48,95.33,95.4,1835
2016-05-23,95.8,96.35,95.8,95.89,1481
2016-05-24,96.39,98.11,96.39,98.11,2033
2016-05-25,98.41,98.54,98.03,98.22,3022
2016-05-26,98.41,98.69,98.21,98.46,1855
2016-05-27,98.46,99.41,98.46,99.41,2282
2016-05-31,99.77,100.25,99.62,99.62,2130
2016-06-01,99.65,100.9,99.65,100.82,3422
2016-06-02,100.8,101.65,100.8,101.65,9668
2016-06-03,101.69,101.69,100.51,101.12,3513
2016-06-06,101.31,102.41,101.07,102.2,3890
2016-06-07,102.27,102.84,102.15,102.84,4363
2016-06-08,102.58,103.25,102.52,103.15,2480
2016-06-09,102.77,102.79,102.21,102.35,4838
2016-06-10,101.32,101.41,100.57,100.72,5002
2016-06-13,100.62,100.62,99.66,99.69,2241
2016-06-14,99.38,99.71,98.7,99.42,5790
2016-06-15,99.79,100.69,99.64,100.23,3523
2016-06-16,98.88,99.43,98.16,99.43,3244
2016-06-17,99.41,99.41,98.68,98.69,3454
2016-06-20,100.04,100.83,99.96,100.01,7129
2016-06-21,99.96,99.96,98.8,99.36,1288
2016-06-22,99.07,100.02,98.94,99.06,3831
2016-06-23,99.93,100.62,99.87,100.54,7892
2016-06-24,96.08,98.24,96.08,96.89,11316
2016-06-27,96.2,96.2,93.44,93.87,8147
2016-06-28,94.74,95.69,94.64,95.22,4214
2016-06-29,96.94,97.78,96.71,97.78,2571
2016-06-30,98.05,98.86,97.5,98.86,4835
2016-07-01,99.37,100.07,99.37,99.78,39436
2016-07-05,98.65,98.75,98.02,98.41,2431
2016-07-06,98.17,99.29,98.11,99.24,3608
2016-07-07,100.13,100.13,99.55,99.74,1396
2016-07-08,101.07,102.08,101.04,102.05,8870
2016-07-11,103.06,103.31,102.7,103.17,5586
2016-07-12,103.99,104.5,103.75,104.5,2157
2016-07-13,104.64,104.64,103.56,103.56,3556
2016-07-14,104.34,104.34,103.66,103.66,1595
2016-07-15,103.96,103.96,103.76,103.81,3471
2016-07-18,103.59,104.33,103.59,104.04,9893
2016-07-19,104.0,104.0,103.27,103.44,2078
2016-07-20,103.73,104.74,103.73,104.53,3673
2016-07-21,104.51,104.84,103.87,103.91,4725
2016-07-22,104.16,105.0,104.02,104.85,3580
2016-07-25,104.64,104.78,104.45,104.58,2282
2016-07-26,105.19,105.19,104.9,105.08,2118
2016-07-27,105.75,105.75,105.4,105.53,1215
2016-07-28,105.64,105.76,105.28,105.74,5417
2016-07-29,104.93,105.97,104.87,105.77,4087
2016-08-01,105.92,106.45,105.9,106.01,3682
2016-08-02,106.03,106.03,104.23,104.69,2534
2016-08-03,104.66,105.24,104.66,105.08,2242
2016-08-04,105.35,105.81,105.35,105.51,4290
2016-08-05,106.05,106.87,106.05,106.68,3857
2016-08-08,106.76,106.99,106.29,106.41,4788
2016-08-09,106.5,106.67,106.41,106.66,5031
2016-08-10,106.72,106.72,105.7,105.92,3143
2016-08-11,106.49,106.64,105.96,106.41,2151
2016-08-12,106.33,106.69,106.31,106.66,4001
2016-08-15,107.62,107.87,107.62,107.87,873
2016-08-16,107.14,107.33,106.6,106.61,5291
2016-08-17,106.58,106.58,105.75,106.05,3034
2016-08-18,106.15,106.81,106.15,106.77,4877
2016-08-19,106.42,106.98,106.39,106.94,5817
2016-08-22,106.9,107.16,106.82,107.11,3307
2016-08-23,107.76,108.22,107.76,108.21,3142
2016-08-24,108.14,108.2,106.89,106.93,1801
2016-08-25,106.29,107.35,106.29,106.88,3335
2016-08-26,107.99,107.99,106.25,106.97,54560
2016-08-29,107.26,107.58,107.23,107.58,2131
2016-08-30,107.53,107.77,107.53,107.53,2654
2016-08-31,106.61,107.07,106.61,107.07,1157
2016-09-01,107.19,107.28,106.34,107.28,9286
2016-09-02,107.56,108.03,107.51,107.71,3534
2016-09-06,108.5,108.51,108.01,108.49,12728
2016-09-07,108.36,108.81,108.36,108.81,1617
2016-09-08,108.55,108.95,108.55,108.75,1255
2016-09-09,107.15,107.15,105.66,105.66,1901
2016-09-12,104.71,106.91,104.71,106.87,5162
2016-09-13,105.69,105.69,104.44,104.94,3855
2016-09-14,105.08,105.62,105.02,105.32,2474
2016-09-15,105.98,106.52,105.98,106.5,990
2016-09-16,106.3,106.73,106.3,106.55,1944
2016-09-19,107.01,107.92,107.01,107.15,1421
2016-09-20,107.55,107.55,106.8,106.9,3866
2016-09-21,106.68,108.02,106.65,108.02,2443
2016-09-22,108.55,109.48,108.55,109.48,3211
2016-09-23,108.94,108.94,108.79,108.83,1941
2016-09-26,108.25,108.25,107.66,107.66,2113
2016-09-27,107.33,108.24,107.33,108.24,3137
2016-09-28,107.8,108.72,107.8,108.72,2164
2016-09-29,107.08,107.38,107.08,107.26,1753
2016-09-30,107.24,108.36,107.24,108.07,3573
2016-10-03,107.43,107.67,107.26,107.67,72637
2016-10-04,107.65,108.2,106.98,107.21,2900
2016-10-05,108.08,108.43,108.08,108.26,1931
2016-10-06,107.79,107.79,106.99,107.66,3171
2016-10-07,107.23,107.23,106.85,106.85,616
2016-10-10,108.32,108.32,108.21,108.21,1323
2016-10-11,107.78,107.78,105.38,105.38,3910
2016-10-12,105.78,105.94,105.76,105.83,1364
2016-10-13,104.73,104.99,104.6,104.78,2109
2016-10-14,105.0,105.34,104.48,104.48,1034
2016-10-17,104.41,104.41,103.9,103.9,2324
2016-10-18,104.65,104.88,104.29,104.51,8680
2016-10-19,104.65,104.83,104.65,104.81,896
2016-10-20,104.38,104.44,104.15,104.44,1786
2016-10-21,103.7,104.36,103.58,104.34,3969
2016-10-24,105.08,105.32,104.9,105.0,4642
2016-10-25,105.14,105.14,103.95,104.0,10295
2016-10-26,103.41,103.69,102.5,102.7,2687
2016-10-27,103.04,103.04,101.2,101.2,5080
2016-10-28,101.25,101.77,101.21,101.26,1717
2016-10-31,101.52,101.69,101.17,101.55,13414
2016-11-01,101.65,101.65,99.96,100.23,56935
2016-11-02,100.15,100.15,98.85,99.15,10355
2016-11-03,99.08,99.3,98.25,98.25,4132
2016-11-04,98.29,99.38,98.29,98.86,10620
2016-11-07,100.75,101.31,100.75,101.31,7033
2016-11-08,101.1,102.08,100.7,101.65,3785
2016-11-09,100.9,104.67,100.89,104.52,11744
2016-11-10,106.47,107.07,104.61,106.37,11189
2016-11-11,106.71,108.73,106.5,108.59,8536
2016-11-14,109.53,110.38,109.0,109.48,7047
2016-11-15,109.43,110.0,109.14,109.87,5166
2016-11-16,109.69,110.2,109.69,109.81,5876
2016-11-17,109.86,110.94,109.86,110.56,36054
2016-11-18,111.16,111.17,110.6,111.03,10227
2016-11-21,112.0,112.0,110.94,111.67,8588
2016-11-22,112.05,112.18,111.33,112.08,30190
2016-11-23,112.09,113.04,111.63,113.04,13532
2016-11-25,113.24,113.53,113.0,113.53,11991
2016-11-28,113.58,113.58,112.0,112.0,13162
2016-11-29,112.46,112.46,111.71,111.84,9983
2016-11-30,111.92,112.21,110.43,110.7,6769
2016-12-01,110.88,110.88,108.78,108.92,54180
2016-12-02,109.12,109.59,109.12,109.24,2526
2016-12-05,110.36,111.22,110.36,111.16,13101
2016-12-06,111.54,112.46,110.69,112.33,6954
2016-12-07,111.97,113.26,111.74,113.09,3857
2016-12-08,113.57,114.76,113.04,114.64,16792
2016-12-09,115.04,115.63,114.53,114.73,43751
2016-12-12,114.47,114.84,113.48,113.5,6738
2016-12-13,113.51,114.08,113.51,113.64,27387
2016-12-14,113.23,113.23,111.9,112.02,33514
2016-12-15,112.22,113.7,112.22,112.87,5869
2016-12-16,113.04,113.81,112.65,112.75,7389
2016-12-19,112.93,113.84,112.93,113.41,21099
2016-12-20,113.77,114.36,113.61,114.03,15669
2016-12-21,114.05,114.13,113.52,113.55,7276
2016-12-22,113.2,113.2,111.83,111.99,10273
2016-12-23,111.99,112.71,111.99,112.67,5085
2016-12-27,113.25,114.0,113.25,113.69,4931
2016-12-28,113.77,113.77,111.81,112.02,19123
2016-12-29,112.56,112.56,111.81,112.32,5974
2016-12-30,112.6,112.6,111.36,111.59,69050
2017-01-03,113.2,113.2,111.44,111.93,21342
2017-01-04,112.76,114.28,112.76,114.28,8948
2017-01-05,114.15,114.15,112.76,113.4,11834
2017-01-06,113.2,113.53,112.82,112.82,7492
2017-01-09,112.92,113.24,112.4,112.75,15292
2017-01-10,112.81,113.95,112.81,113.75,6568
2017-01-11,113.67,114.05,113.0,113.59,33259
2017-01-12,113.6,113.6,111.69,113.27,4969
2017-01-13,114.44,114.45,113.99,114.11,3395
2017-01-17,114.0,114.0,112.38,112.54,4969
2017-01-18,112.76,113.04,112.47,113.04,7563
2017-01-19,113.1,113.1,111.93,111.93,2076
2017-01-20,112.4,112.49,112.22,112.46,2178
2017-01-23,112.37,112.37,111.45,111.98,4363
2017-01-24,112.55,113.68,112.35,113.56,4548
2017-01-25,114.39,114.87,114.39,114.69,15081
2017-01-26,114.83,114.83,114.02,114.14,27561
2017-01-27,114.3,114.3,113.43,113.77,4617
2017-01-30,112.84,112.92,111.53,112.55,9721
2017-01-31,112.24,113.57,112.24,113.57,3038
2017-02-01,114.37,114.57,113.04,113.56,8385
2017-02-02,113.45,113.81,112.83,113.18,15510
2017-02-03,114.32,114.82,113.94,114.82,7146
2017-02-06,114.58,114.58,113.69,113.87,6016
2017-02-07,114.16,114.45,113.4,113.67,9121
2017-02-08,113.29,113.74,112.71,113.7,6219
2017-02-09,114.32,115.59,114.32,115.45,7643
2017-02-10,115.65,116.49,115.65,116.22,6628
2017-02-13,116.97,117.03,116.23,116.31,5879
2017-02-14,116.15,116.54,115.9,116.51,3753
2017-02-15,116.74,117.52,116.6,117.5,17817
2017-02-16,117.2,117.55,116.41,116.82,5149
2017-02-17,116.66,117.15,116.66,117.15,6770
2017-02-21,117.57,118.06,117.54,118.03,6541
2017-02-22,118.01,118.01,117.48,117.48,3279
2017-02-23,117.7,117.7,115.76,116.28,7099
2017-02-24,115.42,116.6,115.41,116.58,2169
2017-02-27,116.6,118.11,116.46,118.11,6304
2017-02-28,117.75,117.75,116.31,116.31,3764
2017-03-01,117.85,118.55,117.61,118.55,11809
2017-03-02,118.07,118.32,117.8,117.8,6279
2017-03-03,117.58,117.58,116.76,117.04,2044
2017-03-06,116.81,116.81,115.94,116.6,4777
2017-03-07,116.04,116.45,115.75,115.75,5198
2017-03-08,116.26,116.29,115.74,115.74,7334
2017-03-09,115.14,115.64,114.77,115.07,3760
2017-03-10,115.94,115.94,115.11,115.89,3052
2017-03-13,115.51,116.25,115.51,116.08,4986
2017-03-14,115.85,115.85,114.85,115.57,2220
2017-03-15,115.76,117.46,115.76,117.46,2745
2017-03-16,117.79,117.79,117.13,117.38,5878
2017-03-17,117.42,117.88,117.34,117.83,2126
2017-03-20,117.49,117.89,117.3,117.48,4512
2017-03-21,118.0,118.0,114.95,115.27,6644
2017-03-22,114.1,114.46,113.75,114.46,4676
2017-03-23,114.2,115.35,114.2,115.06,5051
2017-03-24,115.58,115.64,115.12,115.12,4938
2017-03-27,114.03,115.31,113.54,114.99,4143
2017-03-28,115.42,116.24,115.2,116.24,2971
2017-03-29,116.01,116.82,116.01,116.72,3141
2017-03-30,116.56,116.84,116.55,116.76,2454
2017-03-31,117.28,117.84,117.18,117.74,22535
2017-04-03,117.88,117.88,116.07,116.07,73166
2017-04-04,116.13,116.32,115.44,115.79,7458
2017-04-05,116.92,116.92,114.64,114.64,4873
2017-04-06,114.46,115.46,114.46,115.46,4271
2017-04-07,115.51,115.72,115.31,115.57,3504
2017-04-10,115.59,116.55,115.11,115.79,4766
2017-04-11,115.51,116.3,115.13,116.12,3467
2017-04-12,116.34,116.34,115.18,115.43,2991
2017-04-13,114.98,115.52,114.26,114.36,11024
2017-04-17,114.62,115.17,114.62,114.98,4651
2017-04-18,114.99,115.66,114.99,115.62,3587
2017-04-19,116.82,116.83,116.28,116.28,13629
2017-04-20,116.91,117.83,116.88,117.83,11669
2017-04-21,117.58,117.58,117.06,117.44,3147
2017-04-24,118.64,118.91,118.4,118.77,5459
2017-04-25,119.73,120.45,119.73,120.22,15099
2017-04-26,120.16,121.04,120.06,120.53,5415
2017-04-27,120.72,121.05,120.72,120.87,5684
2017-04-28,120.97,120.97,119.73,119.73,2566
2017-05-01,120.17,120.44,119.62,120.43,67306
2017-05-02,120.7,120.7,119.42,119.42,3115
2017-05-03,119.3,119.3,118.4,118.75,8075
2017-05-04,119.15,119.15,118.21,118.75,2598
2017-05-05,119.54,119.59,118.73,119.57,14549
2017-05-08,119.57,119.57,118.7,118.81,7038
2017-05-09,119.26,119.42,119.04,119.05,3202
2017-05-10,119.19,120.2,119.19,120.15,5741
2017-05-11,119.83,119.93,118.6,119.49,9803
2017-05-12,119.13,119.32,118.8,119.14,6611
2017-05-15,119.82,120.26,119.82,120.16,5668
2017-05-16,120.19,120.23,119.37,120.23,3931
2017-05-17,118.21,118.63,116.79,116.93,7099
2017-05-18,116.8,117.55,116.79,117.46,4311
2017-05-19,117.71,118.35,117.71,118.35,3216
2017-05-22,118.26,118.76,118.26,118.72,76928
2017-05-23,118.51,119.01,118.12,118.83,4800
2017-05-24,118.9,119.3,118.78,119.2,50634
2017-05-25,119.9,120.0,119.26,119.58,16406
2017-05-26,119.36,119.43,119.1,119.28,3907
2017-05-30,119.25,119.28,118.49,118.52,6586
2017-05-31,118.92,118.92,117.3,118.58,11269
2017-06-01,119.02,120.88,118.73,120.88,4960
2017-06-02,121.2,122.39,121.2,122.08,8699
2017-06-05,122.16,122.16,121.34,121.58,1755
2017-06-06,120.59,120.93,120.34,120.93,1248
2017-06-07,121.32,121.72,120.98,121.34,5319
2017-06-08,121.45,122.71,121.45,122.62,9588
2017-06-09,123.0,123.92,121.95,121.95,15074
2017-06-12,122.33,122.33,121.2,121.66,13283
2017-06-13,122.42,122.56,122.05,122.52,3719
2017-06-14,122.61,122.61,121.58,121.58,3923
2017-06-15,120.86,121.44,120.75,121.44,3416
2017-06-16,121.03,121.19,120.5,121.08,5021
2017-06-19,122.09,122.75,122.04,122.62,3856
2017-06-20,122.41,122.54,121.61,121.65,5690
2017-06-21,121.89,122.46,121.89,122.06,9128
2017-06-22,122.1,122.81,122.1,122.65,5138
2017-06-23,122.76,123.63,122.27,123.58,4139
2017-06-26,123.8,123.82,123.03,123.38,4991
2017-06-27,123.59,123.59,121.69,121.69,7512
2017-06-28,122.25,123.62,122.17,123.6,4635
2017-06-29,124.12,124.12,121.51,122.37,13105
2017-06-30,122.21,122.84,122.21,122.84,3377
2017-07-03,122.59,123.0,122.46,122.68,4366
2017-07-05,122.55,122.72,122.08,122.72,6119
2017-07-06,121.8,122.11,121.08,121.08,3698
2017-07-07,121.24,122.68,121.24,122.63,4188
2017-07-10,122.37,122.66,121.84,122.15,3924
2017-07-11,122.29,122.93,122.04,122.83,4134
2017-07-12,123.41,124.4,123.41,124.03,3624
2017-07-13,123.46,123.78,123.0,123.74,11529
2017-07-14,123.46,124.55,123.46,124.26,4320
2017-07-17,124.27,124.63,124.25,124.36,4532
2017-07-18,124.04,124.23,123.59,124.11,7411
2017-07-19,124.32,125.3,124.32,125.25,4533
2017-07-20,125.44,125.54,125.22,125.39,2175
2017-07-21,125.2,125.82,124.68,124.88,6037
2017-07-24,124.83,125.35,124.77,125.35,2228
2017-07-25,125.87,126.24,125.81,126.06,4201
2017-07-26,126.02,126.06,125.73,125.79,4094
2017-07-27,126.02,126.02,123.63,124.42,6615
2017-07-28,123.77,124.42,123.77,124.06,4943
2017-07-31,124.36,124.36,123.13,123.66,15445
2017-08-01,124.21,124.21,123.42,123.7,1730
