Date,Open,High,Low,Close,Volume
2012-01-26,11.52,12.23,11.45,12.0,415768
2012-01-27,11.95,12.25,11.75,12.18,73126
2012-01-30,12.0,12.18,12.0,12.01,16270
2012-01-31,12.02,12.11,12.0,12.05,42908
2012-02-01,11.9,12.15,11.9,12.09,17205
2012-02-02,12.1,12.1,12.05,12.1,31944
2012-02-03,12.02,12.19,12.02,12.19,19231
2012-02-06,12.23,12.23,12.07,12.07,13831
2012-02-07,12.1,12.1,12.0,12.05,24100
2012-02-08,12.01,12.1,12.01,12.06,6100
2012-02-09,12.02,12.18,11.98,12.16,25500
2012-02-10,12.12,12.18,12.05,12.18,22250
2012-02-13,12.17,12.17,12.12,12.15,7002
2012-02-14,12.12,12.14,12.12,12.14,8828
2012-02-15,12.19,12.19,12.16,12.19,2187
2012-02-16,12.2,12.67,12.2,12.67,13058
2012-02-17,12.23,13.25,12.23,12.67,27597
2012-02-21,12.62,12.95,12.62,12.95,1350
2012-02-22,12.96,12.99,12.78,12.81,2587
2012-02-23,12.9,12.99,12.9,12.99,900
2012-02-24,12.94,12.95,12.22,12.29,5504
2012-02-27,12.79,12.79,12.28,12.7,3000
2012-02-28,12.45,12.7,12.45,12.69,600
2012-02-29,12.67,12.7,12.44,12.65,3100
2012-03-01,12.62,12.89,12.62,12.89,1981
2012-03-02,12.85,12.85,12.85,12.85,100
2012-03-05,12.85,12.85,12.5,12.5,1650
2012-03-06,12.52,12.54,12.5,12.54,2900
2012-03-07,12.5,12.5,12.48,12.5,2222
2012-03-08,,,,12.48,0
2012-03-09,,,,12.48,0
2012-03-12,12.5,12.5,12.35,12.35,6300
2012-03-13,12.44,12.7,12.44,12.68,6800
2012-03-14,12.48,12.7,12.48,12.7,8000
2012-03-15,12.5,12.5,12.43,12.48,6642
2012-03-16,12.46,12.5,12.46,12.5,3340
2012-03-19,12.51,12.55,12.41,12.45,4200
2012-03-20,12.4,12.5,12.4,12.41,3400
2012-03-21,12.5,12.95,12.5,12.95,9828
2012-03-22,,,,12.95,0
2012-03-23,12.88,12.9,12.6,12.9,1700
2012-03-26,,,,12.9,0
2012-03-27,12.53,12.8,12.53,12.8,2400
2012-03-28,12.89,12.9,12.75,12.9,11238
2012-03-29,12.82,12.82,12.75,12.75,600
2012-03-30,,,,12.75,0
2012-04-02,12.55,12.55,12.53,12.53,1125
2012-04-03,,,,12.55,0
2012-04-04,12.74,12.74,12.74,12.74,259
2012-04-05,12.53,12.53,12.53,12.53,100
2012-04-09,12.57,12.57,12.5,12.5,2800
2012-04-10,12.53,12.53,12.45,12.45,7732
2012-04-11,12.58,12.58,12.5,12.5,4810
2012-04-12,12.5,12.5,12.49,12.5,5100
2012-04-13,12.48,12.51,12.48,12.5,8547
2012-04-16,12.52,12.52,12.5,12.5,600
2012-04-17,12.7,12.72,12.6,12.72,10900
2012-04-18,12.69,12.71,12.69,12.71,500
2012-04-19,,,,12.71,0
2012-04-20,,,,12.71,0
2012-04-23,12.5,12.5,12.42,12.42,3900
2012-04-24,12.69,12.69,12.69,12.69,100
2012-04-25,12.51,12.71,12.51,12.65,11499
2012-04-26,12.6,12.71,12.6,12.69,2201
2012-04-27,12.71,12.72,12.62,12.62,4147
2012-04-30,12.72,12.73,12.7,12.73,1463
2012-05-01,12.75,13.25,12.75,13.1,18474
2012-05-02,13.12,13.5,13.12,13.5,8800
2012-05-03,13.5,13.53,13.11,13.11,3600
2012-05-04,13.1,13.99,13.1,13.58,6031
2012-05-07,13.95,14.25,13.62,14.25,3050
2012-05-08,14.25,15.0,14.06,14.9,10226
2012-05-09,14.82,14.82,14.1,14.8,1869
2012-05-10,14.8,14.8,14.8,14.8,200
2012-05-11,14.6,15.2,14.31,14.8,2732
2012-05-14,14.95,14.95,14.02,14.4,800
2012-05-15,14.29,14.29,14.0,14.25,2230
2012-05-16,14.25,14.25,14.25,14.25,200
2012-05-17,14.6,14.6,14.1,14.45,710
2012-05-18,14.5,14.5,13.63,14.25,1638
2012-05-21,14.6,14.6,13.79,14.0,1500
2012-05-22,14.13,14.68,13.78,13.78,5150
2012-05-23,13.75,14.0,13.51,14.0,2750
2012-05-24,13.91,14.51,13.91,14.5,2100
2012-05-25,14.5,14.5,14.38,14.5,1000
2012-05-29,14.24,14.5,14.2,14.5,2445
2012-05-30,14.5,14.65,14.5,14.65,1150
2012-05-31,14.51,14.51,14.5,14.5,2000
2012-06-01,14.5,14.55,13.95,14.4,2400
2012-06-04,14.0,14.25,14.0,14.25,11700
2012-06-05,14.15,14.25,14.15,14.15,7800
2012-06-06,,,,14.15,0
2012-06-07,14.2,14.2,14.2,14.2,250
2012-06-08,14.0,14.0,14.0,14.0,1400
2012-06-11,13.81,14.15,13.81,14.15,3248
2012-06-12,14.14,14.14,14.12,14.12,1100
2012-06-13,13.91,13.91,13.9,13.9,1598
2012-06-14,13.86,13.86,13.49,13.49,1500
2012-06-15,13.42,14.21,13.37,14.21,13718
2012-06-18,14.18,14.18,14.18,14.18,196
2012-06-19,14.02,14.02,14.02,14.02,500
2012-06-20,14.0,14.01,14.0,14.0,1500
2012-06-21,14.03,14.03,14.0,14.0,5804
2012-06-22,14.0,14.15,14.0,14.0,646
2012-06-25,13.99,14.15,13.78,14.15,1164
2012-06-26,14.1,14.1,14.1,14.1,1240
2012-06-27,14.08,14.08,14.0,14.0,936
2012-06-28,13.96,14.0,13.78,14.0,2500
2012-06-29,14.0,14.47,13.99,14.25,16520
2012-07-02,14.01,14.25,14.0,14.25,4810
2012-07-03,,,,14.25,0
2012-07-05,14.15,14.15,14.15,14.15,300
2012-07-06,14.08,14.2,14.05,14.05,3516
2012-07-09,14.05,14.05,14.0,14.0,1100
2012-07-10,14.2,14.2,14.2,14.2,1105
2012-07-11,,,,14.2,0
2012-07-12,14.05,14.05,14.01,14.05,2270
2012-07-13,14.18,14.2,14.18,14.2,1570
2012-07-16,14.25,14.25,14.25,14.25,4510
2012-07-17,14.35,14.5,14.35,14.5,2850
2012-07-18,14.3,14.35,14.3,14.35,904
2012-07-19,14.45,14.65,14.45,14.63,7400
2012-07-20,14.48,14.6,14.45,14.45,5943
2012-07-23,14.66,14.66,14.64,14.66,450
2012-07-24,14.6,14.6,14.6,14.6,550
2012-07-25,14.74,14.75,14.74,14.75,3800
2012-07-26,14.95,15.0,14.75,14.75,3000
2012-07-27,14.74,14.75,14.66,14.66,1567
2012-07-30,14.62,14.75,14.51,14.75,400
2012-07-31,14.75,14.75,14.75,14.75,900
2012-08-01,14.83,14.99,14.75,14.99,3100
2012-08-02,14.75,14.75,14.75,14.75,100
2012-08-03,14.98,14.98,14.98,14.98,100
2012-08-06,14.96,14.96,14.82,14.85,1008
2012-08-07,14.98,14.98,14.97,14.97,316
2012-08-08,,,,14.98,0
2012-08-09,14.75,14.75,14.75,14.75,1000
2012-08-10,15.0,15.15,14.75,14.75,5616
2012-08-13,,,,15.13,0
2012-08-14,,,,15.13,0
2012-08-15,14.81,14.81,14.81,14.81,977
2012-08-16,,,,15.13,0
2012-08-17,14.8,14.81,14.8,14.81,700
2012-08-20,14.65,14.65,14.65,14.65,100
2012-08-21,,,,14.65,0
2012-08-22,,,,14.65,0
2012-08-23,,,,14.65,0
2012-08-24,,,,14.65,0
2012-08-27,14.82,14.82,14.8,14.8,545
2012-08-28,,,,14.65,0
2012-08-29,,,,14.65,0
2012-08-30,14.76,14.76,14.76,14.76,600
2012-08-31,,,,14.65,0
2012-09-04,,,,14.65,0
2012-09-05,14.61,14.61,14.61,14.61,200
2012-09-06,,,,14.65,0
2012-09-07,,,,14.65,0
2012-09-10,,,,14.65,0
2012-09-11,,,,14.65,0
2012-09-12,,,,14.65,0
2012-09-13,14.96,15.0,14.85,15.0,7460
2012-09-14,,,,15.0,0
2012-09-17,14.87,15.15,14.86,15.15,1350
2012-09-18,15.12,15.15,15.12,15.15,600
2012-09-19,,,,15.15,0
2012-09-20,15.18,15.3,14.69,15.3,2432
2012-09-21,15.3,15.3,15.3,15.3,825
2012-09-24,15.4,15.4,15.35,15.35,445
2012-09-25,,,,15.35,0
2012-09-26,,,,15.35,0
2012-09-27,15.26,15.26,15.26,15.26,100
2012-09-28,14.53,15.38,14.53,15.35,900
2012-10-01,,,,14.53,0
2012-10-02,,,,14.53,0
2012-10-03,,,,14.53,0
2012-10-04,15.35,15.35,15.34,15.34,236
2012-10-05,,,,15.35,0
2012-10-08,,,,15.35,0
2012-10-09,15.0,15.0,15.0,15.0,150
2012-10-10,,,,14.94,0
2012-10-11,15.0,15.3,15.0,15.3,2410
2012-10-12,15.3,15.3,15.3,15.3,500
2012-10-15,15.15,15.2,15.15,15.2,3360
2012-10-16,15.15,15.15,15.15,15.15,1360
2012-10-17,15.45,15.45,15.3,15.3,668
2012-10-18,15.35,15.45,15.35,15.45,2300
2012-10-19,15.65,15.69,15.65,15.69,300
2012-10-22,,,,15.56,0
2012-10-23,15.67,15.67,15.67,15.67,119
2012-10-24,14.91,15.55,14.91,15.55,200
2012-10-25,15.01,15.01,15.01,15.01,1120
2012-10-26,15.69,15.69,15.69,15.69,100
2012-10-31,15.69,,,15.69,0
2012-11-01,15.68,15.7,15.68,15.7,6700
2012-11-02,15.7,15.7,15.7,15.7,200
2012-11-05,,,,15.7,0
2012-11-06,,,,15.7,0
2012-11-07,,,,15.7,0
2012-11-08,15.4,15.5,15.4,15.5,10729
2012-11-09,15.5,15.5,14.74,15.19,11910
2012-11-12,,,,14.75,0
2012-11-13,15.25,15.47,15.25,15.47,5600
2012-11-14,15.23,15.4,15.23,15.4,1600
2012-11-15,15.2,15.45,14.9,15.25,1700
2012-11-16,15.05,15.45,15.05,15.25,7100
2012-11-19,,,,15.3,0
2012-11-20,,,,15.3,0
2012-11-21,,,,15.3,0
2012-11-28,14.38,15.5,14.38,15.2,300
2012-11-29,14.71,15.39,14.71,15.25,1400
2012-11-30,14.9,15.46,14.9,15.46,3200
2012-12-03,15.46,15.47,15.46,15.47,1400
2012-12-04,15.4,15.4,15.4,15.4,600
2012-12-05,14.77,15.47,14.77,15.47,1500
2012-12-06,14.84,15.4,14.84,15.25,2100
2012-12-07,15.02,15.9,15.02,15.9,1549
2012-12-11,15.16,15.5,15.16,15.4,2458
2012-12-12,15.2,15.2,15.2,15.2,400
2012-12-13,15.12,15.25,15.06,15.1,4400
2012-12-14,15.05,15.05,15.05,15.05,499
2012-12-17,15.37,15.4,15.37,15.4,400
2012-12-19,15.4,15.5,15.4,15.5,1300
2012-12-20,15.17,15.17,15.16,15.17,600
2012-12-21,15.09,15.1,14.96,14.96,8163
2012-12-24,15.28,15.28,15.28,15.28,100
2012-12-27,15.16,15.2,14.9,14.9,1286
2012-12-28,15.0,15.35,15.0,15.35,708
2012-12-31,15.25,15.35,15.22,15.35,400
2013-01-02,15.25,15.35,15.25,15.35,2758
2013-01-03,15.25,15.32,14.9,15.32,1700
2013-01-04,15.3,15.62,15.25,15.25,8624
2013-01-07,15.25,15.25,15.25,15.25,500
2013-01-08,15.26,15.26,15.24,15.24,600
2013-01-09,15.28,15.28,15.28,15.28,114
2013-01-11,15.48,15.5,15.47,15.47,1700
2013-01-15,15.88,15.9,15.88,15.9,525
2013-01-18,15.2,15.89,14.96,14.97,4006
2013-01-22,15.2,15.2,15.1,15.1,4650
2013-01-23,15.37,15.38,15.37,15.38,800
2013-01-24,15.32,15.4,15.26,15.26,2000
2013-01-25,15.13,15.13,15.13,15.13,300
2013-01-28,15.28,15.28,15.28,15.28,592
2013-01-29,15.3,15.85,15.27,15.72,5882
2013-01-30,15.46,15.46,15.33,15.36,18149
2013-02-01,15.41,15.41,15.28,15.3,3520
2013-02-04,15.3,15.55,15.25,15.25,3499
2013-02-06,15.25,15.5,15.08,15.5,10900
2013-02-07,15.48,15.5,15.48,15.5,2100
2013-02-08,15.5,15.6,15.25,15.6,13812
2013-02-11,15.48,15.6,15.48,15.6,229
2013-02-12,15.6,15.63,15.49,15.5,10500
2013-02-13,15.5,15.52,15.48,15.52,1400
2013-02-19,15.5,15.5,15.5,15.5,1999
2013-02-21,15.51,15.51,15.51,15.51,1000
2013-02-22,15.89,15.89,15.51,15.51,1500
2013-02-25,15.51,15.51,15.51,15.51,400
2013-02-26,15.5,15.5,15.5,15.5,975
2013-02-27,15.5,15.5,15.5,15.5,5000
2013-02-28,15.5,15.5,15.5,15.5,400
2013-03-04,15.5,15.5,15.5,15.5,200
2013-03-05,15.65,15.65,15.65,15.65,100
2013-03-06,15.65,15.65,15.64,15.65,4450
2013-03-07,15.65,15.65,15.65,15.65,399
2013-03-08,15.88,15.88,15.87,15.88,1506
2013-03-12,15.77,15.98,15.74,15.98,18395
2013-03-13,15.85,15.85,15.85,15.85,3921
2013-03-14,15.97,15.97,15.79,15.84,1150
2013-03-18,15.75,15.75,15.75,15.75,100
2013-03-19,15.96,15.96,15.96,15.96,600
2013-03-20,15.97,15.99,15.97,15.99,2600
2013-03-22,15.77,16.0,15.75,16.0,700
2013-03-25,15.92,15.92,15.92,15.92,589
2013-03-26,15.86,15.86,15.86,15.86,550
2013-04-02,15.89,15.89,15.89,15.89,347
2013-04-08,15.85,15.85,15.85,15.85,1000
2013-04-09,15.65,15.7,15.65,15.7,1800
2013-04-10,15.72,15.72,15.72,15.72,117
2013-04-11,15.77,15.77,15.77,15.77,100
2013-04-15,15.79,15.79,15.78,15.78,1900
2013-04-16,15.86,15.86,15.7,15.7,1600
2013-04-17,15.61,15.62,15.61,15.61,1020
2013-04-18,15.63,15.85,15.63,15.84,420
2013-04-19,15.78,15.78,15.6,15.6,713
2013-04-22,15.8,15.89,15.6,15.62,5731
2013-04-23,15.69,16.0,15.69,16.0,5712
2013-04-24,15.93,15.93,15.93,15.93,230
2013-04-25,16.0,16.38,15.8,16.38,3130
2013-04-29,16.44,16.44,16.15,16.15,1336
2013-04-30,16.14,16.59,16.14,16.59,1522
2013-05-01,16.75,17.59,16.74,17.32,4350
2013-05-02,17.35,17.35,17.07,17.2,375
2013-05-03,17.25,17.35,17.25,17.35,252
2013-05-07,17.4,17.4,17.4,17.4,300
2013-05-08,17.42,17.42,17.39,17.39,602
2013-05-10,17.34,17.34,17.34,17.34,100
2013-05-13,17.17,17.35,17.17,17.35,500
2013-05-14,17.24,17.4,16.55,17.4,2652
2013-05-15,17.4,17.4,16.64,16.65,2600
2013-05-16,16.68,17.5,16.64,17.21,1054
2013-05-17,17.3,17.46,17.1,17.46,400
2013-05-20,17.25,17.25,17.25,17.25,300
2013-05-21,17.26,17.38,16.96,17.38,450
2013-05-22,17.45,17.45,17.35,17.35,1000
2013-05-23,17.03,17.4,17.03,17.3,1300
2013-05-24,17.4,17.4,17.4,17.4,100
2013-05-28,17.37,17.4,16.91,17.4,500
2013-05-29,17.3,17.3,17.3,17.3,200
2013-05-30,17.4,17.4,17.4,17.4,260
2013-05-31,17.25,17.26,17.22,17.25,1500
2013-06-03,16.92,17.46,16.92,17.46,1004
2013-06-05,17.5,17.5,17.5,17.5,300
2013-06-06,17.03,17.57,17.0,17.57,1940
2013-06-07,17.5,17.57,17.49,17.57,2600
2013-06-10,18.11,18.11,18.11,18.11,100
2013-06-11,18.07,18.11,18.07,18.11,601
2013-06-13,18.0,18.0,17.89,17.89,400
2013-06-18,17.78,17.78,17.78,17.78,560
2013-06-19,18.0,18.0,18.0,18.0,600
2013-06-21,17.97,18.31,17.85,18.1,8528
2013-06-24,18.07,18.25,18.07,18.25,600
2013-06-28,16.31,17.97,16.31,17.97,800
2013-07-03,17.99,17.99,17.99,17.99,200
2013-07-10,18.0,18.0,18.0,18.0,500
2013-07-16,18.0,18.0,18.0,18.0,393
2013-07-17,17.98,18.0,17.98,18.0,300
2013-07-18,17.94,17.99,16.87,17.78,1126
2013-07-19,17.83,17.89,17.83,17.89,200
2013-07-23,18.0,18.0,18.0,18.0,100
2013-07-24,17.89,17.98,17.89,17.98,200
2013-07-25,17.99,17.99,17.99,17.99,300
2013-07-30,17.94,17.94,17.94,17.94,100
2013-08-01,17.97,17.97,17.97,17.97,100
2013-08-02,17.85,17.85,17.85,17.85,100
2013-08-05,17.98,17.98,17.98,17.98,400
2013-08-07,17.98,17.98,17.18,17.18,600
2013-08-09,17.2,17.2,17.2,17.2,300
2013-08-12,17.23,17.23,17.23,17.23,300
2013-08-13,17.21,17.21,17.21,17.21,500
2013-08-14,17.21,17.51,17.21,17.5,2200
2013-08-19,17.95,17.95,17.95,17.95,400
2013-08-20,17.94,17.94,17.94,17.94,100
2013-08-22,17.89,17.89,17.89,17.89,100
2013-08-23,17.9,17.9,17.9,17.9,100
2013-08-27,17.51,17.94,17.51,17.94,1500
2013-08-28,17.51,17.51,17.51,17.51,440
2013-08-29,17.51,17.51,17.51,17.51,100
2013-09-03,17.6,17.6,17.41,17.43,3000
2013-09-04,17.85,17.85,17.85,17.85,100
2013-09-05,17.85,17.85,17.85,17.85,300
2013-09-06,17.26,17.26,17.26,17.26,300
2013-09-10,17.27,17.27,16.98,16.98,1749
2013-09-11,16.98,16.98,16.98,16.98,300
2013-09-16,16.99,16.99,16.99,16.99,300
2013-09-17,17.71,17.72,16.99,16.99,2200
2013-09-20,17.4,17.4,17.4,17.4,165
2013-09-23,17.46,17.46,17.46,17.46,300
2013-09-24,17.16,17.4,17.16,17.22,1200
2013-09-25,17.22,17.42,17.2,17.33,1800
2013-10-01,17.48,17.48,17.45,17.45,1218
2013-10-09,17.47,17.48,17.25,17.25,1402
2013-10-10,17.25,17.67,17.24,17.25,6417
2013-10-11,17.27,17.65,17.27,17.32,1700
2013-10-14,17.41,17.48,17.41,17.48,1400
2013-10-15,17.03,17.08,17.03,17.08,500
2013-10-17,17.45,17.48,17.45,17.45,1050
2013-10-18,17.5,17.85,17.5,17.8,3290
2013-10-22,17.78,17.79,17.7,17.79,2530
2013-10-30,17.79,17.79,17.74,17.78,600
2013-11-01,17.3,17.3,17.3,17.3,466
2013-11-04,17.23,17.23,17.23,17.23,125
2013-11-05,17.3,17.4,17.3,17.4,530
2013-11-07,17.46,17.46,17.31,17.31,400
2013-11-11,17.37,17.37,17.37,17.37,200
2013-11-12,17.78,17.78,17.76,17.76,200
2013-11-13,17.77,17.77,17.77,17.77,200
2013-11-14,17.77,17.77,17.33,17.33,452
2013-11-15,17.77,17.77,17.77,17.77,107
2013-11-18,17.77,17.77,17.3,17.35,312
2013-11-20,17.77,17.77,17.77,17.77,100
2013-11-21,17.3,17.3,17.3,17.3,147
2013-11-22,17.85,17.85,17.85,17.85,400
2013-11-25,17.85,18.0,17.37,17.65,6800
2013-11-27,17.67,17.67,17.62,17.62,400
2013-12-02,17.84,17.85,17.7,17.7,8000
2013-12-03,17.98,18.31,17.7,18.11,11525
2013-12-04,18.53,18.53,18.1,18.34,1760
2013-12-05,18.5,18.5,18.5,18.5,540
2013-12-06,18.1,18.5,18.1,18.48,3399
2013-12-09,18.12,18.4,18.12,18.17,536
2013-12-10,18.15,18.31,18.02,18.1,1560
2013-12-11,18.25,18.59,18.25,18.5,6760
2013-12-12,18.59,18.95,18.5,18.54,2696
2013-12-13,18.95,19.72,18.65,19.12,9661
2013-12-16,19.1,19.77,19.1,19.44,5102
2013-12-17,19.5,20.45,18.01,20.13,15382
2013-12-18,20.0,20.0,19.16,19.73,4893
2013-12-19,19.83,19.87,19.65,19.65,1532
2013-12-20,19.85,19.9,18.76,19.69,18065
2013-12-23,19.62,19.62,19.01,19.01,638
2013-12-24,19.43,19.84,19.2,19.2,1950
2013-12-26,19.68,19.68,19.25,19.62,2352
2013-12-27,19.8,19.8,19.8,19.8,183
2013-12-30,19.83,19.83,19.83,19.83,174
2013-12-31,19.99,19.99,19.55,19.55,202
2014-01-07,19.01,19.04,19.01,19.04,330
2014-01-08,19.21,19.21,19.0,19.04,459
2014-01-09,19.01,19.01,19.01,19.01,348
2014-01-10,19.05,19.05,19.05,19.05,102
2014-01-13,19.99,19.99,19.0,19.0,991
2014-01-14,19.81,19.81,19.8,19.8,271
2014-01-15,19.76,19.76,19.76,19.76,805
2014-01-16,19.66,19.79,19.66,19.79,850
2014-01-21,19.27,19.28,19.25,19.25,2530
2014-01-22,19.0,19.0,19.0,19.0,920
2014-01-24,18.75,18.75,18.75,18.75,200
2014-01-30,19.47,19.49,18.31,18.31,1002
2014-02-03,19.5,19.5,19.5,19.5,1001
2014-02-04,18.31,18.69,18.31,18.32,701
2014-02-06,19.0,19.24,18.5,19.24,701
2014-02-11,19.24,19.24,19.24,19.24,123
2014-02-12,19.0,19.14,18.37,19.14,2900
2014-02-13,19.15,19.15,18.9,18.9,203
2014-02-14,18.5,18.5,18.5,18.5,2000
2014-02-18,19.0,19.0,18.6,19.0,300
2014-02-19,18.8,18.8,18.8,18.8,2000
2014-02-20,18.9,18.9,18.6,18.6,620
2014-02-21,18.55,19.03,18.5,18.9,4020
2014-02-24,18.38,18.82,18.38,18.82,201
2014-02-26,19.0,20.0,18.43,20.0,38173
2014-02-27,20.0,20.0,19.85,19.85,907
2014-02-28,19.75,19.75,19.75,19.75,250
2014-03-04,19.49,19.49,19.24,19.24,600
2014-03-05,19.23,19.23,19.23,19.23,100
2014-03-06,19.53,19.53,19.5,19.5,2875
2014-03-07,19.4,19.45,19.4,19.45,1062
2014-03-11,19.03,19.03,19.03,19.03,105
2014-03-12,18.5,18.74,18.5,18.74,225
2014-03-17,19.25,19.25,19.25,19.25,115
2014-03-18,18.8,19.23,18.8,19.22,700
2014-03-19,19.0,19.0,19.0,19.0,514
2014-03-20,19.0,19.0,18.81,18.88,4105
2014-03-21,18.81,18.82,18.5,18.5,9653
2014-03-24,18.76,18.76,18.76,18.76,104
2014-03-26,18.6,18.76,18.52,18.52,1850
2014-03-27,18.6,18.65,18.6,18.65,308
2014-03-28,18.65,19.22,18.65,18.9,4311
2014-03-31,18.65,19.1,18.65,19.1,900
2014-04-01,18.7,19.22,18.7,19.22,259
2014-04-02,18.83,18.83,18.83,18.83,109
2014-04-03,18.8,18.8,18.01,18.3,14265
2014-04-04,19.24,19.24,18.6,18.6,844
2014-04-09,18.55,18.6,18.55,18.6,809
2014-04-10,18.2,18.2,18.19,18.19,684
2014-04-11,18.12,18.23,18.12,18.23,501
2014-04-14,18.11,18.97,18.11,18.97,1101
2014-04-15,18.16,19.25,18.16,19.25,751
2014-04-21,18.9,18.9,18.9,18.9,441
2014-04-22,18.62,18.87,18.62,18.79,303
2014-04-23,18.57,18.57,18.31,18.45,2038
2014-04-24,18.7,19.49,18.48,19.44,1734
2014-04-25,18.65,18.65,18.65,18.65,211
2014-04-28,19.49,19.49,18.53,18.62,301
2014-04-29,18.87,18.96,18.57,18.57,1101
2014-05-01,18.39,18.94,18.39,18.94,1244
2014-05-02,19.0,19.0,18.93,18.93,1100
2014-05-05,18.93,18.95,18.9,18.95,1766
2014-05-06,18.98,19.0,18.98,19.0,3555
2014-05-07,19.0,19.0,18.39,18.46,4646
2014-05-08,18.75,18.75,18.1,18.1,3328
2014-05-09,18.14,18.27,18.0,18.27,6898
2014-05-12,18.06,18.06,18.06,18.06,210
2014-05-13,18.0,18.19,18.0,18.0,1430
2014-05-16,17.76,17.76,17.76,17.76,500
2014-05-19,17.75,18.24,17.75,18.01,1200
2014-05-20,18.4,18.5,18.34,18.45,2471
2014-05-21,18.42,18.42,18.36,18.36,400
2014-05-22,18.5,18.54,18.48,18.54,700
2014-05-23,18.45,18.5,17.84,17.84,1046
2014-05-27,18.44,18.49,18.0,18.0,1575
2014-05-28,18.5,18.59,18.45,18.55,4199
2014-05-29,18.88,18.94,18.85,18.85,2556
2014-06-02,18.82,18.82,18.82,18.82,297
2014-06-03,18.81,19.0,18.81,19.0,6004
2014-06-04,19.0,19.0,19.0,19.0,408
2014-06-06,18.2,18.85,18.19,18.56,6102
2014-06-09,18.35,18.88,18.15,18.88,7115
2014-06-10,18.88,18.99,18.23,18.75,8197
2014-06-11,18.85,18.85,18.85,18.85,1694
2014-06-12,18.85,18.88,18.32,18.32,2250
2014-06-13,18.5,18.7,18.32,18.32,5357
2014-06-18,18.81,18.95,18.34,18.95,2834
2014-06-19,18.9,18.9,18.9,18.9,102
2014-06-26,18.47,18.47,18.42,18.42,1024
2014-06-30,18.96,19.0,18.96,18.98,5157
2014-07-01,18.72,19.03,18.72,18.9,10499
2014-07-02,19.0,19.0,19.0,19.0,387
2014-07-03,18.76,19.1,18.76,19.01,1413
2014-07-21,18.53,18.99,18.44,18.99,900
2014-07-22,19.01,19.09,18.43,18.43,2595
2014-07-23,18.7,18.7,18.7,18.7,205
2014-07-25,18.94,18.98,18.92,18.92,1050
2014-07-29,18.8,18.98,18.8,18.98,750
2014-08-04,18.98,19.1,18.6,18.93,9339
2014-08-06,19.1,19.1,19.08,19.08,3690
2014-08-07,19.14,19.15,18.55,19.1,1990
2014-08-08,18.5,18.78,18.5,18.78,1708
2014-08-12,19.14,19.2,19.14,19.2,1011
2014-08-14,19.13,19.2,19.13,19.2,5301
2014-08-15,18.98,19.25,18.98,19.25,3500
2014-08-19,19.14,19.15,19.14,19.15,1300
2014-08-20,19.06,19.25,19.06,19.25,1400
2014-08-22,19.07,19.07,19.03,19.03,2000
2014-08-25,19.27,19.27,19.25,19.25,2200
2014-08-26,18.94,18.96,18.9,18.9,1800
2014-08-27,19.1,19.25,18.9,19.18,23200
2014-08-28,19.1,19.25,18.79,18.82,10404
2014-08-29,19.05,19.26,19.0,19.03,5041
2014-09-02,18.94,19.0,18.94,19.0,1400
2014-09-03,18.98,18.99,18.98,18.99,1289
2014-09-10,18.67,18.67,18.67,18.67,174
2014-09-11,18.89,18.89,18.89,18.89,200
2014-09-15,18.67,18.9,18.67,18.9,558
2014-09-17,18.7,18.9,18.66,18.66,7127
2014-09-18,18.7,18.9,18.69,18.75,14529
2014-09-19,18.98,18.98,18.98,18.98,271
2014-09-23,18.83,18.83,18.82,18.82,432
2014-09-24,18.65,18.65,18.65,18.65,201
2014-09-25,18.84,18.99,18.71,18.72,1825
2014-09-26,18.94,19.0,18.94,19.0,4474
2014-09-29,19.15,19.15,19.15,19.15,100
2014-09-30,19.0,19.03,19.0,19.0,4590
2014-10-01,19.02,19.04,19.0,19.0,1815
2014-10-03,18.92,18.93,18.92,18.93,385
2014-10-13,18.65,18.65,18.65,18.65,1415
2014-10-14,18.68,18.68,18.55,18.6,3600
2014-10-16,18.85,18.85,18.8,18.85,4717
2014-10-17,18.5,18.95,18.5,18.8,3008
2014-10-21,18.48,18.48,18.48,18.48,150
2014-10-22,18.55,18.85,18.3,18.35,4354
2014-10-23,18.42,18.86,18.42,18.85,636
2014-10-24,19.0,19.0,18.95,19.0,1713
2014-10-27,18.97,18.97,17.87,18.45,7786
2014-10-28,18.74,18.89,18.4,18.75,8734
2014-10-29,17.52,19.0,17.52,18.99,6300
2014-10-30,18.58,18.85,18.05,18.05,6192
2014-10-31,18.35,18.95,18.0,18.95,1500
2014-11-03,18.64,18.73,18.64,18.73,729
2014-11-06,18.95,19.0,18.95,18.99,2032
2014-11-10,18.15,18.86,18.15,18.85,1400
2014-11-11,18.15,18.15,18.07,18.07,1330
2014-11-12,18.17,18.85,18.17,18.5,4482
2014-11-14,18.5,18.75,18.5,18.75,2700
2014-11-17,18.9,18.9,18.5,18.75,1788
2014-11-18,18.52,18.52,18.5,18.5,1100
2014-11-19,18.5,18.5,18.5,18.5,400
2014-11-21,18.52,18.52,18.52,18.52,400
2014-11-24,18.88,18.88,18.88,18.88,275
2014-12-01,19.3,19.3,19.27,19.27,277
2014-12-05,19.63,19.63,19.46,19.46,3000
2014-12-08,18.9,19.3,18.9,19.25,2547
2014-12-09,19.25,19.4,18.5,19.1,4593
2014-12-10,19.38,19.4,18.7,18.7,1400
2014-12-11,18.64,18.64,18.64,18.64,200
2014-12-12,19.25,19.25,19.25,19.25,153
2014-12-15,19.0,19.1,19.0,19.1,208
2014-12-16,19.06,19.06,19.0,19.0,900
2014-12-17,18.83,18.87,18.83,18.84,751
2014-12-18,18.89,18.89,18.52,18.89,1978
2014-12-19,19.12,19.12,18.99,18.99,1314
2014-12-22,18.9,18.9,18.9,18.9,1902
2014-12-23,19.0,19.0,19.0,19.0,1200
2014-12-29,19.25,19.25,18.52,18.69,5800
2014-12-30,18.47,19.25,18.47,18.55,1223
2014-12-31,19.25,19.25,18.75,19.19,2301
2015-01-02,18.96,18.96,18.96,18.96,172
2015-01-05,18.75,18.79,18.75,18.75,1250
2015-01-06,18.79,18.79,18.75,18.75,1050
2015-01-07,18.9,18.9,18.75,18.9,1500
2015-01-08,18.95,18.95,18.94,18.95,2300
2015-01-09,18.95,18.95,18.95,18.95,300
2015-01-12,19.0,19.0,19.0,19.0,620
2015-01-13,19.0,19.0,19.0,19.0,1000
2015-01-14,19.0,19.1,19.0,19.1,2887
2015-01-15,18.95,18.99,18.95,18.95,3200
2015-01-16,18.9,18.9,18.9,18.9,400
2015-01-20,18.95,19.05,18.95,18.95,4700
2015-01-21,18.9,18.9,18.9,18.9,800
2015-01-23,18.9,18.9,18.9,18.9,1500
2015-01-26,18.95,18.95,18.95,18.95,100
2015-01-27,18.9,18.9,18.9,18.9,500
2015-01-28,18.9,19.21,18.9,19.21,1400
2015-01-30,18.58,18.9,18.55,18.85,2503
2015-02-02,18.87,18.87,18.87,18.87,1000
2015-02-04,18.9,18.9,18.8,18.8,6100
2015-02-05,18.85,19.08,18.85,19.08,1677
2015-02-06,19.1,19.24,19.09,19.17,4800
2015-02-09,18.82,19.02,18.82,19.02,3500
2015-02-11,18.88,18.88,18.88,18.88,100
2015-02-13,18.8,18.81,18.62,18.75,9211
2015-02-19,18.75,18.75,18.72,18.74,2629
2015-02-20,18.8,18.8,18.8,18.8,200
2015-02-27,18.54,18.85,18.54,18.85,1600
2015-03-06,18.75,18.75,18.75,18.75,894
2015-03-09,18.75,18.75,18.75,18.75,300
2015-03-10,18.75,18.75,18.75,18.75,100
2015-03-11,18.75,18.75,18.56,18.56,609
2015-03-12,18.73,18.75,18.69,18.75,1209
2015-03-13,18.75,18.75,18.75,18.75,1258
2015-03-25,18.75,18.75,18.75,18.75,620
2015-03-30,18.75,18.75,18.75,18.75,201
2015-03-31,18.75,18.75,18.75,18.75,1600
2015-04-01,18.75,18.75,18.75,18.75,800
2015-04-06,18.47,18.75,18.29,18.49,3364
2015-04-08,18.75,18.75,18.55,18.55,750
2015-04-10,18.5,18.5,18.5,18.5,100
2015-04-13,18.35,18.5,18.32,18.32,730
2015-04-15,18.5,18.89,18.5,18.89,3880
2015-04-16,18.7,18.89,18.7,18.86,2102
2015-04-20,18.78,18.78,18.78,18.78,400
2015-04-21,18.8,18.8,18.75,18.78,1710
2015-04-22,18.75,18.75,18.75,18.75,100
2015-04-23,18.75,18.8,18.75,18.8,1000
2015-04-24,18.9,18.9,18.9,18.9,127
2015-04-27,18.76,18.76,18.75,18.75,492
2015-04-30,18.75,18.75,18.75,18.75,100
2015-05-01,18.9,18.9,18.89,18.89,500
2015-05-05,18.85,18.99,18.85,18.99,618
2015-05-06,18.85,18.86,18.85,18.86,416
2015-05-07,18.86,18.86,18.75,18.75,685
2015-05-08,18.75,18.85,18.71,18.85,4925
2015-05-12,18.8,18.8,18.8,18.8,100
2015-05-13,18.8,18.8,18.8,18.8,100
2015-05-14,18.77,18.77,18.74,18.75,1900
2015-05-15,18.79,19.0,18.79,18.94,11100
2015-05-18,19.98,19.98,18.9,19.37,4100
2015-05-22,19.23,19.49,19.23,19.48,500
2015-05-26,19.0,19.0,19.0,19.0,5000
2015-05-27,19.09,19.09,19.01,19.01,300
2015-05-28,19.0,19.0,18.96,19.0,2500
2015-05-29,18.95,18.95,18.95,18.95,615
2015-06-01,18.98,19.0,18.98,19.0,2500
2015-06-02,18.78,18.78,18.78,18.78,600
2015-06-05,18.78,18.8,18.78,18.8,1400
2015-06-08,18.77,19.2,18.77,18.78,2447
2015-06-09,19.0,19.0,18.8,18.8,1100
2015-06-11,19.0,19.0,19.0,19.0,1400
2015-06-12,18.95,18.95,18.95,18.95,170
2015-06-15,19.0,19.04,18.96,19.0,10255
2015-06-16,19.0,19.58,18.75,19.58,9395
2015-06-17,19.06,19.98,19.06,19.89,8021
2015-06-18,20.59,20.59,20.1,20.4,3020
2015-06-19,19.36,20.37,19.28,19.28,9313
2015-06-22,19.5,19.57,19.5,19.56,475
2015-06-23,19.61,20.0,19.45,19.99,4300
2015-06-24,19.99,19.99,19.99,19.99,103
2015-06-25,19.55,19.55,19.55,19.55,119
2015-06-26,19.56,20.0,19.56,19.96,1272
2015-06-29,20.0,20.0,19.3,19.96,9880
2015-06-30,19.6,20.0,19.6,20.0,501
2015-07-01,19.97,19.98,19.86,19.98,900
2015-07-08,19.33,19.33,19.33,19.33,195
2015-07-09,19.97,19.97,19.63,19.73,704
2015-07-10,19.89,19.89,19.89,19.89,160
2015-07-13,19.97,19.99,19.95,19.95,600
2015-07-14,20.0,20.0,20.0,20.0,500
2015-07-15,20.18,20.26,20.18,20.26,203
2015-07-21,20.21,20.23,20.2,20.2,2730
2015-07-23,19.85,20.2,19.75,20.0,2000
2015-07-24,20.33,20.33,20.33,20.33,113
2015-07-28,19.95,19.95,19.95,19.95,211
2015-07-29,19.77,19.77,19.77,19.77,410
2015-07-30,19.41,19.41,19.38,19.38,1604
2015-07-31,19.5,19.5,19.5,19.5,646
2015-08-04,19.77,19.77,19.77,19.77,200
2015-08-06,19.75,19.75,19.3,19.3,800
2015-08-07,19.3,19.3,19.3,19.3,147
2015-08-11,19.3,19.3,19.3,19.3,1411
2015-08-13,19.5,19.5,19.5,19.5,502
2015-08-17,18.84,19.3,18.8,19.3,390
2015-08-24,18.75,19.75,18.75,19.7,2893
2015-08-26,19.55,19.55,19.55,19.55,100
2015-08-27,19.5,19.51,19.5,19.5,1200
2015-08-31,18.8,19.5,18.8,19.5,300
2015-09-03,18.75,19.4,18.75,19.4,256
2015-09-10,19.45,19.45,19.45,19.45,143
2015-09-18,18.8,18.8,18.8,18.8,358
2015-09-21,19.1,19.1,19.1,19.1,604
2015-09-23,19.14,19.14,19.14,19.14,153
2015-10-02,19.0,19.0,19.0,19.0,200
2015-10-05,19.1,19.4,19.1,19.16,2599
2015-10-08,19.0,19.05,19.0,19.0,1849
2015-10-14,18.75,18.9,18.75,18.85,1191
2015-10-15,19.3,19.3,19.3,19.3,287
2015-10-19,18.9,19.3,18.9,19.3,600
2015-10-21,19.1,19.1,19.1,19.1,300
2015-10-22,19.4,19.4,18.43,18.43,4224
2015-10-23,18.77,18.77,18.77,18.77,105
2015-10-26,19.09,19.09,18.32,18.49,5345
2015-10-27,18.34,19.0,18.34,19.0,2587
2015-10-28,18.99,18.99,18.72,18.75,3428
2015-10-29,18.77,19.0,18.62,19.0,5386
2015-10-30,19.0,19.0,18.9,19.0,1876
2015-11-02,19.0,19.0,19.0,19.0,499
2015-11-03,19.0,19.0,18.77,18.77,1815
2015-11-04,18.46,19.0,18.46,18.99,976
2015-11-05,18.76,18.89,18.76,18.89,264
2015-11-09,18.81,18.86,18.55,18.55,1700
2015-11-10,18.57,18.6,18.57,18.57,852
2015-11-12,18.7,18.7,18.7,18.7,663
2015-11-13,18.63,18.82,18.63,18.82,501
2015-11-17,18.59,18.79,18.58,18.58,730
2015-11-18,18.75,18.75,18.55,18.55,228
2015-11-19,18.65,18.65,18.65,18.65,1000
2015-11-20,18.72,18.72,18.7,18.7,2200
2015-11-23,18.7,18.9,18.66,18.9,2100
2015-11-24,18.7,18.9,18.7,18.9,586
2015-11-25,18.84,18.89,18.82,18.89,2230
2015-11-30,18.9,19.0,18.9,18.97,1688
2015-12-01,18.95,19.0,18.9,18.99,3265
2015-12-02,18.9,19.0,18.89,18.91,2000
2015-12-03,19.0,19.0,18.93,18.93,1720
2015-12-04,18.96,19.0,18.96,18.99,3381
2015-12-07,18.98,18.98,18.98,18.98,249
2015-12-08,18.81,18.9,18.81,18.9,200
2015-12-09,19.0,19.0,19.0,19.0,346
2015-12-10,18.99,18.99,18.99,18.99,312
2015-12-11,19.0,19.0,18.84,18.95,871
2015-12-14,18.74,18.78,18.74,18.74,3491
2015-12-15,19.0,19.0,18.66,18.66,201
2015-12-18,19.0,19.0,18.96,19.0,2189
2015-12-21,18.88,18.88,18.7,18.7,335
2015-12-23,18.8,18.8,18.8,18.8,400
2015-12-28,18.89,18.89,18.55,18.76,13226
2015-12-29,18.97,18.97,18.47,18.74,4639
2015-12-30,18.92,19.2,18.75,19.19,9935
2015-12-31,19.0,19.0,18.8,19.0,4802
2016-01-04,19.0,19.0,18.52,18.65,17047
2016-01-06,18.87,18.87,18.87,18.87,300
2016-01-08,18.82,18.82,18.8,18.8,530
2016-01-12,18.83,18.83,18.83,18.83,100
2016-01-13,18.83,18.83,18.77,18.77,347
2016-01-14,18.75,18.75,18.75,18.75,216
2016-01-15,18.76,18.99,18.75,18.84,9465
2016-01-19,18.92,18.92,18.8,18.86,4182
2016-01-20,18.8,18.81,18.56,18.56,2235
2016-01-22,18.47,18.47,18.47,18.47,420
2016-01-25,18.22,18.44,18.05,18.27,5921
2016-01-26,18.21,18.21,18.21,18.21,160
2016-01-29,18.6,18.6,18.4,18.54,3769
2016-02-01,18.43,18.6,18.43,18.6,690
2016-02-02,18.3,18.42,18.3,18.42,830
2016-02-04,18.6,18.6,18.6,18.6,672
2016-02-05,18.42,18.42,18.42,18.42,283
2016-02-08,18.3,18.3,18.22,18.22,2221
2016-02-09,18.26,18.26,18.26,18.26,100
2016-02-10,18.26,18.26,18.22,18.22,1910
2016-02-11,18.3,18.37,18.3,18.37,754
2016-02-16,18.49,18.49,18.49,18.49,501
2016-02-17,18.46,18.46,18.46,18.46,416
2016-02-18,18.46,18.46,18.46,18.46,205
2016-02-24,18.71,18.71,18.71,18.71,100
2016-02-25,18.72,18.74,18.72,18.74,1289
2016-02-26,18.58,18.58,18.58,18.58,491
2016-02-29,18.86,18.86,18.86,18.86,338
2016-03-01,18.86,18.86,18.86,18.86,1152
2016-03-03,18.84,19.0,18.62,18.62,1488
2016-03-04,19.0,19.1,18.8,19.05,60968
2016-03-07,18.61,19.04,18.61,19.0,49568
2016-03-08,19.02,19.02,18.66,19.0,7887
2016-03-09,19.01,19.03,18.99,19.0,23629
2016-03-10,19.0,19.02,19.0,19.0,37200
2016-03-11,19.2,19.41,18.97,19.34,3208
2016-03-14,19.2,19.21,19.15,19.15,4401
2016-03-15,19.13,19.21,19.0,19.0,33337
2016-03-16,19.0,19.15,19.0,19.14,12138
2016-03-17,19.21,19.97,19.2,19.97,2207
2016-03-18,19.2,19.25,19.2,19.25,5309
2016-03-21,19.31,19.31,19.14,19.14,900
2016-03-22,19.25,19.25,19.18,19.25,600
2016-03-24,19.23,19.29,19.23,19.29,303
2016-03-30,19.49,19.9,19.49,19.9,870
2016-03-31,19.28,19.8,19.19,19.2,1706
2016-04-01,19.37,19.37,19.06,19.1,6875
2016-04-04,19.12,19.27,19.12,19.13,2686
2016-04-05,19.25,19.25,19.13,19.13,3011
2016-04-07,19.11,19.11,19.1,19.1,5943
2016-04-08,19.15,19.61,19.1,19.31,17176
2016-04-11,19.3,19.57,19.21,19.57,13802
2016-04-13,19.75,19.75,19.23,19.75,739
2016-04-14,19.27,19.38,19.27,19.38,543
2016-04-15,19.47,19.47,19.32,19.32,624
2016-04-18,19.5,19.59,19.5,19.5,2437
2016-04-19,19.75,19.75,19.75,19.75,242
2016-04-20,19.46,19.46,19.21,19.21,574
2016-04-21,19.21,19.21,19.21,19.21,186
2016-04-22,19.21,19.21,19.16,19.16,1726
2016-04-26,19.55,19.55,19.55,19.55,1000
2016-04-27,19.44,19.44,19.44,19.44,100
2016-04-28,19.53,19.55,19.46,19.5,4391
2016-05-02,19.93,19.99,19.84,19.99,7432
2016-05-03,20.23,20.24,20.06,20.2,1105
2016-05-04,20.0,20.25,19.99,20.24,27262
2016-05-05,20.25,20.27,20.2,20.2,12302
2016-05-06,20.24,20.25,20.1,20.1,10701
2016-05-09,20.23,20.23,20.23,20.23,500
2016-05-10,20.24,20.39,20.24,20.38,4803
2016-05-11,20.1,20.1,20.1,20.1,1075
2016-05-12,20.08,20.08,20.08,20.08,100
2016-05-13,20.06,20.06,19.75,19.77,7437
2016-05-16,20.1,20.38,20.1,20.15,1930
2016-05-17,20.16,20.16,20.16,20.16,200
2016-05-18,20.29,20.29,20.29,20.29,186
2016-05-19,19.74,19.83,19.74,19.83,537
2016-05-20,19.74,19.83,19.63,19.83,573
2016-05-23,20.29,20.29,19.99,19.99,1500
2016-05-24,20.24,20.24,20.0,20.06,1189
2016-05-25,20.0,20.0,20.0,20.0,100
2016-05-26,20.08,20.29,20.08,20.29,5413
2016-05-27,20.29,20.29,20.02,20.29,1335
2016-05-31,20.3,20.3,20.15,20.15,3100
2016-06-01,20.3,20.3,20.3,20.3,525
2016-06-02,19.94,20.15,19.94,20.15,618
2016-06-03,20.11,20.11,19.99,20.0,9585
2016-06-06,20.24,20.24,19.93,20.1,7183
2016-06-07,20.0,20.11,19.95,20.06,8694
2016-06-08,19.86,20.19,19.86,20.06,9656
2016-06-09,20.07,20.6,19.9,20.1,13880
2016-06-10,20.14,20.7,20.14,20.7,5019
2016-06-13,20.4,20.8,20.21,20.71,4112
2016-06-14,20.58,21.0,19.75,20.41,3435
2016-06-15,20.69,20.69,19.91,20.0,8743
2016-06-16,19.82,20.64,19.69,20.32,6251
2016-06-17,20.63,20.65,19.95,19.95,17482
2016-06-20,20.46,20.46,20.46,20.46,309
2016-06-22,20.44,20.44,19.85,20.0,2261
2016-06-23,20.0,20.39,19.96,20.01,3954
2016-06-24,20.47,20.47,19.87,19.87,1450
2016-06-27,20.08,20.47,19.6,20.38,5754
2016-06-28,20.38,20.38,20.38,20.38,169
2016-06-29,20.21,20.32,19.94,20.32,389
2016-06-30,20.1,20.34,20.1,20.3,1505
2016-07-01,20.31,20.31,20.31,20.31,230
2016-07-05,20.3,20.3,20.3,20.3,258
2016-07-06,20.25,20.25,20.0,20.2,817
2016-07-07,20.25,20.25,20.25,20.25,506
2016-07-08,20.25,20.25,20.25,20.25,102
2016-07-11,20.25,20.47,20.24,20.35,4377
2016-07-12,20.29,20.47,20.19,20.35,5409
2016-07-14,20.26,20.31,20.25,20.31,1518
2016-07-15,20.32,20.41,20.29,20.3,6903
2016-07-18,20.31,20.65,20.3,20.65,3234
2016-07-19,20.3,20.31,20.25,20.25,847
2016-07-20,20.2,20.2,20.2,20.2,602
2016-07-26,20.21,20.8,20.21,20.8,5671
2016-07-27,20.79,20.8,20.61,20.8,3557
2016-07-28,20.78,20.8,20.6,20.6,3769
2016-07-29,20.74,20.75,20.04,20.17,3838
2016-08-01,20.12,20.6,20.01,20.3,5262
2016-08-02,20.48,20.48,20.05,20.05,260
2016-08-03,20.24,20.72,20.24,20.72,620
2016-08-04,20.08,21.08,20.08,20.88,8375
2016-08-05,21.0,21.15,21.0,21.15,1561
2016-08-08,20.99,20.99,20.98,20.98,600
2016-08-09,21.24,21.35,21.24,21.35,7914
2016-08-10,21.4,21.4,21.4,21.4,1075
2016-08-11,21.3,21.3,21.3,21.3,500
2016-08-12,21.3,21.3,21.3,21.3,391
2016-08-15,21.13,21.18,21.1,21.1,706
2016-08-16,21.1,21.5,21.1,21.5,2661
2016-08-18,21.4,21.4,21.4,21.4,7116
2016-08-22,21.25,21.75,21.25,21.75,4010
2016-08-23,21.98,21.98,21.5,21.74,1125
2016-08-24,21.31,21.85,21.25,21.8,4100
2016-08-29,21.7,21.7,21.7,21.7,500
2016-08-30,21.6,21.77,21.6,21.75,2823
2016-08-31,21.7,21.7,21.56,21.7,4372
2016-09-01,21.84,21.85,21.7,21.84,4914
2016-09-02,21.84,21.84,21.7,21.7,905
2016-09-06,21.19,21.85,20.86,21.85,840
2016-09-07,21.35,21.82,21.35,21.82,507
2016-09-08,21.5,21.5,21.5,21.5,508
2016-09-12,21.45,21.8,21.35,21.35,4993
2016-09-13,21.5,21.5,21.5,21.5,588
2016-09-14,21.56,21.56,21.56,21.56,210
2016-09-15,21.46,21.8,21.46,21.8,1007
2016-09-16,21.85,21.85,21.85,21.85,410
2016-09-19,21.85,21.85,21.85,21.85,183
2016-09-21,21.56,21.63,21.55,21.63,1068
2016-09-22,21.85,21.85,21.84,21.84,1832
2016-09-23,22.0,22.0,21.56,22.0,2312
2016-09-27,22.0,22.0,22.0,22.0,1527
2016-09-28,22.0,22.0,21.61,21.85,6853
2016-09-29,21.95,21.95,21.95,21.95,100
2016-09-30,21.61,21.95,21.61,21.93,2920
2016-10-03,21.95,21.95,20.9,21.94,1223
2016-10-04,21.86,21.94,21.86,21.94,672
2016-10-06,22.0,22.0,22.0,22.0,103
2016-10-10,21.95,21.95,21.85,21.85,4353
2016-10-11,22.0,22.0,21.9,21.9,2450
2016-10-12,21.9,22.05,21.76,21.95,8608
2016-10-13,22.05,22.05,21.9,21.9,1521
2016-10-14,22.05,23.5,22.04,23.5,7701
2016-10-17,23.9,23.9,23.9,23.9,250
2016-10-18,23.9,23.9,23.9,23.9,155
2016-10-20,24.5,24.5,24.45,24.45,597
2016-10-21,24.4,24.5,24.4,24.5,700
2016-10-24,24.25,24.25,23.2,23.3,2002
2016-10-25,23.36,24.72,23.35,23.35,763
2016-10-26,24.3,24.3,23.15,23.85,1401
2016-10-27,23.3,23.6,23.0,23.6,600
2016-10-28,23.6,23.6,23.6,23.6,100
2016-10-31,23.63,23.95,23.01,23.95,5225
2016-11-01,24.0,24.0,23.05,23.52,4208
2016-11-02,23.5,23.52,22.6,23.34,4103
2016-11-04,23.85,23.85,23.85,23.85,180
2016-11-08,23.9,23.9,23.9,23.9,227
2016-11-09,23.85,23.85,23.85,23.85,189
2016-11-10,23.8,24.8,22.78,23.94,17976
2016-11-11,24.3,24.5,23.2,24.5,1573
2016-11-14,24.5,24.5,24.5,24.5,100
2016-11-15,24.49,24.5,24.49,24.5,1050
2016-11-16,24.44,24.5,24.05,24.2,11177
2016-11-17,24.49,24.5,24.15,24.24,3650
2016-11-18,24.4,24.4,24.4,24.4,180
2016-11-21,24.49,24.5,24.45,24.5,2895
2016-11-22,24.26,24.45,24.26,24.44,6400
2016-11-23,24.5,24.5,24.45,24.5,1886
2016-11-25,24.25,24.45,24.25,24.45,1600
2016-11-28,24.6,24.6,24.33,24.33,1641
2016-11-29,24.33,24.33,24.33,24.33,289
2016-11-30,24.49,25.25,24.49,25.25,1700
2016-12-01,25.2,25.25,25.0,25.25,3481
2016-12-02,25.74,25.74,25.6,25.7,2400
2016-12-05,25.75,25.75,25.65,25.75,1172
2016-12-06,25.75,25.75,25.74,25.75,1205
2016-12-07,25.75,25.75,25.0,25.0,406
2016-12-08,25.5,26.4,25.5,26.25,5800
2016-12-12,26.0,26.0,26.0,26.0,215
2016-12-13,26.1,26.1,26.1,26.1,538
2016-12-14,25.9,25.9,25.5,25.5,4147
2016-12-20,25.89,26.24,25.85,26.0,7359
2016-12-21,26.0,26.75,26.0,26.75,12061
2016-12-22,26.94,27.75,26.94,27.0,10274
2016-12-23,27.15,27.15,27.15,27.15,171
2016-12-27,27.75,27.75,27.15,27.15,611
2016-12-28,27.1,27.7,26.75,27.7,3243
2016-12-30,26.45,27.75,26.4,27.75,3059
2017-01-03,26.55,27.75,25.56,27.0,9680
2017-01-04,26.36,27.14,26.36,27.05,7095
2017-01-05,27.5,27.75,26.25,27.25,3521
2017-01-06,27.4,27.4,26.3,26.75,3503
2017-01-09,26.9,26.9,26.9,26.9,190
2017-01-10,27.04,27.7,26.09,27.5,3537
2017-01-12,27.04,27.04,27.04,27.04,1006
2017-01-13,27.49,27.5,27.4,27.5,2217
2017-01-17,26.3,27.5,26.3,26.78,313
2017-01-18,27.15,27.5,27.15,27.49,2425
2017-01-19,27.5,27.5,26.1,27.25,1417
2017-01-20,27.5,27.5,27.25,27.35,327
2017-01-23,,,,27.35,0
2017-01-24,27.5,27.5,27.2,27.4,4476
2017-01-25,27.75,27.75,27.0,27.5,3130
2017-01-26,27.75,27.75,27.75,27.75,502
2017-01-27,27.75,27.75,25.68,26.75,3159
2017-01-30,26.8,27.75,26.55,26.55,4016
2017-01-31,27.5,27.5,27.45,27.45,242
2017-02-01,26.75,27.5,26.29,27.5,884
2017-02-02,27.2,27.2,27.2,27.2,545
2017-02-03,27.3,27.57,27.1,27.57,6746
2017-02-06,27.0,27.75,26.99,27.75,4186
2017-02-07,27.74,28.0,27.57,28.0,5085
2017-02-08,27.9,28.0,27.26,28.0,1650
2017-02-09,27.99,28.0,27.55,27.55,8605
2017-02-10,28.0,28.0,27.1,27.75,1374
2017-02-13,27.3,27.45,27.25,27.45,1024
2017-02-14,27.15,27.15,27.1,27.1,512
2017-02-15,,,,27.1,0
2017-02-16,28.0,28.0,28.0,28.0,164
2017-02-17,27.1,27.1,27.1,27.1,217
2017-02-21,27.25,28.0,27.25,27.5,4413
2017-02-22,,,,27.5,0
2017-02-23,,,,27.5,0
2017-02-24,,,,27.5,0
2017-02-27,27.99,28.25,27.78,28.25,3967
2017-02-28,27.54,27.88,27.5,27.7,4121
2017-03-01,27.7,27.95,27.7,27.75,2925
2017-03-02,,,,27.75,0
2017-03-03,28.15,28.15,27.9,27.9,520
2017-03-06,27.8,27.8,27.8,27.8,1500
2017-03-07,,,,27.8,0
2017-03-08,,,,27.8,0
2017-03-09,,,,27.8,0
2017-03-10,27.7,27.7,27.7,27.7,235
2017-03-13,,,,27.7,0
2017-03-14,27.7,27.7,27.7,27.7,232
2017-03-15,,,,27.7,0
2017-03-16,27.0,27.5,27.0,27.5,482
2017-03-17,27.0,27.5,23.7,27.0,2627
2017-03-20,26.7,26.7,26.7,26.7,201
2017-03-21,26.95,26.95,26.7,26.95,1014
2017-03-22,,,,26.95,0
2017-03-23,26.0,26.0,26.0,26.0,608
2017-03-24,25.87,26.05,25.87,26.0,1476
2017-03-27,26.0,26.0,26.0,26.0,119
2017-03-28,25.99,26.0,25.99,26.0,2100
2017-03-29,,,,26.0,0
2017-03-30,,,,26.0,0
2017-03-31,26.3,26.3,26.3,26.3,201
2017-04-03,25.25,25.6,25.25,25.6,6879
2017-04-04,25.99,26.2,25.65,26.2,9084
2017-04-05,,,,26.2,0
2017-04-06,25.65,27.2,25.65,27.05,317
2017-04-07,,,,27.05,0
2017-04-10,25.35,26.45,25.35,26.15,2132
2017-04-11,26.94,26.94,26.94,26.94,1235
2017-04-12,,,,26.94,0
2017-04-13,26.0,26.0,26.0,26.0,121
2017-04-17,26.5,26.65,26.5,26.65,626
2017-04-18,26.99,27.0,26.99,27.0,1304
2017-04-19,27.19,27.2,27.0,27.0,9140
2017-04-20,,,,27.0,0
2017-04-21,,,,27.0,0
2017-04-24,26.28,26.35,26.25,26.25,1600
2017-04-25,27.19,27.85,26.93,27.85,6594
2017-04-26,27.9,27.9,27.55,27.55,605
2017-04-27,27.2,27.2,27.2,27.2,163
2017-04-28,25.33,27.7,25.33,27.7,429
2017-05-01,26.0,27.65,26.0,27.65,832
2017-05-02,27.51,27.7,27.45,27.45,1225
2017-05-03,27.25,27.5,27.2,27.2,1273
2017-05-04,,,,27.2,0
2017-05-05,27.25,27.45,27.0,27.0,1707
2017-05-08,27.5,27.5,27.5,27.5,110
2017-05-09,27.25,27.25,27.25,27.25,120
2017-05-10,27.25,27.25,27.25,27.25,147
2017-05-11,25.94,27.25,25.94,27.25,1245
2017-05-12,,,,27.25,0
2017-05-15,27.5,27.5,27.5,27.5,165
2017-05-16,27.25,27.25,27.25,27.25,178
2017-05-17,26.75,26.75,26.75,26.75,308
2017-05-18,,,,26.75,0
2017-05-19,,,,26.75,0
2017-05-22,,,,26.75,0
2017-05-23,27.4,27.4,27.4,27.4,217
2017-05-24,,,,27.4,0
2017-05-25,,,,27.4,0
2017-05-26,27.4,27.5,27.25,27.5,1089
2017-05-30,,,,27.5,0
2017-05-31,28.0,28.0,26.8,27.35,2387
2017-06-01,28.0,28.0,27.25,27.25,973
2017-06-02,27.25,27.25,27.25,27.25,603
2017-06-05,27.75,27.75,27.75,27.75,227
2017-06-06,27.25,27.25,27.25,27.25,327
2017-06-07,27.25,27.25,26.65,26.65,424
2017-06-08,27.25,27.25,27.25,27.25,104
2017-06-09,27.25,27.25,27.25,27.25,122
2017-06-12,26.26,26.26,26.26,26.26,724
2017-06-13,26.41,26.41,26.41,26.41,249
2017-06-14,,,,26.41,0
2017-06-15,26.3,26.3,26.3,26.3,1167
2017-06-16,26.5,26.5,26.35,26.35,28341
2017-06-19,26.65,27.94,26.65,27.94,3818
2017-06-20,,,,27.94,0
2017-06-21,27.75,27.75,26.75,26.75,1508
2017-06-22,,,,26.75,0
2017-06-23,26.75,27.4,26.75,27.4,1597
2017-06-26,27.0,27.0,26.65,26.65,1345
2017-06-27,27.46,27.46,27.46,27.46,104
2017-06-28,,,,27.46,0
2017-06-29,27.47,27.6,27.47,27.5,2952
2017-06-30,27.7,27.7,27.7,27.7,166
2017-07-03,27.7,27.7,26.5,26.6,1534
2017-07-05,27.3,27.65,26.9,26.9,861
2017-07-06,,,,26.9,0
2017-07-07,26.8,26.9,26.8,26.9,434
2017-07-10,26.95,26.95,26.95,26.95,105
2017-07-11,,,,26.95,0
2017-07-12,,,,26.95,0
2017-07-13,,,,26.95,0
2017-07-14,27.0,27.05,27.0,27.05,256
2017-07-17,27.23,27.23,27.05,27.05,1114
2017-07-18,27.26,27.5,27.26,27.5,407
2017-07-19,27.1,27.1,27.0,27.0,459
2017-07-20,27.0,27.05,27.0,27.0,1995
2017-07-21,27.18,27.18,27.18,27.18,346
2017-07-24,27.0,27.27,27.0,27.27,4419
2017-07-25,27.27,27.4,26.55,26.55,3180
2017-07-26,26.4,27.0,26.4,26.6,1413
2017-07-27,27.0,27.7,26.95,27.7,890
2017-07-28,27.0,27.65,27.0,27.65,417
2017-07-31,27.0,27.5,27.0,27.5,406
2017-08-01,27.5,27.5,27.5,27.5,1070
