Date,Open,High,Low,Close,Volume
2013-11-06,18.5,18.9,16.19,16.31,11105201
2013-11-07,16.64,16.86,16.45,16.56,587420
2013-11-08,16.59,18.09,16.58,17.3,526734
2013-11-11,17.68,18.77,17.4,17.94,437292
2013-11-12,18.77,18.77,17.4,17.55,155216
2013-11-13,17.48,17.5,16.75,17.27,365219
2013-11-14,17.5,17.5,17.01,17.34,64411
2013-11-15,17.56,17.8,17.26,17.66,126867
2013-11-18,18.0,18.88,17.9,18.74,226280
2013-11-19,18.21,18.89,17.9,18.11,114938
2013-11-20,18.0,18.5,17.5,18.41,84352
2013-11-21,18.4,18.41,18.0,18.3,99091
2013-11-22,18.3,18.3,18.09,18.17,19674
2013-11-25,18.4,18.4,18.2,18.3,34533
2013-11-26,18.0,18.32,18.0,18.21,70007
2013-11-27,18.26,20.0,18.26,19.53,442289
2013-11-29,19.34,20.53,19.34,20.5,111113
2013-12-02,20.9,22.99,20.78,22.94,336001
2013-12-03,23.5,23.5,21.73,22.07,240965
2013-12-04,21.75,22.45,20.71,21.03,163560
2013-12-05,22.41,22.79,20.5,21.93,169120
2013-12-06,22.99,24.18,22.0,23.89,238701
2013-12-09,23.5,25.49,23.0,24.64,518930
2013-12-10,24.75,25.54,24.33,25.19,224744
2013-12-11,25.69,26.49,24.69,24.99,245853
2013-12-12,25.0,25.4,23.91,23.96,282852
2013-12-13,23.94,24.64,22.0,24.23,279959
2013-12-16,25.49,26.0,24.94,25.91,426792
2013-12-17,26.0,28.38,25.51,27.62,507925
2013-12-18,27.84,28.37,26.52,27.92,251998
2013-12-19,28.0,28.32,26.6,26.87,188565
2013-12-20,26.79,28.0,24.25,27.96,1600853
2013-12-23,27.85,28.8,27.25,27.74,217295
2013-12-24,27.85,28.49,26.5,27.82,96160
2013-12-26,28.34,28.89,27.5,28.49,159682
2013-12-27,28.36,28.85,27.51,28.16,102349
2013-12-30,28.16,28.17,27.15,27.77,140173
2013-12-31,27.69,27.99,26.55,26.85,138674
2014-01-02,26.58,26.58,25.03,25.78,156403
2014-01-03,25.89,26.52,24.75,25.03,144402
2014-01-06,25.1,25.5,24.0,24.43,111133
2014-01-07,24.95,25.5,24.0,24.05,108310
2014-01-08,24.24,24.4,23.71,24.3,388158
2014-01-09,24.32,26.5,24.32,26.06,424346
2014-01-10,26.39,26.5,25.8,26.45,81220
2014-01-13,26.26,26.9,26.01,26.89,131375
2014-01-14,26.75,27.45,26.69,27.39,128169
2014-01-15,27.35,27.45,26.59,27.43,128190
2014-01-16,27.43,27.9,27.33,27.58,95591
2014-01-17,27.67,28.49,27.2,28.45,103017
2014-01-21,28.45,28.85,27.21,28.85,106437
2014-01-22,28.85,30.25,28.7,29.5,217677
2014-01-23,29.5,30.25,28.62,30.07,94797
2014-01-24,29.7,30.1,27.4,28.33,180709
2014-01-27,27.79,28.0,26.8,27.09,90884
2014-01-28,27.0,28.0,26.96,27.55,103401
2014-01-29,27.63,27.63,26.85,26.99,74303
2014-01-30,27.17,28.5,27.17,27.91,66810
2014-01-31,27.53,29.15,27.03,28.66,76894
2014-02-03,29.0,29.0,25.61,27.01,161131
2014-02-04,27.04,27.93,26.11,26.22,57871
2014-02-05,26.46,26.46,25.12,25.29,119028
2014-02-06,25.49,25.85,25.21,25.58,83396
2014-02-07,25.77,29.49,25.77,28.14,263961
2014-02-10,28.3,29.25,27.64,28.51,74662
2014-02-11,28.6,29.88,28.21,29.77,150309
2014-02-12,29.62,31.4,28.87,29.81,550625
2014-02-13,29.95,30.8,29.36,29.45,220821
2014-02-14,29.33,29.84,28.82,29.04,78844
2014-02-18,28.85,28.99,27.57,28.28,106536
2014-02-19,28.05,28.6,27.15,27.94,118089
2014-02-20,28.0,29.83,28.0,28.98,128121
2014-02-21,29.0,29.92,28.7,29.35,84849
2014-02-24,29.37,29.75,29.05,29.12,60777
2014-02-25,29.27,32.69,29.22,31.23,250539
2014-02-26,31.22,32.4,30.6,31.21,108120
2014-02-27,31.8,31.9,31.06,31.32,129531
2014-02-28,31.44,32.37,30.11,30.9,263854
2014-03-03,30.24,30.62,29.02,29.89,137749
2014-03-04,30.09,31.12,29.79,30.34,104647
2014-03-05,30.4,30.4,29.02,29.22,133658
2014-03-06,29.0,29.77,28.8,29.65,55410
2014-03-07,29.68,29.92,27.18,28.16,356856
2014-03-10,28.2,28.21,26.41,26.87,193624
2014-03-11,26.85,27.92,26.26,26.55,113446
2014-03-12,26.44,27.36,25.5,27.35,78734
2014-03-13,27.73,27.78,26.09,26.35,125449
2014-03-14,26.04,26.7,25.66,26.4,62991
2014-03-17,26.81,27.89,26.01,26.78,95315
2014-03-18,26.96,27.39,26.15,26.8,109252
2014-03-19,26.78,27.28,26.24,26.63,105361
2014-03-20,26.49,27.01,25.72,26.56,98052
2014-03-21,26.56,26.9,25.32,25.68,194235
2014-03-24,25.68,25.9,22.71,23.21,331382
2014-03-25,23.45,23.78,23.21,23.5,210807
2014-03-26,23.62,23.68,22.21,22.41,157346
2014-03-27,22.45,22.45,19.91,20.2,430776
2014-03-28,20.3,21.47,20.0,21.02,198406
2014-03-31,22.66,23.9,21.85,22.97,321443
2014-04-01,23.49,23.83,22.33,22.61,204311
2014-04-02,23.07,23.07,21.95,22.5,131320
2014-04-03,22.57,22.82,21.28,22.79,290800
2014-04-04,22.65,23.13,21.3,21.44,244324
2014-04-07,21.5,21.5,20.56,21.01,109528
2014-04-08,20.74,21.68,20.74,21.1,148233
2014-04-09,21.27,23.11,21.0,22.75,252765
2014-04-10,22.29,23.0,22.0,22.55,355532
2014-04-11,22.36,22.68,21.0,21.37,284443
2014-04-14,21.69,21.72,20.52,21.0,200849
2014-04-15,21.17,21.29,20.35,21.21,256617
2014-04-16,21.32,21.44,20.53,21.25,132677
2014-04-17,21.25,21.82,21.1,21.45,111447
2014-04-21,21.51,21.74,20.67,21.29,217205
2014-04-22,21.39,22.26,21.05,22.0,141482
2014-04-23,22.06,22.06,21.4,21.82,70309
2014-04-24,22.03,22.1,20.96,21.15,237254
2014-04-25,21.04,21.74,20.5,20.52,183053
2014-04-28,20.65,21.41,19.0,19.94,297607
2014-04-29,20.09,20.09,19.25,19.88,131825
2014-04-30,19.89,20.72,19.47,20.49,577529
2014-05-01,20.5,21.25,20.0,20.24,71841
2014-05-02,20.23,20.34,19.83,19.91,116455
2014-05-05,19.78,20.08,19.61,19.84,123619
2014-05-06,19.65,19.87,19.2,19.26,183094
2014-05-07,19.27,19.27,17.94,18.44,606257
2014-05-08,18.48,19.3,17.08,17.24,384390
2014-05-09,17.19,17.33,16.22,16.52,304586
2014-05-12,17.69,17.85,16.9,17.43,341113
2014-05-13,18.99,19.2,16.5,16.84,578694
2014-05-14,16.9,17.29,16.22,16.22,275709
2014-05-15,16.2,16.38,14.7,14.76,367981
2014-05-16,14.7,15.44,14.28,15.43,284020
2014-05-19,16.19,16.19,15.7,15.95,267386
2014-05-20,16.17,16.17,15.46,15.62,228714
2014-05-21,15.64,15.92,15.33,15.57,148312
2014-05-22,15.68,16.18,15.38,15.93,260426
2014-05-23,15.8,16.14,15.24,15.43,289826
2014-05-27,15.98,17.09,15.67,16.65,577600
2014-05-28,16.5,17.87,16.5,17.84,153876
2014-05-29,17.86,18.0,17.25,17.88,182567
2014-05-30,17.93,18.17,17.27,17.86,148736
2014-06-02,17.74,18.09,16.75,17.7,129605
2014-06-03,17.4,17.41,16.28,16.59,326945
2014-06-04,16.39,16.94,16.18,16.55,136243
2014-06-05,16.59,16.78,16.2,16.7,168001
2014-06-06,16.75,17.23,16.48,17.01,152675
2014-06-09,16.98,17.59,16.84,17.49,161093
2014-06-10,17.46,18.26,16.99,18.03,133814
2014-06-11,17.82,18.06,17.63,17.83,104949
2014-06-12,17.71,18.05,17.54,17.76,129277
2014-06-13,17.86,18.08,17.41,17.93,107986
2014-06-16,17.84,18.1,17.43,17.59,143825
2014-06-17,17.51,18.0,17.5,17.63,92555
2014-06-18,17.56,17.94,17.5,17.76,80289
2014-06-19,17.79,17.97,17.34,17.62,79895
2014-06-20,17.59,17.7,17.0,17.54,197264
2014-06-23,17.62,17.83,16.89,17.77,165938
2014-06-24,18.65,20.31,18.5,20.04,1078852
2014-06-25,19.79,20.5,19.22,20.06,423536
2014-06-26,20.15,20.74,19.6,20.05,207350
2014-06-27,19.99,20.49,19.8,19.99,877981
2014-06-30,20.0,20.89,19.78,19.84,220310
2014-07-01,20.0,20.5,20.0,20.23,104365
2014-07-02,20.14,20.47,19.81,19.91,74908
2014-07-03,20.12,20.2,19.81,20.09,48639
2014-07-07,20.01,20.22,19.91,20.0,107059
2014-07-08,20.0,20.0,18.75,19.31,143626
2014-07-09,19.42,20.0,19.18,19.93,110652
2014-07-10,19.37,19.74,19.03,19.17,97543
2014-07-11,19.1,20.02,19.01,19.1,48393
2014-07-14,19.44,19.83,19.04,19.24,61288
2014-07-15,19.3,19.3,17.91,18.33,172019
2014-07-16,18.51,18.56,17.91,18.07,115909
2014-07-17,17.87,18.29,17.75,17.92,143532
2014-07-18,17.86,18.24,17.6,17.83,87613
2014-07-21,17.62,17.7,17.31,17.36,131934
2014-07-22,17.51,18.29,17.5,17.92,116790
2014-07-23,18.07,18.14,17.53,17.7,66292
2014-07-24,17.77,18.01,17.65,17.76,43787
2014-07-25,17.54,17.91,17.39,17.63,83176
2014-07-28,17.6,17.64,17.0,17.19,67902
2014-07-29,17.25,17.96,17.08,17.75,103817
2014-07-30,17.94,18.25,17.34,17.47,64868
2014-07-31,17.25,17.25,16.72,16.95,79468
2014-08-01,16.93,17.15,16.0,16.15,122336
2014-08-04,16.31,16.7,16.01,16.33,81463
2014-08-05,16.25,17.56,16.25,17.36,132780
2014-08-06,18.11,18.35,17.11,17.62,249995
2014-08-07,17.81,17.81,16.13,16.78,472620
2014-08-08,16.74,16.79,16.2,16.52,90955
2014-08-11,16.72,16.8,16.32,16.5,132107
2014-08-12,16.48,16.6,16.01,16.2,95113
2014-08-13,16.2,16.87,15.6,16.79,254341
2014-08-14,16.89,16.89,16.51,16.71,127543
2014-08-15,16.79,16.88,16.34,16.74,103068
2014-08-18,16.8,17.69,16.54,17.49,264590
2014-08-19,17.62,17.76,17.2,17.45,185480
2014-08-20,17.31,17.31,16.89,16.9,94398
2014-08-21,16.95,17.7,16.73,17.6,157443
2014-08-22,17.6,17.64,16.65,16.77,131893
2014-08-25,16.9,17.29,16.8,16.92,88664
2014-08-26,16.85,16.9,16.69,16.74,135895
2014-08-27,16.85,16.94,16.44,16.5,82750
2014-08-28,16.35,16.66,16.1,16.23,118161
2014-08-29,16.29,17.02,16.14,16.46,264084
2014-09-02,16.49,16.83,16.33,16.63,171126
2014-09-03,17.0,17.0,16.57,16.7,101821
2014-09-04,16.75,18.0,16.43,16.56,108223
2014-09-05,16.45,16.65,16.16,16.2,109879
2014-09-08,16.75,16.96,16.19,16.89,124127
2014-09-09,17.0,17.05,16.52,16.87,103093
2014-09-10,16.9,16.9,16.41,16.84,55125
2014-09-11,16.73,17.85,16.4,17.82,379623
2014-09-12,17.65,18.24,17.4,17.98,256669
2014-09-15,17.93,17.93,17.2,17.5,166315
2014-09-16,17.4,17.7,17.2,17.62,119389
2014-09-17,17.6,17.95,17.37,17.68,108033
2014-09-18,17.71,17.9,17.43,17.54,48156
2014-09-19,17.58,17.85,17.32,17.44,107831
2014-09-22,17.35,17.35,16.45,16.61,133951
2014-09-23,16.47,16.85,16.47,16.55,68760
2014-09-24,16.67,16.83,16.46,16.54,51990
2014-09-25,16.53,16.64,16.12,16.13,69761
2014-09-26,16.16,16.44,15.91,16.07,94895
2014-09-29,15.94,16.89,15.94,16.76,101607
2014-09-30,16.82,16.95,16.19,16.25,104059
2014-10-01,16.24,16.82,16.03,16.68,102605
2014-10-02,16.63,16.95,16.58,16.83,67763
2014-10-03,17.03,18.33,17.03,17.83,248655
2014-10-06,17.93,17.98,17.01,17.5,91877
2014-10-07,17.4,17.4,16.77,16.8,92203
2014-10-08,16.85,17.45,16.54,17.41,71571
2014-10-09,17.41,17.45,16.8,16.83,65891
2014-10-10,16.71,17.32,16.45,16.52,64125
2014-10-13,16.53,17.3,16.3,16.5,93939
2014-10-14,16.46,16.99,16.23,16.48,142207
2014-10-15,16.2,16.95,16.2,16.64,98451
2014-10-16,16.71,17.82,16.68,17.78,175358
2014-10-17,17.95,17.95,17.1,17.22,90608
2014-10-20,17.02,17.57,17.02,17.15,121580
2014-10-21,17.3,17.66,17.0,17.38,119594
2014-10-22,17.35,17.38,16.76,16.84,130759
2014-10-23,16.83,17.61,16.36,16.49,129288
2014-10-24,16.44,16.53,16.2,16.27,103071
2014-10-27,16.3,16.34,16.08,16.19,222520
2014-10-28,16.54,16.64,16.0,16.62,316063
2014-10-29,16.56,16.97,16.56,16.74,111266
2014-10-30,16.73,16.74,16.15,16.58,115488
2014-10-31,16.96,17.24,16.47,16.99,276317
2014-11-03,17.0,17.35,17.0,17.06,71273
2014-11-04,17.01,17.16,16.82,16.94,228430
2014-11-05,17.56,18.0,17.03,17.69,1341509
2014-11-06,17.62,17.62,16.35,17.06,961720
2014-11-07,17.1,17.5,16.84,17.44,167455
2014-11-10,16.9,17.65,16.9,17.49,169545
2014-11-11,17.41,17.76,17.3,17.75,211863
2014-11-12,17.69,19.11,17.62,18.98,370841
2014-11-13,19.0,20.78,18.99,20.35,527138
2014-11-14,20.42,20.66,19.91,20.24,158221
2014-11-17,20.2,20.68,19.64,19.94,133888
2014-11-18,19.59,20.09,19.56,19.97,152843
2014-11-19,19.7,20.04,19.58,19.99,126625
2014-11-20,19.94,20.48,19.63,20.46,157216
2014-11-21,20.63,21.78,20.6,21.45,225827
2014-11-24,21.45,21.6,21.1,21.48,256931
2014-11-25,21.61,22.21,21.5,21.98,322553
2014-11-26,22.0,22.0,21.33,21.76,1038549
2014-11-28,21.85,21.86,21.34,21.41,68863
2014-12-01,20.45,21.09,20.17,20.51,157804
2014-12-02,20.51,21.19,20.45,21.08,139084
2014-12-03,21.03,21.6,20.76,21.23,199341
2014-12-04,21.32,21.33,20.77,21.15,149043
2014-12-05,21.17,21.95,21.17,21.77,127981
2014-12-08,21.57,21.83,21.3,21.47,215095
2014-12-09,21.21,21.92,21.02,21.87,217135
2014-12-10,21.85,22.5,21.67,21.88,325122
2014-12-11,21.61,22.38,21.61,21.91,155222
2014-12-12,21.7,21.93,21.49,21.59,58303
2014-12-15,21.64,21.77,20.66,20.94,103883
2014-12-16,20.95,20.95,19.49,19.54,233016
2014-12-17,19.51,20.11,19.25,19.9,246458
2014-12-18,20.11,20.62,19.92,20.6,205349
2014-12-19,20.57,20.71,20.23,20.71,104278
2014-12-22,20.52,21.14,20.39,20.69,69420
2014-12-23,20.74,21.15,20.45,21.12,85154
2014-12-24,21.11,21.25,20.75,20.86,47774
2014-12-26,21.0,21.5,20.89,21.26,79485
2014-12-29,20.96,21.14,20.43,20.8,380214
2014-12-30,20.74,21.27,20.72,20.83,87506
2014-12-31,20.86,21.3,20.78,21.0,95549
2015-01-02,21.2,21.2,20.65,21.05,81687
2015-01-05,21.2,21.4,20.44,20.49,133242
2015-01-06,20.63,20.8,19.83,20.54,167173
2015-01-07,20.63,21.4,20.3,21.33,203521
2015-01-08,21.53,21.75,21.11,21.33,180336
2015-01-09,21.41,21.41,19.92,20.08,253038
2015-01-12,20.02,20.35,19.37,19.67,215800
2015-01-13,19.75,19.75,18.43,18.74,403627
2015-01-14,18.57,19.05,17.61,18.7,119796
2015-01-15,18.8,19.16,18.29,18.35,141359
2015-01-16,18.26,18.92,18.05,18.27,193709
2015-01-20,19.09,19.17,18.13,19.1,173794
2015-01-21,19.33,19.47,18.59,18.67,136925
2015-01-22,18.85,19.85,18.5,19.45,314008
2015-01-23,19.53,20.38,19.51,20.17,350567
2015-01-26,20.38,20.66,20.02,20.32,95024
2015-01-27,20.01,20.85,20.01,20.55,179361
2015-01-28,20.59,20.77,19.84,19.94,255040
2015-01-29,20.05,20.34,19.8,20.11,184045
2015-01-30,19.94,20.26,19.42,19.78,189297
2015-02-02,19.8,19.96,18.54,18.63,257898
2015-02-03,19.62,19.82,18.81,18.82,188907
2015-02-04,18.75,19.45,18.5,19.16,160485
2015-02-05,19.17,19.48,18.89,19.26,101450
2015-02-06,19.25,19.89,18.91,19.46,208057
2015-02-09,19.45,19.45,18.41,18.59,210783
2015-02-10,18.8,19.25,18.47,18.6,241571
2015-02-11,19.17,19.91,19.0,19.21,239554
2015-02-12,19.35,19.5,19.07,19.1,178798
2015-02-13,19.0,19.4,18.84,18.84,218047
2015-02-17,19.1,19.1,18.69,18.71,139471
2015-02-18,18.71,19.07,18.71,18.86,123468
2015-02-19,19.0,19.64,18.87,19.22,313130
2015-02-20,19.23,19.84,19.01,19.65,236530
2015-02-23,19.65,19.98,19.12,19.21,169696
2015-02-24,19.13,19.53,18.79,19.02,182048
2015-02-25,18.92,19.23,18.87,18.91,202963
2015-02-26,18.91,19.7,18.53,18.63,90502
2015-02-27,18.58,19.11,18.32,18.33,286676
2015-03-02,18.38,19.13,18.09,18.23,366605
2015-03-03,18.25,18.78,17.61,17.67,345380
2015-03-04,17.7,18.17,17.3,17.47,198719
2015-03-05,17.54,18.37,17.35,18.3,257064
2015-03-06,18.1,18.53,17.79,17.8,105775
2015-03-09,17.9,18.11,17.63,17.75,78012
2015-03-10,18.08,18.23,17.51,17.67,368230
2015-03-11,17.77,17.8,17.43,17.64,435820
2015-03-12,17.73,18.15,17.33,17.96,152084
2015-03-13,17.87,18.0,17.5,17.77,124871
2015-03-16,17.81,17.87,17.01,17.41,186533
2015-03-17,17.4,17.83,17.3,17.71,112108
2015-03-18,19.0,19.86,18.88,19.0,571360
2015-03-19,18.87,19.21,18.73,19.0,333765
2015-03-20,19.14,19.14,18.83,18.96,205456
2015-03-23,19.0,19.21,18.65,18.94,183871
2015-03-24,18.85,19.14,18.65,18.67,181527
2015-03-25,18.0,18.68,18.0,18.34,458389
2015-03-26,18.14,18.61,17.85,18.24,168512
2015-03-27,18.27,18.62,18.22,18.38,193127
2015-03-30,18.53,18.97,18.32,18.79,169647
2015-03-31,18.8,19.17,18.61,19.16,175527
2015-04-01,19.17,19.17,18.64,18.97,300708
2015-04-02,19.05,19.19,18.7,19.1,117316
2015-04-06,18.92,19.4,18.66,19.34,111095
2015-04-07,19.24,19.59,19.07,19.45,139196
2015-04-08,19.78,19.95,19.44,19.76,141703
2015-04-09,19.78,20.36,19.28,20.04,1201372
2015-04-10,20.25,20.5,20.0,20.48,182284
2015-04-13,20.64,20.64,20.07,20.1,153902
2015-04-14,19.85,20.86,19.64,20.82,340815
2015-04-15,20.82,21.03,20.62,20.75,124822
2015-04-16,20.64,20.69,19.87,20.46,315681
2015-04-17,20.26,20.56,20.0,20.46,221494
2015-04-20,20.53,20.76,20.28,20.64,196425
2015-04-21,20.66,20.9,20.45,20.66,133753
2015-04-22,20.85,21.1,20.52,21.02,124147
2015-04-23,20.82,21.1,20.69,20.88,109864
2015-04-24,20.82,20.83,20.44,20.58,85946
2015-04-27,20.45,20.87,20.28,20.43,141092
2015-04-28,20.36,20.81,20.14,20.49,85503
2015-04-29,20.35,20.51,19.81,20.0,88937
2015-04-30,19.85,20.08,19.33,19.47,132462
2015-05-01,19.47,20.46,19.3,20.43,151225
2015-05-04,20.36,20.61,20.03,20.16,112398
2015-05-05,20.19,20.34,19.48,19.71,184780
2015-05-06,19.7,22.54,19.7,22.46,1236642
2015-05-07,22.49,23.53,22.22,23.52,458042
2015-05-08,23.55,23.9,23.33,23.75,351128
2015-05-11,23.4,23.79,23.26,23.51,410422
2015-05-12,23.31,23.9,23.29,23.6,364314
2015-05-13,23.65,23.87,23.44,23.84,165431
2015-05-14,23.84,23.89,23.6,23.86,100523
2015-05-15,23.8,23.85,23.17,23.56,194938
2015-05-18,23.48,23.88,23.33,23.85,192229
2015-05-19,24.0,25.0,23.72,24.65,527560
2015-05-20,24.92,25.8,24.58,25.39,751080
2015-05-21,25.82,25.82,25.23,25.23,240489
2015-05-22,25.2,25.38,24.85,24.92,144382
2015-05-26,24.52,24.8,24.11,24.28,287947
2015-05-27,24.18,25.16,24.05,25.0,287278
2015-05-28,24.82,25.06,24.61,24.95,181622
2015-05-29,24.57,25.08,24.56,24.91,190839
2015-06-01,24.62,25.05,24.29,24.88,262669
2015-06-02,24.72,25.1,24.53,24.95,256968
2015-06-03,25.0,25.49,24.96,25.08,273593
2015-06-04,25.0,25.29,24.72,24.88,167120
2015-06-05,24.77,25.09,24.68,24.98,128462
2015-06-08,24.9,25.09,24.88,24.88,149321
2015-06-09,24.87,24.94,24.44,24.77,164360
2015-06-10,24.85,25.12,24.62,24.92,158985
2015-06-11,25.11,25.11,24.34,24.39,133257
2015-06-12,24.26,24.85,24.1,24.5,152170
2015-06-15,24.4,24.4,23.44,23.63,355898
2015-06-16,23.31,25.04,23.29,24.47,335333
2015-06-17,24.43,24.99,24.03,24.08,217344
2015-06-18,24.23,24.78,24.1,24.7,288010
2015-06-19,24.72,24.78,24.25,24.56,212855
2015-06-22,24.73,25.14,24.46,24.61,249952
2015-06-23,24.54,24.85,24.34,24.66,197361
2015-06-24,24.69,24.83,24.03,24.22,144151
2015-06-25,24.25,24.71,24.07,24.56,185836
2015-06-26,24.66,24.74,23.85,24.05,884371
2015-06-29,23.87,24.2,23.18,23.26,168335
2015-06-30,23.72,24.19,23.42,23.62,137853
2015-07-01,24.05,24.07,23.29,23.58,165897
2015-07-02,23.49,24.06,23.09,23.28,113550
2015-07-06,23.13,23.78,23.0,23.16,113343
2015-07-07,23.14,23.66,22.69,23.6,182570
2015-07-08,23.26,23.66,22.66,23.19,158663
2015-07-09,23.38,23.5,23.05,23.27,183845
2015-07-10,23.49,23.99,23.29,23.88,224532
2015-07-13,23.82,24.3,23.61,23.91,146265
2015-07-14,23.81,24.85,23.76,24.83,234815
2015-07-15,25.23,25.87,24.71,25.85,549360
2015-07-16,25.85,26.1,25.0,25.23,255242
2015-07-17,25.14,25.76,25.01,25.61,162562
2015-07-20,25.97,27.59,25.82,27.01,545481
2015-07-21,27.04,27.93,26.89,27.14,145681
2015-07-22,26.92,27.3,26.5,27.0,237634
2015-07-23,27.58,27.95,27.0,27.39,249812
2015-07-24,27.39,28.0,27.02,27.06,273751
2015-07-27,27.06,27.29,26.66,27.2,195871
2015-07-28,27.99,27.99,26.64,27.03,194619
2015-07-29,27.23,27.29,26.73,27.01,167216
2015-07-30,27.03,27.95,26.66,27.75,148564
2015-07-31,27.77,28.63,27.75,28.0,258373
2015-08-03,28.29,28.29,27.23,27.84,222035
2015-08-04,27.93,28.22,27.01,27.4,348852
2015-08-05,20.33,25.7,19.56,22.87,1239830
2015-08-06,24.47,24.65,21.59,21.71,645703
2015-08-07,21.59,22.28,21.14,21.55,297969
2015-08-10,21.98,22.8,21.95,22.45,333617
2015-08-11,22.32,22.32,21.97,22.25,219483
2015-08-12,22.03,22.18,21.35,21.74,494018
2015-08-13,21.84,22.48,21.62,21.92,190294
2015-08-14,21.98,22.25,21.45,22.16,169120
2015-08-17,22.0,23.16,21.85,22.82,348090
2015-08-18,22.87,23.1,21.98,22.32,372189
2015-08-19,22.13,22.75,22.03,22.41,246949
2015-08-20,22.19,22.42,22.06,22.07,417279
2015-08-21,21.63,22.51,21.63,21.95,405776
2015-08-24,20.52,21.48,20.35,20.98,800095
2015-08-25,21.73,21.8,20.32,20.46,412933
2015-08-26,20.97,20.97,19.82,20.34,313985
2015-08-27,20.72,20.77,19.69,20.14,497877
2015-08-28,20.16,20.73,19.96,20.55,252331
2015-08-31,20.48,20.59,19.68,19.75,210942
2015-09-01,19.36,19.69,18.76,18.9,345241
2015-09-02,20.24,20.59,19.46,19.72,610349
2015-09-03,19.61,20.28,19.39,19.81,342726
2015-09-04,19.75,20.27,19.65,19.77,219836
2015-09-08,20.42,20.42,19.45,19.82,315539
2015-09-09,19.57,19.84,19.4,19.68,205689
2015-09-10,19.52,19.94,19.41,19.9,147162
2015-09-11,19.7,19.88,19.58,19.77,224911
2015-09-14,19.7,19.78,19.12,19.62,214203
2015-09-15,19.71,19.84,19.49,19.65,169061
2015-09-16,19.62,19.73,19.31,19.5,135123
2015-09-17,19.59,20.16,19.5,19.92,253519
2015-09-18,19.5,20.43,19.5,20.27,200236
2015-09-21,20.51,20.59,19.58,19.83,202618
2015-09-22,19.73,19.74,18.68,19.06,219085
2015-09-23,19.25,19.35,18.81,19.21,261441
2015-09-24,19.1,19.1,18.5,18.87,197830
2015-09-25,19.09,19.09,18.12,18.14,173234
2015-09-28,18.15,18.16,17.41,17.51,142094
2015-09-29,17.46,17.69,17.02,17.28,227405
2015-09-30,17.45,17.73,17.28,17.42,207337
2015-10-01,17.59,17.69,16.72,17.5,408658
2015-10-02,17.36,18.98,17.01,18.95,281266
2015-10-05,19.04,19.68,19.0,19.62,278198
2015-10-06,19.69,19.96,19.35,19.91,221184
2015-10-07,20.19,20.19,19.45,20.0,239362
2015-10-08,20.14,20.36,19.8,20.13,230982
2015-10-09,20.11,20.55,19.87,20.24,176683
2015-10-12,20.33,20.42,19.68,20.07,194933
2015-10-13,19.91,20.48,19.76,19.98,163721
2015-10-14,20.07,20.31,19.57,20.03,101008
2015-10-15,20.1,20.9,19.76,20.88,380654
2015-10-16,20.9,21.43,20.77,21.3,145674
2015-10-19,21.11,21.39,20.95,21.26,206018
2015-10-20,21.39,21.77,21.08,21.55,278899
2015-10-21,20.72,21.65,20.72,21.43,136085
2015-10-22,21.5,21.89,21.3,21.74,125301
2015-10-23,21.88,22.05,21.65,21.83,160203
2015-10-26,21.89,22.26,21.45,22.18,286852
2015-10-27,22.12,22.44,21.53,21.71,117352
2015-10-28,21.75,22.18,21.45,22.17,194723
2015-10-29,22.06,22.48,21.79,22.02,225452
2015-10-30,21.97,22.72,20.21,22.12,228852
2015-11-02,22.15,23.37,22.09,23.08,285697
2015-11-03,22.96,23.3,21.56,21.67,356292
2015-11-04,22.51,24.44,22.03,22.63,768319
2015-11-05,22.76,23.23,21.84,22.74,414438
2015-11-06,22.27,23.2,22.27,23.18,251567
2015-11-09,23.0,23.58,22.8,23.14,592825
2015-11-10,23.0,23.18,22.49,22.92,190119
2015-11-11,22.87,23.12,22.43,23.06,217237
2015-11-12,23.0,23.26,22.81,22.95,417595
2015-11-13,22.86,23.12,22.58,22.73,188331
2015-11-16,22.66,23.0,22.51,22.97,142555
2015-11-17,23.0,23.47,22.8,23.09,135232
2015-11-18,23.0,23.88,23.0,23.87,84759
2015-11-19,23.85,24.48,23.58,24.47,296586
2015-11-20,24.5,24.69,22.81,24.52,110566
2015-11-23,24.53,24.75,24.37,24.67,133783
2015-11-24,24.95,24.95,23.44,23.75,228258
2015-11-25,23.7,24.77,23.51,24.63,147753
2015-11-27,24.73,24.82,24.36,24.75,59987
2015-11-30,23.53,24.85,23.53,24.85,369287
2015-12-01,24.85,25.44,24.45,25.31,276068
2015-12-02,25.0,25.56,25.0,25.52,216469
2015-12-03,25.44,25.55,24.18,24.45,131720
2015-12-04,24.55,24.89,24.43,24.75,74125
2015-12-07,24.61,24.83,24.19,24.4,85254
2015-12-08,24.27,24.73,23.82,24.66,111505
2015-12-09,24.09,24.53,23.14,23.77,246217
2015-12-10,23.77,24.08,23.77,23.82,150691
2015-12-11,23.65,23.67,22.84,22.86,118400
2015-12-14,22.84,23.09,22.55,22.66,105063
2015-12-15,22.7,23.32,22.54,22.84,173351
2015-12-16,22.93,23.38,22.85,23.35,58416
2015-12-17,23.31,23.69,22.77,22.91,112253
2015-12-18,22.75,23.33,22.36,22.4,176172
2015-12-21,22.6,22.6,22.09,22.41,83647
2015-12-22,22.45,22.81,22.05,22.64,106246
2015-12-23,22.67,22.77,22.41,22.62,236612
2015-12-24,22.68,22.98,22.58,22.69,54899
2015-12-28,22.66,22.94,22.35,22.62,127650
2015-12-29,22.68,22.98,22.42,22.89,86162
2015-12-30,22.75,22.89,22.48,22.5,62176
2015-12-31,22.5,22.88,22.3,22.75,180545
2016-01-04,22.23,22.65,21.71,22.51,413632
2016-01-05,22.51,23.09,22.45,22.78,195010
2016-01-06,22.37,23.25,22.15,23.06,344506
2016-01-07,22.66,23.16,22.14,22.31,248967
2016-01-08,22.41,22.74,21.86,21.87,182205
2016-01-11,21.89,22.77,21.71,21.95,254683
2016-01-12,22.2,22.57,22.08,22.27,141314
2016-01-13,22.26,22.32,19.9,20.76,338619
2016-01-14,20.81,21.55,20.5,21.15,157765
2016-01-15,20.53,21.11,20.53,21.04,206461
2016-01-19,21.3,21.45,20.01,20.17,168603
2016-01-20,19.96,20.2,18.95,19.97,184317
2016-01-21,20.0,20.42,19.66,19.91,150333
2016-01-22,20.25,21.34,20.25,21.02,137726
2016-01-25,20.93,21.34,20.77,20.77,151323
2016-01-26,20.87,21.05,20.32,20.89,70669
2016-01-27,20.69,20.88,19.97,20.13,103380
2016-01-28,20.41,20.86,19.69,20.12,91325
2016-01-29,20.3,20.74,20.18,20.42,116333
2016-02-01,20.3,20.7,20.18,20.42,212765
2016-02-02,20.26,20.32,19.8,19.9,123058
2016-02-03,19.93,19.93,19.24,19.59,209912
2016-02-04,19.55,19.94,19.34,19.49,69428
2016-02-05,19.36,19.79,17.68,18.01,301542
2016-02-08,17.93,18.06,16.51,16.98,286180
2016-02-09,16.85,17.05,15.51,15.85,595808
2016-02-10,19.1,19.73,14.79,17.85,708756
2016-02-11,17.27,17.82,16.22,17.46,303815
2016-02-12,17.49,19.88,17.46,19.03,489011
2016-02-16,19.31,19.63,18.94,19.04,131578
2016-02-17,19.24,19.69,19.07,19.6,133309
2016-02-18,19.71,20.01,19.34,19.45,101968
2016-02-19,19.41,19.91,19.41,19.75,60399
2016-02-22,20.06,20.29,19.64,19.71,197107
2016-02-23,19.64,20.18,18.97,19.03,176561
2016-02-24,18.81,19.29,18.51,19.25,173716
2016-02-25,19.42,19.52,18.98,19.0,154549
2016-02-26,19.12,19.38,19.01,19.16,92489
2016-02-29,19.2,19.6,18.92,19.23,179463
2016-03-01,19.3,19.45,19.02,19.2,290280
2016-03-02,19.04,20.25,19.04,20.21,197464
2016-03-03,20.21,20.64,20.13,20.4,238123
2016-03-04,20.53,20.86,19.95,20.03,199359
2016-03-07,19.79,20.66,19.79,20.63,143941
2016-03-08,20.54,20.54,19.49,19.59,130212
2016-03-09,19.49,20.32,19.4,19.98,103183
2016-03-10,20.18,20.48,20.0,20.18,309068
2016-03-11,20.33,20.68,19.97,20.67,169149
2016-03-14,20.5,20.76,20.26,20.28,205033
2016-03-15,20.11,20.22,19.51,19.59,134980
2016-03-16,19.52,20.33,19.49,20.16,123670
2016-03-17,20.22,20.22,19.62,20.11,128264
2016-03-18,20.09,20.52,19.94,20.0,207107
2016-03-21,20.0,20.15,19.74,19.88,72697
2016-03-22,19.85,20.06,19.56,19.58,69564
2016-03-23,19.59,19.75,19.07,19.59,113026
2016-03-24,19.38,19.75,19.37,19.7,42263
2016-03-28,19.82,19.97,19.2,19.76,84049
2016-03-29,19.77,20.01,19.4,20.0,266429
2016-03-30,20.05,20.2,19.95,20.15,200022
2016-03-31,20.1,20.3,19.98,20.27,241161
2016-04-01,20.11,20.42,19.7,20.02,180144
2016-04-04,20.06,21.2,19.86,20.8,241526
2016-04-05,20.65,20.94,20.38,20.52,110096
2016-04-06,20.5,21.5,20.38,21.24,288283
2016-04-07,21.11,21.32,20.88,21.01,118810
2016-04-08,21.21,21.23,20.74,21.13,81256
2016-04-11,21.26,21.48,20.91,20.93,91249
2016-04-12,20.97,21.31,20.7,21.28,104102
2016-04-13,21.35,21.89,21.33,21.4,167956
2016-04-14,21.35,22.44,20.98,22.34,200062
2016-04-15,22.23,22.79,20.86,22.62,167430
2016-04-18,22.46,22.97,22.46,22.9,284777
2016-04-19,22.99,23.43,22.89,23.3,179269
2016-04-20,23.41,24.01,23.23,23.94,387827
2016-04-21,23.99,24.21,23.64,23.96,311946
2016-04-22,23.86,24.61,23.41,24.34,295524
2016-04-25,24.17,24.42,23.87,24.4,192150
2016-04-26,24.51,24.51,23.72,24.18,221000
2016-04-27,24.16,24.67,23.72,24.35,252025
2016-04-28,24.22,24.87,24.22,24.68,167077
2016-04-29,24.72,24.95,24.29,24.72,151601
2016-05-02,24.7,25.04,24.26,24.86,284993
2016-05-03,24.57,24.83,24.32,24.41,342234
2016-05-04,24.3,26.16,24.07,24.96,647519
2016-05-05,25.43,25.86,25.18,25.4,576199
2016-05-06,25.0,25.99,24.97,25.6,606397
2016-05-09,25.19,25.92,24.24,25.69,523410
2016-05-10,25.7,26.45,25.48,26.25,850045
2016-05-11,26.0,26.81,25.87,26.51,1113647
2016-05-12,26.6,26.85,26.17,26.5,140861
2016-05-13,26.45,26.79,26.29,26.42,136343
2016-05-16,26.41,26.73,25.83,25.89,399591
2016-05-17,25.89,26.14,25.09,25.35,309307
2016-05-18,25.23,26.24,25.2,25.95,339651
2016-05-19,25.69,26.12,25.29,25.64,422361
2016-05-20,25.78,26.64,25.73,26.27,131361
2016-05-23,26.2,26.49,25.63,25.63,163793
2016-05-24,25.44,25.96,25.41,25.88,324773
2016-05-25,26.02,26.24,25.67,26.16,157727
2016-05-26,26.06,26.4,26.06,26.24,109342
2016-05-27,26.24,26.86,26.06,26.82,286451
2016-05-31,26.85,27.69,26.52,27.66,996175
2016-06-01,27.5,27.85,26.84,27.23,298032
2016-06-02,27.03,27.69,26.79,27.52,303496
2016-06-03,27.42,27.74,26.86,26.95,163024
2016-06-06,26.89,27.13,26.63,27.03,195379
2016-06-07,26.89,27.6,26.74,27.5,579121
2016-06-08,27.38,28.04,26.61,27.95,561852
2016-06-09,28.48,29.47,28.24,29.14,1735977
2016-06-10,28.92,29.13,28.23,28.89,465416
2016-06-13,28.72,28.98,27.32,27.75,912017
2016-06-14,27.53,28.4,27.51,28.15,626323
2016-06-15,28.25,28.31,27.86,28.04,359445
2016-06-16,27.87,28.08,27.1,27.5,300395
2016-06-17,27.48,27.56,26.96,27.21,260883
2016-06-20,27.51,28.13,27.4,27.76,342695
2016-06-21,27.76,27.9,27.26,27.48,247938
2016-06-22,27.63,28.49,27.3,27.78,374676
2016-06-23,28.09,28.24,27.42,27.9,452604
2016-06-24,26.83,27.6,26.31,27.5,2600287
2016-06-27,27.42,27.69,26.79,27.41,489614
2016-06-28,27.77,28.66,27.77,28.51,386961
2016-06-29,28.72,30.21,28.72,29.96,370980
2016-06-30,30.42,30.42,29.79,30.35,307595
2016-07-01,30.43,30.95,30.31,30.71,282325
2016-07-05,30.6,31.13,30.5,30.81,235193
2016-07-06,30.84,31.07,30.42,30.57,343598
2016-07-07,30.65,30.98,30.36,30.92,170873
2016-07-08,31.09,31.59,30.92,31.47,225424
2016-07-11,31.5,32.0,31.43,31.7,200314
2016-07-12,32.0,32.29,31.73,31.81,172357
2016-07-13,31.86,32.19,31.44,31.48,403477
2016-07-14,31.65,31.83,30.96,31.07,186866
2016-07-15,31.0,31.54,30.54,31.32,251624
2016-07-18,31.42,31.85,31.34,31.45,161515
2016-07-19,31.33,31.47,31.02,31.18,148593
2016-07-20,31.36,32.0,31.07,31.77,443477
2016-07-21,31.89,32.08,30.79,30.91,229424
2016-07-22,30.84,31.4,30.55,31.07,207527
2016-07-25,31.34,31.82,30.92,31.54,235849
2016-07-26,31.5,31.82,31.28,31.65,197811
2016-07-27,33.0,37.77,32.93,36.52,1577125
2016-07-28,36.5,36.5,35.03,35.91,939911
2016-07-29,35.25,36.02,34.7,35.6,865022
2016-08-01,35.2,36.22,35.2,35.98,663296
2016-08-02,35.85,36.42,35.25,35.87,633240
2016-08-03,35.32,36.23,35.21,35.27,249959
2016-08-04,35.48,36.17,35.11,36.0,262227
2016-08-05,36.0,36.26,35.58,36.17,242997
2016-08-08,36.07,37.38,36.05,36.99,313202
2016-08-09,36.86,38.49,36.86,38.11,520616
2016-08-10,37.83,38.47,37.51,38.38,288769
2016-08-11,38.3,39.33,38.15,38.7,292707
2016-08-12,38.75,38.9,38.37,38.7,200893
2016-08-15,38.7,38.8,38.15,38.36,247384
2016-08-16,38.54,38.54,37.65,38.13,232926
2016-08-17,38.0,38.0,37.31,37.66,135588
2016-08-18,37.55,38.4,37.45,38.35,196087
2016-08-19,38.35,38.67,38.1,38.61,101210
2016-08-22,38.43,38.51,37.94,38.44,171039
2016-08-23,38.35,39.68,38.35,39.63,1314392
2016-08-24,39.44,41.4,39.13,40.12,1001577
2016-08-25,39.55,40.48,39.17,40.19,177445
2016-08-26,40.0,40.48,39.5,40.34,241660
2016-08-29,40.21,40.67,39.92,40.31,199098
2016-08-30,40.09,42.8,40.09,41.8,881396
2016-08-31,41.25,42.25,40.73,41.82,411214
2016-09-01,41.61,41.96,41.32,41.88,535547
2016-09-02,42.04,42.44,41.81,42.35,207307
2016-09-06,42.15,43.27,42.15,43.26,291065
2016-09-07,43.71,44.57,43.47,44.44,382237
2016-09-08,44.16,44.44,43.18,43.58,316324
2016-09-09,43.39,43.39,42.0,42.18,306943
2016-09-12,41.52,42.41,41.06,42.35,269564
2016-09-13,42.2,42.2,41.51,41.87,153277
2016-09-14,41.68,43.34,41.68,43.25,330790
2016-09-15,42.86,43.28,42.47,43.24,282497
2016-09-16,43.07,44.52,43.07,44.22,453542
2016-09-19,44.54,49.49,44.18,44.63,450712
2016-09-20,45.04,46.9,44.93,45.44,825335
2016-09-21,44.08,45.09,43.55,44.4,607779
2016-09-22,44.82,45.4,44.45,45.29,255352
2016-09-23,43.01,43.96,41.82,43.28,700580
2016-09-26,43.29,43.76,43.14,43.69,313093
2016-09-27,43.79,44.19,43.12,44.08,146936
2016-09-28,44.49,44.89,43.39,44.1,370258
2016-09-29,44.1,44.43,43.37,43.98,369428
2016-09-30,44.31,44.48,43.32,43.43,199465
2016-10-03,44.2,44.2,42.8,43.09,292582
2016-10-04,43.04,44.43,43.03,43.98,226084
2016-10-05,43.9,44.49,43.62,43.84,150947
2016-10-06,43.95,43.95,43.04,43.58,144365
2016-10-07,43.75,44.1,43.06,43.13,138635
2016-10-10,43.0,44.05,42.8,43.9,95708
2016-10-11,43.55,44.6,43.2,43.95,309177
2016-10-12,44.15,44.45,43.45,44.0,194043
2016-10-13,43.65,43.85,42.6,43.6,150955
2016-10-14,43.85,44.9,43.15,43.75,174155
2016-10-17,43.3,44.02,42.5,43.9,163085
2016-10-18,44.5,45.2,44.0,44.2,208950
2016-10-19,44.6,46.75,44.48,46.4,411615
2016-10-20,46.6,47.0,44.3,44.8,306314
2016-10-21,44.8,44.9,44.1,44.85,116650
2016-10-24,45.2,46.0,44.8,45.7,248207
2016-10-25,45.9,45.9,43.75,44.4,392250
2016-10-26,44.1,44.35,42.6,42.7,246168
2016-10-27,43.2,43.2,40.35,41.3,398629
2016-10-28,41.1,42.1,41.05,41.2,217728
2016-10-31,41.4,41.4,38.9,40.0,1354266
2016-11-01,39.9,41.2,39.75,41.0,414855
2016-11-02,40.8,40.9,38.9,39.05,333712
2016-11-03,38.65,39.3,38.65,39.0,274959
2016-11-04,38.7,39.45,38.7,39.05,233947
2016-11-07,39.75,41.4,39.75,40.2,409147
2016-11-08,40.35,40.9,39.5,40.8,256550
2016-11-09,40.2,42.75,39.05,42.6,571863
2016-11-10,46.1,49.0,46.0,47.85,1185510
2016-11-11,47.6,49.65,46.45,49.45,463341
2016-11-14,47.6,48.3,45.75,46.75,672797
2016-11-15,46.95,47.5,45.68,46.1,397748
2016-11-16,45.3,47.5,45.0,47.15,515506
2016-11-17,47.55,49.7,47.4,48.65,383800
2016-11-18,48.9,51.65,48.8,51.4,772069
2016-11-21,50.8,51.75,50.08,50.95,286015
2016-11-22,51.4,52.45,50.6,51.45,341464
2016-11-23,51.75,52.35,51.3,52.1,228890
2016-11-25,52.0,52.5,51.45,51.55,120202
2016-11-28,51.05,52.1,50.95,51.05,188576
2016-11-29,51.35,51.45,50.45,51.05,149385
2016-11-30,51.35,51.35,49.4,49.5,224044
2016-12-01,49.1,49.85,46.4,47.5,351487
2016-12-02,47.4,47.7,45.4,46.4,460850
2016-12-05,46.65,48.75,46.2,48.4,196140
2016-12-06,48.75,48.8,47.9,48.05,229169
2016-12-07,48.0,49.7,47.45,47.9,645593
2016-12-08,47.95,48.7,46.75,47.85,490801
2016-12-09,48.1,48.1,46.8,46.9,330732
2016-12-12,46.6,47.05,44.4,44.8,258775
2016-12-13,44.9,45.55,43.81,44.05,331786
2016-12-14,44.05,44.25,42.99,44.1,384002
2016-12-15,44.0,45.65,43.15,44.8,274820
2016-12-16,44.75,45.15,44.2,44.3,272992
2016-12-19,44.35,44.45,43.45,43.45,233193
2016-12-20,43.75,44.2,43.5,43.75,263919
2016-12-21,43.7,43.85,43.2,43.5,195608
2016-12-22,43.45,43.8,42.8,43.35,365550
2016-12-23,43.25,43.9,42.95,43.55,221603
2016-12-27,43.55,44.55,43.15,43.65,266246
2016-12-28,43.85,44.0,43.05,43.35,208711
2016-12-29,43.5,45.4,43.42,44.75,277017
2016-12-30,44.8,45.25,44.25,44.55,215425
2017-01-03,45.25,46.7,44.45,44.95,517052
2017-01-04,45.25,46.8,44.65,46.2,335639
2017-01-05,46.25,47.15,45.9,47.0,231892
2017-01-06,47.1,47.8,46.6,47.45,245092
2017-01-09,47.5,48.35,47.0,47.9,240184
2017-01-10,47.95,48.95,47.95,48.5,231747
2017-01-11,48.5,51.12,48.3,51.0,567363
2017-01-12,50.8,51.3,49.45,50.35,419847
2017-01-13,50.65,51.45,50.1,50.65,492241
2017-01-17,50.55,51.5,50.1,51.05,276432
2017-01-18,51.4,52.7,50.9,52.5,314001
2017-01-19,52.6,54.35,52.05,54.05,532291
2017-01-20,54.25,54.65,52.95,53.45,413669
2017-01-23,53.55,54.65,53.35,53.75,180019
2017-01-24,53.75,55.4,53.4,55.3,358980
2017-01-25,55.8,56.5,55.55,56.2,573468
2017-01-26,56.45,56.85,54.7,55.05,465793
2017-01-27,54.95,55.2,54.26,54.7,234283
2017-01-30,54.4,54.4,53.0,53.25,229823
2017-01-31,53.4,53.55,52.55,52.55,174819
2017-02-01,53.1,54.2,51.5,52.25,319746
2017-02-02,52.05,52.45,51.05,51.45,303399
2017-02-03,51.4,52.4,51.4,52.2,398055
2017-02-06,52.2,52.6,51.4,51.9,405287
2017-02-07,51.9,52.45,51.75,51.9,330362
2017-02-08,51.9,53.3,51.5,52.85,571906
2017-02-09,53.0,54.8,53.0,54.35,599654
2017-02-10,54.65,54.8,52.95,53.35,258398
2017-02-13,53.7,54.05,51.8,52.95,448670
2017-02-14,52.95,53.75,52.7,52.95,604481
2017-02-15,56.6,62.65,56.4,61.5,2360003
2017-02-16,61.75,64.3,60.7,62.95,833222
2017-02-17,60.4,64.0,60.3,63.85,552679
2017-02-21,64.0,66.0,64.0,65.55,745404
2017-02-22,65.55,66.9,64.6,65.55,406588
2017-02-23,65.55,66.57,63.1,63.25,595399
2017-02-24,62.85,65.45,62.05,65.05,406100
2017-02-27,65.0,65.4,63.7,64.05,723414
2017-02-28,63.9,64.25,62.3,62.3,255586
2017-03-01,63.25,63.7,62.55,62.75,403045
2017-03-02,62.7,63.15,61.64,62.1,346863
2017-03-03,61.85,62.45,61.15,61.4,267694
2017-03-06,61.05,62.5,60.45,62.25,201846
2017-03-07,62.1,64.85,61.75,63.85,601242
2017-03-08,64.1,65.5,63.05,63.5,465028
2017-03-09,63.65,64.45,63.2,64.3,167698
2017-03-10,64.5,66.28,64.35,65.9,631152
2017-03-13,65.8,68.65,65.8,68.1,572151
2017-03-14,67.9,69.65,67.4,69.25,1466788
2017-03-15,69.05,69.07,65.15,68.5,788424
2017-03-16,69.1,71.1,68.75,68.8,679613
2017-03-17,68.9,70.15,68.45,68.6,407104
2017-03-20,68.65,70.1,68.1,68.95,484438
2017-03-21,69.3,69.9,66.55,67.1,667271
2017-03-22,67.0,67.84,65.75,67.15,462161
2017-03-23,67.0,67.4,65.2,66.0,487816
2017-03-24,66.4,67.6,66.2,66.65,342940
2017-03-27,65.25,66.8,63.21,66.15,404842
2017-03-28,66.0,67.3,65.3,66.3,255724
2017-03-29,66.55,67.2,65.85,66.75,438103
2017-03-30,66.75,67.1,65.3,65.85,283177
2017-03-31,65.7,68.9,64.9,67.9,837344
2017-04-03,69.35,75.75,69.35,74.75,2878136
2017-04-04,75.25,77.95,74.65,75.2,1785293
2017-04-05,76.4,79.3,75.3,75.9,2304846
2017-04-06,76.0,77.75,74.85,76.3,870024
2017-04-07,76.4,77.05,74.55,76.25,689631
2017-04-10,76.35,78.3,76.15,76.3,810115
2017-04-11,75.85,76.75,73.9,76.5,935940
2017-04-12,77.0,78.5,74.5,74.6,764777
2017-04-13,73.85,75.25,72.5,75.0,769636
2017-04-17,75.2,75.27,73.2,73.4,554263
2017-04-18,73.3,73.3,69.75,70.55,1550077
2017-04-19,70.25,71.05,67.15,69.7,3318789
2017-04-20,70.2,70.9,68.2,68.9,1098295
2017-04-21,68.75,70.75,68.71,70.6,901508
2017-04-24,71.95,74.5,70.0,73.6,1318344
2017-04-25,74.5,83.25,74.15,82.25,3513300
2017-04-26,84.0,86.15,80.35,82.25,3015922
2017-04-27,83.5,83.5,79.0,81.2,1735796
2017-04-28,81.45,84.0,80.25,82.45,1023232
2017-05-01,82.15,83.5,79.4,81.4,859047
2017-05-02,82.0,82.35,73.35,75.45,2300443
2017-05-03,75.15,76.85,73.5,75.4,919060
2017-05-04,75.8,77.28,74.0,76.2,614354
2017-05-05,76.35,76.6,72.55,73.3,1092549
2017-05-08,73.1,75.35,70.7,75.3,1165000
2017-05-09,76.1,76.9,72.5,74.15,1773568
2017-05-10,79.85,81.35,74.8,77.45,1919244
2017-05-11,78.35,78.45,74.15,74.2,867653
2017-05-12,74.0,78.7,73.9,78.3,880272
2017-05-15,78.45,80.45,77.7,78.4,1075102
2017-05-16,78.7,78.7,76.15,76.85,962389
2017-05-17,76.6,76.6,71.8,72.15,915247
2017-05-18,72.9,74.95,72.0,73.8,932336
2017-05-19,74.45,76.55,73.85,73.95,662808
2017-05-22,74.1,76.9,74.1,76.3,775799
2017-05-23,76.3,76.45,73.05,73.45,848247
2017-05-24,73.85,75.5,73.55,75.35,461866
2017-05-25,75.75,77.45,74.65,76.1,598333
2017-05-26,76.4,77.45,75.6,77.25,402206
2017-05-30,77.15,78.4,73.48,74.75,781184
2017-05-31,74.4,74.99,72.34,73.7,742215
2017-06-01,73.8,75.1,73.0,73.75,751099
2017-06-02,74.3,76.8,73.0,76.65,866348
2017-06-05,76.35,77.6,75.45,75.55,772767
2017-06-06,76.0,79.85,74.9,77.75,1104599
2017-06-07,77.75,79.7,77.45,79.45,1122692
2017-06-08,79.5,80.35,76.15,78.85,965361
2017-06-09,78.5,79.85,73.0,73.75,1345199
2017-06-12,73.15,73.95,67.25,70.55,1714466
2017-06-13,71.9,73.5,71.0,73.15,1017730
2017-06-14,73.55,74.0,69.85,70.5,809582
2017-06-15,69.05,70.0,68.3,68.9,530599
2017-06-16,68.55,70.55,68.05,69.25,399903
2017-06-19,70.2,73.15,69.5,71.85,496699
2017-06-20,72.2,73.2,70.68,70.75,652805
2017-06-21,70.75,72.45,69.8,72.3,451932
2017-06-22,72.2,73.75,71.1,72.8,551381
2017-06-23,74.0,77.45,73.15,76.95,1080053
2017-06-26,77.4,77.4,72.2,72.55,694648
2017-06-27,72.15,74.25,70.95,71.15,660257
2017-06-28,71.75,74.2,70.35,73.35,793408
2017-06-29,72.55,73.0,68.75,69.5,915528
2017-06-30,71.0,71.0,68.65,69.6,694199
2017-07-03,70.2,70.2,67.65,69.2,317050
2017-07-05,69.9,70.85,68.55,70.25,375876
2017-07-06,69.35,70.75,68.72,69.3,335048
2017-07-07,69.65,71.6,69.39,70.3,405191
2017-07-10,71.15,71.52,69.0,69.4,361114
2017-07-11,69.35,71.45,68.75,71.4,622943
2017-07-12,72.0,74.8,71.86,74.15,1100584
2017-07-13,74.35,75.05,72.9,73.85,1486828
2017-07-14,74.45,75.75,73.1,73.85,841962
2017-07-17,73.5,74.5,73.01,73.9,540053
2017-07-18,73.55,74.55,72.7,73.1,605799
2017-07-19,73.65,76.2,73.5,76.15,1203506
2017-07-20,72.95,76.22,72.05,73.2,1328671
2017-07-21,72.75,73.55,72.15,73.1,746005
2017-07-24,73.4,75.95,73.1,75.65,796874
2017-07-25,75.9,76.3,73.85,75.95,600537
2017-07-26,76.2,77.15,75.15,76.85,1166033
2017-07-27,77.6,77.92,72.75,73.6,1078121
2017-07-28,66.0,67.6,61.0,63.9,3823690
2017-07-31,64.75,65.1,61.05,61.7,2332195
2017-08-01,62.9,64.0,60.8,62.35,1671754
