Date,Open,High,Low,Close,Volume
2014-05-02,18.15,18.75,18.0,18.6,7698177
2014-05-05,18.44,19.1,18.3,18.6,611341
2014-05-06,18.5,18.65,18.4,18.48,398344
2014-05-07,18.47,18.53,17.36,17.73,748787
2014-05-08,17.6,18.45,17.6,17.83,353244
2014-05-09,17.76,17.87,17.4,17.59,446002
2014-05-12,17.66,17.82,16.81,17.21,899717
2014-05-13,17.21,17.34,16.68,17.2,452776
2014-05-14,17.05,17.38,16.9,17.15,448936
2014-05-15,17.05,17.94,17.0,17.54,267771
2014-05-16,17.5,17.87,17.5,17.62,99989
2014-05-19,17.74,18.2,17.6,17.84,333804
2014-05-20,17.81,18.0,17.4,17.94,118997
2014-05-21,17.9,18.12,17.69,17.9,662987
2014-05-22,18.02,18.12,17.82,18.0,162812
2014-05-23,18.1,18.17,17.76,18.17,73577
2014-05-27,18.29,18.45,17.96,18.3,284350
2014-05-28,18.45,18.75,18.31,18.69,145239
2014-05-29,18.65,18.86,18.34,18.8,300028
2014-05-30,18.85,19.1,18.6,19.0,417932
2014-06-02,19.1,19.1,18.59,18.84,60548
2014-06-03,18.81,18.99,18.7,18.71,93862
2014-06-04,18.85,18.99,18.51,18.8,337096
2014-06-05,18.88,18.98,18.07,18.42,173948
2014-06-06,18.31,18.43,18.1,18.4,63875
2014-06-09,18.4,18.7,18.24,18.7,52788
2014-06-10,18.65,18.92,18.48,18.57,160026
2014-06-11,18.96,18.96,18.49,18.76,173819
2014-06-12,18.63,18.79,18.42,18.63,58408
2014-06-13,18.59,18.9,18.35,18.36,52165
2014-06-16,18.44,18.8,18.35,18.6,114230
2014-06-17,18.6,18.76,18.2,18.45,263465
2014-06-18,18.59,18.79,18.45,18.6,273062
2014-06-19,18.36,18.77,18.36,18.64,241486
2014-06-20,18.65,18.75,18.47,18.65,227707
2014-06-23,18.65,18.85,18.51,18.79,85162
2014-06-24,18.68,18.86,18.65,18.71,64943
2014-06-25,18.63,18.75,18.5,18.67,51709
2014-06-26,18.64,18.7,18.54,18.62,31053
2014-06-27,18.7,18.86,18.46,18.86,29797
2014-06-30,18.86,19.19,18.52,19.18,81161
2014-07-01,18.86,19.09,18.75,18.85,59093
2014-07-02,18.7,18.99,18.65,18.79,25963
2014-07-03,18.89,19.0,18.65,18.95,18470
2014-07-07,19.0,19.03,18.75,18.97,47213
2014-07-08,18.86,19.25,18.57,19.25,95460
2014-07-09,19.21,19.5,18.75,19.2,109606
2014-07-10,19.01,19.19,18.71,19.19,33139
2014-07-11,18.85,19.2,18.85,19.01,51044
2014-07-14,18.92,19.15,18.91,19.15,19575
2014-07-15,19.18,19.23,18.92,19.15,97284
2014-07-16,19.2,19.3,18.91,19.08,34051
2014-07-17,19.27,19.3,19.02,19.02,31711
2014-07-18,19.0,19.37,19.0,19.19,53284
2014-07-21,19.24,19.5,19.1,19.5,27731
2014-07-22,19.21,19.68,19.21,19.62,82013
2014-07-23,19.62,19.75,19.33,19.68,34844
2014-07-24,19.68,20.48,19.53,19.85,414957
2014-07-25,19.75,19.9,19.2,19.85,54885
2014-07-28,19.72,20.05,19.43,19.43,82180
2014-07-29,19.4,19.85,19.4,19.85,49129
2014-07-30,19.83,19.85,19.5,19.56,419115
2014-07-31,19.48,19.48,19.28,19.43,60096
2014-08-01,19.4,19.61,19.2,19.2,96090
2014-08-04,19.1,19.22,18.36,18.71,69747
2014-08-05,18.75,19.0,18.68,18.69,54227
2014-08-06,18.6,18.67,17.64,17.82,80905
2014-08-07,17.92,18.28,17.79,17.79,75296
2014-08-08,17.97,18.14,17.3,17.58,57993
2014-08-11,17.69,18.1,17.59,17.95,84329
2014-08-12,17.85,18.33,17.77,17.99,72685
2014-08-13,17.99,18.3,17.99,18.19,80120
2014-08-14,18.0,18.16,17.94,17.95,51751
2014-08-15,18.38,18.45,18.0,18.06,169637
2014-08-18,18.11,18.28,17.57,17.79,49819
2014-08-19,17.75,17.92,17.59,17.8,34030
2014-08-20,17.72,18.0,17.65,17.94,132755
2014-08-21,17.7,17.81,17.51,17.76,27911
2014-08-22,17.69,17.8,17.6,17.77,16732
2014-08-25,18.1,18.45,17.75,18.05,85311
2014-08-26,18.11,18.28,17.71,17.99,40705
2014-08-27,18.04,18.04,17.53,17.97,24510
2014-08-28,17.88,17.95,17.27,17.85,216023
2014-08-29,17.78,17.94,17.5,17.88,35009
2014-09-02,18.17,18.33,17.92,18.11,75848
2014-09-03,18.2,18.2,17.77,18.08,34735
2014-09-04,18.12,18.12,17.52,17.6,36794
2014-09-05,17.63,18.19,17.63,18.09,38400
2014-09-08,18.16,18.34,18.02,18.02,58657
2014-09-09,17.99,18.14,17.65,17.75,33978
2014-09-10,17.82,18.26,17.8,17.94,28587
2014-09-11,17.86,18.08,17.64,17.9,25207
2014-09-12,17.87,18.0,17.6,17.76,53526
2014-09-15,17.82,17.9,17.63,17.78,39032
2014-09-16,17.57,17.82,17.5,17.64,41359
2014-09-17,17.6,17.76,17.31,17.7,82693
2014-09-18,17.7,17.72,17.26,17.7,44037
2014-09-19,17.7,17.95,17.7,17.94,25091
2014-09-22,18.0,18.14,17.62,17.7,39754
2014-09-23,17.53,17.89,17.38,17.66,36829
2014-09-24,17.67,17.88,17.33,17.8,59815
2014-09-25,17.79,17.89,17.51,17.76,37188
2014-09-26,17.82,17.82,17.51,17.68,20263
2014-09-29,17.68,18.0,17.68,17.71,35199
2014-09-30,17.72,17.72,17.5,17.5,22116
2014-10-01,17.42,17.42,17.07,17.32,45634
2014-10-02,17.48,17.55,17.1,17.23,38337
2014-10-03,17.35,17.8,17.35,17.57,28340
2014-10-06,18.0,18.0,17.56,17.66,25036
2014-10-07,17.73,17.73,17.36,17.49,133682
2014-10-08,17.48,17.64,17.26,17.41,20580
2014-10-09,17.44,17.44,16.91,17.09,51474
2014-10-10,16.98,17.08,16.5,16.6,106750
2014-10-13,16.74,16.77,16.1,16.41,59705
2014-10-14,16.59,16.59,16.0,16.33,39781
2014-10-15,16.33,16.66,16.18,16.58,18422
2014-10-16,16.48,16.79,16.35,16.67,287126
2014-10-17,16.83,16.92,16.51,16.78,140136
2014-10-20,16.68,16.8,16.56,16.72,22996
2014-10-21,16.7,16.98,16.69,16.78,49289
2014-10-22,16.71,16.87,16.56,16.56,23593
2014-10-23,16.6,16.6,16.1,16.28,31455
2014-10-24,16.24,16.35,16.1,16.26,45061
2014-10-27,16.29,16.44,16.05,16.43,82781
2014-10-28,16.41,16.41,15.99,16.35,98676
2014-10-29,16.4,16.4,16.1,16.12,136040
2014-10-30,16.19,16.48,16.03,16.1,60851
2014-10-31,16.15,16.22,15.71,15.88,94299
2014-11-03,15.96,16.25,15.96,16.1,71759
2014-11-04,16.05,16.05,15.71,15.79,54663
2014-11-05,15.88,15.91,15.36,15.62,93583
2014-11-06,15.8,15.8,15.42,15.46,58372
2014-11-07,15.44,15.59,15.3,15.59,45753
2014-11-10,15.69,15.84,15.53,15.6,50266
2014-11-11,15.65,15.74,15.56,15.6,58325
2014-11-12,15.64,16.11,15.61,16.08,24407
2014-11-13,16.1,16.95,16.08,16.57,83164
2014-11-14,16.75,16.96,16.51,16.61,45347
2014-11-17,16.5,16.73,16.4,16.46,33761
2014-11-18,16.48,16.58,16.09,16.1,75349
2014-11-19,16.1,16.15,16.07,16.15,20942
2014-11-20,16.03,16.32,16.0,16.23,26202
2014-11-21,16.4,16.4,16.06,16.16,21788
2014-11-24,16.11,16.55,16.11,16.16,43143
2014-11-25,16.16,16.42,16.07,16.42,14401
2014-11-26,16.44,16.44,16.15,16.22,34456
2014-11-28,16.33,16.33,16.1,16.2,11348
2014-12-01,16.23,16.39,16.07,16.26,33067
2014-12-02,16.2,16.28,16.01,16.24,32092
2014-12-03,16.15,16.3,16.12,16.17,67692
2014-12-04,16.16,16.7,16.16,16.59,496129
2014-12-05,16.46,16.88,16.4,16.84,46477
2014-12-08,16.8,16.84,16.61,16.78,26203
2014-12-09,16.79,16.83,16.61,16.83,8733
2014-12-10,16.85,16.87,16.64,16.84,22267
2014-12-11,16.7,16.86,16.61,16.79,80524
2014-12-12,16.61,16.69,16.25,16.5,57004
2014-12-15,16.39,16.66,16.25,16.65,102192
2014-12-16,16.45,16.69,16.36,16.69,35899
2014-12-17,16.69,16.87,16.56,16.86,31437
2014-12-18,17.1,17.43,17.08,17.31,72826
2014-12-19,17.4,17.4,17.0,17.22,695705
2014-12-22,17.18,17.69,17.18,17.44,58155
2014-12-23,17.49,17.65,17.04,17.15,35076
2014-12-24,16.94,16.94,16.55,16.55,14944
2014-12-26,16.5,16.6,16.5,16.55,21761
2014-12-29,16.62,16.75,16.26,16.55,39084
2014-12-30,16.59,16.85,16.51,16.66,44466
2014-12-31,16.59,17.35,16.59,17.14,70093
2015-01-02,17.13,17.13,16.5,16.79,46218
2015-01-05,16.95,16.95,16.51,16.8,44698
2015-01-06,16.67,16.72,15.88,16.53,151216
2015-01-07,16.53,16.89,16.28,16.84,40689
2015-01-08,16.88,17.65,16.88,17.56,322103
2015-01-09,17.7,17.91,17.51,17.72,96571
2015-01-12,17.93,17.99,17.38,17.45,72863
2015-01-13,17.39,17.95,17.39,17.43,38092
2015-01-14,17.47,17.47,17.31,17.35,535326
2015-01-15,17.51,17.6,17.41,17.56,152773
2015-01-16,17.58,17.87,17.43,17.87,21994
2015-01-20,17.82,18.16,17.81,18.16,45047
2015-01-21,18.1,18.14,17.99,18.12,21550
2015-01-22,18.0,18.26,18.0,18.2,68536
2015-01-23,18.22,18.87,18.22,18.75,260117
2015-01-26,18.79,19.92,18.76,19.61,202350
2015-01-27,19.69,19.73,19.07,19.51,52001
2015-01-28,19.48,20.0,19.24,19.35,55441
2015-01-29,19.5,19.5,19.07,19.18,22599
2015-01-30,19.11,19.19,18.82,18.99,26654
2015-02-02,19.28,19.38,18.62,19.03,56774
2015-02-03,19.17,19.21,19.01,19.12,36307
2015-02-04,19.01,19.19,18.81,18.89,20394
2015-02-05,18.74,18.89,18.51,18.62,37334
2015-02-06,18.53,18.71,18.15,18.35,224628
2015-02-09,18.41,18.84,18.41,18.5,39537
2015-02-10,18.51,18.64,18.42,18.54,9608
2015-02-11,18.49,18.67,18.4,18.56,11675
2015-02-12,18.57,18.79,18.57,18.69,13679
2015-02-13,18.78,19.44,18.78,19.35,24666
2015-02-17,19.31,19.86,19.07,19.69,33377
2015-02-18,19.72,19.72,19.15,19.43,31808
2015-02-19,19.3,19.71,19.25,19.54,17291
2015-02-20,19.54,19.7,19.03,19.7,20446
2015-02-23,19.6,19.68,19.37,19.6,29022
2015-02-24,19.6,19.74,19.48,19.65,67400
2015-02-25,19.65,19.83,19.58,19.77,48715
2015-02-26,19.8,19.92,19.22,19.86,10924
2015-02-27,19.94,20.48,19.86,20.3,35408
2015-03-02,20.53,21.27,20.43,20.57,133976
2015-03-03,20.62,20.76,20.1,20.32,78785
2015-03-04,20.3,20.49,20.21,20.38,37420
2015-03-05,20.25,20.44,19.55,20.03,44204
2015-03-06,19.75,19.91,19.53,19.66,15491
2015-03-09,19.53,19.85,19.34,19.6,52702
2015-03-10,19.4,20.67,19.01,19.87,38551
2015-03-11,20.04,20.14,19.49,19.62,8734
2015-03-12,19.35,19.73,19.03,19.27,35537
2015-03-13,19.2,19.49,19.0,19.13,47749
2015-03-16,19.16,19.35,18.38,18.38,28790
2015-03-17,18.11,18.65,18.1,18.55,60994
2015-03-18,18.64,18.8,18.43,18.59,49162
2015-03-19,18.72,18.87,18.05,18.1,28441
2015-03-20,18.25,18.43,18.2,18.27,31139
2015-03-23,18.24,18.42,18.1,18.35,50007
2015-03-24,18.35,18.45,18.06,18.35,32492
2015-03-25,18.3,18.69,18.04,18.17,31877
2015-03-26,18.19,18.47,18.0,18.13,31546
2015-03-27,18.04,18.2,18.04,18.12,19469
2015-03-30,18.24,18.49,18.15,18.29,25310
2015-03-31,18.37,18.78,18.25,18.54,34316
2015-04-01,18.58,18.58,18.11,18.18,19698
2015-04-02,18.03,18.25,17.84,18.06,37075
2015-04-06,17.8,18.44,17.8,17.91,25016
2015-04-07,17.97,18.02,17.77,17.91,9849
2015-04-08,17.88,17.9,17.47,17.76,17207
2015-04-09,17.75,17.89,17.41,17.72,20069
2015-04-10,17.72,18.2,17.72,18.2,24554
2015-04-13,18.0,18.15,17.96,18.15,14523
2015-04-14,18.23,18.23,17.48,17.63,484580
2015-04-15,17.72,17.96,17.58,17.82,23088
2015-04-16,17.96,18.03,17.86,17.87,24599
2015-04-17,17.86,17.86,17.66,17.66,37525
2015-04-20,17.77,17.85,17.5,17.5,130045
2015-04-21,17.52,17.72,17.4,17.67,18650
2015-04-22,17.56,17.69,17.56,17.62,12218
2015-04-23,17.61,18.59,17.58,18.43,31685
2015-04-24,18.48,18.74,18.24,18.24,23314
2015-04-27,18.66,18.7,17.8,17.86,31416
2015-04-28,18.0,18.08,17.66,17.75,24409
2015-04-29,17.89,18.3,17.89,18.22,13362
2015-04-30,18.05,18.23,17.78,18.11,16207
2015-05-01,18.14,18.36,17.96,18.01,5353
2015-05-04,18.2,18.55,18.2,18.49,16342
2015-05-05,18.46,18.72,18.42,18.6,32178
2015-05-06,18.55,18.73,18.45,18.6,19627
2015-05-07,18.62,18.79,18.38,18.74,18471
2015-05-08,18.79,18.91,18.59,18.83,42551
2015-05-11,18.84,19.0,18.77,19.0,17446
2015-05-12,18.8,18.99,18.61,18.87,14075
2015-05-13,19.0,19.31,18.91,19.27,10559
2015-05-14,19.34,19.7,19.05,19.7,26268
2015-05-15,19.7,19.87,19.64,19.68,23536
2015-05-18,19.68,19.72,19.14,19.45,12746
2015-05-19,19.45,19.48,19.11,19.47,35053
2015-05-20,19.48,19.84,19.19,19.49,68440
2015-05-21,19.58,19.85,19.37,19.84,31083
2015-05-22,19.66,19.73,19.44,19.7,7898
2015-05-26,19.67,19.67,19.22,19.58,28037
2015-05-27,19.48,19.7,19.48,19.7,9865
2015-05-28,19.55,19.98,19.3,19.94,23648
2015-05-29,19.76,19.92,19.24,19.49,29135
2015-06-01,19.55,19.97,19.37,19.75,57763
2015-06-02,19.73,19.75,19.37,19.41,8021
2015-06-03,19.25,19.4,19.13,19.4,21207
2015-06-04,19.44,19.76,18.96,19.17,53393
2015-06-05,19.13,19.63,18.95,19.12,108410
2015-06-08,19.2,19.22,18.73,19.02,18412
2015-06-09,18.96,19.18,18.82,18.99,18495
2015-06-10,19.03,19.49,18.66,19.28,78546
2015-06-11,19.19,20.88,19.19,20.21,206947
2015-06-12,20.09,21.65,19.82,20.42,267913
2015-06-15,20.39,21.84,20.33,20.65,83193
2015-06-16,20.76,21.25,20.26,20.41,59017
2015-06-17,20.59,20.59,19.92,20.05,55682
2015-06-18,20.25,20.8,20.0,20.08,61509
2015-06-19,20.03,20.2,19.59,19.95,36296
2015-06-22,19.75,20.3,19.43,19.56,61845
2015-06-23,19.8,19.8,19.36,19.51,31264
2015-06-24,19.32,19.9,18.45,19.2,170971
2015-06-25,19.17,19.41,18.49,18.78,64692
2015-06-26,18.75,18.98,18.63,18.85,38433
2015-06-29,18.52,18.81,18.27,18.54,112247
2015-06-30,18.69,19.33,18.09,18.5,106206
2015-07-01,18.69,19.05,18.46,18.72,11761
2015-07-02,18.75,19.21,18.63,19.09,43987
2015-07-06,19.17,19.17,18.78,19.0,28718
2015-07-07,18.81,18.81,18.55,18.67,65016
2015-07-08,18.5,18.79,18.35,18.36,76950
2015-07-09,18.37,18.69,18.37,18.5,39837
2015-07-10,18.5,18.81,18.37,18.56,45378
2015-07-13,18.75,19.08,18.46,18.62,50171
2015-07-14,18.62,18.82,18.35,18.54,65502
2015-07-15,18.62,18.73,18.35,18.5,57264
2015-07-16,18.62,19.1,18.53,18.94,37525
2015-07-17,18.88,19.24,18.57,19.03,44793
2015-07-20,19.1,19.95,19.1,19.95,23267
2015-07-21,19.84,20.13,19.84,20.01,86048
2015-07-22,19.96,20.08,19.47,19.54,19213
2015-07-23,19.65,20.0,19.42,19.69,34591
2015-07-24,20.0,20.0,19.6,19.94,24360
2015-07-27,19.92,19.92,19.26,19.45,35619
2015-07-28,19.5,19.57,19.32,19.48,23772
2015-07-29,19.44,19.54,19.29,19.4,8208
2015-07-30,19.32,19.48,18.89,19.03,46499
2015-07-31,18.88,19.06,18.88,18.98,14072
2015-08-03,19.07,19.07,18.37,18.71,24900
2015-08-04,18.87,19.37,18.8,19.22,29533
2015-08-05,19.1,19.1,18.54,18.6,28214
2015-08-06,18.7,19.46,18.51,19.0,130985
2015-08-07,19.02,19.2,18.66,19.04,81914
2015-08-10,19.21,19.5,19.01,19.05,18843
2015-08-11,18.55,19.15,18.35,19.07,64646
2015-08-12,18.88,19.18,18.49,19.01,54996
2015-08-13,18.88,19.13,18.42,18.79,27189
2015-08-14,18.78,18.98,18.5,18.69,288984
2015-08-17,18.72,18.8,18.42,18.5,46181
2015-08-18,18.5,18.75,18.35,18.56,84352
2015-08-19,18.63,18.75,18.36,18.44,77194
2015-08-20,18.51,18.73,17.25,17.25,85125
2015-08-21,17.0,17.35,16.48,17.35,64424
2015-08-24,16.93,17.47,15.12,16.82,111992
2015-08-25,17.61,17.61,16.18,16.28,132953
2015-08-26,16.29,16.52,16.0,16.3,150185
2015-08-27,16.7,17.17,16.22,16.74,88391
2015-08-28,17.1,17.49,16.96,17.34,73336
2015-08-31,17.4,17.44,17.12,17.25,42724
2015-09-01,17.24,17.26,16.26,16.91,72790
2015-09-02,16.94,17.13,16.7,16.96,57753
2015-09-03,16.72,17.21,16.72,17.0,48119
2015-09-04,16.97,17.17,16.83,17.09,32498
2015-09-08,17.1,17.23,16.7,17.0,73502
2015-09-09,17.11,17.3,16.71,17.03,31918
2015-09-10,16.83,17.59,16.83,17.06,86454
2015-09-11,16.85,17.37,16.68,17.32,63155
2015-09-14,17.09,17.46,16.88,17.39,92691
2015-09-15,17.35,17.75,17.0,17.7,35174
2015-09-16,17.6,18.07,17.39,17.83,34654
2015-09-17,17.99,18.46,17.82,18.25,49288
2015-09-18,18.5,18.91,18.22,18.76,53060
2015-09-21,18.75,19.0,18.5,18.88,71646
2015-09-22,18.75,18.85,17.83,18.27,33785
2015-09-23,18.48,19.46,18.3,19.46,28713
2015-09-24,19.31,19.4,18.54,18.87,41600
2015-09-25,18.63,19.07,17.75,17.9,41229
2015-09-28,17.85,18.31,17.68,18.15,49799
2015-09-29,18.33,18.37,17.25,17.97,45881
2015-09-30,17.87,17.88,17.48,17.48,149279
2015-10-01,17.75,18.15,17.39,17.72,19535
2015-10-02,17.56,17.56,16.76,17.4,234826
2015-10-05,17.05,18.16,17.05,17.56,145310
2015-10-06,17.56,17.93,17.15,17.25,62458
2015-10-07,17.21,17.34,17.21,17.34,19081
2015-10-08,17.24,17.42,16.97,17.33,152299
2015-10-09,17.24,17.47,17.14,17.18,20362
2015-10-12,17.13,17.36,17.01,17.01,13088
2015-10-13,17.19,17.19,16.77,16.93,21462
2015-10-14,16.65,16.99,16.65,16.67,91244
2015-10-15,16.64,16.84,16.44,16.7,64055
2015-10-16,16.85,17.24,16.77,16.98,32297
2015-10-19,16.9,16.95,16.57,16.76,24743
2015-10-20,16.5,17.04,16.38,16.77,40935
2015-10-21,16.78,16.78,16.38,16.53,28487
2015-10-22,16.54,16.54,16.0,16.04,42299
2015-10-23,16.08,16.4,16.05,16.29,77617
2015-10-26,16.17,16.26,16.01,16.09,46459
2015-10-27,15.83,16.39,15.83,16.14,285665
2015-10-28,16.29,16.4,15.84,16.25,38247
2015-10-29,16.08,16.22,15.94,16.06,17111
2015-10-30,16.17,16.4,15.98,16.19,24576
2015-11-02,16.11,16.46,16.11,16.17,42925
2015-11-03,16.28,16.47,16.16,16.18,42243
2015-11-04,16.34,16.47,15.91,15.91,16508
2015-11-05,15.91,16.2,15.91,16.0,18089
2015-11-06,16.02,16.46,16.02,16.32,87690
2015-11-09,16.32,16.77,16.29,16.67,62769
2015-11-10,16.39,16.65,15.5,16.17,152201
2015-11-11,16.65,16.65,16.15,16.15,19868
2015-11-12,16.13,16.13,15.45,15.61,43711
2015-11-13,15.51,15.59,14.11,14.67,119775
2015-11-16,14.66,14.75,14.28,14.46,243727
2015-11-17,14.55,14.71,14.15,14.17,48286
2015-11-18,14.11,14.16,13.56,13.73,99367
2015-11-19,13.75,14.0,13.71,13.81,361305
2015-11-20,13.94,14.2,13.82,14.0,147107
2015-11-23,14.2,14.2,13.95,13.95,28354
2015-11-24,13.99,14.16,13.82,13.97,216865
2015-11-25,14.0,14.2,14.0,14.09,177861
2015-11-27,14.19,14.19,14.05,14.11,119712
2015-11-30,14.11,14.25,14.05,14.07,119879
2015-12-01,14.06,14.25,14.05,14.1,95738
2015-12-02,14.12,14.66,14.11,14.2,85586
2015-12-03,14.15,14.36,13.98,13.98,117693
2015-12-04,14.0,14.07,13.85,13.9,25376
2015-12-07,13.85,13.92,13.51,13.62,76317
2015-12-08,14.03,14.03,13.49,13.67,68499
2015-12-09,13.84,14.22,13.5,13.5,72529
2015-12-10,13.53,14.01,13.53,13.96,69607
2015-12-11,13.85,13.85,13.54,13.55,74981
2015-12-14,13.38,13.53,12.44,12.46,120482
2015-12-15,12.46,12.82,12.33,12.66,129764
2015-12-16,12.67,13.18,12.67,12.84,118997
2015-12-17,12.73,13.03,12.73,12.96,98375
2015-12-18,12.97,13.04,12.8,12.86,56016
2015-12-21,12.67,12.92,12.67,12.87,40579
2015-12-22,12.8,13.34,12.8,13.22,92560
2015-12-23,13.07,13.51,13.07,13.34,101615
2015-12-24,13.31,13.31,12.8,12.95,49934
2015-12-28,12.95,13.17,12.86,13.0,117384
2015-12-29,13.11,13.12,12.66,12.81,93272
2015-12-30,12.67,13.0,12.67,12.91,59334
2015-12-31,12.71,13.09,12.51,12.93,59543
2016-01-04,12.73,12.89,12.52,12.81,48610
2016-01-05,12.86,13.01,12.5,12.69,135434
2016-01-06,12.55,12.68,11.91,11.98,106274
2016-01-07,11.83,11.95,11.53,11.81,126066
2016-01-08,11.88,11.98,11.57,11.72,44413
2016-01-11,11.64,11.78,11.5,11.68,69624
2016-01-12,11.88,11.92,11.27,11.47,102319
2016-01-13,11.62,11.7,11.33,11.47,355249
2016-01-14,11.44,11.5,11.09,11.25,591506
2016-01-15,11.25,11.25,10.72,10.91,521371
2016-01-19,11.0,11.24,11.0,11.21,74432
2016-01-20,11.08,11.4,11.0,11.25,82073
2016-01-21,11.41,11.66,11.06,11.11,113786
2016-01-22,11.25,11.65,11.25,11.52,41433
2016-01-25,11.58,11.6,11.23,11.35,44348
2016-01-26,11.29,11.92,11.29,11.71,31662
2016-01-27,11.73,12.08,11.73,11.93,34605
2016-01-28,11.94,12.19,11.62,11.66,37803
2016-01-29,11.77,12.08,11.68,11.76,50217
2016-02-01,11.66,11.7,11.24,11.24,30241
2016-02-02,11.26,11.26,10.88,11.09,60399
2016-02-03,11.1,11.18,11.04,11.1,53514
2016-02-04,11.1,11.21,11.09,11.14,35594
2016-02-05,11.12,11.12,11.01,11.05,20105
2016-02-08,11.04,11.07,10.87,11.07,86106
2016-02-09,10.86,11.29,10.76,10.95,44369
2016-02-10,11.03,11.52,10.76,10.93,16444
2016-02-11,11.01,11.1,10.85,10.97,41662
2016-02-12,10.98,11.68,10.96,11.68,19002
2016-02-16,11.76,12.05,11.64,12.05,44461
2016-02-17,12.0,12.05,11.81,11.96,70188
2016-02-18,12.0,12.03,11.8,11.85,84986
2016-02-19,11.9,11.9,11.59,11.59,59678
2016-02-22,11.71,11.84,11.32,11.63,19814
2016-02-23,11.68,11.76,11.34,11.47,68966
2016-02-24,11.55,11.59,11.3,11.5,17610
2016-02-25,11.5,11.67,11.39,11.62,27084
2016-02-26,11.75,12.6,11.75,12.08,110553
2016-02-29,12.2,12.23,11.74,11.9,37590
2016-03-01,12.03,12.49,11.93,12.11,42302
2016-03-02,12.25,12.61,12.12,12.48,71826
2016-03-03,12.55,12.75,12.4,12.45,47731
2016-03-04,12.45,12.89,12.27,12.71,40883
2016-03-07,12.68,12.83,12.51,12.58,25813
2016-03-08,12.71,12.86,11.97,12.27,100793
2016-03-09,12.9,13.7,12.14,13.0,239581
2016-03-10,12.83,13.6,12.7,13.31,79466
2016-03-11,13.49,13.95,13.48,13.72,44416
2016-03-14,13.72,14.43,13.6,14.19,60987
2016-03-15,14.08,14.08,13.5,14.0,238732
2016-03-16,13.86,14.24,13.76,13.76,66517
2016-03-17,13.85,14.01,13.69,13.87,37432
2016-03-18,13.97,14.0,13.72,13.86,22434
2016-03-21,13.94,13.99,13.68,13.97,18438
2016-03-22,13.98,14.3,13.83,14.07,25484
2016-03-23,14.0,14.0,13.66,13.7,19224
2016-03-24,13.65,14.38,13.44,14.14,51809
2016-03-28,14.17,14.28,13.97,14.24,23082
2016-03-29,14.29,15.15,14.08,15.08,40860
2016-03-30,15.09,15.5,14.91,15.24,49942
2016-03-31,15.15,15.4,15.02,15.4,46487
2016-04-01,15.2,15.41,15.07,15.3,43785
2016-04-04,15.3,15.5,14.99,15.09,33967
2016-04-05,14.88,15.18,14.52,14.87,31212
2016-04-06,15.01,15.15,14.52,14.52,14507
2016-04-07,14.64,15.0,14.54,14.67,46317
2016-04-08,14.56,14.67,14.52,14.66,17154
2016-04-11,14.61,14.87,14.34,14.59,20870
2016-04-12,14.7,14.85,14.55,14.82,23814
2016-04-13,14.79,14.79,14.58,14.7,26945
2016-04-14,14.71,14.85,14.66,14.79,28343
2016-04-15,14.9,15.0,14.77,14.88,21717
2016-04-18,15.0,15.49,14.92,15.44,30653
2016-04-19,15.45,15.68,15.25,15.31,28303
2016-04-20,15.35,15.57,15.26,15.5,17978
2016-04-21,15.43,15.5,14.83,15.15,31912
2016-04-22,15.22,15.96,15.0,15.03,90558
2016-04-25,15.08,15.42,15.04,15.33,19936
2016-04-26,15.43,15.6,15.41,15.54,29277
2016-04-27,15.52,15.52,15.22,15.42,18310
2016-04-28,15.39,15.74,14.95,15.06,34900
2016-04-29,15.0,15.07,14.41,14.51,28983
2016-05-02,14.63,14.92,14.46,14.92,24091
2016-05-03,14.77,14.83,14.4,14.74,28246
2016-05-04,14.57,14.84,14.05,14.21,33730
2016-05-05,14.23,14.69,13.91,14.12,47126
2016-05-06,14.16,14.2,14.01,14.15,12520
2016-05-09,14.24,14.29,14.05,14.2,27390
2016-05-10,14.06,14.2,14.02,14.14,19009
2016-05-11,14.05,14.18,13.93,13.99,16842
2016-05-12,14.0,14.18,13.9,13.9,14421
2016-05-13,13.95,14.1,13.45,13.54,19248
2016-05-16,13.72,13.81,13.34,13.5,23906
2016-05-17,13.68,13.9,13.45,13.7,21090
2016-05-18,13.56,14.16,13.39,14.0,29494
2016-05-19,14.08,14.08,13.64,13.92,21861
2016-05-20,13.77,14.22,13.67,14.07,30896
2016-05-23,14.02,14.2,13.66,14.1,23494
2016-05-24,14.18,14.2,13.71,13.93,26879
2016-05-25,13.99,14.27,13.88,14.13,23779
2016-05-26,14.21,14.33,13.87,13.87,33425
2016-05-27,13.85,14.84,13.82,14.19,71523
2016-05-31,14.21,14.42,14.1,14.1,25406
2016-06-01,14.06,14.22,14.0,14.19,27272
2016-06-02,14.09,14.41,14.09,14.21,57708
2016-06-03,14.1,14.21,14.0,14.2,22888
2016-06-06,14.0,14.28,14.0,14.26,61252
2016-06-07,14.17,14.3,14.03,14.18,33035
2016-06-08,14.2,14.76,13.9,13.97,62496
2016-06-09,14.0,14.0,13.65,13.74,16643
2016-06-10,13.56,14.03,13.4,13.91,21255
2016-06-13,13.71,14.0,13.55,13.66,146799
2016-06-14,13.69,13.86,13.26,13.38,16797
2016-06-15,13.42,14.09,13.21,13.6,24624
2016-06-16,13.4,13.64,13.2,13.31,24865
2016-06-17,13.48,13.54,13.23,13.28,22241
2016-06-20,13.41,13.5,13.21,13.29,13223
2016-06-21,13.45,13.8,13.27,13.73,44271
2016-06-22,13.94,13.98,13.61,13.7,38977
2016-06-23,13.77,14.2,13.77,14.02,85325
2016-06-24,13.33,13.59,13.25,13.44,33973
2016-06-27,13.44,13.45,12.2,12.35,45619
2016-06-28,12.36,12.68,12.08,12.25,76865
2016-06-29,12.35,13.74,12.35,13.62,54060
2016-06-30,13.69,14.18,13.25,14.09,54526
2016-07-01,14.06,14.61,13.9,14.16,56960
2016-07-05,14.0,14.35,13.81,14.12,105153
2016-07-06,14.01,14.4,14.0,14.2,31982
2016-07-07,14.39,14.81,14.2,14.77,62359
2016-07-08,14.45,15.38,14.45,15.37,52598
2016-07-11,15.26,15.48,15.16,15.42,29735
2016-07-12,15.34,15.43,15.05,15.19,46468
2016-07-13,15.06,15.38,14.85,15.22,33784
2016-07-14,15.25,15.41,14.37,14.75,24627
2016-07-15,14.88,15.17,14.66,15.0,17830
2016-07-18,14.93,15.05,14.76,14.99,17250
2016-07-19,15.18,15.18,14.8,14.9,13589
2016-07-20,14.85,14.85,14.64,14.85,37447
2016-07-21,14.79,15.0,14.61,14.96,21324
2016-07-22,14.99,15.55,14.83,15.55,13170
2016-07-25,16.2,17.4,16.01,16.6,172890
2016-07-26,16.61,17.48,16.46,17.35,71741
2016-07-27,17.35,17.49,17.1,17.2,67039
2016-07-28,17.09,17.32,17.05,17.25,64695
2016-07-29,17.3,17.41,17.25,17.35,52909
2016-08-01,17.31,17.5,17.0,17.26,89864
2016-08-02,17.25,17.36,16.68,16.86,22709
2016-08-03,16.95,17.32,16.8,17.09,34864
2016-08-04,17.12,17.4,17.02,17.18,42361
2016-08-05,17.35,17.49,17.12,17.27,31187
2016-08-08,17.39,17.61,17.13,17.13,32683
2016-08-09,17.75,17.75,16.86,17.03,36297
2016-08-10,16.75,17.2,16.75,17.04,24166
2016-08-11,17.13,17.44,16.97,17.12,47567
2016-08-12,17.14,17.92,16.91,17.34,117691
2016-08-15,17.54,17.93,17.5,17.77,37514
2016-08-16,17.77,18.0,17.52,17.96,16053
2016-08-17,17.97,18.0,17.59,17.91,40791
2016-08-18,18.0,18.0,17.63,17.85,54589
2016-08-19,17.56,17.82,17.32,17.32,25611
2016-08-22,17.26,17.72,17.11,17.62,40965
2016-08-23,17.57,17.78,17.35,17.61,22988
2016-08-24,17.53,17.73,17.33,17.55,26817
2016-08-25,17.61,17.72,17.35,17.48,17772
2016-08-26,17.52,17.6,17.47,17.49,5628
2016-08-29,17.63,17.7,17.22,17.63,18017
2016-08-30,17.6,18.0,17.59,18.0,34930
2016-08-31,17.98,18.5,17.98,18.28,60368
2016-09-01,18.16,18.99,18.16,18.92,48007
2016-09-02,19.08,19.14,17.94,18.11,53290
2016-09-06,18.0,18.49,17.99,18.25,33808
2016-09-07,18.29,18.55,18.0,18.1,37686
2016-09-08,18.06,18.4,17.85,18.32,50555
2016-09-09,18.13,18.24,18.0,18.24,24117
2016-09-12,18.2,18.52,18.0,18.52,28306
2016-09-13,18.29,18.93,18.25,18.75,43238
2016-09-14,18.61,18.87,18.25,18.53,38908
2016-09-15,18.71,18.74,18.3,18.6,14659
2016-09-16,18.48,18.82,18.48,18.82,13514
2016-09-19,18.82,19.0,18.59,19.0,20781
2016-09-20,19.05,19.2,18.78,19.2,21454
2016-09-21,19.15,19.15,18.1,18.42,24248
2016-09-22,18.42,18.79,18.36,18.6,22423
2016-09-23,18.69,18.89,18.39,18.67,8901
2016-09-26,18.5,18.87,18.5,18.87,23148
2016-09-27,18.81,18.99,18.36,18.6,20792
2016-09-28,18.7,18.98,18.45,18.95,38149
2016-09-29,18.9,19.54,18.06,18.65,72133
2016-09-30,18.55,18.92,17.38,17.41,75572
2016-10-03,17.5,18.2,17.24,18.02,27370
2016-10-04,18.1,18.36,17.82,18.06,28378
2016-10-05,18.07,18.52,18.05,18.52,12262
2016-10-06,18.34,19.08,18.06,18.99,38897
2016-10-07,18.85,19.0,17.91,18.36,81839
2016-10-10,18.35,18.55,18.17,18.55,16173
2016-10-11,18.51,19.04,18.09,18.55,23234
2016-10-12,18.65,18.82,18.22,18.65,11294
2016-10-13,18.67,18.95,18.08,18.95,29484
2016-10-14,18.95,18.95,18.0,18.0,21231
2016-10-17,18.25,18.25,17.5,17.65,24492
2016-10-18,17.9,18.0,17.55,17.9,20012
2016-10-19,17.95,18.15,16.85,17.5,82392
2016-10-20,17.35,17.52,16.8,17.1,48069
2016-10-21,16.95,17.4,16.9,17.1,9036
2016-10-24,17.15,17.3,16.35,17.02,82205
2016-10-25,16.95,17.3,16.85,17.15,44372
2016-10-26,16.9,17.45,16.75,16.75,45604
2016-10-27,16.85,17.3,16.5,17.2,35262
2016-10-28,17.15,17.2,16.75,17.0,19603
2016-10-31,17.0,17.06,16.2,16.75,96720
2016-11-01,16.7,16.84,16.1,16.15,41257
2016-11-02,16.3,16.3,14.75,15.15,87227
2016-11-03,15.25,15.73,15.0,15.7,49091
2016-11-04,15.6,15.95,15.05,15.5,80430
2016-11-07,15.65,15.98,15.05,15.35,74354
2016-11-08,15.15,15.5,15.0,15.35,16704
2016-11-09,14.9,15.55,14.9,15.4,80548
2016-11-10,15.35,17.25,15.35,16.85,131183
2016-11-11,16.7,17.2,16.25,16.9,32039
2016-11-14,16.75,16.95,16.75,16.9,52361
2016-11-15,16.8,16.96,16.65,16.75,29606
2016-11-16,16.75,16.75,16.4,16.55,15134
2016-11-17,16.8,17.15,16.5,16.85,25237
2016-11-18,16.68,18.1,16.5,17.5,99113
2016-11-21,17.5,18.4,17.5,18.12,76833
2016-11-22,18.05,18.2,18.0,18.1,48928
2016-11-23,17.95,18.15,17.0,17.6,265189
2016-11-25,17.8,17.95,17.47,17.47,18969
2016-11-28,17.5,17.5,16.95,17.0,30115
2016-11-29,16.9,17.15,16.6,16.85,51658
2016-11-30,16.8,17.18,16.8,17.1,25957
2016-12-01,17.0,17.3,16.85,17.05,14051
2016-12-02,16.9,16.95,16.65,16.8,22655
2016-12-05,16.95,17.12,16.68,17.0,5012
2016-12-06,17.1,17.1,16.8,17.0,17816
2016-12-07,16.9,17.15,16.6,17.05,45865
2016-12-08,17.2,17.5,16.8,17.35,83597
2016-12-09,17.35,17.35,16.65,16.8,85500
2016-12-12,16.95,17.2,16.89,16.95,34094
2016-12-13,16.95,17.0,15.95,16.0,40884
2016-12-14,16.3,16.55,16.1,16.25,26501
2016-12-15,16.2,16.2,15.75,15.75,48463
2016-12-16,15.95,16.16,15.95,16.1,71180
2016-12-19,16.05,16.25,15.85,16.22,75482
2016-12-20,16.2,16.52,16.2,16.5,21753
2016-12-21,16.6,17.25,16.55,17.0,35124
2016-12-22,17.25,18.25,17.15,18.18,47193
2016-12-23,18.15,18.45,17.95,18.45,71176
2016-12-27,18.35,18.35,17.92,18.1,17343
2016-12-28,18.11,18.11,17.7,17.85,15734
2016-12-29,17.85,18.08,17.6,17.85,6398
2016-12-30,17.95,19.2,17.64,19.2,95795
2017-01-03,19.05,19.15,18.6,18.65,65228
2017-01-04,18.7,19.2,18.5,18.95,17507
2017-01-05,18.95,19.15,18.85,18.95,29749
2017-01-06,18.95,19.5,18.95,19.05,22662
2017-01-09,19.0,19.0,18.0,18.05,34119
2017-01-10,17.85,18.1,17.85,17.9,21852
2017-01-11,17.9,18.02,17.75,17.75,27685
2017-01-12,18.05,18.05,17.6,17.65,32558
2017-01-13,17.6,17.8,17.55,17.55,45448
2017-01-17,17.75,17.85,17.2,17.2,41213
2017-01-18,17.15,18.1,17.15,18.0,231745
2017-01-19,18.15,20.1,18.15,19.9,224339
2017-01-20,20.05,20.95,20.0,20.3,82359
2017-01-23,20.25,20.95,20.0,20.9,87043
2017-01-24,20.95,20.95,20.2,20.2,49452
2017-01-25,20.15,20.38,19.65,19.85,44108
2017-01-26,20.0,20.0,19.68,19.75,19916
2017-01-27,19.75,19.9,19.65,19.7,20436
2017-01-30,19.7,19.7,19.3,19.45,49202
2017-01-31,19.35,19.95,19.25,19.65,37748
2017-02-01,19.8,20.2,19.35,19.85,34730
2017-02-02,19.75,20.0,19.55,19.6,25705
2017-02-03,19.5,19.6,19.15,19.55,34395
2017-02-06,19.35,19.8,19.35,19.6,19713
2017-02-07,19.8,19.85,18.5,18.95,69522
2017-02-08,18.8,19.4,18.65,19.3,37012
2017-02-09,19.4,19.85,19.05,19.85,31001
2017-02-10,19.75,20.85,19.75,20.8,32779
2017-02-13,20.9,21.5,20.89,21.0,77993
2017-02-14,20.8,21.05,20.8,20.9,18134
2017-02-15,21.48,21.7,21.1,21.14,45105
2017-02-16,21.13,21.2,20.9,21.04,19096
2017-02-17,21.0,21.15,20.85,21.05,54499
2017-02-21,21.15,21.85,21.08,21.75,61337
2017-02-22,21.85,22.5,21.7,22.3,65286
2017-02-23,22.65,23.25,22.35,23.05,64747
2017-02-24,23.25,23.25,22.55,23.25,53012
2017-02-27,23.25,23.25,20.55,21.8,132565
2017-02-28,22.0,22.0,21.35,21.6,54973
2017-03-01,21.95,22.35,21.75,22.0,63254
2017-03-02,19.8,20.0,19.65,19.85,4729219
2017-03-03,19.75,19.9,19.6,19.75,945591
2017-03-06,19.7,19.7,19.5,19.5,660017
2017-03-07,19.5,19.65,19.45,19.45,492778
2017-03-08,19.15,19.3,19.0,19.0,597642
2017-03-09,18.75,19.2,18.75,19.0,465276
2017-03-10,19.0,19.15,19.0,19.0,211607
2017-03-13,19.0,19.15,19.0,19.05,336268
2017-03-14,19.0,19.05,19.0,19.0,253344
2017-03-15,19.0,19.0,18.25,18.75,397766
2017-03-16,18.65,18.85,18.25,18.55,333979
2017-03-17,18.45,18.7,18.4,18.55,132597
2017-03-20,18.6,18.8,18.4,18.65,174812
2017-03-21,18.85,19.05,18.3,18.36,248647
2017-03-22,18.4,18.5,17.4,18.45,227028
2017-03-23,18.35,18.6,18.15,18.35,171187
2017-03-24,18.61,18.95,18.3,18.3,507075
2017-03-27,18.55,18.65,18.25,18.25,185652
2017-03-28,18.4,18.85,18.26,18.6,382877
2017-03-29,18.65,19.1,18.45,18.95,239429
2017-03-30,18.9,19.1,18.6,18.75,133604
2017-03-31,18.6,19.02,18.5,18.95,170122
2017-04-03,18.85,19.1,18.65,18.7,89939
2017-04-04,18.7,19.25,18.7,19.2,346071
2017-04-05,19.3,19.45,18.7,18.8,165620
2017-04-06,18.75,18.94,18.35,18.55,131390
2017-04-07,18.45,19.6,18.35,19.2,217304
2017-04-10,19.35,19.4,19.07,19.15,84309
2017-04-11,19.25,19.35,18.98,19.35,37941
2017-04-12,19.45,19.45,18.85,19.25,97156
2017-04-13,19.1,19.35,18.75,19.3,101860
2017-04-17,19.35,19.4,18.9,19.2,52909
2017-04-18,19.2,19.4,19.05,19.2,57460
2017-04-19,19.15,19.25,19.05,19.17,98733
2017-04-20,19.15,19.35,19.05,19.3,90330
2017-04-21,19.25,19.25,19.0,19.2,60474
2017-04-24,19.25,19.35,19.05,19.29,116829
2017-04-25,19.35,19.4,19.05,19.2,119179
2017-04-26,19.05,19.45,19.05,19.35,161571
2017-04-27,19.2,19.75,19.1,19.7,239156
2017-04-28,19.7,19.75,19.4,19.65,155664
2017-05-01,19.65,19.8,19.5,19.6,84184
2017-05-02,19.55,19.7,19.25,19.25,53289
2017-05-03,19.2,19.28,18.65,18.65,90418
2017-05-04,18.5,18.65,17.8,18.05,113009
2017-05-05,18.05,18.95,17.9,18.95,93020
2017-05-08,18.2,18.85,17.5,18.75,120813
2017-05-09,18.75,18.82,18.25,18.3,94206
2017-05-10,18.0,18.55,17.85,18.1,46725
2017-05-11,18.75,18.95,18.46,18.85,149063
2017-05-12,18.85,18.95,18.63,18.85,103832
2017-05-15,18.9,19.3,18.8,18.95,71261
2017-05-16,19.0,19.0,18.67,18.8,39481
2017-05-17,18.8,18.8,17.95,18.15,128568
2017-05-18,18.3,18.5,17.5,18.5,197330
2017-05-19,18.4,18.45,18.2,18.35,67262
2017-05-22,18.3,18.8,18.25,18.7,86575
2017-05-23,18.8,18.8,18.48,18.51,40463
2017-05-24,18.85,18.85,18.3,18.45,112762
2017-05-25,18.6,18.6,18.0,18.3,142805
2017-05-26,18.15,18.45,17.95,18.45,45222
2017-05-30,18.2,18.5,18.13,18.2,99563
2017-05-31,18.05,18.15,17.7,18.05,145974
2017-06-01,18.0,18.1,17.7,18.05,269211
2017-06-02,18.0,18.15,17.75,17.9,117098
2017-06-05,17.9,18.15,17.76,17.95,123874
2017-06-06,17.9,18.15,17.8,18.15,148686
2017-06-07,18.15,18.35,17.88,18.1,108971
2017-06-08,18.05,18.4,18.0,18.25,126613
2017-06-09,18.25,18.35,18.05,18.2,111734
2017-06-12,17.71,18.3,17.71,18.0,131078
2017-06-13,18.1,18.2,17.75,18.0,128513
2017-06-14,18.0,18.0,17.55,17.85,123723
2017-06-15,17.65,17.84,17.65,17.7,63771
2017-06-16,17.75,17.95,17.25,17.9,131620
2017-06-19,18.15,18.15,17.8,17.9,48360
2017-06-20,17.85,17.85,17.5,17.65,89497
2017-06-21,17.65,17.83,17.5,17.55,38016
2017-06-22,17.45,17.8,17.45,17.5,88316
2017-06-23,17.45,17.95,17.4,17.85,77085
2017-06-26,17.9,18.02,17.73,18.0,34484
2017-06-27,18.0,18.1,17.85,17.95,51931
2017-06-28,17.9,18.15,17.75,18.08,57360
2017-06-29,17.8,18.0,17.63,17.9,88076
2017-06-30,18.2,18.2,17.8,18.0,169415
2017-07-03,18.15,18.35,17.9,18.3,22744
2017-07-05,18.3,18.3,18.1,18.2,46278
2017-07-06,18.15,18.2,18.0,18.05,31513
2017-07-07,18.15,18.2,17.95,18.05,229524
2017-07-10,18.0,18.2,18.0,18.05,113914
2017-07-11,18.05,18.2,17.95,18.05,82085
2017-07-12,18.2,18.35,18.03,18.3,46639
2017-07-13,18.3,18.3,18.1,18.2,36757
2017-07-14,18.15,18.3,18.02,18.25,144915
2017-07-17,18.25,18.65,17.98,18.35,53141
2017-07-18,18.35,18.5,18.3,18.5,37920
2017-07-19,18.5,18.8,18.5,18.55,59589
2017-07-20,18.55,18.8,18.5,18.7,58410
2017-07-21,18.65,18.85,18.4,18.75,103210
2017-07-24,18.65,18.7,18.4,18.6,44303
2017-07-25,18.7,18.7,18.35,18.45,82796
2017-07-26,18.45,18.6,18.45,18.6,27592
2017-07-27,18.7,18.82,18.2,18.5,54658
2017-07-28,18.5,18.7,18.1,18.45,54757
2017-07-31,,,,18.5,62374
2017-08-01,18.45,18.6,18.3,18.45,51273
