Date,Open,High,Low,Close,Volume
2014-03-21,13.75,16.5,13.58,16.21,12704154
2014-03-24,16.26,16.3,15.07,15.25,686804
2014-03-25,15.45,15.45,15.0,15.2,685812
2014-03-26,15.11,15.25,13.63,14.01,1171314
2014-03-27,13.98,14.26,13.65,14.25,432835
2014-03-28,14.44,15.0,14.18,14.66,412703
2014-03-31,14.71,15.04,14.71,15.04,516939
2014-04-01,15.1,15.29,14.9,15.22,283056
2014-04-02,15.26,15.26,14.66,14.7,483278
2014-04-03,14.71,14.84,14.5,14.7,448967
2014-04-04,14.53,14.85,13.86,14.16,365771
2014-04-07,14.1,14.28,13.69,13.82,388542
2014-04-08,13.68,13.93,13.54,13.76,242891
2014-04-09,13.61,14.12,13.5,13.87,308920
2014-04-10,14.0,14.12,12.92,13.33,613671
2014-04-11,13.17,13.63,13.15,13.56,607088
2014-04-14,13.85,14.12,13.71,14.12,540795
2014-04-15,14.08,14.6,13.73,14.47,550949
2014-04-16,15.4,15.4,14.8,15.02,546851
2014-04-17,14.92,15.25,14.3,14.74,364220
2014-04-21,14.51,15.12,14.26,14.27,253430
2014-04-22,14.28,14.57,13.92,14.25,95177
2014-04-23,14.3,14.42,13.38,13.54,247872
2014-04-24,13.73,13.73,12.6,12.84,311840
2014-04-25,12.93,13.06,12.38,12.75,426412
2014-04-28,12.85,13.31,12.81,12.87,548565
2014-04-29,12.97,13.25,12.85,13.08,270432
2014-04-30,13.14,13.18,12.87,13.09,316290
2014-05-01,13.12,13.45,12.96,13.04,523106
2014-05-02,13.19,13.27,11.06,12.4,1524156
2014-05-05,12.27,12.81,11.92,12.27,154042
2014-05-06,12.29,12.4,11.64,11.66,104989
2014-05-07,11.65,11.73,10.2,11.52,347537
2014-05-08,11.46,11.75,11.25,11.56,234369
2014-05-09,11.5,12.12,11.39,12.12,281254
2014-05-12,11.97,12.29,11.85,12.2,248134
2014-05-13,12.23,12.84,11.22,11.85,813148
2014-05-14,11.78,12.46,11.43,12.03,333989
2014-05-15,11.92,12.28,11.52,12.24,216426
2014-05-16,12.2,12.24,11.76,11.83,189076
2014-05-19,11.74,11.8,11.25,11.25,363254
2014-05-20,11.3,11.57,10.79,10.8,319635
2014-05-21,10.82,10.99,10.47,10.65,179446
2014-05-22,10.66,10.8,10.47,10.63,262709
2014-05-23,10.65,10.75,10.55,10.64,126258
2014-05-27,10.67,11.19,10.38,11.01,703724
2014-05-28,11.05,11.13,10.71,10.99,336096
2014-05-29,11.2,12.09,10.99,11.43,534486
2014-05-30,11.44,11.55,11.24,11.44,318103
2014-06-02,11.5,11.6,10.94,11.14,320772
2014-06-03,11.11,11.27,10.84,11.0,303432
2014-06-04,11.1,11.13,10.83,10.96,256597
2014-06-05,10.91,11.01,10.8,11.0,237882
2014-06-06,10.98,11.32,10.97,11.21,203922
2014-06-09,11.4,12.12,11.3,11.88,425699
2014-06-10,11.93,12.2,11.61,12.08,195653
2014-06-11,12.04,12.14,11.67,11.89,280808
2014-06-12,11.94,12.12,11.87,12.05,290698
2014-06-13,12.17,12.68,11.88,12.41,310942
2014-06-16,12.48,12.99,12.32,12.76,250337
2014-06-17,12.81,13.15,12.6,13.15,422956
2014-06-18,13.25,13.3,12.53,12.78,618270
2014-06-19,12.87,12.96,12.57,12.68,258334
2014-06-20,12.75,13.15,12.66,12.69,564457
2014-06-23,12.79,12.9,12.37,12.85,286000
2014-06-24,12.89,13.09,12.58,12.74,351103
2014-06-25,12.75,12.99,12.67,12.74,111226
2014-06-26,12.77,12.82,12.46,12.6,155748
2014-06-27,12.61,13.05,12.39,12.43,1256353
2014-06-30,12.62,13.44,12.12,13.3,791158
2014-07-01,13.45,13.75,13.27,13.7,381808
2014-07-02,13.61,13.74,13.34,13.41,198003
2014-07-03,13.49,13.66,13.42,13.6,68745
2014-07-07,13.62,13.66,13.34,13.35,112521
2014-07-08,13.29,13.35,12.72,12.92,368950
2014-07-09,12.86,12.91,12.41,12.62,222783
2014-07-10,12.37,12.37,12.0,12.24,340118
2014-07-11,12.26,12.44,12.11,12.2,98220
2014-07-14,12.33,12.58,12.23,12.57,82476
2014-07-15,12.54,12.79,12.53,12.65,109953
2014-07-16,12.77,12.8,12.59,12.63,107509
2014-07-17,12.49,12.6,12.22,12.25,136806
2014-07-18,12.23,12.48,12.19,12.38,68015
2014-07-21,12.34,12.46,12.12,12.27,99852
2014-07-22,12.35,12.95,12.27,12.93,157612
2014-07-23,12.9,13.13,12.75,12.98,147338
2014-07-24,12.93,13.3,12.86,12.98,182487
2014-07-25,12.91,13.2,12.76,13.08,73125
2014-07-28,13.1,13.17,12.56,12.67,136750
2014-07-29,12.73,13.12,12.03,12.45,256565
2014-07-30,12.5,13.12,12.42,12.93,460487
2014-07-31,10.44,11.7,9.26,10.8,1816630
2014-08-01,10.87,11.5,10.72,11.46,441914
2014-08-04,11.5,11.69,10.88,11.2,233539
2014-08-05,11.19,11.19,10.57,10.79,317445
2014-08-06,10.66,11.46,10.66,11.13,258311
2014-08-07,11.2,11.2,10.43,10.72,314311
2014-08-08,10.69,10.82,10.42,10.58,94169
2014-08-11,10.59,10.79,10.48,10.76,117159
2014-08-12,10.74,10.85,10.48,10.59,161554
2014-08-13,10.68,10.89,10.53,10.79,112217
2014-08-14,10.79,10.79,10.27,10.44,222155
2014-08-15,10.59,10.59,10.1,10.34,160903
2014-08-18,10.41,10.63,10.29,10.59,160245
2014-08-19,10.56,10.76,10.51,10.74,120571
2014-08-20,10.72,11.03,10.57,10.83,236132
2014-08-21,10.79,11.11,10.71,11.11,137669
2014-08-22,11.08,11.25,10.85,11.16,272129
2014-08-25,11.29,11.29,10.99,11.1,144521
2014-08-26,11.21,11.21,10.88,11.0,145047
2014-08-27,11.06,11.12,10.59,10.86,212574
2014-08-28,10.75,11.48,10.72,11.11,312921
2014-08-29,11.13,11.83,11.11,11.66,318006
2014-09-02,11.75,11.89,11.32,11.76,236878
2014-09-03,11.79,12.08,11.4,11.62,219543
2014-09-04,11.61,11.9,11.32,11.75,220394
2014-09-05,11.65,11.73,11.35,11.55,121650
2014-09-08,11.5,11.75,11.49,11.65,204406
2014-09-09,11.66,11.75,11.27,11.41,157225
2014-09-10,11.38,11.43,11.04,11.16,96862
2014-09-11,11.09,11.2,10.82,10.93,143619
2014-09-12,10.9,10.9,10.7,10.83,98031
2014-09-15,10.81,11.16,10.78,11.01,104003
2014-09-16,10.97,11.12,10.75,11.02,78384
2014-09-17,10.95,11.45,10.83,11.16,130518
2014-09-18,10.22,10.59,9.85,10.14,1564159
2014-09-19,10.15,10.31,9.9,10.0,176408
2014-09-22,9.93,9.97,9.55,9.71,355341
2014-09-23,9.57,9.59,9.27,9.44,310790
2014-09-24,9.26,9.79,9.0,9.76,415155
2014-09-25,9.65,9.65,9.23,9.45,209335
2014-09-26,9.4,9.57,9.25,9.56,186888
2014-09-29,9.46,9.46,9.16,9.37,175015
2014-09-30,9.3,9.3,8.99,9.11,312301
2014-10-01,9.0,9.08,8.55,8.66,348401
2014-10-02,8.44,8.57,7.87,8.48,541572
2014-10-03,8.45,8.45,7.86,8.06,399438
2014-10-06,8.07,8.15,7.98,8.0,272507
2014-10-07,8.0,8.1,7.83,7.9,348649
2014-10-08,6.54,6.59,4.35,4.55,5165911
2014-10-09,4.55,4.93,4.51,4.74,2740855
2014-10-10,4.73,4.78,4.1,4.21,1204056
2014-10-13,4.35,4.4,4.07,4.18,558474
2014-10-14,4.18,4.25,4.05,4.06,866889
2014-10-15,4.01,4.1,3.94,4.07,781705
2014-10-16,4.07,4.27,4.07,4.12,512786
2014-10-17,4.16,4.2,4.05,4.13,744474
2014-10-20,4.15,4.22,4.09,4.18,246046
2014-10-21,4.23,4.27,4.06,4.09,421831
2014-10-22,4.08,4.11,4.01,4.01,426876
2014-10-23,4.11,4.11,4.02,4.08,555864
2014-10-24,4.08,4.1,4.01,4.06,282543
2014-10-27,4.05,4.1,4.01,4.05,278691
2014-10-28,4.05,4.14,4.02,4.09,344619
2014-10-29,4.1,4.16,4.06,4.11,367218
2014-10-30,4.12,4.28,4.1,4.22,656710
2014-10-31,4.17,4.63,4.17,4.4,879282
2014-11-03,4.4,4.61,4.3,4.3,536424
2014-11-04,4.3,4.4,4.2,4.23,416282
2014-11-05,4.23,4.25,4.09,4.18,364006
2014-11-06,4.15,4.18,4.1,4.13,246935
2014-11-07,4.11,4.27,4.1,4.18,278640
2014-11-10,4.24,4.27,4.11,4.15,252146
2014-11-11,4.18,4.22,4.11,4.17,276448
2014-11-12,4.16,4.18,4.11,4.12,198938
2014-11-13,4.11,4.2,4.11,4.16,287661
2014-11-14,4.16,4.3,4.03,4.23,362340
2014-11-17,4.2,4.28,4.12,4.12,275416
2014-11-18,4.1,4.23,4.1,4.18,183014
2014-11-19,4.15,4.17,4.1,4.11,252945
2014-11-20,4.1,4.14,4.06,4.1,358977
2014-11-21,4.1,4.16,4.06,4.06,321954
2014-11-24,4.05,4.17,4.02,4.08,335490
2014-11-25,4.1,4.15,4.1,4.1,450990
2014-11-26,4.13,4.13,4.06,4.09,133765
2014-11-28,4.07,4.18,4.05,4.08,139509
2014-12-01,4.05,4.13,3.99,3.99,566356
2014-12-02,4.01,4.06,3.99,4.04,251927
2014-12-03,4.04,4.1,3.9,3.98,339184
2014-12-04,3.97,4.05,3.92,3.93,218261
2014-12-05,3.93,4.04,3.92,4.04,466243
2014-12-08,4.0,4.12,4.0,4.0,381210
2014-12-09,4.0,4.12,3.96,4.12,415632
2014-12-10,4.13,4.18,4.01,4.02,225707
2014-12-11,4.0,4.15,4.0,4.11,205570
2014-12-12,4.0,4.12,4.0,4.01,344026
2014-12-15,4.0,4.14,4.0,4.07,388500
2014-12-16,4.05,4.18,4.05,4.06,360493
2014-12-17,4.05,4.22,4.05,4.2,475274
2014-12-18,4.23,4.36,4.16,4.18,557225
2014-12-19,4.16,4.28,4.16,4.27,993808
2014-12-22,4.27,4.48,4.27,4.4,350493
2014-12-23,4.4,4.46,4.25,4.28,217110
2014-12-24,4.3,4.31,4.24,4.29,117119
2014-12-26,4.29,4.3,4.16,4.2,181873
2014-12-29,4.2,4.23,4.14,4.15,236448
2014-12-30,4.14,4.24,4.14,4.21,268752
2014-12-31,4.21,4.45,4.2,4.36,387368
2015-01-02,4.38,4.58,4.38,4.54,253170
2015-01-05,4.53,4.55,4.27,4.36,269930
2015-01-06,4.38,4.57,4.3,4.56,610130
2015-01-07,4.58,4.79,4.52,4.57,221827
2015-01-08,4.6,5.23,4.6,5.18,843293
2015-01-09,5.33,5.58,5.28,5.45,1068472
2015-01-12,5.41,5.52,5.02,5.07,394476
2015-01-13,5.13,5.24,4.83,4.94,335418
2015-01-14,5.05,5.19,4.85,4.95,281103
2015-01-15,4.97,5.01,4.66,4.77,260480
2015-01-16,4.75,4.94,4.75,4.89,226042
2015-01-20,4.91,5.16,4.82,5.01,221843
2015-01-21,5.02,5.22,4.95,5.0,319699
2015-01-22,5.0,5.06,4.86,4.96,183359
2015-01-23,4.97,5.42,4.97,5.37,247469
2015-01-26,5.37,5.47,5.1,5.21,359787
2015-01-27,5.23,5.36,5.1,5.2,200048
2015-01-28,5.26,5.34,4.82,4.87,338535
2015-01-29,4.85,4.94,4.6,4.7,333262
2015-01-30,4.7,4.88,4.65,4.8,344745
2015-02-02,4.82,4.86,4.72,4.78,407078
2015-02-03,4.8,5.15,4.8,5.02,686504
2015-02-04,4.99,5.04,4.72,4.81,229344
2015-02-05,4.83,4.98,4.76,4.77,265761
2015-02-06,4.77,5.01,4.77,4.94,257073
2015-02-09,4.96,5.04,4.8,4.93,348491
2015-02-10,4.95,4.96,4.7,4.89,576931
2015-02-11,4.5,4.5,3.96,4.01,1849109
2015-02-12,4.0,4.24,3.96,4.23,885563
2015-02-13,4.25,4.29,4.02,4.14,573063
2015-02-17,4.12,4.19,4.05,4.11,681937
2015-02-18,4.12,4.44,4.12,4.42,897677
2015-02-19,4.42,4.59,4.38,4.47,387905
2015-02-20,4.45,4.49,4.35,4.38,234586
2015-02-23,4.39,4.44,4.31,4.37,146038
2015-02-24,4.36,4.48,4.32,4.37,93073
2015-02-25,4.36,4.42,4.33,4.4,223558
2015-02-26,4.37,4.46,4.33,4.4,173205
2015-02-27,4.4,4.45,4.32,4.33,128129
2015-03-02,4.36,4.5,4.27,4.3,226923
2015-03-03,4.29,4.44,4.24,4.26,223169
2015-03-04,4.25,4.36,4.23,4.31,91424
2015-03-05,4.3,4.45,4.26,4.44,133345
2015-03-06,4.4,4.4,4.24,4.33,214317
2015-03-09,4.31,4.31,4.24,4.25,135984
2015-03-10,4.25,4.27,4.2,4.25,211557
2015-03-11,4.25,4.3,4.16,4.25,317213
2015-03-12,4.29,4.54,4.26,4.49,279414
2015-03-13,4.45,4.46,4.29,4.32,126616
2015-03-16,4.32,4.4,4.25,4.29,111540
2015-03-17,4.25,4.37,4.25,4.26,68538
2015-03-18,4.25,4.38,4.25,4.37,127206
2015-03-19,4.33,4.37,4.28,4.28,60926
2015-03-20,4.27,4.45,4.27,4.45,174122
2015-03-23,4.37,4.65,4.36,4.6,187343
2015-03-24,4.58,4.58,4.31,4.34,139460
2015-03-25,4.34,4.39,4.15,4.18,182586
2015-03-26,4.16,4.27,4.15,4.25,55557
2015-03-27,4.21,4.26,4.16,4.25,263178
2015-03-30,4.25,4.33,4.12,4.29,674967
2015-03-31,4.24,4.36,4.24,4.33,217395
2015-04-01,4.31,4.35,4.22,4.33,252055
2015-04-02,4.21,4.39,4.18,4.31,125461
2015-04-06,4.25,4.35,4.25,4.33,232573
2015-04-07,4.27,4.46,4.27,4.34,150147
2015-04-08,4.34,4.44,4.33,4.37,131072
2015-04-09,4.35,4.44,4.3,4.41,159631
2015-04-10,4.4,4.43,4.32,4.34,172976
2015-04-13,4.33,4.37,4.29,4.29,126951
2015-04-14,4.3,4.37,4.29,4.36,122492
2015-04-15,4.35,4.38,4.31,4.38,117346
2015-04-16,4.36,4.37,4.3,4.35,105661
2015-04-17,4.32,4.35,4.29,4.3,96639
2015-04-20,4.3,4.38,4.28,4.37,127097
2015-04-21,4.35,4.73,4.33,4.73,332602
2015-04-22,4.7,4.74,4.56,4.72,146297
2015-04-23,4.7,4.8,4.52,4.7,249831
2015-04-24,4.67,4.7,4.56,4.69,101471
2015-04-27,4.6,4.7,4.5,4.64,186505
2015-04-28,4.59,4.63,4.48,4.62,161486
2015-04-29,4.55,4.67,4.54,4.65,149631
2015-04-30,4.55,4.65,4.54,4.55,242449
2015-05-01,4.55,4.6,4.38,4.48,211415
2015-05-04,4.5,4.91,4.48,4.67,653394
2015-05-05,5.28,5.44,4.84,5.21,1080252
2015-05-06,5.21,5.3,4.99,5.29,365159
2015-05-07,5.23,5.25,5.1,5.2,283703
2015-05-08,5.18,5.25,5.11,5.18,273809
2015-05-11,5.15,5.3,5.1,5.23,300070
2015-05-12,5.15,5.5,5.14,5.5,479140
2015-05-13,5.45,5.55,5.36,5.49,399930
2015-05-14,5.45,5.54,5.32,5.42,301555
2015-05-15,5.4,5.53,5.37,5.46,242997
2015-05-18,5.65,6.13,5.58,5.93,1518549
2015-05-19,6.0,6.1,5.65,5.98,1182341
2015-05-20,6.0,6.15,5.86,6.1,659392
2015-05-21,6.0,6.33,5.95,6.2,834622
2015-05-22,6.09,6.28,6.0,6.14,499976
2015-05-26,6.1,6.24,5.7,6.18,639464
2015-05-27,6.08,6.45,6.04,6.43,544725
2015-05-28,6.4,6.41,6.15,6.32,527332
2015-05-29,6.3,6.3,6.01,6.05,614803
2015-06-01,6.1,6.1,5.81,5.86,1303821
2015-06-02,5.79,6.16,5.74,6.15,650722
2015-06-03,6.13,6.29,6.07,6.22,278044
2015-06-04,6.18,6.28,6.01,6.13,360454
2015-06-05,6.18,6.45,6.07,6.42,529004
2015-06-08,6.39,6.45,6.2,6.43,393738
2015-06-09,6.45,6.45,6.25,6.35,303226
2015-06-10,6.4,6.57,6.3,6.35,665643
2015-06-11,6.38,6.49,6.27,6.4,261836
2015-06-12,6.43,6.8,6.3,6.72,747903
2015-06-15,6.69,7.22,6.57,7.14,1482531
2015-06-16,7.14,7.2,6.9,7.05,747102
2015-06-17,7.0,7.14,6.99,7.1,440326
2015-06-18,7.1,7.24,7.05,7.2,536875
2015-06-19,7.15,7.38,7.08,7.09,384302
2015-06-22,7.11,7.31,7.07,7.14,290863
2015-06-23,7.14,7.19,6.87,7.03,390266
2015-06-24,6.98,7.12,6.88,6.94,260190
2015-06-25,6.93,6.97,6.86,6.93,392487
2015-06-26,6.86,6.97,6.56,6.66,2119331
2015-06-29,6.53,6.66,6.25,6.39,695753
2015-06-30,6.51,6.54,6.28,6.44,419310
2015-07-01,6.44,6.55,6.37,6.44,306032
2015-07-02,6.38,6.44,6.27,6.36,246018
2015-07-06,6.25,6.32,5.89,5.96,634478
2015-07-07,5.96,6.01,5.64,5.85,503793
2015-07-08,5.78,5.9,5.65,5.77,255656
2015-07-09,5.84,5.96,5.74,5.79,272733
2015-07-10,5.83,5.95,5.76,5.87,331664
2015-07-13,5.9,5.93,5.8,5.84,350534
2015-07-14,5.83,6.0,5.82,5.98,327202
2015-07-15,6.0,6.1,5.74,5.8,336067
2015-07-16,5.84,5.97,5.78,5.93,357277
2015-07-17,5.92,5.92,5.75,5.76,376332
2015-07-20,5.78,5.78,5.07,5.1,715147
2015-07-21,5.13,5.35,5.13,5.19,413953
2015-07-22,5.2,5.33,5.14,5.23,259165
2015-07-23,5.31,5.45,5.18,5.24,384824
2015-07-24,5.26,5.35,5.18,5.22,382047
2015-07-27,5.21,5.21,4.98,5.11,377947
2015-07-28,5.12,5.18,5.01,5.05,267083
2015-07-29,5.06,5.26,5.05,5.23,239473
2015-07-30,5.25,5.51,5.15,5.43,723999
2015-07-31,5.75,6.59,5.72,6.51,2215317
2015-08-03,6.48,6.99,6.42,6.92,1362396
2015-08-04,6.94,7.11,6.4,6.55,1193171
2015-08-05,6.63,7.0,6.54,6.81,637354
2015-08-06,6.82,6.95,6.59,6.65,411013
2015-08-07,6.85,7.0,6.69,6.92,723496
2015-08-10,6.99,7.05,6.76,6.95,689178
2015-08-11,6.95,7.37,6.78,7.17,1789289
2015-08-12,7.32,7.32,6.93,7.2,696039
2015-08-13,7.2,7.28,7.05,7.2,493837
2015-08-14,7.2,7.25,7.06,7.17,349459
2015-08-17,7.17,7.4,7.1,7.38,892490
2015-08-18,7.38,7.38,7.03,7.09,547796
2015-08-19,7.08,7.21,6.96,7.07,492263
2015-08-20,6.98,7.03,6.51,6.67,958692
2015-08-21,6.57,6.89,6.47,6.69,721048
2015-08-24,5.0,6.17,5.0,5.96,1347240
2015-08-25,6.16,6.49,6.05,6.06,688324
2015-08-26,6.24,6.55,6.18,6.53,516161
2015-08-27,6.6,6.81,6.48,6.69,286480
2015-08-28,6.66,6.82,6.61,6.72,260733
2015-08-31,6.62,6.81,6.55,6.64,299377
2015-09-01,6.46,6.57,6.32,6.36,385149
2015-09-02,6.45,6.55,6.3,6.47,414966
2015-09-03,6.49,6.69,6.45,6.52,212983
2015-09-04,6.41,6.58,6.36,6.4,203992
2015-09-08,6.51,6.75,6.51,6.75,306491
2015-09-09,6.79,6.96,6.55,6.57,398028
2015-09-10,6.56,6.64,6.37,6.51,362677
2015-09-11,6.49,6.69,6.4,6.58,330295
2015-09-14,6.59,6.65,6.46,6.51,223233
2015-09-15,6.5,6.69,6.44,6.59,193772
2015-09-16,6.58,6.66,6.41,6.52,230973
2015-09-17,6.52,6.81,6.45,6.64,382268
2015-09-18,6.55,6.94,6.54,6.66,1080903
2015-09-21,6.7,6.89,6.62,6.73,239397
2015-09-22,6.67,6.78,6.44,6.57,269899
2015-09-23,6.62,6.63,6.4,6.52,224826
2015-09-24,6.47,6.52,6.4,6.49,191311
2015-09-25,6.58,6.6,6.06,6.07,360814
2015-09-28,6.07,6.17,5.98,6.12,386178
2015-09-29,6.15,6.16,5.71,5.81,451442
2015-09-30,5.85,6.1,5.69,5.99,658107
2015-10-01,6.05,6.05,5.75,5.83,217243
2015-10-02,5.76,6.02,5.68,6.02,404474
2015-10-05,6.0,6.54,5.99,6.49,426763
2015-10-06,6.4,6.49,6.21,6.23,403190
2015-10-07,6.3,6.51,6.2,6.38,433171
2015-10-08,6.39,6.41,6.24,6.31,276296
2015-10-09,6.34,6.5,6.29,6.42,246068
2015-10-12,6.42,6.45,6.14,6.16,145956
2015-10-13,6.15,6.22,6.04,6.11,219547
2015-10-14,6.17,6.26,6.0,6.02,242113
2015-10-15,6.07,6.25,6.03,6.08,296163
2015-10-16,6.14,6.38,6.08,6.3,297631
2015-10-19,6.29,6.36,6.09,6.24,227337
2015-10-20,6.22,6.45,6.2,6.41,365888
2015-10-21,6.44,6.44,5.98,5.99,345216
2015-10-22,6.04,6.36,6.02,6.29,322455
2015-10-23,6.38,6.38,5.99,6.11,315589
2015-10-26,6.11,6.36,6.03,6.34,334742
2015-10-27,6.31,6.35,5.78,5.89,391852
2015-10-28,6.03,6.19,5.83,5.96,562505
2015-10-29,5.94,6.07,5.72,5.86,598179
2015-10-30,6.41,7.28,6.38,7.18,2729284
2015-11-02,7.18,7.97,7.04,7.69,1761544
2015-11-03,7.68,7.88,7.37,7.56,956399
2015-11-04,7.6,7.72,7.52,7.6,536173
2015-11-05,7.6,7.69,7.3,7.6,615906
2015-11-06,7.52,7.77,7.41,7.72,597695
2015-11-09,7.69,8.3,7.62,8.1,1259535
2015-11-10,8.06,8.1,7.68,7.8,495465
2015-11-11,7.93,8.1,7.79,7.79,389283
2015-11-12,7.74,8.0,7.66,7.89,335684
2015-11-13,7.85,7.91,7.43,7.46,530196
2015-11-16,7.43,7.67,7.4,7.65,298391
2015-11-17,7.63,7.63,7.44,7.44,223545
2015-11-18,7.5,7.64,7.31,7.62,592628
2015-11-19,7.59,7.77,7.57,7.6,310180
2015-11-20,7.63,7.78,7.5,7.69,333240
2015-11-23,7.64,7.8,7.58,7.8,301518
2015-11-24,7.76,7.8,7.61,7.67,160331
2015-11-25,7.7,7.76,7.6,7.66,185154
2015-11-27,7.64,7.7,7.59,7.69,146035
2015-11-30,7.69,7.74,7.62,7.71,539758
2015-12-01,7.72,7.88,7.59,7.85,463290
2015-12-02,7.87,7.88,7.55,7.63,368134
2015-12-03,7.68,7.68,7.35,7.4,264453
2015-12-04,7.43,7.5,7.38,7.47,297162
2015-12-07,7.42,7.5,7.3,7.37,259524
2015-12-08,7.32,7.39,7.3,7.35,174613
2015-12-09,7.3,7.34,6.85,7.03,553526
2015-12-10,7.03,7.1,6.94,7.06,374851
2015-12-11,6.92,7.05,6.7,6.71,405589
2015-12-14,6.75,6.75,6.54,6.72,270441
2015-12-15,6.76,6.84,6.7,6.81,185032
2015-12-16,6.87,6.94,6.71,6.86,226260
2015-12-17,6.88,6.97,6.76,6.76,201658
2015-12-18,6.71,6.82,6.62,6.67,521800
2015-12-21,6.7,6.75,6.55,6.64,307411
2015-12-22,6.64,6.78,6.6,6.65,219154
2015-12-23,6.66,6.79,6.6,6.68,250765
2015-12-24,6.71,6.72,6.6,6.65,112761
2015-12-28,6.62,6.7,6.58,6.63,205248
2015-12-29,6.63,6.86,6.6,6.76,305344
2015-12-30,6.71,6.88,6.61,6.65,200639
2015-12-31,6.65,6.66,6.53,6.56,340023
2016-01-04,6.5,6.51,6.3,6.36,367938
2016-01-05,6.4,6.47,6.35,6.45,288134
2016-01-06,6.35,6.44,6.26,6.31,212551
2016-01-07,6.27,6.33,6.02,6.06,246375
2016-01-08,6.07,6.18,5.95,5.97,298217
2016-01-11,6.02,6.07,5.92,6.02,257246
2016-01-12,6.1,6.25,5.96,6.11,258730
2016-01-13,6.13,6.27,6.0,6.01,268701
2016-01-14,6.02,6.29,5.83,6.21,286899
2016-01-15,5.98,5.98,5.6,5.9,520484
2016-01-19,5.95,6.04,5.73,5.78,320900
2016-01-20,5.67,5.79,5.41,5.74,308751
2016-01-21,5.75,5.92,5.65,5.81,254852
2016-01-22,5.92,6.03,5.88,6.0,237760
2016-01-25,5.95,6.0,5.62,5.64,249113
2016-01-26,5.71,5.87,5.59,5.78,178043
2016-01-27,5.74,5.79,5.61,5.64,267958
2016-01-28,5.75,5.8,5.55,5.57,306791
2016-01-29,5.58,5.93,5.55,5.92,282369
2016-02-01,5.9,5.9,5.71,5.77,255723
2016-02-02,5.74,5.76,5.55,5.56,290611
2016-02-03,5.61,5.66,5.52,5.58,210263
2016-02-04,5.56,5.65,5.35,5.57,299289
2016-02-05,5.55,5.58,5.35,5.35,419885
2016-02-08,5.3,5.35,4.88,4.99,647353
2016-02-09,4.84,5.17,4.84,4.92,589284
2016-02-10,5.64,6.23,5.55,5.66,1639333
2016-02-11,5.47,5.87,5.3,5.47,719759
2016-02-12,5.63,5.66,5.38,5.52,388075
2016-02-16,5.59,5.7,5.46,5.66,390565
2016-02-17,5.74,5.94,5.73,5.92,443630
2016-02-18,5.9,5.98,5.82,5.84,182578
2016-02-19,5.82,6.06,5.8,6.02,401000
2016-02-22,6.06,6.22,6.06,6.16,231423
2016-02-23,6.12,6.16,5.98,6.04,265370
2016-02-24,6.0,6.16,5.83,6.15,211495
2016-02-25,6.19,6.2,6.07,6.19,175180
2016-02-26,6.2,6.3,5.9,5.98,480096
2016-02-29,5.99,6.21,5.96,6.16,390566
2016-03-01,6.21,6.49,6.18,6.47,476566
2016-03-02,6.47,6.62,6.46,6.61,283811
2016-03-03,6.61,6.65,6.44,6.52,321478
2016-03-04,6.52,6.6,6.39,6.42,282679
2016-03-07,6.32,6.53,6.32,6.48,261973
2016-03-08,6.39,6.46,6.31,6.34,221817
2016-03-09,6.37,6.44,6.29,6.36,158199
2016-03-10,6.35,6.37,6.03,6.05,327321
2016-03-11,6.16,6.43,6.11,6.39,244060
2016-03-14,6.35,6.35,6.12,6.16,188063
2016-03-15,6.1,6.17,5.85,5.96,411241
2016-03-16,5.94,6.11,5.94,6.04,311680
2016-03-17,6.03,6.18,5.94,6.13,316991
2016-03-18,6.18,6.24,6.12,6.13,412254
2016-03-21,6.09,6.18,6.07,6.11,197079
2016-03-22,6.08,6.13,6.01,6.03,205494
2016-03-23,5.95,6.09,5.85,5.9,172969
2016-03-24,5.85,5.91,5.77,5.87,127882
2016-03-28,5.88,5.91,5.79,5.86,96937
2016-03-29,5.82,6.12,5.78,6.03,273839
2016-03-30,6.09,6.13,5.92,6.06,222623
2016-03-31,6.03,6.06,5.92,5.92,205057
2016-04-01,5.87,6.14,5.87,6.13,256880
2016-04-04,6.11,6.13,5.97,6.01,178688
2016-04-05,5.94,5.99,5.9,5.91,155449
2016-04-06,5.92,6.06,5.88,6.06,161162
2016-04-07,6.01,6.03,5.86,5.87,251083
2016-04-08,5.92,6.0,5.65,5.74,379207
2016-04-11,5.76,5.86,5.61,5.79,273530
2016-04-12,5.78,5.92,5.7,5.85,304846
2016-04-13,5.9,6.21,5.86,6.19,429497
2016-04-14,6.17,6.18,6.05,6.17,248377
2016-04-15,6.14,6.17,6.02,6.16,286227
2016-04-18,6.09,6.16,6.04,6.14,258618
2016-04-19,6.18,6.32,6.1,6.25,305040
2016-04-20,6.26,6.44,6.25,6.41,238414
2016-04-21,6.47,6.51,6.39,6.43,407111
2016-04-22,6.42,6.54,6.42,6.47,266647
2016-04-25,6.5,6.5,6.05,6.4,410628
2016-04-26,6.42,6.5,6.37,6.46,198472
2016-04-27,6.49,6.68,6.49,6.61,370065
2016-04-28,6.56,6.78,6.56,6.67,779244
2016-04-29,6.34,6.43,5.87,5.97,968332
2016-05-02,5.9,6.2,5.9,6.17,787747
2016-05-03,6.06,6.28,6.0,6.05,655984
2016-05-04,6.02,6.16,5.95,6.01,522063
2016-05-05,6.07,6.11,6.0,6.09,332707
2016-05-06,6.03,6.08,5.93,6.06,299198
2016-05-09,6.09,6.14,6.01,6.07,358693
2016-05-10,6.13,6.2,6.05,6.19,373530
2016-05-11,6.15,6.35,6.15,6.21,332936
2016-05-12,6.26,6.3,6.12,6.18,263058
2016-05-13,6.19,6.28,6.16,6.2,239722
2016-05-16,6.18,6.33,6.18,6.25,300338
2016-05-17,6.25,6.25,6.08,6.12,372135
2016-05-18,6.12,6.21,6.07,6.17,204109
2016-05-19,6.12,6.16,6.0,6.05,172464
2016-05-20,6.06,6.23,6.02,6.22,243121
2016-05-23,6.15,6.22,6.1,6.13,276705
2016-05-24,6.2,6.35,6.16,6.34,474259
2016-05-25,6.31,6.44,6.27,6.35,265819
2016-05-26,6.36,6.38,6.28,6.32,228062
2016-05-27,6.3,6.4,6.24,6.37,183493
2016-05-31,6.4,6.46,6.37,6.46,349426
2016-06-01,6.4,6.65,6.39,6.64,381054
2016-06-02,6.56,6.75,6.56,6.75,324929
2016-06-03,6.73,6.73,6.6,6.67,233520
2016-06-06,6.67,6.8,6.66,6.76,328428
2016-06-07,6.73,6.83,6.7,6.8,361300
2016-06-08,6.8,6.96,6.76,6.92,372806
2016-06-09,6.9,6.91,6.81,6.87,193514
2016-06-10,6.76,6.94,6.76,6.81,392132
2016-06-13,6.79,6.83,6.64,6.66,197584
2016-06-14,6.62,6.69,6.46,6.49,274125
2016-06-15,6.52,6.72,6.49,6.57,303012
2016-06-16,6.53,6.6,6.44,6.56,207326
2016-06-17,6.51,6.59,6.43,6.51,413024
2016-06-20,6.64,6.78,6.61,6.61,261119
2016-06-21,6.65,6.71,6.51,6.57,225769
2016-06-22,6.57,6.63,6.49,6.49,159482
2016-06-23,6.6,6.66,6.53,6.62,243907
2016-06-24,6.34,6.4,6.25,6.34,1351094
2016-06-27,6.21,6.26,6.05,6.07,509078
2016-06-28,6.16,6.29,6.12,6.2,413941
2016-06-29,6.25,6.39,6.23,6.36,307693
2016-06-30,6.38,6.48,6.36,6.47,293216
2016-07-01,6.5,6.6,6.47,6.58,286904
2016-07-05,6.58,6.64,6.45,6.52,277012
2016-07-06,6.41,6.63,6.34,6.58,216178
2016-07-07,6.51,6.77,6.51,6.74,322113
2016-07-08,6.78,6.99,6.75,6.93,463759
2016-07-11,6.94,7.06,6.94,7.03,331502
2016-07-12,7.06,7.13,6.97,7.09,443696
2016-07-13,7.06,7.17,7.01,7.02,294235
2016-07-14,7.08,7.12,6.94,6.94,231110
2016-07-15,6.99,7.0,6.9,6.91,211566
2016-07-18,6.93,7.03,6.91,6.99,177343
2016-07-19,7.0,7.0,6.86,6.86,205039
2016-07-20,6.93,6.94,6.83,6.89,382592
2016-07-21,6.91,7.0,6.89,6.91,368204
2016-07-22,6.94,7.07,6.91,7.05,288739
2016-07-25,7.08,7.17,7.03,7.15,263887
2016-07-26,7.07,7.34,7.06,7.32,455042
2016-07-27,7.36,7.53,7.36,7.51,583756
2016-07-28,7.53,7.6,7.5,7.56,573340
2016-07-29,7.56,7.95,7.46,7.82,812280
2016-08-01,7.83,8.0,7.78,8.0,442673
2016-08-02,7.97,8.0,7.83,7.94,554533
2016-08-03,7.96,7.96,7.63,7.68,705753
2016-08-04,7.69,7.83,7.53,7.8,507379
2016-08-05,7.84,7.94,7.76,7.91,505132
2016-08-08,7.85,7.99,7.85,7.9,341921
2016-08-09,7.93,8.0,7.9,7.98,439817
2016-08-10,7.99,8.0,7.78,7.82,614554
2016-08-11,7.87,8.0,7.84,7.99,498898
2016-08-12,7.95,8.19,7.94,8.19,655864
2016-08-15,8.24,8.64,8.21,8.51,897093
2016-08-16,8.49,8.68,8.45,8.68,586504
2016-08-17,8.65,9.18,8.65,9.05,1991875
2016-08-18,9.0,9.36,9.0,9.3,922172
2016-08-19,9.31,9.68,9.28,9.68,1469121
2016-08-22,9.63,9.86,9.47,9.84,757774
2016-08-23,9.86,9.9,9.64,9.77,677370
2016-08-24,9.71,9.85,9.57,9.66,702456
2016-08-25,9.56,9.83,9.52,9.76,793140
2016-08-26,9.68,9.88,9.68,9.85,527024
2016-08-29,9.9,10.26,9.87,10.1,1222373
2016-08-30,10.18,10.24,10.02,10.24,693610
2016-08-31,10.15,10.21,9.72,9.85,712908
2016-09-01,9.79,10.0,9.79,9.93,506490
2016-09-02,10.03,10.12,9.96,10.07,465262
2016-09-06,9.97,10.24,9.97,10.09,589334
2016-09-07,10.1,10.22,10.08,10.22,657733
2016-09-08,10.24,10.28,10.14,10.2,320386
2016-09-09,10.11,10.25,9.83,9.9,490423
2016-09-12,9.85,10.23,9.66,10.17,612026
2016-09-13,10.07,10.11,9.56,9.81,534326
2016-09-14,9.82,10.03,9.78,9.92,306041
2016-09-15,9.95,10.35,9.94,10.22,580393
2016-09-16,10.15,10.25,10.1,10.2,421085
2016-09-19,10.26,10.44,10.19,10.39,492283
2016-09-20,10.41,10.49,10.28,10.28,274643
2016-09-21,10.33,10.5,10.24,10.49,291584
2016-09-22,10.52,10.64,10.43,10.54,559364
2016-09-23,10.53,10.62,10.36,10.53,329477
2016-09-26,10.5,10.5,10.27,10.31,247765
2016-09-27,10.35,10.61,10.32,10.59,412765
2016-09-28,10.54,10.65,10.46,10.6,256911
2016-09-29,10.59,10.66,10.42,10.5,267511
2016-09-30,10.53,10.86,10.46,10.69,671743
2016-10-03,10.69,10.78,10.58,10.77,309342
2016-10-04,10.71,10.86,10.61,10.64,241089
2016-10-05,9.96,10.06,9.74,9.81,1243267
2016-10-06,9.71,9.77,9.52,9.75,438231
2016-10-07,9.74,10.28,9.62,9.92,503506
2016-10-10,9.86,10.1,9.86,10.08,255949
2016-10-11,10.06,10.06,9.62,9.67,265255
2016-10-12,9.7,9.82,9.44,9.54,251529
2016-10-13,9.49,9.5,9.35,9.45,253017
2016-10-14,9.48,9.54,9.35,9.39,345121
2016-10-17,9.39,9.53,9.39,9.5,169389
2016-10-18,9.58,9.71,9.4,9.44,192464
2016-10-19,9.5,9.6,9.41,9.47,187110
2016-10-20,9.41,9.56,9.41,9.46,158371
2016-10-21,9.4,9.58,9.31,9.5,245253
2016-10-24,9.5,9.64,9.46,9.49,528840
2016-10-25,9.46,9.54,8.92,9.05,739971
2016-10-26,9.06,9.21,8.97,9.08,371619
2016-10-27,9.22,9.26,8.97,8.99,465698
2016-10-28,8.25,8.28,6.35,7.47,3750311
2016-10-31,7.88,7.9,7.3,7.66,1494001
2016-11-01,7.66,7.83,7.47,7.65,815961
2016-11-02,7.59,7.82,7.56,7.63,436846
2016-11-03,7.63,7.67,7.45,7.49,492131
2016-11-04,7.52,7.58,7.39,7.44,522064
2016-11-07,7.67,7.7,7.58,7.64,568699
2016-11-08,7.64,7.74,7.58,7.64,484398
2016-11-09,7.51,7.74,7.4,7.7,567494
2016-11-10,7.79,7.94,7.58,7.73,393580
2016-11-11,7.72,8.03,7.7,7.84,567255
2016-11-14,7.95,8.1,7.89,8.0,354085
2016-11-15,8.0,8.04,7.81,7.91,440113
2016-11-16,7.9,7.98,7.82,7.94,213394
2016-11-17,8.0,8.28,7.98,8.27,586037
2016-11-18,8.28,8.33,8.14,8.23,291880
2016-11-21,8.22,8.39,8.22,8.35,273672
2016-11-22,8.67,8.72,8.5,8.56,639281
2016-11-23,8.6,8.62,8.45,8.45,507787
2016-11-25,8.46,8.6,8.43,8.6,223016
2016-11-28,8.6,8.65,8.19,8.21,438066
2016-11-29,8.25,8.63,8.21,8.37,607598
2016-11-30,8.44,8.44,8.13,8.2,467264
2016-12-01,8.19,8.22,7.86,7.93,474478
2016-12-02,7.93,8.02,7.74,7.92,367580
2016-12-05,7.99,8.2,7.94,8.02,371325
2016-12-06,8.06,8.19,7.91,8.15,317428
2016-12-07,8.17,8.19,7.96,8.04,421908
2016-12-08,8.02,8.26,7.98,8.14,482010
2016-12-09,8.19,8.29,8.04,8.12,244651
2016-12-12,8.09,8.13,7.92,7.94,265106
2016-12-13,8.05,8.59,8.03,8.37,1339690
2016-12-14,8.35,8.6,8.29,8.56,866465
2016-12-15,8.57,8.84,8.53,8.68,1049643
2016-12-16,8.77,8.91,8.56,8.69,2089810
2016-12-19,8.69,8.8,8.57,8.64,348595
2016-12-20,8.7,8.98,8.67,8.82,478478
2016-12-21,8.78,8.85,8.63,8.8,300660
2016-12-22,8.83,8.86,8.52,8.54,275457
2016-12-23,8.52,8.72,8.52,8.66,168744
2016-12-27,8.6,8.72,8.59,8.64,151687
2016-12-28,8.62,8.65,8.32,8.34,352386
2016-12-29,8.39,8.5,8.33,8.4,246056
2016-12-30,8.43,8.43,8.27,8.31,389411
2017-01-03,8.4,8.62,8.33,8.42,295681
2017-01-04,8.42,8.71,8.41,8.71,377847
2017-01-05,8.59,8.77,8.46,8.55,288356
2017-01-06,8.57,8.57,8.4,8.5,242753
2017-01-09,8.51,8.67,8.43,8.54,220912
2017-01-10,8.53,8.75,8.52,8.66,270407
2017-01-11,8.65,8.72,8.55,8.57,187457
2017-01-12,8.54,8.62,8.31,8.39,320858
2017-01-13,8.4,8.55,8.4,8.45,295955
2017-01-17,8.45,8.49,8.11,8.17,521350
2017-01-18,8.2,8.24,8.12,8.18,357287
2017-01-19,8.18,8.24,8.07,8.13,236818
2017-01-20,8.13,8.2,7.94,8.0,486592
2017-01-23,8.0,8.03,7.82,7.94,318157
2017-01-24,7.9,8.21,7.9,8.16,293652
2017-01-25,8.25,8.32,8.14,8.16,203567
2017-01-26,8.15,8.17,7.86,7.89,362944
2017-01-27,7.9,8.17,7.9,7.96,362247
2017-01-30,7.87,7.96,7.79,7.84,346847
2017-01-31,7.79,8.0,7.77,7.97,249150
2017-02-01,8.01,8.14,7.89,7.93,174173
2017-02-02,7.88,7.88,7.66,7.72,656419
2017-02-03,7.78,7.93,7.75,7.92,426951
2017-02-06,7.86,7.98,7.86,7.95,278386
2017-02-07,7.95,8.3,7.95,8.15,397451
2017-02-08,8.17,8.3,8.03,8.3,487653
2017-02-09,8.31,8.69,8.31,8.6,914824
2017-02-10,9.01,9.87,9.01,9.52,1769491
2017-02-13,9.54,9.94,9.52,9.78,875223
2017-02-14,9.78,9.87,9.58,9.72,453854
2017-02-15,9.64,9.78,9.55,9.74,385369
2017-02-16,9.8,9.8,9.6,9.76,276792
2017-02-17,9.65,9.69,9.41,9.5,691041
2017-02-21,9.47,9.59,9.39,9.55,347257
2017-02-22,9.48,9.66,9.41,9.52,433638
2017-02-23,9.58,9.6,9.32,9.46,321191
2017-02-24,9.35,9.56,9.35,9.47,391689
2017-02-27,9.5,9.73,9.44,9.65,820753
2017-02-28,9.62,9.65,9.4,9.46,448913
2017-03-01,9.59,9.73,9.48,9.56,547717
2017-03-02,9.57,9.62,9.46,9.48,363997
2017-03-03,9.47,9.58,9.34,9.55,577124
2017-03-06,9.46,9.46,9.08,9.11,672208
2017-03-07,9.05,9.32,9.05,9.19,330550
2017-03-08,9.24,9.25,9.1,9.12,242774
2017-03-09,9.14,9.2,9.05,9.11,342015
2017-03-10,9.18,9.23,9.1,9.15,215485
2017-03-13,9.12,9.19,9.09,9.1,273627
2017-03-14,9.05,9.07,8.96,9.02,260463
2017-03-15,9.04,9.19,8.98,9.18,377524
2017-03-16,9.21,9.27,9.2,9.25,202891
2017-03-17,9.26,9.34,9.18,9.25,467779
2017-03-20,9.18,9.31,9.11,9.22,230209
2017-03-21,9.3,9.39,9.21,9.23,360495
2017-03-22,9.21,9.26,9.11,9.22,250707
2017-03-23,9.24,9.29,9.13,9.16,289701
2017-03-24,9.24,9.3,9.14,9.18,226362
2017-03-27,9.07,9.19,9.03,9.13,211375
2017-03-28,9.08,9.14,8.99,9.01,163038
2017-03-29,9.0,9.04,8.94,8.96,159002
2017-03-30,8.96,9.08,8.86,9.0,260988
2017-03-31,9.0,9.17,8.94,9.15,276968
2017-04-03,9.05,9.24,9.01,9.17,345770
2017-04-04,9.12,9.2,8.93,8.96,279684
2017-04-05,9.02,9.15,8.8,8.84,335692
2017-04-06,8.8,8.9,8.53,8.89,274464
2017-04-07,8.84,8.91,8.8,8.91,228572
2017-04-10,8.88,9.01,8.75,8.84,319870
2017-04-11,8.8,8.96,8.79,8.91,175363
2017-04-12,8.89,8.99,8.78,8.84,216385
2017-04-13,8.83,8.88,8.72,8.72,153735
2017-04-17,8.71,8.84,8.71,8.79,159030
2017-04-18,8.75,8.8,8.71,8.72,228308
2017-04-19,8.75,8.86,8.7,8.75,225610
2017-04-20,8.77,8.88,8.7,8.78,263958
2017-04-21,8.75,8.86,8.74,8.81,225354
2017-04-24,8.93,8.99,8.83,8.92,358063
2017-04-25,8.99,9.15,8.99,9.02,384792
2017-04-26,9.02,9.23,9.01,9.17,458679
2017-04-27,9.15,9.58,9.11,9.55,897612
2017-04-28,9.43,9.75,7.75,8.1,2195392
2017-05-01,8.07,8.13,7.84,7.97,801278
2017-05-02,7.96,8.12,7.9,7.94,618925
2017-05-03,7.9,8.02,7.87,7.9,371326
2017-05-04,7.98,8.11,7.9,8.03,496997
2017-05-05,8.02,8.19,7.92,8.15,320182
2017-05-08,8.14,8.24,8.06,8.16,314145
2017-05-09,8.18,8.26,8.14,8.18,307135
2017-05-10,8.18,8.25,8.14,8.14,188745
2017-05-11,8.13,8.25,8.11,8.21,274679
2017-05-12,8.17,8.28,8.17,8.25,239142
2017-05-15,8.28,8.49,8.26,8.35,488702
2017-05-16,8.41,8.45,8.25,8.3,425207
2017-05-17,8.25,8.27,8.03,8.18,818991
2017-05-18,8.14,8.22,8.03,8.16,435034
2017-05-19,8.2,8.31,8.06,8.28,542305
2017-05-22,8.25,8.36,8.08,8.35,309850
2017-05-23,8.39,8.55,8.3,8.37,353643
2017-05-24,8.4,8.44,8.28,8.3,193552
2017-05-25,8.33,8.37,8.16,8.17,281971
2017-05-26,8.18,8.42,8.08,8.41,270802
2017-05-30,8.36,8.42,8.29,8.36,356479
2017-05-31,8.35,8.42,8.06,8.17,377447
2017-06-01,8.15,8.45,8.15,8.44,369011
2017-06-02,8.44,8.58,8.41,8.42,385765
2017-06-05,8.46,8.46,8.32,8.36,210212
2017-06-06,8.35,8.5,8.28,8.43,382078
2017-06-07,8.38,8.43,8.28,8.35,327342
2017-06-08,8.38,8.77,8.3,8.74,790455
2017-06-09,8.75,8.88,8.34,8.48,571238
2017-06-12,8.42,8.74,8.33,8.5,614965
2017-06-13,8.55,8.61,8.45,8.49,269448
2017-06-14,8.46,8.54,8.4,8.42,240251
2017-06-15,8.35,8.43,8.29,8.29,216244
2017-06-16,8.25,8.43,8.25,8.3,689998
2017-06-19,8.36,8.48,8.35,8.45,352703
2017-06-20,8.46,8.59,8.4,8.4,188635
2017-06-21,8.4,8.52,8.37,8.44,313053
2017-06-22,8.49,8.58,8.42,8.5,224634
2017-06-23,8.5,8.54,8.38,8.53,771664
2017-06-26,8.48,8.58,8.39,8.48,397957
2017-06-27,8.46,8.5,8.3,8.4,293175
2017-06-28,8.42,8.85,8.4,8.74,810122
2017-06-29,8.7,8.7,8.34,8.46,575754
2017-06-30,8.46,8.47,8.34,8.44,397258
2017-07-03,8.45,8.45,8.14,8.25,338864
2017-07-05,8.25,8.27,8.06,8.14,339447
2017-07-06,8.06,8.12,7.93,8.0,356661
2017-07-07,7.99,8.14,7.99,8.09,255422
2017-07-10,8.1,8.12,7.94,8.06,365452
2017-07-11,8.05,8.28,8.05,8.21,522071
2017-07-12,8.21,8.36,8.2,8.21,317407
2017-07-13,8.2,8.3,8.05,8.24,561626
2017-07-14,7.01,7.08,6.52,6.92,5334043
2017-07-17,6.93,7.05,6.87,7.01,1720143
2017-07-18,7.0,7.02,6.94,6.96,852905
2017-07-19,7.0,7.16,6.96,7.03,976939
2017-07-20,7.01,7.01,6.81,6.84,633456
2017-07-21,6.9,6.92,6.65,6.7,853185
2017-07-24,6.74,6.74,6.53,6.58,775274
2017-07-25,6.65,6.65,6.47,6.49,833790
2017-07-26,6.51,6.53,6.25,6.37,1016839
2017-07-27,6.36,6.4,6.16,6.31,945585
2017-07-28,6.15,7.3,6.09,7.18,2653612
2017-07-31,,,,7.07,1264482
2017-08-01,7.1,7.27,7.1,7.17,720424
