Date,Open,High,Low,Close,Volume
2015-06-11,400.0,405.0,399.84,399.84,8220
2015-06-12,395.0,395.0,376.91,376.91,500
2015-06-15,,,,376.91,0
2015-06-17,393.2,396.71,393.2,395.0,31381
2015-06-18,395.0,396.0,395.0,396.0,900
2015-06-19,396.0,397.2,395.0,397.2,1953
2015-06-22,397.0,420.0,397.0,420.0,9759
2015-06-23,420.0,430.0,420.0,430.0,3573
2015-06-24,435.0,435.0,429.5,430.0,16470
2015-06-25,,,,430.0,0
2015-06-26,,,,430.0,0
2015-06-29,,,,430.0,0
2015-06-30,430.0,430.05,425.5,425.5,41159
2015-07-01,450.48,450.48,380.0,399.0,142441
2015-07-02,401.51,409.5,395.39,399.71,205104
2015-07-06,395.0,404.92,392.37,395.75,142779
2015-07-07,395.87,400.0,393.81,393.81,80937
2015-07-08,390.01,400.0,365.0,380.5,116956
2015-07-09,384.0,393.38,382.02,382.73,86907
2015-07-10,387.0,392.04,382.59,383.8,168693
2015-07-13,386.03,391.0,382.05,387.9,69619
2015-07-14,390.01,394.43,384.42,390.36,87622
2015-07-15,391.0,396.74,388.21,394.68,86766
2015-07-16,392.2,397.72,390.91,396.5,121224
2015-07-17,397.0,401.8,392.48,399.84,226061
2015-07-20,400.33,405.0,393.01,393.56,45253
2015-07-21,393.01,400.57,388.46,399.99,36437
2015-07-22,399.0,402.49,391.4,397.16,307065
2015-07-23,398.03,401.89,398.0,400.49,73057
2015-07-24,408.14,424.6,402.5,422.72,159973
2015-07-27,418.97,420.9,408.42,412.65,30656
2015-07-28,407.61,412.81,405.97,409.61,38716
2015-07-29,404.0,416.38,404.0,416.04,25288
2015-07-30,415.0,416.0,410.0,412.73,20005
2015-07-31,415.9,416.0,410.0,415.22,27675
2015-08-03,414.86,419.18,412.7,416.6,41640
2015-08-04,415.6,417.0,407.49,414.62,44091
2015-08-05,434.82,440.18,411.52,417.0,38542
2015-08-06,414.93,420.63,409.95,415.53,51527
2015-08-07,412.6,418.77,412.6,415.42,70833
2015-08-10,417.04,436.05,415.48,430.3,31293
2015-08-11,427.21,430.0,427.21,427.54,10525
2015-08-12,424.82,430.0,417.51,425.61,15638
2015-08-13,426.46,430.97,420.65,424.95,31488
2015-08-14,425.0,437.97,420.25,424.25,14563
2015-08-17,425.25,444.51,425.08,440.0,37796
2015-08-18,427.41,439.46,427.41,439.03,6837
2015-08-19,436.55,439.96,430.01,432.88,15017
2015-08-20,430.29,442.91,423.5,424.9,29818
2015-08-21,422.01,430.0,405.0,419.75,72964
2015-08-24,401.3,418.12,396.98,409.99,74265
2015-08-25,411.1,422.1,411.1,413.23,35839
2015-08-26,421.0,428.36,411.0,413.92,22552
2015-08-27,419.05,431.54,413.37,416.01,20903
2015-08-28,415.86,422.99,410.0,418.18,12299
2015-08-31,413.0,427.7,411.02,415.34,23574
2015-09-01,416.85,420.19,406.15,410.73,62468
2015-09-02,414.39,419.15,386.4,405.93,61762
2015-09-03,405.4,416.2,405.0,408.91,22807
2015-09-04,406.57,416.23,400.43,415.63,34889
2015-09-08,419.64,427.89,419.64,425.0,21430
2015-09-09,433.78,434.81,424.21,427.43,10444
2015-09-10,427.87,432.47,411.02,412.86,14708
2015-09-11,409.62,419.0,401.01,417.57,38082
2015-09-14,417.0,421.22,411.11,420.08,11419
2015-09-15,418.9,430.19,415.13,420.08,19008
2015-09-16,419.08,424.71,414.1,422.01,57340
2015-09-17,421.87,441.62,421.87,424.36,77387
2015-09-18,420.0,428.94,420.0,423.92,102924
2015-09-21,424.0,428.08,418.0,426.86,33139
2015-09-22,421.23,437.98,419.64,433.51,22050
2015-09-23,434.49,442.0,430.52,434.7,15420
2015-09-24,431.96,436.59,423.26,424.51,31724
2015-09-25,427.76,438.29,423.99,426.85,52877
2015-09-28,427.1,441.5,425.95,427.98,56696
2015-09-29,428.98,436.0,427.0,427.71,30379
2015-09-30,430.45,435.0,418.0,419.42,48641
2015-10-01,420.49,435.98,420.0,428.36,40735
2015-10-02,426.99,436.44,426.29,431.0,48625
2015-10-05,432.85,433.0,420.0,429.0,111422
2015-10-06,426.99,427.47,414.64,416.59,26237
2015-10-07,418.05,433.0,413.64,427.86,35335
2015-10-08,430.5,430.5,420.01,421.96,24329
2015-10-09,422.33,429.78,422.33,429.16,11432
2015-10-12,429.84,438.45,426.9,438.28,12131
2015-10-13,439.25,440.3,432.23,433.26,13210
2015-10-14,435.72,439.96,430.26,435.01,12087
2015-10-15,434.92,441.81,433.35,440.0,21248
2015-10-16,440.04,448.69,440.04,443.48,19612
2015-10-19,440.0,446.76,440.0,442.4,9447
2015-10-20,444.5,444.5,432.39,434.97,17821
2015-10-21,430.42,430.42,422.6,425.09,19218
2015-10-22,441.5,441.5,413.77,421.42,38120
2015-10-23,420.81,425.76,417.29,424.28,22586
2015-10-26,425.26,440.31,423.61,432.43,18018
2015-10-27,434.11,436.59,422.4,427.76,36524
2015-10-28,428.0,436.48,427.12,436.33,18397
2015-10-29,434.1,436.0,429.0,434.1,21026
2015-10-30,435.42,442.49,430.28,433.44,17672
2015-11-02,435.0,448.0,430.06,444.61,39256
2015-11-03,444.6,444.6,437.32,439.56,14286
2015-11-04,442.09,442.49,438.06,439.35,37355
2015-11-05,439.35,441.2,430.01,437.01,25993
2015-11-06,436.0,458.0,436.0,457.95,16883
2015-11-09,456.54,474.99,455.6,474.5,21852
2015-11-10,472.27,492.81,456.45,490.48,26843
2015-11-11,490.0,492.05,474.97,478.57,20962
2015-11-12,476.82,478.34,472.03,474.51,18325
2015-11-13,460.46,475.0,460.46,468.99,15904
2015-11-16,461.0,475.4,461.0,471.46,14935
2015-11-17,472.29,474.1,464.67,469.83,10596
2015-11-18,468.9,469.0,460.62,465.35,17373
2015-11-19,464.51,464.51,451.54,454.54,11588
2015-11-20,455.5,456.78,435.5,440.64,22905
2015-11-23,437.59,455.78,437.59,450.97,39822
2015-11-24,446.72,453.95,445.0,449.78,31676
2015-11-25,450.0,450.0,439.88,441.18,9845
2015-11-27,439.13,446.47,436.84,446.47,10295
2015-11-30,445.83,446.35,442.0,446.26,17503
2015-12-01,448.1,460.08,448.1,451.1,39627
2015-12-02,451.8,459.99,448.49,456.88,20638
2015-12-03,450.69,454.0,430.99,432.97,33730
2015-12-04,436.59,448.95,427.91,441.56,34925
2015-12-07,439.07,444.0,439.07,443.48,23633
2015-12-08,441.0,445.0,434.11,436.05,29233
2015-12-09,437.47,441.87,429.26,431.95,29021
2015-12-10,434.85,439.89,433.9,437.22,18445
2015-12-11,439.6,441.1,435.28,440.42,22929
2015-12-14,439.0,446.01,436.36,438.21,29868
2015-12-15,439.86,453.43,429.4,430.32,30952
2015-12-16,427.71,437.89,420.5,435.39,26015
2015-12-17,433.98,452.38,420.76,448.99,32779
2015-12-18,445.16,447.7,430.02,436.56,57890
2015-12-21,435.43,442.06,420.7,436.93,30979
2015-12-22,437.48,441.24,430.34,431.0,21022
2015-12-23,433.26,435.0,420.06,429.59,24890
2015-12-24,430.78,438.6,425.85,435.03,20561
2015-12-28,436.17,456.86,435.34,449.62,23485
2015-12-29,454.0,460.1,437.0,440.25,27739
2015-12-30,442.81,447.98,427.01,438.18,21106
2015-12-31,434.11,448.86,430.05,433.66,39966
2016-01-04,428.42,438.35,419.51,431.67,42112
2016-01-05,431.03,437.71,423.21,429.74,26924
2016-01-06,426.8,440.36,419.06,434.0,83932
2016-01-07,426.98,440.38,422.27,424.18,37746
2016-01-08,424.18,432.0,420.0,423.4,37272
2016-01-11,425.71,439.78,417.0,427.4,31381
2016-01-12,424.44,429.33,421.85,425.0,24939
2016-01-13,425.0,428.24,418.0,419.62,60991
2016-01-14,423.74,427.47,417.02,420.5,38639
2016-01-15,416.56,424.43,409.25,421.36,43427
2016-01-19,422.35,424.28,414.57,420.83,21431
2016-01-20,415.78,416.26,405.52,410.04,36751
2016-01-21,413.11,422.87,408.89,408.89,37529
2016-01-22,410.3,422.22,410.3,421.95,25165
2016-01-25,421.0,431.48,417.0,425.0,40454
2016-01-26,424.4,429.91,417.57,420.57,40590
2016-01-27,422.02,424.72,415.85,418.93,18290
2016-01-28,422.87,424.97,419.15,420.67,14487
2016-01-29,421.07,436.7,421.07,429.99,40887
2016-02-01,427.92,435.33,417.09,428.76,72580
2016-02-02,423.19,429.45,415.5,420.07,60384
2016-02-03,423.61,427.99,418.12,424.59,30174
2016-02-04,424.57,433.0,420.51,428.04,29046
2016-02-05,427.07,432.75,411.81,413.26,102356
2016-02-08,412.8,422.98,407.77,415.91,31389
2016-02-09,412.09,417.0,409.83,412.27,22438
2016-02-10,415.64,417.32,407.75,408.29,12945
2016-02-11,402.8,409.13,390.0,396.52,36497
2016-02-12,398.23,413.34,397.01,404.31,37108
2016-02-16,408.16,411.52,399.01,404.6,49227
2016-02-17,405.39,409.0,402.66,405.95,28908
2016-02-18,405.76,415.41,400.64,411.12,42767
2016-02-19,410.0,421.57,407.1,417.23,42273
2016-02-22,421.09,422.01,411.52,413.35,40087
2016-02-23,413.0,414.0,407.02,408.5,24011
2016-02-24,406.55,415.99,404.89,415.84,22407
2016-02-25,415.19,424.2,412.45,423.33,23759
2016-02-26,422.67,423.15,414.2,422.54,40642
2016-02-29,422.91,436.65,422.1,428.57,46656
2016-03-01,428.52,438.75,417.76,428.0,56288
2016-03-02,433.5,433.5,410.0,419.41,46723
2016-03-03,429.5,459.4,428.26,449.9,71809
2016-03-04,450.27,453.22,437.1,442.18,30804
2016-03-07,439.73,446.9,430.49,435.0,26185
2016-03-08,435.02,447.5,430.0,445.77,48498
2016-03-09,445.51,450.0,437.0,442.23,94894
2016-03-10,447.09,448.54,437.57,442.13,36815
2016-03-11,446.0,451.27,435.72,436.91,30786
2016-03-14,438.0,444.23,429.3,436.93,23074
2016-03-15,434.5,440.88,434.0,438.72,28970
2016-03-16,436.91,440.0,435.0,438.93,46881
2016-03-17,440.49,440.49,435.02,438.56,27057
2016-03-18,437.51,439.39,433.9,435.03,43257
2016-03-21,435.0,440.68,435.0,437.65,17729
2016-03-22,438.0,443.0,435.0,435.0,19497
2016-03-23,437.86,438.87,435.11,435.39,17309
2016-03-24,436.11,438.38,433.21,437.16,19099
2016-03-28,437.36,439.99,434.67,435.18,17338
2016-03-29,434.81,438.2,431.0,436.03,52587
2016-03-30,437.0,441.98,435.0,439.51,30114
2016-03-31,446.77,446.77,437.13,437.13,19851
2016-04-01,438.77,447.9,432.46,441.51,60694
2016-04-04,442.49,444.9,434.12,434.84,22968
2016-04-05,434.91,438.0,430.21,436.55,66848
2016-04-06,436.16,439.0,435.12,438.41,12144
2016-04-07,437.34,443.18,434.24,438.51,26385
2016-04-08,441.0,442.0,438.36,441.03,10525
2016-04-11,442.0,448.5,442.0,447.45,33058
2016-04-12,447.5,447.58,441.42,444.77,41326
2016-04-13,447.72,454.95,443.36,450.83,47020
2016-04-14,450.62,455.8,448.1,450.8,50234
2016-04-15,450.83,454.98,450.11,453.58,20855
2016-04-18,451.78,456.23,451.06,452.01,34821
2016-04-19,452.07,456.76,452.07,453.75,9595
2016-04-20,453.74,455.0,448.1,452.5,16419
2016-04-21,452.56,453.2,447.68,448.78,23635
2016-04-22,451.66,458.02,448.01,458.02,15378
2016-04-25,456.51,463.24,456.15,458.88,32510
2016-04-26,458.98,462.5,458.98,460.8,17805
2016-04-27,461.1,462.79,458.49,462.44,15174
2016-04-28,461.02,461.5,454.35,460.64,24338
2016-04-29,459.61,463.8,452.25,458.96,25140
2016-05-02,459.0,464.99,454.28,464.94,24027
2016-05-03,463.02,467.4,460.0,461.45,32467
2016-05-04,459.46,467.44,455.51,461.59,34162
2016-05-05,475.0,494.99,467.34,478.82,66822
2016-05-06,478.82,488.95,476.51,485.49,41176
2016-05-09,486.45,496.0,484.96,488.67,43965
2016-05-10,491.22,495.99,485.34,495.75,52392
2016-05-11,494.58,494.58,481.5,487.97,92554
2016-05-12,489.98,502.59,485.0,498.4,61019
2016-05-13,496.76,502.8,493.62,498.51,37445
2016-05-16,491.0,495.26,485.0,486.83,32616
2016-05-17,485.79,494.99,480.06,486.0,34613
2016-05-18,485.16,491.89,484.8,485.83,25332
2016-05-19,485.73,486.9,483.23,485.16,20928
2016-05-20,485.0,493.0,484.94,491.28,24212
2016-05-23,490.8,490.8,484.84,486.32,18881
2016-05-24,485.98,489.1,483.55,484.07,31821
2016-05-25,484.59,489.77,482.0,484.11,33679
2016-05-26,483.99,485.01,476.26,481.0,34122
2016-05-27,477.38,488.68,477.38,487.01,40493
2016-05-31,487.5,493.22,482.48,489.99,34112
2016-06-01,488.6,502.98,488.6,500.34,63748
2016-06-02,500.3,513.67,495.6,511.84,70597
2016-06-03,509.02,513.56,506.07,508.13,22135
2016-06-06,508.33,512.0,500.2,509.23,23758
2016-06-07,509.5,518.31,507.28,508.98,39441
2016-06-08,507.27,512.95,501.9,504.37,29805
2016-06-09,501.32,503.98,492.67,500.68,53266
2016-06-10,495.81,499.0,492.95,496.34,45702
2016-06-13,493.06,496.39,486.0,490.47,34664
2016-06-14,490.01,499.42,488.01,495.41,38833
2016-06-15,495.76,501.49,491.55,494.82,44451
2016-06-16,492.9,500.88,489.0,500.87,31447
2016-06-17,498.61,499.84,488.99,492.56,52158
2016-06-20,496.88,505.19,496.84,502.48,33869
2016-06-21,502.51,505.95,497.41,497.62,45856
2016-06-22,500.24,509.4,499.02,502.54,73629
2016-06-23,506.84,512.88,503.26,509.01,89638
2016-06-24,501.6,502.52,486.62,490.56,147266
2016-06-27,484.81,485.86,471.24,481.54,69675
2016-06-28,484.05,490.23,480.05,489.27,39670
2016-06-29,494.0,506.0,494.0,498.54,51611
2016-06-30,500.81,514.01,500.81,511.41,39676
2016-07-01,510.19,517.89,510.19,511.94,22207
2016-07-05,511.33,520.51,508.68,511.66,36223
2016-07-06,512.85,522.0,510.52,520.07,97100
2016-07-07,520.11,545.39,520.11,542.6,95000
2016-07-08,546.15,549.9,521.82,523.23,77174
2016-07-11,524.84,528.89,519.0,527.9,37153
2016-07-12,528.21,538.74,528.21,533.43,31932
2016-07-13,532.6,536.48,528.7,532.06,30920
2016-07-14,536.63,539.99,533.38,533.82,30575
2016-07-15,534.12,534.12,519.82,520.66,28056
2016-07-18,520.94,530.68,517.56,521.87,23067
2016-07-19,517.52,530.18,517.5,525.15,50693
2016-07-20,523.24,529.49,521.53,522.9,23794
2016-07-21,522.8,523.86,515.65,521.28,18455
2016-07-22,519.34,534.13,519.34,534.13,27857
2016-07-25,534.0,539.28,528.07,528.96,40630
2016-07-26,531.11,531.11,523.01,526.16,24415
2016-07-27,527.1,533.85,525.99,528.75,23686
2016-07-28,528.42,532.01,525.02,526.06,22449
2016-07-29,526.5,526.68,517.83,523.88,49145
2016-08-01,526.71,526.71,518.85,519.99,35826
2016-08-02,521.39,521.39,506.42,512.15,26327
2016-08-03,510.31,524.94,510.31,524.44,33899
2016-08-04,521.99,526.98,516.82,521.79,44242
2016-08-05,524.33,524.87,512.01,514.46,13093
2016-08-08,515.09,523.37,510.97,520.86,20417
2016-08-09,521.9,525.9,518.13,521.57,33630
2016-08-10,522.2,529.67,521.36,523.18,37445
2016-08-11,524.0,534.32,524.0,533.39,24326
2016-08-12,532.8,537.05,528.01,533.23,26726
2016-08-15,534.18,536.0,530.95,534.73,27311
2016-08-16,535.35,542.99,534.0,537.8,51228
2016-08-17,540.06,544.17,537.0,542.34,41742
2016-08-18,542.6,550.49,542.6,547.6,41985
2016-08-19,547.0,552.89,545.8,546.72,39846
2016-08-22,543.22,546.27,542.53,545.17,12843
2016-08-23,546.52,546.52,537.1,542.0,32635
2016-08-24,542.1,542.99,536.99,538.36,22325
2016-08-25,538.09,540.0,534.0,535.49,29821
2016-08-26,535.58,538.73,527.99,533.67,25298
2016-08-29,533.04,538.72,531.54,533.35,28503
2016-08-30,535.24,536.46,527.75,535.93,41251
2016-08-31,534.73,541.98,532.01,541.12,45743
2016-09-01,542.95,549.03,541.5,547.84,29832
2016-09-02,551.06,558.72,550.41,558.71,21314
2016-09-06,558.81,560.97,550.98,558.95,55370
2016-09-07,560.0,560.98,549.66,559.52,52220
2016-09-08,557.07,560.0,548.51,549.0,46843
2016-09-09,548.38,549.0,539.11,542.0,27884
2016-09-12,541.44,549.84,540.91,544.82,53780
2016-09-13,542.88,546.23,538.02,541.52,36028
2016-09-14,541.48,548.08,538.0,541.85,52173
2016-09-15,540.62,553.97,540.15,552.18,35843
2016-09-16,550.8,557.1,548.22,554.6,69452
2016-09-19,555.58,564.02,551.6,563.39,69473
2016-09-20,564.85,577.99,564.34,570.07,57789
2016-09-21,571.46,578.78,570.0,578.34,21208
2016-09-22,576.9,586.51,573.34,577.03,37715
2016-09-23,573.59,580.26,570.48,578.73,26330
2016-09-26,577.18,580.7,574.32,579.24,23390
2016-09-27,578.2,580.0,575.33,578.87,12965
2016-09-28,579.73,584.05,579.21,581.46,28519
2016-09-29,578.9,584.99,575.46,582.14,35578
2016-09-30,583.71,589.76,576.14,584.0,32239
2016-10-03,585.27,586.5,573.04,578.75,32207
2016-10-04,581.08,581.91,573.0,576.74,21447
2016-10-05,580.44,583.55,576.06,577.76,38096
2016-10-06,575.5,595.0,572.39,593.23,66428
2016-10-07,592.19,598.9,588.83,596.62,46753
2016-10-10,597.79,601.01,593.19,598.98,43680
2016-10-11,598.61,598.61,583.65,584.8,67455
2016-10-12,586.89,586.89,575.19,582.17,32888
2016-10-13,578.42,582.26,574.53,580.79,29726
2016-10-14,582.34,585.0,568.34,569.77,51027
2016-10-17,570.0,576.8,559.83,576.46,58099
2016-10-18,579.51,583.2,576.63,579.65,23390
2016-10-19,579.37,584.98,572.99,583.03,22633
2016-10-20,582.86,584.17,577.24,579.15,12101
2016-10-21,578.32,589.09,578.32,587.0,38414
2016-10-24,589.55,595.06,586.31,588.05,15711
2016-10-25,588.52,593.65,584.42,588.85,37216
2016-10-26,585.61,590.6,573.22,577.88,23912
2016-10-27,577.0,577.0,563.46,573.99,38008
2016-10-28,575.98,578.21,569.5,577.46,21420
2016-10-31,579.47,587.94,576.68,576.74,18276
2016-11-01,579.29,579.29,571.8,578.56,22167
2016-11-02,577.99,578.38,571.3,575.74,30726
2016-11-03,578.9,590.0,566.4,576.04,57348
2016-11-04,574.06,580.33,564.64,575.06,59693
2016-11-07,577.87,584.63,575.15,579.31,32677
2016-11-08,579.49,599.1,576.5,586.86,31874
2016-11-09,580.82,586.66,577.03,580.94,26774
2016-11-10,579.66,580.2,567.53,577.35,38626
2016-11-11,573.78,578.57,569.52,575.13,74030
2016-11-14,573.41,575.7,564.81,575.0,98800
2016-11-15,573.58,575.82,570.9,572.38,79886
2016-11-16,572.38,588.22,567.3,588.22,188272
2016-11-17,586.03,603.54,584.15,590.29,34429
2016-11-18,588.16,592.02,581.34,584.74,32395
2016-11-21,585.68,592.45,582.33,587.27,22009
2016-11-22,583.9,593.67,583.9,588.29,29052
2016-11-23,589.46,602.99,581.01,587.53,56884
2016-11-25,585.5,589.3,584.84,586.32,9458
2016-11-28,585.29,598.57,584.41,588.2,56836
2016-11-29,588.01,607.4,588.01,598.89,75681
2016-11-30,602.11,609.19,588.12,591.06,40358
2016-12-01,593.57,612.04,592.39,612.04,58163
2016-12-02,611.73,621.94,611.3,611.3,46801
2016-12-05,614.99,615.0,605.25,610.19,44341
2016-12-06,614.5,615.83,604.67,612.84,22181
2016-12-07,613.2,629.79,612.0,619.3,42100
2016-12-08,618.86,621.16,607.49,613.65,25322
2016-12-09,612.02,613.2,606.7,611.18,21660
2016-12-12,605.09,610.37,603.95,605.86,56769
2016-12-13,611.0,623.32,608.11,615.27,43596
2016-12-14,619.0,626.7,616.78,619.56,36789
2016-12-15,622.01,622.45,611.78,616.61,31341
2016-12-16,616.95,635.85,616.95,623.53,131607
2016-12-19,624.0,625.1,611.81,616.7,31243
2016-12-20,614.1,623.1,612.22,618.99,25079
2016-12-21,616.27,628.34,615.0,623.87,19395
2016-12-22,625.54,629.86,613.98,617.75,32186
2016-12-23,619.35,619.35,616.0,617.4,8398
2016-12-27,614.38,617.15,611.5,613.53,27466
2016-12-28,613.48,615.6,610.44,611.28,46062
2016-12-29,614.8,625.97,614.8,623.11,15883
2016-12-30,623.75,625.03,615.32,621.73,27987
2017-01-03,622.62,623.55,615.66,619.66,46315
2017-01-04,614.0,619.66,601.36,606.4,63789
2017-01-05,601.32,603.25,582.27,586.44,123109
2017-01-06,586.88,591.0,564.9,570.0,122441
2017-01-09,567.9,580.4,564.26,576.89,52767
2017-01-10,574.4,583.72,574.4,578.28,26009
2017-01-11,576.1,587.28,572.31,586.4,41169
2017-01-12,582.01,582.01,566.1,574.03,48839
2017-01-13,576.6,581.55,573.6,579.01,41511
2017-01-17,575.61,580.0,575.41,578.47,28143
2017-01-18,584.94,598.67,575.65,597.09,43734
2017-01-19,595.6,610.28,595.6,604.01,55146
2017-01-20,600.43,625.0,600.43,610.68,50957
2017-01-23,608.97,615.7,608.97,613.43,31550
2017-01-24,612.34,619.14,612.34,616.69,31217
2017-01-25,619.74,625.18,615.54,616.21,13645
2017-01-26,620.42,640.59,618.55,638.0,72030
2017-01-27,638.51,647.2,636.53,639.67,60954
2017-01-30,639.68,639.68,624.27,633.84,23740
2017-01-31,633.84,633.85,628.87,632.38,22135
2017-02-01,631.89,637.74,631.83,635.15,25768
2017-02-02,634.8,638.3,631.3,638.3,17239
2017-02-03,638.17,647.85,632.11,645.0,23009
2017-02-06,642.51,647.24,641.34,642.57,17630
2017-02-07,642.6,644.0,635.0,639.96,28030
2017-02-08,636.4,636.83,630.82,634.15,24337
2017-02-09,632.19,633.37,630.88,632.91,19953
2017-02-10,635.0,641.48,632.8,638.91,14182
2017-02-13,639.64,641.28,633.09,635.85,17511
2017-02-14,630.15,637.57,630.15,636.3,22873
2017-02-15,632.9,641.0,632.1,640.75,23243
2017-02-16,636.72,641.22,636.72,639.8,15465
2017-02-17,636.55,639.9,633.8,635.69,17223
2017-02-21,634.6,639.64,632.93,639.36,26191
2017-02-22,635.26,642.97,635.26,642.33,13883
2017-02-23,643.0,644.38,634.31,638.79,23587
2017-02-24,638.9,642.9,632.12,637.37,18744
2017-02-27,637.7,646.41,637.62,645.05,22635
2017-02-28,633.11,633.45,620.84,625.42,48528
2017-03-01,634.49,640.99,619.55,634.53,50953
2017-03-02,632.95,633.0,621.68,623.5,35613
2017-03-03,623.5,625.54,615.98,620.24,39427
2017-03-06,621.98,632.4,619.0,627.99,33302
2017-03-07,625.0,632.9,625.0,632.16,30279
2017-03-08,627.81,638.07,627.81,634.32,22937
2017-03-09,632.03,635.0,627.65,632.28,23918
2017-03-10,634.0,638.83,628.99,638.32,14472
2017-03-13,634.99,645.72,633.1,635.45,32348
2017-03-14,636.0,638.39,629.9,635.46,21193
2017-03-15,640.3,649.69,638.0,643.95,30904
2017-03-16,642.1,649.79,635.11,642.48,15637
2017-03-17,642.87,649.2,642.0,645.1,39393
2017-03-20,641.51,647.0,637.33,645.45,23001
2017-03-21,645.98,646.5,636.73,638.83,24112
2017-03-22,638.88,641.5,634.44,638.79,22684
2017-03-23,634.31,644.9,634.31,640.51,38756
2017-03-24,641.0,642.7,637.44,637.44,16562
2017-03-27,635.79,637.95,632.66,635.69,27643
2017-03-28,632.17,635.01,626.5,626.9,45685
2017-03-29,629.1,629.1,616.06,625.1,58892
2017-03-30,627.97,630.89,620.56,626.46,46615
2017-03-31,623.3,627.27,618.86,624.47,23984
2017-04-03,624.92,637.62,624.92,633.05,34969
2017-04-04,634.07,640.41,632.89,636.56,41880
2017-04-05,634.1,638.98,632.27,632.94,26248
2017-04-06,630.0,643.46,629.0,637.49,37078
2017-04-07,635.64,641.26,633.11,636.89,37163
2017-04-10,632.63,634.6,628.47,630.47,19209
2017-04-11,631.0,634.86,629.18,631.41,44733
2017-04-12,631.66,642.89,630.0,640.0,59172
2017-04-13,637.21,642.46,628.12,636.55,41957
2017-04-17,636.55,640.39,635.3,639.82,39996
2017-04-18,639.65,642.89,632.8,635.87,22750
2017-04-19,639.7,660.12,639.7,653.78,89089
2017-04-20,655.78,669.64,654.88,663.1,40789
2017-04-21,661.5,667.01,659.75,664.5,39682
2017-04-24,670.0,681.9,667.48,676.01,74107
2017-04-25,677.01,682.4,673.21,675.86,35222
2017-04-26,673.55,686.05,673.55,678.13,32616
2017-04-27,677.24,685.59,673.95,681.34,26902
2017-04-28,678.37,688.5,678.1,681.86,33612
2017-05-01,685.0,687.34,675.26,682.24,43637
2017-05-02,684.63,689.4,676.95,678.58,38924
2017-05-03,677.59,681.0,667.41,672.55,46819
2017-05-04,671.06,671.06,658.4,664.55,44965
2017-05-05,660.35,678.79,656.4,676.0,47831
2017-05-08,674.0,682.96,661.95,668.38,44873
2017-05-09,670.52,679.61,660.59,661.91,22640
2017-05-10,659.95,668.35,658.18,666.32,17529
2017-05-11,666.4,676.55,663.78,672.0,25952
2017-05-12,669.6,673.17,665.04,668.38,32116
2017-05-15,670.27,672.89,659.48,661.84,59501
2017-05-16,662.01,676.68,660.28,673.75,36502
2017-05-17,668.91,686.7,667.59,669.83,54636
2017-05-18,669.35,686.28,669.35,681.93,51817
2017-05-19,680.81,693.8,680.78,688.25,55197
2017-05-22,692.7,694.94,684.69,688.33,27135
2017-05-23,689.34,698.02,685.78,693.5,31190
2017-05-24,695.32,699.65,691.9,695.83,32761
2017-05-25,698.44,704.7,697.91,702.0,31788
2017-05-26,700.4,717.4,699.05,713.76,35841
2017-05-30,715.37,720.0,701.0,715.49,32597
2017-05-31,719.22,727.45,716.09,718.6,40353
2017-06-01,711.4,730.8,711.4,730.44,39548
2017-06-02,729.12,734.35,724.35,731.0,31320
2017-06-05,730.15,731.21,725.2,725.48,18619
2017-06-06,724.8,732.24,722.8,723.78,28293
2017-06-07,723.99,732.63,723.99,731.45,25308
2017-06-08,730.65,733.0,720.06,723.11,28437
2017-06-09,730.85,732.32,721.9,724.27,32961
2017-06-12,730.61,730.61,709.54,715.26,50758
2017-06-13,716.78,720.0,708.01,713.89,61316
2017-06-14,713.25,720.0,712.99,717.93,31131
2017-06-15,717.6,720.85,714.51,715.26,18270
2017-06-16,715.19,729.16,714.84,722.53,40578
2017-06-19,725.98,732.78,723.66,725.66,16975
2017-06-20,723.17,724.34,712.41,724.08,34253
2017-06-21,727.9,733.4,718.64,731.0,32886
2017-06-22,730.83,732.85,714.0,715.98,38451
2017-06-23,717.1,717.9,710.1,712.68,45282
2017-06-26,712.62,721.48,708.95,715.43,31103
2017-06-27,715.66,718.95,706.5,711.59,34419
2017-06-28,712.34,713.57,703.59,709.53,54432
2017-06-29,710.42,713.27,700.64,710.82,56672
2017-06-30,712.32,715.47,706.98,710.9,20882
2017-07-03,718.0,725.54,715.0,719.01,44362
2017-07-05,722.0,737.43,718.38,733.48,61238
2017-07-06,729.45,731.01,723.16,724.69,81512
2017-07-07,726.47,731.0,723.4,724.81,23150
2017-07-10,724.26,728.68,718.72,724.47,51691
2017-07-11,724.0,728.64,717.64,720.51,40089
2017-07-12,722.21,734.18,721.39,733.5,31485
2017-07-13,731.84,742.13,728.74,737.65,28964
2017-07-14,736.71,739.87,736.0,738.51,13485
2017-07-17,738.75,739.08,735.1,735.7,11799
2017-07-18,737.1,737.1,729.18,729.18,27336
2017-07-19,732.0,737.0,730.61,736.06,18019
2017-07-20,737.35,744.42,733.42,738.25,19987
2017-07-21,736.56,740.46,733.03,739.91,13410
2017-07-24,739.1,747.04,738.0,745.78,21366
2017-07-25,745.82,755.56,743.02,749.9,43986
2017-07-26,750.15,752.47,745.69,745.69,14568
2017-07-27,747.54,755.5,740.64,752.18,31467
2017-07-28,752.71,759.47,751.41,758.22,34059
2017-07-31,,766.31,758.27,759.9,34345
2017-08-01,760.27,766.5,758.9,760.87,44961
