Date,Open,High,Low,Close,Volume
2015-05-21,19.0,19.75,19.0,19.75,1118388
2015-05-22,19.75,20.25,19.75,20.05,239707
2015-05-26,20.0,20.3,20.0,20.15,181515
2015-05-27,20.15,20.49,20.1,20.1,114531
2015-05-28,20.08,20.16,19.55,19.65,65493
2015-05-29,19.74,19.85,19.6,19.6,77343
2015-06-01,19.6,19.65,19.23,19.35,31718
2015-06-02,19.4,20.0,19.3,19.91,62413
2015-06-03,19.95,19.98,19.4,19.8,205225
2015-06-04,19.8,20.38,19.26,19.4,182132
2015-06-05,19.31,19.31,18.41,19.07,211821
2015-06-08,19.05,19.05,18.5,18.63,91194
2015-06-09,18.56,19.01,18.55,18.66,75382
2015-06-10,18.74,19.01,18.44,18.8,83582
2015-06-11,18.94,18.97,18.31,18.7,138232
2015-06-12,18.8,19.04,18.31,19.04,69090
2015-06-15,18.9,19.34,18.85,19.03,79796
2015-06-16,18.91,19.18,18.66,18.96,43494
2015-06-17,19.25,19.25,19.0,19.04,57814
2015-06-18,19.13,19.51,18.88,18.99,154993
2015-06-19,19.05,19.2,18.91,19.17,50416
2015-06-22,19.15,19.18,19.01,19.07,38729
2015-06-23,19.05,19.2,19.05,19.18,58405
2015-06-24,19.15,19.15,19.04,19.11,35103
2015-06-25,19.1,19.11,18.96,19.05,55229
2015-06-26,19.18,19.36,19.05,19.36,77087
2015-06-29,19.16,19.23,19.0,19.07,40666
2015-06-30,19.24,19.29,19.01,19.25,10043
2015-07-01,19.25,19.26,18.9,19.07,50021
2015-07-02,19.05,19.25,19.0,19.09,20213
2015-07-06,19.16,19.17,19.01,19.12,38406
2015-07-07,19.08,19.29,18.96,19.07,62594
2015-07-08,19.05,19.25,18.96,19.14,22142
2015-07-09,19.19,19.19,19.01,19.01,10170
2015-07-10,19.0,19.19,18.97,19.02,17757
2015-07-13,19.09,19.09,18.99,18.99,14921
2015-07-14,18.98,19.09,18.98,19.02,26695
2015-07-15,19.3,19.3,18.99,19.05,18205
2015-07-16,19.08,19.08,18.99,18.99,27305
2015-07-17,19.04,19.15,18.99,19.01,143022
2015-07-20,19.05,19.05,18.99,19.0,31290
2015-07-21,19.02,19.12,18.89,19.09,106155
2015-07-22,19.09,19.15,18.99,18.99,16425
2015-07-23,18.95,19.03,18.95,18.99,24781
2015-07-24,18.99,19.01,18.99,19.01,10073
2015-07-27,18.99,19.0,18.62,18.79,21242
2015-07-28,18.85,19.03,18.8,18.96,37856
2015-07-29,18.91,18.96,18.36,18.43,33693
2015-07-30,18.42,18.75,18.4,18.49,31894
2015-07-31,18.54,18.89,18.45,18.87,11063
2015-08-03,18.86,18.91,18.71,18.82,63454
2015-08-04,18.85,18.92,18.79,18.79,111309
2015-08-05,18.75,18.75,18.55,18.73,15745
2015-08-06,18.7,18.7,18.25,18.35,10789
2015-08-07,18.29,18.3,17.61,18.22,41598
2015-08-10,18.18,18.3,18.12,18.15,40866
2015-08-11,18.16,18.2,17.81,17.9,59273
2015-08-12,17.9,18.15,17.67,18.09,44757
2015-08-13,18.05,18.1,17.99,18.05,23689
2015-08-14,18.02,18.2,17.93,18.07,33398
2015-08-17,18.09,18.1,17.95,18.0,45529
2015-08-18,17.85,18.0,17.82,17.96,13304
2015-08-19,17.95,17.98,17.66,17.86,22442
2015-08-20,17.82,18.05,17.81,17.92,48749
2015-08-21,17.89,18.0,17.71,17.97,40410
2015-08-24,17.75,17.94,17.46,17.88,80468
2015-08-25,18.18,18.18,17.7,17.96,28385
2015-08-26,18.15,18.15,17.66,17.84,50839
2015-08-27,17.94,18.1,17.8,18.0,86457
2015-08-28,17.99,18.07,17.9,18.02,73480
2015-08-31,18.02,18.15,17.96,18.09,58528
2015-09-01,17.99,18.1,17.99,18.0,33211
2015-09-02,17.96,18.04,17.96,18.02,7847
2015-09-03,18.08,18.21,18.07,18.21,10119
2015-09-04,18.04,18.07,17.78,18.05,26523
2015-09-08,18.0,18.1,17.8,18.05,58817
2015-09-09,18.1,18.1,17.55,17.73,20954
2015-09-10,17.65,18.1,17.57,18.02,75388
2015-09-11,18.0,18.1,17.71,17.82,31116
2015-09-14,17.78,18.0,17.71,17.9,42624
2015-09-15,17.79,18.04,17.79,17.96,31168
2015-09-16,18.01,18.01,17.2,17.25,65494
2015-09-17,17.31,17.58,17.2,17.29,83921
2015-09-18,17.4,17.72,16.76,16.93,200574
2015-09-21,16.95,16.98,16.52,16.68,32890
2015-09-22,16.67,16.73,16.55,16.68,25498
2015-09-23,16.6,17.2,16.6,17.02,29340
2015-09-24,16.98,17.17,16.96,17.08,15601
2015-09-25,17.1,17.12,16.11,16.43,26697
2015-09-28,16.49,16.49,16.19,16.45,23248
2015-09-29,16.58,16.58,16.17,16.19,10022
2015-09-30,16.18,16.3,15.61,15.9,120444
2015-10-01,16.0,16.35,15.83,16.0,42385
2015-10-02,16.02,16.19,15.9,15.98,29792
2015-10-05,16.06,16.55,16.06,16.25,49366
2015-10-06,16.3,16.69,16.06,16.52,226824
2015-10-07,16.5,18.08,16.5,17.46,72821
2015-10-08,17.4,17.9,17.4,17.82,47572
2015-10-09,17.8,17.91,17.28,17.9,67738
2015-10-12,17.82,18.04,17.72,17.96,113296
2015-10-13,18.0,18.09,17.84,18.05,15198
2015-10-14,18.08,18.19,18.0,18.11,27618
2015-10-15,18.14,18.75,18.14,18.6,27697
2015-10-16,18.58,18.61,18.34,18.61,83937
2015-10-19,18.63,19.0,18.62,18.94,162919
2015-10-20,18.72,19.1,18.63,18.7,83654
2015-10-21,18.77,19.19,18.5,18.92,319986
2015-10-22,19.0,19.3,17.22,18.22,1284664
2015-10-23,18.36,18.6,18.05,18.5,28090
2015-10-26,18.6,18.7,18.22,18.49,34017
2015-10-27,18.55,18.64,17.71,18.51,57722
2015-10-28,18.46,18.8,18.33,18.4,85657
2015-10-29,18.37,18.46,18.12,18.21,13753
2015-10-30,18.25,18.36,17.91,18.31,105882
2015-11-02,18.21,18.73,18.08,18.51,35156
2015-11-03,18.55,18.69,18.3,18.38,28536
2015-11-04,18.4,18.45,18.15,18.38,38271
2015-11-05,18.39,18.47,18.27,18.31,8005
2015-11-06,18.24,18.44,18.05,18.26,19189
2015-11-09,18.24,18.32,18.14,18.28,20636
2015-11-10,18.29,18.57,17.96,18.49,139139
2015-11-11,18.45,18.49,18.07,18.25,14628
2015-11-12,18.2,18.24,18.02,18.1,11316
2015-11-13,17.7,18.5,17.6,18.0,75365
2015-11-16,17.92,18.34,17.83,18.3,43009
2015-11-17,18.31,18.94,18.28,18.64,84744
2015-11-18,18.27,18.78,18.0,18.45,253080
2015-11-19,18.41,18.7,18.41,18.64,25262
2015-11-20,18.63,18.63,18.0,18.1,27873
2015-11-23,18.11,18.57,17.89,18.1,322875
2015-11-24,18.08,18.44,18.0,18.2,24482
2015-11-25,18.22,18.73,18.22,18.68,84019
2015-11-27,18.64,19.0,18.6,19.0,21663
2015-11-30,18.82,19.0,18.68,18.72,26791
2015-12-01,18.75,18.89,18.75,18.79,13757
2015-12-02,18.83,18.83,18.41,18.6,23316
2015-12-03,18.72,18.78,18.3,18.35,29470
2015-12-04,18.32,18.6,18.32,18.59,7426
2015-12-07,18.55,18.6,18.21,18.3,26593
2015-12-08,18.29,18.5,18.16,18.27,41037
2015-12-09,18.07,18.34,18.07,18.15,44064
2015-12-10,18.21,18.6,17.91,18.08,43565
2015-12-11,18.16,18.6,17.96,18.22,59918
2015-12-14,18.27,18.54,17.98,18.19,104904
2015-12-15,18.44,19.01,18.39,18.68,84390
2015-12-16,18.48,19.03,18.48,18.89,86746
2015-12-17,18.97,19.04,18.56,18.6,29974
2015-12-18,18.59,19.12,18.45,19.11,418757
2015-12-21,19.02,19.17,18.47,18.7,47589
2015-12-22,18.6,18.6,18.51,18.51,21660
2015-12-23,18.53,18.63,18.43,18.47,15381
2015-12-24,18.52,18.67,18.21,18.34,29690
2015-12-28,18.24,18.79,18.23,18.47,21203
2015-12-29,18.5,18.7,18.11,18.48,40765
2015-12-30,18.49,18.5,18.21,18.4,28550
2015-12-31,18.35,18.55,18.3,18.43,40475
2016-01-04,18.21,18.5,18.1,18.48,17323
2016-01-05,18.34,18.55,18.3,18.48,8317
2016-01-06,18.37,18.5,18.37,18.47,11268
2016-01-07,18.34,18.45,18.05,18.19,25708
2016-01-08,18.16,18.22,17.63,17.9,35306
2016-01-11,17.91,17.97,17.57,17.82,49488
2016-01-12,17.87,17.94,17.25,17.62,65375
2016-01-13,17.61,17.66,16.8,17.07,53820
2016-01-14,17.19,17.2,16.81,16.86,28798
2016-01-15,16.64,16.79,16.5,16.73,52664
2016-01-19,16.84,16.95,16.42,16.57,24934
2016-01-20,16.42,16.83,15.87,16.38,86342
2016-01-21,16.38,17.12,16.28,16.73,35143
2016-01-22,16.87,17.43,16.85,17.43,33239
2016-01-25,17.28,17.99,17.28,17.86,31166
2016-01-26,17.78,17.95,17.75,17.94,19798
2016-01-27,17.89,17.95,17.63,17.89,14871
2016-01-28,17.94,18.25,17.88,18.14,79165
2016-01-29,18.2,18.52,18.2,18.52,20286
2016-02-01,18.57,18.58,18.3,18.45,22226
2016-02-02,18.24,18.4,17.79,18.12,20515
2016-02-03,18.15,18.52,17.96,17.98,12189
2016-02-04,18.02,18.37,18.02,18.24,24775
2016-02-05,18.11,18.27,17.65,17.73,18495
2016-02-08,17.65,17.89,16.97,17.12,13598
2016-02-09,17.0,17.84,16.61,17.83,31056
2016-02-10,17.87,18.37,17.68,18.35,27056
2016-02-11,18.1,18.1,17.26,17.35,19240
2016-02-12,17.3,17.59,17.15,17.5,8797
2016-02-16,17.66,17.99,17.42,17.86,27193
2016-02-17,17.51,17.99,17.51,17.99,7639
2016-02-18,17.88,18.17,17.86,17.89,12574
2016-02-19,17.79,17.87,17.41,17.83,9203
2016-02-22,17.92,17.99,17.79,17.99,21135
2016-02-23,18.0,18.11,17.5,18.0,16902
2016-02-24,17.87,18.1,17.8,17.9,15608
2016-02-25,17.95,18.0,17.9,17.96,15835
2016-02-26,17.51,17.92,17.51,17.77,16305
2016-02-29,17.82,18.1,17.75,17.97,14022
2016-03-01,18.05,18.49,18.05,18.3,18024
2016-03-02,18.33,18.64,18.26,18.64,57532
2016-03-03,18.7,18.93,18.7,18.9,51296
2016-03-04,18.91,18.96,18.82,18.85,23014
2016-03-07,18.72,18.8,18.65,18.79,48018
2016-03-08,18.77,19.0,18.71,19.0,54256
2016-03-09,18.98,19.01,18.84,18.84,38445
2016-03-10,18.93,18.97,18.41,18.56,32471
2016-03-11,18.79,18.94,18.75,18.8,34147
2016-03-14,18.81,18.98,18.8,18.85,65229
2016-03-15,18.9,18.91,18.7,18.83,50206
2016-03-16,18.88,18.97,18.81,18.84,70636
2016-03-17,18.87,19.04,18.81,18.98,91740
2016-03-18,19.1,19.39,18.07,18.1,467927
2016-03-21,18.12,18.57,18.12,18.34,116840
2016-03-22,18.24,18.49,18.09,18.32,71848
2016-03-23,18.3,18.94,18.3,18.76,69570
2016-03-24,18.7,18.98,18.54,18.97,25295
2016-03-28,19.0,19.0,18.71,18.77,82385
2016-03-29,18.67,18.9,18.55,18.77,96745
2016-03-30,18.85,18.85,18.53,18.59,96174
2016-03-31,18.62,18.7,18.35,18.49,59988
2016-04-01,18.13,18.44,17.95,18.13,107827
2016-04-04,18.1,18.28,18.07,18.21,39414
2016-04-05,18.06,18.26,17.75,17.84,42502
2016-04-06,17.99,18.29,17.81,17.87,162984
2016-04-07,17.72,17.95,17.7,17.82,1263485
2016-04-08,17.92,18.05,17.81,17.82,341981
2016-04-11,17.94,18.24,17.84,18.15,145700
2016-04-12,18.15,18.34,17.94,18.24,295847
2016-04-13,18.28,18.63,18.2,18.25,230398
2016-04-14,18.26,18.69,18.15,18.57,87357
2016-04-15,18.6,18.63,18.13,18.13,219513
2016-04-18,18.23,18.5,18.01,18.37,126776
2016-04-19,18.43,18.43,18.06,18.19,104110
2016-04-20,18.22,18.39,17.88,18.0,103448
2016-04-21,18.04,18.21,17.87,18.03,62801
2016-04-22,17.99,18.23,17.9,18.21,39371
2016-04-25,18.3,18.33,18.13,18.3,44134
2016-04-26,18.3,18.6,18.2,18.55,125845
2016-04-27,18.54,18.78,18.42,18.63,67569
2016-04-28,18.6,18.82,18.39,18.4,28225
2016-04-29,18.46,18.46,18.1,18.2,88309
2016-05-02,18.22,18.33,18.15,18.17,77640
2016-05-03,18.16,18.33,17.97,18.2,99571
2016-05-04,18.28,19.1,18.28,19.0,149461
2016-05-05,18.97,19.25,18.55,19.16,133203
2016-05-06,19.2,19.45,18.65,19.42,60957
2016-05-09,19.45,19.55,18.91,18.94,67190
2016-05-10,19.0,19.18,18.82,18.98,50647
2016-05-11,18.98,18.98,18.35,18.46,61808
2016-05-12,18.49,18.53,18.32,18.53,60135
2016-05-13,18.39,18.9,18.18,18.9,66334
2016-05-16,18.85,18.98,18.59,18.85,87265
2016-05-17,18.81,18.88,18.51,18.75,69235
2016-05-18,18.48,18.48,18.2,18.28,75692
2016-05-19,18.2,18.29,18.05,18.23,53637
2016-05-20,18.26,18.27,18.12,18.24,42924
2016-05-23,18.25,18.4,18.19,18.37,49746
2016-05-24,18.37,18.54,18.36,18.49,52933
2016-05-25,18.49,18.5,18.28,18.4,37934
2016-05-26,18.54,18.65,18.44,18.56,50313
2016-05-27,18.59,18.59,18.3,18.45,78404
2016-05-31,18.54,18.69,18.28,18.66,40600
2016-06-01,18.55,18.82,18.55,18.8,28524
2016-06-02,18.78,18.9,18.7,18.84,34860
2016-06-03,18.84,19.57,18.75,19.53,99863
2016-06-06,19.61,19.98,19.61,19.95,131499
2016-06-07,19.87,19.98,19.76,19.84,48726
2016-06-08,19.92,19.92,19.75,19.76,29400
2016-06-09,19.78,19.84,19.6,19.76,56473
2016-06-10,19.72,19.95,19.71,19.85,40527
2016-06-13,19.85,19.92,19.1,19.26,76657
2016-06-14,19.18,19.5,19.18,19.26,54564
2016-06-15,19.46,19.8,19.22,19.66,36752
2016-06-16,19.56,19.78,19.56,19.76,49617
2016-06-17,19.7,20.17,19.53,20.17,167941
2016-06-20,20.16,20.32,19.92,20.14,134277
2016-06-21,20.21,20.38,20.05,20.38,123562
2016-06-22,20.27,20.5,20.13,20.49,76572
2016-06-23,20.6,20.82,20.28,20.52,163850
2016-06-24,20.1,20.51,19.46,19.84,1147922
2016-06-27,19.84,20.4,19.84,20.32,103758
2016-06-28,20.45,21.31,20.33,21.16,126707
2016-06-29,21.21,21.21,20.95,21.01,106129
2016-06-30,21.01,21.38,20.86,21.14,163684
2016-07-01,21.13,21.89,21.13,21.73,105979
2016-07-05,21.83,22.04,21.5,21.6,188434
2016-07-06,21.4,22.06,21.4,21.79,146644
2016-07-07,21.75,21.9,21.48,21.53,94543
2016-07-08,21.71,21.87,21.65,21.85,58320
2016-07-11,21.83,22.03,21.76,21.8,70557
2016-07-12,21.88,22.31,21.78,21.96,63127
2016-07-13,22.03,22.04,21.76,21.82,46386
2016-07-14,21.87,21.87,21.07,21.19,88459
2016-07-15,21.32,21.72,20.92,21.62,130749
2016-07-18,21.57,22.03,21.49,21.96,85828
2016-07-19,22.05,22.05,21.73,21.87,37874
2016-07-20,21.87,23.0,21.8,22.49,192086
2016-07-21,22.35,22.98,22.3,22.93,203617
2016-07-22,22.88,23.28,22.85,23.27,73551
2016-07-25,23.3,23.46,23.14,23.28,261573
2016-07-26,23.36,23.36,22.87,22.98,133419
2016-07-27,23.0,23.0,22.22,22.48,84557
2016-07-28,22.4,22.93,22.4,22.69,45584
2016-07-29,22.74,23.25,22.72,22.99,43713
2016-08-01,23.12,23.12,22.82,23.04,28943
2016-08-02,23.1,23.32,22.86,23.22,71833
2016-08-03,23.27,23.42,23.05,23.13,64023
2016-08-04,23.2,23.39,22.93,23.32,63861
2016-08-05,23.35,23.65,23.33,23.35,73376
2016-08-08,23.58,23.58,23.13,23.33,38802
2016-08-09,23.38,23.64,23.25,23.54,63679
2016-08-10,23.62,23.7,23.16,23.4,66273
2016-08-11,23.53,23.53,22.89,23.11,55690
2016-08-12,23.3,23.46,23.04,23.29,137248
2016-08-15,23.4,23.46,22.87,22.9,174165
2016-08-16,23.05,23.05,22.74,22.9,83134
2016-08-17,22.77,22.9,22.14,22.89,77823
2016-08-18,22.99,23.17,22.58,23.14,118479
2016-08-19,23.18,23.18,22.91,23.0,62767
2016-08-22,22.97,23.15,22.85,22.97,31419
2016-08-23,23.01,23.18,22.87,22.89,31864
2016-08-24,22.9,22.9,22.67,22.82,31023
2016-08-25,22.83,23.12,22.56,22.9,36309
2016-08-26,22.9,23.06,22.12,22.2,73349
2016-08-29,22.0,22.69,21.83,22.52,66581
2016-08-30,22.6,22.8,22.41,22.69,33430
2016-08-31,22.69,23.01,22.58,22.97,69967
2016-09-01,22.91,23.0,22.66,22.99,62271
2016-09-02,23.08,23.62,22.89,22.95,32121
2016-09-06,23.03,23.09,22.74,23.09,40693
2016-09-07,22.99,23.06,22.45,23.0,56206
2016-09-08,22.97,22.97,22.55,22.75,41898
2016-09-09,22.59,22.59,21.41,21.62,85719
2016-09-12,21.56,21.92,21.56,21.86,34546
2016-09-13,21.75,21.84,21.54,21.61,75058
2016-09-14,21.54,21.73,21.29,21.4,41417
2016-09-15,21.46,21.6,21.33,21.38,125001
2016-09-16,21.24,21.35,20.55,21.06,531912
2016-09-19,21.24,22.0,21.24,21.57,253645
2016-09-20,21.75,22.21,21.31,21.48,138137
2016-09-21,21.65,22.39,21.56,22.36,48182
2016-09-22,22.5,23.08,22.38,23.01,41185
2016-09-23,23.0,23.0,22.61,22.92,34315
2016-09-26,22.97,23.03,22.74,22.76,33746
2016-09-27,22.79,22.79,22.2,22.3,31963
2016-09-28,22.32,22.38,21.99,22.15,51555
2016-09-29,22.01,22.13,21.8,21.85,38025
2016-09-30,21.79,22.08,21.73,21.92,50192
2016-10-03,21.85,21.92,21.64,21.75,37789
2016-10-04,21.69,21.69,21.18,21.46,39603
2016-10-05,21.42,21.64,21.11,21.55,51686
2016-10-06,21.59,22.24,21.34,21.91,55663
2016-10-07,22.09,22.74,22.07,22.67,45482
2016-10-10,22.8,22.89,22.4,22.58,43768
2016-10-11,22.65,22.65,21.54,21.69,98668
2016-10-12,21.75,21.98,21.73,21.83,19140
2016-10-13,21.76,21.97,21.76,21.81,29085
2016-10-14,21.91,22.73,21.85,22.44,49618
2016-10-17,22.55,22.57,22.19,22.21,20385
2016-10-18,22.4,22.7,22.17,22.57,35225
2016-10-19,22.66,23.14,22.6,22.99,40083
2016-10-20,23.32,23.32,22.95,23.17,42297
2016-10-21,23.05,23.5,23.05,23.45,35103
2016-10-24,23.49,23.69,23.38,23.52,87421
2016-10-25,23.55,23.57,23.46,23.55,37592
2016-10-26,23.5,23.57,23.22,23.46,85872
2016-10-27,23.5,23.5,22.45,22.51,75142
2016-10-28,22.53,22.55,22.06,22.32,55772
2016-10-31,22.37,22.45,22.0,22.38,47690
2016-11-01,22.39,22.54,22.09,22.45,56799
2016-11-02,22.55,22.55,22.25,22.3,39696
2016-11-03,22.36,22.44,22.25,22.33,34444
2016-11-04,22.33,22.54,22.28,22.42,47249
2016-11-07,22.64,22.87,22.47,22.75,75810
2016-11-08,22.75,23.02,22.65,22.74,78795
2016-11-09,22.35,22.86,22.31,22.48,115357
2016-11-10,22.57,22.57,21.35,21.45,97892
2016-11-11,22.0,22.0,20.67,20.85,231676
2016-11-14,20.8,21.19,19.61,21.07,173980
2016-11-15,21.14,21.29,20.64,21.05,71941
2016-11-16,20.7,21.34,20.7,21.29,70098
2016-11-17,21.27,22.32,21.25,21.37,83779
2016-11-18,21.47,22.11,21.42,21.97,143304
2016-11-21,22.16,22.31,21.9,22.03,96150
2016-11-22,22.13,22.53,22.09,22.35,126004
2016-11-23,22.35,22.46,22.3,22.34,77455
2016-11-25,22.35,23.0,22.3,22.76,72560
2016-11-28,22.87,22.97,22.4,22.42,60557
2016-11-29,22.45,22.89,22.24,22.36,66663
2016-11-30,22.35,22.35,21.58,21.78,39724
2016-12-01,21.69,21.81,21.27,21.47,38028
2016-12-02,21.62,22.09,21.14,21.59,28667
2016-12-05,21.66,22.05,21.49,21.9,58512
2016-12-06,21.97,22.5,21.44,22.33,132795
2016-12-07,22.44,22.6,22.04,22.33,98678
2016-12-08,22.36,22.9,22.21,22.81,60529
2016-12-09,22.89,23.02,22.53,22.56,46380
2016-12-12,22.59,22.62,21.96,22.29,64691
2016-12-13,22.33,22.53,22.23,22.25,100348
2016-12-14,22.42,22.74,22.15,22.17,265417
2016-12-15,22.29,22.84,22.28,22.59,154621
2016-12-16,22.73,22.85,22.29,22.39,598555
2016-12-19,22.55,22.87,22.54,22.81,79694
2016-12-20,22.75,22.86,22.61,22.86,67048
2016-12-21,22.85,22.9,22.68,22.78,61311
2016-12-22,22.78,22.85,22.65,22.8,56840
2016-12-23,22.8,22.85,22.72,22.85,38724
2016-12-27,22.84,23.15,22.8,22.82,70969
2016-12-28,22.81,22.98,22.65,22.94,68376
2016-12-29,22.88,23.0,22.75,22.94,72875
2016-12-30,23.0,23.18,22.84,23.03,81689
2017-01-03,23.18,23.24,22.9,23.19,123391
2017-01-04,23.31,23.32,23.05,23.27,122316
2017-01-05,23.23,23.37,23.15,23.2,56756
2017-01-06,23.21,23.21,22.96,23.13,96791
2017-01-09,23.0,23.25,22.77,23.11,90352
2017-01-10,23.18,23.21,23.05,23.12,48652
2017-01-11,23.1,23.1,22.82,22.92,28446
2017-01-12,23.0,23.0,22.56,22.61,40637
2017-01-13,22.69,22.77,22.6,22.67,34588
2017-01-17,22.62,22.78,22.56,22.66,29235
2017-01-18,22.65,22.94,22.63,22.82,25311
2017-01-19,22.86,22.87,22.5,22.79,45563
2017-01-20,22.75,22.97,22.75,22.81,31520
2017-01-23,22.78,22.78,22.28,22.45,65587
2017-01-24,22.43,22.78,22.43,22.78,33986
2017-01-25,22.75,22.84,22.36,22.51,71692
2017-01-26,22.57,22.7,21.51,21.54,221644
2017-01-27,21.6,22.05,21.6,22.02,48671
2017-01-30,22.01,22.02,21.67,21.74,40408
2017-01-31,21.68,21.78,21.54,21.57,49299
2017-02-01,21.6,21.74,21.34,21.42,36947
2017-02-02,21.4,21.85,21.33,21.82,33340
2017-02-03,22.08,22.72,22.08,22.7,35018
2017-02-06,22.62,22.79,22.15,22.28,46188
2017-02-07,22.35,22.61,22.34,22.5,28809
2017-02-08,22.5,22.7,22.5,22.54,37600
2017-02-09,22.5,22.75,22.5,22.66,29391
2017-02-10,22.71,22.93,22.58,22.91,26320
2017-02-13,22.98,23.2,22.73,22.99,60466
2017-02-14,22.9,22.99,22.8,22.93,39370
2017-02-15,22.55,22.74,22.5,22.72,51268
2017-02-16,22.68,22.89,22.57,22.85,45345
2017-02-17,22.96,22.96,22.62,22.79,78402
2017-02-21,22.78,22.88,22.67,22.76,44496
2017-02-22,22.8,22.83,22.6,22.72,56889
2017-02-23,22.58,22.83,22.58,22.77,60061
2017-02-24,22.71,23.5,22.71,23.48,77267
2017-02-27,23.5,24.34,23.06,24.15,85231
2017-02-28,24.3,24.74,23.75,23.79,91547
2017-03-01,23.86,24.12,23.79,23.82,31915
2017-03-02,23.8,23.8,23.5,23.76,54368
2017-03-03,23.89,24.94,23.35,23.87,102969
2017-03-06,23.67,23.75,23.28,23.54,29373
2017-03-07,23.36,23.49,23.15,23.37,43065
2017-03-08,23.41,23.41,22.8,22.83,39241
2017-03-09,22.84,23.09,22.82,22.94,40068
2017-03-10,23.06,23.06,22.52,22.6,52356
2017-03-13,22.69,22.69,22.5,22.51,24125
2017-03-14,22.52,22.54,22.29,22.31,46384
2017-03-15,22.31,23.05,22.2,23.0,43136
2017-03-16,22.88,23.09,22.66,22.88,25975
2017-03-17,22.88,23.21,22.78,23.15,50158
2017-03-20,23.15,23.15,22.77,22.97,28239
2017-03-21,22.92,23.0,22.8,22.87,70421
2017-03-22,23.0,23.1,22.48,22.75,61970
2017-03-23,22.73,23.25,22.73,22.97,25972
2017-03-24,23.01,23.13,22.9,22.98,27179
2017-03-27,22.98,23.06,22.96,23.0,23942
2017-03-28,23.0,23.23,22.96,23.21,41451
2017-03-29,23.2,23.4,23.13,23.23,35763
2017-03-30,23.22,23.28,23.07,23.19,25706
2017-03-31,23.25,24.07,23.25,23.9,46985
2017-04-03,23.91,24.26,23.76,24.06,35933
2017-04-04,24.13,24.23,23.86,23.92,33141
2017-04-05,23.93,24.66,23.93,24.42,75581
2017-04-06,24.55,25.0,24.33,24.9,56204
2017-04-07,24.91,25.0,24.71,24.74,44405
2017-04-10,24.77,24.77,24.43,24.53,52658
2017-04-11,24.53,24.99,24.53,24.69,35258
2017-04-12,24.67,24.69,24.46,24.53,44024
2017-04-13,24.52,24.69,24.5,24.5,44451
2017-04-17,24.55,24.63,24.5,24.56,55625
2017-04-18,24.6,24.85,24.55,24.64,54141
2017-04-19,24.6,24.82,24.6,24.68,61948
2017-04-20,24.72,24.89,24.67,24.8,39145
2017-04-21,24.81,24.87,24.65,24.8,87640
2017-04-24,25.01,25.04,24.7,24.98,60283
2017-04-25,25.07,25.48,25.02,25.42,53371
2017-04-26,25.42,25.54,24.87,25.2,78450
2017-04-27,25.21,25.52,25.1,25.42,32254
2017-04-28,25.34,25.34,24.6,24.72,34636
2017-05-01,24.77,24.93,24.44,24.56,35649
2017-05-02,24.55,24.74,24.55,24.66,31862
2017-05-03,24.65,24.65,24.05,24.18,34736
2017-05-04,24.12,24.63,24.11,24.43,42232
2017-05-05,24.61,24.79,24.44,24.74,42862
2017-05-08,24.72,25.0,24.7,24.96,49022
2017-05-09,24.86,24.98,24.44,24.56,31086
2017-05-10,24.6,25.94,24.6,25.69,62869
2017-05-11,25.68,25.68,25.3,25.38,50530
2017-05-12,25.33,25.48,25.29,25.3,56433
2017-05-15,25.32,25.8,25.32,25.47,61599
2017-05-16,25.41,25.46,24.51,24.61,51712
2017-05-17,24.01,24.7,23.83,24.5,167142
2017-05-18,24.37,25.07,24.37,24.82,38733
2017-05-19,24.75,24.9,24.5,24.57,41667
2017-05-22,24.6,25.29,24.6,25.25,72282
2017-05-23,25.29,25.29,24.76,24.82,21415
2017-05-24,24.99,25.46,24.99,25.25,44337
2017-05-25,25.27,25.48,25.04,25.11,28986
2017-05-26,25.08,25.08,24.71,24.86,20702
2017-05-30,24.85,24.87,24.48,24.5,34941
2017-05-31,24.6,24.74,24.51,24.7,36831
2017-06-01,24.68,25.14,24.55,25.06,30568
2017-06-02,25.18,25.87,25.04,25.39,41712
2017-06-05,25.3,25.8,25.24,25.69,53414
2017-06-06,25.69,25.79,25.22,25.38,37270
2017-06-07,25.35,25.52,25.3,25.5,41967
2017-06-08,25.5,25.67,25.32,25.45,32129
2017-06-09,25.4,25.99,25.35,25.78,38400
2017-06-12,25.76,26.0,25.66,25.84,32167
2017-06-13,25.89,26.0,25.71,26.0,18385
2017-06-14,26.09,26.12,25.52,25.8,40128
2017-06-15,25.66,25.96,25.53,25.67,31927
2017-06-16,25.49,26.38,25.27,26.34,93522
2017-06-19,26.25,26.5,25.98,26.34,36019
2017-06-20,26.4,26.4,25.44,25.8,31873
2017-06-21,25.73,25.85,25.63,25.65,23568
2017-06-22,25.64,25.69,25.42,25.45,16550
2017-06-23,25.46,26.15,25.46,26.15,106306
2017-06-26,26.11,26.16,26.03,26.06,21931
2017-06-27,26.0,26.1,25.92,26.02,21519
2017-06-28,26.01,26.01,25.58,25.93,29318
2017-06-29,25.83,25.92,25.59,25.68,32642
2017-06-30,25.84,25.84,25.57,25.59,25572
2017-07-03,25.64,25.87,25.25,25.82,19828
2017-07-05,25.86,25.86,25.53,25.68,19980
2017-07-06,25.55,25.83,25.55,25.58,27306
2017-07-07,25.63,26.19,25.51,26.15,26147
2017-07-10,26.05,26.05,25.24,25.34,39401
2017-07-11,25.31,25.72,25.04,25.54,23066
2017-07-12,25.53,25.84,25.5,25.78,18172
2017-07-13,25.83,25.83,25.41,25.59,17289
2017-07-14,25.58,25.75,25.49,25.52,12360
2017-07-17,25.49,26.08,25.49,25.89,28524
2017-07-18,26.02,26.19,25.76,26.0,25943
2017-07-19,25.23,25.27,24.13,24.95,239755
2017-07-20,25.0,25.24,23.3,23.45,315401
2017-07-21,24.3,25.56,24.29,24.5,1805687
2017-07-24,24.8,24.95,24.35,24.7,179782
2017-07-25,24.75,24.95,24.38,24.93,133864
2017-07-26,24.91,25.77,24.79,25.46,82101
2017-07-27,25.4,25.61,25.19,25.34,70106
2017-07-28,25.35,25.4,25.1,25.15,43228
2017-07-31,,25.47,,25.37,79508
2017-08-01,25.42,25.49,24.96,25.32,160066
