Date,Open,High,Low,Close,Volume
2013-10-04,18.5,19.2,18.06,18.5,5532565
2013-10-07,18.21,18.6,17.9,18.1,526822
2013-10-08,18.1,18.18,17.4,17.56,712670
2013-10-09,17.4,17.74,17.35,17.42,102741
2013-10-10,17.47,17.71,17.42,17.56,400835
2013-10-11,17.58,18.24,17.58,18.06,280786
2013-10-14,18.06,18.18,18.0,18.15,44094
2013-10-15,18.1,18.14,17.8,18.05,83719
2013-10-16,18.0,18.02,17.85,18.0,52600
2013-10-17,17.97,18.0,17.65,17.87,69352
2013-10-18,17.76,17.87,17.68,17.85,75543
2013-10-21,17.76,17.83,17.51,17.82,54200
2013-10-22,17.82,17.89,17.82,17.83,57977
2013-10-23,17.87,17.9,17.8,17.85,31571
2013-10-24,17.86,18.14,17.82,18.09,50036
2013-10-25,17.87,18.2,17.85,18.2,35223
2013-10-28,18.15,18.23,17.85,17.95,12301
2013-10-29,18.2,18.2,17.85,17.86,43310
2013-10-30,17.99,17.99,17.85,17.85,22284
2013-10-31,17.85,17.95,17.85,17.95,192150
2013-11-01,18.0,18.05,17.8,17.88,68974
2013-11-04,17.88,17.95,17.72,17.85,35800
2013-11-05,17.88,17.9,17.7,17.84,25396
2013-11-06,17.88,17.9,17.44,17.65,95663
2013-11-07,17.67,17.69,17.41,17.56,40460
2013-11-08,17.6,17.64,17.35,17.45,30712
2013-11-11,17.6,17.71,17.13,17.64,81387
2013-11-12,17.71,17.9,17.25,17.9,61445
2013-11-13,17.9,17.93,17.6,17.71,41793
2013-11-14,17.71,17.72,17.32,17.72,88808
2013-11-15,17.61,17.73,17.5,17.68,39171
2013-11-18,17.66,17.7,17.61,17.63,2654
2013-11-19,17.61,17.61,17.5,17.58,48600
2013-11-20,17.53,17.58,17.4,17.52,41091
2013-11-21,17.5,17.63,17.4,17.61,69178
2013-11-22,17.6,17.67,17.55,17.56,40855
2013-11-25,17.58,17.72,17.52,17.55,40378
2013-11-26,17.45,17.55,17.45,17.5,78708
2013-11-27,17.6,17.7,17.48,17.55,35817
2013-11-29,17.68,17.75,17.51,17.65,10678
2013-12-02,17.58,17.62,17.36,17.5,38761
2013-12-03,17.51,17.57,17.4,17.54,53393
2013-12-04,17.49,17.52,17.45,17.5,27032
2013-12-05,17.51,17.58,17.45,17.55,51606
2013-12-06,17.59,17.7,17.53,17.64,42883
2013-12-09,17.61,17.62,17.4,17.5,115218
2013-12-10,17.41,17.47,17.14,17.47,184709
2013-12-11,17.25,17.71,17.25,17.45,55102
2013-12-12,17.52,17.55,17.34,17.4,178693
2013-12-13,17.47,17.62,17.35,17.62,184183
2013-12-16,17.65,17.75,17.59,17.71,98938
2013-12-17,17.65,18.35,17.54,18.13,64779
2013-12-18,18.15,18.45,18.02,18.21,119026
2013-12-19,18.31,18.49,18.07,18.35,279431
2013-12-20,18.27,18.48,18.03,18.2,248029
2013-12-23,18.13,18.46,18.0,18.3,44011
2013-12-24,17.76,18.11,17.76,18.03,74681
2013-12-26,18.0,18.17,17.86,18.04,48148
2013-12-27,18.0,18.06,17.75,17.94,51554
2013-12-30,17.99,17.99,17.5,17.61,69316
2013-12-31,17.6,17.94,17.47,17.8,73368
2014-01-02,17.84,18.55,17.84,18.5,70343
2014-01-03,18.57,18.77,18.5,18.6,49014
2014-01-06,18.73,18.88,18.51,18.59,61946
2014-01-07,18.6,18.77,18.45,18.51,183428
2014-01-08,18.51,18.64,18.45,18.5,84677
2014-01-09,18.6,18.61,18.4,18.45,55597
2014-01-10,18.5,18.55,18.27,18.46,25736
2014-01-13,18.49,18.55,18.45,18.51,81786
2014-01-14,18.65,19.09,18.5,18.93,365468
2014-01-15,18.84,19.01,18.83,18.95,130395
2014-01-16,19.0,19.06,18.8,19.06,101768
2014-01-17,18.97,19.08,18.74,18.88,36929
2014-01-21,18.91,19.03,18.7,18.88,37281
2014-01-22,18.83,19.01,18.75,18.8,13882
2014-01-23,18.75,18.9,18.5,18.64,22765
2014-01-24,18.64,18.9,18.29,18.4,36236
2014-01-27,18.4,18.45,17.68,18.13,30830
2014-01-28,18.03,18.2,17.88,18.13,35874
2014-01-29,18.13,18.17,17.91,18.02,32083
2014-01-30,18.12,18.2,17.95,18.06,21148
2014-01-31,18.02,18.18,18.0,18.05,10265
2014-02-03,18.05,18.31,18.05,18.22,48415
2014-02-04,18.3,18.47,18.13,18.19,43857
2014-02-05,18.29,18.42,18.05,18.17,48361
2014-02-06,18.19,18.65,18.18,18.32,34716
2014-02-07,18.43,18.66,18.3,18.37,27302
2014-02-10,18.38,18.49,18.3,18.31,6259
2014-02-11,18.4,18.6,18.35,18.55,22290
2014-02-12,18.6,18.68,18.38,18.57,44276
2014-02-13,18.69,18.74,18.39,18.4,11785
2014-02-14,18.45,18.69,18.45,18.54,9180
2014-02-18,18.67,18.75,18.45,18.59,41017
2014-02-19,18.64,18.72,18.49,18.51,37551
2014-02-20,18.5,18.59,18.27,18.34,32535
2014-02-21,18.35,18.48,17.98,18.15,22991
2014-02-24,18.16,18.24,18.14,18.24,19354
2014-02-25,18.26,18.44,18.12,18.17,26718
2014-02-26,18.19,18.59,18.16,18.38,50481
2014-02-27,18.29,18.37,18.2,18.33,11962
2014-02-28,18.37,18.37,18.15,18.18,8125
2014-03-03,18.18,18.23,17.9,17.92,26968
2014-03-04,18.08,18.23,18.0,18.23,61850
2014-03-05,18.23,18.49,18.23,18.23,24494
2014-03-06,18.24,18.29,18.07,18.23,17781
2014-03-07,18.28,18.28,17.7,17.9,97741
2014-03-10,17.8,18.52,17.8,18.41,98862
2014-03-11,18.45,18.61,18.26,18.35,139317
2014-03-12,18.35,18.35,18.25,18.35,35541
2014-03-13,18.4,18.44,18.2,18.33,68430
2014-03-14,18.4,18.42,18.26,18.3,53363
2014-03-17,18.46,18.55,18.05,18.25,79759
2014-03-18,18.22,18.29,18.07,18.27,44359
2014-03-19,18.4,18.52,18.35,18.36,100058
2014-03-20,18.3,18.44,18.3,18.4,40755
2014-03-21,18.41,18.64,18.29,18.3,87432
2014-03-24,18.38,18.6,18.32,18.4,50870
2014-03-25,18.49,18.69,18.43,18.69,54042
2014-03-26,18.76,19.32,18.73,18.96,248976
2014-03-27,18.97,19.15,18.89,19.1,93363
2014-03-28,19.45,19.45,19.09,19.13,107462
2014-03-31,18.75,18.99,18.6,18.75,93381
2014-04-01,18.84,18.9,18.65,18.8,99221
2014-04-02,18.69,19.05,18.69,18.95,193463
2014-04-03,18.91,19.18,18.75,18.94,100589
2014-04-04,19.21,19.21,18.78,18.8,70453
2014-04-07,18.72,18.9,18.69,18.74,51685
2014-04-08,18.71,18.75,18.51,18.61,40512
2014-04-09,18.65,18.75,18.62,18.68,37102
2014-04-10,18.68,18.7,18.33,18.54,80646
2014-04-11,18.45,18.74,18.4,18.69,24546
2014-04-14,18.74,18.74,18.54,18.55,24343
2014-04-15,18.64,18.64,18.15,18.51,29420
2014-04-16,18.58,18.9,18.47,18.88,99020
2014-04-17,18.85,18.99,18.85,18.98,14032
2014-04-21,19.08,19.33,19.03,19.12,65345
2014-04-22,19.25,19.47,19.14,19.34,38245
2014-04-23,19.43,19.69,19.24,19.39,29405
2014-04-24,19.58,19.58,19.35,19.47,16042
2014-04-25,19.5,19.51,19.31,19.4,21158
2014-04-28,19.41,19.69,19.36,19.41,72979
2014-04-29,19.51,19.53,19.06,19.08,39587
2014-04-30,19.13,19.21,18.9,18.98,18631
2014-05-01,18.95,19.52,18.95,19.4,24336
2014-05-02,19.4,19.46,19.15,19.3,20540
2014-05-05,19.29,19.45,19.27,19.3,17574
2014-05-06,19.3,19.33,19.0,19.07,29075
2014-05-07,19.07,19.31,19.0,19.21,12942
2014-05-08,19.39,19.39,19.19,19.19,9430
2014-05-09,19.31,19.67,19.09,19.34,33928
2014-05-12,19.48,19.5,19.35,19.45,43119
2014-05-13,19.35,19.55,19.13,19.44,47884
2014-05-14,19.36,19.36,19.08,19.18,27966
2014-05-15,19.07,19.23,18.76,18.87,30242
2014-05-16,19.07,19.07,18.75,18.98,45846
2014-05-19,19.07,19.33,18.99,19.26,36213
2014-05-20,19.19,19.2,19.13,19.18,14136
2014-05-21,19.17,19.17,19.03,19.06,12702
2014-05-22,19.12,19.16,18.86,19.01,23640
2014-05-23,19.13,19.2,19.1,19.16,14454
2014-05-27,19.2,19.46,19.08,19.23,41777
2014-05-28,19.25,19.45,19.21,19.32,22150
2014-05-29,19.41,19.49,19.32,19.45,149580
2014-05-30,19.45,19.7,19.35,19.4,110119
2014-06-02,19.54,19.65,19.4,19.42,38948
2014-06-03,19.4,19.42,19.26,19.28,18342
2014-06-04,19.35,19.4,19.29,19.35,32773
2014-06-05,19.41,19.42,19.29,19.35,47783
2014-06-06,19.46,19.5,19.3,19.46,23216
2014-06-09,19.46,19.46,19.29,19.35,33168
2014-06-10,19.35,19.38,19.32,19.33,36928
2014-06-11,19.39,19.44,19.25,19.35,33772
2014-06-12,19.4,19.5,19.36,19.46,53874
2014-06-13,19.5,19.57,19.2,19.32,58241
2014-06-16,19.68,19.68,19.41,19.5,107943
2014-06-17,19.5,19.69,19.48,19.6,66065
2014-06-18,19.6,19.71,19.55,19.69,36335
2014-06-19,19.85,19.89,19.65,19.83,63753
2014-06-20,19.92,19.92,19.8,19.89,47180
2014-06-23,19.96,20.11,19.89,19.98,89934
2014-06-24,20.08,20.56,20.0,20.4,207632
2014-06-25,20.5,20.5,20.05,20.16,60901
2014-06-26,19.79,20.0,19.59,19.95,56876
2014-06-27,20.0,20.4,19.82,20.17,63522
2014-06-30,20.2,20.2,19.8,20.05,46925
2014-07-01,20.21,20.4,19.8,20.04,131513
2014-07-02,20.11,20.18,19.87,20.11,49839
2014-07-03,20.2,20.22,19.61,19.78,71574
2014-07-07,19.82,19.82,19.52,19.8,114157
2014-07-08,19.93,19.93,19.67,19.82,51502
2014-07-09,19.98,19.98,19.65,19.86,23981
2014-07-10,19.87,20.01,19.71,19.9,35779
2014-07-11,19.99,19.99,19.61,19.72,38377
2014-07-14,19.89,19.89,19.64,19.76,25227
2014-07-15,19.84,20.04,19.74,19.99,32090
2014-07-16,20.14,20.21,20.0,20.19,19601
2014-07-17,20.23,20.23,20.04,20.15,45305
2014-07-18,20.23,20.34,20.06,20.09,10496
2014-07-21,20.15,20.17,19.92,20.15,27582
2014-07-22,20.14,20.16,19.82,20.08,37529
2014-07-23,20.14,20.27,20.08,20.15,21091
2014-07-24,20.2,20.39,20.07,20.28,21674
2014-07-25,20.32,20.33,20.13,20.2,14296
2014-07-28,20.17,20.22,20.11,20.19,31090
2014-07-29,20.36,20.36,20.04,20.09,26523
2014-07-30,20.12,20.12,19.87,19.9,19932
2014-07-31,19.99,19.99,19.6,19.73,49004
2014-08-01,19.69,19.85,19.61,19.75,55062
2014-08-04,19.87,19.98,19.64,19.97,26256
2014-08-05,19.94,20.02,19.64,19.71,21140
2014-08-06,19.72,19.9,19.57,19.65,44774
2014-08-07,19.73,19.8,19.37,19.59,52151
2014-08-08,19.58,19.71,19.34,19.62,49339
2014-08-11,19.54,19.68,19.54,19.62,26667
2014-08-12,19.65,19.65,19.51,19.56,24262
2014-08-13,19.67,19.69,19.5,19.59,71329
2014-08-14,19.67,19.67,19.52,19.55,68774
2014-08-15,19.68,19.68,19.43,19.43,37677
2014-08-18,19.47,19.64,19.39,19.57,38345
2014-08-19,19.67,19.76,19.6,19.7,23533
2014-08-20,19.77,19.77,19.54,19.68,67074
2014-08-21,19.72,19.88,19.61,19.82,39389
2014-08-22,19.85,19.85,19.65,19.74,43738
2014-08-25,19.8,20.02,19.77,19.91,37392
2014-08-26,20.05,20.16,19.93,20.13,50287
2014-08-27,20.2,20.2,20.02,20.06,14798
2014-08-28,20.02,20.11,19.79,20.04,38604
2014-08-29,20.2,20.2,19.91,19.99,26628
2014-09-02,20.11,20.11,19.83,19.86,61184
2014-09-03,19.97,20.1,19.75,19.85,62732
2014-09-04,19.96,19.96,19.7,19.81,42819
2014-09-05,19.89,19.99,19.71,19.98,60964
2014-09-08,20.0,20.02,19.83,19.93,21070
2014-09-09,20.0,20.0,19.89,19.92,26233
2014-09-10,19.97,19.97,19.73,19.87,31044
2014-09-11,19.78,20.02,19.75,19.92,17574
2014-09-12,20.0,20.0,19.7,19.7,23240
2014-09-15,19.64,19.67,19.51,19.59,15556
2014-09-16,19.53,19.6,19.15,19.52,191234
2014-09-17,19.45,19.51,19.33,19.48,21648
2014-09-18,19.42,19.46,19.31,19.4,25785
2014-09-19,19.4,19.81,19.34,19.61,97020
2014-09-22,19.52,19.59,19.32,19.34,47473
2014-09-23,19.38,19.38,19.2,19.26,26930
2014-09-24,19.21,19.37,19.21,19.35,43696
2014-09-25,19.32,19.47,19.24,19.44,26656
2014-09-26,19.15,19.17,18.69,18.79,44881
2014-09-29,18.67,18.9,18.67,18.9,22086
2014-09-30,18.79,18.82,18.67,18.7,51640
2014-10-01,18.6,18.72,18.36,18.57,42839
2014-10-02,18.48,18.54,18.14,18.42,56489
2014-10-03,18.43,18.52,18.32,18.38,22217
2014-10-06,18.32,18.5,18.31,18.34,71017
2014-10-07,18.37,18.6,18.33,18.42,44385
2014-10-08,18.46,18.5,18.35,18.49,37215
2014-10-09,18.54,18.56,18.39,18.39,44561
2014-10-10,18.38,18.44,18.13,18.13,60973
2014-10-13,18.1,18.2,17.79,17.8,79954
2014-10-14,17.91,18.07,17.8,17.85,57844
2014-10-15,17.7,17.85,17.29,17.58,44341
2014-10-16,17.4,17.64,17.25,17.59,67252
2014-10-17,17.75,17.87,17.67,17.74,39818
2014-10-20,17.63,17.96,17.63,17.95,30100
2014-10-21,17.91,18.53,17.91,18.46,106463
2014-10-22,18.57,18.79,18.38,18.55,65484
2014-10-23,18.65,18.77,18.58,18.65,19494
2014-10-24,18.75,18.83,18.65,18.69,17242
2014-10-27,18.75,18.76,18.59,18.66,30568
2014-10-28,18.69,18.7,18.6,18.68,15397
2014-10-29,18.66,18.69,18.52,18.6,20141
2014-10-30,18.48,18.97,18.4,18.69,54313
2014-10-31,18.75,18.78,18.49,18.62,16561
2014-11-03,18.73,18.92,18.6,18.86,37151
2014-11-04,18.89,18.89,18.61,18.88,66171
2014-11-05,18.89,18.92,18.71,18.8,42102
2014-11-06,18.85,18.85,18.7,18.72,7518
2014-11-07,18.81,18.83,18.66,18.75,8779
2014-11-10,18.81,18.89,18.67,18.77,20894
2014-11-11,18.8,18.89,18.68,18.8,34401
2014-11-12,18.7,18.87,18.7,18.73,10137
2014-11-13,18.56,18.6,17.64,17.86,211797
2014-11-14,17.92,18.41,17.92,18.25,55302
2014-11-17,18.29,18.65,18.29,18.59,59253
2014-11-18,18.67,18.72,18.57,18.67,20943
2014-11-19,18.71,18.74,18.57,18.72,28671
2014-11-20,18.7,18.8,18.7,18.75,14946
2014-11-21,18.79,18.95,18.69,18.86,38677
2014-11-24,18.9,18.96,18.77,18.91,23942
2014-11-25,18.97,19.02,18.88,18.92,18326
2014-11-26,18.99,19.09,18.95,19.06,12440
2014-11-28,19.03,19.06,18.82,18.9,4256
2014-12-01,18.82,18.83,18.65,18.78,29831
2014-12-02,18.7,18.92,18.66,18.92,36671
2014-12-03,19.01,19.01,18.52,18.75,65634
2014-12-04,18.75,18.76,18.53,18.56,17328
2014-12-05,18.58,18.66,18.55,18.63,25557
2014-12-08,18.6,18.71,18.28,18.35,26113
2014-12-09,18.06,18.66,18.06,18.57,15852
2014-12-10,18.57,18.71,18.52,18.55,26696
2014-12-11,18.62,18.87,18.5,18.84,34340
2014-12-12,18.79,18.79,18.36,18.43,22046
2014-12-15,18.61,18.61,18.11,18.42,35412
2014-12-16,18.43,18.59,18.27,18.46,29451
2014-12-17,18.58,18.67,18.27,18.67,33093
2014-12-18,18.66,18.74,18.42,18.68,30244
2014-12-19,18.61,18.9,18.45,18.45,89229
2014-12-22,18.52,18.69,18.47,18.63,35039
2014-12-23,18.45,18.83,18.39,18.63,29826
2014-12-24,18.71,18.71,18.5,18.67,17122
2014-12-26,18.23,18.38,18.1,18.37,15556
2014-12-29,18.25,18.62,18.25,18.48,19721
2014-12-30,18.41,18.43,18.15,18.34,17840
2014-12-31,18.44,18.49,18.16,18.49,49853
2015-01-02,18.42,18.45,18.3,18.41,25591
2015-01-05,18.44,18.45,18.29,18.44,38135
2015-01-06,18.44,18.44,18.02,18.14,25661
2015-01-07,18.17,18.18,18.0,18.11,19964
2015-01-08,18.09,18.11,18.0,18.08,15649
2015-01-09,18.07,18.13,18.0,18.06,17223
2015-01-12,18.0,18.1,18.0,18.07,18239
2015-01-13,18.01,18.11,17.79,17.82,63656
2015-01-14,17.82,17.83,17.38,17.51,66731
2015-01-15,17.45,17.49,16.87,17.12,173998
2015-01-16,17.01,17.14,16.92,16.97,79555
2015-01-20,17.22,17.22,16.84,16.9,64516
2015-01-21,16.95,17.0,16.9,17.0,49665
2015-01-22,17.22,17.22,16.86,17.01,109359
2015-01-23,16.93,17.08,16.93,17.02,38638
2015-01-26,17.18,17.18,16.9,17.01,121407
2015-01-27,17.04,17.15,16.9,17.0,44949
2015-01-28,17.01,17.07,16.76,16.99,44068
2015-01-29,16.99,16.99,16.65,16.97,40361
2015-01-30,16.88,17.0,16.83,16.92,25637
2015-02-02,16.89,16.89,16.63,16.74,22270
2015-02-03,16.92,16.92,16.69,16.74,61777
2015-02-04,16.81,16.93,16.71,16.82,29898
2015-02-05,16.98,17.0,16.81,16.99,21070
2015-02-06,17.17,17.17,16.95,17.11,32523
2015-02-09,17.17,17.17,16.76,16.81,49580
2015-02-10,16.74,17.05,16.74,16.79,47256
2015-02-11,17.0,17.25,16.84,17.01,47629
2015-02-12,17.01,17.4,17.01,17.38,17435
2015-02-13,17.32,17.43,17.02,17.1,45635
2015-02-17,17.1,17.34,17.1,17.28,23712
2015-02-18,17.22,17.35,17.1,17.35,22320
2015-02-19,17.46,17.49,17.32,17.46,22852
2015-02-20,17.46,17.63,17.42,17.56,26636
2015-02-23,17.62,17.75,17.56,17.68,19229
2015-02-24,17.65,17.68,17.54,17.63,32517
2015-02-25,17.81,17.84,17.55,17.69,44844
2015-02-26,17.64,17.69,17.55,17.67,35628
2015-02-27,17.74,17.76,17.62,17.7,24962
2015-03-02,17.64,17.7,17.6,17.62,16064
2015-03-03,17.62,17.9,17.56,17.86,23539
2015-03-04,17.73,18.03,17.71,18.03,21714
2015-03-05,18.0,18.15,17.96,18.05,31182
2015-03-06,18.07,18.2,17.8,17.98,24212
2015-03-09,18.13,18.13,17.86,18.03,34470
2015-03-10,18.09,18.09,17.73,17.86,24116
2015-03-11,17.51,17.71,17.41,17.55,60097
2015-03-12,17.6,17.65,17.44,17.64,23521
2015-03-13,17.52,17.61,17.52,17.57,35682
2015-03-16,17.57,17.73,17.57,17.67,29434
2015-03-17,17.7,17.97,17.7,17.93,25107
2015-03-18,17.79,18.24,17.79,18.22,43005
2015-03-19,18.11,18.32,18.06,18.06,35385
2015-03-20,18.2,18.31,18.09,18.09,24504
2015-03-23,18.2,18.49,18.2,18.37,38784
2015-03-24,18.37,18.48,18.22,18.37,21335
2015-03-25,18.38,18.44,18.22,18.3,27311
2015-03-26,18.17,18.34,18.16,18.31,17801
2015-03-27,17.79,17.88,17.65,17.82,20637
2015-03-30,17.8,17.84,17.55,17.72,27675
2015-03-31,17.52,17.72,17.52,17.63,14465
2015-04-01,17.61,17.84,17.5,17.82,48617
2015-04-02,17.76,18.0,17.62,17.77,11725
2015-04-06,17.79,17.8,17.6,17.61,33101
2015-04-07,17.6,17.75,17.6,17.7,10805
2015-04-08,17.75,17.75,17.6,17.71,29405
2015-04-09,17.62,17.68,17.57,17.63,20757
2015-04-10,17.68,17.71,17.52,17.64,18920
2015-04-13,17.65,17.75,17.65,17.66,18182
2015-04-14,17.65,17.72,17.65,17.7,3814
2015-04-15,17.63,17.74,17.58,17.66,15416
2015-04-16,17.73,17.73,17.51,17.51,15603
2015-04-17,17.5,17.61,17.49,17.49,11792
2015-04-20,17.54,17.61,17.46,17.48,13465
2015-04-21,17.44,17.59,17.44,17.48,17293
2015-04-22,17.53,17.53,17.32,17.38,25669
2015-04-23,17.42,17.5,17.41,17.49,12052
2015-04-24,17.47,17.65,17.44,17.58,29157
2015-04-27,17.6,17.61,17.5,17.51,6635
2015-04-28,17.58,17.71,17.42,17.44,11065
2015-04-29,17.39,17.55,17.35,17.47,16043
2015-04-30,17.54,17.66,17.46,17.59,16641
2015-05-01,17.56,17.74,17.56,17.73,23048
2015-05-04,17.7,17.72,17.67,17.67,8723
2015-05-05,17.65,17.75,17.5,17.5,27050
2015-05-06,17.59,17.65,17.45,17.57,14735
2015-05-07,17.67,17.69,17.57,17.64,5007
2015-05-08,17.71,17.71,17.52,17.6,10907
2015-05-11,17.6,17.6,17.45,17.5,25445
2015-05-12,17.42,17.78,17.42,17.78,16140
2015-05-13,17.75,17.83,17.73,17.81,9225
2015-05-14,17.81,17.98,17.62,17.74,17396
2015-05-15,17.79,17.91,17.74,17.87,7806
2015-05-18,17.93,17.93,17.8,17.8,7113
2015-05-19,17.8,17.9,17.8,17.84,13570
2015-05-20,17.86,17.9,17.81,17.83,4973
2015-05-21,17.87,17.88,17.7,17.72,11397
2015-05-22,17.61,17.75,17.44,17.72,16736
2015-05-26,17.72,17.73,17.52,17.6,15896
2015-05-27,17.67,17.67,17.48,17.48,47928
2015-05-28,17.42,17.51,17.34,17.37,24537
2015-05-29,17.44,17.45,17.27,17.31,19195
2015-06-01,17.25,17.47,17.19,17.37,11657
2015-06-02,17.53,17.53,17.4,17.4,4821
2015-06-03,17.4,17.44,17.31,17.36,163406
2015-06-04,17.32,17.44,17.27,17.43,83854
2015-06-05,17.35,17.44,17.35,17.4,90177
2015-06-08,17.42,17.48,17.34,17.4,40396
2015-06-09,17.44,17.49,17.4,17.4,14565
2015-06-10,17.4,17.6,17.4,17.5,10896
2015-06-11,17.42,17.64,17.41,17.51,7208
2015-06-12,17.41,17.53,17.41,17.44,11477
2015-06-15,17.4,17.5,17.4,17.42,10986
2015-06-16,17.4,17.5,17.4,17.41,9505
2015-06-17,17.4,17.48,17.4,17.4,8650
2015-06-18,17.4,17.45,17.4,17.45,10679
2015-06-19,17.41,17.49,17.11,17.45,72547
2015-06-22,17.78,17.78,17.3,17.3,44395
2015-06-23,17.23,17.36,17.22,17.25,30668
2015-06-24,17.24,17.4,17.16,17.16,7883
2015-06-25,17.18,17.22,17.0,17.02,61252
2015-06-26,17.0,17.0,16.61,16.88,61612
2015-06-29,16.69,16.69,16.07,16.19,38710
2015-06-30,16.23,16.44,16.17,16.22,34873
2015-07-01,16.2,16.42,16.15,16.4,22433
2015-07-02,16.15,16.41,16.15,16.3,33290
2015-07-06,16.16,16.39,16.16,16.38,8177
2015-07-07,16.36,16.51,16.35,16.49,31169
2015-07-08,16.4,16.52,16.4,16.4,13940
2015-07-09,16.4,16.46,16.24,16.3,27698
2015-07-10,16.26,16.44,16.25,16.41,9741
2015-07-13,16.39,16.48,16.3,16.34,12394
2015-07-14,16.3,17.26,16.3,16.48,32733
2015-07-15,16.36,16.49,16.34,16.36,9790
2015-07-16,16.32,16.5,16.32,16.39,8709
2015-07-17,16.37,16.51,16.35,16.48,18448
2015-07-20,16.43,16.53,16.36,16.42,19626
2015-07-21,16.36,16.44,16.36,16.43,5056
2015-07-22,16.36,16.66,16.36,16.58,20772
2015-07-23,16.6,16.72,16.4,16.53,9900
2015-07-24,16.44,16.44,16.2,16.3,47415
2015-07-27,16.25,16.42,16.23,16.34,10416
2015-07-28,16.27,16.47,16.27,16.39,13005
2015-07-29,16.36,16.62,16.28,16.46,12905
2015-07-30,16.4,16.5,16.29,16.39,9105
2015-07-31,16.32,16.42,16.26,16.27,10121
2015-08-03,16.28,16.41,16.28,16.31,12846
2015-08-04,16.38,16.38,16.28,16.28,10697
2015-08-05,16.28,16.34,16.28,16.32,6995
2015-08-06,16.38,16.38,16.25,16.29,11100
2015-08-07,16.26,16.3,16.25,16.26,13071
2015-08-10,16.25,16.29,16.15,16.21,27889
2015-08-11,16.1,16.28,16.1,16.25,28364
2015-08-12,16.16,16.32,16.16,16.2,14194
2015-08-13,16.2,16.37,16.2,16.34,7649
2015-08-14,16.26,16.32,16.17,16.3,44009
2015-08-17,16.25,16.79,16.25,16.79,13060
2015-08-18,16.69,16.9,16.42,16.81,16476
2015-08-19,16.69,17.1,16.69,16.86,12193
2015-08-20,16.81,16.89,16.73,16.81,15091
2015-08-21,16.86,16.86,16.33,16.33,24548
2015-08-24,15.65,16.14,15.65,15.91,122154
2015-08-25,16.3,16.3,15.97,16.0,17036
2015-08-26,15.95,16.17,15.95,16.04,36361
2015-08-27,15.99,16.21,15.95,16.09,27597
2015-08-28,15.98,16.37,15.98,16.16,10013
2015-08-31,16.0,16.27,15.96,16.16,15555
2015-09-01,16.03,16.13,15.95,15.98,16096
2015-09-02,15.96,16.17,15.96,16.04,6088
2015-09-03,16.03,16.16,16.0,16.0,10170
2015-09-04,16.0,16.0,15.96,15.99,16757
2015-09-08,16.05,16.05,15.95,15.98,15461
2015-09-09,15.98,16.03,15.7,15.8,26524
2015-09-10,15.69,15.74,15.58,15.6,34842
2015-09-11,15.6,15.85,15.6,15.82,7909
2015-09-14,15.9,16.0,15.9,15.95,6805
2015-09-15,15.94,15.97,15.93,15.93,4802
2015-09-16,16.09,16.59,16.09,16.4,75822
2015-09-17,16.36,16.54,16.24,16.38,11434
2015-09-18,16.31,16.85,16.23,16.85,16039
2015-09-21,16.89,16.9,16.52,16.56,7966
2015-09-22,16.51,16.6,16.51,16.57,5975
2015-09-23,16.5,16.57,16.4,16.48,6160
2015-09-24,16.46,16.55,16.32,16.55,7383
2015-09-25,16.55,16.55,16.22,16.22,15422
2015-09-28,15.95,16.0,15.3,15.41,31011
2015-09-29,15.4,15.46,15.1,15.13,21126
2015-09-30,15.16,15.34,14.94,15.23,31283
2015-10-01,15.18,15.34,15.01,15.09,16934
2015-10-02,15.03,15.13,15.01,15.03,15525
2015-10-05,15.04,15.37,15.04,15.18,9268
2015-10-06,15.31,15.34,15.21,15.22,10780
2015-10-07,15.29,15.45,15.29,15.4,3860
2015-10-08,15.46,15.46,15.38,15.42,6093
2015-10-09,15.48,15.65,15.48,15.53,5518
2015-10-12,15.51,15.65,15.51,15.52,3117
2015-10-13,15.54,15.64,15.49,15.59,6263
2015-10-14,15.57,15.62,15.44,15.46,7005
2015-10-15,15.41,15.61,15.41,15.59,3537
2015-10-16,15.53,15.59,15.51,15.56,2510
2015-10-19,15.46,15.53,15.32,15.38,9425
2015-10-20,15.38,15.38,15.34,15.35,3538
2015-10-21,15.31,15.38,15.2,15.26,3740
2015-10-22,15.2,15.3,15.11,15.2,12835
2015-10-23,15.2,15.23,15.17,15.23,4615
2015-10-26,15.19,15.23,15.0,15.04,4301
2015-10-27,15.0,15.0,14.66,14.66,16341
2015-10-28,14.65,14.91,14.65,14.88,36420
2015-10-29,14.96,15.24,14.88,14.97,26945
2015-10-30,14.88,14.88,14.66,14.7,18750
2015-11-02,14.66,14.77,14.5,14.5,35135
2015-11-03,14.89,15.3,14.89,14.92,52047
2015-11-04,14.97,15.01,14.94,14.97,2500
2015-11-05,14.91,14.91,14.65,14.84,10286
2015-11-06,14.84,15.29,14.52,14.75,95523
2015-11-09,14.82,14.98,14.7,14.75,22572
2015-11-10,14.36,14.88,14.22,14.69,30892
2015-11-11,14.84,14.97,14.84,14.92,7931
2015-11-12,14.84,14.97,14.75,14.87,13629
2015-11-13,14.91,15.0,14.86,14.95,13317
2015-11-16,14.86,14.99,14.78,14.97,37089
2015-11-17,14.89,14.98,14.65,14.68,21237
2015-11-18,14.7,14.87,14.59,14.68,12679
2015-11-19,14.68,14.88,14.67,14.68,11840
2015-11-20,14.64,14.76,14.6,14.61,10426
2015-11-23,14.67,14.68,14.61,14.67,14158
2015-11-24,14.54,14.64,14.28,14.44,31050
2015-11-25,14.32,14.54,14.27,14.33,89090
2015-11-27,14.29,14.85,14.29,14.85,4559
2015-11-30,14.91,14.95,14.65,14.74,58036
2015-12-01,14.73,14.94,14.61,14.63,57742
2015-12-02,14.53,14.86,14.53,14.59,7804
2015-12-03,14.55,14.75,14.55,14.61,14297
2015-12-04,14.6,14.78,14.55,14.55,14213
2015-12-07,14.66,14.66,14.44,14.47,25263
2015-12-08,14.39,14.44,14.3,14.35,24983
2015-12-09,14.46,14.71,14.2,14.2,118315
2015-12-10,14.2,14.39,14.2,14.3,5717
2015-12-11,14.3,14.43,14.0,14.0,17386
2015-12-14,13.94,14.02,13.71,13.72,18823
2015-12-15,13.72,13.77,13.5,13.66,61454
2015-12-16,13.62,13.8,13.35,13.5,64115
2015-12-17,13.42,13.72,13.25,13.27,74811
2015-12-18,13.2,13.66,13.2,13.55,30356
2015-12-21,13.68,13.7,13.46,13.6,27882
2015-12-22,13.56,13.93,13.56,13.64,33468
2015-12-23,13.72,13.86,13.63,13.71,20462
2015-12-24,13.7,13.75,13.62,13.62,16499
2015-12-28,13.69,13.74,13.48,13.6,9847
2015-12-29,12.99,13.16,12.94,13.0,37231
2015-12-30,12.93,12.99,12.82,12.95,33703
2015-12-31,12.85,13.05,12.85,13.0,22073
2016-01-04,12.87,13.04,12.83,12.96,24870
2016-01-05,13.04,13.14,12.92,12.95,21346
2016-01-06,12.96,13.12,12.96,13.0,7132
2016-01-07,12.88,12.99,12.61,12.68,13425
2016-01-08,12.79,12.79,12.65,12.65,8412
2016-01-11,13.29,13.29,12.65,12.75,64921
2016-01-12,12.84,12.84,12.65,12.66,25774
2016-01-13,12.65,12.72,12.6,12.72,87445
2016-01-14,12.77,13.58,12.62,13.48,180002
2016-01-15,13.09,13.45,12.89,13.35,66659
2016-01-19,13.36,13.54,13.3,13.44,87939
2016-01-20,13.29,13.51,13.1,13.4,51638
2016-01-21,13.37,14.23,13.27,13.4,70760
2016-01-22,13.54,14.0,13.54,14.0,27837
2016-01-25,13.91,13.91,12.95,13.15,93565
2016-01-26,13.29,13.64,13.28,13.4,10687
2016-01-27,13.38,13.56,13.25,13.31,30983
2016-01-28,13.38,13.57,13.35,13.42,29472
2016-01-29,13.44,13.7,13.28,13.61,53353
2016-02-01,13.53,13.77,13.53,13.68,11514
2016-02-02,13.55,13.75,13.04,13.7,49915
2016-02-03,13.7,14.0,13.59,13.61,27291
2016-02-04,13.7,13.7,13.44,13.59,10478
2016-02-05,13.54,13.7,13.4,13.42,22697
2016-02-08,13.28,13.49,13.19,13.45,42621
2016-02-09,13.29,13.49,13.22,13.25,9328
2016-02-10,13.13,13.44,13.13,13.33,19945
2016-02-11,13.14,13.23,13.14,13.17,14445
2016-02-12,13.19,13.38,13.16,13.36,19604
2016-02-16,13.46,13.66,13.35,13.49,9506
2016-02-17,13.59,13.82,13.47,13.53,22278
2016-02-18,13.5,13.69,13.5,13.56,13941
2016-02-19,13.55,13.73,13.55,13.56,6035
2016-02-22,13.58,13.74,13.55,13.58,6975
2016-02-23,13.62,13.7,13.55,13.55,3932
2016-02-24,13.55,13.77,13.55,13.64,8676
2016-02-25,13.76,13.97,13.58,13.91,16985
2016-02-26,13.97,14.37,13.82,14.29,70399
2016-02-29,14.2,14.25,14.02,14.23,11041
2016-03-01,14.21,14.41,14.02,14.34,19805
2016-03-02,14.31,14.4,14.26,14.35,22931
2016-03-03,14.41,14.49,14.27,14.34,19217
2016-03-04,14.31,14.56,14.31,14.45,17054
2016-03-07,14.38,14.55,14.28,14.39,5624
2016-03-08,14.17,14.42,14.17,14.21,10114
2016-03-09,14.17,14.53,14.13,14.25,21511
2016-03-10,14.26,14.46,14.0,14.13,8251
2016-03-11,14.24,14.34,14.22,14.34,5396
2016-03-14,14.24,14.48,14.24,14.38,11240
2016-03-15,14.32,14.4,14.22,14.23,6525
2016-03-16,14.22,14.4,14.2,14.29,15464
2016-03-17,14.35,14.61,14.34,14.47,19055
2016-03-18,14.31,14.57,14.27,14.28,59228
2016-03-21,14.38,14.59,14.35,14.55,13987
2016-03-22,14.45,14.56,14.41,14.41,10862
2016-03-23,14.46,14.5,14.16,14.17,16141
2016-03-24,14.2,14.49,14.2,14.41,13302
2016-03-28,14.5,14.63,14.33,14.5,29981
2016-03-29,14.05,14.23,14.05,14.2,11867
2016-03-30,14.2,14.29,14.2,14.24,11324
2016-03-31,14.28,14.28,14.11,14.16,24376
2016-04-01,14.12,14.25,14.07,14.23,9601
2016-04-04,14.25,14.25,14.08,14.17,18592
2016-04-05,14.07,14.19,14.01,14.18,8789
2016-04-06,14.08,14.18,14.06,14.15,3615
2016-04-07,14.15,14.22,14.05,14.14,1922
2016-04-08,14.22,14.24,14.05,14.12,2563
2016-04-11,14.18,14.19,14.05,14.12,15726
2016-04-12,14.12,14.24,14.1,14.19,14450
2016-04-13,14.23,14.25,14.17,14.24,9038
2016-04-14,14.25,14.26,14.07,14.07,15487
2016-04-15,14.13,14.25,14.01,14.24,19911
2016-04-18,14.13,14.3,14.09,14.2,9075
2016-04-19,14.14,14.28,14.03,14.27,5931
2016-04-20,14.13,14.3,14.13,14.21,4782
2016-04-21,14.15,14.25,14.15,14.23,4438
2016-04-22,14.2,14.3,14.18,14.2,7315
2016-04-25,14.18,14.25,14.15,14.24,6537
2016-04-26,14.19,14.3,14.18,14.27,19634
2016-04-27,14.21,14.33,14.21,14.27,14114
2016-04-28,14.19,14.25,14.19,14.23,20036
2016-04-29,14.25,14.26,14.15,14.21,13223
2016-05-02,14.25,14.35,14.22,14.32,4381
2016-05-03,14.29,14.29,14.15,14.19,7393
2016-05-04,14.18,14.26,14.15,14.15,10861
2016-05-05,14.15,14.36,14.15,14.29,23713
2016-05-06,14.14,14.4,14.14,14.4,10785
2016-05-09,14.31,14.43,14.31,14.39,11502
2016-05-10,14.4,14.45,14.37,14.4,5929
2016-05-11,14.45,14.54,14.38,14.49,32886
2016-05-12,14.54,14.6,14.52,14.59,35301
2016-05-13,14.58,14.74,14.58,14.74,34726
2016-05-16,14.77,14.97,14.76,14.96,31367
2016-05-17,14.98,15.1,14.94,15.05,26171
2016-05-18,15.11,15.15,15.05,15.05,36894
2016-05-19,15.06,15.08,14.81,14.98,20159
2016-05-20,15.05,15.15,14.97,15.13,25318
2016-05-23,15.19,15.28,15.11,15.23,49476
2016-05-24,15.22,15.32,15.17,15.21,17213
2016-05-25,15.21,15.29,15.11,15.21,25776
2016-05-26,15.16,15.31,15.16,15.22,29584
2016-05-27,15.23,15.4,15.23,15.4,34486
2016-05-31,15.5,15.6,15.48,15.57,40682
2016-06-01,15.57,15.63,15.45,15.58,23569
2016-06-02,15.58,15.84,15.58,15.77,25869
2016-06-03,15.72,15.78,15.47,15.48,24188
2016-06-06,15.36,15.61,15.21,15.57,51074
2016-06-07,15.33,15.65,15.33,15.65,13954
2016-06-08,15.78,15.8,15.6,15.8,53084
2016-06-09,15.8,15.8,15.68,15.76,27018
2016-06-10,15.72,15.8,15.69,15.74,24748
2016-06-13,15.65,15.79,15.65,15.67,19719
2016-06-14,15.72,15.94,15.68,15.89,56371
2016-06-15,15.95,15.95,15.79,15.85,62936
2016-06-16,15.8,15.89,15.8,15.84,23033
2016-06-17,15.87,15.95,15.8,15.93,81140
2016-06-20,15.93,16.04,15.93,16.04,31365
2016-06-21,16.0,16.09,15.9,16.01,40176
2016-06-22,16.03,16.08,15.96,15.99,46440
2016-06-23,16.0,16.09,15.92,16.01,49080
2016-06-24,15.85,16.04,15.77,15.88,60536
2016-06-27,15.96,15.99,15.86,15.94,77303
2016-06-28,15.7,15.7,15.54,15.61,55550
2016-06-29,15.66,15.72,15.55,15.58,58589
2016-06-30,15.62,15.69,15.5,15.57,66648
2016-07-01,15.57,15.68,15.37,15.59,27391
2016-07-05,15.67,15.67,15.39,15.48,38730
2016-07-06,15.42,15.55,15.4,15.48,53901
2016-07-07,15.52,15.52,15.25,15.3,46372
2016-07-08,15.33,15.49,15.19,15.22,54911
2016-07-11,15.31,15.35,15.21,15.25,35793
2016-07-12,15.39,15.39,15.2,15.25,73793
2016-07-13,15.25,15.37,15.1,15.24,52496
2016-07-14,15.27,15.27,15.07,15.14,64036
2016-07-15,15.19,15.26,14.94,14.99,99179
2016-07-18,15.1,15.29,14.98,15.07,120785
2016-07-19,15.28,15.5,15.18,15.39,78345
2016-07-20,15.49,15.5,15.28,15.35,115707
2016-07-21,15.43,15.45,15.26,15.31,28091
2016-07-22,15.42,15.5,15.16,15.36,139382
2016-07-25,15.47,15.48,15.31,15.42,10581
2016-07-26,15.44,15.58,15.39,15.48,31133
2016-07-27,15.6,15.6,15.36,15.5,22837
2016-07-28,15.55,15.55,15.29,15.42,14023
2016-07-29,15.49,15.57,15.32,15.42,25623
2016-08-01,15.48,15.67,15.43,15.58,22204
2016-08-02,15.59,15.63,15.5,15.59,9375
2016-08-03,15.6,15.64,15.47,15.62,16207
2016-08-04,15.57,15.57,15.32,15.33,16483
2016-08-05,15.32,15.57,15.32,15.56,30398
2016-08-08,15.62,15.68,15.54,15.55,34110
2016-08-09,15.55,15.71,15.52,15.64,41360
2016-08-10,15.7,16.0,15.7,15.98,77799
2016-08-11,16.06,16.06,15.86,15.89,31631
2016-08-12,15.93,16.04,15.87,16.0,57194
2016-08-15,16.0,16.07,15.9,15.99,45667
2016-08-16,16.0,16.05,15.97,16.02,39646
2016-08-17,16.05,16.05,15.95,15.99,32644
2016-08-18,15.94,16.03,15.94,15.94,22831
2016-08-19,15.9,16.01,15.9,15.96,19630
2016-08-22,15.99,16.1,15.97,16.03,31427
2016-08-23,15.99,16.11,15.96,15.97,58629
2016-08-24,16.16,16.16,15.97,16.0,16517
2016-08-25,16.07,16.14,15.99,16.02,29731
2016-08-26,16.1,16.14,15.97,16.01,33032
2016-08-29,16.21,16.24,16.05,16.11,25338
2016-08-30,16.24,16.42,16.13,16.41,57658
2016-08-31,16.6,16.6,16.46,16.52,34204
2016-09-01,16.52,16.65,16.29,16.4,21220
2016-09-02,16.39,16.65,16.39,16.61,17612
2016-09-06,16.65,16.73,16.62,16.72,32526
2016-09-07,16.75,16.87,16.72,16.86,36374
2016-09-08,16.91,17.01,16.85,16.97,22825
2016-09-09,16.98,16.98,16.6,16.63,37938
2016-09-12,16.5,16.7,16.32,16.59,25956
2016-09-13,16.61,16.75,16.5,16.55,12189
2016-09-14,16.5,16.71,16.5,16.66,15193
2016-09-15,16.66,17.1,16.64,17.09,50348
2016-09-16,17.14,17.25,16.95,16.96,58987
2016-09-19,17.0,17.29,17.0,17.23,35099
2016-09-20,17.25,17.25,17.15,17.25,20041
2016-09-21,17.29,17.39,17.24,17.31,27184
2016-09-22,17.49,17.54,17.44,17.48,40641
2016-09-23,17.53,17.72,17.5,17.65,43473
2016-09-26,17.65,17.89,17.55,17.56,74524
2016-09-27,17.6,18.02,17.6,17.94,80392
2016-09-28,17.48,17.51,17.06,17.28,44328
2016-09-29,17.34,17.37,17.11,17.16,15147
2016-09-30,17.24,17.32,17.03,17.11,15406
2016-10-03,17.21,17.21,16.99,17.09,28008
2016-10-04,17.02,17.02,16.21,16.5,82435
2016-10-05,16.51,16.71,16.46,16.48,29133
2016-10-06,16.48,16.48,16.39,16.4,25088
2016-10-07,16.42,16.52,16.4,16.4,16243
2016-10-10,16.37,16.64,16.37,16.44,15128
2016-10-11,16.46,16.46,16.36,16.38,29136
2016-10-12,16.43,16.43,16.13,16.21,65272
2016-10-13,16.21,16.31,16.18,16.18,69273
2016-10-14,16.24,16.35,16.12,16.19,13897
2016-10-17,16.2,16.33,16.12,16.17,20513
2016-10-18,16.19,16.19,16.04,16.1,42080
2016-10-19,16.17,16.19,16.1,16.11,7568
2016-10-20,16.17,16.17,16.1,16.1,17948
2016-10-21,16.14,16.2,16.09,16.2,9683
2016-10-24,16.2,16.32,16.15,16.18,20569
2016-10-25,16.18,16.4,16.18,16.3,47157
2016-10-26,16.25,16.44,16.24,16.29,17825
2016-10-27,16.27,16.33,16.11,16.14,13960
2016-10-28,16.11,16.23,16.02,16.04,26175
2016-10-31,16.04,16.23,16.0,16.16,20758
2016-11-01,16.23,16.23,16.05,16.06,11483
2016-11-02,16.05,16.35,16.01,16.18,42978
2016-11-03,16.14,16.4,16.04,16.11,29026
2016-11-04,16.1,16.37,16.08,16.14,16851
2016-11-07,16.14,16.29,16.07,16.09,16389
2016-11-08,16.08,16.31,16.08,16.31,12348
2016-11-09,16.23,16.44,16.0,16.33,32056
2016-11-10,16.49,16.73,16.35,16.5,42411
2016-11-11,16.56,16.75,16.46,16.7,43367
2016-11-14,16.79,16.89,16.6,16.6,47612
2016-11-15,16.7,16.7,16.29,16.62,51830
2016-11-16,16.61,17.08,16.61,16.97,101859
2016-11-17,16.88,17.12,16.88,17.0,50942
2016-11-18,17.12,17.25,16.99,17.21,42895
2016-11-21,17.21,17.53,17.19,17.5,58063
2016-11-22,17.53,17.75,17.53,17.75,39285
2016-11-23,17.69,17.88,17.54,17.55,50887
2016-11-25,17.6,17.89,17.6,17.89,39689
2016-11-28,17.8,17.9,17.8,17.84,90295
2016-11-29,17.9,18.08,17.81,18.0,70679
2016-11-30,17.9,18.03,17.71,17.71,51249
2016-12-01,17.8,17.95,17.65,17.83,66037
2016-12-02,17.82,17.97,17.74,17.97,50020
2016-12-05,18.11,18.25,17.95,18.19,64133
2016-12-06,18.2,18.44,18.14,18.39,53591
2016-12-07,18.33,18.65,18.33,18.54,81507
2016-12-08,18.54,18.75,18.45,18.72,34833
2016-12-09,18.8,18.92,18.65,18.65,64464
2016-12-12,18.67,18.89,18.66,18.85,43780
2016-12-13,18.85,18.95,18.57,18.61,37578
2016-12-14,18.56,18.72,18.39,18.52,50253
2016-12-15,18.61,18.61,18.13,18.4,97206
2016-12-16,18.35,18.77,18.35,18.48,42999
2016-12-19,18.58,18.58,18.46,18.49,55469
2016-12-20,18.5,18.62,18.5,18.6,48288
2016-12-21,18.52,18.66,18.52,18.61,58415
2016-12-22,18.6,18.65,18.5,18.65,57384
2016-12-23,18.72,18.75,18.64,18.75,41837
2016-12-27,18.66,18.8,18.65,18.79,78281
2016-12-28,18.21,18.26,18.08,18.16,31150
2016-12-29,18.23,18.29,18.11,18.24,32404
2016-12-30,18.25,18.31,18.09,18.19,35263
2017-01-03,18.31,18.35,18.26,18.27,161045
2017-01-04,18.39,18.65,18.39,18.55,95166
2017-01-05,18.59,18.65,18.29,18.37,54824
2017-01-06,18.4,18.65,18.4,18.51,36097
2017-01-09,18.64,18.78,18.54,18.72,58719
2017-01-10,18.79,18.85,18.53,18.85,61272
2017-01-11,18.75,18.9,18.61,18.84,24641
2017-01-12,18.8,18.9,18.61,18.62,19172
2017-01-13,18.62,18.65,18.43,18.56,25966
2017-01-17,18.45,18.77,18.45,18.67,26020
2017-01-18,18.63,18.93,18.5,18.68,39573
2017-01-19,18.74,18.82,18.62,18.75,18369
2017-01-20,18.75,18.78,18.63,18.66,15496
2017-01-23,18.56,18.66,18.25,18.29,76429
2017-01-24,18.15,18.39,18.11,18.12,46118
2017-01-25,18.15,18.25,17.64,17.66,137192
2017-01-26,17.74,18.29,17.74,18.24,67381
2017-01-27,18.15,18.15,17.96,18.02,37637
2017-01-30,18.02,18.02,17.74,17.85,56080
2017-01-31,17.94,18.05,17.65,17.9,50885
2017-02-01,17.9,18.0,17.49,17.64,61273
2017-02-02,17.65,17.93,17.65,17.93,35053
2017-02-03,18.0,18.16,17.9,18.08,19605
2017-02-06,18.02,18.14,17.91,18.14,41598
2017-02-07,18.01,18.16,18.01,18.12,16508
2017-02-08,18.06,18.14,17.93,18.04,15154
2017-02-09,17.99,18.05,17.92,17.92,25688
2017-02-10,17.9,18.13,17.9,18.06,36329
2017-02-13,18.12,18.24,18.02,18.14,34171
2017-02-14,18.11,18.18,17.92,17.98,29769
2017-02-15,17.92,18.04,17.85,17.99,62785
2017-02-16,18.04,18.17,17.97,18.08,43982
2017-02-17,18.16,18.24,17.84,17.98,27751
2017-02-21,18.13,18.41,18.01,18.4,52334
2017-02-22,18.33,18.38,18.06,18.25,46716
2017-02-23,18.25,18.49,18.22,18.49,30283
2017-02-24,18.49,18.67,18.49,18.66,24527
2017-02-27,18.55,18.64,18.47,18.6,21747
2017-02-28,18.61,18.66,18.5,18.55,14270
2017-03-01,18.44,18.6,18.33,18.35,31488
2017-03-02,18.49,18.49,18.31,18.37,19808
2017-03-03,18.47,18.48,18.31,18.46,24286
2017-03-06,18.45,18.49,18.22,18.27,29709
2017-03-07,18.27,18.48,18.27,18.32,14257
2017-03-08,18.37,18.37,18.02,18.15,23867
2017-03-09,18.3,18.54,18.05,18.09,26710
2017-03-10,18.21,18.3,18.11,18.23,17659
2017-03-13,18.41,18.41,18.12,18.12,34635
2017-03-14,18.21,18.23,17.94,18.16,39402
2017-03-15,18.6,19.0,18.58,18.98,48356
2017-03-16,18.64,18.64,18.33,18.62,35348
2017-03-17,18.5,19.14,18.5,19.13,89159
2017-03-20,18.99,19.05,18.9,18.99,57367
2017-03-21,18.99,18.99,18.57,18.59,102519
2017-03-22,18.6,18.75,18.25,18.42,106986
2017-03-23,17.49,17.68,16.75,16.93,1106310
2017-03-24,16.46,16.89,16.4,16.56,4505733
2017-03-27,16.69,16.75,16.51,16.7,381898
2017-03-28,16.7,16.91,16.61,16.84,365882
2017-03-29,16.8,17.08,16.77,16.95,225433
2017-03-30,17.0,17.12,16.93,17.09,284755
2017-03-31,17.1,17.14,16.98,17.09,159484
2017-04-03,17.05,17.28,17.04,17.26,291843
2017-04-04,17.25,17.48,17.24,17.48,344292
2017-04-05,17.37,17.5,17.25,17.25,161627
2017-04-06,17.25,17.4,17.17,17.27,190631
2017-04-07,17.21,17.4,17.0,17.0,280314
2017-04-10,17.04,17.34,17.02,17.27,165143
2017-04-11,17.32,17.43,17.29,17.34,196993
2017-04-12,17.35,17.39,17.21,17.35,142529
2017-04-13,17.31,17.42,17.27,17.36,114196
2017-04-17,17.35,17.45,17.28,17.39,139311
2017-04-18,17.4,17.53,17.37,17.44,234748
2017-04-19,17.45,17.52,17.42,17.46,148616
2017-04-20,17.5,17.54,17.31,17.45,223298
2017-04-21,17.45,17.54,17.45,17.47,125954
2017-04-24,17.59,17.6,17.48,17.49,169815
2017-04-25,17.57,17.59,17.5,17.55,106616
2017-04-26,17.55,17.59,17.54,17.58,174289
2017-04-27,17.56,17.69,17.56,17.67,173267
2017-04-28,17.68,17.7,17.34,17.39,123380
2017-05-01,17.4,17.71,17.39,17.65,106924
2017-05-02,17.75,17.75,17.51,17.6,101741
2017-05-03,17.6,17.72,17.44,17.58,309604
2017-05-04,17.54,17.62,17.23,17.4,179352
2017-05-05,17.39,17.5,17.21,17.33,108267
2017-05-08,17.32,17.38,17.15,17.25,140179
2017-05-09,17.22,17.32,16.57,16.63,386670
2017-05-10,16.85,17.43,16.85,17.38,347288
2017-05-11,17.35,17.48,17.25,17.38,123086
2017-05-12,17.38,17.66,17.38,17.5,208802
2017-05-15,17.41,17.74,17.35,17.74,206071
2017-05-16,17.75,17.81,17.65,17.79,169761
2017-05-17,17.8,17.84,17.73,17.79,114624
2017-05-18,17.75,17.87,17.73,17.83,165102
2017-05-19,17.89,18.0,17.87,17.94,346346
2017-05-22,17.95,18.1,17.95,18.08,261693
2017-05-23,18.12,18.25,18.07,18.2,220599
2017-05-24,18.2,18.33,18.2,18.25,197131
2017-05-25,18.29,18.38,18.26,18.35,161198
2017-05-26,18.37,18.37,18.24,18.33,110235
2017-05-30,18.37,18.37,18.19,18.22,164571
2017-05-31,18.3,18.3,17.97,18.09,135016
2017-06-01,18.18,18.19,17.89,18.05,127233
2017-06-02,18.04,18.09,17.93,18.04,126451
2017-06-05,18.0,18.0,17.61,17.78,200206
2017-06-06,17.83,17.84,17.52,17.83,144886
2017-06-07,17.89,17.96,17.8,17.85,140284
2017-06-08,17.85,17.88,17.74,17.82,106917
2017-06-09,17.9,18.32,17.82,18.17,150375
2017-06-12,18.18,18.49,18.18,18.33,223795
2017-06-13,18.4,18.4,18.14,18.35,235832
2017-06-14,18.35,18.38,18.06,18.3,179135
2017-06-15,18.32,18.48,18.28,18.42,175110
2017-06-16,18.5,18.94,18.44,18.94,507006
2017-06-19,19.0,19.0,18.79,18.86,243924
2017-06-20,18.79,18.91,18.64,18.81,145737
2017-06-21,18.8,18.94,18.4,18.5,196869
2017-06-22,18.5,18.78,18.49,18.58,181033
2017-06-23,18.7,18.96,18.56,18.86,1526941
2017-06-26,18.88,19.09,18.76,19.01,338161
2017-06-27,18.97,19.09,18.78,18.8,360842
2017-06-28,18.49,19.13,18.28,18.97,306630
2017-06-29,18.95,18.95,18.37,18.59,225265
2017-06-30,18.64,18.64,18.38,18.47,135004
2017-07-03,18.43,18.79,18.39,18.69,105306
2017-07-05,18.68,18.73,18.4,18.63,175580
2017-07-06,18.53,18.59,18.37,18.45,165028
2017-07-07,18.38,18.52,18.27,18.51,152010
2017-07-10,18.52,18.69,18.39,18.62,137249
2017-07-11,18.62,18.78,18.47,18.78,226326
2017-07-12,18.89,19.09,18.75,18.97,269471
2017-07-13,18.97,18.99,18.58,18.73,155109
2017-07-14,18.67,18.93,18.66,18.86,94555
2017-07-17,18.85,19.0,18.78,18.92,127336
2017-07-18,18.86,18.94,18.69,18.78,162551
2017-07-19,18.86,18.92,18.72,18.8,150898
2017-07-20,18.85,19.14,18.78,19.03,162861
2017-07-21,19.17,19.17,18.86,19.01,172275
2017-07-24,19.01,19.07,18.9,18.99,146591
2017-07-25,19.08,19.08,18.76,18.89,159402
2017-07-26,18.99,19.01,18.84,18.95,108317
2017-07-27,18.95,19.1,18.9,19.06,102993
2017-07-28,19.05,19.08,18.87,18.96,71394
2017-07-31,,19.24,,19.19,195598
2017-08-01,19.22,19.33,19.07,19.32,89329
