Date,Open,High,Low,Close,Volume
2014-05-08,15.25,16.43,13.95,14.1,7691734
2014-05-09,14.14,15.0,14.0,14.26,1128080
2014-05-12,14.48,14.74,14.3,14.5,309790
2014-05-13,14.4,14.51,12.5,12.51,992536
2014-05-14,12.95,13.81,12.95,13.71,502526
2014-05-15,13.82,13.97,13.3,13.66,299364
2014-05-16,13.5,13.61,13.31,13.49,222889
2014-05-19,13.5,13.52,12.9,13.0,277664
2014-05-20,13.18,13.81,13.1,13.42,474600
2014-05-21,13.24,13.7,13.24,13.64,167444
2014-05-22,13.81,14.9,13.8,14.89,698885
2014-05-23,14.88,15.0,14.1,14.76,316087
2014-05-27,14.8,15.6,14.65,15.01,660574
2014-05-28,14.6,15.9,14.45,15.35,848698
2014-05-29,15.05,16.97,14.8,16.63,1550818
2014-05-30,16.8,17.8,16.77,17.77,1318068
2014-06-02,17.97,18.1,17.1,17.3,566995
2014-06-03,17.25,17.32,14.5,14.54,957938
2014-06-04,15.0,15.98,15.0,15.5,557088
2014-06-05,15.75,16.34,15.61,16.19,416281
2014-06-06,16.58,20.79,16.47,19.75,2257264
2014-06-09,19.82,20.29,18.77,19.23,985822
2014-06-10,19.24,20.57,19.09,20.52,1255123
2014-06-11,20.3,21.21,19.71,20.63,761908
2014-06-12,20.8,22.2,20.63,21.34,890734
2014-06-13,21.65,22.5,21.38,21.98,761395
2014-06-16,21.79,21.79,20.36,21.17,689498
2014-06-17,21.48,23.73,21.15,23.64,1283199
2014-06-18,24.32,24.88,23.3,24.53,1186861
2014-06-19,24.88,25.0,23.03,23.08,698786
2014-06-20,23.06,23.42,21.54,21.8,864426
2014-06-23,21.63,23.37,20.58,23.27,1538168
2014-06-24,23.38,23.62,21.48,21.75,599728
2014-06-25,22.28,22.9,21.75,21.92,876978
2014-06-26,21.89,23.38,21.68,22.18,744089
2014-06-27,22.2,22.35,21.15,21.24,1028241
2014-06-30,21.31,22.21,21.12,21.24,1012728
2014-07-01,21.58,21.92,20.93,21.28,919073
2014-07-02,21.46,21.75,20.91,20.92,863582
2014-07-03,21.05,21.33,20.71,20.92,632512
2014-07-07,21.01,21.09,19.8,20.32,1599663
2014-07-08,20.04,20.14,18.8,18.82,1608039
2014-07-09,19.1,19.5,18.81,18.84,966401
2014-07-10,18.71,20.17,18.26,19.44,1205122
2014-07-11,19.45,21.0,19.31,21.0,591766
2014-07-14,21.32,21.68,19.66,20.21,932266
2014-07-15,20.0,21.18,19.9,20.66,878517
2014-07-16,21.06,21.14,20.35,20.84,398729
2014-07-17,20.59,20.59,19.59,19.97,583520
2014-07-18,19.94,20.37,19.3,19.42,553480
2014-07-21,19.7,19.7,19.03,19.17,568760
2014-07-22,19.4,20.78,19.4,19.99,468869
2014-07-23,20.0,20.6,19.8,20.2,425350
2014-07-24,20.82,21.5,20.14,20.32,909477
2014-07-25,20.81,21.25,20.03,20.63,493992
2014-07-28,21.0,21.0,19.51,19.61,901337
2014-07-29,19.78,20.08,19.58,19.58,562894
2014-07-30,19.6,19.9,18.82,18.88,552326
2014-07-31,18.85,20.18,18.03,19.15,2092125
2014-08-01,19.24,20.94,19.1,20.66,1252517
2014-08-04,20.16,20.79,19.72,20.5,477396
2014-08-05,20.3,20.69,19.84,20.14,484264
2014-08-06,20.38,22.89,20.32,22.04,1651611
2014-08-07,22.28,25.87,22.17,24.84,1474910
2014-08-08,25.03,25.06,23.61,24.02,474228
2014-08-11,24.03,26.95,24.03,26.75,992597
2014-08-12,26.36,27.1,25.8,26.88,782477
2014-08-13,26.87,27.77,26.02,26.89,835116
2014-08-14,26.88,26.88,25.8,26.01,553998
2014-08-15,26.03,28.49,25.9,28.39,1046514
2014-08-18,28.52,28.65,26.5,26.9,1555251
2014-08-19,28.85,30.37,26.25,26.66,2752917
2014-08-20,27.0,27.85,26.26,26.79,1609723
2014-08-21,26.99,27.18,25.65,26.1,889126
2014-08-22,26.15,27.4,26.15,27.0,598443
2014-08-25,27.23,27.8,26.54,27.07,547834
2014-08-26,27.07,29.67,26.72,29.39,1435538
2014-08-27,29.8,29.89,28.02,28.76,881719
2014-08-28,27.92,28.58,27.56,28.0,704530
2014-08-29,28.17,28.8,26.25,26.37,762010
2014-09-02,26.5,28.0,26.28,27.9,614828
2014-09-03,28.2,28.78,26.38,26.56,846345
2014-09-04,26.57,27.42,26.26,26.51,703245
2014-09-05,26.61,27.15,26.34,26.9,297880
2014-09-08,26.7,30.35,26.7,30.34,2207992
2014-09-09,30.6,30.77,26.95,27.28,1420962
2014-09-10,27.59,28.85,26.5,26.81,1029416
2014-09-11,26.6,27.42,26.3,26.99,645021
2014-09-12,27.24,27.25,26.38,26.56,360423
2014-09-15,26.6,26.79,23.84,24.1,1361223
2014-09-16,24.0,24.68,23.51,24.23,1178692
2014-09-17,24.59,25.32,24.13,24.75,599509
2014-09-18,24.75,25.38,24.13,24.42,484619
2014-09-19,24.6,24.7,23.62,24.59,644235
2014-09-22,24.92,24.99,22.88,23.4,801675
2014-09-23,23.01,23.31,20.0,20.23,2300358
2014-09-24,20.55,22.33,20.52,21.7,1801430
2014-09-25,21.59,21.69,20.61,20.71,485355
2014-09-26,20.65,20.99,19.65,20.03,1001577
2014-09-29,19.71,19.71,18.14,18.74,1818471
2014-09-30,18.9,19.55,18.2,18.25,909738
2014-10-01,18.15,18.72,17.7,17.77,1423630
2014-10-02,17.7,18.55,17.01,18.51,879062
2014-10-03,18.8,19.43,17.96,18.0,1374691
2014-10-06,18.26,18.86,17.6,17.66,965107
2014-10-07,17.45,18.44,17.08,17.97,1210666
2014-10-08,18.0,18.39,16.98,18.39,1314494
2014-10-09,18.29,18.29,16.9,17.01,1251250
2014-10-10,16.89,17.07,15.79,16.61,1047768
2014-10-13,16.6,17.75,16.1,16.85,612027
2014-10-14,17.13,17.75,16.6,16.66,510881
2014-10-15,16.48,17.54,16.48,17.49,493592
2014-10-16,17.1,18.64,17.05,18.34,797695
2014-10-17,18.82,19.8,18.81,19.02,1279772
2014-10-20,18.91,19.54,18.21,18.41,654624
2014-10-21,18.74,18.76,18.25,18.42,470701
2014-10-22,18.63,19.03,17.5,17.58,927997
2014-10-23,17.46,18.21,17.46,17.95,541328
2014-10-24,17.85,17.87,16.34,16.68,1190551
2014-10-27,16.55,17.1,16.3,16.69,724313
2014-10-28,16.97,17.8,16.92,17.79,663101
2014-10-29,17.82,18.85,17.81,18.85,891386
2014-10-30,18.48,20.66,18.48,20.11,1269998
2014-10-31,20.62,21.35,19.76,19.82,719124
2014-11-03,20.0,20.0,19.0,19.16,651919
2014-11-04,19.0,20.29,19.0,20.29,429942
2014-11-05,21.0,21.04,19.2,19.24,634773
2014-11-06,19.5,20.14,19.23,20.09,439117
2014-11-07,20.43,20.81,19.63,20.2,660258
2014-11-10,21.3,21.67,20.27,20.56,1544349
2014-11-11,20.0,20.06,17.85,18.02,1549669
2014-11-12,18.02,19.69,18.02,18.67,1230669
2014-11-13,18.65,19.16,18.19,18.49,990890
2014-11-14,18.47,19.39,18.41,19.39,693500
2014-11-17,19.0,19.87,19.0,19.5,538009
2014-11-18,19.28,19.7,19.0,19.08,382103
2014-11-19,18.95,19.11,17.51,17.77,685837
2014-11-20,17.75,18.3,17.6,17.65,395438
2014-11-21,18.01,18.63,17.87,18.62,583483
2014-11-24,18.63,18.78,17.87,17.91,475022
2014-11-25,17.98,18.34,17.49,17.52,449229
2014-11-26,17.6,18.05,17.59,17.77,283947
2014-11-28,17.98,18.1,17.24,17.55,292440
2014-12-01,17.39,17.54,16.98,17.37,477789
2014-12-02,17.1,17.36,16.69,16.87,1056782
2014-12-03,16.69,16.95,16.22,16.42,368905
2014-12-04,16.36,16.5,15.5,15.74,842868
2014-12-05,15.94,16.99,15.74,16.44,1485976
2014-12-08,16.22,16.5,14.95,15.15,1565067
2014-12-09,14.85,15.82,14.78,15.82,1164178
2014-12-10,15.62,15.7,15.27,15.4,921177
2014-12-11,15.4,15.77,14.91,15.36,1940067
2014-12-12,15.05,15.74,14.99,15.65,587138
2014-12-15,15.66,15.68,15.03,15.18,378908
2014-12-16,15.08,15.25,14.77,14.93,436440
2014-12-17,14.9,15.13,14.76,14.96,497553
2014-12-18,15.07,15.27,14.85,14.96,763937
2014-12-19,15.0,15.08,14.77,15.04,531566
2014-12-22,15.07,15.2,14.95,15.01,550628
2014-12-23,15.04,15.18,14.81,15.02,404980
2014-12-24,15.0,15.15,14.94,15.0,92383
2014-12-26,15.08,15.45,15.0,15.42,379170
2014-12-29,15.48,15.75,14.94,14.95,587563
2014-12-30,14.95,15.2,14.92,15.0,506949
2014-12-31,14.94,15.32,14.94,15.12,255618
2015-01-02,15.1,15.62,15.1,15.45,654320
2015-01-05,15.58,17.14,15.55,16.94,1668751
2015-01-06,17.0,17.2,16.13,16.85,1222945
2015-01-07,17.05,17.97,16.9,17.89,783915
2015-01-08,18.0,19.0,17.62,18.93,904517
2015-01-09,19.01,19.32,18.45,19.21,560869
2015-01-12,19.1,19.1,17.06,17.75,1505933
2015-01-13,17.86,18.28,17.75,18.02,366559
2015-01-14,18.01,18.22,17.66,17.75,464225
2015-01-15,17.79,17.91,17.32,17.33,422442
2015-01-16,17.31,17.9,17.16,17.21,473941
2015-01-20,17.27,18.24,17.16,18.18,380004
2015-01-21,18.26,19.0,18.22,18.95,492441
2015-01-22,18.97,19.0,18.55,18.85,342510
2015-01-23,18.71,19.5,18.7,19.19,415457
2015-01-26,19.42,19.69,19.3,19.44,366301
2015-01-27,19.29,19.44,18.38,19.38,671187
2015-01-28,19.5,20.46,19.36,19.54,987028
2015-01-29,19.7,20.38,18.92,20.23,943999
2015-01-30,20.28,20.4,18.68,19.52,705595
2015-02-02,19.52,19.6,18.84,19.57,547888
2015-02-03,19.55,20.37,19.47,20.07,512517
2015-02-04,20.0,20.26,19.75,20.12,278556
2015-02-05,20.35,21.12,20.0,20.95,739168
2015-02-06,20.73,20.85,19.92,20.29,817490
2015-02-09,20.16,20.49,20.02,20.22,367148
2015-02-10,20.28,21.49,20.13,21.47,625649
2015-02-11,21.54,21.54,19.92,19.93,706456
2015-02-12,20.03,20.46,19.76,20.1,570151
2015-02-13,20.11,20.57,20.05,20.2,211805
2015-02-17,20.2,20.28,19.3,19.39,360547
2015-02-18,19.29,19.57,19.27,19.48,254976
2015-02-19,19.52,20.66,19.3,20.65,368428
2015-02-20,20.52,20.6,19.51,19.51,466134
2015-02-23,19.51,20.04,19.5,19.54,256388
2015-02-24,19.67,20.12,19.49,20.04,262662
2015-02-25,20.06,20.1,19.8,19.91,177858
2015-02-26,19.76,19.89,19.3,19.34,476230
2015-02-27,19.3,19.78,19.16,19.25,329671
2015-03-02,19.29,19.29,18.04,18.51,1068556
2015-03-03,18.3,18.35,16.56,16.82,1260213
2015-03-04,16.87,18.12,16.68,17.31,1009985
2015-03-05,17.46,18.06,17.04,17.85,523836
2015-03-06,17.85,18.8,17.85,18.39,699395
2015-03-09,18.52,19.19,18.41,18.51,555559
2015-03-10,18.35,18.39,17.92,18.33,214628
2015-03-11,18.4,18.56,17.82,18.31,211783
2015-03-12,18.13,18.76,18.05,18.33,283910
2015-03-13,18.55,18.86,17.81,18.84,998230
2015-03-16,19.21,19.64,18.82,18.9,992622
2015-03-17,18.81,19.01,18.08,18.29,768211
2015-03-18,18.17,18.64,17.9,18.13,512157
2015-03-19,18.07,19.0,18.01,18.63,559801
2015-03-20,18.69,18.69,17.2,17.53,2622046
2015-03-23,18.72,19.4,18.3,18.59,1560561
2015-03-24,18.6,18.69,17.47,17.5,1645250
2015-03-25,17.55,17.99,16.38,16.75,1231907
2015-03-26,16.75,17.14,16.48,16.52,514279
2015-03-27,17.05,17.67,17.0,17.52,736745
2015-03-30,17.71,18.25,17.12,17.52,724450
2015-03-31,17.26,17.72,17.02,17.09,382367
2015-04-01,17.24,17.9,17.23,17.46,595093
2015-04-02,17.77,20.1,17.77,20.09,2414014
2015-04-06,19.75,21.5,19.03,21.29,1786209
2015-04-07,21.15,25.0,21.15,23.95,3976001
2015-04-08,24.18,25.55,23.21,24.24,2203912
2015-04-09,24.11,24.11,21.66,22.02,2196413
2015-04-10,22.28,23.85,22.28,23.67,1606705
2015-04-13,23.66,24.28,22.52,22.62,1202160
2015-04-14,23.17,23.2,21.7,22.71,934574
2015-04-15,23.01,23.45,21.88,22.74,875403
2015-04-16,23.05,24.21,22.6,22.96,1418648
2015-04-17,22.48,23.15,21.63,22.8,1481788
2015-04-20,23.0,23.29,21.91,22.04,724105
2015-04-21,22.2,22.96,21.71,21.77,1560094
2015-04-22,21.9,23.86,21.9,23.51,1788226
2015-04-23,23.56,24.29,23.26,23.98,1724834
2015-04-24,24.2,24.47,23.73,24.11,1423740
2015-04-27,24.31,24.5,23.07,23.48,867727
2015-04-28,23.03,24.45,23.0,24.1,1137444
2015-04-29,23.95,24.25,23.34,23.51,402559
2015-04-30,23.22,23.34,22.13,22.66,984368
2015-05-01,22.29,23.15,22.0,22.83,401326
2015-05-04,23.06,24.41,22.89,23.43,524066
2015-05-05,22.96,23.19,22.54,22.67,597299
2015-05-06,22.61,22.79,21.93,22.73,974378
2015-05-07,22.87,23.09,21.98,22.67,859347
2015-05-08,22.88,23.18,22.42,22.59,405112
2015-05-11,22.98,25.5,22.95,24.9,2314444
2015-05-12,24.64,26.4,23.85,25.98,2920289
2015-05-13,25.64,26.93,25.46,26.83,1681547
2015-05-14,27.0,29.88,26.95,28.85,3075412
2015-05-15,28.55,30.84,28.41,30.53,2513380
2015-05-18,30.17,30.68,29.14,30.04,1930292
2015-05-19,30.57,35.0,30.06,34.73,4676171
2015-05-20,34.45,36.63,32.68,35.08,3515524
2015-05-21,34.92,34.92,32.81,33.99,1842515
2015-05-22,34.12,34.29,32.3,33.46,1568040
2015-05-26,33.2,33.46,31.7,32.26,1230839
2015-05-27,32.46,33.31,30.89,32.97,1287740
2015-05-28,32.5,32.76,31.15,32.07,791847
2015-05-29,31.99,33.16,31.52,31.84,888062
2015-06-01,33.0,33.99,31.8,32.4,1411027
2015-06-02,32.49,33.5,32.1,32.48,900318
2015-06-03,32.74,34.0,32.03,33.54,960451
2015-06-04,33.39,34.59,32.52,33.1,854987
2015-06-05,32.53,35.53,32.12,34.84,1608092
2015-06-08,34.64,36.13,34.02,34.25,1070749
2015-06-09,34.16,34.74,30.74,32.68,1817925
2015-06-10,32.59,32.65,31.48,31.92,708049
2015-06-11,32.0,32.68,31.56,32.24,852956
2015-06-12,32.25,34.85,32.24,34.1,1512511
2015-06-15,33.67,33.99,32.8,33.49,554107
2015-06-16,33.5,33.5,31.32,32.39,1082204
2015-06-17,33.09,34.5,32.5,33.76,1493187
2015-06-18,33.47,36.37,32.7,34.96,2534952
2015-06-19,35.02,35.36,33.2,33.75,1171964
2015-06-22,34.97,35.02,31.61,33.09,984975
2015-06-23,33.54,33.73,32.21,33.08,650322
2015-06-24,33.26,35.67,32.58,33.08,1750791
2015-06-25,33.06,34.28,32.87,33.06,682877
2015-06-26,32.58,32.88,30.1,31.01,3140200
2015-06-29,29.39,29.49,27.57,28.0,3069770
2015-06-30,29.1,30.7,28.33,28.71,1260975
2015-07-01,28.66,29.5,26.8,27.25,1092837
2015-07-02,26.84,27.36,26.05,26.96,1016210
2015-07-06,25.35,26.14,24.02,24.92,1216277
2015-07-07,23.8,23.91,19.0,22.11,4750710
2015-07-08,19.73,23.93,19.71,23.0,4986782
2015-07-09,24.89,26.68,24.81,25.78,3314580
2015-07-10,27.02,27.1,24.66,25.02,1880263
2015-07-13,25.62,26.2,24.8,25.26,1134982
2015-07-14,25.05,26.79,25.05,26.46,1252811
2015-07-15,25.96,26.2,25.0,25.36,1479704
2015-07-16,25.36,27.08,25.07,26.13,2750489
2015-07-17,26.75,27.19,25.65,26.54,1908546
2015-07-20,26.5,26.68,25.3,25.75,980010
2015-07-21,25.69,26.87,25.69,26.58,863203
2015-07-22,26.48,27.96,26.32,27.79,960360
2015-07-23,28.31,29.9,28.21,28.65,1654144
2015-07-24,28.5,28.77,26.54,26.93,1335831
2015-07-27,24.75,26.58,24.59,26.18,1504815
2015-07-28,26.2,27.62,26.08,27.59,799519
2015-07-29,27.83,28.22,26.28,27.03,1085609
2015-07-30,26.63,26.78,25.51,26.4,891988
2015-07-31,26.83,26.83,25.99,26.7,578047
2015-08-03,26.36,26.36,25.52,25.66,932626
2015-08-04,26.03,26.34,25.6,25.67,695834
2015-08-05,26.17,26.18,24.76,24.8,1642994
2015-08-06,24.96,25.08,23.88,24.43,2019579
2015-08-07,24.55,25.4,23.56,23.87,1134768
2015-08-10,24.55,24.93,23.8,24.41,1261538
2015-08-11,24.25,24.84,22.71,23.02,1457977
2015-08-12,22.28,24.15,22.12,23.5,1520781
2015-08-13,23.98,24.0,22.5,22.62,857854
2015-08-14,22.8,23.13,22.0,22.15,1298009
2015-08-17,22.41,22.56,21.51,22.49,1139350
2015-08-18,24.0,24.86,21.3,22.02,3623222
2015-08-19,21.73,22.28,19.1,19.12,2550742
2015-08-20,18.7,20.6,17.24,18.92,2691945
2015-08-21,17.84,19.26,17.33,17.83,1903802
2015-08-24,15.85,16.71,15.1,16.53,1869844
2015-08-25,17.79,17.79,16.19,16.23,1388970
2015-08-26,16.98,17.11,15.72,16.91,1011006
2015-08-27,17.61,19.06,17.46,18.52,1443077
2015-08-28,18.35,19.08,17.73,18.0,820402
2015-08-31,17.89,18.22,17.22,17.27,605963
2015-09-01,16.61,17.29,16.35,16.68,740031
2015-09-02,17.09,17.24,16.42,17.24,522974
2015-09-03,17.46,17.46,16.58,16.66,381590
2015-09-04,16.24,16.94,16.23,16.45,482644
2015-09-08,17.15,17.71,17.0,17.09,629017
2015-09-09,17.41,18.2,16.91,16.97,554765
2015-09-10,17.16,17.3,16.5,16.91,394990
2015-09-11,16.82,16.83,16.03,16.79,351410
2015-09-14,16.76,16.76,15.93,16.54,531648
2015-09-15,16.5,17.13,16.34,16.82,473499
2015-09-16,17.46,18.2,17.29,17.84,1420689
2015-09-17,17.67,18.88,17.67,18.3,1079112
2015-09-18,18.46,19.16,18.1,18.93,1528503
2015-09-21,18.95,19.92,18.72,19.0,1091001
2015-09-22,18.64,18.64,17.11,17.18,1216573
2015-09-23,17.17,17.59,16.4,16.41,864286
2015-09-24,16.13,16.57,15.92,16.53,852931
2015-09-25,16.78,17.12,15.84,15.96,935934
2015-09-28,15.86,16.36,15.3,15.82,890919
2015-09-29,15.59,15.59,13.33,14.0,2184750
2015-09-30,14.21,15.2,14.02,14.46,1911154
2015-10-01,14.42,15.12,13.83,13.98,1073312
2015-10-02,13.88,15.58,13.8,14.96,1533744
2015-10-05,15.12,15.59,14.8,15.03,1116236
2015-10-06,14.99,16.95,14.99,16.81,1222276
2015-10-07,17.32,17.88,16.66,17.7,1378815
2015-10-08,17.99,18.26,16.24,17.1,893547
2015-10-09,16.95,17.3,16.84,17.01,390880
2015-10-12,17.33,17.97,17.18,17.85,801698
2015-10-13,17.67,17.78,17.2,17.22,386277
2015-10-14,17.14,17.2,16.59,16.72,326925
2015-10-15,16.84,17.99,16.84,17.72,496373
2015-10-16,17.95,18.98,17.73,17.9,704193
2015-10-19,17.76,18.8,17.65,18.55,739760
2015-10-20,18.41,18.52,17.7,17.95,645003
2015-10-21,17.81,18.45,17.6,18.01,613152
2015-10-22,18.12,19.15,18.02,18.67,429352
2015-10-23,19.38,19.49,18.82,19.41,428938
2015-10-26,19.57,20.39,19.07,19.94,708095
2015-10-27,20.15,20.26,18.6,18.7,1179473
2015-10-28,18.69,20.0,18.33,19.9,642349
2015-10-29,19.89,19.89,19.22,19.27,457002
2015-10-30,19.4,20.3,19.4,19.95,445702
2015-11-02,19.98,20.08,19.57,19.94,368609
2015-11-03,19.94,20.87,19.92,20.14,899077
2015-11-04,20.68,21.37,19.63,19.95,939697
2015-11-05,20.0,20.45,19.03,19.17,935053
2015-11-06,19.24,19.8,19.01,19.2,848160
2015-11-09,19.03,19.33,18.19,18.93,760076
2015-11-10,18.66,18.86,17.41,18.16,1362767
2015-11-11,18.45,18.58,17.8,18.38,479353
2015-11-12,18.32,19.05,18.0,18.7,580122
2015-11-13,18.53,18.7,17.75,18.05,1144743
2015-11-16,18.14,18.53,17.11,17.17,1310012
2015-11-17,18.9,19.07,17.68,18.14,1710729
2015-11-18,18.03,18.39,17.81,18.15,746711
2015-11-19,18.85,19.61,18.68,19.3,1216756
2015-11-20,19.54,20.05,19.25,19.88,964769
2015-11-23,20.06,20.1,19.44,19.62,845996
2015-11-24,19.39,19.86,19.18,19.75,950325
2015-11-25,19.5,19.75,19.23,19.54,1264829
2015-11-27,19.04,19.37,18.73,18.94,444116
2015-11-30,19.14,19.3,18.8,19.3,658807
2015-12-01,19.37,19.37,18.05,18.1,1404713
2015-12-02,18.04,18.69,17.82,18.17,920176
2015-12-03,18.13,18.16,17.3,17.39,2282397
2015-12-04,17.39,17.84,17.05,17.56,941437
2015-12-07,17.6,17.8,17.26,17.56,925904
2015-12-08,17.3,17.86,17.05,17.62,945559
2015-12-09,17.7,18.07,17.25,17.25,1317869
2015-12-10,17.35,18.2,17.32,18.05,792145
2015-12-11,17.78,17.87,16.8,16.85,1019736
2015-12-14,16.9,17.11,16.4,16.47,1559515
2015-12-15,16.78,17.33,16.1,17.25,1577574
2015-12-16,17.3,17.41,16.21,16.46,1918032
2015-12-17,16.61,16.99,15.93,16.15,2823178
2015-12-18,16.15,16.95,16.15,16.91,1471090
2015-12-21,16.91,16.91,16.2,16.26,1257133
2015-12-22,16.22,16.71,16.15,16.21,963765
2015-12-23,16.25,16.58,16.16,16.41,1387069
2015-12-24,16.41,16.72,16.3,16.45,430004
2015-12-28,16.44,16.5,16.01,16.05,726397
2015-12-29,16.1,16.44,16.06,16.18,743602
2015-12-30,16.18,16.5,15.96,16.08,1365739
2015-12-31,16.19,16.3,15.88,16.02,1206605
2016-01-04,15.5,15.69,14.8,15.56,1827720
2016-01-05,15.56,15.83,15.2,15.64,1030957
2016-01-06,15.42,15.84,15.09,15.75,944984
2016-01-07,15.12,15.74,15.06,15.6,1169810
2016-01-08,15.96,16.25,15.6,16.01,994635
2016-01-11,16.2,16.2,15.25,15.48,1127857
2016-01-12,15.61,16.11,15.51,15.74,1492755
2016-01-13,15.9,16.1,14.82,15.11,1330228
2016-01-14,15.13,15.59,14.91,15.5,557564
2016-01-15,14.62,15.06,14.58,15.0,757464
2016-01-19,15.42,15.42,14.01,14.48,1163275
2016-01-20,14.25,14.58,13.62,14.4,1459010
2016-01-21,14.3,14.85,14.15,14.27,422145
2016-01-22,14.66,14.9,14.36,14.5,345376
2016-01-25,14.42,14.69,14.05,14.14,422414
2016-01-26,14.05,14.72,13.7,14.56,554444
2016-01-27,14.38,14.45,13.9,14.0,367054
2016-01-28,14.19,14.61,13.88,14.06,685447
2016-01-29,14.34,14.79,13.96,14.23,489762
2016-02-01,14.06,14.13,13.85,13.94,831051
2016-02-02,13.9,14.34,13.9,14.0,640291
2016-02-03,14.07,14.27,13.71,14.16,692754
2016-02-04,14.12,15.92,14.09,15.69,1875283
2016-02-05,15.31,15.79,14.39,14.58,1076244
2016-02-08,14.26,14.8,14.13,14.53,1102017
2016-02-09,14.32,14.88,14.01,14.34,824559
2016-02-10,14.73,14.85,14.31,14.76,410417
2016-02-11,14.44,14.59,14.08,14.24,1071535
2016-02-12,14.5,14.7,14.15,14.26,876969
2016-02-16,14.65,15.49,14.63,15.19,656829
2016-02-17,15.48,17.0,15.3,16.99,1314782
2016-02-18,17.14,17.18,16.23,16.33,336158
2016-02-19,16.38,16.79,16.2,16.3,333640
2016-02-22,16.5,16.93,16.36,16.66,318816
2016-02-23,16.81,16.81,16.2,16.22,255777
2016-02-24,16.21,16.43,15.63,15.7,541542
2016-02-25,15.64,15.69,15.03,15.23,1006580
2016-02-26,15.47,15.6,15.23,15.4,428543
2016-02-29,15.4,15.49,14.3,14.82,2059029
2016-03-01,15.14,15.2,14.2,14.28,732228
2016-03-02,14.35,15.37,14.35,15.28,710443
2016-03-03,15.13,15.43,14.93,15.33,245584
2016-03-04,15.34,15.84,14.9,15.0,819075
2016-03-07,15.01,15.21,14.85,15.0,442121
2016-03-08,15.0,15.5,14.85,15.05,275247
2016-03-09,15.04,15.34,14.9,15.22,200686
2016-03-10,15.27,15.39,14.85,14.95,621413
2016-03-11,14.97,15.28,14.89,15.24,494929
2016-03-14,15.3,15.81,15.07,15.68,1575924
2016-03-15,15.88,16.19,15.55,15.85,1345284
2016-03-16,15.56,16.06,14.9,15.96,1463184
2016-03-17,15.96,16.94,15.76,16.92,1160914
2016-03-18,17.23,17.58,17.02,17.44,1448101
2016-03-21,17.55,18.19,17.55,17.8,1142703
2016-03-22,17.52,18.08,16.51,18.0,1831391
2016-03-23,17.9,17.96,16.93,17.13,985754
2016-03-24,16.97,17.48,16.82,17.11,876507
2016-03-28,17.16,17.23,16.53,16.67,483617
2016-03-29,16.78,16.8,16.4,16.58,715541
2016-03-30,16.8,16.99,16.3,16.33,445978
2016-03-31,16.32,16.5,16.16,16.33,647402
2016-04-01,16.35,16.4,16.05,16.19,272663
2016-04-04,16.13,16.24,15.62,15.93,616077
2016-04-05,15.91,16.37,15.72,15.98,541717
2016-04-06,15.98,16.5,15.91,16.27,1096637
2016-04-07,16.31,16.65,16.2,16.31,882979
2016-04-08,16.4,16.9,16.34,16.73,536184
2016-04-11,16.89,16.89,16.45,16.68,540289
2016-04-12,16.64,16.91,16.51,16.51,542400
2016-04-13,16.84,17.05,16.72,17.0,475960
2016-04-14,17.13,17.13,16.8,16.85,230836
2016-04-15,16.7,16.87,16.45,16.54,497190
2016-04-18,16.52,16.8,16.24,16.8,383847
2016-04-19,16.8,16.89,16.56,16.74,406424
2016-04-20,16.59,16.72,16.45,16.58,482905
2016-04-21,16.7,16.81,16.45,16.68,447431
2016-04-22,16.8,16.98,16.44,16.5,561501
2016-04-25,16.32,16.39,15.89,15.92,732584
2016-04-26,15.64,15.76,15.06,15.11,1643809
2016-04-27,15.26,15.32,15.0,15.28,553923
2016-04-28,15.29,15.54,15.11,15.16,349518
2016-04-29,15.15,15.18,14.67,14.94,516271
2016-05-02,14.77,14.87,14.38,14.57,499274
2016-05-03,14.48,14.6,14.38,14.44,563751
2016-05-04,14.43,14.9,14.38,14.68,494243
2016-05-05,14.77,15.28,14.72,15.12,757757
2016-05-06,15.08,15.2,14.63,14.86,410998
2016-05-09,14.64,14.66,14.21,14.34,642744
2016-05-10,14.34,15.79,14.34,14.93,874630
2016-05-11,14.93,15.56,14.54,14.58,1846570
2016-05-12,15.0,15.14,14.42,14.43,723102
2016-05-13,14.47,14.73,14.22,14.25,385756
2016-05-16,14.48,14.89,14.33,14.71,483077
2016-05-17,14.57,15.06,14.37,14.4,311271
2016-05-18,14.74,14.88,13.94,14.0,948657
2016-05-19,12.13,12.5,11.0,11.43,4699172
2016-05-20,11.03,11.03,9.5,10.2,4104045
2016-05-23,10.22,10.33,9.63,9.83,2372656
2016-05-24,9.81,10.96,9.8,10.9,2418168
2016-05-25,10.84,11.26,10.75,11.07,1839363
2016-05-26,11.0,11.32,10.97,11.02,1073095
2016-05-27,10.95,11.0,10.4,10.41,1147234
2016-05-31,10.63,10.87,10.5,10.77,1180076
2016-06-01,10.75,11.09,10.55,10.63,1145944
2016-06-02,10.77,11.03,10.71,10.84,617981
2016-06-03,10.84,11.15,10.84,11.02,560919
2016-06-06,11.02,11.22,10.96,11.08,513753
2016-06-07,11.12,11.4,11.12,11.33,718027
2016-06-08,11.39,11.45,10.9,11.2,681992
2016-06-09,11.19,11.41,10.82,10.9,713381
2016-06-10,10.9,10.93,10.51,10.55,638266
2016-06-13,10.51,10.63,10.09,10.2,646074
2016-06-14,10.15,10.45,10.11,10.19,599791
2016-06-15,10.24,10.34,10.09,10.21,635411
2016-06-16,10.15,10.28,9.9,10.01,532201
2016-06-17,9.92,10.06,9.75,10.06,684383
2016-06-20,10.2,10.34,9.85,10.07,670201
2016-06-21,10.19,10.19,9.61,9.93,779785
2016-06-22,9.99,10.08,9.64,9.64,523513
2016-06-23,9.78,9.85,9.51,9.65,396277
2016-06-24,9.25,9.5,9.2,9.34,774546
2016-06-27,9.34,9.34,8.77,8.87,1354899
2016-06-28,8.98,9.2,8.79,9.09,693915
2016-06-29,9.19,9.56,9.1,9.5,507744
2016-06-30,9.51,9.56,9.36,9.5,1185707
2016-07-01,9.48,9.7,9.32,9.49,387336
2016-07-05,9.48,9.48,8.93,9.0,843917
2016-07-06,8.92,9.11,8.84,9.07,343016
2016-07-07,9.04,9.45,8.98,9.23,669400
2016-07-08,9.28,9.58,9.2,9.46,451542
2016-07-11,9.63,9.75,9.47,9.65,529866
2016-07-12,9.65,10.28,9.65,10.11,1437693
2016-07-13,10.27,10.51,10.03,10.26,1352646
2016-07-14,10.35,10.39,10.0,10.08,735113
2016-07-15,10.0,10.1,9.68,9.77,546056
2016-07-18,9.79,10.07,9.69,10.02,562311
2016-07-19,9.97,10.1,9.9,10.02,386474
2016-07-20,10.03,10.17,10.03,10.14,207961
2016-07-21,10.05,10.24,10.01,10.05,277681
2016-07-22,10.08,10.28,10.01,10.15,227401
2016-07-25,10.07,10.19,10.02,10.02,307082
2016-07-26,9.96,10.09,9.85,9.98,576213
2016-07-27,9.99,10.15,9.91,10.04,477658
2016-07-28,10.07,10.19,9.95,10.01,236222
2016-07-29,9.96,9.99,9.83,9.93,386240
2016-08-01,10.0,10.27,9.89,10.1,470192
2016-08-02,10.1,10.97,10.1,10.58,1221426
2016-08-03,10.5,12.05,10.47,11.55,1957790
2016-08-04,11.58,12.28,11.58,11.93,937337
2016-08-05,12.17,12.31,11.8,11.83,656834
2016-08-08,11.85,12.11,11.51,11.8,902502
2016-08-09,11.68,11.9,11.54,11.79,480737
2016-08-10,11.75,12.49,11.5,11.95,1822986
2016-08-11,11.85,12.6,11.83,12.53,964007
2016-08-12,12.52,13.46,12.49,13.26,1637649
2016-08-15,13.68,13.79,13.27,13.56,1333771
2016-08-16,13.6,13.62,12.61,12.61,1503654
2016-08-17,12.63,12.74,11.41,11.69,2195988
2016-08-18,11.81,12.06,11.66,11.83,1143437
2016-08-19,11.59,11.8,10.82,11.75,1185441
2016-08-22,11.62,12.74,11.52,12.26,1596433
2016-08-23,12.2,12.5,12.11,12.3,854643
2016-08-24,12.18,12.35,11.65,11.79,737863
2016-08-25,11.64,11.82,11.39,11.72,628436
2016-08-26,11.64,11.83,11.41,11.71,773588
2016-08-29,11.56,11.78,11.52,11.75,458306
2016-08-30,11.68,12.99,11.66,12.28,1843031
2016-08-31,12.38,12.99,12.38,12.86,1268899
2016-09-01,12.86,13.06,12.57,12.9,1018000
2016-09-02,12.97,13.0,12.8,12.91,848053
2016-09-06,13.01,13.76,13.0,13.28,1358438
2016-09-07,13.18,13.28,12.85,13.0,1158866
2016-09-08,12.95,13.05,12.8,12.86,705946
2016-09-09,12.93,12.93,12.1,12.5,1179854
2016-09-12,12.2,12.88,12.0,12.85,667571
2016-09-13,12.66,12.79,11.9,12.0,1126730
2016-09-14,12.02,12.5,11.95,12.2,554353
2016-09-15,12.32,12.43,12.17,12.4,344141
2016-09-16,12.4,12.5,12.33,12.46,316587
2016-09-19,12.62,13.18,12.62,12.95,615005
2016-09-20,13.0,13.13,12.76,12.76,398163
2016-09-21,13.0,13.5,12.95,13.26,1486707
2016-09-22,13.33,13.75,13.33,13.66,541050
2016-09-23,13.52,13.77,12.6,12.82,1026728
2016-09-26,12.71,12.85,12.41,12.51,373369
2016-09-27,12.7,12.98,12.55,12.96,445834
2016-09-28,12.96,13.0,12.53,12.7,622599
2016-09-29,12.59,12.79,12.44,12.45,279808
2016-09-30,12.46,12.66,12.17,12.46,423908
2016-10-03,12.43,12.77,12.22,12.76,347784
2016-10-04,12.8,13.15,12.71,13.01,554719
2016-10-05,13.15,13.6,13.07,13.43,890880
2016-10-06,13.5,13.62,13.1,13.34,411357
2016-10-07,13.3,13.5,12.4,12.5,832588
2016-10-10,12.77,13.08,12.67,12.77,391523
2016-10-11,12.64,12.75,12.22,12.35,626302
2016-10-12,12.41,12.5,12.25,12.34,378048
2016-10-13,12.16,12.21,11.56,11.95,674587
2016-10-14,12.21,12.29,11.88,11.89,260297
2016-10-17,11.8,11.99,11.57,11.58,282043
2016-10-18,11.83,11.92,11.5,11.52,397823
2016-10-19,11.6,11.75,11.6,11.65,176283
2016-10-20,11.7,11.82,11.6,11.76,114153
2016-10-21,11.72,11.72,11.41,11.67,287889
2016-10-24,11.76,11.8,11.61,11.69,414397
2016-10-25,11.73,11.86,11.6,11.72,320691
2016-10-26,11.63,11.71,11.51,11.52,219151
2016-10-27,11.6,11.64,10.92,10.92,774381
2016-10-28,10.95,11.21,10.77,10.89,441809
2016-10-31,10.94,11.0,10.67,10.7,201810
2016-11-01,10.8,10.87,10.32,10.46,309147
2016-11-02,10.38,10.48,9.87,9.89,477006
2016-11-03,9.9,9.94,9.52,9.52,1226152
2016-11-04,9.6,9.64,9.29,9.32,892213
2016-11-07,9.56,10.0,9.52,9.81,672860
2016-11-08,9.91,9.91,9.6,9.7,328973
2016-11-09,9.4,10.31,9.35,10.05,1147943
2016-11-10,10.05,10.5,9.97,9.98,524467
2016-11-11,9.94,9.97,9.38,9.5,528216
2016-11-14,9.51,9.78,9.41,9.69,340153
2016-11-15,9.81,10.3,9.81,10.0,507299
2016-11-16,9.96,10.27,9.92,10.2,284396
2016-11-17,10.23,10.71,10.23,10.5,740713
2016-11-18,10.56,10.71,10.51,10.6,702279
2016-11-21,10.98,11.68,10.8,11.2,2592210
2016-11-22,11.2,11.24,10.59,10.79,1416929
2016-11-23,10.77,10.8,10.65,10.8,439655
2016-11-25,10.88,10.9,10.65,10.74,199314
2016-11-28,10.7,10.74,10.47,10.48,391775
2016-11-29,10.44,10.44,10.05,10.16,385164
2016-11-30,10.17,10.23,10.12,10.16,289984
2016-12-01,10.08,10.26,9.67,9.91,426029
2016-12-02,9.87,10.03,9.82,9.9,290101
2016-12-05,9.91,10.02,9.89,10.0,545519
2016-12-06,10.0,10.08,9.86,9.99,209731
2016-12-07,9.99,10.26,9.9,10.16,410701
2016-12-08,10.08,10.15,9.93,10.06,406978
2016-12-09,10.0,10.09,9.97,10.04,185408
2016-12-12,9.97,10.15,9.8,10.15,354063
2016-12-13,10.14,10.38,10.05,10.08,328540
2016-12-14,10.05,10.15,9.9,9.94,312585
2016-12-15,9.9,9.96,9.4,9.4,488149
2016-12-16,9.52,9.7,9.38,9.49,367848
2016-12-19,9.5,9.58,9.38,9.4,457450
2016-12-20,9.4,9.5,9.25,9.33,352665
2016-12-21,9.35,9.4,9.2,9.21,249671
2016-12-22,9.17,9.19,8.91,8.97,389478
2016-12-23,8.92,9.17,8.91,9.16,268046
2016-12-27,9.16,9.62,9.16,9.56,333599
2016-12-28,9.64,9.74,9.34,9.4,253186
2016-12-29,9.36,9.63,9.36,9.54,212111
2016-12-30,9.51,9.65,9.51,9.56,231285
2017-01-03,9.58,9.77,9.41,9.7,375321
2017-01-04,9.7,9.74,9.53,9.62,752093
2017-01-05,9.6,9.77,9.31,9.42,893826
2017-01-06,9.46,9.48,9.32,9.39,286228
2017-01-09,9.37,10.04,9.37,9.96,598085
2017-01-10,10.0,10.09,9.72,9.8,246767
2017-01-11,9.8,10.28,9.77,10.19,490292
2017-01-12,10.08,10.24,9.85,10.14,353633
2017-01-13,10.15,10.56,10.1,10.3,421577
2017-01-17,10.3,10.49,10.13,10.49,271811
2017-01-18,10.5,10.7,10.38,10.39,409874
2017-01-19,10.38,10.38,9.8,9.95,573035
2017-01-20,9.91,10.06,9.82,10.01,321142
2017-01-23,10.0,10.24,9.88,10.21,301710
2017-01-24,10.19,10.29,9.96,10.09,455571
2017-01-25,10.2,10.2,9.95,10.02,309079
2017-01-26,9.98,10.06,9.79,9.8,329581
2017-01-27,9.76,9.83,9.58,9.68,221691
2017-01-30,9.59,9.65,9.38,9.55,223450
2017-01-31,9.55,9.91,9.5,9.88,158033
2017-02-01,9.91,10.14,9.79,9.96,206103
2017-02-02,10.0,10.18,9.92,10.05,137120
2017-02-03,10.11,10.38,10.1,10.21,330986
2017-02-06,10.1,10.35,10.1,10.27,149101
2017-02-07,10.3,10.55,10.25,10.33,274281
2017-02-08,10.12,10.25,9.42,9.54,1458748
2017-02-09,9.54,9.62,9.35,9.45,731352
2017-02-10,9.51,10.08,9.5,9.95,749289
2017-02-13,9.95,10.45,9.95,10.0,941988
2017-02-14,10.03,10.1,9.72,9.94,540549
2017-02-15,9.94,10.08,9.9,10.0,298943
2017-02-16,9.98,10.03,9.86,10.0,301806
2017-02-17,9.94,10.06,9.94,10.03,128063
2017-02-21,10.03,10.03,9.8,9.81,364188
2017-02-22,9.85,9.87,9.61,9.69,392009
2017-02-23,9.7,9.98,9.69,9.72,282110
2017-02-24,9.72,9.72,9.37,9.65,412185
2017-02-27,9.59,9.81,9.55,9.75,184215
2017-02-28,9.77,10.02,9.66,10.01,372340
2017-03-01,10.01,10.15,9.9,10.1,416426
2017-03-02,10.0,10.12,9.93,10.0,268514
2017-03-03,9.99,10.1,9.96,10.05,175354
2017-03-06,10.0,10.01,9.71,9.93,497297
2017-03-07,9.95,9.95,9.62,9.63,383289
2017-03-08,9.62,10.0,9.62,9.96,358961
2017-03-09,9.94,10.13,9.89,10.11,226399
2017-03-10,10.19,11.84,10.16,11.54,2947577
2017-03-13,11.49,12.79,11.15,12.67,3853320
2017-03-14,12.56,12.72,11.92,12.64,1351682
2017-03-15,12.6,13.2,12.37,12.85,1009267
2017-03-16,12.93,13.2,12.81,13.07,887990
2017-03-17,13.07,13.4,12.76,13.07,1070331
2017-03-20,13.2,13.79,12.05,12.36,2395315
2017-03-21,12.5,12.59,11.0,11.07,4357201
2017-03-22,11.4,11.62,11.14,11.36,1651547
2017-03-23,11.36,11.44,11.12,11.33,503942
2017-03-24,11.31,11.86,11.26,11.5,874981
2017-03-27,11.34,11.44,10.47,10.97,2168841
2017-03-28,10.99,11.1,10.71,10.76,870787
2017-03-29,10.76,10.89,10.48,10.51,1069582
2017-03-30,10.49,10.58,10.29,10.4,1213065
2017-03-31,10.4,10.89,10.26,10.74,809763
2017-04-03,10.78,11.13,10.58,10.96,588239
2017-04-04,10.92,11.09,10.62,10.65,314984
2017-04-05,10.68,10.83,10.53,10.55,333376
2017-04-06,10.61,10.84,10.5,10.64,276284
2017-04-07,10.58,10.84,10.51,10.79,309794
2017-04-10,10.61,11.3,10.61,10.94,883932
2017-04-11,10.95,11.19,9.85,10.42,1123398
2017-04-12,10.37,10.47,10.2,10.24,430308
2017-04-13,10.29,10.43,10.19,10.22,488832
2017-04-17,10.22,10.31,10.0,10.04,386275
2017-04-18,10.04,10.2,10.0,10.08,777324
2017-04-19,10.1,10.5,10.06,10.37,963409
2017-04-20,10.42,11.0,10.42,10.74,893393
2017-04-21,10.74,10.99,10.72,10.83,288747
2017-04-24,11.04,11.13,10.72,10.72,510952
2017-04-25,10.78,10.98,10.67,10.88,459336
2017-04-26,10.8,10.82,10.53,10.53,409492
2017-04-27,10.51,10.72,10.5,10.65,429097
2017-04-28,10.68,10.71,10.48,10.54,217857
2017-05-01,10.64,11.04,10.55,10.91,469206
2017-05-02,10.82,11.76,10.76,11.14,1510672
2017-05-03,11.59,11.64,10.8,10.85,741645
2017-05-04,10.89,11.1,10.72,10.85,454253
2017-05-05,10.88,10.94,10.6,10.85,453211
2017-05-08,10.82,10.95,10.65,10.73,301876
2017-05-09,10.76,11.38,10.7,11.26,756699
2017-05-10,11.28,11.6,11.2,11.29,568233
2017-05-11,11.29,11.3,10.8,11.14,929442
2017-05-12,11.1,11.2,10.92,11.13,511048
2017-05-15,11.18,11.87,11.18,11.48,1063602
2017-05-16,11.61,11.71,11.12,11.17,1034375
2017-05-17,11.2,11.2,10.33,10.35,1133360
2017-05-18,10.36,10.59,10.14,10.37,1318816
2017-05-19,10.45,10.86,10.44,10.55,1309130
2017-05-22,12.04,12.5,11.18,11.34,6108583
2017-05-23,11.45,11.46,10.64,10.81,1807010
2017-05-24,11.03,11.55,10.71,11.49,1473790
2017-05-25,11.65,12.28,11.61,12.08,3091648
2017-05-26,12.08,12.3,11.87,12.24,1483221
2017-05-30,12.13,12.13,11.81,11.99,886439
2017-05-31,12.0,12.25,11.86,12.01,946788
2017-06-01,12.0,12.65,12.0,12.39,1800790
2017-06-02,12.49,12.56,11.91,12.0,1181979
2017-06-05,12.0,12.21,11.89,12.0,745577
2017-06-06,12.08,12.22,11.87,12.05,852382
2017-06-07,12.13,12.27,11.9,11.97,575633
2017-06-08,12.03,12.11,11.66,11.99,559823
2017-06-09,11.96,11.96,10.92,11.17,981951
2017-06-12,10.99,11.4,10.87,11.33,491204
2017-06-13,11.4,11.47,11.11,11.39,345111
2017-06-14,11.41,11.41,10.84,10.95,516605
2017-06-15,10.81,10.88,10.5,10.73,798717
2017-06-16,10.75,10.96,10.61,10.67,345977
2017-06-19,10.74,10.99,10.73,10.92,546987
2017-06-20,10.94,11.06,10.72,10.94,302600
2017-06-21,11.0,11.0,10.81,10.92,377062
2017-06-22,10.97,11.12,10.9,11.08,480097
2017-06-23,11.19,11.2,11.0,11.02,290724
2017-06-26,11.1,11.31,11.0,11.11,700499
2017-06-27,11.11,11.35,11.07,11.28,654949
2017-06-28,11.39,11.39,10.98,11.08,387614
2017-06-29,11.07,11.07,10.81,10.91,372485
2017-06-30,10.83,11.03,10.63,10.78,309144
2017-07-03,10.8,10.9,10.67,10.88,218972
2017-07-05,10.66,10.78,10.51,10.71,591996
2017-07-06,10.59,10.69,10.46,10.54,401790
2017-07-07,10.6,10.63,10.32,10.47,792307
2017-07-10,10.4,10.95,10.4,10.73,634823
2017-07-11,10.8,11.1,10.75,10.8,679197
2017-07-12,10.84,10.96,10.71,10.88,503941
2017-07-13,10.95,10.99,10.52,10.58,651240
2017-07-14,10.67,10.77,10.59,10.63,298305
2017-07-17,10.66,10.88,10.16,10.18,931997
2017-07-18,10.25,10.4,10.15,10.4,1121971
2017-07-19,10.55,10.85,10.55,10.81,521967
2017-07-20,10.91,11.09,10.85,10.95,663525
2017-07-21,10.89,10.89,10.77,10.82,263617
2017-07-24,10.85,10.85,10.71,10.8,252512
2017-07-25,10.81,11.14,10.8,10.93,459253
2017-07-26,10.93,11.06,10.91,10.96,384178
2017-07-27,11.05,11.41,10.93,11.03,912816
2017-07-28,10.95,11.29,10.9,11.13,415457
2017-07-31,,,11.0,11.04,408157
2017-08-01,11.16,11.16,10.93,11.01,397581
