Date,Open,High,Low,Close,Volume
2013-07-25,24.79,25.03,24.75,25.03,49416
2013-07-26,24.92,24.97,24.8,24.95,14261
2013-07-29,24.96,25.06,24.8,24.88,23161
2013-07-30,25.01,25.03,24.87,24.95,24175
2013-07-31,25.23,25.48,25.23,25.36,50234
2013-08-01,25.7,25.89,25.6,25.89,90280
2013-08-02,25.8,25.8,25.67,25.75,14455
2013-08-05,25.8,25.84,25.66,25.84,99962
2013-08-06,25.76,25.76,25.47,25.58,19011
2013-08-07,25.38,25.4,25.3,25.37,5320
2013-08-08,25.63,25.64,25.45,25.6,5931
2013-08-09,25.51,25.55,25.45,25.49,2125
2013-08-12,25.35,25.62,25.35,25.62,7875
2013-08-13,25.64,25.7,25.43,25.69,7853
2013-08-14,25.66,25.66,25.58,25.58,6647
2013-08-15,25.55,25.55,25.01,25.06,13704
2013-08-16,25.03,25.06,24.96,25.04,4819
2013-08-19,24.98,25.03,24.77,24.77,4941
2013-08-20,24.78,25.13,24.78,25.13,4328
2013-08-21,25.07,25.18,24.82,24.94,11698
2013-08-22,24.95,31.92,24.92,25.26,4981
2013-08-23,25.32,25.32,25.22,25.32,3907
2013-08-26,25.33,25.47,25.22,25.22,5698
2013-08-27,25.07,25.34,24.6,24.63,8345
2013-08-28,24.64,24.75,24.64,24.7,5838
2013-08-29,24.64,24.97,24.64,24.84,4344
2013-08-30,24.94,24.94,24.45,24.45,7894
2013-09-03,25.99,25.99,24.53,24.65,3731
2013-09-04,24.65,24.94,24.65,24.89,18180
2013-09-05,24.9,25.03,24.9,25.02,7091
2013-09-06,24.72,25.09,24.68,24.93,9100
2013-09-09,25.0,25.33,25.0,25.3,8067
2013-09-10,25.49,25.57,25.4,25.56,17275
2013-09-11,25.52,25.63,25.51,25.51,14337
2013-09-12,25.62,25.62,25.42,25.42,8420
2013-09-13,25.44,25.54,25.44,25.54,1500
2013-09-16,25.84,25.84,25.64,25.64,15919
2013-09-17,25.68,25.84,25.68,25.84,9120
2013-09-18,25.7,26.16,25.64,26.09,8400
2013-09-19,26.14,26.14,25.91,25.99,48244
2013-09-20,25.97,25.97,25.88,25.88,5275
2013-09-23,25.81,25.81,25.69,25.71,784
2013-09-24,25.72,26.05,25.72,25.93,4135
2013-09-25,25.8,26.02,25.79,25.82,13977
2013-09-26,25.93,26.06,25.83,26.0,10704
2013-09-27,26.0,26.0,25.93,25.97,11560
2013-09-30,25.61,26.08,25.61,26.01,4195
2013-10-01,26.28,26.28,26.25,26.28,500
2013-10-02,26.23,26.26,26.18,26.18,4257
2013-10-03,26.21,26.21,25.76,25.99,5098
2013-10-04,25.9,26.14,25.9,26.01,4463
2013-10-07,25.83,25.83,25.7,25.74,7699
2013-10-08,25.58,25.58,25.34,25.43,4200
2013-10-09,25.29,25.41,25.15,25.3,4053
2013-10-10,25.72,25.99,25.72,25.98,1290
2013-10-11,25.89,26.34,25.89,26.34,3900
2013-10-14,26.34,26.54,26.34,26.5,5851
2013-10-15,26.54,26.54,26.34,26.4,9470
2013-10-16,26.62,26.75,26.6,26.75,20171
2013-10-17,26.67,26.9,26.67,26.9,24596
2013-10-18,27.11,27.25,27.06,27.25,12866
2013-10-21,27.36,27.36,27.19,27.2,12958
2013-10-22,27.38,27.45,27.23,27.27,19038
2013-10-23,27.15,27.29,27.08,27.25,39551
2013-10-24,27.25,27.42,27.22,27.33,20400
2013-10-25,27.35,27.35,27.15,27.33,5136
2013-10-28,27.62,27.62,27.24,27.41,4823
2013-10-29,27.66,27.67,27.27,27.33,7600
2013-10-30,27.27,27.27,26.95,27.06,29749
2013-10-31,27.03,27.2,27.03,27.07,24785
2013-11-01,27.04,27.18,26.69,26.96,6841
2013-11-04,26.84,27.29,26.84,27.22,20240
2013-11-05,27.05,27.28,26.96,27.26,2400
2013-11-06,27.37,27.37,26.99,27.02,21355
2013-11-07,27.08,27.17,26.61,26.61,8595
2013-11-08,26.87,27.0,26.87,26.99,13744
2013-11-11,26.83,27.1,26.83,27.1,2515
2013-11-12,27.07,27.08,27.0,27.06,9321
2013-11-13,26.99,27.34,26.99,27.34,2061
2013-11-14,27.4,27.4,27.28,27.29,4402
2013-11-15,27.4,27.5,27.24,27.44,7588
2013-11-18,27.59,27.59,27.27,27.32,16119
2013-11-19,27.5,27.5,27.17,27.37,751
2013-11-20,27.39,27.46,27.14,27.26,14403
2013-11-21,27.26,27.73,27.26,27.63,7952
2013-11-22,27.58,27.8,27.58,27.8,8218
2013-11-25,27.8,27.88,27.7,27.7,10220
2013-11-26,27.85,28.06,27.8,28.06,2816
2013-11-27,28.0,28.18,27.99,28.0,4515
2013-11-29,28.29,28.29,28.17,28.18,21391
2013-12-02,28.2,28.2,27.81,27.81,4610
2013-12-03,27.86,27.86,27.53,27.56,8344
2013-12-04,27.5,27.59,27.31,27.59,1115
2013-12-05,27.51,27.58,27.48,27.52,1390
2013-12-06,27.89,27.95,27.75,27.8,5002
2013-12-09,27.9,27.9,27.74,27.79,25455
2013-12-10,27.78,27.78,27.58,27.6,4509
2013-12-11,27.55,27.55,27.13,27.16,7589
2013-12-12,27.23,27.37,27.23,27.35,6761
2013-12-13,27.3,27.4,27.22,27.35,9092
2013-12-16,27.56,27.72,27.46,27.65,7650
2013-12-17,27.6,27.74,27.42,27.62,9811
2013-12-18,27.63,28.0,27.52,28.0,1487
2013-12-19,28.01,28.01,27.93,27.95,1003
2013-12-20,27.89,28.27,27.89,28.27,8752
2013-12-23,28.38,28.54,28.38,28.54,6230
2013-12-24,28.66,28.71,28.66,28.71,7644
2013-12-26,28.76,28.76,28.72,28.72,954
2013-12-27,28.91,28.91,28.6,28.67,7474
2013-12-30,28.65,28.7,28.59,28.66,15195
2013-12-31,28.76,28.76,28.61,28.61,2416
2014-01-02,28.46,28.46,28.13,28.2,14013
2014-01-03,28.23,28.41,28.23,28.26,20428
2014-01-06,28.39,28.39,28.1,28.1,2548
2014-01-07,28.42,28.42,28.25,28.34,6501
2014-01-08,28.29,28.32,28.14,28.16,5719
2014-01-09,28.34,28.34,28.13,28.16,3699
2014-01-10,28.16,28.29,28.15,28.28,3664
2014-01-13,28.22,28.22,27.75,27.75,4432
2014-01-14,27.94,28.2,27.74,28.2,2489
2014-01-15,28.24,28.38,28.23,28.36,14165
2014-01-16,28.24,28.37,28.24,28.36,4102
2014-01-17,28.35,28.35,28.17,28.18,10739
2014-01-21,28.35,28.35,28.24,28.27,7733
2014-01-22,28.37,28.45,28.26,28.35,6785
2014-01-23,28.17,28.23,28.08,28.19,2893
2014-01-24,27.72,27.72,27.49,27.49,3270
2014-01-27,27.58,27.7,27.16,27.47,15368
2014-01-28,27.26,27.34,27.22,27.34,1791
2014-01-29,27.18,27.32,26.96,27.02,5366
2014-01-30,27.41,27.47,27.39,27.39,2150
2014-01-31,26.94,27.32,26.94,27.16,8721
2014-02-03,27.15,27.15,26.24,26.27,12751
2014-02-04,26.35,26.48,26.26,26.31,4747
2014-02-05,26.14,26.3,25.89,26.19,6263
2014-02-06,26.31,26.52,26.31,26.41,6021
2014-02-07,26.51,26.59,26.39,26.59,4461
2014-02-10,26.48,26.54,26.38,26.54,13266
2014-02-11,26.58,26.9,26.54,26.84,3269
2014-02-12,26.9,26.98,26.9,26.9,2147
2014-02-13,27.07,27.1,27.07,27.1,544
2014-02-14,27.17,27.36,27.17,27.36,1700
2014-02-18,27.34,27.52,27.27,27.52,2070
2014-02-19,27.43,27.6,27.35,27.35,3643
2014-02-20,27.22,27.54,27.22,27.5,5337
2014-02-21,27.62,27.62,27.55,27.55,15882
2014-02-24,27.6,27.79,27.6,27.78,2001
2014-02-25,27.62,27.64,27.51,27.51,10846
2014-02-26,27.61,27.95,27.61,27.95,2993
2014-02-27,27.7,27.86,27.7,27.86,11149
2014-02-28,27.9,28.1,27.89,27.89,4512
2014-03-03,28.19,28.19,27.5,27.69,5631
2014-03-04,28.47,28.58,28.47,28.5,15967
2014-03-05,28.33,28.39,28.25,28.34,3906
2014-03-06,28.45,28.45,28.43,28.43,1170
2014-03-07,28.58,28.62,28.48,28.48,2729
2014-03-10,28.48,28.5,28.42,28.47,2780
2014-03-11,28.47,28.47,28.23,28.23,7428
2014-03-12,28.15,28.16,28.15,28.15,2588
2014-03-13,28.17,28.17,27.89,27.97,4004
2014-03-14,27.94,28.11,27.94,28.11,812
2014-03-17,28.25,28.44,28.22,28.25,5547
2014-03-18,28.31,28.63,28.3,28.57,10490
2014-03-19,28.57,28.58,28.3,28.33,2330
2014-03-20,28.45,28.53,28.44,28.44,3617
2014-03-21,28.75,28.75,28.54,28.54,6512
2014-03-24,28.4,28.41,28.15,28.3,2578
2014-03-25,28.35,28.39,28.17,28.35,2414
2014-03-26,28.47,28.47,27.96,27.96,4088
2014-03-27,27.97,27.97,27.78,27.88,10524
2014-03-28,28.03,28.03,27.86,27.9,3324
2014-03-31,28.02,28.46,28.02,28.43,1316
2014-04-01,28.5,28.77,28.5,28.74,2479
2014-04-02,28.79,28.92,28.79,28.86,2070
2014-04-03,28.98,28.98,28.78,28.78,4153
2014-04-04,28.8,28.8,28.28,28.3,14924
2014-04-07,28.08,28.08,28.08,28.08,279
2014-04-08,27.85,28.02,27.85,27.97,2405
2014-04-09,28.08,28.18,27.98,28.18,2776
2014-04-10,28.1,28.1,27.72,27.72,1249
2014-04-11,27.65,27.65,27.4,27.4,4263
2014-04-14,27.59,27.63,27.46,27.46,818
2014-04-15,27.51,27.67,27.3,27.67,5274
2014-04-16,27.91,27.97,27.88,27.88,9115
2014-04-17,27.93,28.11,27.93,28.11,6674
2014-04-21,28.16,28.16,27.82,28.09,13579
2014-04-22,28.11,28.35,28.11,28.35,3712
2014-04-23,28.22,28.27,28.14,28.22,1558
2014-04-24,28.23,28.23,28.08,28.15,1819
2014-04-25,27.9,27.92,27.6,27.75,7822
2014-04-28,27.84,27.88,27.33,27.71,32877
2014-04-29,27.75,27.75,27.72,27.74,2030
2014-04-30,27.57,27.75,27.44,27.75,24409
2014-05-01,27.53,27.7,27.49,27.7,11536
2014-05-02,27.91,28.06,27.89,27.95,2859
2014-05-05,27.77,27.79,27.65,27.78,2054
2014-05-06,27.64,27.64,27.49,27.49,895
2014-05-07,27.33,27.48,27.14,27.48,1545
2014-05-08,27.5,27.75,27.5,27.52,4417
2014-05-09,27.25,27.56,27.25,27.53,3151
2014-05-12,27.79,28.31,27.79,28.27,6999
2014-05-13,28.01,28.02,27.98,27.98,2700
2014-05-14,27.82,27.82,27.34,27.34,7637
2014-05-15,27.35,27.35,26.89,27.23,71218
2014-05-16,27.0,27.36,27.0,27.36,5315
2014-05-19,27.29,27.54,27.29,27.49,3912
2014-05-20,27.23,27.23,27.02,27.15,2085
2014-05-21,27.22,27.22,27.11,27.11,467
2014-05-22,27.3,27.5,27.3,27.49,2991
2014-05-23,27.44,27.68,27.43,27.65,10953
2014-05-27,27.78,28.05,27.78,28.0,3156
2014-05-28,28.02,28.02,27.83,27.89,2034
2014-05-29,27.89,27.9,27.79,27.9,1866
2014-05-30,27.93,27.93,27.76,27.84,1933
2014-06-02,27.9,27.9,27.56,27.66,9138
2014-06-03,27.69,27.69,27.58,27.64,3896
2014-06-04,27.55,27.66,27.55,27.65,1992
2014-06-05,27.66,28.25,27.66,28.25,6252
2014-06-09,28.53,28.74,28.53,28.66,1807
2014-06-10,28.68,28.77,28.52,28.63,1015
2014-06-11,28.3,28.39,28.27,28.39,3804
2014-06-12,28.08,28.29,28.08,28.16,4636
2014-06-13,28.25,28.26,28.25,28.26,1441
2014-06-16,28.09,28.21,28.09,28.2,2441
2014-06-17,28.26,28.52,28.26,28.47,2504
2014-06-18,28.38,28.59,28.38,28.59,7433
2014-06-19,28.67,28.67,28.47,28.57,2360
2014-06-20,28.58,28.69,28.58,28.69,3288
2014-06-23,28.63,28.66,28.63,28.66,641
2014-06-24,28.5,28.82,28.5,28.58,2988
2014-06-25,28.39,28.56,28.37,28.56,1138
2014-06-26,28.33,28.41,28.33,28.41,2372
2014-06-27,28.57,28.57,28.57,28.57,525
2014-06-30,28.59,28.79,28.58,28.79,4998
2014-07-01,28.92,29.29,28.92,29.29,2903
2014-07-02,29.19,29.19,29.03,29.09,6542
2014-07-07,29.14,29.14,28.88,28.89,4073
2014-07-08,28.8,28.82,28.65,28.77,2902
2014-07-09,28.7,28.71,28.68,28.7,2329
2014-07-10,28.26,28.45,28.22,28.45,2354
2014-07-11,28.28,28.32,28.28,28.32,790
2014-07-14,28.4,28.46,28.37,28.45,3123
2014-07-15,28.34,28.34,28.11,28.11,742
2014-07-16,28.18,28.21,28.09,28.21,1390
2014-07-17,28.04,28.04,27.76,27.76,5436
2014-07-18,28.12,28.22,28.08,28.15,6969
2014-07-21,27.91,27.93,27.83,27.92,711
2014-07-22,28.11,28.25,28.11,28.18,2024
2014-07-23,28.26,28.26,28.14,28.14,460
2014-07-24,28.29,28.29,28.15,28.15,2129
2014-07-25,27.76,27.84,27.76,27.81,785
2014-07-28,27.48,27.67,27.45,27.61,4387
2014-07-29,27.76,27.83,27.62,27.62,4557
2014-07-30,27.65,27.65,27.59,27.65,1440
2014-07-31,27.36,27.37,27.1,27.14,21237
2014-08-01,27.04,27.04,26.99,27.01,1172
2014-08-04,27.17,27.2,27.09,27.2,2124
2014-08-05,27.08,27.38,27.08,27.21,22747
2014-08-06,27.36,27.44,27.36,27.38,3620
2014-08-07,27.42,27.42,27.34,27.34,689
2014-08-08,27.49,27.62,27.49,27.62,646
2014-08-11,27.94,28.02,27.86,27.86,1980
2014-08-12,27.88,27.88,27.55,27.67,49744
2014-08-13,27.75,27.89,27.75,27.89,2959
2014-08-14,27.92,27.94,27.92,27.94,1115
2014-08-15,28.07,28.07,27.65,27.65,374
2014-08-18,28.2,28.29,28.2,28.28,2757
2014-08-19,28.39,28.43,28.39,28.43,1022
2014-08-20,28.29,28.29,28.07,28.14,1401
2014-08-22,28.37,28.37,28.3,28.3,525
2014-08-25,28.36,28.36,28.25,28.28,3845
2014-08-26,28.38,28.49,28.38,28.47,5813
2014-08-27,28.38,28.39,28.34,28.36,4279
2014-08-28,28.21,28.33,28.18,28.24,1341
2014-08-29,28.14,28.35,28.14,28.28,1305
2014-09-02,28.4,28.4,28.38,28.38,1214
2014-09-03,28.6,28.6,28.36,28.36,4769
2014-09-04,28.52,28.52,28.45,28.5,6502
2014-09-05,28.33,28.41,28.24,28.41,1835
2014-09-08,28.32,28.32,28.28,28.28,873
2014-09-09,28.08,28.08,27.99,28.01,1309
2014-09-10,28.01,28.22,27.99,28.22,4846
2014-09-11,28.31,28.31,28.31,28.31,140
2014-09-12,27.98,27.98,27.98,27.98,395
2014-09-15,27.78,27.94,27.78,27.94,2136
2014-09-16,27.87,28.03,27.87,28.03,3022
2014-09-17,28.08,28.08,28.08,28.08,615
2014-09-18,28.14,28.16,28.09,28.16,9681
2014-09-19,28.32,28.32,27.76,27.89,647
2014-09-22,27.7,27.7,27.47,27.51,1904
2014-09-23,27.44,27.45,27.14,27.14,2742
2014-09-24,27.36,27.42,27.3,27.31,1908
2014-09-25,27.25,27.25,27.0,27.03,3323
2014-09-26,27.15,27.24,27.13,27.21,2309
2014-09-29,27.22,27.23,27.13,27.13,2253
2014-09-30,27.12,27.12,27.02,27.02,507
2014-10-01,26.6,26.63,26.45,26.48,3265
2014-10-02,26.59,26.79,26.38,26.77,13398
2014-10-03,26.93,27.01,26.87,26.87,2593
2014-10-06,26.94,26.94,26.77,26.87,3845
2014-10-07,26.66,26.66,26.4,26.44,23902
2014-10-08,26.25,26.25,26.22,26.25,6845
2014-10-09,26.8,26.8,26.24,26.32,3096
2014-10-10,26.17,26.42,26.01,26.01,1870
2014-10-13,26.14,26.21,25.99,26.0,6287
2014-10-14,26.19,26.47,26.19,26.3,5591
2014-10-15,26.13,26.68,25.98,26.68,13238
2014-10-16,26.37,26.92,26.37,26.82,4730
2014-10-17,27.13,27.13,26.77,26.77,2925
2014-10-20,26.64,26.95,26.64,26.95,2753
2014-10-21,27.17,27.38,27.14,27.38,2073
2014-10-22,27.5,27.54,27.18,27.18,3128
2014-10-23,27.38,27.66,27.38,27.49,2727
2014-10-24,27.41,27.54,27.35,27.54,3373
2014-10-27,27.14,27.4,27.14,27.4,418
2014-10-28,27.9,28.09,27.9,28.09,1755
2014-10-29,28.33,28.4,28.08,28.08,1279
2014-10-30,28.45,28.66,28.42,28.42,2888
2014-10-31,28.44,28.8,28.44,28.78,3188
2014-11-03,28.86,28.86,28.78,28.78,2091
2014-11-04,28.78,28.78,28.66,28.76,6100
2014-11-05,28.84,28.97,28.75,28.81,1428
2014-11-06,28.8,28.85,28.8,28.85,1753
2014-11-07,29.0,29.0,28.92,28.92,710
2014-11-10,29.04,29.14,28.92,28.92,1402
2014-11-11,29.08,29.11,28.96,29.02,3552
2014-11-12,29.0,29.17,29.0,29.17,2794
2014-11-13,29.29,29.29,28.96,28.96,4315
2014-11-14,28.96,29.01,28.95,28.95,761
2014-11-17,28.91,28.91,28.69,28.69,1303
2014-11-18,28.69,28.88,28.69,28.88,566
2014-11-19,28.49,28.53,28.47,28.49,21458
2014-11-20,28.56,28.56,28.54,28.56,1398
2014-11-21,28.89,28.9,28.73,28.73,1940
2014-11-24,28.74,28.79,28.74,28.79,456
2014-11-25,28.84,28.88,28.84,28.88,725
2014-11-26,28.77,28.89,28.77,28.89,674
2014-11-28,28.89,28.95,28.8,28.8,1316
2014-12-01,28.58,28.58,28.36,28.39,1850
2014-12-02,28.49,28.6,28.49,28.5,4320
2014-12-03,28.87,28.87,28.74,28.87,41038
2014-12-04,28.64,28.74,28.64,28.74,1905
2014-12-05,28.88,28.93,28.81,28.83,4649
2014-12-08,28.99,28.99,28.4,28.44,15871
2014-12-09,28.17,28.92,28.17,28.92,3657
2014-12-10,28.68,28.75,28.38,28.47,2846
2014-12-11,28.59,28.71,28.53,28.53,2907
2014-12-12,28.0,28.14,27.93,28.04,5109
2014-12-15,28.06,28.07,27.76,27.85,2854
2014-12-16,27.88,28.05,27.85,27.85,1267
2014-12-18,28.67,28.8,28.67,28.72,2336
2014-12-19,28.83,28.9,28.7,28.86,15926
2014-12-22,28.92,28.95,28.8,28.95,1484
2014-12-23,29.1,29.38,29.1,29.28,5137
2014-12-24,29.25,29.27,29.25,29.27,242
2014-12-26,29.4,29.46,29.4,29.43,6804
2014-12-29,29.65,29.65,29.6,29.63,618
2014-12-30,29.57,29.57,29.47,29.49,1344
2014-12-31,29.57,29.6,29.26,29.26,2904
2015-01-02,29.38,29.4,28.78,29.0,5219
2015-01-05,28.71,28.77,28.37,28.44,3111
2015-01-06,28.37,28.37,27.83,28.0,6883
2015-01-07,28.1,28.2,27.96,28.16,10870
2015-01-08,28.69,28.75,28.62,28.62,5248
2015-01-09,28.55,28.55,28.36,28.39,5515
2015-01-12,28.39,28.39,28.05,28.22,7903
2015-01-13,28.58,28.83,28.09,28.15,3009
2015-01-14,28.14,28.2,27.93,28.19,10102
2015-01-15,28.27,28.27,27.76,27.92,6343
2015-01-16,28.0,28.0,27.96,27.99,2954
2015-01-20,28.09,28.22,27.91,28.1,3983
2015-01-21,27.93,28.3,27.93,28.04,4307
2015-01-22,28.44,28.76,28.43,28.76,22226
2015-01-23,28.79,28.79,28.63,28.63,1401
2015-01-26,28.58,28.77,28.48,28.73,16528
2015-01-27,28.53,28.75,28.48,28.75,2648
2015-01-28,28.69,28.69,28.22,28.22,2565
2015-01-29,28.13,28.59,28.13,28.59,3414
2015-01-30,28.39,28.39,28.02,28.02,836
2015-02-02,27.91,28.04,27.74,27.94,2000
2015-02-03,28.33,28.87,28.33,28.85,9423
2015-02-04,28.76,28.78,28.7,28.7,3353
2015-02-05,28.78,29.02,28.78,29.02,3094
2015-02-06,29.18,29.19,29.08,29.19,1840
2015-02-09,29.1,29.16,28.97,28.97,2660
2015-02-10,29.1,29.1,28.87,28.87,718
2015-02-11,28.9,29.12,28.89,29.1,9091
2015-02-12,29.26,29.36,29.24,29.33,857
2015-02-13,29.5,29.59,29.44,29.59,2631
2015-02-17,29.52,29.58,29.48,29.48,1409
2015-02-18,29.55,29.58,29.43,29.54,3647
2015-02-19,29.58,29.67,29.54,29.65,2380
2015-02-20,29.52,29.69,29.52,29.69,4995
2015-02-23,29.5,29.53,29.4,29.47,1964
2015-02-24,29.5,29.7,29.5,29.6,1433
2015-02-25,29.65,29.68,29.57,29.57,6161
2015-02-26,29.7,29.8,29.65,29.73,3073
2015-02-27,29.78,29.78,29.66,29.66,1795
2015-03-02,29.71,29.76,29.62,29.66,9711
2015-03-03,29.74,29.74,29.55,29.6,4526
2015-03-04,29.31,29.45,29.27,29.4,2251
2015-03-05,29.32,29.38,29.29,29.36,2066
2015-03-06,29.26,29.26,29.02,29.04,6460
2015-03-09,29.17,29.22,29.13,29.22,1563
2015-03-10,28.99,28.99,28.75,28.77,2443
2015-03-11,28.73,28.81,28.73,28.81,3087
2015-03-12,29.08,29.34,29.08,29.32,3814
2015-03-13,29.3,29.3,29.11,29.11,577
2015-03-16,29.35,29.45,29.26,29.41,5141
2015-03-17,29.36,29.53,29.35,29.53,3279
2015-03-18,29.65,29.83,29.3,29.83,5130
2015-03-19,29.65,29.84,29.65,29.81,3047
2015-03-20,29.98,30.19,29.97,30.16,7012
2015-03-23,30.16,30.33,30.16,30.23,17146
2015-03-24,30.21,30.27,30.18,30.22,3692
2015-03-25,30.26,30.28,29.92,29.92,6216
2015-03-26,29.66,29.74,29.6,29.71,4998
2015-03-27,29.8,29.84,29.72,29.72,2221
2015-03-30,30.09,30.3,30.08,30.26,5823
2015-03-31,30.12,30.21,30.07,30.12,27293
2015-04-01,30.38,30.38,29.92,30.07,5175
2015-04-02,30.1,30.33,30.1,30.17,2664
2015-04-06,30.16,30.34,30.15,30.33,3916
2015-04-07,30.25,30.25,30.21,30.21,2895
2015-04-08,30.2,30.2,29.99,30.2,938
2015-04-09,30.16,30.25,29.93,30.12,4917
2015-04-10,30.17,30.21,30.1,30.19,3950
2015-04-13,30.21,30.21,30.15,30.15,964
2015-04-14,29.93,29.94,29.93,29.94,486
2015-04-15,30.26,30.52,30.21,30.39,15726
2015-04-16,30.37,30.37,30.29,30.29,6404
2015-04-17,30.45,30.45,29.74,29.74,7378
2015-04-20,29.82,30.13,29.82,30.05,11341
2015-04-21,30.05,30.05,29.95,29.95,6661
2015-04-22,29.94,30.07,29.74,30.06,6101
2015-04-23,30.07,30.23,30.0,30.19,18374
2015-04-24,30.15,30.22,30.1,30.13,3260
2015-04-27,30.37,30.37,29.87,29.92,8226
2015-04-28,30.0,30.0,29.81,29.81,3797
2015-04-29,29.98,29.99,29.84,29.87,2269
2015-04-30,29.72,29.76,29.36,29.36,3094
2015-05-01,29.44,29.57,29.26,29.57,4318
2015-05-04,29.57,29.6,29.56,29.57,2056
2015-05-05,29.42,29.57,29.12,29.12,5545
2015-05-06,29.27,29.27,29.13,29.25,2388
2015-05-07,29.23,29.23,29.23,29.23,544
2015-05-08,29.53,29.54,29.5,29.5,1279
2015-05-11,29.45,29.59,29.41,29.51,1981
2015-05-12,29.41,29.41,29.04,29.35,2343
2015-05-13,29.34,29.44,29.34,29.44,1003
2015-05-14,29.61,29.69,29.61,29.66,1278
2015-05-15,29.55,29.62,29.55,29.61,3388
2015-05-18,29.56,29.8,29.56,29.8,3316
2015-05-19,29.72,29.75,29.72,29.74,1590
2015-05-20,29.82,29.84,29.82,29.84,970
2015-05-21,29.79,29.95,29.79,29.88,978
2015-05-22,29.7,29.73,29.59,29.73,3028
2015-05-26,29.4,29.4,29.15,29.29,2652
2015-05-27,29.29,29.59,29.24,29.59,2818
2015-05-28,29.42,29.58,29.42,29.58,11082
2015-05-29,29.4,29.43,29.3,29.34,2487
2015-06-01,29.27,29.27,29.27,29.27,637
2015-06-02,29.17,29.55,29.17,29.5,853
2015-06-03,29.5,29.84,29.5,29.75,2254
2015-06-04,29.74,29.78,29.52,29.59,3754
2015-06-05,29.63,29.63,29.63,29.63,734
2015-06-08,29.63,29.63,29.56,29.56,1039
2015-06-09,29.5,29.64,29.5,29.56,1966
2015-06-10,29.75,30.09,29.75,29.93,2365
2015-06-11,30.06,30.06,29.94,29.99,12929
2015-06-12,29.92,29.92,29.92,29.92,779
2015-06-15,29.8,29.8,29.52,29.72,1929
2015-06-16,29.85,29.95,29.85,29.95,3962
2015-06-17,29.95,29.95,29.9,29.91,11156
2015-06-18,30.0,30.22,30.0,30.17,1636
2015-06-19,30.16,30.27,30.16,30.27,4200
2015-06-22,30.24,30.26,30.16,30.17,4287
2015-06-23,30.28,30.37,30.28,30.33,5321
2015-06-24,30.29,30.29,30.14,30.18,3729
2015-06-25,30.29,30.29,30.07,30.07,9881
2015-06-26,30.17,30.17,30.02,30.13,4818
2015-06-29,30.02,30.02,29.48,29.48,15136
2015-06-30,30.02,30.02,29.45,29.47,7618
2015-07-01,29.69,29.69,29.43,29.54,18121
2015-07-02,29.55,29.58,29.37,29.4,10340
2015-07-06,29.25,29.42,29.16,29.24,9935
2015-07-07,28.84,29.14,28.82,29.1,3942
2015-07-08,29.01,29.15,28.75,28.9,7127
2015-07-09,29.18,29.18,28.91,28.91,5591
2015-07-10,29.22,29.25,29.2,29.23,1733
2015-07-13,29.52,29.59,29.5,29.57,8731
2015-07-14,29.58,29.69,29.56,29.69,4426
2015-07-15,29.72,29.72,29.37,29.37,7525
2015-07-16,29.48,29.67,29.48,29.61,5895
2015-07-17,29.67,29.67,29.32,29.36,11516
2015-07-20,29.32,29.32,29.19,29.23,5893
2015-07-21,29.25,29.25,28.93,29.02,5223
2015-07-22,28.89,29.01,28.89,29.01,16205
2015-07-23,29.02,29.12,28.64,28.7,13025
2015-07-24,28.68,28.68,28.2,28.2,4828
2015-07-27,28.1,28.1,27.97,28.0,2452
2015-07-28,28.0,28.3,27.68,28.28,7342
2015-07-29,28.2,28.51,28.2,28.48,3073
2015-07-30,28.4,28.54,28.4,28.54,2582
2015-07-31,28.52,28.69,28.51,28.51,1855
2015-08-03,28.42,28.45,28.26,28.26,11776
2015-08-04,28.58,28.58,28.24,28.26,2373
2015-08-05,28.58,28.66,28.38,28.43,2718
2015-08-06,28.39,28.46,28.23,28.35,4662
2015-08-07,28.35,28.35,28.22,28.23,1766
2015-08-10,28.56,28.7,28.54,28.66,4997
2015-08-11,28.45,28.54,28.37,28.54,3838
2015-08-12,28.03,28.45,28.03,28.45,5454
2015-08-13,28.37,28.44,28.26,28.26,6151
2015-08-14,28.26,28.39,28.26,28.39,1018
2015-08-17,28.44,28.68,28.38,28.68,3538
2015-08-18,28.7,28.7,28.46,28.55,4350
2015-08-19,28.31,28.31,28.07,28.26,21250
2015-08-20,28.0,28.0,27.64,27.71,9031
2015-08-21,27.32,27.52,27.09,27.17,10699
2015-08-24,25.7,25.7,24.82,26.44,120157
2015-08-25,27.2,27.2,25.92,25.92,22019
2015-08-26,26.35,26.52,26.0,26.52,10605
2015-08-27,26.74,27.1,26.66,26.79,8790
2015-08-28,27.27,27.29,27.04,27.24,16018
2015-08-31,27.04,27.38,27.0,27.28,11382
2015-09-01,27.02,27.03,26.51,26.63,17368
2015-09-02,26.76,26.81,26.6,26.72,10222
2015-09-03,26.9,27.14,26.9,26.94,5212
2015-09-04,26.77,26.85,26.61,26.82,5337
2015-09-08,27.11,27.25,27.07,27.25,5776
2015-09-09,27.43,27.43,27.07,27.13,9113
2015-09-10,26.98,27.15,26.87,26.87,4280
2015-09-11,26.8,26.99,26.8,26.99,8755
2015-09-14,27.04,27.04,26.84,26.85,6439
2015-09-15,26.92,27.14,26.92,27.14,6076
2015-09-16,27.16,27.41,27.16,27.41,2606
2015-09-17,27.59,27.65,27.41,27.41,2665
2015-09-18,27.1,27.18,26.82,26.88,9083
2015-09-21,26.93,27.11,26.91,26.91,13974
2015-09-22,26.64,26.64,26.58,26.58,644
2015-09-23,26.65,26.65,26.5,26.59,3842
2015-09-24,26.4,26.57,26.32,26.57,3520
2015-09-25,26.78,26.78,26.4,26.46,5288
2015-09-28,26.28,26.28,25.85,25.85,5344
2015-09-29,25.92,26.01,25.69,25.69,11439
2015-09-30,26.02,26.04,25.85,25.98,6082
2015-10-01,26.22,26.22,25.85,25.96,641
2015-10-02,25.85,26.28,25.74,26.28,2452
2015-10-05,26.67,27.07,26.67,27.07,5702
2015-10-06,27.19,27.19,26.99,27.05,9955
2015-10-07,27.13,27.25,26.99,27.25,3040
2015-10-08,27.3,27.3,27.3,27.3,1341
2015-10-09,27.75,27.78,27.72,27.74,10641
2015-10-12,27.77,27.77,27.67,27.72,1803
2015-10-13,27.54,27.79,27.46,27.49,20614
2015-10-14,27.54,27.54,27.26,27.26,6799
2015-10-15,27.27,27.5,27.05,27.47,7282
2015-10-16,27.48,27.58,27.41,27.58,1956
2015-10-19,27.56,27.65,27.41,27.47,30994
2015-10-20,27.59,27.77,27.5,27.69,7526
2015-10-21,27.66,27.66,27.3,27.3,1020
2015-10-22,27.64,27.79,27.58,27.66,6136
2015-10-23,27.9,27.93,27.64,27.84,7845
2015-10-26,27.75,27.78,27.63,27.64,5376
2015-10-27,27.5,27.5,27.04,27.09,1769
2015-10-28,27.41,27.83,27.41,27.83,5423
2015-10-29,27.74,27.9,27.61,27.73,31060
2015-10-30,27.66,27.93,27.66,27.68,4117
2015-11-02,27.74,28.2,27.66,28.12,16560
2015-11-03,28.12,28.41,28.1,28.39,4356
2015-11-04,28.38,28.38,28.09,28.09,5395
2015-11-05,28.09,28.27,28.09,28.27,6758
2015-11-06,28.14,28.24,27.86,28.24,6099
2015-11-09,28.16,28.16,27.73,27.81,15141
2015-11-10,27.8,27.96,27.8,27.95,1174
2015-11-11,27.99,27.99,27.8,27.81,61341
2015-11-12,27.6,27.6,27.26,27.26,12807
2015-11-13,27.13,27.19,26.9,26.9,8322
2015-11-16,26.96,27.14,26.88,27.14,1059
2015-11-17,27.38,27.51,27.16,27.2,4549
2015-11-18,27.32,27.66,27.25,27.64,22147
2015-11-19,27.71,27.71,27.54,27.56,5364
2015-11-20,27.82,27.93,27.73,27.79,16840
2015-11-23,27.74,27.95,27.74,27.79,1618
2015-11-24,27.73,28.2,27.73,28.16,9662
2015-11-25,28.15,28.37,28.15,28.37,3648
2015-11-27,28.38,28.54,28.37,28.47,4532
2015-11-30,28.51,28.52,28.27,28.27,6700
2015-12-01,28.44,28.44,28.23,28.39,1804
2015-12-02,28.42,28.42,28.08,28.09,5667
2015-12-03,28.02,28.11,27.63,27.68,6272
2015-12-04,27.76,27.94,27.76,27.9,2627
2015-12-07,27.67,27.67,27.48,27.51,89783
2015-12-08,27.25,27.44,27.23,27.34,7451
2015-12-09,27.31,27.31,27.02,27.12,7301
2015-12-10,27.01,27.19,27.01,27.06,2073
2015-12-11,26.77,26.77,26.42,26.52,3037
2015-12-14,26.57,26.57,26.29,26.35,7048
2015-12-15,26.54,26.65,26.41,26.55,18278
2015-12-16,26.81,27.02,26.71,27.02,3797
2015-12-17,26.95,26.95,26.74,26.78,6534
2015-12-18,26.54,26.54,26.31,26.37,3340
2015-12-21,26.34,26.36,26.22,26.26,1586
2015-12-22,26.37,26.72,26.31,26.67,15298
2015-12-23,26.76,27.07,26.76,27.07,7862
2015-12-24,26.99,27.17,26.99,27.04,1195
2015-12-28,26.86,26.89,26.73,26.81,36926
2015-12-29,27.03,27.15,26.89,27.06,53066
2015-12-30,27.06,27.08,26.87,26.88,27690
2015-12-31,26.67,26.79,26.53,26.53,6714
2016-01-04,25.96,26.07,25.77,26.01,7645
2016-01-05,25.98,26.03,25.86,26.01,2064
2016-01-06,25.71,25.76,25.47,25.6,18454
2016-01-07,25.18,25.3,24.98,25.03,7702
2016-01-08,25.1,25.1,24.72,24.79,8131
2016-01-11,24.71,24.71,24.33,24.36,11080
2016-01-12,24.68,24.72,24.21,24.54,5494
2016-01-13,24.6,24.63,24.23,24.23,7352
2016-01-14,24.07,24.28,23.83,24.18,5788
2016-01-15,23.6,23.83,23.29,23.83,4877
2016-01-19,24.2,24.2,23.48,23.63,14405
2016-01-20,23.34,23.87,22.86,23.72,25063
2016-01-21,23.61,24.03,23.61,23.73,9239
2016-01-22,24.02,24.23,23.99,24.17,8553
2016-01-25,24.06,24.06,23.62,23.64,8590
2016-01-26,23.9,24.37,23.9,24.22,6317
2016-01-27,24.18,24.29,23.95,23.95,3745
2016-01-28,24.16,24.25,24.04,24.18,3605
2016-01-29,24.38,25.17,24.38,25.17,3517
2016-02-01,25.03,25.11,24.94,25.06,9418
2016-02-02,24.67,24.67,24.49,24.49,1343
2016-02-03,24.71,24.74,24.4,24.7,16110
2016-02-04,24.75,25.13,24.75,24.94,5252
2016-02-05,24.73,24.78,24.6,24.62,3192
2016-02-08,24.27,24.27,24.07,24.21,6143
2016-02-09,24.11,24.55,24.11,24.39,9911
2016-02-10,24.51,24.51,24.2,24.2,3457
2016-02-11,23.87,24.02,23.75,24.02,14715
2016-02-12,24.06,24.35,24.06,24.35,7069
2016-02-16,24.67,24.88,24.51,24.88,6972
2016-02-17,25.21,25.21,25.21,25.21,293
2016-02-18,25.18,25.18,25.06,25.17,11900
2016-02-19,25.53,25.53,24.92,25.06,7335
2016-02-22,25.35,25.5,25.35,25.42,6697
2016-02-23,25.22,25.34,25.22,25.25,4936
2016-02-24,25.13,25.32,25.13,25.29,2995
2016-02-25,25.59,25.71,25.53,25.71,4475
2016-02-26,25.83,25.85,25.69,25.74,10773
2016-02-29,25.82,26.06,25.82,25.87,9166
2016-03-01,25.89,26.14,25.89,26.14,4661
2016-03-02,26.26,26.39,26.2,26.37,16095
2016-03-03,26.52,26.75,26.5,26.71,4672
2016-03-04,26.76,27.13,26.76,26.93,6417
2016-03-07,27.07,27.36,27.07,27.36,1917
2016-03-08,27.2,27.2,26.9,26.9,2595
2016-03-09,27.0,27.01,26.93,26.93,8802
2016-03-10,26.92,26.92,26.62,26.74,2169
2016-03-11,27.1,27.24,27.05,27.17,3673
2016-03-14,27.15,27.16,27.06,27.14,988
2016-03-15,27.05,27.05,26.91,26.95,2715
2016-03-16,26.91,27.28,26.91,27.15,3459
2016-03-17,27.14,27.77,27.14,27.75,7279
2016-03-18,27.63,27.92,27.63,27.92,18791
2016-03-21,27.89,27.89,27.74,27.74,2836
2016-03-22,27.58,27.8,27.58,27.71,8211
2016-03-23,27.58,27.58,27.22,27.22,39575
2016-03-24,27.17,27.3,26.98,27.28,9218
2016-03-28,27.29,27.56,27.24,27.51,2162
2016-03-29,27.6,28.17,27.6,28.17,27262
2016-03-30,28.23,28.25,28.15,28.17,4896
2016-03-31,28.18,28.24,28.1,28.24,4752
2016-04-01,27.96,28.26,27.86,28.26,4680
2016-04-04,28.28,28.28,27.84,27.84,4154
2016-04-05,27.67,27.74,27.55,27.58,10262
2016-04-06,27.51,27.68,27.5,27.68,5287
2016-04-07,27.56,27.56,27.22,27.23,7495
2016-04-08,27.51,27.57,27.3,27.3,4371
2016-04-11,27.62,27.74,27.43,27.44,5686
2016-04-12,27.44,27.8,27.44,27.73,16511
2016-04-13,27.99,28.28,27.99,28.28,2296
2016-04-14,28.43,28.43,28.3,28.32,11618
2016-04-15,28.5,28.56,28.44,28.55,13882
2016-04-18,28.5,28.68,28.5,28.63,9476
2016-04-19,28.74,28.8,28.71,28.75,11040
2016-04-20,28.74,28.92,28.71,28.78,4355
2016-04-21,28.81,28.81,28.46,28.49,12568
2016-04-22,28.8,28.83,28.63,28.76,7403
2016-04-25,28.7,28.7,28.38,28.39,12539
2016-04-26,28.59,28.82,28.5,28.81,27045
2016-04-27,28.85,28.94,28.7,28.94,18262
2016-04-28,28.68,28.89,28.54,28.54,21123
2016-04-29,28.5,28.54,28.33,28.42,2394
2016-05-02,28.54,28.73,28.39,28.71,69655
2016-05-03,28.47,28.47,28.11,28.16,7223
2016-05-04,28.09,28.46,28.08,28.18,5331
2016-05-05,28.08,28.15,27.81,27.89,5399
2016-05-06,27.86,27.95,27.7,27.95,5701
2016-05-09,27.94,27.99,27.8,27.83,9314
2016-05-10,27.93,28.11,27.8,28.07,5935
2016-05-11,27.99,27.99,27.71,27.72,18895
2016-05-12,27.78,27.83,27.4,27.62,25794
2016-05-13,27.56,27.59,27.3,27.36,3185
2016-05-16,27.52,27.69,27.51,27.63,14562
2016-05-17,27.47,27.63,27.03,27.13,9755
2016-05-18,27.03,27.39,26.99,27.08,12379
2016-05-19,26.99,27.0,26.78,27.0,8733
2016-05-20,27.09,27.34,27.09,27.34,4925
2016-05-23,27.41,27.42,27.27,27.27,3354
2016-05-24,27.46,27.83,27.46,27.76,14420
2016-05-25,27.9,27.98,27.9,27.98,8574
2016-05-26,28.02,28.02,27.92,27.94,5879
2016-05-27,28.01,28.1,27.95,28.06,4765
2016-05-31,28.18,28.3,28.05,28.11,5368
2016-06-01,28.07,28.36,27.94,28.33,19105
2016-06-02,28.35,28.52,28.28,28.52,7989
2016-06-03,28.37,28.57,28.37,28.57,3602
2016-06-06,28.66,28.88,28.66,28.84,10111
2016-06-07,28.88,29.09,28.88,28.94,6404
2016-06-08,29.06,29.23,28.99,29.22,49837
2016-06-09,29.0,29.1,28.89,29.04,15156
2016-06-10,28.9,28.91,28.77,28.77,1912
2016-06-13,28.87,28.87,28.55,28.55,1940
2016-06-14,28.52,28.56,28.37,28.5,11635
2016-06-15,28.7,28.78,28.5,28.5,7039
2016-06-16,28.45,28.45,28.24,28.41,3033
2016-06-17,28.77,28.77,28.51,28.61,1971
2016-06-20,28.85,29.06,28.85,28.96,4068
2016-06-21,28.87,28.87,28.57,28.68,9908
2016-06-22,28.7,28.85,28.62,28.67,6602
2016-06-23,28.99,29.22,28.99,29.13,4183
2016-06-24,28.38,28.49,28.06,28.08,18395
2016-06-27,27.83,27.83,27.19,27.35,7914
2016-06-28,27.5,27.57,27.39,27.51,5903
2016-06-29,27.88,28.12,27.82,28.06,6772
2016-06-30,28.11,28.66,28.11,28.66,4128
2016-07-01,28.8,29.06,28.8,28.9,5942
2016-07-05,28.65,28.65,28.39,28.52,1154
2016-07-06,28.46,28.75,28.43,28.7,31406
2016-07-07,28.67,28.84,28.55,28.7,6178
2016-07-08,29.09,29.42,29.06,29.4,11223
2016-07-11,29.47,29.79,29.47,29.74,11086
2016-07-12,30.0,30.33,29.97,30.2,12751
2016-07-13,30.39,30.39,30.13,30.21,9364
2016-07-14,30.42,30.45,30.24,30.25,11164
2016-07-15,30.55,30.55,30.2,30.27,5955
2016-07-18,30.36,30.41,30.26,30.36,6686
2016-07-19,30.32,30.32,30.06,30.11,6291
2016-07-20,29.94,30.3,29.94,30.25,3163
2016-07-21,30.37,30.37,30.1,30.19,7586
2016-07-22,30.02,30.44,30.02,30.4,6734
2016-07-25,30.34,30.34,30.22,30.26,3966
2016-07-26,30.31,30.48,30.24,30.42,10544
2016-07-27,30.42,30.5,30.35,30.45,22575
2016-07-28,30.22,30.25,30.15,30.22,3322
2016-07-29,30.21,30.3,30.01,30.27,6597
2016-08-01,30.18,30.3,30.11,30.14,4154
2016-08-02,30.25,30.25,29.78,29.87,4773
2016-08-03,29.75,29.93,29.75,29.83,4037
2016-08-04,30.07,30.08,29.91,29.91,14141
2016-08-05,30.17,30.5,30.16,30.44,19331
2016-08-08,30.47,30.47,30.28,30.36,4319
2016-08-09,30.46,30.46,30.29,30.29,4109
2016-08-10,30.35,30.35,30.14,30.16,12766
2016-08-11,30.3,30.4,30.24,30.33,59324
2016-08-12,30.32,30.33,30.09,30.22,19300
2016-08-15,30.31,30.52,30.31,30.48,24724
2016-08-16,30.49,30.49,30.3,30.31,17898
2016-08-17,30.27,30.35,30.2,30.27,7420
2016-08-18,30.38,30.55,30.38,30.55,13533
2016-08-19,30.64,30.67,30.45,30.63,41225
2016-08-22,30.48,30.63,30.48,30.6,94032
2016-08-23,30.83,30.98,30.83,30.95,36321
2016-08-24,30.81,30.81,30.71,30.71,5745
2016-08-25,30.76,30.87,30.74,30.86,12509
2016-08-26,31.0,31.04,30.65,30.74,30641
2016-08-29,30.86,30.97,30.72,30.86,26668
2016-08-30,30.95,30.95,30.66,30.77,31861
2016-08-31,30.7,30.77,30.54,30.77,7660
2016-09-01,30.76,30.76,30.44,30.69,13133
2016-09-02,30.88,30.99,30.81,30.99,18183
2016-09-06,31.12,31.12,30.8,30.95,60949
2016-09-07,30.95,31.17,30.95,31.17,12620
2016-09-08,31.27,31.27,31.06,31.11,120283
2016-09-09,30.91,30.91,30.21,30.21,8740
2016-09-12,30.07,30.43,30.07,30.4,9673
2016-09-13,30.29,30.29,29.8,29.93,6565
2016-09-14,30.03,30.03,29.83,29.91,6244
2016-09-15,29.93,30.22,29.93,30.21,9753
2016-09-16,30.09,30.14,30.02,30.14,8400
2016-09-19,30.16,30.49,30.16,30.37,9038
2016-09-20,30.44,30.44,30.12,30.14,6053
2016-09-21,30.35,30.54,30.2,30.54,109942
2016-09-22,30.86,30.94,30.82,30.93,2195
2016-09-23,31.01,31.01,30.83,30.84,8808
2016-09-26,30.64,30.64,30.48,30.5,4539
2016-09-27,30.47,30.6,30.42,30.55,13033
2016-09-28,30.67,30.78,30.46,30.75,16749
2016-09-29,30.78,30.82,30.44,30.44,5575
2016-09-30,30.67,30.92,30.58,30.84,10920
2016-10-03,30.79,30.79,30.61,30.68,27962
2016-10-04,30.79,30.81,30.46,30.51,8937
2016-10-05,30.73,30.78,30.6,30.66,5039
2016-10-06,30.66,30.68,30.47,30.63,5580
2016-10-07,30.76,30.76,30.31,30.46,3825
2016-10-10,30.63,30.76,30.54,30.7,5271
2016-10-11,30.69,30.69,30.08,30.19,54637
2016-10-12,30.28,30.4,30.25,30.39,7041
2016-10-13,30.0,30.2,29.95,30.04,4523
2016-10-14,30.23,30.23,30.07,30.07,27621
2016-10-17,29.98,30.15,29.98,30.01,8700
2016-10-18,30.13,30.23,30.11,30.11,4085
2016-10-19,30.22,30.39,30.06,30.29,9615
2016-10-20,30.17,30.22,30.04,30.11,6454
2016-10-21,29.93,30.09,29.85,30.07,12156
2016-10-24,30.36,30.38,30.13,30.24,8504
2016-10-25,30.25,30.25,29.95,29.97,5452
2016-10-26,29.84,30.05,29.74,29.74,19691
2016-10-27,29.87,29.87,29.44,29.47,5745
2016-10-28,30.45,30.45,29.48,29.5,13215
2016-10-31,29.61,29.75,29.49,29.74,6766
2016-11-01,29.82,29.82,29.1,29.21,17304
2016-11-02,29.22,29.29,29.05,29.13,4530
2016-11-03,29.24,29.26,29.14,29.15,2974
2016-11-04,29.37,29.47,29.15,29.15,11481
2016-11-07,29.88,29.88,29.64,29.75,15042
2016-11-08,29.68,29.88,29.6,29.77,6967
2016-11-09,29.5,30.75,29.5,30.68,11689
2016-11-10,30.88,31.42,30.82,31.32,24867
2016-11-11,31.49,32.05,31.49,32.05,11336
2016-11-14,32.26,32.72,32.26,32.6,46095
2016-11-15,32.51,32.67,32.37,32.61,14072
2016-11-16,32.58,32.71,32.51,32.69,15473
2016-11-17,32.82,32.84,32.74,32.78,17840
2016-11-18,32.8,32.91,32.76,32.9,22858
2016-11-21,32.97,33.07,32.8,33.04,30099
2016-11-22,33.23,33.56,33.16,33.56,27931
2016-11-23,33.58,33.72,33.5,33.65,19700
2016-11-25,33.75,33.81,33.69,33.79,2879
2016-11-28,33.86,33.86,33.46,33.46,20320
2016-11-29,33.48,33.61,33.38,33.47,21907
2016-11-30,33.65,33.65,33.2,33.23,25602
2016-12-01,33.37,33.42,33.11,33.23,15081
2016-12-02,33.13,33.33,33.06,33.15,20815
2016-12-05,33.31,33.71,33.31,33.71,37942
2016-12-06,33.7,34.03,33.49,33.99,47064
2016-12-07,34.03,34.43,33.89,34.38,32688
2016-12-08,34.53,34.94,34.27,34.93,30884
2016-12-09,35.07,35.07,34.84,34.96,12874
2016-12-12,34.8,34.96,34.53,34.62,31388
2016-12-13,34.69,34.88,34.44,34.59,22234
2016-12-14,34.41,34.6,34.11,34.17,6848
2016-12-15,34.39,34.72,34.24,34.49,29415
2016-12-16,34.61,34.8,34.31,34.36,29074
2016-12-19,34.51,34.62,34.33,34.58,21932
2016-12-20,34.78,34.91,34.59,34.83,25939
2016-12-21,34.92,34.92,34.75,34.76,10934
2016-12-22,34.81,34.81,34.27,34.3,12739
2016-12-23,34.25,34.26,34.11,34.24,20721
2016-12-27,34.51,34.53,34.37,34.44,12899
2016-12-28,34.52,34.52,33.99,34.06,23284
2016-12-29,34.14,34.24,33.97,34.11,16380
2016-12-30,34.2,34.2,33.91,33.99,92578
2017-01-03,34.47,34.47,33.93,34.07,31008
2017-01-04,34.33,34.66,34.33,34.64,58177
2017-01-05,34.64,34.64,34.01,34.16,24995
2017-01-06,34.29,34.29,33.94,33.98,37683
2017-01-09,33.98,33.98,33.67,33.69,37162
2017-01-10,33.77,34.1,33.6,34.02,26099
2017-01-11,34.06,34.13,33.88,34.08,23945
2017-01-12,34.06,34.1,33.38,33.69,40735
2017-01-13,33.87,34.03,33.85,33.9,41780
2017-01-17,33.83,33.9,33.55,33.6,48802
2017-01-18,33.6,33.76,33.55,33.76,20490
2017-01-19,33.69,33.72,33.27,33.37,29176
2017-01-20,33.39,33.62,33.39,33.51,25034
2017-01-23,33.51,33.56,33.28,33.43,41807
2017-01-24,33.55,34.01,33.55,33.95,27118
2017-01-25,34.11,34.33,34.11,34.27,23451
2017-01-26,34.33,34.33,33.96,34.01,27694
2017-01-27,34.13,34.16,33.76,33.88,15832
2017-01-30,33.77,33.77,33.27,33.5,23046
2017-01-31,33.38,33.71,33.27,33.64,20150
2017-02-01,33.94,33.94,33.33,33.39,18961
2017-02-02,33.57,33.57,33.14,33.2,29389
2017-02-03,33.58,33.68,33.41,33.62,20965
2017-02-06,33.6,33.6,33.27,33.35,17067
2017-02-07,33.48,33.54,33.15,33.25,194490
2017-02-08,33.08,33.22,32.93,33.14,17353
2017-02-09,33.25,33.69,33.25,33.56,23164
2017-02-10,33.78,33.86,33.59,33.86,18767
2017-02-13,34.1,34.1,33.75,33.75,22452
2017-02-14,33.82,33.88,33.67,33.84,57051
2017-02-15,33.79,34.01,33.75,33.96,30675
2017-02-16,34.04,34.04,33.69,33.84,20697
2017-02-17,33.72,33.79,33.63,33.69,5533
2017-02-21,33.78,34.06,33.67,34.02,65174
2017-02-22,34.06,34.06,33.89,34.02,12156
2017-02-23,34.18,34.18,33.51,33.7,11610
2017-02-24,33.35,33.75,33.35,33.7,9104
2017-02-27,33.73,33.96,33.64,33.91,14442
2017-02-28,33.86,33.86,33.27,33.36,17580
2017-03-01,33.72,33.93,33.72,33.87,20152
2017-03-02,33.92,33.92,33.47,33.47,12916
2017-03-03,33.59,33.59,33.25,33.41,21146
2017-03-06,33.25,33.25,33.06,33.16,15435
2017-03-07,33.0,33.06,32.83,32.83,17184
2017-03-08,32.89,33.02,32.76,32.76,66106
2017-03-09,32.67,32.82,32.5,32.5,8617
2017-03-10,32.69,32.85,32.56,32.74,14085
2017-03-13,32.78,32.8,32.68,32.72,19716
2017-03-14,32.57,32.77,32.46,32.72,14300
2017-03-15,32.9,33.21,32.9,33.21,6157
2017-03-16,33.35,33.35,33.12,33.18,14218
2017-03-17,33.37,33.45,33.14,33.41,15965
2017-03-20,33.46,33.46,33.06,33.1,10992
2017-03-21,33.13,33.13,32.37,32.4,57289
2017-03-22,32.39,32.42,32.07,32.32,22189
2017-03-23,32.25,32.72,32.25,32.56,8773
2017-03-24,32.51,32.63,32.3,32.33,18100
2017-03-27,31.99,32.27,31.89,32.25,12386
2017-03-28,32.03,32.55,32.03,32.5,10909
2017-03-29,32.52,32.67,32.5,32.64,19594
2017-03-30,32.67,32.96,32.67,32.92,6985
2017-03-31,32.98,33.16,32.92,33.07,5106
2017-04-03,33.07,33.07,32.52,32.53,9808
2017-04-04,32.44,32.6,32.36,32.41,11195
2017-04-05,32.77,32.82,32.22,32.26,4856
2017-04-06,32.19,32.55,32.19,32.45,12342
2017-04-07,32.43,32.56,32.35,32.52,15998
2017-04-10,32.59,32.69,32.41,32.67,13233
2017-04-11,32.54,32.95,32.54,32.95,22896
2017-04-12,32.92,32.92,32.49,32.54,11634
2017-04-13,32.4,32.43,32.09,32.11,17881
2017-04-17,32.29,32.46,32.18,32.46,8897
2017-04-18,32.39,32.63,32.36,32.62,10330
2017-04-19,32.85,32.91,32.7,32.72,16859
2017-04-20,32.95,33.23,32.9,33.16,9049
2017-04-21,33.06,33.26,33.03,33.19,13344
2017-04-24,33.58,33.63,33.49,33.52,8783
2017-04-25,33.88,33.94,33.78,33.85,9909
2017-04-26,33.84,34.26,33.84,34.12,8472
2017-04-27,34.19,34.21,33.9,34.04,22861
2017-04-28,33.95,33.95,33.51,33.51,10098
2017-05-01,33.74,33.74,33.46,33.58,7310
2017-05-02,33.52,33.68,33.52,33.64,16713
2017-05-03,33.63,33.63,33.41,33.43,16229
2017-05-04,33.48,33.5,33.19,33.38,47700
2017-05-05,33.37,33.54,33.27,33.54,19228
2017-05-08,33.56,33.59,33.4,33.47,5506
2017-05-09,33.48,33.71,33.48,33.61,61803
2017-05-10,33.49,33.78,33.49,33.73,16660
2017-05-11,33.53,33.7,33.24,33.48,46282
2017-05-12,33.42,33.42,33.1,33.13,15851
2017-05-15,33.39,33.46,33.27,33.3,9660
2017-05-16,33.3,33.3,33.06,33.18,18757
2017-05-17,32.76,32.76,32.44,32.62,19856
2017-05-18,32.52,32.57,32.38,32.52,14580
2017-05-19,32.6,32.78,32.6,32.68,10822
2017-05-22,32.66,32.87,32.66,32.84,20250
2017-05-23,32.88,32.89,32.67,32.78,9879
2017-05-24,32.87,32.95,32.64,32.78,5811
2017-05-25,32.95,32.95,32.72,32.83,4777
2017-05-26,32.76,32.81,32.61,32.78,5207
2017-05-30,32.67,32.68,32.53,32.64,3634
2017-05-31,32.63,32.64,32.21,32.61,8732
2017-06-01,32.74,33.14,32.74,33.12,8297
2017-06-02,33.34,33.65,33.34,33.4,6275
2017-06-05,33.41,33.41,33.19,33.19,9822
2017-06-06,33.11,33.2,32.87,33.08,5612
2017-06-07,33.03,33.17,32.95,32.96,8031
2017-06-08,32.97,33.46,32.95,33.32,25764
2017-06-09,33.38,33.81,33.35,33.67,23206
2017-06-12,34.0,34.11,33.73,33.73,9041
2017-06-13,33.83,33.99,33.8,33.87,6573
2017-06-14,33.99,33.99,33.63,33.65,8305
2017-06-15,33.41,33.71,33.41,33.59,10495
2017-06-16,33.48,33.48,33.32,33.48,5131
2017-06-19,33.68,33.68,33.48,33.57,8181
2017-06-20,33.61,33.61,33.18,33.22,7877
2017-06-21,33.22,33.24,32.95,32.95,5924
2017-06-22,32.97,33.03,32.83,32.93,9777
2017-06-23,33.04,33.13,32.98,33.09,7996
2017-06-26,32.93,33.18,32.93,33.18,10334
2017-06-27,33.23,33.27,33.06,33.1,7541
2017-06-28,33.46,33.58,33.39,33.46,7196
2017-06-29,33.51,33.51,33.05,33.27,56360
2017-06-30,33.4,33.4,33.22,33.25,6102
2017-07-03,33.42,33.63,33.42,33.51,5095
2017-07-05,33.6,33.6,33.14,33.22,4678
2017-07-06,33.06,33.25,33.04,33.04,20931
2017-07-07,33.11,33.36,33.0,33.36,8250
2017-07-10,33.21,33.41,33.08,33.19,22605
2017-07-11,33.1,33.16,32.94,33.16,8190
2017-07-12,33.41,33.59,33.28,33.34,10659
2017-07-13,33.23,33.31,33.15,33.24,7629
2017-07-14,33.33,33.48,33.29,33.38,13238
2017-07-17,33.3,33.61,33.3,33.47,14156
2017-07-18,33.5,33.5,33.21,33.34,119388
2017-07-19,33.37,33.72,33.37,33.69,14327
2017-07-20,33.76,33.87,33.72,33.78,21599
2017-07-21,33.81,33.81,33.61,33.68,17889
2017-07-24,33.58,33.61,33.48,33.61,14053
2017-07-25,33.85,34.05,33.75,34.03,13705
2017-07-26,33.95,33.95,33.68,33.68,138900
2017-07-27,33.68,33.82,33.6,33.63,18593
2017-07-28,33.66,33.72,33.45,33.56,4585
2017-07-31,33.68,33.68,33.46,33.57,7986
2017-08-01,33.61,33.64,33.44,33.58,14241
