Date,Open,High,Low,Close,Volume
2014-10-15,22.5,27.96,21.81,26.41,13727025
2014-10-16,26.13,29.44,25.81,28.4,1117126
2014-10-17,26.8,29.2,26.5,27.82,676837
2014-10-20,29.05,29.05,27.2,27.25,284879
2014-10-21,27.26,28.68,27.02,27.35,896625
2014-10-22,28.0,28.0,27.0,27.04,339127
2014-10-23,27.48,28.1,27.17,27.75,181682
2014-10-24,28.0,28.55,27.75,27.9,89980
2014-10-27,27.88,28.56,27.72,28.45,41213
2014-10-28,28.95,30.0,28.7,29.4,182178
2014-10-29,29.82,31.55,29.38,29.67,292394
2014-10-30,29.55,30.02,28.94,29.7,127126
2014-10-31,29.8,30.0,29.51,29.85,101344
2014-11-03,30.0,31.21,29.6,31.1,131442
2014-11-04,30.74,30.8,30.26,30.3,132157
2014-11-05,31.13,31.93,30.7,31.44,117199
2014-11-06,31.24,32.48,30.88,32.25,158877
2014-11-07,32.8,35.81,32.45,33.04,229770
2014-11-10,33.39,35.63,33.39,33.62,199442
2014-11-11,33.79,35.51,33.79,34.31,326038
2014-11-12,34.0,35.39,33.79,34.3,216009
2014-11-13,34.65,35.19,34.38,34.57,134575
2014-11-14,34.61,35.07,34.16,34.5,192884
2014-11-17,34.78,34.99,33.15,33.62,276085
2014-11-18,33.54,33.57,32.34,32.7,159807
2014-11-19,32.64,32.82,31.8,32.16,208257
2014-11-20,32.35,33.28,31.92,32.2,237787
2014-11-21,32.58,33.06,32.1,32.22,445800
2014-11-24,32.1,33.6,31.41,31.8,258483
2014-11-25,31.75,32.46,31.1,31.6,457106
2014-11-26,31.85,33.35,30.94,32.49,485458
2014-11-28,31.88,32.44,30.25,31.05,166437
2014-12-01,30.96,31.67,29.49,29.67,246528
2014-12-02,29.75,33.97,29.3,31.7,476328
2014-12-03,32.08,33.95,31.76,33.0,216899
2014-12-04,33.2,35.64,33.02,35.21,278130
2014-12-05,35.36,35.5,33.87,34.53,147744
2014-12-08,34.43,34.74,31.6,32.3,461780
2014-12-09,31.64,31.89,30.68,31.5,520431
2014-12-10,31.32,31.66,30.61,31.2,169668
2014-12-11,31.5,34.82,31.23,31.87,146720
2014-12-12,31.13,34.56,31.02,33.0,223193
2014-12-15,33.2,33.75,32.21,32.95,254178
2014-12-16,32.84,33.72,32.78,32.98,263612
2014-12-17,33.47,34.99,32.83,34.4,302611
2014-12-18,35.4,37.31,33.66,34.75,312988
2014-12-19,34.88,35.53,34.37,35.1,274909
2014-12-22,35.0,35.81,35.0,35.52,267752
2014-12-23,35.53,36.33,34.41,36.0,201476
2014-12-24,36.35,37.18,35.66,36.4,216662
2014-12-26,36.45,37.56,36.33,37.2,224291
2014-12-29,37.65,39.08,37.02,38.12,505061
2014-12-30,38.12,38.93,37.56,38.58,142219
2014-12-31,38.75,39.4,37.82,39.2,323156
2015-01-02,39.1,39.38,37.63,38.58,339821
2015-01-05,38.16,38.53,35.2,35.82,266691
2015-01-06,36.17,36.79,35.18,35.19,178320
2015-01-07,35.6,35.73,34.59,35.08,409716
2015-01-08,35.78,36.22,35.2,35.97,395951
2015-01-09,36.0,36.43,35.55,36.12,265777
2015-01-12,35.72,36.16,34.83,35.27,284986
2015-01-13,35.8,35.97,34.3,34.36,102258
2015-01-14,33.96,35.94,33.4,33.7,194289
2015-01-15,33.77,34.61,33.16,33.39,112330
2015-01-16,33.23,34.0,33.2,33.28,48485
2015-01-20,34.0,35.1,33.6,34.13,226280
2015-01-21,34.28,34.94,34.0,34.94,131418
2015-01-22,35.35,35.42,34.26,34.91,132984
2015-01-23,34.67,37.07,34.67,35.01,191882
2015-01-26,35.26,35.85,34.87,35.28,96418
2015-01-27,34.98,35.34,34.51,34.64,94711
2015-01-28,35.09,35.09,34.24,34.32,89969
2015-01-29,34.36,34.96,33.76,33.87,70851
2015-01-30,33.52,34.99,33.52,34.85,72472
2015-02-02,35.0,35.7,34.74,35.55,80648
2015-02-03,35.9,38.19,35.57,38.1,126895
2015-02-04,37.77,38.47,37.25,37.6,161246
2015-02-05,38.0,39.13,37.68,38.39,122308
2015-02-06,38.38,40.48,37.7,40.0,172786
2015-02-09,40.39,40.93,38.02,38.36,139410
2015-02-10,38.62,39.3,37.55,38.67,102617
2015-02-11,38.35,40.0,37.83,39.18,141427
2015-02-12,39.62,40.8,39.02,39.94,64927
2015-02-13,39.9,40.49,39.9,39.94,43267
2015-02-17,39.95,41.03,39.8,40.0,55029
2015-02-18,39.95,40.05,39.54,39.75,43881
2015-02-19,39.85,39.85,39.2,39.32,18481
2015-02-20,39.16,41.54,38.71,40.75,85961
2015-02-23,40.84,41.68,40.6,41.6,60055
2015-02-24,41.88,42.0,40.71,41.11,59495
2015-02-25,41.03,41.99,40.76,41.9,49101
2015-02-26,41.98,42.0,40.73,40.98,29816
2015-02-27,41.18,42.0,40.85,41.0,47640
2015-03-02,41.4,41.9,40.38,41.08,86714
2015-03-03,40.94,42.3,40.54,40.94,150588
2015-03-04,40.55,40.94,40.26,40.33,40138
2015-03-05,40.94,41.49,39.3,39.94,70674
2015-03-06,39.74,40.88,39.54,39.94,98209
2015-03-09,39.78,40.23,38.03,38.04,78728
2015-03-10,37.55,39.97,36.07,39.95,90539
2015-03-11,39.9,40.64,38.17,38.54,57073
2015-03-12,38.77,38.95,36.84,37.99,55132
2015-03-13,37.65,38.48,37.03,37.34,81578
2015-03-16,37.1,37.26,35.83,36.09,229963
2015-03-17,35.88,37.99,35.75,36.96,153449
2015-03-18,36.7,39.01,36.27,37.04,76905
2015-03-19,36.82,39.38,36.82,37.34,49339
2015-03-20,37.43,39.23,36.9,37.86,75020
2015-03-23,37.62,37.93,36.71,37.8,54481
2015-03-24,37.36,39.09,37.16,38.4,61170
2015-03-25,38.49,39.85,37.82,39.08,306773
2015-03-26,39.17,40.15,39.1,39.8,118606
2015-03-27,40.18,40.25,38.61,38.97,61777
2015-03-30,39.34,40.27,39.02,40.19,87008
2015-03-31,39.92,41.88,39.59,41.51,157798
2015-04-01,41.57,42.0,40.49,40.7,60092
2015-04-02,41.11,41.25,38.75,38.76,66913
2015-04-06,38.81,39.5,37.35,37.6,1056118
2015-04-07,37.84,39.77,36.9,37.12,228973
2015-04-08,37.13,39.12,37.13,38.82,103004
2015-04-09,38.95,39.17,38.18,38.95,100753
2015-04-10,38.75,39.65,38.7,39.64,34691
2015-04-13,39.65,39.89,39.33,39.68,225930
2015-04-14,39.64,40.0,39.5,39.71,67491
2015-04-15,39.78,40.8,39.39,40.67,99977
2015-04-16,40.79,41.62,40.44,40.87,129823
2015-04-17,40.73,41.29,40.54,41.26,115100
2015-04-20,41.3,41.3,40.73,40.78,49212
2015-04-21,40.93,41.3,40.55,40.8,70472
2015-04-22,40.94,41.2,40.81,41.0,32485
2015-04-23,40.61,41.3,40.61,41.3,27587
2015-04-24,41.3,41.64,40.86,41.09,46236
2015-04-27,41.07,41.39,40.76,41.16,84561
2015-04-28,41.57,41.57,40.76,41.05,28388
2015-04-29,41.03,41.12,40.76,40.96,49927
2015-04-30,41.02,41.07,40.66,40.85,50197
2015-05-01,40.94,41.28,40.78,41.0,55123
2015-05-04,41.0,42.0,39.37,39.5,53747
2015-05-05,39.89,40.17,39.6,39.99,59577
2015-05-06,40.25,40.25,39.5,39.71,57259
2015-05-07,39.8,40.49,38.87,40.41,55530
2015-05-08,40.43,40.63,40.0,40.5,36779
2015-05-11,40.3,40.61,38.58,40.25,78559
2015-05-12,40.17,40.17,39.15,39.75,130794
2015-05-13,39.61,40.22,39.4,39.8,48026
2015-05-14,39.6,40.26,39.18,39.95,104120
2015-05-15,39.95,40.4,39.5,39.88,193661
2015-05-18,39.93,40.28,39.82,40.0,53111
2015-05-19,39.99,41.54,39.5,41.3,199485
2015-05-20,41.28,42.04,40.83,42.0,24307
2015-05-21,41.83,42.65,41.42,41.64,72563
2015-05-22,41.8,44.34,41.41,42.32,77360
2015-05-26,42.21,42.37,41.44,42.16,41222
2015-05-27,41.8,42.44,41.2,42.01,74891
2015-05-28,42.26,43.11,41.77,42.11,62393
2015-05-29,42.21,42.81,41.78,42.16,122232
2015-06-01,41.93,42.37,41.26,42.04,149395
2015-06-02,42.01,42.42,41.81,41.99,212675
2015-06-03,42.12,42.52,41.05,41.13,87339
2015-06-04,40.96,41.17,39.51,40.26,96078
2015-06-05,40.54,41.29,40.1,40.36,145184
2015-06-08,40.4,40.99,40.25,40.52,68725
2015-06-09,40.07,40.59,39.68,39.8,90166
2015-06-10,39.9,40.54,39.9,40.38,135845
2015-06-11,40.42,40.42,40.12,40.23,27593
2015-06-12,40.28,40.58,40.1,40.25,228209
2015-06-15,39.99,41.05,39.81,40.63,134683
2015-06-16,40.98,41.23,40.7,41.01,170039
2015-06-17,41.23,41.54,39.69,40.98,192644
2015-06-18,41.45,41.82,40.52,41.12,139261
2015-06-19,41.15,41.41,40.7,40.87,571225
2015-06-22,40.94,41.07,39.66,40.84,162959
2015-06-23,40.71,41.02,40.24,40.91,138444
2015-06-24,40.7,41.11,40.61,40.99,80085
2015-06-25,41.01,41.39,40.83,41.06,167445
2015-06-26,40.96,40.98,39.73,40.4,80390
2015-06-29,40.34,40.51,39.7,39.85,105237
2015-06-30,39.9,40.07,37.71,38.31,165701
2015-07-01,38.12,39.0,38.07,38.58,70971
2015-07-02,38.73,39.63,38.34,38.88,263927
2015-07-06,38.84,38.94,36.51,37.0,222227
2015-07-07,36.95,38.09,35.37,38.0,124256
2015-07-08,37.83,38.2,36.99,37.93,82348
2015-07-09,38.27,39.18,37.93,38.09,97271
2015-07-10,38.4,38.92,38.16,38.79,53117
2015-07-13,38.77,39.03,37.5,37.9,116517
2015-07-14,37.64,38.41,37.5,37.51,66463
2015-07-15,37.45,38.04,36.0,36.05,131832
2015-07-16,36.06,37.6,33.73,36.73,400036
2015-07-17,36.7,36.83,35.02,35.55,113157
2015-07-20,35.56,35.82,34.13,34.48,104641
2015-07-21,34.4,35.91,33.6,34.91,133319
2015-07-22,34.71,35.21,34.32,34.66,162710
2015-07-23,35.06,36.17,34.64,35.08,107167
2015-07-24,35.9,35.9,33.75,34.01,173066
2015-07-27,33.79,34.23,33.53,33.8,111148
2015-07-28,33.85,34.7,33.6,33.97,186313
2015-07-29,33.64,35.7,33.64,35.4,101933
2015-07-30,35.29,35.58,34.68,35.16,107345
2015-07-31,34.97,35.6,34.54,35.12,122247
2015-08-03,35.14,35.77,34.6,34.79,187448
2015-08-04,34.81,35.0,33.38,33.91,125385
2015-08-05,33.98,34.63,31.89,32.5,245572
2015-08-06,32.55,33.18,30.41,32.57,305112
2015-08-07,32.65,33.93,31.6,33.53,179092
2015-08-10,33.65,34.22,32.51,33.82,93743
2015-08-11,33.7,33.92,33.0,33.34,226841
2015-08-12,33.23,34.15,33.1,33.62,106570
2015-08-13,33.44,33.72,33.09,33.34,129364
2015-08-14,33.42,34.11,32.89,33.93,86462
2015-08-17,34.43,35.05,33.97,34.17,97921
2015-08-18,34.32,34.84,34.22,34.73,85829
2015-08-19,35.07,35.4,34.17,34.87,46937
2015-08-20,34.7,35.29,33.84,34.16,99848
2015-08-21,33.97,34.05,32.33,33.6,145680
2015-08-24,28.0,33.65,27.0,31.91,275591
2015-08-25,32.89,32.89,31.72,32.75,82470
2015-08-26,32.89,33.62,32.36,33.62,113510
2015-08-27,33.62,36.23,33.62,36.04,198033
2015-08-28,35.63,37.93,35.63,37.09,143924
2015-08-31,37.07,37.07,35.83,36.64,196887
2015-09-01,35.99,36.37,35.11,35.45,87098
2015-09-02,35.52,36.2,35.06,35.57,90528
2015-09-03,35.93,36.26,35.48,35.95,60260
2015-09-04,35.68,36.14,35.4,35.59,54128
2015-09-08,35.7,35.94,34.0,34.83,91367
2015-09-09,35.37,35.48,33.71,33.97,128933
2015-09-10,34.29,34.29,32.82,33.0,110998
2015-09-11,31.6,32.2,30.76,31.19,259354
2015-09-14,31.3,31.46,29.3,30.38,285655
2015-09-15,30.99,30.99,29.21,29.89,232624
2015-09-16,30.23,30.7,29.57,30.23,175950
2015-09-17,30.49,30.49,29.35,29.48,154386
2015-09-18,29.21,30.31,29.15,29.8,187466
2015-09-21,30.12,31.0,27.68,28.0,347404
2015-09-22,27.88,28.36,27.39,27.6,353570
2015-09-23,27.93,28.08,26.21,27.22,381047
2015-09-24,27.0,28.63,26.0,28.33,374442
2015-09-25,28.27,29.3,28.06,28.85,368433
2015-09-28,28.67,28.75,26.95,27.25,204324
2015-09-29,27.61,27.95,24.5,25.05,342904
2015-09-30,25.21,27.75,25.19,26.85,342876
2015-10-01,27.04,27.75,26.64,27.19,234640
2015-10-02,26.99,28.06,26.6,27.82,355769
2015-10-05,28.4,29.2,27.94,28.09,555799
2015-10-06,28.35,28.35,27.41,27.56,288981
2015-10-07,28.11,28.55,26.75,28.19,536455
2015-10-08,28.19,30.23,27.87,29.46,442531
2015-10-09,29.83,30.38,29.31,30.14,57439
2015-10-12,30.33,30.68,29.83,30.55,118255
2015-10-13,30.21,30.75,29.96,30.57,68968
2015-10-14,30.75,32.4,29.99,31.98,165047
2015-10-15,31.65,33.23,30.96,33.17,100911
2015-10-16,33.17,33.74,32.2,33.61,287168
2015-10-19,33.33,33.71,32.92,33.28,81400
2015-10-20,33.28,33.46,33.02,33.03,63394
2015-10-21,32.9,33.11,31.2,31.21,71029
2015-10-22,31.16,31.29,30.24,30.96,167029
2015-10-23,31.0,31.82,30.11,31.8,60383
2015-10-26,31.91,32.62,30.66,31.99,191287
2015-10-27,31.59,31.59,29.79,29.86,100491
2015-10-28,29.71,30.6,29.36,30.49,76534
2015-10-29,30.3,31.39,30.14,31.35,45334
2015-10-30,31.25,33.89,31.04,32.76,136890
2015-11-02,33.02,33.76,31.19,32.24,137789
2015-11-03,32.15,34.7,31.71,34.65,127958
2015-11-04,34.83,34.86,32.39,32.44,90019
2015-11-05,32.34,32.5,31.15,31.54,53132
2015-11-06,31.16,31.88,30.58,31.43,40821
2015-11-09,31.18,33.01,30.6,31.68,70376
2015-11-10,31.67,32.6,31.55,32.12,29464
2015-11-11,32.04,32.37,31.1,31.51,186866
2015-11-12,31.05,31.21,30.36,30.63,49112
2015-11-13,30.24,31.43,29.69,30.11,103798
2015-11-16,30.22,31.65,30.22,31.52,88690
2015-11-17,31.45,32.26,30.93,32.04,92002
2015-11-18,32.24,33.58,32.24,33.12,103414
2015-11-19,32.76,33.68,31.16,31.42,96337
2015-11-20,31.25,33.41,31.25,32.71,186599
2015-11-23,32.45,33.12,30.34,30.47,103706
2015-11-24,30.77,32.38,30.77,31.26,103919
2015-11-25,31.1,32.08,30.5,31.41,81157
2015-11-27,31.6,32.32,30.97,32.13,50195
2015-11-30,32.01,32.55,31.31,31.59,129778
2015-12-01,32.16,32.41,30.0,30.99,165368
2015-12-02,30.62,31.02,29.9,30.12,161913
2015-12-03,30.34,30.5,28.91,28.94,211721
2015-12-04,28.76,29.42,28.0,28.24,172228
2015-12-07,27.8,28.14,26.0,26.81,354870
2015-12-08,26.07,29.0,26.05,28.8,259082
2015-12-09,29.07,30.58,28.01,28.71,385138
2015-12-10,28.6,29.47,27.83,27.9,297841
2015-12-11,27.49,27.51,26.02,26.84,363723
2015-12-14,26.64,26.77,25.64,26.09,537351
2015-12-15,26.43,27.5,25.92,26.36,263406
2015-12-16,25.89,27.91,25.89,27.48,529281
2015-12-17,27.75,27.99,26.5,26.92,256674
2015-12-18,27.08,28.19,26.98,27.63,160252
2015-12-21,27.73,28.47,27.32,27.93,367796
2015-12-22,28.07,29.48,27.6,29.05,304835
2015-12-23,29.44,30.28,29.27,29.93,145493
2015-12-24,30.07,30.57,29.74,29.74,80157
2015-12-28,29.46,29.66,28.44,29.4,303316
2015-12-29,29.39,29.83,28.99,29.36,190194
2015-12-30,29.0,29.69,27.71,28.32,245839
2015-12-31,28.35,30.76,28.35,30.66,289487
2016-01-04,30.62,31.24,29.88,30.92,136548
2016-01-05,30.86,31.08,30.33,30.9,82502
2016-01-06,30.31,30.54,29.52,29.75,85543
2016-01-07,28.63,29.98,28.28,28.45,239600
2016-01-08,28.76,28.82,27.97,28.36,155944
2016-01-11,28.13,28.24,26.41,26.54,244655
2016-01-12,26.98,28.08,25.99,26.42,234149
2016-01-13,26.73,27.14,25.39,25.43,122666
2016-01-14,25.5,26.75,25.25,26.56,213383
2016-01-15,25.6,27.3,25.55,26.71,130850
2016-01-19,26.92,26.97,25.17,25.27,182902
2016-01-20,24.93,25.84,23.12,25.06,221668
2016-01-21,24.8,26.78,24.8,26.27,241051
2016-01-22,27.25,28.71,27.25,28.35,166008
2016-01-25,27.76,28.17,26.26,26.92,204786
2016-01-26,27.31,27.6,26.29,27.08,164615
2016-01-27,27.09,27.42,26.14,27.15,106306
2016-01-28,28.16,28.57,27.55,27.56,77484
2016-01-29,27.77,29.34,27.52,27.9,195674
2016-02-01,27.51,27.92,25.12,26.25,732059
2016-02-02,26.39,26.72,25.08,25.81,231488
2016-02-03,26.14,26.3,25.28,26.21,197642
2016-02-04,26.49,28.64,26.35,28.0,135250
2016-02-05,28.0,28.69,27.92,28.25,145571
2016-02-08,27.58,27.58,25.22,25.99,305816
2016-02-09,25.63,26.48,25.4,25.84,76873
2016-02-10,25.77,26.5,25.56,25.86,114511
2016-02-11,25.5,25.91,25.12,25.5,125408
2016-02-12,26.07,26.37,25.65,26.05,207210
2016-02-16,27.4,27.83,26.28,27.65,92072
2016-02-17,28.15,29.93,28.0,29.46,133081
2016-02-18,29.75,30.15,28.05,29.81,97030
2016-02-19,29.31,29.33,28.06,28.35,89846
2016-02-22,29.08,30.85,28.98,30.68,181445
2016-02-23,30.72,30.94,28.75,29.27,79406
2016-02-24,28.45,30.22,28.04,30.08,70762
2016-02-25,30.52,30.95,29.54,30.42,129208
2016-02-26,30.14,30.9,29.34,29.47,83455
2016-02-29,29.78,30.71,29.52,30.38,134108
2016-03-01,30.71,31.49,30.13,31.06,70775
2016-03-02,30.82,32.06,30.64,32.06,112664
2016-03-03,32.01,33.6,31.75,33.54,203144
2016-03-04,33.79,34.28,32.46,33.74,199783
2016-03-07,33.75,33.99,33.09,33.68,114006
2016-03-08,33.75,33.96,31.97,32.29,139900
2016-03-09,32.46,32.69,31.17,31.27,101254
2016-03-10,31.5,33.48,31.1,33.46,114616
2016-03-11,33.94,34.19,32.95,33.81,149896
2016-03-14,33.37,34.0,32.43,33.07,93110
2016-03-15,32.8,33.15,31.67,32.4,92177
2016-03-16,32.75,34.76,32.36,34.51,92186
2016-03-17,34.58,35.88,34.13,35.25,193100
2016-03-18,35.37,35.46,34.41,34.44,135814
2016-03-21,34.39,34.94,32.65,32.84,82130
2016-03-22,32.98,34.44,32.98,33.94,37114
2016-03-23,33.81,34.44,32.81,32.82,51085
2016-03-24,32.51,33.0,31.99,32.49,44320
2016-03-28,32.71,32.77,31.71,32.47,46079
2016-03-29,32.15,33.0,31.81,32.42,50046
2016-03-30,32.69,33.86,31.81,33.8,137966
2016-03-31,33.86,34.12,32.9,33.75,106720
2016-04-01,33.0,33.49,32.1,32.44,65294
2016-04-04,32.09,33.16,31.52,32.36,142568
2016-04-05,32.36,32.45,31.5,32.23,80686
2016-04-06,32.61,32.61,32.01,32.47,36728
2016-04-07,32.11,33.31,31.75,33.02,25289
2016-04-08,33.05,33.75,32.33,33.25,60407
2016-04-11,33.45,33.45,32.02,32.17,193358
2016-04-12,32.48,32.96,31.89,32.34,93297
2016-04-13,32.47,32.47,30.86,31.15,126251
2016-04-14,31.22,31.22,30.08,31.02,114460
2016-04-15,30.89,30.89,30.0,30.05,75574
2016-04-18,29.97,31.65,29.65,31.31,53161
2016-04-19,31.39,32.5,31.39,32.38,96288
2016-04-20,32.27,32.4,30.91,31.48,160841
2016-04-21,31.52,32.19,30.07,30.34,162754
2016-04-22,30.6,31.85,30.5,31.75,80629
2016-04-25,31.53,32.24,31.07,32.11,58591
2016-04-26,32.51,33.36,32.05,32.5,79467
2016-04-27,32.94,33.9,32.5,33.04,77811
2016-04-28,32.95,34.47,31.96,33.34,105492
2016-04-29,33.7,34.23,32.87,33.54,65248
2016-05-02,33.5,34.06,32.94,33.39,66898
2016-05-03,32.98,32.98,31.04,31.6,135974
2016-05-04,31.73,32.3,30.9,31.28,61253
2016-05-05,31.74,32.34,30.52,30.94,58567
2016-05-06,30.46,30.63,29.7,30.14,177104
2016-05-09,30.21,30.34,28.47,29.31,138211
2016-05-10,29.65,30.08,29.24,29.48,71146
2016-05-11,29.58,29.71,28.65,29.57,82229
2016-05-12,29.83,29.83,28.45,28.92,58663
2016-05-13,28.59,29.29,28.57,28.92,55228
2016-05-16,29.28,29.46,27.78,28.3,87945
2016-05-17,28.32,28.57,28.06,28.14,56161
2016-05-18,28.04,28.65,27.5,27.5,119585
2016-05-19,27.5,28.67,27.5,28.61,54055
2016-05-20,28.75,29.42,28.38,28.86,54833
2016-05-23,28.82,29.11,28.03,28.54,71086
2016-05-24,28.59,28.98,28.09,28.1,48973
2016-05-25,28.2,28.84,27.77,28.54,110035
2016-05-26,28.71,29.0,27.52,28.29,223306
2016-05-27,28.06,28.9,27.56,28.77,224185
2016-05-31,28.91,29.87,28.16,28.92,311891
2016-06-01,28.69,30.0,28.69,29.5,103171
2016-06-02,29.18,30.21,28.97,29.78,119846
2016-06-03,29.6,30.44,29.4,29.66,203469
2016-06-06,29.91,30.01,28.76,29.2,236995
2016-06-07,29.29,29.82,28.98,29.0,161923
2016-06-08,29.5,29.65,28.77,28.9,314801
2016-06-09,28.74,28.74,28.0,28.35,84639
2016-06-10,28.31,29.8,28.31,28.75,253710
2016-06-13,28.54,29.13,27.99,28.0,117471
2016-06-14,28.11,28.33,27.07,27.4,204125
2016-06-15,27.27,27.63,26.6,26.81,384969
2016-06-16,26.57,27.65,26.57,27.43,234617
2016-06-17,27.6,28.23,25.24,27.1,1211116
2016-06-20,27.46,29.14,27.06,28.79,379741
2016-06-21,28.87,29.22,28.3,28.46,182459
2016-06-22,28.5,28.98,27.68,28.0,142867
2016-06-23,28.25,28.36,27.6,27.85,352181
2016-06-24,27.44,27.57,26.3,27.01,159264
2016-06-27,27.04,28.09,25.67,26.4,250198
2016-06-28,26.66,27.12,26.32,26.62,123349
2016-06-29,27.02,27.33,26.74,27.14,102438
2016-06-30,27.14,28.5,26.86,28.13,224188
2016-07-01,28.25,28.92,28.13,28.36,183978
2016-07-05,28.16,28.6,27.51,27.95,98896
2016-07-06,27.73,28.19,27.25,28.05,58778
2016-07-07,28.26,28.7,26.91,27.11,93423
2016-07-08,27.59,27.63,27.06,27.11,85450
2016-07-11,27.34,27.72,27.11,27.69,173647
2016-07-12,27.66,27.86,26.58,27.55,124046
2016-07-13,27.45,27.65,26.1,26.5,265056
2016-07-14,26.83,27.95,26.55,26.64,344956
2016-07-15,26.71,27.37,26.64,27.19,78487
2016-07-18,27.07,27.72,27.07,27.7,55721
2016-07-19,27.58,27.65,27.17,27.44,35266
2016-07-20,27.23,27.75,26.88,27.64,99790
2016-07-21,27.42,27.71,26.62,27.1,95873
2016-07-22,26.85,27.15,26.51,27.0,118951
2016-07-25,26.67,26.83,26.2,26.38,184462
2016-07-26,26.36,26.86,26.28,26.39,192968
2016-07-27,26.42,26.52,25.9,26.27,100956
2016-07-28,26.27,26.74,26.15,26.57,174786
2016-07-29,26.48,26.48,26.16,26.33,60721
2016-08-01,26.39,26.75,26.07,26.2,150827
2016-08-02,26.25,26.71,25.86,26.42,149194
2016-08-03,25.9,27.43,25.26,27.4,119390
2016-08-04,27.4,27.4,26.64,26.73,114834
2016-08-05,26.83,26.99,25.25,25.39,162970
2016-08-08,25.63,26.69,25.39,25.42,122286
2016-08-09,25.41,25.79,24.31,25.33,260711
2016-08-10,25.58,25.58,24.5,24.72,126335
2016-08-11,24.81,25.75,24.55,25.74,51760
2016-08-12,25.92,26.09,25.48,25.54,25024
2016-08-15,25.58,26.19,25.47,26.01,77059
2016-08-16,26.02,26.27,25.59,26.05,120752
2016-08-17,25.95,26.12,25.81,25.86,65791
2016-08-18,25.33,26.18,25.26,25.98,214876
2016-08-19,26.09,26.09,25.17,25.49,111975
2016-08-22,25.29,25.8,25.01,25.37,148520
2016-08-23,25.24,25.46,24.9,24.94,244562
2016-08-24,24.97,25.11,24.2,24.41,73259
2016-08-25,24.49,25.15,24.3,24.86,94136
2016-08-26,25.01,25.52,25.0,25.5,196283
2016-08-29,25.42,25.76,25.3,25.64,75965
2016-08-30,25.61,25.95,25.5,25.7,80888
2016-08-31,25.66,25.66,25.27,25.46,70896
2016-09-01,25.21,25.47,24.84,25.08,88230
2016-09-02,25.2,25.27,24.91,25.08,74388
2016-09-06,25.25,25.55,25.25,25.43,101808
2016-09-07,25.56,25.97,25.4,25.61,109857
2016-09-08,25.81,26.24,25.73,25.94,154194
2016-09-09,25.93,26.04,25.32,25.32,52824
2016-09-12,25.1,26.02,25.1,25.58,100392
2016-09-13,25.29,25.78,24.77,24.77,169539
2016-09-14,25.6,25.76,24.56,24.64,180127
2016-09-15,24.64,25.5,24.5,24.53,171936
2016-09-16,24.55,25.17,24.48,24.52,343701
2016-09-19,24.48,24.67,24.45,24.49,82212
2016-09-20,24.51,24.69,24.2,24.33,87813
2016-09-21,24.59,24.63,24.12,24.29,85368
2016-09-22,24.54,24.59,24.04,24.36,173807
2016-09-23,24.31,24.58,24.21,24.46,146824
2016-09-26,24.5,24.98,24.26,24.61,214044
2016-09-27,24.43,24.55,24.03,24.03,125476
2016-09-28,24.28,24.37,23.79,23.98,170773
2016-09-29,24.1,24.1,23.17,23.5,155890
2016-09-30,23.99,24.39,23.6,23.91,660101
2016-10-03,24.06,24.75,23.72,24.61,124864
2016-10-04,24.64,24.76,24.03,24.16,80326
2016-10-05,24.31,24.96,24.31,24.62,85882
2016-10-06,24.76,24.93,24.48,24.53,70080
2016-10-07,24.7,25.13,24.39,24.85,111126
2016-10-10,25.03,25.54,24.85,25.13,119443
2016-10-11,24.96,25.14,24.62,24.72,82343
2016-10-12,24.61,24.97,24.14,24.76,118477
2016-10-13,24.59,25.14,24.47,24.97,77362
2016-10-14,25.05,25.2,24.2,24.57,217111
2016-10-17,24.5,24.65,23.85,23.9,58237
2016-10-18,24.15,24.35,23.69,24.3,141398
2016-10-19,24.35,24.94,24.05,24.7,89330
2016-10-20,24.6,24.85,24.3,24.6,144237
2016-10-21,24.55,24.55,24.05,24.1,113077
2016-10-24,24.2,24.45,23.8,24.45,165592
2016-10-25,24.5,24.5,23.8,24.25,120658
2016-10-26,24.1,24.2,23.8,24.2,160789
2016-10-27,24.25,24.4,23.9,24.15,79326
2016-10-28,24.1,24.6,23.65,23.9,134923
2016-10-31,23.3,23.75,23.2,23.6,5474504
2016-11-01,23.6,24.6,23.45,23.9,1058953
2016-11-02,23.55,25.05,23.2,24.35,1297955
2016-11-03,24.3,25.05,24.1,24.75,663265
2016-11-04,24.65,25.0,24.25,24.75,565638
2016-11-07,25.0,25.2,24.45,24.8,374170
2016-11-08,24.85,25.1,24.6,24.85,234934
2016-11-09,24.75,26.2,24.5,25.35,376562
2016-11-10,25.75,25.9,24.9,25.4,353405
2016-11-11,25.2,25.65,25.0,25.3,277047
2016-11-14,25.35,25.52,24.65,25.35,253037
2016-11-15,25.5,25.65,24.8,25.4,375869
2016-11-16,25.5,25.5,24.3,24.7,343776
2016-11-17,25.65,25.65,23.7,24.2,276853
2016-11-18,24.35,24.5,23.65,24.45,361824
2016-11-21,24.6,25.15,24.35,24.95,409030
2016-11-22,24.9,25.65,24.9,25.4,349022
2016-11-23,25.3,26.25,25.3,26.0,212433
2016-11-25,25.95,26.6,25.65,25.9,153566
2016-11-28,26.0,27.0,25.5,25.75,299586
2016-11-29,25.5,25.75,24.4,24.85,639769
2016-11-30,25.05,25.95,25.05,25.6,327440
2016-12-01,25.9,26.35,25.58,26.1,265693
2016-12-02,26.25,27.2,26.1,26.75,238416
2016-12-05,26.95,27.5,26.25,27.1,257075
2016-12-06,27.2,28.1,26.83,27.45,203735
2016-12-07,27.45,27.8,27.3,27.5,209534
2016-12-08,27.6,27.95,27.39,27.65,258552
2016-12-09,27.65,28.2,27.41,27.6,136605
2016-12-12,28.0,28.55,27.45,27.45,207025
2016-12-13,27.8,28.08,27.2,27.35,198948
2016-12-14,27.4,28.0,26.55,27.0,218581
2016-12-15,26.8,28.25,26.5,27.75,591806
2016-12-16,27.75,28.15,27.1,27.8,1070516
2016-12-19,27.7,28.1,27.2,28.0,307083
2016-12-20,28.0,28.9,27.65,28.65,525513
2016-12-21,28.6,29.05,28.6,28.7,207872
2016-12-22,28.65,29.0,28.4,28.7,111240
2016-12-23,28.85,29.15,28.5,28.85,122103
2016-12-27,29.05,29.65,28.92,29.55,86126
2016-12-28,29.75,29.75,29.0,29.05,172669
2016-12-29,29.0,29.6,29.0,29.5,137605
2016-12-30,29.55,29.75,29.35,29.55,178682
2017-01-03,29.9,30.0,29.35,29.8,249241
2017-01-04,29.75,29.95,29.45,29.65,204754
2017-01-05,29.9,29.95,29.65,29.9,251087
2017-01-06,29.8,30.95,29.65,30.95,219894
2017-01-09,30.6,30.6,29.28,30.25,483769
2017-01-10,30.25,30.25,29.75,29.9,261347
2017-01-11,30.05,30.75,29.75,30.35,259910
2017-01-12,30.6,30.9,29.35,30.0,138797
2017-01-13,29.9,30.0,29.55,29.6,109981
2017-01-17,29.65,30.35,29.42,30.2,139892
2017-01-18,30.15,30.35,29.7,30.3,207399
2017-01-19,30.1,30.5,30.0,30.5,175313
2017-01-20,30.75,31.5,30.65,31.0,258830
2017-01-23,31.0,31.25,30.35,30.65,166277
2017-01-24,30.8,31.95,30.8,31.75,262466
2017-01-25,31.6,31.78,30.9,31.2,190586
2017-01-26,31.35,32.65,31.3,32.35,256157
2017-01-27,32.35,32.35,31.6,31.8,161073
2017-01-30,31.8,31.8,30.85,31.1,152334
2017-01-31,31.3,31.85,30.85,31.8,151446
2017-02-01,33.0,33.0,31.8,32.35,201850
2017-02-02,32.65,32.65,31.8,32.35,156137
2017-02-03,32.5,33.4,32.5,33.05,517963
2017-02-06,33.2,33.3,32.3,32.65,242557
2017-02-07,32.25,32.75,31.55,32.65,183964
2017-02-08,32.4,33.05,32.12,32.85,100198
2017-02-09,32.8,33.3,32.42,33.2,79954
2017-02-10,33.5,33.7,32.4,33.25,98785
2017-02-13,33.05,33.3,32.9,32.9,153653
2017-02-14,33.0,33.1,32.6,32.7,211287
2017-02-15,32.6,32.7,32.0,32.25,121148
2017-02-16,32.25,32.85,32.05,32.7,179530
2017-02-17,32.5,32.6,32.2,32.25,250163
2017-02-21,32.25,32.5,32.0,32.25,126116
2017-02-22,32.1,32.1,31.5,31.7,208396
2017-02-23,32.0,32.35,31.4,31.6,128790
2017-02-24,31.3,31.59,30.55,30.7,469207
2017-02-27,30.65,30.85,29.8,29.8,146750
2017-02-28,29.8,31.2,29.5,30.95,128148
2017-03-01,31.15,31.65,31.0,31.65,153683
2017-03-02,31.4,31.75,31.4,31.45,83024
2017-03-03,31.5,31.9,31.3,31.5,76718
2017-03-06,31.3,31.7,31.1,31.4,86717
2017-03-07,31.35,31.38,30.5,31.05,254176
2017-03-08,30.85,31.6,30.25,30.3,366221
2017-03-09,30.25,30.95,29.9,30.8,229114
2017-03-10,30.85,32.0,30.85,31.35,245463
2017-03-13,31.25,31.38,30.5,31.0,321393
2017-03-14,30.55,31.2,30.2,31.0,313520
2017-03-15,31.15,31.15,30.2,30.95,424340
2017-03-16,30.85,31.3,30.7,31.15,414704
2017-03-17,31.1,31.7,30.95,31.5,422700
2017-03-20,31.35,31.65,30.69,31.25,238394
2017-03-21,31.15,31.6,30.55,31.35,163966
2017-03-22,31.15,31.5,30.75,31.0,178731
2017-03-23,31.1,31.65,30.95,31.35,84825
2017-03-24,31.55,31.8,30.95,31.45,100123
2017-03-27,31.35,31.35,30.6,30.75,64931
2017-03-28,30.8,31.4,30.55,31.4,245656
2017-03-29,31.3,31.85,31.22,31.45,104994
2017-03-30,31.6,31.75,30.95,31.5,165412
2017-03-31,31.4,32.05,31.05,31.95,333027
2017-04-03,31.65,32.15,31.3,32.0,193041
2017-04-04,31.9,32.1,31.4,31.95,96865
2017-04-05,32.1,32.22,31.4,31.5,143041
2017-04-06,31.55,32.25,31.55,32.2,117585
2017-04-07,32.2,32.2,31.7,31.9,192219
2017-04-10,32.0,32.3,31.8,32.2,91638
2017-04-11,32.15,32.25,31.75,31.8,156606
2017-04-12,31.75,32.1,31.75,32.05,206730
2017-04-13,31.87,32.65,31.8,31.85,204085
2017-04-17,31.85,31.95,31.58,31.9,184767
2017-04-18,31.9,32.2,31.4,31.75,375390
2017-04-19,31.8,32.35,31.3,31.35,141303
2017-04-20,31.35,32.05,31.1,32.0,108913
2017-04-21,32.0,32.0,31.05,31.1,99190
2017-04-24,31.25,32.05,31.1,31.6,184841
2017-04-25,31.55,31.75,31.45,31.65,102382
2017-04-26,31.55,32.1,31.4,31.4,140669
2017-04-27,31.35,31.65,31.15,31.25,120884
2017-04-28,31.45,31.55,31.15,31.55,130320
2017-05-01,31.5,31.65,31.25,31.6,108319
2017-05-02,31.6,31.7,31.35,31.5,94032
2017-05-03,31.1,31.1,30.29,30.55,97931
2017-05-04,30.5,30.65,30.25,30.3,163856
2017-05-05,30.3,31.1,29.9,30.9,114308
2017-05-08,31.05,31.05,30.25,30.55,185956
2017-05-09,30.45,30.6,30.0,30.4,148821
2017-05-10,30.45,30.65,30.05,30.2,111453
2017-05-11,30.3,30.7,30.25,30.4,208796
2017-05-12,30.65,30.65,29.75,29.9,186003
2017-05-15,30.05,30.45,29.85,30.35,118366
2017-05-16,30.45,30.5,29.85,30.25,108007
2017-05-17,30.0,30.5,29.4,29.6,221319
2017-05-18,29.55,29.78,29.2,29.35,62439
2017-05-19,29.5,30.0,29.28,29.35,122465
2017-05-22,29.4,30.2,29.25,30.2,105580
2017-05-23,30.2,30.35,30.0,30.2,119630
2017-05-24,30.3,30.35,29.45,29.95,122972
2017-05-25,29.95,30.0,29.1,29.55,205322
2017-05-26,29.45,30.0,29.43,29.65,162175
2017-05-30,29.55,29.7,29.15,29.15,139136
2017-05-31,28.95,29.21,28.3,28.65,308765
2017-06-01,28.7,29.2,28.5,29.15,131590
2017-06-02,29.1,29.2,28.55,29.2,130174
2017-06-05,29.1,29.35,28.85,29.15,110251
2017-06-06,29.15,29.35,28.7,29.1,130934
2017-06-07,29.05,29.25,28.25,28.35,166942
2017-06-08,28.25,28.6,28.1,28.1,160250
2017-06-09,28.15,28.75,28.0,28.55,94447
2017-06-12,28.55,28.85,27.7,28.15,161169
2017-06-13,28.2,28.3,27.65,27.75,120857
2017-06-14,27.65,28.01,27.15,27.7,184086
2017-06-15,27.45,27.8,27.12,27.2,109229
2017-06-16,27.2,27.5,26.75,27.5,351289
2017-06-19,27.7,27.7,26.45,26.65,87194
2017-06-20,26.45,26.9,26.05,26.6,155398
2017-06-21,26.6,26.7,26.05,26.65,187951
2017-06-22,26.9,27.7,26.65,27.4,136013
2017-06-23,27.55,27.75,27.3,27.6,146232
2017-06-26,27.65,27.85,27.1,27.8,136405
2017-06-27,27.85,28.28,27.7,28.1,235269
2017-06-28,28.15,28.85,27.92,28.5,280529
2017-06-29,28.55,29.05,28.35,28.85,163792
2017-06-30,29.0,29.25,28.3,28.85,206990
2017-07-03,28.95,29.15,28.3,29.1,110741
2017-07-05,29.05,29.05,28.3,28.6,179548
2017-07-06,28.65,29.2,27.75,27.95,142838
2017-07-07,27.9,28.1,27.26,28.05,91590
2017-07-10,28.0,28.28,27.45,27.8,103004
2017-07-11,27.75,28.05,27.6,27.9,70119
2017-07-12,28.1,28.4,27.95,28.0,77918
2017-07-13,28.0,28.3,28.0,28.15,60629
2017-07-14,28.05,28.65,28.05,28.35,124155
2017-07-17,28.5,28.7,28.15,28.2,75572
2017-07-18,28.25,28.3,27.0,27.85,190802
2017-07-19,27.6,28.1,27.6,27.8,68290
2017-07-20,27.95,27.95,27.44,27.85,157922
2017-07-21,27.8,27.84,27.05,27.6,169265
2017-07-24,27.55,27.92,27.3,27.65,80658
2017-07-25,27.85,27.95,27.5,27.8,106360
2017-07-26,27.8,27.9,27.5,27.6,209197
2017-07-27,27.65,27.7,27.1,27.4,113521
2017-07-28,27.35,27.7,27.35,27.5,81102
2017-07-31,,28.1,,28.0,238904
2017-08-01,28.05,28.2,27.25,28.0,315774
