Date,Open,High,Low,Close,Volume
2012-07-20,25.0,25.0,24.61,24.63,14956
2012-07-23,24.0,24.31,24.0,24.31,100
2012-07-24,24.45,24.45,23.9,23.9,1150
2012-07-25,24.1,24.14,24.1,24.11,3996
2012-07-26,24.39,24.39,24.39,24.39,100
2012-07-27,25.06,25.06,24.52,25.01,1340
2012-07-30,25.0,25.06,24.79,24.84,1850
2012-07-31,24.86,24.86,24.63,24.63,1200
2012-08-01,25.5,25.5,24.44,24.44,390
2012-08-02,23.9,24.15,23.9,24.1,1200
2012-08-03,25.29,25.29,24.59,24.74,615
2012-08-06,24.94,24.94,24.94,24.94,800
2012-08-07,25.11,25.16,25.11,25.16,400
2012-08-08,25.01,25.07,25.0,25.04,27463
2012-08-09,25.11,25.17,25.06,25.13,17887
2012-08-10,25.04,25.04,24.96,25.02,800
2012-08-13,24.83,24.98,24.83,24.98,1400
2012-08-14,25.1,25.1,24.91,24.91,3061
2012-08-15,25.0,25.08,25.0,25.08,3534
2012-08-16,25.12,25.4,25.12,25.4,125
2012-08-17,25.48,25.62,25.48,25.62,300
2012-08-20,25.6,25.6,25.44,25.51,523
2012-08-21,25.66,25.66,25.37,25.37,6720
2012-08-22,25.45,25.48,25.39,25.48,1900
2012-08-23,25.23,25.37,25.23,25.37,3225
2012-08-24,25.25,25.45,25.25,25.45,106
2012-08-27,25.68,25.68,25.6,25.6,708
2012-08-28,25.64,25.69,25.64,25.69,1915
2012-08-29,25.74,25.87,25.74,25.87,483
2012-08-30,25.68,25.68,25.67,25.67,100
2012-08-31,25.67,25.8,25.59,25.8,1400
2012-09-04,25.86,26.54,25.66,26.2,1434
2012-09-05,26.2,26.2,26.18,26.18,400
2012-09-06,26.3,26.67,26.3,26.67,477
2012-09-07,26.64,26.7,26.59,26.59,20759
2012-09-10,26.64,26.64,26.39,26.52,4417
2012-09-11,26.43,26.51,26.43,26.51,400
2012-09-12,26.65,26.73,26.6,26.6,900
2012-09-13,26.72,26.94,26.52,26.94,924
2012-09-14,27.22,27.22,27.04,27.04,838
2012-09-17,26.93,26.96,26.93,26.96,164
2012-09-18,26.94,27.0,26.94,27.0,208
2012-09-19,27.0,27.0,26.84,26.84,700
2012-09-20,26.58,26.75,26.58,26.71,925
2012-09-21,27.04,27.04,26.92,26.92,299
2012-09-24,26.88,26.88,26.82,26.82,385
2012-09-25,26.58,26.61,26.58,26.61,400
2012-09-26,26.44,26.44,26.21,26.21,1000
2012-09-27,26.39,26.63,26.39,26.63,509
2012-09-28,26.46,26.51,26.46,26.51,756
2012-10-01,26.7,26.7,26.53,26.53,300
2012-10-02,26.58,26.6,26.58,26.6,400
2012-10-03,26.85,26.85,26.69,26.69,200
2012-10-04,26.75,26.85,26.75,26.85,500
2012-10-05,27.16,27.16,26.82,26.82,550
2012-10-08,26.7,26.7,26.68,26.68,800
2012-10-09,26.66,26.66,26.28,26.28,462
2012-10-10,26.28,26.32,26.24,26.24,497
2012-10-11,26.5,26.5,26.26,26.26,9945
2012-10-12,26.28,26.28,26.05,26.05,1000
2012-10-15,26.17,26.33,26.17,26.33,1000
2012-10-16,26.46,26.46,26.39,26.46,1500
2012-10-17,26.6,26.68,26.6,26.68,100
2012-10-18,26.68,26.68,26.54,26.54,748
2012-10-19,26.01,26.04,26.01,26.04,504
2012-10-22,25.91,25.91,25.85,25.85,300
2012-10-23,25.77,25.9,25.77,25.9,186
2012-10-24,25.8,25.89,25.8,25.89,1100
2012-10-25,26.66,26.66,25.69,25.69,450
2012-10-26,25.42,25.62,25.42,25.62,100
2012-10-31,25.67,25.78,25.66,25.78,687
2012-11-01,26.16,27.75,26.16,27.75,28868
2012-11-02,26.13,26.13,25.63,25.63,1880
2012-11-05,25.5,25.8,25.5,25.8,2550
2012-11-06,25.96,25.97,25.88,25.96,1996
2012-11-07,25.66,25.72,25.38,25.4,700
2012-11-08,25.45,25.45,25.24,25.24,1030
2012-11-09,25.05,25.16,25.05,25.15,400
2012-11-12,25.18,25.18,25.18,25.18,100
2012-11-13,25.0,25.16,25.0,25.16,2200
2012-11-14,24.7,24.81,24.43,24.46,11735
2012-11-15,24.27,24.27,24.27,24.27,500
2012-11-16,24.23,24.7,24.21,24.7,2200
2012-11-19,,,,24.7,0
2012-11-20,25.12,25.26,25.11,25.26,732
2012-11-21,25.42,25.42,25.38,25.38,687
2012-11-23,25.46,25.81,25.46,25.66,1543
2012-11-26,25.73,25.76,25.6,25.73,6356
2012-11-27,25.8,25.88,25.77,25.86,27604
2012-11-28,25.8,25.97,25.8,25.97,2200
2012-11-29,26.29,26.29,26.2,26.27,10095
2012-11-30,26.24,26.24,26.2,26.22,490
2012-12-03,26.37,26.37,26.11,26.11,3861
2012-12-04,26.23,26.23,25.99,25.99,1448
2012-12-05,26.15,26.15,25.89,25.96,5124
2012-12-06,25.9,26.0,25.83,25.93,2470
2012-12-07,25.94,25.96,25.84,25.91,1172
2012-12-10,26.0,26.11,25.94,26.0,5636
2012-12-11,26.17,26.28,26.17,26.25,4116
2012-12-12,26.29,26.29,26.19,26.19,1487
2012-12-13,26.08,26.2,25.87,25.87,611
2012-12-14,,,,25.87,0
2012-12-17,26.2,26.28,26.2,26.28,1357
2012-12-18,26.16,26.72,26.16,26.72,4193
2012-12-19,26.75,26.82,26.74,26.77,1924
2012-12-20,26.67,26.86,26.67,26.84,65949
2012-12-21,26.25,26.47,26.25,26.43,4810
2012-12-24,26.43,26.43,26.42,26.42,1000
2012-12-26,26.52,26.52,26.26,26.26,312
2012-12-27,26.18,26.23,25.94,26.23,20494
2012-12-28,26.18,26.28,26.13,26.25,1550
2012-12-31,26.36,26.49,26.34,26.49,2062
2013-01-02,27.66,27.66,27.31,27.37,2453
2013-01-03,27.44,27.7,27.35,27.37,56941
2013-01-04,27.58,27.7,27.5,27.61,148370
2013-01-07,27.48,27.56,27.42,27.48,9375
2013-01-08,27.46,27.57,27.38,27.52,11859
2013-01-09,27.67,28.05,27.67,27.84,26918
2013-01-10,27.92,27.92,27.68,27.86,18780
2013-01-11,27.79,27.91,27.79,27.86,6449
2013-01-14,27.79,27.89,27.71,27.84,5450
2013-01-15,27.88,28.12,27.85,28.12,30089
2013-01-16,28.03,28.14,27.97,28.02,8002
2013-01-17,28.11,28.31,28.07,28.25,53973
2013-01-18,28.48,28.48,28.21,28.4,21063
2013-01-22,28.44,28.65,28.34,28.63,27225
2013-01-23,28.89,28.89,28.53,28.59,59912
2013-01-24,28.91,28.92,28.58,28.62,17012
2013-01-25,29.21,29.21,28.67,28.85,92108
2013-01-28,28.85,28.88,28.67,28.72,15051
2013-01-29,28.71,28.78,28.69,28.75,4910
2013-01-30,28.79,28.79,28.4,28.47,46943
2013-01-31,28.52,28.65,28.49,28.64,4408
2013-02-01,28.85,29.11,28.8,28.95,18475
2013-02-04,28.8,28.83,28.59,28.59,3949
2013-02-05,28.81,29.05,28.79,28.99,21640
2013-02-06,28.96,29.08,28.89,29.08,5304
2013-02-07,29.03,29.03,28.72,28.8,48204
2013-02-08,28.92,29.14,28.92,29.11,7337
2013-02-11,29.11,29.11,28.97,29.06,3248
2013-02-12,29.24,29.28,29.18,29.2,6572
2013-02-13,29.37,29.45,29.25,29.35,11774
2013-02-14,29.45,29.59,29.42,29.55,5686
2013-02-15,29.71,29.78,29.62,29.62,8098
2013-02-19,29.79,29.84,29.74,29.77,1736
2013-02-20,29.88,29.96,29.44,29.44,9014
2013-02-21,29.08,29.25,28.86,29.03,24668
2013-02-22,29.16,29.4,29.09,29.38,10528
2013-02-25,29.58,29.58,28.89,28.89,76278
2013-02-26,29.03,29.08,28.77,29.06,134218
2013-02-27,29.15,29.54,29.09,29.36,43575
2013-02-28,29.52,29.63,29.3,29.4,21762
2013-03-01,29.14,29.77,29.04,29.74,26049
2013-03-04,29.77,30.08,29.74,30.04,71560
2013-03-05,30.3,30.55,30.3,30.47,67148
2013-03-06,30.78,30.78,30.51,30.54,117871
2013-03-07,30.59,30.69,30.52,30.69,33763
2013-03-08,30.95,31.02,30.71,30.99,85250
2013-03-11,30.91,30.97,30.84,30.93,62530
2013-03-12,30.88,31.0,30.71,30.79,19679
2013-03-13,30.83,31.03,30.74,30.98,21896
2013-03-14,31.04,31.26,31.04,31.26,63435
2013-03-15,31.25,31.25,31.08,31.13,124546
2013-03-18,30.77,31.16,30.61,31.05,28524
2013-03-19,31.36,31.36,30.69,30.92,15514
2013-03-20,31.11,31.35,31.11,31.26,100035
2013-03-21,31.12,31.23,30.95,31.0,19293
2013-03-22,31.16,31.16,30.96,31.07,28392
2013-03-25,31.4,31.4,30.92,31.08,35750
2013-03-26,31.22,31.26,31.05,31.21,18150
2013-03-27,31.29,31.29,30.87,31.22,29252
2013-03-28,31.61,31.61,31.24,31.34,28716
2013-04-01,31.3,31.34,30.76,30.85,22937
2013-04-02,31.07,31.15,30.65,30.73,38269
2013-04-03,30.86,30.86,29.95,30.03,79928
2013-04-04,30.13,30.27,30.0,30.25,34556
2013-04-05,29.83,30.28,29.8,30.24,27504
2013-04-08,30.25,30.62,30.17,30.62,51443
2013-04-09,30.73,30.73,30.47,30.57,23252
2013-04-10,31.3,31.3,30.52,31.05,188890
2013-04-11,31.35,31.35,31.0,31.11,42142
2013-04-12,30.98,31.14,30.84,31.06,12088
2013-04-15,30.8,30.8,29.5,29.57,33243
2013-04-16,29.98,30.31,29.94,30.3,63145
2013-04-17,30.11,30.17,29.5,29.86,90805
2013-04-18,29.81,29.83,29.31,29.46,89591
2013-04-19,29.19,30.04,29.19,29.97,97439
2013-04-22,30.0,30.21,29.69,30.18,12448
2013-04-23,30.47,30.74,30.38,30.74,83900
2013-04-24,30.75,30.88,30.65,30.83,11458
2013-04-25,30.96,31.28,30.96,31.11,66705
2013-04-26,31.02,31.29,30.93,31.04,20304
2013-04-29,31.05,31.31,31.05,31.23,26109
2013-04-30,31.23,31.39,31.14,31.35,59356
2013-05-01,31.35,31.35,30.53,30.56,52761
2013-05-02,30.75,31.2,30.75,31.18,50605
2013-05-03,31.77,31.84,31.52,31.62,140609
2013-05-06,31.67,31.91,31.61,31.88,60841
2013-05-07,31.83,32.2,31.83,32.2,50860
2013-05-08,32.11,32.13,31.89,32.13,82892
2013-05-09,32.13,32.28,31.93,32.05,42609
2013-05-10,32.14,32.42,32.11,32.41,176680
2013-05-13,32.34,32.51,32.22,32.36,51063
2013-05-14,32.46,32.9,32.46,32.84,152130
2013-05-15,32.83,33.18,32.81,33.04,129252
2013-05-16,32.93,33.07,32.65,32.78,125094
2013-05-17,32.96,33.19,32.83,33.17,28263
2013-05-20,33.07,33.26,32.92,32.97,37407
2013-05-21,33.03,33.05,32.8,32.94,64288
2013-05-22,32.93,33.29,32.11,32.35,45762
2013-05-23,32.06,32.59,31.84,32.54,112740
2013-05-24,32.32,32.63,32.14,32.55,19028
2013-05-28,33.13,33.43,32.99,33.22,17450
2013-05-29,32.94,32.99,32.55,32.86,13115
2013-05-30,32.93,33.19,32.85,33.14,60476
2013-05-31,32.94,33.22,32.79,32.79,107469
2013-06-03,32.83,33.12,32.34,32.86,73931
2013-06-04,33.0,33.03,32.28,32.6,28227
2013-06-05,32.34,32.58,31.96,32.09,52779
2013-06-06,32.26,32.57,31.89,32.57,32831
2013-06-07,32.83,32.99,32.64,32.91,252300
2013-06-10,33.08,33.16,32.75,33.14,286810
2013-06-11,32.75,33.15,32.54,32.9,142046
2013-06-12,32.95,33.03,32.49,32.52,57819
2013-06-13,32.5,33.3,32.5,33.25,225561
2013-06-14,33.08,33.3,32.95,33.05,54745
2013-06-17,33.38,33.48,33.21,33.38,172894
2013-06-18,33.37,33.88,33.37,33.78,151095
2013-06-19,34.24,34.24,33.35,33.4,110874
2013-06-20,32.87,32.94,32.25,32.43,144409
2013-06-21,32.4,32.47,31.85,32.34,53713
2013-06-24,32.01,32.02,31.05,31.84,200161
2013-06-25,32.15,32.17,31.91,32.13,130128
2013-06-26,32.5,32.5,32.17,32.28,69754
2013-06-27,32.43,32.8,32.43,32.76,35460
2013-06-28,32.74,32.89,32.56,32.59,231236
2013-07-01,32.97,33.4,32.76,33.23,317090
2013-07-02,33.26,33.5,33.03,33.33,356016
2013-07-03,33.11,33.44,33.04,33.37,58398
2013-07-05,33.84,34.02,33.4,33.94,160930
2013-07-08,34.13,34.2,34.03,34.17,539864
2013-07-09,34.44,34.49,34.1,34.43,330978
2013-07-10,34.45,34.5,34.24,34.44,182753
2013-07-11,35.07,35.07,34.72,34.89,452088
2013-07-12,34.94,35.18,34.87,35.11,253445
2013-07-15,35.2,35.38,35.09,35.3,330070
2013-07-16,35.36,35.36,34.84,34.95,181623
2013-07-17,35.23,35.23,34.94,35.09,350261
2013-07-18,35.24,35.39,35.21,35.32,443566
2013-07-19,35.32,35.32,35.1,35.32,449531
2013-07-22,35.47,35.47,35.19,35.3,234553
2013-07-23,35.44,35.45,35.06,35.06,264239
2013-07-24,35.34,35.34,34.86,34.93,245533
2013-07-25,34.97,35.39,34.76,35.39,122280
2013-07-26,35.23,35.3,34.95,35.29,126381
2013-07-29,35.29,35.37,34.91,35.04,197793
2013-07-30,35.23,35.25,35.03,35.1,206129
2013-07-31,35.3,35.67,35.3,35.37,199263
2013-08-01,35.77,35.99,35.73,35.97,224437
2013-08-02,35.67,36.1,35.67,36.08,266558
2013-08-05,36.08,36.22,35.99,36.16,269165
2013-08-06,36.16,36.16,35.62,35.79,163070
2013-08-07,35.69,35.69,35.25,35.47,180896
2013-08-08,35.76,35.85,35.5,35.63,90506
2013-08-09,35.62,35.75,35.44,35.58,138851
2013-08-12,35.38,35.82,35.38,35.82,85904
2013-08-13,35.9,36.1,35.49,35.77,86035
2013-08-14,35.87,35.87,35.55,35.56,157747
2013-08-15,35.1,35.14,34.75,34.84,103061
2013-08-16,34.82,35.31,34.73,34.75,285194
2013-08-19,34.83,34.88,34.37,34.38,88484
2013-08-20,34.41,35.06,34.39,35.02,65795
2013-08-21,34.9,35.22,34.67,34.94,134330
2013-08-22,35.05,35.54,35.05,35.4,64580
2013-08-23,35.53,35.53,35.2,35.48,117107
2013-08-26,35.48,35.82,35.4,35.56,191119
2013-08-27,35.08,35.17,34.43,34.47,100261
2013-08-28,34.49,34.84,34.39,34.71,155408
2013-08-29,34.7,35.33,34.67,35.23,209199
2013-08-30,35.24,35.24,34.6,34.71,224930
2013-09-03,35.37,35.37,34.71,35.02,127372
2013-09-04,35.07,35.4,34.98,35.36,192743
2013-09-05,35.37,35.64,35.25,35.32,132254
2013-09-06,35.52,35.55,34.61,35.25,117046
2013-09-09,35.41,35.83,35.41,35.82,250268
2013-09-10,35.98,36.28,35.88,36.28,363648
2013-09-11,36.19,36.22,35.93,36.12,425167
2013-09-12,36.14,36.18,35.82,35.84,162262
2013-09-13,35.99,36.12,35.83,36.12,632628
2013-09-16,36.56,36.71,36.17,36.18,134882
2013-09-17,36.29,36.68,36.29,36.68,117215
2013-09-18,36.65,37.0,36.27,36.93,219627
2013-09-19,36.96,37.05,36.74,36.91,153910
2013-09-20,37.13,37.13,36.65,36.73,59794
2013-09-23,36.83,36.83,36.24,36.74,126811
2013-09-24,36.68,37.23,36.57,36.97,125978
2013-09-25,36.99,37.19,36.76,36.88,139986
2013-09-26,36.88,37.26,36.88,37.23,325867
2013-09-27,36.92,37.22,36.9,37.05,192325
2013-09-30,36.63,37.09,36.54,36.94,188197
2013-10-01,36.92,37.56,36.92,37.56,118783
2013-10-02,37.36,37.56,37.19,37.44,357059
2013-10-03,37.4,37.76,36.65,37.05,182237
2013-10-04,37.14,37.56,37.03,37.45,255789
2013-10-07,37.07,37.28,36.74,36.74,279991
2013-10-08,36.91,36.96,35.45,35.47,381036
2013-10-09,35.61,35.61,34.7,35.12,290745
2013-10-10,35.77,36.31,35.64,36.28,187594
2013-10-11,36.19,36.66,36.11,36.66,171024
2013-10-14,36.41,36.95,36.28,36.87,125308
2013-10-15,36.85,36.98,36.4,36.58,155231
2013-10-16,36.76,37.25,36.74,37.25,216190
2013-10-17,37.17,37.66,37.14,37.66,496355
2013-10-18,38.05,38.1,37.7,38.1,252386
2013-10-21,38.14,38.21,37.72,37.84,273359
2013-10-22,38.03,38.21,37.62,37.79,224526
2013-10-23,37.61,37.65,37.31,37.61,187214
2013-10-24,37.7,38.05,37.59,38.02,125287
2013-10-25,38.14,38.2,37.63,37.76,168962
2013-10-28,37.91,37.92,37.37,37.59,117411
2013-10-29,37.79,38.01,37.43,37.73,158151
2013-10-30,37.78,38.01,36.94,37.06,111840
2013-10-31,37.0,37.5,36.81,37.21,300352
2013-11-01,37.26,37.38,36.56,36.83,215319
2013-11-04,36.92,37.46,36.92,37.45,82234
2013-11-05,37.35,37.59,37.04,37.56,173386
2013-11-06,37.83,37.85,36.99,37.03,154707
2013-11-07,37.37,37.37,36.08,36.2,346407
2013-11-08,36.41,37.35,36.35,37.27,129837
2013-11-11,37.35,37.49,37.15,37.45,62044
2013-11-12,37.23,37.3,36.96,37.25,73768
2013-11-13,37.15,37.79,37.14,37.79,89701
2013-11-14,37.85,37.85,37.39,37.67,102166
2013-11-15,37.77,37.9,37.48,37.9,108527
2013-11-18,37.9,38.08,37.15,37.23,144193
2013-11-19,37.39,37.6,36.84,37.07,125045
2013-11-20,37.3,37.35,36.82,36.95,216943
2013-11-21,37.26,37.96,37.26,37.94,317864
2013-11-22,37.99,38.17,37.9,38.16,109805
2013-11-25,38.31,38.31,38.0,38.22,126270
2013-11-26,38.22,38.77,38.07,38.71,140138
2013-11-27,38.83,39.05,38.63,39.04,109848
2013-11-29,39.25,39.35,39.09,39.18,44900
2013-12-02,39.22,39.25,38.71,38.83,92062
2013-12-03,38.74,38.74,38.26,38.51,208085
2013-12-04,38.4,38.79,37.92,38.46,99027
2013-12-05,38.53,38.74,38.21,38.53,136553
2013-12-06,38.92,39.04,38.54,38.89,171553
2013-12-09,39.07,39.15,38.61,38.81,192763
2013-12-10,38.64,38.85,38.3,38.42,125286
2013-12-11,38.48,38.49,37.51,37.63,153535
2013-12-12,37.73,38.02,37.57,37.88,124962
2013-12-13,38.02,38.18,37.76,38.1,69502
2013-12-16,38.3,38.52,38.29,38.47,131892
2013-12-17,38.52,38.52,38.05,38.33,240242
2013-12-18,38.4,39.02,38.0,38.82,142788
2013-12-19,38.84,38.88,38.58,38.67,117284
2013-12-20,38.71,39.57,38.48,39.5,279053
2013-12-23,39.75,39.93,39.65,39.93,160796
2013-12-24,39.98,40.09,39.81,40.02,157166
2013-12-26,40.24,40.36,40.07,40.11,242163
2013-12-27,40.45,40.45,39.71,39.86,65269
2013-12-30,39.91,39.96,39.7,39.89,127621
2013-12-31,39.94,39.96,39.62,39.69,179822
2014-01-02,39.68,39.68,38.88,39.08,137963
2014-01-03,39.33,39.37,39.0,39.22,158803
2014-01-06,39.52,39.52,38.88,38.92,173683
2014-01-07,39.11,39.42,38.97,39.26,174653
2014-01-08,39.18,39.53,39.08,39.53,242649
2014-01-09,39.62,39.85,39.13,39.47,128016
2014-01-10,39.44,39.6,39.15,39.46,203036
2014-01-13,39.56,39.6,38.51,38.83,275806
2014-01-14,39.07,39.49,38.76,39.47,138205
2014-01-15,39.72,39.8,39.47,39.72,171209
2014-01-16,39.71,39.88,39.6,39.88,140305
2014-01-17,39.96,39.98,39.62,39.72,108709
2014-01-21,40.06,40.13,39.63,39.88,106670
2014-01-22,39.91,40.08,39.76,40.07,179987
2014-01-23,39.95,39.96,39.41,39.7,133321
2014-01-24,39.33,39.34,38.39,38.45,205185
2014-01-27,38.66,38.68,37.46,37.86,394674
2014-01-28,37.9,38.57,37.9,38.55,161752
2014-01-29,38.26,38.5,37.84,38.02,140360
2014-01-30,38.23,39.02,38.23,38.68,125603
2014-01-31,37.44,38.75,37.41,38.52,238509
2014-02-03,38.49,38.51,36.85,36.99,1074628
2014-02-04,37.22,37.61,36.91,37.28,868576
2014-02-05,37.24,37.6,36.28,36.78,207097
2014-02-06,37.02,37.47,37.02,37.18,196791
2014-02-07,37.67,37.86,37.21,37.83,223105
2014-02-10,37.75,37.85,37.48,37.83,84219
2014-02-11,37.89,38.17,37.64,37.96,230424
2014-02-12,38.14,38.33,38.01,38.23,197123
2014-02-13,37.9,38.85,37.74,38.82,157137
2014-02-14,38.73,38.82,38.5,38.78,110478
2014-02-18,38.78,39.5,38.78,39.45,99466
2014-02-19,39.41,39.65,39.13,39.16,186572
2014-02-20,39.09,39.58,38.95,39.49,74250
2014-02-21,39.64,39.78,39.54,39.6,319168
2014-02-24,39.73,40.28,39.73,40.0,132423
2014-02-25,40.0,40.18,39.87,40.05,105364
2014-02-26,40.21,40.68,40.14,40.4,314452
2014-02-27,40.35,40.73,40.2,40.71,184790
2014-02-28,40.76,41.02,40.07,40.32,442390
2014-03-03,39.87,40.22,39.56,40.13,203114
2014-03-04,40.72,41.58,40.72,41.46,182711
2014-03-05,41.62,41.62,41.2,41.43,144937
2014-03-06,41.62,41.66,41.15,41.37,86148
2014-03-07,41.75,41.75,41.01,41.23,58631
2014-03-10,41.22,41.45,40.8,41.05,144905
2014-03-11,41.18,41.39,40.4,40.6,93493
2014-03-12,40.44,40.72,40.03,40.72,62891
2014-03-13,40.83,40.95,39.87,40.06,184576
2014-03-14,39.93,40.39,39.91,40.26,93936
2014-03-17,40.54,40.8,40.35,40.39,64349
2014-03-18,40.48,41.14,40.48,41.07,68610
2014-03-19,41.29,41.29,40.57,40.84,95705
2014-03-20,40.84,41.16,40.73,40.93,71810
2014-03-21,41.1,41.41,40.42,40.44,42691
2014-03-24,40.72,40.72,39.1,39.61,111259
2014-03-25,39.82,40.21,39.13,39.36,216768
2014-03-26,39.68,39.68,38.54,38.54,111527
2014-03-27,38.54,38.78,38.06,38.35,126853
2014-03-28,38.47,39.08,38.19,38.27,120658
2014-03-31,38.45,39.35,38.45,39.23,135346
2014-04-01,39.43,39.97,39.39,39.84,125759
2014-04-02,40.1,40.1,39.68,39.91,188617
2014-04-03,39.84,39.92,38.82,39.17,80368
2014-04-04,39.43,39.54,37.52,37.73,493694
2014-04-07,37.54,37.63,36.45,36.84,956604
2014-04-08,36.86,37.23,36.46,36.99,300141
2014-04-09,37.11,38.03,37.11,37.99,147801
2014-04-10,37.77,37.88,36.2,36.42,218837
2014-04-11,36.11,36.69,34.51,35.85,1065073
2014-04-14,36.21,36.41,35.2,35.58,581278
2014-04-15,35.77,36.02,34.48,35.75,494687
2014-04-16,36.12,36.39,35.82,36.32,203885
2014-04-17,36.28,36.8,36.04,36.6,108250
2014-04-21,36.55,37.02,36.4,36.96,144152
2014-04-22,36.94,37.84,36.94,37.67,240642
2014-04-23,37.66,37.66,37.17,37.24,53585
2014-04-24,37.62,37.77,36.63,37.15,45441
2014-04-25,36.86,36.86,36.04,36.1,147841
2014-04-28,36.37,36.57,35.16,35.76,219768
2014-04-29,35.9,36.2,35.72,35.94,179044
2014-04-30,35.95,36.37,35.52,36.29,163224
2014-05-01,36.13,36.75,35.89,36.36,439011
2014-05-02,36.49,36.7,36.22,36.35,175411
2014-05-05,36.01,36.51,35.76,36.41,162296
2014-05-06,36.12,36.51,35.62,35.62,62684
2014-05-07,35.73,35.73,34.82,35.49,176528
2014-05-08,35.08,35.75,34.7,34.75,194573
2014-05-09,34.75,35.06,34.36,35.02,222755
2014-05-12,35.23,36.23,35.23,36.12,276714
2014-05-13,36.11,36.17,35.59,35.68,77070
2014-05-14,35.69,35.69,34.95,34.98,131647
2014-05-15,34.81,34.94,34.26,34.85,468500
2014-05-16,34.75,34.99,34.4,34.97,341648
2014-05-19,34.78,35.57,34.78,35.49,85997
2014-05-20,35.36,35.36,34.7,34.91,57341
2014-05-21,35.09,35.34,34.81,35.12,92698
2014-05-22,35.32,35.74,35.14,35.62,46563
2014-05-23,35.56,36.11,35.56,36.1,116430
2014-05-27,36.35,36.86,36.29,36.72,85193
2014-05-28,36.73,36.94,36.31,36.61,275803
2014-05-29,36.74,36.94,36.55,36.86,93137
2014-05-30,36.9,36.94,36.31,36.49,69242
2014-06-02,36.48,36.48,35.87,36.38,28619
2014-06-03,36.34,36.35,35.97,36.3,173133
2014-06-04,36.15,36.75,36.0,36.74,78833
2014-06-05,36.76,37.47,36.56,37.4,118714
2014-06-06,37.53,37.89,37.53,37.82,184087
2014-06-09,37.83,38.49,37.78,38.28,87008
2014-06-10,38.31,38.31,37.9,38.26,63379
2014-06-11,37.94,38.1,37.78,37.98,48077
2014-06-12,38.0,38.12,37.53,37.74,69456
2014-06-13,37.87,37.91,37.58,37.77,42537
2014-06-16,37.79,38.31,37.75,38.31,34006
2014-06-17,38.24,38.76,38.24,38.66,40427
2014-06-18,38.49,38.97,38.45,38.97,44055
2014-06-19,39.05,39.11,38.72,39.0,148130
2014-06-20,38.93,39.27,38.87,39.25,121364
2014-06-23,39.37,39.37,39.02,39.18,36228
2014-06-24,39.14,39.54,38.63,38.68,43702
2014-06-25,38.51,38.94,38.45,38.92,48092
2014-06-26,39.01,39.09,38.65,38.92,32241
2014-06-27,39.16,39.22,38.81,39.16,35285
2014-06-30,39.12,39.25,38.93,39.19,96163
2014-07-01,39.55,39.75,39.49,39.57,47404
2014-07-02,39.57,39.75,39.37,39.46,63488
2014-07-03,39.57,39.81,39.46,39.81,41149
2014-07-07,39.63,39.63,38.81,38.9,50066
2014-07-08,38.72,38.72,37.74,38.1,291440
2014-07-09,38.24,38.48,38.0,38.36,52609
2014-07-10,37.54,38.3,37.27,38.08,139597
2014-07-11,38.0,38.16,37.88,38.08,69195
2014-07-14,38.5,38.62,38.26,38.41,49589
2014-07-15,38.42,38.47,37.7,37.88,68807
2014-07-16,37.95,37.95,37.48,37.58,122161
2014-07-17,37.39,37.68,36.83,36.89,50166
2014-07-18,37.0,37.71,36.84,37.61,132406
2014-07-21,37.3,37.57,37.13,37.45,100041
2014-07-22,37.64,37.94,37.2,37.79,33603
2014-07-23,37.91,38.05,37.72,37.85,80638
2014-07-24,37.88,38.1,37.76,37.84,73060
2014-07-25,37.68,37.69,37.45,37.47,60369
2014-07-28,37.48,37.48,36.78,37.0,245983
2014-07-29,37.11,37.36,37.0,37.0,49162
2014-07-30,37.33,37.33,36.9,37.03,46603
2014-07-31,36.64,36.64,35.74,35.79,198780
2014-08-01,35.67,35.89,35.19,35.58,275054
2014-08-04,35.62,36.13,35.36,36.08,398690
2014-08-05,35.92,36.33,35.68,35.95,174258
2014-08-06,35.7,36.42,35.7,36.08,190881
2014-08-07,36.31,36.43,35.85,36.04,52962
2014-08-08,36.22,36.69,36.03,36.68,92725
2014-08-11,36.94,37.37,36.81,37.06,55492
2014-08-12,37.05,37.05,36.47,36.67,52266
2014-08-13,36.82,37.1,36.75,37.09,43542
2014-08-14,37.14,37.26,37.04,37.16,49067
2014-08-15,37.49,37.52,36.79,37.14,62518
2014-08-18,37.52,37.81,37.36,37.79,127098
2014-08-19,37.96,38.04,37.85,37.92,53767
2014-08-20,37.76,37.92,37.6,37.81,46868
2014-08-21,37.77,37.8,37.46,37.68,60464
2014-08-22,37.6,37.93,37.44,37.8,52629
2014-08-25,38.13,38.26,38.0,38.13,64846
2014-08-26,38.2,38.5,38.14,38.46,44400
2014-08-27,38.53,38.55,38.31,38.42,33557
2014-08-28,38.18,38.26,38.03,38.12,49201
2014-08-29,38.25,38.36,38.05,38.33,46301
2014-09-02,38.41,38.7,38.37,38.67,99511
2014-09-03,38.9,38.92,38.43,38.45,144285
2014-09-04,38.64,38.84,38.07,38.11,124512
2014-09-05,38.12,38.38,37.86,38.3,45374
2014-09-08,38.27,38.51,38.16,38.42,85763
2014-09-09,38.38,38.38,37.72,37.83,32657
2014-09-10,37.84,38.08,37.67,38.03,166607
2014-09-11,37.79,38.33,37.71,38.28,23657
2014-09-12,38.24,38.24,37.65,37.77,100084
2014-09-15,37.79,37.79,37.01,37.12,136453
2014-09-16,37.01,37.52,36.89,37.43,59863
2014-09-17,37.48,38.01,37.47,37.53,63154
2014-09-18,37.76,37.86,37.66,37.72,26475
2014-09-19,37.94,37.94,37.08,37.28,144837
2014-09-22,37.08,37.12,36.56,36.68,185729
2014-09-23,36.61,36.87,36.34,36.38,101549
2014-09-24,36.44,36.98,36.33,36.95,43766
2014-09-25,36.83,36.83,36.08,36.21,99055
2014-09-26,36.29,36.59,36.13,36.54,150531
2014-09-29,36.14,36.7,36.14,36.58,138449
2014-09-30,36.57,36.57,35.88,35.88,36458
2014-10-01,35.69,35.69,34.85,34.97,346159
2014-10-02,35.02,35.55,34.61,35.48,242293
2014-10-03,35.81,36.08,35.6,35.88,104467
2014-10-06,35.96,35.96,35.41,35.41,57486
2014-10-07,35.22,35.23,34.7,34.7,79237
2014-10-08,34.65,35.34,34.13,35.34,198864
2014-10-09,35.27,35.27,34.26,34.27,51568
2014-10-10,34.28,34.61,33.74,33.79,231754
2014-10-13,33.75,34.06,33.11,33.19,831498
2014-10-14,33.33,34.07,33.17,33.49,598329
2014-10-15,32.99,34.12,32.54,33.94,593991
2014-10-16,33.32,34.78,33.32,34.52,345941
2014-10-17,34.93,35.13,34.41,34.59,173902
2014-10-20,34.51,35.0,34.48,35.0,103374
2014-10-21,35.25,35.74,35.21,35.72,227506
2014-10-22,35.87,35.96,35.21,35.21,156108
2014-10-23,35.61,36.27,35.51,35.99,64963
2014-10-24,36.06,36.19,35.91,36.18,73635
2014-10-27,35.92,36.11,35.58,36.08,78461
2014-10-28,36.33,37.33,36.31,37.32,52234
2014-10-29,37.39,37.65,37.01,37.32,68236
2014-10-30,37.14,37.84,37.07,37.67,65894
2014-10-31,38.4,38.69,38.04,38.2,108246
2014-11-03,38.31,38.39,37.92,38.13,97674
2014-11-04,37.94,38.16,37.66,37.81,113253
2014-11-05,38.12,38.18,37.55,37.69,70132
2014-11-06,37.7,37.82,37.54,37.82,23878
2014-11-07,37.81,37.81,37.43,37.77,23347
2014-11-10,37.76,38.03,37.74,38.03,40515
2014-11-11,38.03,38.1,37.89,38.04,25952
2014-11-12,37.87,38.34,37.87,38.32,53643
2014-11-13,38.34,38.44,37.84,37.92,46719
2014-11-14,37.9,37.99,37.7,37.74,37836
2014-11-17,37.91,37.93,37.44,37.47,49525
2014-11-18,37.76,38.0,37.71,37.78,28830
2014-11-19,37.42,37.63,37.1,37.35,33657
2014-11-20,37.13,37.79,37.13,37.75,112484
2014-11-21,38.31,38.47,37.58,37.71,310587
2014-11-24,37.76,38.34,37.76,38.31,29896
2014-11-25,38.52,38.62,38.2,38.37,24421
2014-11-26,38.39,38.69,38.39,38.67,25529
2014-11-28,38.55,38.57,38.04,38.04,6279
2014-12-01,38.11,38.11,37.04,37.04,103128
2014-12-02,37.18,37.83,37.18,37.8,38283
2014-12-03,37.8,38.35,37.8,38.28,27494
2014-12-04,38.15,38.19,37.92,37.97,54330
2014-12-05,38.08,38.45,38.08,38.35,74108
2014-12-08,38.23,38.66,37.68,37.73,78531
2014-12-09,37.37,38.7,37.19,38.7,123476
2014-12-10,38.32,38.6,37.65,37.69,25191
2014-12-11,38.05,38.43,37.72,37.86,50562
2014-12-12,37.55,37.85,37.41,37.44,69479
2014-12-15,37.66,37.74,36.71,36.9,71276
2014-12-16,36.7,37.36,36.62,36.66,48238
2014-12-17,36.74,37.96,36.74,37.95,36331
2014-12-18,38.62,38.86,38.42,38.75,254620
2014-12-19,38.47,38.93,38.47,38.75,95017
2014-12-22,38.85,39.09,38.7,39.09,55632
2014-12-23,39.21,39.36,38.74,38.89,265732
2014-12-24,38.98,39.29,38.98,39.18,74120
2014-12-26,39.38,39.58,39.38,39.54,101786
2014-12-29,39.57,39.64,39.43,39.62,58394
2014-12-30,39.62,39.62,39.3,39.39,60925
2014-12-31,39.45,39.77,39.04,39.04,165798
2015-01-02,39.3,39.3,38.15,38.57,302786
2015-01-05,38.46,38.69,38.04,38.17,114725
2015-01-06,38.17,38.2,37.08,37.43,158089
2015-01-07,37.9,38.33,37.52,38.12,31836
2015-01-08,38.34,38.9,38.34,38.86,122464
2015-01-09,39.0,39.22,38.41,38.66,51122
2015-01-12,38.8,38.8,38.2,38.43,43800
2015-01-13,38.73,39.22,38.01,38.38,30289
2015-01-14,38.04,38.35,37.95,38.2,40884
2015-01-15,38.48,38.48,37.3,37.37,52022
2015-01-16,37.36,38.18,37.36,38.1,44582
2015-01-20,38.39,38.39,37.63,38.04,29255
2015-01-21,37.95,38.14,37.51,37.76,28750
2015-01-22,37.91,38.49,37.33,38.45,69112
2015-01-23,38.54,38.66,38.26,38.43,55089
2015-01-26,38.3,38.82,38.19,38.81,30865
2015-01-27,38.46,38.92,38.31,38.71,49771
2015-01-28,38.93,38.93,38.0,38.02,71568
2015-01-29,38.1,38.62,37.82,38.62,46684
2015-01-30,38.46,38.58,37.69,37.69,52266
2015-02-02,37.78,37.9,37.1,37.88,246545
2015-02-03,38.24,38.43,37.95,38.39,47892
2015-02-04,38.32,38.59,38.08,38.34,61831
2015-02-05,38.39,38.95,38.31,38.86,35032
2015-02-06,38.84,39.25,38.69,38.82,26069
2015-02-09,38.76,38.95,38.52,38.54,24650
2015-02-10,38.93,39.19,38.54,39.05,72734
2015-02-11,38.93,39.38,38.84,39.06,71349
2015-02-12,39.4,39.63,39.08,39.59,52967
2015-02-13,39.63,39.75,39.32,39.58,86370
2015-02-17,39.73,39.89,39.62,39.66,35167
2015-02-18,39.86,39.92,39.52,39.92,22771
2015-02-19,39.97,40.12,39.94,40.05,71049
2015-02-20,40.05,40.29,39.76,40.25,72839
2015-02-23,40.29,40.36,39.93,40.36,338709
2015-02-24,40.45,40.56,40.2,40.35,767467
2015-02-25,40.44,40.62,40.3,40.53,199106
2015-02-26,40.55,40.77,40.4,40.76,179784
2015-02-27,40.78,40.78,40.35,40.41,91643
2015-03-02,40.45,40.78,40.39,40.74,104746
2015-03-03,40.75,40.75,40.15,40.39,185821
2015-03-04,40.31,40.52,40.01,40.35,63494
2015-03-05,40.59,40.7,40.4,40.57,42788
2015-03-06,40.46,40.69,40.15,40.25,56317
2015-03-09,40.1,40.58,40.1,40.42,80235
2015-03-10,40.26,40.3,39.88,40.07,93551
2015-03-11,40.3,40.45,40.0,40.41,80001
2015-03-12,40.84,41.18,40.77,41.14,128718
2015-03-13,41.03,41.25,40.65,41.13,60236
2015-03-16,41.43,41.58,41.33,41.45,156796
2015-03-17,41.34,41.65,41.28,41.6,52405
2015-03-18,41.67,41.91,41.26,41.76,56037
2015-03-19,41.8,42.13,41.7,42.09,148282
2015-03-20,42.42,42.42,42.13,42.29,92336
2015-03-23,42.18,42.27,42.0,42.17,68569
2015-03-24,42.08,42.5,42.06,42.17,76761
2015-03-25,41.82,41.83,40.73,40.75,102732
2015-03-26,40.5,40.96,40.28,40.7,70440
2015-03-27,40.82,41.13,40.67,41.12,62834
2015-03-30,41.61,41.96,41.6,41.93,45577
2015-03-31,41.73,41.73,41.38,41.6,119811
2015-04-01,41.71,41.71,40.9,41.49,215559
2015-04-02,41.51,41.71,41.5,41.57,51021
2015-04-06,41.39,41.72,41.39,41.5,101161
2015-04-07,41.42,41.8,41.29,41.3,57797
2015-04-08,41.46,41.96,41.27,41.89,35932
2015-04-09,42.08,42.15,41.45,41.76,112397
2015-04-10,42.05,42.08,41.7,42.01,89093
2015-04-13,41.99,42.36,41.98,42.09,147249
2015-04-14,42.02,42.19,41.75,41.98,59525
2015-04-15,42.15,42.3,42.07,42.21,71106
2015-04-16,42.05,42.19,42.03,42.13,69521
2015-04-17,41.99,41.99,41.26,41.48,72686
2015-04-20,41.75,41.93,41.5,41.87,110218
2015-04-21,42.18,42.18,41.95,42.1,43473
2015-04-22,42.18,42.19,41.67,42.06,37961
2015-04-23,42.0,42.44,41.82,42.3,68760
2015-04-24,43.33,43.33,42.07,42.08,75008
2015-04-27,42.29,42.42,41.19,41.21,80847
2015-04-28,41.12,41.53,40.71,41.27,35814
2015-04-29,41.11,41.3,40.6,40.73,232693
2015-04-30,40.64,40.66,39.29,39.52,178274
2015-05-01,39.68,39.99,39.46,39.98,158357
2015-05-04,39.98,40.55,39.98,40.15,36263
2015-05-05,40.12,40.15,39.3,39.41,56211
2015-05-06,39.63,39.7,39.4,39.66,30568
2015-05-07,39.65,40.11,39.46,40.03,96006
2015-05-08,40.41,40.6,40.2,40.29,77454
2015-05-11,40.31,40.74,40.31,40.33,29615
2015-05-12,40.29,40.53,39.87,40.35,25215
2015-05-13,40.46,40.64,40.26,40.47,38713
2015-05-14,40.67,40.88,40.21,40.82,63815
2015-05-15,40.79,40.79,40.55,40.7,29183
2015-05-18,40.59,41.34,40.54,41.23,60400
2015-05-19,41.34,41.47,41.18,41.35,53815
2015-05-20,41.39,41.65,41.19,41.47,46777
2015-05-21,41.5,41.58,41.14,41.34,31908
2015-05-22,41.19,41.43,40.92,41.16,44426
2015-05-26,40.89,40.89,40.53,40.8,25593
2015-05-27,40.85,41.43,40.75,41.43,21266
2015-05-28,41.33,41.34,41.05,41.34,30958
2015-05-29,41.32,41.39,40.88,41.13,39699
2015-06-01,41.37,41.4,40.82,41.19,49159
2015-06-02,41.08,41.34,40.9,41.09,26548
2015-06-03,41.16,41.6,41.16,41.54,20958
2015-06-04,41.31,41.42,40.87,40.95,31737
2015-06-05,40.86,41.42,40.75,41.42,68800
2015-06-08,41.47,41.47,41.13,41.25,36307
2015-06-09,41.17,41.17,40.66,41.01,48886
2015-06-10,41.11,41.59,40.99,41.51,23380
2015-06-11,41.56,41.76,41.53,41.55,19756
2015-06-12,41.52,41.52,41.28,41.44,26434
2015-06-15,41.02,41.4,40.8,41.29,31390
2015-06-16,41.3,41.73,41.28,41.72,63256
2015-06-17,41.74,41.95,41.58,41.73,34288
2015-06-18,41.94,42.54,41.84,42.44,49654
2015-06-19,42.42,42.67,42.36,42.38,40525
2015-06-22,42.55,42.7,42.45,42.61,70273
2015-06-23,42.65,42.84,42.47,42.73,28074
2015-06-24,42.67,42.79,42.18,42.26,106778
2015-06-25,42.43,42.43,42.01,42.24,42750
2015-06-26,42.3,42.44,41.81,42.02,63100
2015-06-29,41.75,41.84,40.86,40.92,81556
2015-06-30,41.38,41.56,41.17,41.47,36780
2015-07-01,41.95,41.95,41.34,41.55,76166
2015-07-02,41.77,41.79,41.07,41.26,50840
2015-07-06,40.83,41.6,40.83,41.34,19575
2015-07-07,41.46,41.46,40.38,41.25,66468
2015-07-08,40.94,41.07,40.34,40.56,51489
2015-07-09,40.98,41.12,40.79,40.8,100379
2015-07-10,41.39,41.62,41.21,41.6,63129
2015-07-13,41.89,42.25,41.89,42.18,95259
2015-07-14,42.13,42.65,42.13,42.63,72243
2015-07-15,42.7,42.75,42.32,42.32,72409
2015-07-16,42.71,42.86,42.54,42.79,181926
2015-07-17,42.9,42.9,42.58,42.79,117539
2015-07-20,42.96,42.96,42.62,42.77,128801
2015-07-21,42.93,42.93,42.26,42.55,115524
2015-07-22,42.41,42.97,42.33,42.85,58914
2015-07-23,43.02,43.17,42.37,42.5,95965
2015-07-24,42.64,42.7,41.88,41.88,54567
2015-07-27,41.63,41.74,41.32,41.5,34427
2015-07-28,41.55,41.97,41.2,41.88,38452
2015-07-29,41.84,41.93,41.63,41.91,80641
2015-07-30,41.73,42.13,41.51,42.04,23432
2015-07-31,42.09,42.67,42.09,42.37,62928
2015-08-03,42.53,42.54,41.87,42.25,48338
2015-08-04,42.4,42.52,42.1,42.26,103677
2015-08-05,42.62,43.03,42.55,42.72,173245
2015-08-06,42.93,42.93,41.7,42.0,53744
2015-08-07,42.0,42.0,41.47,41.95,37870
2015-08-10,42.27,42.57,42.22,42.33,34326
2015-08-11,42.02,42.41,41.73,42.03,78316
2015-08-12,41.76,41.93,40.87,41.78,115384
2015-08-13,41.88,42.24,41.75,41.81,84840
2015-08-14,41.8,41.97,41.49,41.93,121212
2015-08-17,41.88,42.52,41.7,42.52,66699
2015-08-18,42.41,42.9,42.09,42.12,134591
2015-08-19,41.83,42.01,41.39,41.67,75063
2015-08-20,41.22,41.36,40.34,40.45,155625
2015-08-21,39.94,40.28,39.39,39.5,443632
2015-08-24,38.69,39.25,22.18,37.9,377495
2015-08-25,38.79,39.69,37.78,37.79,215003
2015-08-26,38.04,38.96,37.57,38.96,88188
2015-08-27,39.37,39.9,39.09,39.62,160358
2015-08-28,39.64,40.03,39.48,39.97,42117
2015-08-31,39.9,40.11,39.58,39.69,83115
2015-09-01,38.97,39.32,38.53,38.72,125598
2015-09-02,39.17,39.41,38.63,39.4,77903
2015-09-03,39.64,39.79,39.15,39.28,100860
2015-09-04,38.7,39.42,38.7,39.12,127753
2015-09-08,39.72,40.09,39.5,40.08,57964
2015-09-09,40.23,40.24,39.36,39.39,97168
2015-09-10,39.27,39.89,39.27,39.62,140179
2015-09-11,39.57,39.91,39.38,39.91,38639
2015-09-14,40.03,40.06,39.68,39.88,113146
2015-09-15,39.88,40.51,39.88,40.4,151520
2015-09-16,40.44,40.61,40.24,40.6,84971
2015-09-17,40.58,41.49,40.57,40.91,94772
2015-09-18,40.28,40.81,40.28,40.41,89028
2015-09-21,40.6,40.87,39.72,40.02,40678
2015-09-22,39.56,39.67,39.16,39.38,39530
2015-09-23,39.47,39.74,39.31,39.54,79544
2015-09-24,39.31,39.31,38.61,39.11,34547
2015-09-25,39.45,39.45,38.06,38.27,44387
2015-09-28,38.12,38.12,36.5,36.71,282509
2015-09-29,36.67,37.09,36.1,36.35,120266
2015-09-30,37.0,37.28,36.62,37.23,100452
2015-10-01,37.3,37.3,36.54,37.12,192940
2015-10-02,36.58,37.48,36.19,37.48,208146
2015-10-05,37.81,38.21,37.73,38.19,49492
2015-10-06,38.17,38.28,37.17,37.41,52946
2015-10-07,37.6,38.18,37.46,38.13,173090
2015-10-08,38.1,38.33,37.77,38.3,71239
2015-10-09,38.28,38.59,38.28,38.42,47939
2015-10-12,38.45,38.57,38.3,38.47,65848
2015-10-13,38.33,38.74,37.85,37.86,38938
2015-10-14,37.93,38.0,37.11,37.11,38142
2015-10-15,37.29,38.28,37.23,38.28,52028
2015-10-16,38.32,38.44,37.92,38.34,174830
2015-10-19,38.16,38.79,38.16,38.48,58959
2015-10-20,38.44,38.58,37.96,38.25,93182
2015-10-21,38.36,38.36,37.42,37.53,62794
2015-10-22,37.75,38.07,37.49,37.79,157673
2015-10-23,38.05,38.38,37.89,38.32,62409
2015-10-26,38.28,38.38,38.05,38.2,124770
2015-10-27,38.05,38.12,37.68,37.9,120094
2015-10-28,38.01,39.25,37.96,39.23,93430
2015-10-29,39.1,39.19,38.4,38.47,63626
2015-10-30,38.48,38.53,38.09,38.17,60550
2015-11-02,38.26,39.22,38.15,39.1,135651
2015-11-03,38.99,39.43,38.8,39.25,247304
2015-11-04,39.35,39.36,38.93,39.18,93306
2015-11-05,39.14,39.4,38.86,39.35,53017
2015-11-06,39.45,39.92,39.21,39.92,85378
2015-11-09,39.86,39.86,39.26,39.33,80280
2015-11-10,39.24,39.59,39.05,39.58,58174
2015-11-11,39.65,39.78,39.3,39.32,77628
2015-11-12,39.0,39.0,38.54,38.58,47889
2015-11-13,38.4,38.65,38.33,38.34,40239
2015-11-16,38.16,38.43,37.93,38.43,34038
2015-11-17,38.59,38.95,38.41,38.49,39496
2015-11-18,38.58,39.12,38.44,39.08,47830
2015-11-19,39.08,39.1,38.69,38.77,36333
2015-11-20,38.92,39.21,38.91,39.13,48276
2015-11-23,39.09,39.6,39.09,39.46,26756
2015-11-24,39.31,39.81,39.2,39.78,44228
2015-11-25,39.79,40.17,39.79,40.1,58187
2015-11-27,40.12,40.44,40.12,40.34,5838
2015-11-30,40.48,40.63,39.89,39.96,61734
2015-12-01,40.16,40.22,39.74,40.21,55734
2015-12-02,40.11,40.32,39.84,39.91,66500
2015-12-03,40.04,40.09,38.86,38.98,57603
2015-12-04,38.87,39.52,38.87,39.51,34777
2015-12-07,39.41,39.41,38.67,38.77,96848
2015-12-08,38.45,39.19,38.45,39.07,78113
2015-12-09,38.92,39.05,38.15,38.35,96095
2015-12-10,38.31,38.75,38.21,38.53,60947
2015-12-11,38.19,38.25,37.53,37.61,72561
2015-12-14,37.71,37.75,37.08,37.41,123149
2015-12-15,37.68,38.07,37.64,38.07,97519
2015-12-16,38.27,38.67,38.02,38.57,102580
2015-12-17,38.69,38.77,38.06,38.13,66145
2015-12-18,37.9,37.98,37.52,37.56,33978
2015-12-21,37.61,37.87,37.5,37.76,41527
2015-12-22,37.94,37.94,37.4,37.81,101044
2015-12-23,38.06,38.26,37.91,38.19,140177
2015-12-24,38.19,38.38,38.1,38.21,25828
2015-12-28,37.92,38.0,37.7,38.0,120797
2015-12-29,38.17,38.51,38.14,38.46,129464
2015-12-30,38.43,38.52,38.1,38.1,55444
2015-12-31,37.94,38.06,37.6,37.6,80998
2016-01-04,37.05,37.05,36.1,36.25,76013
2016-01-05,36.35,36.5,36.04,36.22,63833
2016-01-06,35.73,36.05,35.53,35.79,189076
2016-01-07,35.19,35.4,34.65,34.75,210661
2016-01-08,34.97,35.13,34.04,34.15,679818
2016-01-11,34.29,34.39,33.41,33.8,1577267
2016-01-12,33.99,34.33,33.36,33.99,929707
2016-01-13,34.05,34.24,32.61,32.85,557004
2016-01-14,32.99,33.75,32.44,33.39,346026
2016-01-15,32.38,32.88,31.89,32.83,338449
2016-01-19,33.11,33.31,31.92,32.32,463372
2016-01-20,31.86,32.92,31.18,32.54,257709
2016-01-21,32.6,32.93,32.23,32.34,241891
2016-01-22,32.86,33.13,32.69,33.09,104901
2016-01-25,32.89,33.05,32.42,32.49,39138
2016-01-26,32.64,33.08,32.38,33.04,54646
2016-01-27,32.91,33.12,32.36,32.46,63408
2016-01-28,32.7,32.7,32.17,32.3,243016
2016-01-29,32.37,33.35,32.37,33.35,54198
2016-02-01,33.06,33.41,32.9,33.23,159448
2016-02-02,32.8,32.9,32.36,32.52,141084
2016-02-03,32.77,32.77,31.76,32.31,179699
2016-02-04,32.17,32.59,32.03,32.25,112926
2016-02-05,32.1,32.1,30.99,31.03,106433
2016-02-08,30.68,30.68,30.09,30.5,115098
2016-02-09,30.11,30.93,30.06,30.44,264146
2016-02-10,30.61,31.18,30.36,30.41,271761
2016-02-11,29.75,30.35,29.74,30.16,140621
2016-02-12,30.44,30.72,30.28,30.62,360015
2016-02-16,30.94,31.3,30.78,31.29,122826
2016-02-17,31.43,31.92,31.43,31.84,118986
2016-02-18,31.89,31.95,31.55,31.57,292462
2016-02-19,31.5,31.91,31.46,31.87,82786
2016-02-22,32.16,32.41,32.14,32.23,111931
2016-02-23,32.18,32.27,31.98,32.01,48455
2016-02-24,31.67,32.44,31.51,32.42,55385
2016-02-25,32.58,32.76,32.37,32.73,114610
2016-02-26,32.94,32.95,32.77,32.92,38857
2016-02-29,32.89,33.16,32.71,32.71,39609
2016-03-01,32.93,33.36,32.89,33.35,50772
2016-03-02,33.34,33.57,33.21,33.57,40400
2016-03-03,33.59,33.69,33.32,33.69,39255
2016-03-04,33.65,34.01,33.63,33.76,65574
2016-03-07,33.63,34.17,33.6,34.0,97391
2016-03-08,33.86,33.86,33.29,33.36,57160
2016-03-09,33.41,33.56,33.3,33.52,35328
2016-03-10,33.54,33.54,32.69,32.92,53376
2016-03-11,33.29,33.73,33.18,33.71,60964
2016-03-14,33.65,33.75,33.57,33.67,41490
2016-03-15,33.38,33.38,32.95,32.98,25841
2016-03-16,32.89,33.25,32.89,33.17,10221
2016-03-17,33.16,33.73,32.92,33.58,36864
2016-03-18,33.79,34.08,33.67,33.86,35592
2016-03-21,33.88,33.96,33.71,33.84,25046
2016-03-22,33.59,34.04,33.59,33.87,24583
2016-03-23,33.76,33.76,33.33,33.36,17408
2016-03-24,33.08,33.34,33.02,33.34,23114
2016-03-28,33.42,33.67,33.21,33.51,29869
2016-03-29,33.44,34.46,33.44,34.46,88329
2016-03-30,34.61,34.61,34.29,34.39,14391
2016-03-31,34.42,34.74,34.42,34.56,36215
2016-04-01,34.27,34.69,34.27,34.69,6863
2016-04-04,34.57,34.6,34.19,34.19,22693
2016-04-05,33.98,34.17,33.87,33.9,47257
2016-04-06,33.88,34.25,33.84,34.25,24467
2016-04-07,34.04,34.04,33.51,33.67,21999
2016-04-08,33.99,34.12,33.76,33.87,48517
2016-04-11,34.11,34.38,33.87,33.87,131753
2016-04-12,33.9,34.32,33.78,34.19,32620
2016-04-13,34.45,34.91,34.45,34.85,33772
2016-04-14,34.82,35.0,34.71,34.77,28471
2016-04-15,34.7,34.9,34.69,34.79,10057
2016-04-18,34.66,35.18,34.66,35.12,24663
2016-04-19,35.31,35.42,35.08,35.18,22149
2016-04-20,35.17,35.53,35.15,35.31,25159
2016-04-21,35.18,35.26,34.88,34.98,31410
2016-04-22,35.14,35.35,35.0,35.29,31167
2016-04-25,35.11,35.11,34.93,35.09,16071
2016-04-26,35.14,35.56,35.08,35.47,26514
2016-04-27,35.47,35.69,35.37,35.65,13676
2016-04-28,35.49,35.63,35.05,35.11,31009
2016-04-29,35.05,35.05,34.64,34.78,45726
2016-05-02,34.87,35.22,34.82,35.21,29705
2016-05-03,34.9,34.95,34.46,34.68,78802
2016-05-04,34.39,34.6,34.29,34.4,17874
2016-05-05,34.55,34.61,34.36,34.38,22822
2016-05-06,34.19,34.56,34.19,34.56,16161
2016-05-09,34.47,34.87,34.45,34.63,22024
2016-05-10,34.84,35.01,34.62,34.93,31861
2016-05-11,34.8,34.91,34.43,34.49,13168
2016-05-12,34.54,34.7,34.13,34.35,45739
2016-05-13,34.41,34.46,34.06,34.15,17165
2016-05-16,34.23,34.67,34.23,34.58,41958
2016-05-17,34.4,34.47,33.63,33.82,21856
2016-05-18,33.69,34.21,33.57,33.89,24129
2016-05-19,33.67,33.87,33.34,33.54,50101
2016-05-20,33.72,34.06,33.72,34.06,19867
2016-05-23,34.02,34.21,33.99,34.05,20540
2016-05-24,34.15,34.82,34.15,34.74,22310
2016-05-25,34.79,34.97,34.79,34.86,11926
2016-05-26,34.9,34.99,34.82,34.88,24300
2016-05-27,34.8,35.09,34.8,35.06,23604
2016-05-31,35.17,35.23,34.92,35.03,25737
2016-06-01,35.02,35.35,34.9,35.35,20602
2016-06-02,35.24,35.41,35.19,35.39,10769
2016-06-03,35.38,35.38,35.0,35.25,34286
2016-06-06,35.45,35.72,35.43,35.58,20321
2016-06-07,35.64,35.96,35.63,35.83,31069
2016-06-08,35.93,36.26,35.92,36.14,23040
2016-06-09,36.03,36.03,35.83,35.95,27635
2016-06-10,35.54,35.66,35.35,35.42,9191
2016-06-13,35.29,35.48,34.98,35.04,23057
2016-06-14,34.93,35.07,34.8,35.0,13223
2016-06-15,35.07,35.23,34.93,34.96,12618
2016-06-16,34.76,34.96,34.54,34.94,22617
2016-06-17,34.84,35.0,34.63,34.72,17909
2016-06-20,35.09,35.5,35.09,35.21,12972
2016-06-21,35.25,35.25,34.96,35.12,20654
2016-06-22,35.25,35.36,34.94,34.97,43803
2016-06-23,35.27,35.76,35.27,35.71,18005
2016-06-24,33.86,34.77,33.85,34.41,28876
2016-06-27,33.91,33.95,33.36,33.53,21489
2016-06-28,33.83,34.04,33.83,33.92,141756
2016-06-29,34.32,34.71,34.28,34.6,31647
2016-06-30,34.82,35.3,34.55,35.3,17717
2016-07-01,35.35,35.54,35.25,35.42,13701
2016-07-05,34.96,35.04,34.74,34.94,57972
2016-07-06,34.89,35.34,34.89,35.34,98798
2016-07-07,35.55,35.66,35.21,35.4,14280
2016-07-08,35.78,36.23,35.78,36.23,16433
2016-07-11,36.4,36.71,36.4,36.7,84165
2016-07-12,36.94,37.33,36.88,37.17,34878
2016-07-13,37.39,37.39,36.9,36.97,21342
2016-07-14,37.27,37.34,37.01,37.02,16924
2016-07-15,37.13,37.18,36.9,36.98,18328
2016-07-18,37.05,37.23,36.95,37.08,12753
2016-07-19,37.04,37.11,36.78,36.85,15308
2016-07-20,36.72,37.2,36.72,37.08,10094
2016-07-21,37.15,37.15,36.63,36.72,18942
2016-07-22,36.84,37.21,36.77,37.12,9085
2016-07-25,37.01,37.09,36.86,36.95,6337
2016-07-26,37.03,37.35,37.03,37.35,12675
2016-07-27,37.45,37.56,37.16,37.47,29753
2016-07-28,37.45,37.52,37.36,37.49,24278
2016-07-29,37.43,37.7,37.15,37.52,31358
2016-08-01,37.46,37.55,37.22,37.4,27019
2016-08-02,37.42,37.42,36.77,36.93,39040
2016-08-03,36.91,37.11,36.74,37.09,21204
2016-08-04,37.01,37.46,37.01,37.18,10857
2016-08-05,37.41,37.58,37.37,37.47,8353
2016-08-08,37.55,37.55,37.41,37.44,4185
2016-08-09,37.42,37.61,37.42,37.53,13313
2016-08-10,37.58,37.58,37.15,37.23,7490
2016-08-11,37.3,37.54,37.23,37.43,20078
2016-08-12,37.41,37.46,37.21,37.35,8596
2016-08-15,37.53,37.82,37.53,37.74,8507
2016-08-16,37.76,37.76,37.43,37.43,40992
2016-08-17,37.28,37.47,37.25,37.42,9445
2016-08-18,37.43,37.76,37.4,37.73,75660
2016-08-19,37.59,37.8,37.56,37.67,26279
2016-08-22,37.57,37.71,37.52,37.7,12561
2016-08-23,37.86,38.06,37.85,37.94,13247
2016-08-24,37.85,37.96,37.51,37.51,11988
2016-08-25,37.44,37.8,37.44,37.72,7821
2016-08-26,37.8,38.05,37.51,37.71,7910
2016-08-29,37.97,38.08,37.85,37.9,7406
2016-08-30,38.01,38.1,37.91,38.05,11083
2016-08-31,37.83,37.85,37.56,37.78,23124
2016-09-01,37.48,37.77,37.48,37.76,3544
2016-09-02,38.04,38.26,38.02,38.24,7530
2016-09-06,38.41,38.41,38.2,38.36,52247
2016-09-07,38.32,38.55,38.31,38.54,215107
2016-09-08,38.51,38.62,38.42,38.6,97553
2016-09-09,38.19,38.19,37.37,37.37,32373
2016-09-12,37.25,37.81,37.09,37.81,11368
2016-09-13,37.5,37.5,36.87,37.04,67530
2016-09-14,37.19,37.52,37.19,37.32,26884
2016-09-15,37.27,37.76,37.27,37.74,8940
2016-09-16,37.61,37.71,37.51,37.63,2968
2016-09-19,37.88,38.2,37.71,37.92,6844
2016-09-20,38.03,38.03,37.79,37.86,10977
2016-09-21,37.97,38.44,37.8,38.44,13774
2016-09-22,38.69,38.87,38.58,38.87,34804
2016-09-23,38.81,38.82,38.54,38.57,11941
2016-09-26,38.37,38.48,38.26,38.26,4323
2016-09-27,38.09,38.29,38.0,38.26,21353
2016-09-28,38.4,38.62,38.09,38.62,7602
2016-09-29,38.53,38.53,38.06,38.06,13102
2016-09-30,38.25,38.59,38.09,38.5,13207
2016-10-03,38.37,38.42,38.21,38.42,122553
2016-10-04,38.43,38.56,37.99,38.13,12269
2016-10-05,38.38,38.66,38.28,38.41,16931
2016-10-06,38.24,38.49,38.23,38.47,46506
2016-10-07,38.2,38.29,37.92,38.0,35681
2016-10-10,38.49,38.67,38.45,38.51,8862
2016-10-11,38.41,38.41,37.47,37.6,8604
2016-10-12,37.55,37.81,37.53,37.55,7085
2016-10-13,37.14,37.3,36.88,37.09,15304
2016-10-14,37.31,37.38,36.84,36.84,13197
2016-10-17,36.9,37.0,36.81,36.82,16236
2016-10-18,37.25,37.25,36.95,36.96,23045
2016-10-19,36.83,37.26,36.83,37.14,144290
2016-10-20,37.08,37.08,36.68,36.95,99128
2016-10-21,36.68,36.78,36.61,36.64,8102
2016-10-24,37.03,37.07,36.67,36.73,6520
2016-10-25,36.7,36.73,36.4,36.44,18380
2016-10-26,36.25,36.48,35.9,35.93,32200
2016-10-27,36.06,36.06,35.31,35.37,19617
2016-10-28,35.5,35.63,35.2,35.21,8488
2016-10-31,35.36,35.42,35.09,35.37,20025
2016-11-01,35.41,35.44,34.96,35.18,24756
2016-11-02,35.21,35.21,34.61,34.69,24799
2016-11-03,34.67,34.69,34.31,34.39,37601
2016-11-04,34.36,34.84,34.17,34.47,21538
2016-11-07,35.33,35.56,34.99,35.46,21440
2016-11-08,35.33,35.79,35.33,35.59,10923
2016-11-09,35.27,36.95,35.27,36.95,33633
2016-11-10,37.32,37.69,36.91,37.43,23440
2016-11-11,37.37,38.41,37.37,38.41,15874
2016-11-14,38.69,39.15,38.4,38.69,54433
2016-11-15,38.7,39.16,38.58,39.08,21864
2016-11-16,38.92,39.3,38.88,39.17,26275
2016-11-17,39.42,39.7,39.42,39.6,15565
2016-11-18,39.69,39.84,39.59,39.77,13950
2016-11-21,39.99,40.23,39.74,39.99,29208
2016-11-22,40.24,40.24,39.87,40.15,35402
2016-11-23,40.04,40.54,40.01,40.46,27386
2016-11-25,40.5,40.67,40.5,40.67,6379
2016-11-28,40.57,40.57,39.94,39.97,26106
2016-11-29,39.96,40.25,39.94,40.0,127334
2016-11-30,40.34,40.43,39.81,39.96,37776
2016-12-01,40.16,40.16,39.25,39.42,24895
2016-12-02,39.32,39.48,39.15,39.36,23565
2016-12-05,39.8,40.1,39.8,40.06,26286
2016-12-06,40.31,40.57,39.95,40.51,38738
2016-12-21,41.28,41.34,41.1,41.1,33216
2016-12-22,41.13,41.2,40.66,40.68,21604
2016-12-23,40.66,41.0,40.66,41.0,24493
2016-12-27,41.06,41.27,41.06,41.14,15646
2016-12-28,41.0,41.06,40.62,40.73,10970
2016-12-29,40.74,40.75,40.54,40.59,12170
2016-12-30,40.93,40.93,40.34,40.4,17615
2017-01-03,40.74,40.9,40.19,40.54,45768
2017-01-04,40.71,41.22,40.64,41.19,135684
2017-01-05,41.01,41.01,40.38,40.57,30755
2017-01-06,40.5,40.55,40.24,40.26,8355
2017-01-09,40.22,40.23,39.85,40.02,45294
2017-01-10,40.02,40.61,39.93,40.57,21542
2017-01-11,40.58,40.69,40.3,40.69,14898
2017-01-12,40.53,40.53,39.59,40.14,14782
2017-01-13,40.48,40.64,40.35,40.36,5772
2017-01-17,40.44,40.44,39.88,39.88,20131
2017-01-18,39.94,40.19,39.92,40.19,20944
2017-01-19,40.33,40.33,39.79,39.85,33543
2017-01-20,40.13,40.26,39.95,40.03,25371
2017-01-23,39.94,39.94,39.66,39.86,18520
2017-01-24,40.13,40.77,40.08,40.66,28473
2017-01-25,40.98,41.23,40.96,41.15,21181
2017-01-26,41.2,41.21,40.82,40.98,280442
2017-01-27,40.83,40.93,40.74,40.9,11297
2017-01-30,40.6,40.6,39.98,40.26,6804
2017-01-31,40.22,40.5,39.94,40.47,37298
2017-02-01,40.82,40.82,40.26,40.53,27376
2017-02-02,40.56,40.56,40.22,40.26,55174
2017-02-03,40.75,41.08,40.57,41.07,21387
2017-02-06,41.08,41.08,40.68,40.69,13073
2017-02-07,40.85,40.9,40.38,40.58,21057
2017-02-08,40.54,40.54,40.03,40.35,24018
2017-02-09,40.56,41.14,40.56,41.14,14913
2017-02-10,41.36,41.47,41.14,41.3,20649
2017-02-13,41.56,41.74,41.36,41.43,57129
2017-02-14,41.24,41.71,41.24,41.69,21988
2017-02-15,41.36,41.86,41.36,41.8,14752
2017-02-16,41.87,41.87,41.42,41.72,36702
2017-02-17,41.55,41.71,41.39,41.71,35670
2017-02-21,41.88,42.08,41.77,41.91,122340
2017-02-22,42.01,42.01,41.61,41.72,163718
2017-02-23,41.96,41.96,40.92,41.28,151369
2017-02-24,40.92,41.24,40.92,41.16,123504
2017-02-27,41.14,41.58,41.13,41.47,133999
2017-02-28,41.25,41.35,40.84,40.86,56133
2017-03-01,41.5,42.04,41.39,41.87,42096
2017-03-02,42.46,42.46,41.24,41.29,82712
2017-03-03,41.23,41.53,41.16,41.41,18542
2017-03-06,41.13,41.18,40.87,41.08,15164
2017-03-07,40.96,41.13,40.77,40.82,37916
2017-03-08,41.02,41.11,40.46,40.48,24213
2017-03-09,40.35,40.63,40.04,40.22,24117
2017-03-10,40.3,40.34,39.85,40.16,24139
2017-03-13,40.2,40.46,40.2,40.25,15266
2017-03-14,39.83,40.06,39.58,40.06,9844
2017-03-15,40.2,40.78,40.2,40.71,21501
2017-03-16,40.9,41.0,40.68,40.68,7562
2017-03-17,40.81,40.99,40.7,40.98,10310
2017-03-20,40.61,40.86,40.61,40.76,36183
2017-03-21,41.03,41.03,39.37,39.37,19206
2017-03-22,39.28,39.38,39.01,39.38,33594
2017-03-23,39.28,39.82,39.28,39.55,34435
2017-03-24,39.81,40.03,39.57,39.85,11180
2017-03-27,39.34,39.9,39.1,39.86,13727
2017-03-28,39.84,40.25,39.7,40.22,24751
2017-03-29,40.16,40.34,40.01,40.32,25689
2017-03-30,40.37,40.72,40.37,40.65,13640
2017-03-31,40.59,41.03,40.58,40.86,27335
2017-04-03,40.87,40.97,40.15,40.26,23092
2017-04-04,40.17,40.51,40.01,40.21,39632
2017-04-05,40.45,40.56,39.5,39.59,12695
2017-04-06,39.43,40.0,39.43,40.0,26259
2017-04-07,39.75,39.98,39.75,39.85,11791
2017-04-10,39.73,40.08,39.54,39.68,13330
2017-04-11,39.6,39.99,39.44,39.99,10676
2017-04-12,39.97,39.97,39.39,39.44,32132
2017-04-13,39.39,39.54,39.08,39.11,22114
2017-04-17,39.23,39.56,39.17,39.52,18031
2017-04-18,39.66,39.71,39.42,39.68,94546
2017-04-19,39.83,40.13,39.8,39.94,12567
2017-04-20,40.22,40.65,40.15,40.65,11568
2017-04-21,40.55,40.6,40.35,40.45,11903
2017-04-24,40.65,41.29,40.65,41.23,38973
2017-04-25,41.67,41.9,41.5,41.77,33908
2017-04-26,41.62,42.07,41.62,41.88,38495
2017-04-27,41.93,42.16,41.83,41.84,10784
2017-04-28,41.79,41.82,41.41,41.41,15563
2017-05-01,41.62,42.06,41.5,41.98,14645
2017-05-02,41.91,41.91,41.42,41.52,41958
2017-05-03,41.44,41.45,41.12,41.36,11980
2017-05-04,41.65,41.65,41.18,41.3,10122
2017-05-05,41.42,41.51,41.11,41.51,13519
2017-05-08,41.47,41.47,41.21,41.28,21472
2017-05-09,41.48,41.54,41.29,41.46,21708
2017-05-10,41.35,41.66,41.23,41.6,96789
2017-05-11,41.59,41.64,41.08,41.46,27671
2017-05-12,41.28,41.54,41.23,41.27,4842
2017-05-15,41.53,41.68,41.5,41.56,23403
2017-05-16,41.73,41.73,41.34,41.72,14609
2017-05-17,41.11,41.11,40.26,40.43,26740
2017-05-18,40.05,40.72,40.05,40.6,36660
2017-05-19,40.9,40.9,40.59,40.6,5834
2017-05-22,40.64,41.1,40.64,41.05,40477
2017-05-23,41.04,41.27,40.76,41.21,92622
2017-05-24,41.18,41.28,40.95,41.13,164832
2017-05-25,41.26,41.49,41.09,41.31,18206
2017-05-26,41.12,41.35,41.09,41.3,54666
2017-05-30,41.17,41.25,40.88,40.91,7983
2017-05-31,40.77,41.06,40.47,40.98,13476
2017-06-01,41.11,41.75,41.11,41.75,8660
2017-06-02,41.78,42.58,41.78,42.2,11884
2017-06-05,42.25,42.31,41.91,41.91,9475
2017-06-06,41.73,42.24,41.73,42.03,20850
2017-06-07,42.0,42.19,42.0,42.18,9771
2017-06-08,42.13,42.87,42.13,42.78,15229
2017-06-09,43.0,43.48,42.39,42.59,23437
2017-06-12,42.57,42.57,42.15,42.31,17137
2017-06-13,42.61,42.65,42.38,42.56,11505
2017-06-14,42.38,42.51,42.09,42.29,18778
2017-06-15,42.02,42.29,41.98,42.16,8140
2017-06-16,42.16,42.16,41.95,42.04,12190
2017-06-19,42.52,42.7,42.47,42.57,10017
2017-06-20,42.67,42.67,42.17,42.17,15398
2017-06-21,42.23,42.57,42.23,42.45,7120
2017-06-22,42.28,42.52,42.26,42.4,53720
2017-06-23,42.42,42.93,42.31,42.84,8278
2017-06-26,43.26,43.26,42.81,42.87,17972
2017-06-27,42.84,43.05,42.23,42.23,10932
2017-06-28,42.76,43.3,42.76,43.25,17565
2017-06-29,43.5,43.5,42.63,42.93,10888
2017-06-30,42.81,43.03,42.71,42.71,14113
2017-07-03,42.96,42.96,42.76,42.92,15725
2017-07-05,42.9,43.01,42.56,42.89,17012
2017-07-06,42.76,42.76,42.26,42.26,6836
2017-07-07,42.23,43.0,42.23,42.98,22551
2017-07-10,43.01,43.06,42.54,42.81,9790
2017-07-11,42.92,43.07,42.84,42.99,11843
2017-07-12,43.38,43.7,43.38,43.51,36015
2017-07-13,43.44,43.6,43.25,43.45,14685
2017-07-14,43.41,43.84,43.41,43.7,7818
2017-07-17,43.77,43.81,43.57,43.57,14819
2017-07-18,43.41,43.76,43.37,43.7,6517
2017-07-19,43.83,44.25,43.83,44.23,53107
2017-07-20,44.18,44.22,44.06,44.2,15634
2017-07-21,43.87,44.13,43.87,44.02,10688
2017-07-24,43.91,44.41,43.88,44.4,5062
2017-07-25,44.57,44.6,44.36,44.5,12309
2017-07-26,44.54,44.68,44.44,44.44,19599
2017-07-27,44.53,44.67,43.63,43.86,6623
2017-07-28,43.72,44.06,43.62,44.05,29344
2017-07-31,44.04,44.04,43.76,43.91,20555
2017-08-01,44.08,44.12,43.73,43.86,11692
