Date,Open,High,Low,Close,Volume
2015-04-29,20.0,22.46,20.0,21.5,9687109
2015-04-30,21.39,22.07,21.15,21.19,1016396
2015-05-01,21.25,21.6,20.0,21.4,606416
2015-05-04,21.76,21.84,21.06,21.26,118182
2015-05-05,21.29,21.56,21.25,21.35,78318
2015-05-06,21.35,21.35,21.06,21.16,103560
2015-05-07,21.15,21.5,20.91,21.19,77271
2015-05-08,21.33,21.94,21.33,21.75,208642
2015-05-11,21.75,21.75,21.51,21.65,159629
2015-05-12,21.51,21.76,21.1,21.18,122759
2015-05-13,21.59,21.59,21.0,21.03,139853
2015-05-14,21.05,21.24,20.61,20.85,84129
2015-05-15,20.69,21.07,20.69,21.01,72263
2015-05-18,21.0,22.26,20.32,20.34,74411
2015-05-19,20.5,20.65,20.34,20.57,21679
2015-05-20,20.49,20.82,20.01,20.1,44619
2015-05-21,20.1,20.67,20.1,20.67,41208
2015-05-22,20.54,21.1,20.54,21.1,104697
2015-05-26,21.1,21.49,20.95,20.96,206069
2015-05-27,21.01,21.17,20.85,20.89,41151
2015-05-28,20.9,20.92,20.06,20.33,159110
2015-05-29,20.32,20.79,20.25,20.36,77074
2015-06-01,20.28,20.72,20.25,20.45,82120
2015-06-02,20.61,20.69,20.02,20.1,354333
2015-06-03,20.1,20.35,20.07,20.25,141325
2015-06-04,20.05,20.29,18.04,19.26,652692
2015-06-05,19.16,19.97,19.16,19.82,159333
2015-06-08,19.96,20.03,19.53,19.9,74200
2015-06-09,19.99,20.2,19.76,19.8,71746
2015-06-10,20.0,20.14,19.84,19.94,28607
2015-06-11,20.0,20.0,19.0,19.06,147212
2015-06-12,19.04,19.25,18.76,19.03,93211
2015-06-15,19.0,19.21,18.9,19.16,87267
2015-06-16,19.01,19.22,18.72,18.9,76490
2015-06-17,18.99,19.83,18.83,19.22,111252
2015-06-18,19.22,19.72,18.93,19.55,52450
2015-06-19,19.55,19.59,19.0,19.56,53002
2015-06-22,19.7,19.7,18.86,18.9,49555
2015-06-23,18.95,19.08,18.18,18.45,82184
2015-06-24,18.47,18.9,18.47,18.74,43751
2015-06-25,18.73,18.76,18.02,18.04,106411
2015-06-26,18.03,18.4,17.83,18.14,58911
2015-06-29,18.25,18.25,17.71,18.04,42295
2015-06-30,18.04,18.31,17.73,18.09,53735
2015-07-01,18.08,18.4,17.97,18.25,33183
2015-07-02,17.99,18.52,17.99,18.52,14612
2015-07-06,18.3,18.48,18.05,18.27,19751
2015-07-07,18.4,18.4,18.1,18.25,35349
2015-07-08,18.15,18.19,16.79,16.92,110280
2015-07-09,17.35,17.44,16.92,16.93,91670
2015-07-10,17.1,17.18,16.6,16.64,85149
2015-07-13,16.65,17.41,16.55,16.73,40900
2015-07-14,16.77,17.19,16.77,16.96,69290
2015-07-15,17.01,17.35,16.8,16.93,26859
2015-07-16,16.98,17.03,16.7,16.89,64101
2015-07-17,16.74,17.07,16.68,16.68,167764
2015-07-20,16.73,16.75,16.53,16.55,57417
2015-07-21,16.4,16.59,16.13,16.14,101026
2015-07-22,16.18,16.25,15.56,15.98,78714
2015-07-23,15.92,16.09,15.55,15.99,33939
2015-07-24,15.84,15.92,15.6,15.68,23981
2015-07-27,15.86,15.96,15.5,15.53,17136
2015-07-28,15.58,15.75,15.01,15.21,58984
2015-07-29,15.07,15.23,14.75,14.95,293412
2015-07-30,15.0,15.27,14.9,14.94,47747
2015-07-31,14.94,15.85,14.94,15.45,105947
2015-08-03,15.4,16.98,15.4,16.29,82969
2015-08-04,16.0,16.23,15.81,15.87,137481
2015-08-05,16.09,16.39,15.76,15.82,54312
2015-08-06,16.0,16.12,15.46,15.5,124542
2015-08-07,15.75,16.06,15.16,15.16,114178
2015-08-10,15.37,15.75,15.09,15.21,286079
2015-08-11,15.2,15.39,14.5,14.87,190905
2015-08-12,14.56,15.24,14.51,14.91,162290
2015-08-13,15.1,15.22,14.9,14.95,108777
2015-08-14,15.12,15.24,14.93,15.11,60624
2015-08-17,15.17,15.28,15.0,15.07,30429
2015-08-18,15.07,15.12,14.54,14.6,68106
2015-08-19,14.47,14.59,14.2,14.34,57380
2015-08-20,14.34,14.39,14.16,14.16,54456
2015-08-21,14.17,14.18,13.91,14.04,32623
2015-08-24,13.52,13.79,13.16,13.49,192187
2015-08-25,13.72,13.72,12.89,13.05,20881
2015-08-26,13.01,13.01,12.01,12.32,236384
2015-08-27,12.59,13.6,12.33,12.49,332512
2015-08-28,12.62,12.92,12.25,12.51,229741
2015-08-31,12.5,13.34,12.5,13.05,101588
2015-09-01,12.75,13.1,12.75,12.96,30657
2015-09-02,13.4,13.4,12.81,12.9,54683
2015-09-03,12.77,13.06,12.66,12.78,70027
2015-09-04,12.78,12.9,12.6,12.68,31055
2015-09-08,12.79,13.13,12.75,12.84,147312
2015-09-09,13.0,13.11,12.2,12.58,106509
2015-09-10,12.53,12.55,12.1,12.47,79804
2015-09-11,12.5,12.64,12.25,12.43,47844
2015-09-14,12.66,13.06,12.5,12.5,148035
2015-09-15,12.54,12.7,12.4,12.48,288274
2015-09-16,12.57,12.68,12.45,12.5,252680
2015-09-17,12.52,12.59,12.29,12.36,105580
2015-09-18,12.4,12.7,12.4,12.48,111258
2015-09-21,12.5,12.6,12.33,12.47,89720
2015-09-22,12.35,12.47,12.07,12.41,182794
2015-09-23,12.45,12.48,12.23,12.41,120410
2015-09-24,12.44,12.58,12.24,12.52,92247
2015-09-25,12.51,12.58,12.34,12.42,173261
2015-09-28,12.45,12.46,12.16,12.22,121108
2015-09-29,12.21,12.21,11.93,11.96,146309
2015-09-30,12.03,12.6,11.85,12.5,165548
2015-10-01,12.38,12.7,12.13,12.4,220522
2015-10-02,12.22,12.44,12.22,12.38,60199
2015-10-05,12.53,13.22,12.53,12.96,191738
2015-10-06,12.96,13.6,12.82,13.56,302444
2015-10-07,13.75,14.64,13.75,14.4,93882
2015-10-08,14.39,14.55,14.14,14.33,64824
2015-10-09,14.46,14.74,13.8,14.08,124621
2015-10-12,14.34,14.61,13.71,13.79,27445
2015-10-13,13.72,14.1,13.39,13.84,85240
2015-10-14,13.88,14.35,13.6,14.15,68901
2015-10-15,14.21,14.89,13.95,14.77,104499
2015-10-16,15.02,15.31,14.73,15.25,57353
2015-10-19,15.38,15.38,14.73,15.07,22101
2015-10-20,15.14,15.14,14.76,14.84,11154
2015-10-21,14.82,15.07,14.38,14.99,64711
2015-10-22,14.99,15.02,14.47,14.55,8468
2015-10-23,14.8,15.34,14.67,14.78,46410
2015-10-26,14.66,15.05,14.6,14.7,27638
2015-10-27,14.67,14.73,14.22,14.5,129704
2015-10-28,14.7,14.7,14.17,14.43,162108
2015-10-29,14.58,14.82,14.11,14.26,81923
2015-10-30,14.26,15.35,13.85,15.3,87708
2015-11-02,15.28,15.85,15.11,15.29,70302
2015-11-03,15.27,15.86,14.9,15.7,44988
2015-11-04,15.78,15.87,15.16,15.53,28658
2015-11-05,15.87,15.87,15.5,15.67,62356
2015-11-06,15.79,15.81,15.58,15.81,27413
2015-11-09,16.2,16.99,16.18,16.7,293809
2015-11-10,16.85,17.16,16.0,16.22,146000
2015-11-11,16.45,16.85,16.14,16.7,142505
2015-11-12,16.81,17.44,16.52,17.11,104771
2015-11-13,17.0,17.0,16.07,16.26,118287
2015-11-16,16.2,16.25,15.76,16.0,130840
2015-11-17,16.1,16.2,15.69,16.19,62947
2015-11-18,16.2,16.42,16.02,16.08,51151
2015-11-19,15.97,16.5,15.97,16.34,85662
2015-11-20,16.23,16.62,15.78,15.97,24643
2015-11-23,15.83,15.9,15.29,15.39,61038
2015-11-24,15.52,15.8,15.02,15.1,27785
2015-11-25,15.18,15.52,14.61,15.44,38416
2015-11-27,15.55,15.55,15.25,15.33,5220
2015-11-30,15.49,15.61,14.98,15.31,64274
2015-12-01,15.25,16.17,15.25,15.39,65961
2015-12-02,15.35,15.64,14.51,14.64,65631
2015-12-03,14.66,15.38,14.06,14.89,66192
2015-12-04,14.93,15.85,14.04,15.76,101507
2015-12-07,15.8,16.25,13.4,16.15,205606
2015-12-08,15.79,15.87,14.7,15.7,93185
2015-12-09,15.77,16.06,14.66,14.9,58585
2015-12-10,14.85,15.36,14.75,15.32,22485
2015-12-11,15.02,15.27,14.65,14.84,119726
2015-12-14,14.9,16.0,14.3,14.48,162215
2015-12-15,14.54,15.2,14.39,14.44,159545
2015-12-16,14.51,15.01,14.3,14.38,154746
2015-12-17,14.5,14.6,14.01,14.2,104360
2015-12-18,14.02,14.62,14.02,14.14,63921
2015-12-21,14.3,14.37,14.2,14.27,92854
2015-12-22,14.28,15.96,13.94,15.65,614971
2015-12-23,15.54,16.97,15.18,16.87,100806
2015-12-24,17.0,17.18,16.9,17.09,20787
2015-12-28,17.1,17.28,16.72,16.87,49109
2015-12-29,16.85,17.06,16.39,16.89,35182
2015-12-30,16.75,17.18,16.75,17.15,28337
2015-12-31,17.02,18.17,17.02,18.15,41318
2016-01-04,17.95,18.3,17.5,17.69,38900
2016-01-05,18.11,18.3,17.5,17.61,67654
2016-01-06,17.6,17.94,17.52,17.74,27493
2016-01-07,17.36,17.73,17.36,17.57,37339
2016-01-08,17.61,18.1,16.8,17.01,87100
2016-01-11,17.15,17.64,15.75,15.86,341541
2016-01-12,15.9,16.44,15.9,15.95,78042
2016-01-13,16.14,16.96,15.51,16.23,159134
2016-01-14,16.13,16.73,15.72,15.72,200170
2016-01-15,15.5,15.7,15.11,15.45,106643
2016-01-19,15.46,16.24,15.0,15.17,73511
2016-01-20,14.85,14.85,13.73,14.09,275948
2016-01-21,14.27,15.15,13.86,14.72,114311
2016-01-22,15.79,16.69,15.13,16.31,92657
2016-01-25,16.73,17.86,16.73,17.34,490726
2016-01-26,17.5,17.61,17.15,17.43,105965
2016-01-27,17.5,17.54,17.35,17.38,117179
2016-01-28,17.55,17.79,17.5,17.73,161329
2016-01-29,17.9,18.99,17.8,18.94,159820
2016-02-01,19.14,19.25,18.17,18.45,139272
2016-02-02,18.25,18.49,17.86,18.33,150734
2016-02-03,18.53,18.73,17.88,18.19,115264
2016-02-04,18.36,19.3,18.28,19.25,148222
2016-02-05,19.34,19.34,18.55,18.87,74080
2016-02-08,18.2,18.67,18.2,18.44,91518
2016-02-09,18.37,18.42,17.83,17.96,103268
2016-02-10,18.16,18.25,17.84,17.97,41567
2016-02-11,17.85,18.32,17.6,18.32,171526
2016-02-12,17.86,18.09,17.6,17.92,78699
2016-02-16,17.95,18.29,17.81,18.1,82322
2016-02-17,18.13,18.75,17.93,18.42,145375
2016-02-18,18.87,18.87,18.34,18.58,153972
2016-02-19,18.82,18.82,18.01,18.3,78466
2016-02-22,18.5,18.88,18.5,18.7,150689
2016-02-23,18.63,18.82,18.43,18.55,123955
2016-02-24,18.45,18.79,18.1,18.61,83179
2016-02-25,18.65,19.29,18.5,19.05,145334
2016-02-26,19.26,19.27,18.55,18.66,69632
2016-02-29,18.74,19.87,18.66,19.39,179898
2016-03-01,19.72,19.9,19.29,19.64,229079
2016-03-02,19.64,19.87,19.55,19.84,102914
2016-03-03,19.9,20.99,19.76,20.98,277665
2016-03-04,20.99,21.4,19.8,20.37,235834
2016-03-07,20.28,21.26,20.14,21.14,135578
2016-03-08,20.9,20.9,18.84,19.75,169170
2016-03-09,19.67,21.18,19.12,19.71,196926
2016-03-10,20.0,21.24,19.87,21.09,125778
2016-03-11,21.09,22.6,21.08,21.95,198450
2016-03-14,21.95,21.95,19.62,20.03,349071
2016-03-15,19.44,20.58,18.66,20.5,246907
2016-03-16,20.61,21.13,20.03,21.01,159083
2016-03-17,21.18,21.49,21.09,21.44,61435
2016-03-18,21.59,21.64,20.75,21.63,302335
2016-03-21,21.44,21.86,21.05,21.86,100147
2016-03-22,21.85,21.96,21.37,21.46,119347
2016-03-23,21.3,21.65,21.06,21.33,61705
2016-03-24,20.66,21.55,19.53,21.49,186850
2016-03-28,21.64,21.93,21.21,21.89,65391
2016-03-29,21.79,22.14,21.39,21.94,99038
2016-03-30,22.05,22.08,21.75,21.88,69808
2016-03-31,21.9,22.05,21.67,21.72,33316
2016-04-01,21.67,21.67,20.75,20.94,113839
2016-04-04,21.01,21.3,20.5,20.96,154821
2016-04-05,20.97,21.62,20.64,21.04,70064
2016-04-06,21.08,21.49,20.92,21.25,15328
2016-04-07,21.2,21.7,21.12,21.46,37629
2016-04-08,21.7,21.8,20.9,20.91,34753
2016-04-11,21.02,21.35,20.75,21.25,40143
2016-04-12,21.31,21.42,20.84,21.26,61675
2016-04-13,21.25,21.7,21.09,21.3,28580
2016-04-14,21.26,21.34,20.96,21.08,23040
2016-04-15,21.0,21.23,20.75,21.0,44471
2016-04-18,21.03,21.31,20.8,21.12,121598
2016-04-19,21.12,21.28,21.0,21.26,51671
2016-04-20,21.25,21.27,20.95,21.0,91638
2016-04-21,20.91,21.19,20.81,20.96,49400
2016-04-22,21.0,21.23,20.95,21.0,88586
2016-04-25,21.15,21.15,20.9,21.04,62275
2016-04-26,21.22,21.75,21.02,21.14,126266
2016-04-27,21.18,22.9,21.01,22.67,85196
2016-04-28,22.63,23.2,22.55,23.2,96730
2016-04-29,23.08,23.1,22.11,22.71,66443
2016-05-02,22.83,22.99,22.3,22.74,60761
2016-05-03,22.62,22.62,21.4,21.72,118594
2016-05-04,21.68,22.83,21.35,22.57,101957
2016-05-05,22.89,23.04,21.62,22.06,121572
2016-05-06,22.06,22.43,21.73,22.09,64956
2016-05-09,22.18,22.74,22.0,22.34,95456
2016-05-10,22.4,23.05,22.34,23.0,132370
2016-05-11,23.13,23.59,22.61,22.83,79199
2016-05-12,22.5,22.5,21.31,21.61,80915
2016-05-13,21.6,22.5,21.6,21.89,49744
2016-05-16,22.0,22.23,21.7,21.83,33176
2016-05-17,21.85,22.65,21.85,22.58,67911
2016-05-18,22.34,22.67,22.13,22.19,33184
2016-05-19,22.13,22.79,22.01,22.49,82362
2016-05-20,22.79,23.44,22.6,23.0,74074
2016-05-23,23.12,23.6,23.01,23.06,82132
2016-05-24,23.24,23.99,23.2,23.99,122986
2016-05-25,23.74,23.95,22.89,23.19,87919
2016-05-26,23.37,23.37,22.5,22.78,98157
2016-05-27,22.94,23.1,22.71,22.85,41004
2016-05-31,23.0,23.16,22.67,22.88,32985
2016-06-01,22.91,23.0,22.65,22.83,62786
2016-06-02,23.0,24.64,22.91,24.2,166700
2016-06-03,24.39,24.59,24.05,24.2,62908
2016-06-06,24.3,24.5,23.68,24.2,105061
2016-06-07,24.4,24.42,24.14,24.25,57652
2016-06-08,24.53,24.86,24.41,24.5,88578
2016-06-09,24.63,24.73,24.14,24.2,65045
2016-06-10,24.2,24.41,23.75,23.95,117738
2016-06-13,23.9,23.9,23.25,23.36,83559
2016-06-14,23.26,23.75,22.34,22.35,132077
2016-06-15,22.44,22.93,22.01,22.15,124773
2016-06-16,22.09,22.55,22.02,22.04,81519
2016-06-17,22.12,22.36,22.04,22.22,65054
2016-06-20,22.59,23.25,22.59,22.9,165176
2016-06-21,23.18,23.42,23.06,23.11,182804
2016-06-22,23.4,23.4,22.77,23.02,130776
2016-06-23,23.38,23.42,22.9,23.15,78171
2016-06-24,22.75,23.1,22.27,22.47,145792
2016-06-27,22.27,22.27,19.3,19.81,382703
2016-06-28,20.03,21.99,20.03,21.28,289770
2016-06-29,21.75,23.0,21.57,21.88,222035
2016-06-30,22.08,23.09,22.07,22.76,174736
2016-07-01,22.99,23.9,22.99,23.84,112603
2016-07-05,23.6,23.6,22.47,22.56,192524
2016-07-06,22.5,23.28,21.81,22.13,183903
2016-07-07,22.16,22.71,22.0,22.02,97953
2016-07-08,22.27,22.86,22.0,22.21,132014
2016-07-11,22.41,22.71,22.22,22.48,94835
2016-07-12,22.77,23.29,22.32,23.17,154667
2016-07-13,23.24,23.24,22.67,23.09,48742
2016-07-14,23.01,23.02,22.52,22.88,143143
2016-07-15,22.79,22.85,22.36,22.38,94831
2016-07-18,22.38,22.56,21.95,22.01,140380
2016-07-19,22.06,22.52,22.0,22.01,98425
2016-07-20,22.04,22.4,21.74,22.15,73009
2016-07-21,22.12,22.2,21.86,22.19,64428
2016-07-22,22.2,22.2,21.53,21.71,150034
2016-07-25,21.59,21.67,21.25,21.52,91695
2016-07-26,21.41,21.7,21.02,21.15,113321
2016-07-27,21.18,21.96,21.18,21.83,72788
2016-07-28,21.79,21.99,21.18,21.2,100004
2016-07-29,21.35,21.99,21.23,21.82,76506
2016-08-01,21.9,22.01,21.7,21.95,54845
2016-08-02,21.96,22.18,21.77,21.92,59600
2016-08-03,21.89,22.43,21.89,22.42,83955
2016-08-04,22.7,23.99,22.66,23.42,237041
2016-08-05,24.0,24.27,23.54,23.56,126606
2016-08-08,23.98,25.18,23.75,24.83,308878
2016-08-09,24.72,24.9,24.21,24.66,144085
2016-08-10,24.57,24.75,24.15,24.49,105595
2016-08-11,23.97,24.31,23.51,23.75,69910
2016-08-12,23.75,23.78,22.82,23.0,137710
2016-08-15,23.44,23.79,23.02,23.57,166873
2016-08-16,23.71,24.1,23.4,24.1,117272
2016-08-17,24.1,24.42,23.73,24.21,107392
2016-08-18,24.42,24.44,24.02,24.18,127724
2016-08-19,24.02,24.26,23.81,24.26,144386
2016-08-22,24.36,24.86,24.13,24.6,278679
2016-08-23,24.67,24.93,24.45,24.57,142924
2016-08-24,24.73,24.8,24.19,24.35,96274
2016-08-25,24.33,24.53,24.14,24.41,78496
2016-08-26,24.4,24.6,24.26,24.44,107968
2016-08-29,24.61,25.6,24.5,25.33,268329
2016-08-30,25.09,25.47,25.0,25.3,158701
2016-08-31,25.4,25.48,25.16,25.47,89622
2016-09-01,25.4,25.51,24.98,25.32,85494
2016-09-02,25.54,25.61,25.09,25.28,90886
2016-09-06,25.29,25.31,25.05,25.15,72025
2016-09-07,25.25,25.25,24.53,24.81,111776
2016-09-08,24.97,24.97,24.58,24.77,103189
2016-09-09,24.7,24.7,23.9,24.11,129246
2016-09-12,24.1,25.8,24.05,25.76,291279
2016-09-13,25.75,26.5,25.48,25.9,240195
2016-09-14,26.21,26.98,26.11,26.95,261199
2016-09-15,27.19,27.19,26.25,26.8,147463
2016-09-16,26.79,27.0,26.33,27.0,122647
2016-09-19,27.18,27.18,26.51,26.85,143237
2016-09-20,26.95,26.95,26.43,26.61,66075
2016-09-21,26.84,26.84,26.11,26.5,111577
2016-09-22,26.56,26.66,26.0,26.11,107843
2016-09-23,26.26,26.43,26.0,26.21,54916
2016-09-26,26.35,27.13,26.13,26.79,182033
2016-09-27,26.8,27.2,26.53,27.19,96394
2016-09-28,27.37,27.8,27.26,27.75,105643
2016-09-29,27.8,28.4,27.75,27.87,207876
2016-09-30,28.21,28.32,26.78,26.99,125208
2016-10-03,27.1,27.15,26.45,26.91,83584
2016-10-04,27.07,27.07,26.69,26.76,55598
2016-10-05,26.76,27.02,26.56,27.01,52138
2016-10-06,27.18,27.67,27.15,27.6,75093
2016-10-07,27.79,27.83,27.03,27.15,50576
2016-10-10,27.44,27.73,27.21,27.42,43959
2016-10-11,27.5,27.5,26.97,27.05,94459
2016-10-12,27.05,27.19,26.75,26.93,68174
2016-10-13,26.76,26.76,26.11,26.52,60574
2016-10-14,26.67,26.84,26.44,26.45,31693
2016-10-17,26.46,27.32,26.46,26.8,53512
2016-10-18,27.29,28.59,27.0,27.47,175407
2016-10-19,27.66,27.93,27.09,27.19,87384
2016-10-20,27.29,27.35,26.72,26.89,91944
2016-10-21,26.99,28.0,26.9,27.93,87531
2016-10-24,27.93,28.0,27.4,27.46,91701
2016-10-25,27.68,27.93,27.56,27.69,69303
2016-10-26,27.25,27.72,27.05,27.19,58859
2016-10-27,27.37,27.65,27.16,27.65,51189
2016-10-28,27.48,27.59,27.12,27.23,62326
2016-10-31,27.2,27.58,27.06,27.25,56129
2016-11-01,27.55,28.0,26.8,26.85,77414
2016-11-02,27.05,29.65,26.81,28.05,350943
2016-11-03,27.75,27.79,27.05,27.25,119895
2016-11-04,27.7,28.19,27.0,27.0,127755
2016-11-07,28.0,29.0,27.5,28.1,187230
2016-11-08,28.65,29.85,28.15,28.9,176984
2016-11-09,27.5,28.6,27.05,27.65,185868
2016-11-10,27.7,27.9,24.9,26.5,322920
2016-11-11,26.15,26.15,24.45,25.9,325981
2016-11-14,25.75,25.9,24.75,25.3,233169
2016-11-15,25.3,26.05,24.86,26.05,164002
2016-11-16,25.85,26.35,25.85,26.15,56235
2016-11-17,26.5,26.91,26.35,26.8,74022
2016-11-18,26.7,26.95,26.51,26.55,56300
2016-11-21,26.6,26.95,26.5,26.55,50884
2016-11-22,26.65,26.9,26.4,26.5,53158
2016-11-23,26.6,27.5,26.6,27.45,69902
2016-11-25,27.15,27.65,27.05,27.3,28886
2016-11-28,27.55,28.3,27.55,28.0,128812
2016-11-29,28.0,28.35,27.76,27.85,65555
2016-11-30,28.2,28.45,28.1,28.2,77439
2016-12-01,28.15,28.7,27.75,28.05,63132
2016-12-02,28.0,28.85,27.61,28.6,185743
2016-12-05,28.4,28.95,28.3,28.55,58627
2016-12-06,28.45,28.77,28.4,28.4,30917
2016-12-07,28.6,28.84,28.36,28.45,37706
2016-12-08,28.5,28.71,27.75,27.75,74998
2016-12-09,27.75,28.1,27.35,27.8,80828
2016-12-12,28.0,28.0,26.5,27.3,515867
2016-12-13,27.45,27.71,26.75,27.1,57491
2016-12-14,27.25,27.5,26.5,26.6,61158
2016-12-15,26.85,28.05,26.4,26.4,60502
2016-12-16,26.45,26.74,25.9,26.0,81810
2016-12-19,26.0,26.4,25.75,25.75,67454
2016-12-20,25.75,26.95,25.75,26.85,56783
2016-12-21,27.05,27.05,26.69,26.85,73859
2016-12-22,27.0,27.32,26.63,26.7,42505
2016-12-23,26.7,27.2,26.6,26.9,39070
2016-12-27,27.0,27.15,26.8,26.95,48309
2016-12-28,27.0,27.0,26.75,26.75,46153
2016-12-29,26.95,27.05,26.55,26.55,65054
2016-12-30,26.75,26.95,26.6,26.8,71076
2017-01-03,26.8,27.05,26.6,26.75,54945
2017-01-04,26.85,27.38,26.85,27.2,33353
2017-01-05,27.4,27.5,27.0,27.2,146928
2017-01-06,27.5,27.75,27.2,27.7,46769
2017-01-09,28.2,28.35,27.2,27.3,83735
2017-01-10,27.15,27.8,27.0,27.75,42634
2017-01-11,27.7,28.18,27.4,27.45,51157
2017-01-12,27.65,27.84,27.0,27.25,116536
2017-01-13,27.35,27.75,27.1,27.75,132389
2017-01-17,27.9,27.9,27.63,27.9,41661
2017-01-18,27.9,28.1,27.7,27.7,105331
2017-01-19,27.8,27.9,27.15,27.5,68446
2017-01-20,27.45,27.7,27.2,27.25,188604
2017-01-23,27.25,27.35,26.65,26.8,387621
2017-01-24,26.9,27.15,26.8,26.95,57747
2017-01-25,26.95,27.2,26.75,26.95,205107
2017-01-26,26.8,27.0,26.4,26.7,234430
2017-01-27,26.8,26.97,26.45,26.5,82838
2017-01-30,26.5,26.5,26.09,26.3,91073
2017-01-31,26.4,26.45,25.75,25.9,91579
2017-02-01,25.95,26.08,25.06,25.25,148219
2017-02-02,25.3,25.45,24.6,25.0,482404
2017-02-03,25.0,26.7,24.9,26.55,147736
2017-02-06,26.75,27.1,26.15,26.75,507057
2017-02-07,26.9,27.55,26.8,27.45,141985
2017-02-08,27.6,28.12,27.3,28.0,125151
2017-02-09,28.0,28.4,27.75,28.35,98522
2017-02-10,28.35,28.72,28.15,28.2,178942
2017-02-13,27.95,27.99,27.0,27.15,114479
2017-02-14,27.05,27.55,27.05,27.55,33756
2017-02-15,27.5,28.15,27.3,28.05,58314
2017-02-16,28.0,28.1,27.2,27.3,81258
2017-02-17,27.35,27.4,26.85,27.15,42773
2017-02-21,27.15,28.0,27.05,28.0,308210
2017-02-22,28.0,28.1,27.8,27.95,57255
2017-02-23,27.95,29.05,27.5,28.5,169916
2017-02-24,28.1,28.5,27.55,27.75,91447
2017-02-27,27.7,28.3,27.65,27.75,107446
2017-02-28,27.9,27.9,27.05,27.2,103468
2017-03-01,27.55,28.12,27.25,27.5,114387
2017-03-02,27.65,28.2,27.6,27.75,250685
2017-03-03,27.95,28.65,27.85,28.4,102122
2017-03-06,28.65,29.98,28.65,29.4,202000
2017-03-07,29.5,29.5,28.95,29.2,82651
2017-03-08,29.5,29.55,28.65,28.75,120401
2017-03-09,28.6,29.45,28.56,28.95,90876
2017-03-10,29.1,29.28,28.68,29.1,46460
2017-03-13,29.1,29.35,28.75,29.05,71992
2017-03-14,28.95,28.95,28.1,28.6,87864
2017-03-15,28.75,28.75,28.35,28.55,46091
2017-03-16,28.6,28.7,28.3,28.5,35996
2017-03-17,28.55,28.95,28.3,28.35,64722
2017-03-20,28.6,28.96,28.4,28.9,40703
2017-03-21,29.0,29.0,28.4,28.5,52793
2017-03-22,28.35,28.56,27.95,28.1,88929
2017-03-23,28.05,28.29,27.6,27.7,96156
2017-03-24,27.85,27.9,27.5,27.55,115261
2017-03-27,27.5,28.05,27.26,27.9,102619
2017-03-28,27.75,28.25,27.4,28.1,97899
2017-03-29,28.0,28.85,27.88,28.4,67241
2017-03-30,28.6,28.75,27.4,27.55,121385
2017-03-31,27.6,28.1,27.46,28.1,48861
2017-04-03,28.1,28.2,27.6,27.65,57064
2017-04-04,27.7,28.4,27.5,28.2,86480
2017-04-05,28.25,28.7,27.85,28.0,89134
2017-04-06,28.15,28.6,28.0,28.4,66428
2017-04-07,28.4,28.6,27.85,27.95,70261
2017-04-10,27.95,29.35,27.95,29.2,133343
2017-04-11,29.1,29.2,28.65,29.15,103218
2017-04-12,29.05,29.05,28.25,28.45,91058
2017-04-13,28.35,28.55,28.15,28.2,87464
2017-04-17,28.4,29.05,28.1,28.9,132425
2017-04-18,29.0,29.5,28.56,29.45,135590
2017-04-19,29.5,29.6,29.0,29.05,98136
2017-04-20,29.15,29.6,29.1,29.4,101122
2017-04-21,29.45,29.55,29.25,29.4,99482
2017-04-24,29.65,29.65,29.21,29.3,35065
2017-04-25,29.4,29.6,29.3,29.5,108874
2017-04-26,29.5,30.6,29.47,29.65,200080
2017-04-27,29.75,29.95,29.15,29.95,147735
2017-04-28,30.0,30.0,29.1,29.15,35157
2017-05-01,29.1,29.15,27.6,28.0,360906
2017-05-02,27.85,28.0,27.05,27.35,174419
2017-05-03,27.45,28.1,26.76,28.0,168333
2017-05-04,28.15,28.21,27.63,27.75,72406
2017-05-05,27.9,28.4,27.78,28.35,51481
2017-05-08,28.5,28.5,28.05,28.25,56261
2017-05-09,28.35,28.4,27.75,28.05,43963
2017-05-10,28.1,28.6,27.85,27.85,76878
2017-05-11,27.95,28.5,27.95,28.4,50627
2017-05-12,28.65,28.65,28.35,28.4,31901
2017-05-15,28.45,28.95,28.31,28.9,94886
2017-05-16,28.55,28.75,27.9,28.15,45759
2017-05-17,27.85,28.0,27.54,27.65,62483
2017-05-18,27.6,28.1,27.4,28.1,65915
2017-05-19,28.05,28.4,27.65,27.75,57945
2017-05-22,27.6,27.85,27.3,27.85,58096
2017-05-23,27.9,27.95,27.55,27.9,29757
2017-05-24,27.75,28.0,27.6,27.6,37615
2017-05-25,27.6,27.9,27.5,27.8,33557
2017-05-26,27.75,28.0,27.72,27.9,27297
2017-05-30,28.1,28.18,27.75,27.9,51860
2017-05-31,28.0,28.1,27.76,28.1,36412
2017-06-01,28.15,28.5,27.9,27.9,72515
2017-06-02,27.8,28.1,27.44,27.55,108523
2017-06-05,27.6,27.96,27.55,27.55,57951
2017-06-06,27.55,27.8,27.5,27.75,41191
2017-06-07,27.75,27.8,26.32,26.45,219104
2017-06-08,26.65,27.19,26.65,26.95,63986
2017-06-09,27.05,27.6,27.05,27.6,39518
2017-06-12,27.65,27.75,27.35,27.5,19351
2017-06-13,27.6,27.85,27.5,27.55,46744
2017-06-14,27.8,27.95,27.6,27.95,50930
2017-06-15,27.8,27.95,27.6,27.65,31217
2017-06-16,27.9,28.4,27.4,28.2,64558
2017-06-19,28.15,28.15,27.25,27.25,59023
2017-06-20,27.2,27.5,26.7,27.4,75540
2017-06-21,27.3,27.3,26.65,26.8,93497
2017-06-22,26.75,27.25,26.55,26.85,77397
2017-06-23,26.85,27.2,26.78,27.15,22128
2017-06-26,27.05,27.4,26.91,27.35,54986
2017-06-27,27.35,27.5,27.25,27.3,25096
2017-06-28,27.25,27.8,27.18,27.7,50833
2017-06-29,27.8,27.85,27.2,27.6,21629
2017-06-30,27.45,27.75,27.2,27.5,45653
2017-07-03,27.3,27.55,27.18,27.35,28522
2017-07-05,27.45,27.6,27.3,27.5,28450
2017-07-06,27.5,27.6,27.25,27.6,19882
2017-07-07,27.55,27.6,27.35,27.45,33274
2017-07-10,27.35,27.6,27.25,27.55,23895
2017-07-11,27.5,27.69,27.35,27.65,30834
2017-07-12,27.6,28.05,27.6,27.9,38902
2017-07-13,27.85,28.05,27.85,27.95,15453
2017-07-14,27.75,28.31,27.75,28.1,47681
2017-07-17,27.9,28.4,27.9,28.35,27697
2017-07-18,28.2,28.4,28.2,28.4,22216
2017-07-19,28.2,28.75,28.2,28.7,41700
2017-07-20,28.65,28.65,27.91,28.55,40584
2017-07-21,28.4,28.55,28.4,28.5,17711
2017-07-24,28.5,28.79,28.48,28.74,22255
2017-07-25,28.68,28.8,28.45,28.65,20544
2017-07-26,28.75,28.95,28.7,28.8,27642
2017-07-27,28.8,28.9,28.75,28.8,31140
2017-07-28,28.7,29.0,28.65,29.0,26097
2017-07-31,,,28.75,28.9,27756
2017-08-01,28.8,29.06,28.5,29.05,70177
