Date,Open,High,Low,Close,Volume
2010-09-29,25.8,25.82,25.79,25.79,11720
2010-09-30,26.06,26.23,25.93,26.12,27407
2010-10-01,27.2,27.2,26.55,26.85,91952
2010-10-04,27.2,27.2,26.7,26.8,64342
2010-10-05,27.48,27.48,26.84,27.34,44794
2010-10-06,27.5,27.5,27.24,27.27,160231
2010-10-07,27.96,27.96,27.14,27.27,117037
2010-10-08,27.49,27.92,27.16,27.89,47493
2010-10-11,29.07,29.07,28.01,28.03,56502
2010-10-12,28.49,28.5,27.75,28.22,82697
2010-10-13,28.2,29.0,28.2,28.93,41173
2010-10-14,29.28,29.28,28.58,28.71,74064
2010-10-15,28.95,28.95,28.62,28.84,48988
2010-10-18,28.94,28.95,28.69,28.69,74363
2010-10-19,28.53,28.69,25.29,27.77,87798
2010-10-20,27.91,28.5,27.91,28.21,58720
2010-10-21,28.52,28.66,27.85,28.04,62606
2010-10-22,28.04,28.22,27.84,27.93,15837
2010-10-25,28.26,28.31,28.07,28.2,32507
2010-10-26,28.3,28.41,27.94,28.34,21914
2010-10-27,28.4,28.4,27.87,27.9,26225
2010-10-28,28.32,28.32,27.97,28.12,18510
2010-10-29,27.86,28.49,27.86,28.49,24843
2010-11-01,28.81,28.85,28.6,28.84,26712
2010-11-02,29.64,29.64,29.05,29.3,42761
2010-11-03,29.69,29.69,29.0,29.41,41471
2010-11-04,30.34,30.34,29.7,30.09,211151
2010-11-05,30.34,30.34,29.81,29.94,145106
2010-11-08,29.82,29.82,29.4,29.68,26189
2010-11-09,30.0,30.0,29.02,29.08,56731
2010-11-10,29.36,31.56,28.45,28.87,86157
2010-11-11,28.86,28.92,28.73,28.89,58376
2010-11-12,28.32,28.85,28.32,28.62,34103
2010-11-15,28.93,28.98,28.7,28.7,11104
2010-11-16,28.47,28.47,27.63,27.63,28383
2010-11-17,27.7,28.35,27.7,28.07,58514
2010-11-18,28.89,28.9,28.65,28.8,20647
2010-11-19,28.99,29.03,28.7,28.85,49005
2010-11-22,28.53,28.99,28.5,28.98,11928
2010-11-23,28.52,28.52,27.94,28.1,8776
2010-11-24,,,,28.89,0
2010-11-26,28.89,28.89,28.36,28.69,2025
2010-11-29,28.65,28.83,28.27,28.83,5520
2010-11-30,28.74,29.28,28.44,29.25,15904
2010-12-01,29.42,29.42,28.86,28.96,62159
2010-12-02,29.69,29.69,28.99,29.26,14706
2010-12-03,29.35,29.56,29.0,29.54,6242
2010-12-06,28.94,29.8,28.94,29.77,15115
2010-12-07,30.0,30.08,29.25,29.25,16364
2010-12-08,29.59,29.59,28.86,28.99,5500
2010-12-09,28.95,28.95,28.38,28.71,15510
2010-12-10,28.7,28.7,28.11,28.52,6920
2010-12-13,28.99,29.2,28.7,29.2,30099
2010-12-14,29.36,29.5,29.16,29.36,15190
2010-12-15,29.35,29.43,29.0,29.0,8604
2010-12-16,29.51,29.51,28.88,29.0,14790
2010-12-17,29.04,29.04,28.74,28.92,20728
2010-12-20,29.25,29.25,28.85,29.05,65413
2010-12-21,29.36,29.46,29.05,29.22,16774
2010-12-22,29.36,29.41,28.78,29.02,22295
2010-12-23,,,,29.16,0
2010-12-27,29.39,29.49,28.62,28.82,306304
2010-12-28,29.41,29.41,28.72,28.99,22909
2010-12-29,29.0,29.14,28.58,29.14,9845
2010-12-30,29.14,29.86,29.14,29.78,9932
2010-12-31,29.8,29.97,29.8,29.9,3908
2011-01-03,30.51,30.64,30.2,30.33,30993
2011-01-04,30.4,30.4,29.85,30.31,33435
2011-01-05,30.04,30.04,29.74,29.96,19388
2011-01-06,29.84,29.98,29.52,29.83,149959
2011-01-07,29.92,29.92,29.64,29.9,20709
2011-01-10,29.75,29.82,29.61,29.8,24710
2011-01-11,29.99,30.04,29.74,30.03,29611
2011-01-12,30.35,30.37,30.18,30.34,48291
2011-01-13,30.43,30.5,30.1,30.18,56521
2011-01-14,,,,30.08,0
2011-01-18,30.32,30.35,30.08,30.34,51711
2011-01-19,30.45,30.45,30.02,30.15,38106
2011-01-20,30.0,30.2,29.79,29.8,20780
2011-01-21,30.26,30.26,29.82,29.9,14080
2011-01-24,29.8,30.31,29.8,30.31,27560
2011-01-25,30.27,30.27,29.83,29.89,33427
2011-01-26,30.33,30.34,29.94,30.03,27940
2011-01-27,29.87,29.87,29.0,29.29,160392
2011-01-28,29.18,29.18,28.13,28.17,23101
2011-01-31,28.15,28.64,28.0,28.35,40887
2011-02-01,28.81,28.89,28.37,28.67,29162
2011-02-02,29.06,29.06,28.56,28.56,14005
2011-02-03,28.76,28.76,28.25,28.29,13784
2011-02-04,28.23,28.23,27.61,27.61,9473
2011-02-07,27.69,27.69,27.52,27.52,1570
2011-02-08,27.83,28.11,27.83,28.11,5300
2011-02-09,28.09,28.09,27.55,27.56,11563
2011-02-10,27.2,27.47,27.13,27.4,21060
2011-02-11,27.41,27.95,27.41,27.8,23041
2011-02-14,27.93,28.2,27.93,28.18,13950
2011-02-15,27.92,28.32,27.92,28.3,9084
2011-02-16,28.16,28.44,27.99,28.44,18749
2011-02-17,28.17,28.56,28.17,28.41,17053
2011-02-18,,,,28.5,0
2011-02-22,28.33,28.33,27.74,27.74,15820
2011-02-23,28.06,28.06,27.63,27.86,7348
2011-02-24,27.82,27.97,27.67,27.9,6796
2011-02-25,27.89,28.02,27.75,27.81,4396
2011-02-28,28.3,28.41,28.2,28.21,2700
2011-03-01,28.14,28.32,28.08,28.13,6732
2011-03-02,28.43,28.53,28.4,28.53,3154
2011-03-03,28.54,28.7,28.54,28.7,5209
2011-03-04,28.89,28.89,28.57,28.72,951
2011-03-07,28.78,28.78,27.97,27.97,3475
2011-03-08,28.42,28.5,27.92,28.2,4260
2011-03-09,28.48,28.49,28.3,28.37,6340
2011-03-10,28.52,28.52,28.04,28.04,4368
2011-03-11,28.0,28.1,27.96,28.1,9594
2011-03-14,28.1,28.1,27.84,28.07,2379
2011-03-15,27.7,27.74,27.25,27.74,4908
2011-03-16,27.86,28.0,27.52,27.52,4795
2011-03-17,27.57,27.73,27.57,27.62,1800
2011-03-18,28.03,28.05,27.96,28.01,4111
2011-03-21,28.14,28.14,28.04,28.05,670
2011-03-22,28.02,28.16,28.0,28.16,760
2011-03-23,28.08,28.39,28.08,28.3,1560
2011-03-24,28.32,28.35,28.25,28.31,3407
2011-03-25,28.57,28.57,28.17,28.41,11600
2011-03-28,28.58,28.58,28.16,28.16,1460
2011-03-29,28.48,28.49,28.36,28.36,2638
2011-03-30,28.8,29.28,28.8,29.12,8340
2011-03-31,29.41,29.57,29.41,29.45,6067
2011-04-01,29.91,30.22,29.91,30.22,2080
2011-04-04,30.33,30.68,30.3,30.68,1828
2011-04-05,30.65,30.65,30.32,30.53,9898
2011-04-06,30.56,30.56,29.99,30.15,4314
2011-04-07,30.53,30.6,30.52,30.52,2505
2011-04-08,30.66,30.84,30.62,30.84,4760
2011-04-11,30.98,30.98,30.8,30.81,17238
2011-04-12,30.86,30.86,30.42,30.42,200
2011-04-13,30.53,30.53,30.2,30.34,2442
2011-04-14,30.21,30.67,30.21,30.61,6171
2011-04-15,30.85,30.85,30.51,30.63,3808
2011-04-18,30.62,30.62,30.0,30.04,1570
2011-04-19,30.39,30.75,30.11,30.6,15808
2011-04-20,31.0,31.3,30.89,31.3,11916
2011-04-21,,,,31.29,0
2011-04-25,30.88,31.22,30.88,31.15,615
2011-04-26,31.4,31.66,31.35,31.56,2000
2011-04-27,31.79,31.79,31.06,31.43,68770
2011-04-28,31.05,31.18,30.75,31.18,25901
2011-04-29,31.11,31.25,31.08,31.25,1700
2011-05-02,31.52,31.63,31.4,31.4,1001
2011-05-03,31.08,31.08,30.58,30.61,12387
2011-05-04,30.67,30.67,30.03,30.06,1420
2011-05-05,30.03,30.23,29.66,29.73,7328
2011-05-06,30.54,30.54,30.03,30.47,4700
2011-05-09,30.58,30.63,29.92,30.47,10157
2011-05-10,30.7,30.7,30.5,30.59,8650
2011-05-11,30.73,30.73,30.23,30.23,6660
2011-05-12,29.88,30.36,29.88,30.34,3292
2011-05-13,30.18,30.26,29.81,29.92,4512
2011-05-16,29.68,30.01,29.68,29.83,4005
2011-05-17,29.61,30.02,29.58,30.02,4434
2011-05-18,30.0,30.17,29.81,30.16,3148
2011-05-19,29.99,29.99,29.71,29.72,3000
2011-05-20,29.67,29.75,29.65,29.74,700
2011-05-23,29.29,29.29,28.96,29.08,3118
2011-05-24,29.33,29.61,29.19,29.58,7512
2011-05-25,29.45,29.68,29.41,29.68,2740
2011-05-26,29.87,29.93,29.73,29.93,4270
2011-05-27,,,,30.47,0
2011-05-31,30.63,31.15,30.62,31.15,5160
2011-06-01,31.14,31.14,30.58,30.61,5519
2011-06-02,30.7,30.88,30.63,30.86,26900
2011-06-03,30.83,31.1,30.64,31.1,2805
2011-06-06,31.18,31.18,30.61,30.61,6560
2011-06-07,31.02,31.03,30.93,31.02,5679
2011-06-08,31.06,31.06,30.69,30.71,3205
2011-06-09,30.74,30.82,30.52,30.82,7368
2011-06-10,30.88,30.88,30.2,30.3,2070
2011-06-13,30.55,30.55,30.13,30.4,12100
2011-06-14,30.5,30.58,30.36,30.36,4790
2011-06-15,30.31,30.31,29.77,29.87,4640
2011-06-16,29.61,29.74,29.31,29.4,3047
2011-06-17,29.83,29.83,29.36,29.51,2535
2011-06-20,29.69,29.69,29.31,29.4,10708
2011-06-21,29.59,29.7,29.51,29.65,6300
2011-06-22,29.03,29.03,28.91,28.91,2505
2011-06-23,28.51,28.71,28.3,28.56,6400
2011-06-24,28.74,28.93,28.67,28.74,1900
2011-06-27,28.73,28.97,28.73,28.85,2151
2011-06-28,29.2,29.6,29.2,29.5,4423
2011-06-29,29.83,29.83,29.5,29.81,5930
2011-06-30,30.07,30.07,29.94,30.01,2500
2011-07-01,,,,30.08,0
2011-07-05,30.38,30.38,30.12,30.16,3983
2011-07-06,29.9,29.96,29.71,29.71,8538
2011-07-07,30.2,30.38,30.15,30.32,8803
2011-07-08,29.96,29.96,29.69,29.88,10294
2011-07-11,29.2,29.31,28.86,28.89,9206
2011-07-12,28.97,28.97,28.71,28.72,7675
2011-07-13,28.98,29.36,28.89,29.36,1989
2011-07-14,29.23,29.23,28.94,28.94,1270
2011-07-15,29.0,29.0,28.65,28.82,4407
2011-07-18,28.52,28.55,28.3,28.5,5928
2011-07-19,28.47,28.68,28.37,28.66,3490
2011-07-20,28.44,28.63,28.44,28.55,900
2011-07-21,28.69,28.92,28.69,28.82,5848
2011-07-22,29.02,29.14,28.85,29.0,6369
2011-07-25,29.0,29.23,28.93,28.99,14743
2011-07-26,29.33,29.33,28.96,28.96,820
2011-07-27,28.74,29.02,28.02,28.19,9694
2011-07-28,28.05,28.37,28.05,28.2,3632
2011-07-29,28.2,28.35,27.99,28.35,7173
2011-08-01,28.91,28.91,28.27,28.39,6348
2011-08-02,28.49,28.49,27.62,27.62,14098
2011-08-03,27.73,27.78,26.75,27.19,8221
2011-08-04,26.7,26.7,24.97,24.97,12554
2011-08-05,25.48,25.72,23.99,24.55,35769
2011-08-08,23.88,24.18,22.37,22.37,40895
2011-08-09,23.04,23.57,22.79,23.36,19106
2011-08-10,23.29,23.57,22.74,22.87,8995
2011-08-11,23.71,23.96,23.37,23.96,6500
2011-08-12,24.35,24.67,24.1,24.66,30229
2011-08-15,25.0,25.36,25.0,25.35,4788
2011-08-16,25.33,25.5,24.97,25.36,9750
2011-08-17,25.58,25.91,25.58,25.91,6780
2011-08-18,25.0,25.0,24.67,24.81,5194
2011-08-19,24.82,25.2,24.8,24.8,6350
2011-08-22,25.35,25.58,24.83,24.94,12320
2011-08-23,24.8,25.16,24.8,25.07,5300
2011-08-24,25.05,25.33,25.0,25.22,5080
2011-08-25,25.27,25.29,24.92,25.12,7560
2011-08-26,24.87,25.36,24.76,25.36,1900
2011-08-29,25.56,26.31,25.56,26.21,5147
2011-08-30,26.31,26.55,26.18,26.46,7799
2011-08-31,26.78,27.13,26.78,27.08,5599
2011-09-01,27.31,27.73,27.31,27.45,2440
2011-09-02,26.83,26.9,26.52,26.75,12474
2011-09-06,25.45,26.02,25.39,26.02,6606
2011-09-07,26.46,26.91,26.41,26.84,4183
2011-09-08,26.42,26.54,26.23,26.38,4900
2011-09-09,25.91,25.91,25.27,25.34,16820
2011-09-12,25.41,25.41,24.4,24.73,6166
2011-09-13,25.14,25.14,24.55,24.55,2331
2011-09-14,24.23,24.6,24.04,24.6,1326
2011-09-15,25.15,25.15,24.66,25.0,8942
2011-09-16,25.18,25.18,24.81,25.0,3900
2011-09-19,24.0,24.1,23.91,24.06,1575
2011-09-20,23.73,23.96,23.55,23.55,2850
2011-09-21,23.53,23.53,22.8,22.8,6620
2011-09-22,21.22,21.57,20.73,21.04,20830
2011-09-23,21.47,21.77,21.32,21.77,6595
2011-09-26,22.11,22.14,21.37,22.14,14781
2011-09-27,22.79,22.79,22.45,22.45,1000
2011-09-28,22.61,22.61,21.63,21.64,12540
2011-09-29,21.97,22.17,21.67,21.8,5722
2011-09-30,21.5,21.5,20.88,20.9,3270
2011-10-03,21.09,21.09,20.28,20.41,18594
2011-10-04,20.22,20.45,19.89,20.45,7960
2011-10-05,20.68,20.95,20.68,20.95,3241
2011-10-06,21.52,21.81,21.52,21.79,400
2011-10-07,22.27,22.37,21.97,22.11,13498
2011-10-10,22.58,22.68,22.56,22.56,200
2011-10-11,22.44,22.7,22.43,22.64,3150
2011-10-12,22.98,23.4,22.95,23.38,6960
2011-10-13,23.0,23.03,22.73,23.03,4891
2011-10-14,23.39,23.66,23.31,23.66,3100
2011-10-17,23.12,23.12,22.93,22.93,350
2011-10-18,22.83,23.34,22.83,23.26,2194
2011-10-19,23.05,23.11,23.0,23.0,4545
2011-10-20,22.78,22.85,22.78,22.85,2700
2011-10-21,23.14,23.28,23.11,23.18,4000
2011-10-24,23.5,23.78,23.5,23.76,5350
2011-10-25,23.22,23.42,23.2,23.29,13394
2011-10-26,23.4,23.54,23.4,23.54,1259
2011-10-27,24.51,24.95,24.31,24.82,11273
2011-10-28,24.67,25.32,24.67,25.32,2475
2011-10-31,25.33,25.33,24.83,24.83,28465
2011-11-01,23.59,24.0,23.59,23.91,1900
2011-11-02,,,,24.51,0
2011-11-03,24.12,24.33,24.08,24.33,5790
2011-11-04,24.21,24.26,23.96,23.96,2200
2011-11-07,24.21,24.21,23.98,24.01,3520
2011-11-08,24.33,24.48,24.23,24.48,6094
2011-11-09,23.9,23.9,22.67,23.3,92380
2011-11-10,23.73,23.73,23.48,23.48,13248
2011-11-11,23.95,23.95,23.95,23.95,100
2011-11-14,24.05,24.05,23.98,23.98,400
2011-11-15,23.91,24.2,23.91,24.2,6306
2011-11-16,23.72,23.86,23.61,23.63,9727
2011-11-17,23.61,23.7,23.22,23.24,7980
2011-11-18,23.48,23.48,23.16,23.18,1900
2011-11-21,22.85,22.85,22.49,22.58,2044
2011-11-22,22.42,22.46,22.42,22.42,1630
2011-11-23,,,,21.65,0
2011-11-25,21.61,21.63,21.4,21.4,1812
2011-11-28,22.19,22.19,21.99,22.12,8300
2011-11-29,22.07,22.18,21.98,22.18,3000
2011-11-30,23.11,23.15,22.8,23.11,3800
2011-12-01,23.23,23.36,23.22,23.36,2420
2011-12-02,23.58,23.58,23.38,23.38,5678
2011-12-05,23.79,23.79,23.62,23.69,2400
2011-12-06,23.51,23.67,23.46,23.66,5861
2011-12-07,23.47,23.55,23.36,23.36,6492
2011-12-08,23.13,23.13,22.73,22.73,290
2011-12-09,23.07,23.49,23.07,23.48,3823
2011-12-12,22.93,22.93,22.64,22.86,1134
2011-12-13,22.51,22.51,22.29,22.29,2122
2011-12-14,22.09,22.24,22.07,22.16,85546
2011-12-15,22.34,22.42,22.34,22.42,100
2011-12-16,22.57,22.57,22.43,22.55,6875
2011-12-19,22.3,22.3,21.89,21.89,1140
2011-12-20,22.2,22.2,22.07,22.07,5766
2011-12-21,22.13,24.25,21.91,22.24,43082
2011-12-22,22.12,22.12,21.81,22.03,2400
2011-12-23,,,,22.17,0
2011-12-27,22.15,22.21,22.15,22.16,1900
2011-12-28,22.03,22.03,21.78,21.89,5354
2011-12-29,21.96,22.14,21.96,22.14,10210
2011-12-30,,,,22.41,0
2012-01-03,22.66,22.87,22.66,22.8,3972
2012-01-04,22.9,23.01,22.9,22.95,7600
2012-01-05,22.91,22.91,22.61,22.61,6371
2012-01-06,22.77,22.77,22.6,22.65,10320
2012-01-09,22.8,23.03,22.71,23.03,12108
2012-01-10,23.49,23.53,23.39,23.39,1554
2012-01-11,23.44,23.52,23.4,23.52,3100
2012-01-12,23.49,23.75,23.49,23.75,567
2012-01-13,,,,23.6,0
2012-01-17,24.03,24.08,23.84,23.89,1460
2012-01-18,24.03,24.46,24.03,24.45,2810
2012-01-19,24.51,24.66,24.51,24.66,1069
2012-01-20,24.69,24.97,24.65,24.97,4354
2012-01-23,24.81,24.94,24.81,24.94,1120
2012-01-24,24.71,25.13,24.7,25.1,3448
2012-01-25,24.89,25.32,24.89,25.32,300
2012-01-26,25.37,25.38,25.25,25.25,2550
2012-01-27,25.4,25.77,25.4,25.77,9019
2012-01-30,25.2,25.24,25.02,25.24,9600
2012-01-31,25.66,25.66,25.36,25.45,4573
2012-02-01,25.96,26.45,25.94,26.41,11387
2012-02-02,26.62,26.83,26.43,26.83,8300
2012-02-03,27.38,27.97,26.79,26.94,32982
2012-02-06,26.85,27.04,26.78,26.78,6100
2012-02-07,26.8,26.91,26.75,26.91,4363
2012-02-08,27.13,27.19,26.97,27.05,15233
2012-02-09,27.05,27.05,26.66,26.69,44312
2012-02-10,26.39,26.77,26.39,26.77,4625
2012-02-13,26.9,27.11,26.88,26.96,15980
2012-02-14,27.0,27.16,26.95,27.16,8346
2012-02-15,27.5,27.5,27.28,27.38,6747
2012-02-16,27.46,27.76,27.37,27.76,3145
2012-02-17,27.97,28.07,27.89,28.05,4245
2012-02-21,28.29,28.29,28.03,28.06,11903
2012-02-22,28.18,28.32,28.06,28.32,5964
2012-02-23,28.47,28.47,28.25,28.34,2610
2012-02-24,28.36,28.58,28.36,28.37,7314
2012-02-27,28.23,28.36,28.11,28.32,3784
2012-02-28,28.56,28.82,28.52,28.82,6625
2012-02-29,28.71,28.71,28.5,28.5,1315
2012-03-01,29.03,29.03,28.72,28.93,17882
2012-03-02,28.73,28.75,28.61,28.63,9953
2012-03-05,28.72,28.72,28.5,28.5,5700
2012-03-06,27.92,27.92,27.51,27.53,3417
2012-03-07,27.64,28.04,27.64,28.04,5628
2012-03-08,28.45,28.6,28.27,28.6,56132
2012-03-09,28.44,28.64,28.22,28.22,8002
2012-03-12,27.87,27.87,27.55,27.73,1706
2012-03-13,27.72,28.36,27.62,28.36,6500
2012-03-14,28.2,28.35,28.07,28.28,5801
2012-03-15,28.23,28.29,28.12,28.23,9146
2012-03-16,28.22,28.22,28.03,28.04,4992
2012-03-19,27.98,27.98,27.92,27.92,2100
2012-03-20,27.56,27.76,27.45,27.75,7154
2012-03-21,27.75,27.79,27.64,27.79,1915
2012-03-22,27.5,27.5,27.25,27.35,30567
2012-03-23,27.34,27.63,27.3,27.63,4491
2012-03-26,27.82,27.95,27.82,27.95,26859
2012-03-27,28.0,28.0,27.8,27.8,3627
2012-03-28,27.75,27.75,27.26,27.33,20493
2012-03-29,27.08,27.27,27.01,27.2,9953
2012-03-30,27.5,27.5,27.38,27.39,7300
2012-04-02,27.22,27.62,27.22,27.62,1100
2012-04-03,27.77,27.77,27.66,27.68,1149
2012-04-04,27.42,27.61,27.42,27.59,16834
2012-04-05,27.56,27.67,27.56,27.65,2500
2012-04-09,27.43,27.43,27.31,27.33,5700
2012-04-10,27.22,27.22,26.81,26.86,7359
2012-04-11,27.11,27.11,26.64,26.64,5620
2012-04-12,26.95,27.0,26.95,26.98,3764
2012-04-13,27.01,27.01,26.65,26.65,2600
2012-04-16,26.62,26.65,26.62,26.65,1805
2012-04-17,26.7,26.7,26.55,26.55,3700
2012-04-18,26.47,26.52,26.42,26.48,9900
2012-04-19,26.49,26.52,26.49,26.52,803
2012-04-20,26.58,26.74,26.55,26.6,8561
2012-04-23,26.1,26.12,25.98,26.11,2842
2012-04-24,26.25,26.36,26.25,26.36,8482
2012-04-25,26.48,26.48,26.3,26.33,2905
2012-04-26,26.22,26.52,26.14,26.52,17603
2012-04-27,26.5,26.55,26.49,26.55,700
2012-04-30,26.65,26.65,26.4,26.44,8077
2012-05-01,26.6,26.77,26.58,26.58,5008
2012-05-02,26.41,26.41,26.09,26.14,2325
2012-05-03,26.06,26.37,25.91,26.28,11275
2012-05-04,26.36,26.36,26.05,26.1,6687
2012-05-07,26.1,26.24,26.1,26.21,1510
2012-05-08,26.0,26.0,25.77,25.95,16866
2012-05-09,25.58,25.58,25.36,25.38,3800
2012-05-10,25.5,25.56,25.47,25.47,27079
2012-05-11,25.69,25.69,25.5,25.54,1900
2012-05-14,24.92,24.92,24.43,24.43,17475
2012-05-15,24.33,24.39,23.91,23.91,6726
2012-05-16,24.3,24.3,23.57,23.81,33671
2012-05-17,23.82,23.94,23.19,23.2,12662
2012-05-18,22.48,22.76,22.48,22.75,5449
2012-05-21,22.95,22.95,22.63,22.86,17000
2012-05-22,22.62,22.85,22.22,22.24,1500
2012-05-23,22.2,22.34,21.81,22.34,7210
2012-05-24,22.37,22.37,22.19,22.23,4400
2012-05-25,22.45,23.14,22.45,23.13,3025
2012-05-29,23.74,23.74,23.42,23.57,15944
2012-05-30,23.15,23.15,23.03,23.03,11800
2012-05-31,22.85,23.14,22.85,23.11,7913
2012-06-01,22.51,22.51,22.23,22.23,500
2012-06-04,22.35,22.35,21.96,21.99,3540
2012-06-05,22.19,22.29,22.02,22.06,4380
2012-06-06,22.12,22.29,22.09,22.22,51237
2012-06-07,22.54,22.85,22.48,22.48,8611
2012-06-08,22.45,22.45,22.45,22.45,100
2012-06-11,22.62,22.62,22.4,22.4,100
2012-06-12,22.34,22.44,22.34,22.41,5607
2012-06-13,22.4,22.7,22.4,22.58,723
2012-06-14,,,,22.75,0
2012-06-15,22.88,23.03,22.88,22.99,5957
2012-06-18,22.99,23.21,22.91,23.15,14442
2012-06-19,23.35,23.63,23.35,23.63,4307
2012-06-20,23.51,23.51,23.48,23.51,1594
2012-06-21,23.11,23.11,22.52,22.52,1193
2012-06-22,22.35,22.36,22.29,22.31,5500
2012-06-25,22.15,22.15,21.9,22.0,2075
2012-06-26,21.98,21.98,21.78,21.79,750
2012-06-27,21.71,21.74,21.53,21.53,4916
2012-06-28,21.49,21.52,21.49,21.52,2300
2012-06-29,22.44,22.83,22.43,22.83,1850
2012-07-02,23.12,23.12,23.05,23.05,200
2012-07-03,23.28,23.3,23.13,23.26,3116
2012-07-05,23.27,23.27,23.03,23.19,1265
2012-07-06,22.66,22.72,22.66,22.72,675
2012-07-09,22.8,22.8,22.45,22.49,2870
2012-07-10,22.64,22.65,22.4,22.4,2272
2012-07-11,22.3,22.44,22.04,22.14,3893
2012-07-12,21.84,22.0,21.84,22.0,386
2012-07-13,22.32,22.32,22.18,22.19,3556
2012-07-16,22.34,22.34,22.01,22.05,1165
2012-07-17,22.26,22.26,22.11,22.22,1600
2012-07-18,22.43,22.44,22.43,22.44,200
2012-07-19,22.61,22.77,22.61,22.77,8940
2012-07-20,22.54,22.54,22.33,22.33,606
2012-07-23,21.93,21.93,21.81,21.81,214
2012-07-24,22.02,22.02,21.76,21.76,5127
2012-07-25,22.05,22.09,21.91,22.09,900
2012-07-26,22.36,22.62,22.31,22.62,5781
2012-07-27,22.92,23.4,22.92,23.36,8360
2012-07-30,23.21,23.34,23.15,23.34,4986
2012-07-31,23.37,23.37,23.17,23.17,2100
2012-08-01,23.11,23.55,23.11,23.5,13552
2012-08-02,23.19,23.29,23.18,23.29,4155
2012-08-03,23.85,23.86,23.85,23.85,992
2012-08-06,24.01,24.36,24.01,24.25,4814
2012-08-07,24.22,24.32,24.15,24.2,4268
2012-08-08,24.23,24.44,24.23,24.44,1300
2012-08-09,24.6,24.6,24.4,24.58,1829
2012-08-10,24.58,24.89,24.58,24.89,4066
2012-08-13,24.61,24.88,24.57,24.88,5760
2012-08-14,24.75,24.75,24.49,24.49,5383
2012-08-15,24.53,24.67,24.53,24.67,2391
2012-08-16,24.94,25.03,24.9,25.03,4330
2012-08-17,25.0,25.1,25.0,25.1,400
2012-08-20,24.93,25.16,24.93,25.16,2884
2012-08-21,25.21,25.35,25.17,25.22,4740
2012-08-22,25.11,25.23,25.08,25.19,20906
2012-08-23,25.15,25.15,24.72,24.76,2555
2012-08-24,24.81,25.07,24.81,25.04,5112
2012-08-27,,,,25.02,0
2012-08-28,25.01,25.02,24.97,24.97,2100
2012-08-29,24.82,24.97,24.82,24.97,700
2012-08-30,24.95,25.2,24.95,25.2,900
2012-08-31,25.31,25.42,25.31,25.38,5354
2012-09-04,25.44,25.44,25.21,25.21,980
2012-09-05,25.27,25.27,25.14,25.17,2557
2012-09-06,25.34,25.58,25.24,25.58,6817
2012-09-07,25.7,26.31,25.69,26.31,12562
2012-09-10,25.79,25.79,25.58,25.58,11324
2012-09-11,25.61,25.8,25.61,25.8,1168
2012-09-12,25.9,25.9,25.8,25.86,8997
2012-09-13,26.31,26.42,26.31,26.42,800
2012-09-14,26.63,26.69,26.13,26.3,18093
2012-09-17,26.15,26.17,26.14,26.14,1540
2012-09-18,26.06,26.22,25.9,26.21,5365
2012-09-19,26.24,26.36,26.24,26.24,4142
2012-09-20,26.31,26.31,26.26,26.26,3501
2012-09-21,26.31,26.39,26.31,26.36,7351
2012-09-24,26.34,26.5,26.22,26.38,8745
2012-09-25,26.38,26.4,26.15,26.15,3056
2012-09-26,25.94,26.0,25.83,26.0,15034
2012-09-27,26.34,26.34,26.19,26.19,200
2012-09-28,26.08,26.25,26.0,26.25,1980
2012-10-01,26.45,26.62,26.45,26.62,6511
2012-10-02,26.75,26.75,26.46,26.52,27321
2012-10-03,26.68,26.74,26.56,26.66,2345
2012-10-04,26.59,26.6,26.55,26.56,4036
2012-10-05,26.76,26.76,26.6,26.66,15172
2012-10-08,26.69,26.75,26.68,26.69,2300
2012-10-09,26.75,26.75,26.52,26.55,5122
2012-10-10,26.57,26.57,26.38,26.38,2200
2012-10-11,26.61,26.7,26.61,26.7,3291
2012-10-12,26.75,26.75,26.47,26.62,3788
2012-10-15,26.84,26.95,26.65,26.95,6690
2012-10-16,27.03,27.03,26.81,26.9,3056
2012-10-17,27.04,27.05,27.01,27.05,1267
2012-10-18,27.13,27.13,26.9,26.9,3600
2012-10-19,26.78,26.88,26.66,26.72,3400
2012-10-22,26.61,26.85,26.61,26.85,6216
2012-10-23,26.64,26.64,26.22,26.23,3600
2012-10-24,26.2,26.23,26.16,26.16,4223
2012-10-25,26.3,26.3,26.18,26.3,2958
2012-10-26,26.26,26.28,26.15,26.19,1904
2012-10-31,26.16,26.26,26.12,26.12,3425
2012-11-01,26.34,26.53,26.34,26.49,2607
2012-11-02,26.43,26.43,26.35,26.39,1226
2012-11-05,26.42,26.54,26.4,26.5,14465
2012-11-06,26.61,26.85,26.6,26.72,10203
2012-11-07,26.71,26.75,26.63,26.75,1800
2012-11-08,26.78,26.78,26.44,26.45,1992
2012-11-09,26.23,26.36,26.0,26.14,1196
2012-11-12,26.1,26.1,25.94,25.99,4003
2012-11-13,25.8,25.8,25.52,25.52,6855
2012-11-14,25.39,25.39,25.23,25.24,3917
2012-11-15,25.04,25.13,25.04,25.13,600
2012-11-16,25.3,25.31,25.08,25.29,8761
2012-11-19,25.6,25.65,25.5,25.54,4650
2012-11-20,25.63,25.65,25.48,25.65,2200
2012-11-21,25.15,25.15,24.96,25.12,16548
2012-11-23,25.3,25.46,25.28,25.46,7985
2012-11-26,25.65,25.65,25.14,25.22,10008
2012-11-27,25.4,25.99,25.18,25.19,13222
2012-11-28,25.29,25.29,25.14,25.24,2532
2012-11-29,25.17,25.37,25.09,25.37,5935
2012-11-30,25.25,25.35,25.01,25.11,12696
2012-12-03,25.3,25.56,25.1,25.16,9001
2012-12-04,25.3,25.51,25.05,25.15,8679
2012-12-05,25.35,25.56,25.15,25.47,41132
2012-12-06,25.55,25.98,25.55,25.98,21258
2012-12-07,25.99,26.09,25.83,26.09,10530
2012-12-10,26.04,26.17,25.99,26.16,5328
2012-12-11,26.02,26.08,25.91,25.97,9742
2012-12-12,26.14,26.19,26.13,26.15,3030
2012-12-13,26.02,26.22,25.97,26.04,26579
2012-12-14,26.06,26.28,26.06,26.27,4213
2012-12-17,26.21,26.41,26.21,26.41,12198
2012-12-18,26.17,26.42,25.9,26.42,12402
2012-12-19,26.5,26.7,26.43,26.63,24617
2012-12-20,26.7,26.95,26.68,26.93,14431
2012-12-21,26.43,26.63,26.43,26.6,8666
2012-12-24,26.65,26.68,26.46,26.59,4255
2012-12-26,26.85,27.17,26.85,27.16,14918
2012-12-27,27.22,27.31,27.01,27.3,26304
2012-12-28,27.25,27.56,27.25,27.42,26550
2012-12-31,27.24,27.96,27.2,27.8,24804
2013-01-02,27.95,27.95,27.76,27.91,33496
2013-01-03,27.74,28.0,27.74,27.97,12625
2013-01-04,27.88,27.92,27.74,27.78,12667
2013-01-07,27.79,27.91,27.71,27.86,14121
2013-01-08,27.78,27.78,27.4,27.6,10679
2013-01-09,27.82,28.05,27.76,27.87,185351
2013-01-10,27.87,28.02,27.77,28.0,8186
2013-01-11,27.95,28.06,27.71,27.73,128522
2013-01-14,27.82,28.05,27.81,27.97,36519
2013-01-15,28.0,28.0,27.72,27.79,21529
2013-01-16,27.65,27.77,27.56,27.62,5201
2013-01-17,27.93,28.06,27.8,27.96,10093
2013-01-18,28.03,28.06,27.88,28.04,20135
2013-01-22,28.04,28.04,27.8,27.98,24703
2013-01-23,28.14,28.21,27.99,28.14,35175
2013-01-24,28.2,28.46,28.02,28.21,21723
2013-01-25,28.32,28.32,28.14,28.17,21723
2013-01-28,28.49,28.49,28.25,28.46,20251
2013-01-29,28.64,28.74,28.53,28.73,26727
2013-01-30,28.51,28.58,28.38,28.44,64951
2013-01-31,28.45,28.64,28.43,28.64,16930
2013-02-01,28.95,29.19,28.88,29.09,21833
2013-02-04,29.15,29.16,28.88,28.89,15607
2013-02-05,29.08,29.11,28.85,28.85,14549
2013-02-06,28.88,28.88,28.72,28.82,9533
2013-02-07,29.11,29.13,28.8,28.88,10918
2013-02-08,28.88,28.97,28.79,28.87,7153
2013-02-11,28.85,28.86,28.71,28.78,9862
2013-02-12,28.87,28.97,28.77,28.87,5798
2013-02-13,28.83,29.12,28.83,29.1,12920
2013-02-14,29.07,29.21,29.07,29.18,7084
2013-02-15,29.15,29.15,28.85,28.9,7045
2013-02-19,28.93,29.07,28.73,28.99,188008
2013-02-20,28.92,28.92,28.41,28.48,22451
2013-02-21,28.29,28.29,28.11,28.21,10748
2013-02-22,28.42,28.6,28.35,28.6,3952
2013-02-25,28.63,28.9,28.41,28.42,118699
2013-02-26,28.49,28.49,28.12,28.41,49932
2013-02-27,28.46,28.67,28.46,28.64,4698
2013-02-28,28.71,28.76,28.51,28.7,22847
2013-03-01,28.4,28.43,28.25,28.32,21038
2013-03-04,28.33,28.64,28.33,28.6,22424
2013-03-05,28.89,28.89,28.55,28.55,9292
2013-03-06,28.55,28.78,28.47,28.73,39473
2013-03-07,28.9,29.06,28.82,29.0,23397
2013-03-08,28.91,29.28,28.9,29.24,15479
2013-03-11,29.22,29.22,28.81,28.86,142523
2013-03-12,29.11,29.11,28.83,28.94,28226
2013-03-13,29.04,29.05,28.7,28.8,11415
2013-03-14,28.73,28.87,28.38,28.41,50687
2013-03-15,28.43,28.49,28.11,28.18,18198
2013-03-18,28.11,28.24,27.88,28.14,21525
2013-03-19,28.37,28.37,27.96,27.96,27849
2013-03-20,28.2,28.2,27.76,27.84,4090
2013-03-21,27.92,27.92,27.35,27.37,21049
2013-03-22,27.34,27.5,27.2,27.2,11715
2013-03-25,27.19,27.3,27.13,27.15,6529
2013-03-26,27.35,27.35,27.13,27.16,9424
2013-03-27,27.17,27.52,27.17,27.5,21897
2013-03-28,27.65,27.67,27.34,27.43,3959
2013-04-01,27.65,27.65,27.38,27.38,1533
2013-04-02,27.74,27.74,27.2,27.23,22538
2013-04-03,27.19,27.2,27.03,27.03,19864
2013-04-04,27.06,27.18,26.88,26.97,229766
2013-04-05,26.96,27.49,26.8,27.49,44864
2013-04-08,27.26,27.68,27.26,27.68,10221
2013-04-09,27.83,27.98,27.75,27.83,20686
2013-04-10,27.97,28.2,27.97,28.04,12201
2013-04-11,28.18,28.19,27.85,27.89,6322
2013-04-12,27.87,27.88,27.77,27.87,4500
2013-04-15,27.42,27.45,26.76,26.76,10113
2013-04-16,26.58,26.96,26.51,26.96,7254
2013-04-17,26.74,26.74,26.44,26.44,2922
2013-04-18,26.43,26.49,26.27,26.48,19999
2013-04-19,26.81,26.93,26.7,26.93,23655
2013-04-22,26.93,26.93,26.75,26.88,7657
2013-04-23,27.0,27.16,26.88,26.92,32789
2013-04-24,27.01,27.15,27.01,27.12,9954
2013-04-25,27.18,27.33,27.12,27.25,11998
2013-04-26,27.33,27.41,27.11,27.11,3331
2013-04-29,27.22,27.25,27.08,27.19,20671
2013-04-30,27.21,27.44,27.2,27.43,13843
2013-05-01,27.23,27.25,27.03,27.12,4409
2013-05-02,27.47,27.47,27.25,27.29,3925
2013-05-03,27.47,27.56,27.44,27.47,5625
2013-05-06,27.47,27.6,27.37,27.45,182845
2013-05-07,27.58,27.72,27.49,27.62,18142
2013-05-08,27.79,27.81,27.53,27.56,10366
2013-05-09,27.62,27.75,27.34,27.34,10857
2013-05-10,27.24,27.24,27.18,27.22,2393
2013-05-13,27.37,27.37,27.12,27.15,8754
2013-05-14,27.2,27.33,27.11,27.11,19290
2013-05-15,27.23,27.23,27.01,27.01,13714
2013-05-16,27.0,27.09,26.84,26.86,22493
2013-05-17,26.94,26.99,26.8,26.88,5595
2013-05-20,26.98,26.99,26.81,26.86,14562
2013-05-21,26.98,26.99,26.78,26.96,10452
2013-05-22,27.11,27.19,26.92,26.95,8562
2013-05-23,26.67,27.05,26.67,27.0,10476
2013-05-24,27.07,27.13,26.97,27.11,7149
2013-05-28,27.2,27.28,26.89,26.92,9772
2013-05-29,26.69,26.72,26.0,26.02,21407
2013-05-30,26.05,26.25,25.97,26.1,49888
2013-05-31,25.89,25.89,24.86,24.94,24241
2013-06-03,25.04,25.04,24.78,25.0,16568
2013-06-04,25.22,25.35,24.8,24.88,33565
2013-06-05,25.1,25.12,24.66,24.71,40264
2013-06-06,24.5,24.78,24.5,24.78,66223
2013-06-07,24.5,24.58,24.1,24.15,17313
2013-06-10,23.97,23.97,23.66,23.73,62663
2013-06-11,23.19,23.46,23.07,23.34,26122
2013-06-12,23.4,23.5,22.87,23.04,27363
2013-06-13,23.02,23.6,23.02,23.55,10536
2013-06-14,23.76,23.76,23.19,23.24,7302
2013-06-17,23.36,23.36,22.84,22.98,21609
2013-06-18,22.78,22.83,22.45,22.67,49253
2013-06-19,22.69,22.69,21.72,21.72,23127
2013-06-20,20.71,20.99,20.3,20.92,221010
2013-06-21,20.77,21.01,20.59,20.93,47830
2013-06-24,20.36,20.83,20.27,20.79,41779
2013-06-25,21.13,21.27,20.99,21.27,89211
2013-06-26,21.72,22.0,21.72,21.95,25926
2013-06-27,22.02,22.02,21.85,21.9,11790
2013-06-28,21.58,21.58,21.23,21.25,12064
2013-07-01,21.18,21.18,21.05,21.15,21788
2013-07-02,20.98,20.98,20.16,20.17,27417
2013-07-03,20.06,20.09,19.75,19.78,34211
2013-07-05,19.73,19.9,19.55,19.81,27462
2013-07-08,19.9,20.0,19.79,19.96,23875
2013-07-09,20.02,20.28,20.02,20.18,21197
2013-07-10,19.92,19.98,19.8,19.81,72579
2013-07-11,20.17,20.45,20.1,20.45,15388
2013-07-12,20.35,20.35,20.07,20.08,15406
2013-07-15,20.34,20.8,20.33,20.77,3594
2013-07-16,20.9,20.9,20.44,20.6,38257
2013-07-17,20.76,20.97,20.76,20.97,21388
2013-07-18,20.99,21.15,20.97,21.03,23505
2013-07-19,20.82,20.98,20.82,20.94,13502
2013-07-22,21.03,21.34,20.98,21.31,22643
2013-07-23,21.58,21.58,21.34,21.51,48129
2013-07-24,21.63,21.63,21.0,21.1,21286
2013-07-25,21.2,21.48,21.07,21.48,2895
2013-07-26,21.09,21.24,21.06,21.24,7935
2013-07-29,21.12,21.12,21.0,21.08,13165
2013-07-30,21.25,21.25,20.79,20.83,11761
2013-07-31,20.7,20.72,20.45,20.6,12747
2013-08-01,20.69,20.93,20.52,20.64,16950
2013-08-02,20.61,20.89,20.61,20.69,26882
2013-08-05,20.51,20.64,20.5,20.5,10739
2013-08-06,20.5,20.5,20.23,20.23,9838
2013-08-07,20.07,20.21,20.04,20.05,8178
2013-08-08,20.4,20.75,20.13,20.62,6293
2013-08-09,20.75,20.99,20.75,20.99,17440
2013-08-12,21.11,21.32,20.91,20.91,11801
2013-08-13,20.95,20.95,20.56,20.57,53393
2013-08-14,20.64,20.72,20.59,20.66,3690
2013-08-15,20.31,20.32,20.02,20.19,14972
2013-08-16,20.1,20.18,19.78,19.86,6087
2013-08-19,19.71,19.97,19.43,19.48,14568
2013-08-20,19.39,19.72,19.39,19.45,15291
2013-08-21,19.34,19.34,18.8,18.83,18930
2013-08-22,18.93,19.0,18.79,18.92,11990
2013-08-23,19.26,20.0,19.26,19.99,8749
2013-08-26,20.13,20.13,19.59,19.7,17509
2013-08-27,19.44,19.57,19.27,19.56,22960
2013-08-28,19.49,19.84,19.49,19.65,10800
2013-08-29,19.69,19.75,19.48,19.48,12326
2013-08-30,19.66,19.66,19.39,19.59,12029
2013-09-03,20.09,20.3,19.95,20.3,24110
2013-09-04,20.26,20.43,20.26,20.4,9357
2013-09-05,20.45,20.82,20.44,20.8,22957
2013-09-06,21.06,21.23,21.06,21.22,3767
2013-09-09,21.47,21.7,21.47,21.7,6130
2013-09-10,21.8,21.8,21.41,21.45,14974
2013-09-11,21.43,21.6,21.32,21.44,7538
2013-09-12,21.53,21.68,21.47,21.56,11014
2013-09-13,21.64,21.66,21.44,21.6,38395
2013-09-16,21.91,21.99,21.61,21.67,23286
2013-09-17,21.87,22.01,21.87,21.91,4045
2013-09-18,22.07,23.0,22.07,22.96,27506
2013-09-19,23.03,23.06,22.72,22.77,16685
2013-09-20,22.69,22.86,22.27,22.3,7859
2013-09-23,22.52,22.6,22.39,22.55,19438
2013-09-24,22.62,22.72,22.43,22.62,6611
2013-09-25,22.45,22.45,22.18,22.38,12589
2013-09-26,22.38,22.39,22.05,22.15,18512
2013-09-27,22.02,22.07,22.01,22.01,2691
2013-09-30,21.98,22.28,21.95,22.18,7028
2013-10-01,22.3,22.4,22.16,22.27,19568
2013-10-02,22.44,22.6,22.32,22.6,10011
2013-10-03,22.63,22.63,22.31,22.36,3873
2013-10-04,22.35,22.35,22.27,22.29,3035
2013-10-07,22.13,22.38,22.13,22.28,13106
2013-10-08,22.17,22.33,22.12,22.22,4402
2013-10-09,22.47,22.5,22.24,22.5,7458
2013-10-10,22.62,22.96,22.62,22.86,6755
2013-10-11,22.85,22.92,22.8,22.9,5340
2013-10-14,22.83,23.09,22.76,23.03,6496
2013-10-15,23.06,23.08,22.89,23.01,31108
2013-10-16,23.1,23.52,23.1,23.18,10816
2013-10-17,23.3,23.3,23.15,23.24,4940
2013-10-18,23.31,23.31,22.94,22.94,5396
2013-10-21,23.01,23.04,22.93,23.01,31119
2013-10-22,23.0,23.3,23.0,23.24,12800
2013-10-23,23.15,23.15,22.6,22.63,5768
2013-10-24,22.62,22.62,22.29,22.37,70394
2013-10-25,22.5,22.58,22.49,22.49,5900
2013-10-28,22.56,22.74,22.55,22.74,35953
2013-10-29,22.57,22.57,22.46,22.55,2760
2013-10-30,22.21,22.42,22.21,22.34,1739
2013-10-31,22.1,22.23,21.79,21.98,7499
2013-11-01,21.65,21.69,21.45,21.63,16393
2013-11-04,21.88,21.89,21.81,21.81,1217
2013-11-05,21.39,21.39,21.11,21.13,2265
2013-11-06,21.0,21.0,20.71,20.79,36983
2013-11-07,20.71,20.87,20.26,20.26,20852
2013-11-08,20.02,20.31,19.98,20.23,9148
2013-11-11,20.12,20.35,20.01,20.12,5700
2013-11-12,19.69,20.04,19.69,19.92,7245
2013-11-13,19.9,20.16,19.82,20.16,6981
2013-11-14,20.05,20.68,20.05,20.56,9664
2013-11-15,20.5,20.76,20.5,20.68,14061
2013-11-18,20.93,21.24,20.93,21.23,16010
2013-11-19,21.02,21.1,20.68,20.69,9082
2013-11-20,20.7,20.79,20.32,20.32,8547
2013-11-21,20.47,20.47,20.28,20.4,11823
2013-11-22,20.68,20.84,20.6,20.81,7302
2013-11-25,20.49,20.61,20.48,20.58,8744
2013-11-26,20.48,20.53,20.31,20.31,22145
2013-11-27,20.26,20.56,20.2,20.25,12901
2013-11-29,20.18,20.24,20.17,20.24,10761
2013-12-02,20.19,20.22,19.74,19.74,60136
2013-12-03,19.74,19.74,19.32,19.44,54794
2013-12-04,19.21,19.38,19.1,19.38,38714
2013-12-05,19.15,19.56,19.14,19.43,2702
2013-12-06,19.52,19.91,19.52,19.75,5019
2013-12-09,19.67,19.94,19.67,19.85,7972
2013-12-10,19.99,20.1,19.97,20.01,5333
2013-12-11,20.01,20.01,19.47,19.47,28350
2013-12-12,19.28,19.69,19.28,19.56,9922
2013-12-13,19.8,19.8,19.46,19.58,12339
2013-12-16,19.74,19.74,19.48,19.53,11430
2013-12-17,19.64,19.75,19.51,19.53,40486
2013-12-18,19.47,20.1,19.32,19.88,14490
2013-12-19,19.57,19.6,19.36,19.52,14595
2013-12-20,19.22,19.36,19.16,19.24,20008
2013-12-23,19.53,19.56,19.4,19.48,16184
2013-12-24,19.4,19.72,19.4,19.72,2554
2013-12-26,19.77,19.77,19.48,19.55,6264
2013-12-27,19.44,19.79,19.44,19.64,7473
2013-12-30,19.62,19.78,19.62,19.68,14314
2013-12-31,19.67,19.93,19.67,19.82,7584
2014-01-02,19.37,19.37,19.03,19.04,20611
2014-01-03,19.27,19.53,19.23,19.48,13401
2014-01-06,19.55,19.55,19.27,19.52,4175
2014-01-07,19.74,19.74,19.43,19.53,4602
2014-01-08,19.58,19.58,19.2,19.2,11294
2014-01-09,18.89,19.16,18.83,19.02,8519
2014-01-10,19.12,19.36,19.08,19.36,2259
2014-01-13,19.15,19.47,19.15,19.27,11440
2014-01-14,19.26,19.43,19.2,19.43,7932
2014-01-15,19.17,19.49,19.15,19.44,21308
2014-01-16,19.43,19.43,19.2,19.2,7448
2014-01-17,18.95,19.34,18.91,19.27,21232
2014-01-21,18.73,19.09,18.73,19.01,14169
2014-01-22,18.95,19.17,18.95,19.07,2675
2014-01-23,19.09,19.09,18.57,18.87,6432
2014-01-24,18.38,18.44,18.15,18.33,13430
2014-01-27,18.17,18.25,18.06,18.17,22860
2014-01-28,18.17,18.25,18.05,18.13,6058
2014-01-29,17.65,17.9,17.65,17.8,13694
2014-01-30,17.87,17.94,17.8,17.93,23401
2014-01-31,17.72,17.89,17.6,17.71,3983
2014-02-03,17.55,17.55,17.2,17.21,10166
2014-02-04,17.44,17.55,17.22,17.47,29991
2014-02-05,17.53,17.53,17.36,17.48,10656
2014-02-06,17.41,17.93,17.41,17.89,17160
2014-02-07,18.0,18.0,17.85,17.99,6523
2014-02-10,17.92,17.92,17.62,17.65,25177
2014-02-11,17.53,17.97,17.53,17.9,7327
2014-02-12,17.98,17.98,17.5,17.5,4301
2014-02-13,17.24,17.83,17.24,17.8,4273
2014-02-14,17.88,17.93,17.8,17.8,1883
2014-02-18,17.62,17.62,17.24,17.24,6997
2014-02-19,17.0,17.35,17.0,17.26,12045
2014-02-20,17.29,17.51,17.29,17.46,16935
2014-02-21,17.64,17.87,17.64,17.87,15354
2014-02-24,17.9,18.09,17.9,18.01,5196
2014-02-25,18.1,18.1,17.86,17.95,6477
2014-02-26,17.81,17.81,17.76,17.8,3941
2014-02-27,17.88,18.5,17.88,18.41,14114
2014-02-28,18.26,18.31,18.0,18.0,19828
2014-03-03,17.94,17.94,17.65,17.65,5318
2014-03-04,17.95,17.97,17.92,17.93,4641
2014-03-05,17.76,18.2,17.76,18.11,3826
2014-03-06,18.48,18.49,18.11,18.26,7855
2014-03-07,17.98,18.02,17.76,17.81,6311
2014-03-10,17.81,17.85,17.32,17.38,13932
2014-03-11,17.53,17.63,17.32,17.36,9468
2014-03-12,17.37,17.37,17.29,17.34,8444
2014-03-13,17.7,17.7,17.29,17.32,5074
2014-03-14,17.27,17.32,17.12,17.25,3398
2014-03-17,17.25,17.25,17.13,17.14,6422
2014-03-18,17.23,17.58,17.23,17.58,6989
2014-03-19,17.64,17.77,17.53,17.53,4719
2014-03-20,17.64,18.0,17.64,17.9,10555
2014-03-21,17.95,17.96,17.88,17.96,3358
2014-03-24,18.24,18.45,17.86,18.25,32169
2014-03-25,18.23,18.32,18.1,18.31,36096
2014-03-26,18.28,18.28,18.03,18.07,10603
2014-03-27,18.4,18.8,18.32,18.79,33417
2014-03-28,18.8,19.07,18.8,18.85,34158
2014-03-31,19.13,19.13,19.0,19.03,10006
2014-04-01,19.13,19.13,18.93,18.98,9705
2014-04-02,18.91,19.33,18.91,19.28,15251
2014-04-03,19.32,19.32,19.04,19.28,28588
2014-04-04,19.57,19.69,19.4,19.4,11105
2014-04-07,19.51,19.87,19.51,19.65,13115
2014-04-08,20.0,20.13,19.74,19.89,12429
2014-04-09,19.64,19.79,19.46,19.74,107003
2014-04-10,19.73,19.81,19.65,19.76,7951
2014-04-11,19.48,19.71,19.48,19.53,4987
2014-04-14,19.52,19.65,19.52,19.65,1417
2014-04-15,19.67,19.67,19.01,19.12,9314
2014-04-16,19.26,19.4,19.26,19.33,5297
2014-04-17,19.28,19.64,19.28,19.47,2989
2014-04-21,19.53,19.53,19.4,19.4,1765
2014-04-22,19.26,19.6,19.26,19.49,28112
2014-04-23,19.59,19.59,19.33,19.44,3936
2014-04-24,19.58,19.58,19.36,19.55,2787
2014-04-25,19.2,19.2,19.04,19.04,6171
2014-04-28,19.15,19.22,18.99,19.18,5390
2014-04-29,19.25,19.37,19.25,19.34,8400
2014-04-30,19.27,19.31,19.23,19.26,10206
2014-05-01,19.46,19.46,19.22,19.37,5974
2014-05-02,19.53,19.85,19.5,19.83,11876
2014-05-05,20.04,20.04,19.67,19.72,2385
2014-05-06,19.79,19.98,19.79,19.91,12500
2014-05-07,20.0,20.13,19.9,20.13,8682
2014-05-08,20.13,20.24,20.01,20.01,3306
2014-05-09,19.91,20.06,19.91,20.06,5312
2014-05-12,20.08,20.15,20.08,20.13,3072
2014-05-13,20.25,20.39,20.21,20.21,11169
2014-05-14,20.27,20.38,20.24,20.26,3514
2014-05-15,20.39,20.39,19.97,20.04,11066
2014-05-16,20.16,20.19,20.09,20.17,5283
2014-05-19,20.22,20.22,20.07,20.1,19066
2014-05-20,20.1,20.12,19.88,19.96,13210
2014-05-21,20.02,20.07,20.0,20.07,4748
2014-05-22,20.04,20.16,20.04,20.16,1574
2014-05-23,20.06,20.18,20.06,20.08,3222
2014-05-27,20.15,20.21,19.9,19.9,7936
2014-05-28,19.9,19.97,19.83,19.9,23685
2014-05-29,20.22,20.25,20.13,20.14,25637
2014-05-30,19.93,20.02,19.82,19.84,2773
2014-06-02,19.82,19.82,19.4,19.43,43430
2014-06-03,19.65,19.65,19.47,19.48,24592
2014-06-04,19.49,19.54,19.45,19.52,1980
2014-06-05,19.68,19.79,19.68,19.7,1124
2014-06-06,20.12,20.12,20.05,20.05,16776
2014-06-09,20.15,20.61,20.15,20.61,18304
2014-06-10,20.52,20.72,20.52,20.72,2227
2014-06-11,20.78,20.78,20.6,20.6,1152
2014-06-12,20.72,20.72,20.6,20.6,4652
2014-06-13,20.57,20.69,20.57,20.65,1536
2014-06-16,20.52,20.56,20.5,20.56,1018
2014-06-17,20.55,20.55,20.27,20.38,9340
2014-06-18,20.42,20.79,20.33,20.79,5243
2014-06-19,20.86,20.86,20.55,20.62,17402
2014-06-20,20.51,20.63,20.51,20.63,4205
2014-06-23,20.66,20.66,20.52,20.59,6997
2014-06-24,20.49,20.68,20.49,20.6,4977
2014-06-25,20.8,20.8,20.4,20.43,11860
2014-06-26,20.54,20.54,20.38,20.53,8463
2014-06-27,20.53,20.53,20.37,20.38,5340
2014-06-30,20.48,20.48,20.28,20.28,11207
2014-07-01,20.45,20.45,20.36,20.36,1762
2014-07-02,20.2,20.2,19.95,19.95,1416
2014-07-03,19.85,20.0,19.83,19.92,87869
2014-07-07,19.88,19.93,19.77,19.79,10043
2014-07-08,19.97,19.97,19.83,19.85,8266
2014-07-09,19.7,20.02,19.7,19.99,15799
2014-07-10,19.82,19.82,19.75,19.78,11024
2014-07-11,19.81,19.92,19.81,19.85,264528
2014-07-14,19.99,20.04,19.94,20.01,15930
2014-07-15,19.99,20.04,19.89,19.93,5560
2014-07-16,20.0,20.08,19.7,19.74,14380
2014-07-17,19.67,19.67,19.35,19.46,6368
2014-07-18,19.6,19.91,19.6,19.9,27023
2014-07-21,19.94,20.07,19.94,20.05,10966
2014-07-22,20.26,20.29,20.04,20.26,9600
2014-07-23,20.2,20.26,20.1,20.1,3655
2014-07-24,20.4,20.41,20.16,20.29,4860
2014-07-25,20.34,20.34,20.23,20.23,2908
2014-07-28,20.11,20.16,20.03,20.15,9084
2014-07-29,20.01,20.01,19.78,19.78,1202
2014-07-30,19.78,19.78,19.5,19.63,6265
2014-07-31,19.24,19.27,19.08,19.27,4154
2014-08-01,19.26,19.44,19.26,19.44,3613
2014-08-04,19.65,19.65,19.36,19.58,1383
2014-08-05,19.41,19.43,19.21,19.25,1011
2014-08-06,19.18,19.28,19.18,19.21,23622
2014-08-07,19.12,19.14,18.82,18.83,6191
2014-08-08,18.99,18.99,18.92,18.92,838
2014-08-11,19.1,19.23,19.09,19.17,5576
2014-08-12,19.19,19.29,19.19,19.29,383
2014-08-13,19.45,19.45,19.2,19.22,5511
2014-08-14,19.04,19.24,19.04,19.18,3923
2014-08-15,19.22,19.4,19.22,19.38,3779
2014-08-18,19.66,19.66,19.52,19.52,2285
2014-08-19,19.54,19.85,19.54,19.79,8778
2014-08-20,19.8,19.87,19.75,19.81,3184
2014-08-21,19.97,19.97,19.8,19.8,2238
2014-08-22,19.65,19.75,19.57,19.61,4418
2014-08-25,19.63,19.84,19.63,19.68,27904
2014-08-26,19.89,20.14,19.89,20.11,17891
2014-08-27,20.14,20.57,20.14,20.57,27863
2014-08-28,20.65,20.65,20.52,20.61,14179
2014-08-29,20.64,20.87,20.64,20.87,53071
2014-09-02,20.87,21.3,20.8,21.29,859994
2014-09-03,21.32,21.47,21.29,21.45,70887
2014-09-04,21.33,21.33,21.24,21.27,138220
2014-09-05,21.42,21.42,21.15,21.22,16445
2014-09-08,21.31,21.31,20.64,20.67,616090
2014-09-09,20.43,20.43,20.04,20.19,110855
2014-09-10,19.92,19.98,19.72,19.82,11445
2014-09-11,19.77,20.01,19.77,19.9,39580
2014-09-12,19.62,19.72,19.14,19.25,25380
2014-09-15,19.17,19.29,19.07,19.1,751467
2014-09-16,19.31,19.53,19.14,19.17,1426336
2014-09-17,19.38,19.38,19.05,19.05,17134
2014-09-18,19.02,19.04,18.73,18.88,19738
2014-09-19,18.85,18.89,18.6,18.64,12378
2014-09-22,18.53,18.53,18.25,18.25,9784
2014-09-23,18.14,18.26,17.93,18.05,33641
2014-09-24,17.94,18.24,17.89,18.18,34420
2014-09-25,17.98,17.98,17.71,17.72,28323
2014-09-26,17.68,17.96,17.68,17.96,10050
2014-09-29,17.44,17.44,17.15,17.27,74526
2014-09-30,17.21,17.29,17.02,17.23,12839
2014-10-01,17.17,17.17,16.51,16.55,16933
2014-10-02,16.78,16.78,16.41,16.61,61625
2014-10-03,16.57,16.93,16.57,16.93,37801
2014-10-06,17.93,18.15,17.66,17.73,21306
2014-10-07,17.76,18.0,17.76,17.92,15638
2014-10-08,18.11,18.12,17.56,18.06,28785
2014-10-09,18.22,18.22,17.9,17.9,7142
2014-10-10,17.7,17.7,17.45,17.46,8038
2014-10-13,17.8,18.23,17.78,18.16,24317
2014-10-14,17.94,17.98,17.77,17.85,9580
2014-10-15,17.54,17.54,17.02,17.09,6700
2014-10-16,16.77,16.87,16.66,16.76,9193
2014-10-17,16.9,17.14,16.9,17.06,54331
2014-10-20,16.75,16.76,16.64,16.76,3059
2014-10-21,16.26,16.41,16.16,16.16,173597
2014-10-22,16.21,16.3,15.93,15.99,34698
2014-10-23,15.84,15.84,15.31,15.31,21247
2014-10-24,15.55,16.13,15.55,15.87,111996
2014-10-27,15.04,15.67,14.89,15.66,173265
2014-10-28,16.02,16.46,15.95,16.35,218790
2014-10-29,16.57,16.66,16.14,16.28,38093
2014-10-30,16.79,17.25,16.78,17.02,32620
2014-10-31,16.87,17.05,16.79,16.93,15042
2014-11-03,16.79,16.79,16.59,16.65,15447
2014-11-04,16.49,16.71,16.48,16.69,11938
2014-11-05,16.58,16.62,16.45,16.58,13026
2014-11-06,16.28,16.3,15.77,15.79,23681
2014-11-07,15.83,15.91,15.83,15.91,2400
2014-11-10,16.06,16.12,15.79,15.86,12739
2014-11-11,15.8,15.89,15.78,15.83,9120
2014-11-12,15.97,16.12,15.85,15.85,11097
2014-11-13,15.86,15.88,15.56,15.64,13954
2014-11-14,15.21,15.52,15.21,15.5,10757
2014-11-17,15.47,15.49,15.18,15.22,9398
2014-11-18,15.22,15.58,15.22,15.52,26542
2014-11-19,15.63,15.85,15.6,15.83,30124
2014-11-20,16.02,16.09,15.61,15.71,254669
2014-11-21,16.12,16.77,16.12,16.77,23826
2014-11-24,16.64,16.64,16.32,16.4,31508
2014-11-25,16.59,16.71,16.36,16.41,9522
2014-11-26,16.66,16.68,16.59,16.64,7535
2014-11-28,16.41,16.41,16.2,16.2,9328
2014-12-01,16.09,16.09,15.8,15.81,18331
2014-12-02,15.74,15.74,15.6,15.6,18294
2014-12-03,15.86,15.86,15.7,15.7,6308
2014-12-04,15.54,15.54,15.42,15.44,31706
2014-12-05,15.4,15.51,15.22,15.49,71365
2014-12-08,15.41,15.41,15.0,15.04,38922
2014-12-09,14.99,15.04,14.97,15.0,21516
2014-12-10,14.93,14.93,14.73,14.73,59968
2014-12-11,14.52,14.71,14.38,14.48,17729
2014-12-12,14.34,14.4,14.15,14.16,9738
2014-12-15,14.1,14.11,13.64,13.77,61574
2014-12-16,13.39,13.43,13.19,13.41,392184
2014-12-17,13.28,13.95,13.28,13.57,109304
2014-12-18,13.99,14.0,13.79,13.9,27370
2014-12-19,13.88,14.06,13.88,13.92,6293
2014-12-22,14.12,14.15,13.99,14.09,26657
2014-12-23,13.99,14.04,13.87,13.93,17109
2014-12-24,13.97,14.15,13.95,14.1,17284
2014-12-26,14.04,14.28,14.04,14.23,42235
2014-12-29,14.08,14.22,14.02,14.11,37258
2014-12-30,14.39,14.69,14.2,14.69,37578
2014-12-31,14.38,14.41,14.2,14.28,57283
2015-01-02,14.1,14.1,13.85,14.0,21303
2015-01-05,13.61,13.62,13.38,13.46,20163
2015-01-06,13.47,13.52,13.36,13.48,25232
2015-01-07,13.61,13.79,13.61,13.79,26939
2015-01-08,13.72,13.84,13.63,13.79,8779
2015-01-09,13.79,13.82,13.7,13.79,9124
2015-01-12,13.49,13.49,13.28,13.28,7311
2015-01-13,13.54,13.54,13.29,13.44,101210
2015-01-14,13.46,13.47,13.27,13.27,4631
2015-01-15,13.48,13.54,13.31,13.31,18811
2015-01-16,13.52,13.56,13.52,13.55,4892
2015-01-20,13.35,13.35,13.22,13.28,10811
2015-01-21,13.41,13.58,13.4,13.54,28786
2015-01-22,13.77,13.86,13.61,13.63,19726
2015-01-23,13.54,13.54,13.41,13.51,5694
2015-01-26,13.23,13.25,13.11,13.22,13264
2015-01-27,13.13,13.3,13.05,13.28,13099
2015-01-28,13.07,13.12,12.94,12.97,10195
2015-01-29,12.94,13.11,12.91,13.02,9192
2015-01-30,12.54,12.56,12.28,12.36,17837
2015-02-02,12.22,12.39,12.22,12.36,9003
2015-02-03,12.53,12.63,12.45,12.63,5885
2015-02-04,12.34,12.4,12.23,12.35,32504
2015-02-05,12.37,12.62,12.37,12.47,79204
2015-02-06,12.24,12.26,11.99,12.14,75369
2015-02-09,11.95,12.28,11.95,12.21,34786
2015-02-10,12.0,12.01,11.75,11.89,40602
2015-02-11,11.66,11.73,11.33,11.62,20858
2015-02-12,11.89,12.0,11.73,11.99,52481
2015-02-13,12.02,12.18,11.89,12.18,109006
2015-02-17,12.21,12.21,11.96,12.1,12058
2015-02-18,12.1,12.31,12.04,12.26,56251
2015-02-19,12.09,12.12,12.03,12.08,30463
2015-02-20,12.01,12.11,11.96,12.08,17162
2015-02-23,11.94,12.09,11.94,11.99,36998
2015-02-24,12.1,12.36,11.94,12.35,42597
2015-02-25,12.16,12.16,11.97,12.0,106744
2015-02-26,12.05,12.23,12.04,12.18,20692
2015-02-27,12.1,12.26,12.05,12.19,8098
2015-03-02,12.09,12.21,11.91,11.94,34517
2015-03-03,11.94,11.94,11.76,11.76,28114
2015-03-04,11.5,11.5,11.34,11.5,48295
2015-03-05,11.43,11.43,11.26,11.31,121096
2015-03-06,11.19,11.19,11.0,11.01,58948
2015-03-09,10.89,10.89,10.51,10.56,45179
2015-03-10,10.57,10.69,10.49,10.56,17960
2015-03-11,10.6,10.7,10.56,10.68,14331
2015-03-12,10.84,10.85,10.61,10.64,41834
2015-03-13,10.44,10.44,10.17,10.28,51812
2015-03-16,10.49,10.49,10.27,10.42,117582
2015-03-17,10.25,10.45,10.19,10.41,25350
2015-03-18,10.47,10.77,10.46,10.77,6800
2015-03-19,10.73,10.73,10.35,10.42,25939
2015-03-20,10.65,10.8,10.62,10.71,40253
2015-03-23,10.97,11.06,10.87,11.05,16890
2015-03-24,11.19,11.19,10.93,11.06,40047
2015-03-25,11.06,11.09,10.86,10.86,13455
2015-03-26,10.75,10.82,10.68,10.74,31499
2015-03-27,10.66,10.66,10.56,10.6,13975
2015-03-30,10.64,10.78,10.56,10.74,116462
2015-03-31,10.83,10.89,10.79,10.89,14424
2015-04-01,11.0,11.17,10.93,11.12,37517
2015-04-02,11.24,11.5,11.24,11.5,30251
2015-04-06,11.68,11.87,11.65,11.76,38304
2015-04-07,11.61,11.63,11.5,11.5,39692
2015-04-08,11.73,11.85,11.63,11.81,21838
2015-04-09,11.88,11.94,11.69,11.76,97926
2015-04-10,11.78,11.87,11.68,11.78,88001
2015-04-13,11.8,11.85,11.58,11.66,21372
2015-04-14,11.87,11.89,11.75,11.86,42158
2015-04-15,11.95,12.11,11.9,12.07,80090
2015-04-16,12.0,12.27,12.0,12.18,14891
2015-04-17,12.03,12.05,11.9,12.05,10021
2015-04-20,12.11,12.11,12.01,12.08,16952
2015-04-21,12.11,12.2,11.97,12.0,23419
2015-04-22,12.05,12.32,12.04,12.24,25148
2015-04-23,12.24,12.48,12.15,12.47,33801
2015-04-24,12.5,12.7,12.5,12.7,614077
2015-04-27,12.8,12.85,12.66,12.69,637116
2015-04-28,12.71,12.76,12.52,12.53,22909
2015-04-29,12.47,12.47,12.2,12.38,18707
2015-04-30,12.27,12.31,12.02,12.07,25597
2015-05-01,12.1,12.23,12.06,12.23,34553
2015-05-04,12.04,12.06,11.94,11.99,16798
2015-05-05,12.12,12.22,12.08,12.18,15670
2015-05-06,12.38,12.38,12.14,12.21,30455
2015-05-07,12.2,12.2,12.1,12.18,8003
2015-05-08,12.3,12.3,12.07,12.07,703441
2015-05-11,12.25,12.25,11.84,11.95,26164
2015-05-12,11.88,12.01,11.77,11.91,643252
2015-05-13,12.13,12.13,11.79,11.82,569090
2015-05-14,11.83,12.08,11.83,12.03,12633
2015-05-15,12.04,12.39,12.04,12.27,16224
2015-05-18,12.3,12.42,11.97,12.01,9559
2015-05-19,12.07,12.07,11.96,11.96,20857
2015-05-20,12.06,12.15,12.06,12.15,6705
2015-05-21,12.09,12.09,11.95,12.08,7924
2015-05-22,12.04,12.07,11.77,11.78,50022
2015-05-26,11.7,11.7,11.36,11.36,41113
2015-05-27,11.28,11.47,11.22,11.47,22927
2015-05-28,11.43,11.47,11.27,11.36,32818
2015-05-29,11.41,11.41,11.25,11.25,4417
2015-06-01,11.35,11.36,11.2,11.27,7529
2015-06-02,11.35,11.69,11.35,11.68,10933
2015-06-03,11.66,11.7,11.57,11.57,12665
2015-06-04,11.5,11.54,11.44,11.46,24692
2015-06-05,11.38,11.48,11.38,11.48,4024
2015-06-08,11.57,11.62,11.5,11.57,4685
2015-06-09,11.6,11.6,11.5,11.51,11260
2015-06-10,11.63,11.64,11.46,11.53,15426
2015-06-11,11.47,11.49,11.31,11.49,62609
2015-06-12,11.38,11.4,11.34,11.38,5030
2015-06-15,11.28,11.38,11.23,11.26,4361
2015-06-16,11.29,11.41,11.29,11.4,8000
2015-06-17,11.32,11.39,11.26,11.39,3374
2015-06-18,11.5,11.62,11.5,11.62,3431
2015-06-19,11.42,11.43,11.33,11.34,2188
2015-06-22,11.51,11.51,11.42,11.44,4780
2015-06-23,11.41,11.48,11.37,11.46,4957
2015-06-24,11.48,11.52,11.37,11.37,48624
2015-06-25,11.15,11.15,10.89,10.95,8233
2015-06-26,11.0,11.09,10.98,11.07,8141
2015-06-29,10.95,10.97,10.88,10.97,3434
2015-06-30,11.11,11.11,10.94,11.0,9475
2015-07-01,11.09,11.09,10.89,10.9,9659
2015-07-02,10.98,11.16,10.98,11.15,14001
2015-07-06,10.87,10.89,10.82,10.85,8967
2015-07-07,10.62,10.65,10.52,10.65,11427
2015-07-08,10.46,10.47,10.41,10.46,2975
2015-07-09,10.6,10.63,10.54,10.56,18650
2015-07-10,10.67,10.77,10.59,10.77,11019
2015-07-13,10.84,10.96,10.75,10.95,28737
2015-07-14,10.96,10.99,10.88,10.91,10831
2015-07-15,10.81,10.95,10.8,10.91,34718
2015-07-16,10.95,10.98,10.88,10.94,22473
2015-07-17,10.9,10.9,10.58,10.62,18815
2015-07-20,10.5,10.52,10.39,10.44,26553
2015-07-21,10.54,10.57,10.5,10.5,12835
2015-07-22,10.28,10.28,10.19,10.2,21638
2015-07-23,9.93,10.01,9.8,9.85,51634
2015-07-24,9.72,9.72,9.42,9.51,34367
2015-07-27,9.45,9.52,9.35,9.52,56817
2015-07-28,9.48,9.49,9.3,9.49,20739
2015-07-29,9.52,9.65,9.5,9.59,45696
2015-07-30,9.58,9.63,9.42,9.49,14452
2015-07-31,9.49,9.52,9.36,9.42,4742
2015-08-03,9.35,9.37,9.24,9.28,28811
2015-08-04,9.25,9.25,9.14,9.23,4255
2015-08-05,9.2,9.26,9.14,9.16,10436
2015-08-06,9.06,9.06,8.95,9.0,36485
2015-08-07,9.01,9.01,8.88,8.96,5330
2015-08-10,8.91,9.12,8.91,9.12,34995
2015-08-11,8.99,9.0,8.82,8.93,30691
2015-08-12,8.85,8.96,8.82,8.96,35780
2015-08-13,8.92,8.92,8.83,8.87,10007
2015-08-14,8.91,8.96,8.9,8.9,6729
2015-08-17,8.92,8.96,8.86,8.89,20611
2015-08-18,8.86,8.96,8.84,8.92,24715
2015-08-19,8.78,8.78,8.63,8.7,16416
2015-08-20,8.71,8.77,8.71,8.77,998
2015-08-21,8.72,8.72,8.5,8.6,14181
2015-08-24,7.99,8.56,7.99,8.12,64046
2015-08-25,8.54,8.54,8.0,8.0,26478
2015-08-26,8.03,8.24,7.96,8.2,11367
2015-08-27,8.5,8.57,8.4,8.51,9434
2015-08-28,8.46,8.47,8.39,8.42,29111
2015-08-31,8.06,8.21,8.06,8.21,16121
2015-09-01,8.04,8.05,7.9,7.9,9181
2015-09-02,7.87,7.87,7.78,7.84,21729
2015-09-03,7.83,8.05,7.83,8.05,10867
2015-09-04,7.92,7.93,7.79,7.82,8697
2015-09-08,7.91,7.91,7.84,7.84,1503
2015-09-09,8.0,8.0,7.88,7.88,1350
2015-09-10,7.61,7.71,7.58,7.61,48832
2015-09-11,7.58,7.64,7.56,7.61,25708
2015-09-14,7.66,7.84,7.64,7.79,28394
2015-09-15,7.65,7.76,7.63,7.75,22491
2015-09-16,7.84,7.95,7.84,7.95,16325
2015-09-17,7.77,8.0,7.69,7.69,249977
2015-09-18,7.71,7.75,7.41,7.41,70073
2015-09-21,7.43,7.45,7.28,7.37,27565
2015-09-22,7.09,7.09,6.87,6.88,277240
2015-09-23,6.99,6.99,6.8,6.8,150749
2015-09-24,6.58,7.09,6.53,7.05,57404
2015-09-25,7.12,7.15,7.05,7.11,8850
2015-09-28,6.88,6.99,6.75,6.76,14323
2015-09-29,6.75,6.95,6.71,6.83,68486
2015-09-30,7.02,7.17,7.0,7.15,2989
2015-10-01,7.18,7.2,6.99,7.1,4235
2015-10-02,6.96,7.29,6.96,7.26,6216
2015-10-05,7.43,7.49,7.31,7.48,9396
2015-10-06,7.5,7.65,7.5,7.61,66379
2015-10-07,7.8,7.96,7.63,7.78,110763
2015-10-08,7.84,7.92,7.8,7.9,20645
2015-10-09,7.97,8.1,7.96,8.03,8921
2015-10-12,8.11,8.14,7.96,7.96,10898
2015-10-13,7.82,7.82,7.61,7.62,14407
2015-10-14,7.64,7.76,7.64,7.76,15525
2015-10-15,7.76,7.82,7.61,7.8,136081
2015-10-16,7.84,7.84,7.62,7.76,56091
2015-10-19,7.61,7.79,7.56,7.75,634898
2015-10-20,7.7,7.78,7.61,7.73,327267
2015-10-21,7.54,7.66,7.53,7.63,22101
2015-10-22,7.62,7.8,7.62,7.8,14890
2015-10-23,7.86,7.86,7.74,7.83,40795
2015-10-26,7.83,7.83,7.66,7.72,15322
2015-10-27,7.75,7.82,7.68,7.78,12695
2015-10-28,7.84,7.89,7.7,7.73,21082
2015-10-29,7.73,7.84,7.73,7.84,36190
2015-10-30,7.84,7.85,7.75,7.75,11317
2015-11-02,7.75,7.94,7.75,7.93,92687
2015-11-03,8.06,8.3,8.06,8.29,46623
2015-11-04,8.31,8.31,8.15,8.2,27376
2015-11-05,8.17,8.26,8.17,8.24,31443
2015-11-06,8.05,8.19,7.98,8.11,12172
2015-11-09,8.1,8.1,8.04,8.05,12127
2015-11-10,8.01,8.03,7.9,8.03,29767
2015-11-11,8.23,8.25,8.15,8.24,39387
2015-11-12,8.09,8.2,8.05,8.12,7633
2015-11-13,8.05,8.06,7.89,7.89,52146
2015-11-16,7.98,8.05,7.92,8.05,13680
2015-11-17,8.04,8.1,8.02,8.05,13834
2015-11-18,8.08,8.13,8.02,8.1,18648
2015-11-19,8.23,8.3,8.16,8.21,13830
2015-11-20,8.4,8.4,8.28,8.37,12922
2015-11-23,8.34,8.35,8.11,8.25,479184
2015-11-24,8.09,8.26,8.09,8.2,71556
2015-11-25,7.97,7.97,7.86,7.86,81703
2015-11-27,7.95,7.95,7.77,7.77,4368
2015-11-30,7.76,7.76,7.37,7.39,16301
2015-12-01,7.39,7.44,7.32,7.35,55046
2015-12-02,7.5,7.51,7.38,7.49,25404
2015-12-03,7.68,7.82,7.68,7.78,22616
2015-12-04,7.73,7.74,7.57,7.57,8995
2015-12-07,7.68,7.68,7.51,7.57,16374
2015-12-08,7.26,7.52,7.26,7.52,13680
2015-12-09,7.57,7.65,7.56,7.56,13793
2015-12-10,7.48,7.56,7.45,7.45,10834
2015-12-11,7.35,7.35,7.31,7.31,3970
2015-12-14,7.26,7.31,7.13,7.22,58971
2015-12-15,7.21,7.31,7.14,7.18,46339
2015-12-16,7.0,7.3,7.0,7.3,36839
2015-12-17,7.25,7.29,7.17,7.17,8361
2015-12-18,7.05,7.07,6.9,6.97,7806
2015-12-21,6.86,6.86,6.68,6.7,85868
2015-12-22,6.73,6.82,6.7,6.77,34114
2015-12-23,6.93,6.94,6.85,6.94,21312
2015-12-24,6.97,7.02,6.86,6.97,15193
2015-12-28,7.09,7.11,7.02,7.08,19685
2015-12-29,7.1,7.15,6.98,7.02,12948
2015-12-30,6.95,6.99,6.78,6.92,41750
2015-12-31,6.79,6.98,6.79,6.88,39473
2016-01-04,6.75,6.8,6.57,6.6,9821
2016-01-05,6.66,6.66,6.54,6.54,2476
2016-01-06,6.49,6.54,6.44,6.5,21861
2016-01-07,6.27,6.36,6.27,6.34,8382
2016-01-08,6.46,6.49,6.31,6.35,6446
2016-01-11,6.47,6.49,6.19,6.2,2638
2016-01-12,6.24,6.34,6.24,6.34,3225
2016-01-13,6.42,6.42,6.19,6.29,9347
2016-01-14,6.16,6.34,6.16,6.2,28447
2016-01-15,6.03,6.21,6.02,6.03,15705
2016-01-19,6.17,6.2,6.06,6.16,54487
2016-01-20,6.0,6.0,5.85,5.9,174645
2016-01-21,5.89,5.95,5.79,5.79,25592
2016-01-22,5.93,6.01,5.87,5.87,21413
2016-01-25,5.84,5.99,5.83,5.86,79970
2016-01-26,5.89,5.94,5.8,5.92,87499
2016-01-27,6.1,6.1,5.93,5.94,94792
2016-01-28,5.93,6.08,5.91,6.08,47207
2016-01-29,6.25,6.4,6.19,6.39,67453
2016-02-01,6.38,6.61,6.25,6.56,110063
2016-02-02,,,,6.56,0
2016-02-03,6.44,6.61,6.42,6.61,12953
2016-02-04,6.68,6.78,6.62,6.62,40919
2016-02-05,6.68,6.69,6.6,6.6,6205
2016-02-08,6.7,6.7,6.54,6.68,9228
2016-02-09,6.53,6.64,6.37,6.63,248083
2016-02-10,6.53,6.68,6.51,6.51,6410
2016-02-11,6.46,6.46,6.25,6.36,55622
2016-02-12,6.31,6.35,6.26,6.28,23035
2016-02-16,6.54,6.54,6.31,6.31,5984
2016-02-17,6.43,6.59,6.43,6.56,23186
2016-02-18,6.44,6.48,6.38,6.39,16580
2016-02-19,6.48,6.56,6.4,6.53,32467
2016-02-22,6.69,6.85,6.69,6.85,8608
2016-02-23,6.76,6.76,6.66,6.7,1321
2016-02-24,6.49,6.6,6.47,6.55,12056
2016-02-25,6.6,6.64,6.58,6.6,2333
2016-02-26,6.7,6.7,6.49,6.51,4444
2016-02-29,6.61,6.69,6.61,6.65,4124
2016-03-01,6.8,7.0,6.8,7.0,97799
2016-03-02,6.93,7.11,6.9,7.05,53702
2016-03-03,7.19,7.54,7.19,7.52,64041
2016-03-04,7.79,7.85,7.66,7.68,45255
2016-03-07,7.71,7.76,7.65,7.71,41117
2016-03-08,7.7,7.79,7.62,7.79,11112
2016-03-09,7.95,8.01,7.9,7.94,15933
2016-03-10,7.95,8.37,7.95,8.33,36524
2016-03-11,8.33,8.39,8.22,8.26,25826
2016-03-14,8.31,8.31,8.08,8.14,45382
2016-03-15,7.95,8.02,7.59,7.66,15729
2016-03-16,7.5,7.85,7.5,7.83,12949
2016-03-17,8.25,8.44,8.13,8.34,50095
2016-03-18,8.42,8.49,8.33,8.49,27795
2016-03-21,8.45,8.47,8.43,8.45,8968
2016-03-22,8.42,8.61,8.38,8.5,26273
2016-03-23,8.44,8.44,8.11,8.23,26577
2016-03-24,8.09,8.12,7.99,8.12,4343
2016-03-28,8.33,8.55,8.24,8.35,13597
2016-03-29,8.41,8.58,8.34,8.58,167991
2016-03-30,8.66,8.71,8.59,8.59,6263
2016-03-31,8.65,8.65,8.45,8.45,7448
2016-04-01,8.36,8.61,8.34,8.6,7131
2016-04-04,8.43,8.45,8.2,8.22,25853
2016-04-05,8.1,8.18,8.1,8.12,7964
2016-04-06,8.04,8.11,7.98,8.05,20136
2016-04-07,8.0,8.0,8.0,8.0,615
2016-04-08,8.11,8.36,8.06,8.33,13352
2016-04-11,8.59,8.75,8.59,8.63,36628
2016-04-12,8.61,8.8,8.55,8.8,7382
2016-04-13,8.92,9.18,8.85,9.17,53789
2016-04-14,9.07,9.07,8.96,9.05,7043
2016-04-15,9.03,9.06,8.94,8.96,7290
2016-04-18,8.85,8.9,8.73,8.81,15106
2016-04-19,8.9,9.1,8.9,9.07,28413
2016-04-20,9.04,9.04,8.98,9.04,6686
2016-04-21,9.02,9.02,8.88,8.95,3480
2016-04-22,8.84,8.84,8.7,8.75,15389
2016-04-25,8.85,8.86,8.76,8.83,8714
2016-04-26,8.86,9.02,8.79,9.02,11213
2016-04-27,9.09,9.09,9.09,9.09,959
2016-04-28,9.25,9.35,9.22,9.22,10582
2016-04-29,9.37,9.48,9.25,9.33,6547
2016-05-02,9.22,9.22,9.16,9.2,13608
2016-05-03,8.98,8.98,8.83,8.89,103906
2016-05-04,8.86,8.96,8.86,8.93,5724
2016-05-05,9.12,9.12,8.84,8.89,7686
2016-05-06,8.88,9.0,8.87,9.0,18926
2016-05-09,8.84,8.89,8.41,8.89,20053
2016-05-10,9.02,9.17,8.97,9.17,42599
2016-05-11,9.44,9.48,9.27,9.47,47015
2016-05-12,9.46,9.5,9.26,9.44,17333
2016-05-13,9.34,9.34,9.12,9.17,18843
2016-05-16,9.24,9.26,9.2,9.26,5848
2016-05-17,9.18,9.21,9.01,9.05,15063
2016-05-18,8.9,8.98,8.9,8.9,5066
2016-05-19,8.72,8.76,8.66,8.68,9096
2016-05-20,8.88,8.92,8.8,8.84,9238
2016-05-23,8.66,8.69,8.53,8.64,6726
2016-05-24,8.72,8.84,8.6,8.64,17968
2016-05-25,8.7,8.78,8.56,8.56,13659
2016-05-26,8.6,8.7,8.6,8.63,2872
2016-05-27,8.56,8.65,8.5,8.5,34081
2016-05-31,8.52,8.6,8.3,8.4,10638
2016-06-01,8.54,8.68,8.46,8.66,154821
2016-06-02,8.76,8.88,8.66,8.83,39297
2016-06-03,8.96,9.03,8.89,9.03,40487
2016-06-06,9.08,9.2,9.08,9.2,10394
2016-06-07,9.26,9.33,9.23,9.3,67768
2016-06-08,9.49,9.78,9.47,9.74,17614
2016-06-09,9.71,9.71,9.55,9.62,29931
2016-06-10,9.41,9.41,9.29,9.34,7774
2016-06-13,9.18,9.2,9.03,9.03,19162
2016-06-14,9.12,9.22,8.87,8.87,84957
2016-06-15,8.96,9.09,8.96,9.02,11866
2016-06-16,8.83,8.93,8.8,8.93,6886
2016-06-17,9.17,9.19,9.16,9.18,4230
2016-06-20,9.45,9.5,9.34,9.45,5603
2016-06-21,9.45,9.5,9.34,9.43,7000
2016-06-22,9.4,9.47,9.35,9.4,7074
2016-06-23,9.53,9.69,9.53,9.68,2566
2016-06-24,9.39,9.47,9.36,9.4,18188
2016-06-27,9.41,9.41,9.21,9.3,28031
2016-06-28,9.49,9.63,9.46,9.62,36666
2016-06-29,9.85,10.1,9.85,10.08,43470
2016-06-30,10.11,10.3,10.11,10.21,14282
2016-07-01,10.29,10.33,10.14,10.3,17870
2016-07-05,10.21,10.21,10.01,10.08,20574
2016-07-06,9.98,9.98,9.81,9.94,10667
2016-07-07,9.93,10.07,9.87,9.87,16265
2016-07-08,10.14,10.32,10.1,10.32,22440
2016-07-11,10.44,10.46,10.34,10.42,29206
2016-07-12,10.61,10.73,10.54,10.54,32993
2016-07-13,10.58,10.74,10.55,10.74,17064
2016-07-14,10.97,11.07,10.93,10.95,61300
2016-07-15,10.87,11.04,10.86,11.03,25630
2016-07-18,11.01,11.35,11.01,11.3,311331
2016-07-19,11.34,11.38,11.23,11.36,337777
2016-07-20,11.38,11.47,11.29,11.39,40079
2016-07-21,11.47,11.48,11.32,11.37,50012
2016-07-22,11.39,11.59,11.36,11.56,55521
2016-07-25,11.51,11.51,11.31,11.37,52110
2016-07-26,11.38,11.47,11.33,11.37,22353
2016-07-27,11.39,11.41,11.23,11.38,18002
2016-07-28,11.24,11.28,11.2,11.23,35357
2016-07-29,11.43,11.68,11.27,11.68,57829
2016-08-01,11.71,11.74,11.58,11.58,39909
2016-08-02,11.67,11.68,11.42,11.5,71068
2016-08-03,11.39,11.72,11.39,11.72,8814
2016-08-04,11.92,12.07,11.75,11.98,68805
2016-08-05,12.1,12.14,11.95,12.1,55468
2016-08-08,12.05,12.09,11.89,11.92,29828
2016-08-09,12.07,12.24,12.01,12.14,65352
2016-08-10,12.21,12.22,12.0,12.08,79233
2016-08-11,12.05,12.13,11.96,12.13,79349
2016-08-12,12.05,12.15,11.85,11.85,71293
2016-08-15,12.07,12.15,11.96,12.01,61104
2016-08-16,12.01,12.03,11.89,11.89,26139
2016-08-17,11.78,11.87,11.59,11.86,32094
2016-08-18,11.96,12.02,11.73,11.8,306876
2016-08-19,11.83,11.93,11.63,11.92,32711
2016-08-22,11.83,11.88,11.69,11.72,59287
2016-08-23,11.84,11.91,11.69,11.72,22624
2016-08-24,11.54,11.71,11.46,11.49,64262
2016-08-25,11.5,11.53,11.43,11.43,26779
2016-08-26,11.5,11.73,11.29,11.31,45276
2016-08-29,11.27,11.62,11.25,11.62,57587
2016-08-30,11.4,11.5,11.4,11.5,61490
2016-08-31,11.56,11.58,11.35,11.44,11429
2016-09-01,11.44,11.51,11.29,11.5,25574
2016-09-02,11.61,11.78,11.56,11.78,235965
2016-09-06,11.76,12.07,11.75,12.07,129237
2016-09-07,12.12,12.12,11.91,11.99,108824
2016-09-08,12.18,12.18,11.98,12.02,145882
2016-09-09,11.74,11.74,11.43,11.43,22272
2016-09-12,11.31,11.76,11.3,11.76,27115
2016-09-13,11.49,11.52,11.0,11.07,66255
2016-09-14,11.07,11.23,11.0,11.0,21640
2016-09-15,11.06,11.27,11.0,11.27,16166
2016-09-16,11.14,11.47,11.14,11.47,18651
2016-09-19,11.51,11.57,11.38,11.41,18544
2016-09-20,11.58,11.58,11.48,11.55,5426
2016-09-21,11.6,11.89,11.6,11.86,18120
2016-09-22,12.04,12.2,11.84,11.89,16412
2016-09-23,11.86,11.89,11.69,11.69,36678
2016-09-26,11.59,11.63,11.54,11.62,3027
2016-09-27,11.56,11.65,11.51,11.61,4546
2016-09-28,11.65,11.82,11.54,11.72,194275
2016-09-29,11.79,11.9,11.57,11.6,11980
2016-09-30,11.59,11.66,11.53,11.65,19010
2016-10-03,11.67,11.99,11.65,11.97,86679
2016-10-04,11.99,12.0,11.7,11.7,29388
2016-10-05,11.91,12.1,11.91,12.08,11452
2016-10-06,12.0,12.12,12.0,12.09,3894
2016-10-07,12.21,12.22,12.03,12.18,17968
2016-10-10,12.43,12.43,12.23,12.29,47222
2016-10-11,12.31,12.31,12.16,12.26,22926
2016-10-12,12.26,12.3,12.09,12.24,22857
2016-10-13,12.1,12.26,12.1,12.23,18924
2016-10-14,12.41,12.44,12.23,12.35,74139
2016-10-17,12.37,12.42,12.19,12.38,24786
2016-10-18,12.49,12.75,12.48,12.7,28998
2016-10-19,12.77,12.85,12.65,12.77,31261
2016-10-20,12.74,12.85,12.63,12.76,18329
2016-10-21,12.76,12.94,12.74,12.93,29816
2016-10-24,13.12,13.21,13.09,13.11,38696
2016-10-25,12.99,13.13,12.93,13.04,83479
2016-10-26,12.89,12.94,12.77,12.94,58834
2016-10-27,13.03,13.1,12.82,12.82,17939
2016-10-28,12.87,12.95,12.58,12.69,16356
2016-10-31,12.79,12.95,12.69,12.83,19425
2016-11-01,12.68,12.68,12.12,12.37,44741
2016-11-02,12.12,12.22,11.99,12.15,40702
2016-11-03,12.24,12.31,12.03,12.04,15450
2016-11-04,11.97,12.17,11.81,11.89,29105
2016-11-07,12.37,12.52,12.32,12.48,47207
2016-11-08,12.45,12.67,12.38,12.56,37800
2016-11-09,12.14,12.45,12.14,12.23,30450
2016-11-10,11.79,11.79,11.05,11.3,92155
2016-11-11,11.07,11.08,10.45,10.89,571426
2016-11-14,10.63,10.75,10.43,10.68,75498
2016-11-15,10.82,11.19,10.82,11.19,52388
2016-11-16,10.8,10.83,10.66,10.83,21412
2016-11-17,10.75,10.9,10.63,10.73,38937
2016-11-18,10.73,10.85,10.65,10.82,40037
2016-11-21,10.89,11.14,10.89,11.14,21027
2016-11-22,11.3,11.37,11.1,11.12,43032
2016-11-23,10.92,11.03,10.79,11.01,26426
2016-11-25,10.91,10.92,10.83,10.87,32115
2016-11-28,10.95,11.21,10.95,11.15,32758
2016-11-29,11.1,11.1,10.91,10.91,22361
2016-11-30,11.02,11.16,10.98,11.16,17163
2016-12-01,10.84,10.84,10.38,10.43,132375
2016-12-02,10.38,10.56,10.33,10.4,435048
2016-12-05,10.38,10.57,10.38,10.57,395592
2016-12-06,10.53,10.76,10.45,10.67,103134
2016-12-07,10.74,10.93,10.74,10.93,12149
2016-12-08,10.9,10.93,10.8,10.91,37500
2016-12-09,10.9,10.94,10.81,10.84,10434
2016-12-12,10.71,10.84,10.67,10.7,46033
2016-12-13,10.83,10.9,10.77,10.86,17410
2016-12-14,10.75,10.76,10.45,10.47,17735
2016-12-15,10.44,10.61,10.4,10.6,4265
2016-12-16,10.55,10.6,10.49,10.55,22702
2016-12-19,10.57,10.58,10.45,10.46,15477
2016-12-20,10.41,10.52,10.41,10.5,14346
2016-12-21,10.38,10.43,10.35,10.42,9703
2016-12-22,10.37,10.55,10.37,10.55,42748
2016-12-23,10.62,10.79,10.62,10.74,6622
2016-12-27,10.74,10.88,10.74,10.86,36658
2016-12-28,10.93,10.98,10.85,10.96,15052
2016-12-29,10.97,11.09,10.97,11.08,74988
2016-12-30,11.16,11.16,10.95,10.97,15032
2017-01-03,11.21,11.39,11.21,11.34,22461
2017-01-04,11.52,11.65,11.52,11.64,18695
2017-01-05,11.72,11.83,11.7,11.77,30972
2017-01-06,11.68,11.7,11.56,11.62,38133
2017-01-09,11.74,11.83,11.71,11.76,13740
2017-01-10,11.88,11.97,11.79,11.84,90106
2017-01-11,11.73,12.05,11.66,12.04,83453
2017-01-12,12.28,12.38,12.25,12.27,41581
2017-01-13,12.3,12.3,12.16,12.29,61464
2017-01-17,12.36,12.51,12.35,12.49,15229
2017-01-18,12.52,12.56,12.32,12.32,29212
2017-01-19,12.32,12.4,12.26,12.32,5616
2017-01-20,12.53,12.62,12.41,12.57,12719
2017-01-23,12.68,12.86,12.59,12.81,66537
2017-01-24,12.9,12.97,12.77,12.85,65675
2017-01-25,12.86,12.99,12.86,12.98,12898
2017-01-26,12.99,12.99,12.88,12.99,42219
2017-01-27,13.04,13.17,13.04,13.14,35144
2017-01-30,13.05,13.11,12.95,12.98,61903
2017-01-31,13.02,13.11,12.98,13.06,43825
2017-02-01,13.2,13.28,13.08,13.26,48280
2017-02-02,13.33,13.41,13.25,13.36,39549
2017-02-03,13.49,13.56,13.36,13.47,96253
2017-02-06,13.4,13.44,13.26,13.26,59210
2017-02-07,13.36,13.36,13.17,13.21,34577
2017-02-08,13.28,13.42,13.22,13.41,22028
2017-02-09,13.46,13.52,13.36,13.51,69854
2017-02-10,13.74,13.83,13.59,13.8,49344
2017-02-13,13.97,14.0,13.82,13.98,110912
2017-02-14,14.0,14.12,13.77,14.12,82690
2017-02-15,14.2,14.44,14.12,14.43,187170
2017-02-16,14.54,14.54,14.2,14.25,86853
2017-02-17,14.21,14.33,14.13,14.27,60806
2017-02-21,14.74,14.74,14.54,14.62,239718
2017-02-22,14.58,14.58,14.4,14.53,118158
2017-02-23,14.72,14.72,14.29,14.4,92099
2017-02-24,14.14,14.14,14.01,14.08,78743
2017-02-27,14.01,14.16,14.01,14.04,86522
2017-02-28,14.05,14.05,13.8,13.85,105400
2017-03-01,14.06,14.28,13.94,14.26,190259
2017-03-02,14.26,14.26,13.87,13.91,98817
2017-03-03,14.07,14.15,13.91,14.15,104492
2017-03-06,14.22,14.3,14.15,14.17,59406
2017-03-07,14.3,14.33,14.18,14.28,19861
2017-03-08,14.04,14.07,13.56,13.63,517892
2017-03-09,13.59,13.59,13.27,13.28,76570
2017-03-10,13.57,13.67,13.45,13.57,137466
2017-03-13,13.63,13.81,13.61,13.8,174739
2017-03-14,13.69,13.7,13.54,13.55,61382
2017-03-15,13.68,14.02,13.51,14.01,60971
2017-03-16,14.11,14.17,13.96,14.02,62280
2017-03-17,14.1,14.1,13.75,13.81,23139
2017-03-20,13.67,13.96,13.59,13.95,412466
2017-03-21,13.96,13.96,13.5,13.58,96703
2017-03-22,13.39,13.55,13.26,13.55,64411
2017-03-23,13.45,13.49,13.31,13.39,67050
2017-03-24,13.46,13.52,13.4,13.46,31143
2017-03-27,13.34,13.44,13.21,13.41,60159
2017-03-28,13.45,13.46,13.37,13.43,6544
2017-03-29,13.44,13.68,13.44,13.67,28897
2017-03-30,13.7,13.7,13.49,13.53,18237
2017-03-31,13.52,13.7,13.42,13.64,26852
2017-04-03,13.74,13.78,13.7,13.77,11590
2017-04-04,13.7,13.87,13.68,13.84,15082
2017-04-05,14.03,14.06,13.68,13.69,46196
2017-04-06,13.59,13.72,13.42,13.46,18043
2017-04-07,13.5,13.66,13.46,13.51,16534
2017-04-10,13.65,13.65,13.47,13.55,25816
2017-04-11,13.6,13.65,13.47,13.57,12957
2017-04-12,13.51,13.52,13.35,13.44,36338
2017-04-13,13.47,13.58,13.34,13.35,11369
2017-04-17,13.49,13.88,13.49,13.88,18746
2017-04-18,13.77,13.92,13.65,13.75,27931
2017-04-19,13.77,13.88,13.57,13.61,22893
2017-04-20,13.62,13.64,13.47,13.53,30246
2017-04-21,13.49,13.59,13.49,13.51,59442
2017-04-24,13.73,13.8,13.67,13.71,19671
2017-04-25,13.59,13.82,13.53,13.8,40230
2017-04-26,13.62,13.63,13.48,13.61,96961
2017-04-27,13.63,13.63,13.5,13.53,44301
2017-04-28,13.6,13.95,13.57,13.93,43411
2017-05-01,14.0,14.14,13.96,14.06,27072
2017-05-02,14.06,14.44,14.06,14.36,33039
2017-05-03,14.4,14.47,14.29,14.41,30164
2017-05-04,14.25,14.32,13.98,13.98,109686
2017-05-05,14.07,14.25,14.06,14.25,29922
2017-05-08,14.15,14.17,14.01,14.02,41232
2017-05-09,14.15,14.36,14.15,14.36,22899
2017-05-10,14.55,14.69,14.55,14.63,47014
2017-05-11,14.74,14.8,14.64,14.74,34052
2017-05-12,14.82,14.89,14.77,14.78,14581
2017-05-15,14.93,14.97,14.85,14.94,46873
2017-05-16,15.0,15.23,15.0,15.23,200702
2017-05-17,15.12,15.12,14.77,14.8,38924
2017-05-18,12.8,13.65,12.14,12.24,1606907
2017-05-19,12.89,13.15,12.76,13.01,307360
2017-05-22,12.78,12.8,12.31,12.51,139624
2017-05-23,12.65,12.88,12.65,12.82,50717
2017-05-24,12.95,13.19,12.86,13.06,89067
2017-05-25,13.18,13.22,12.9,13.05,37021
2017-05-26,13.15,13.33,13.15,13.23,45770
2017-05-30,13.31,13.4,13.27,13.36,70426
2017-05-31,13.4,13.49,13.22,13.23,69311
2017-06-01,13.31,13.32,13.0,13.1,39459
2017-06-02,13.13,13.14,13.01,13.05,26993
2017-06-05,12.94,12.96,12.79,12.83,56916
2017-06-06,12.9,13.05,12.88,13.05,55136
2017-06-07,13.1,13.15,13.03,13.09,35976
2017-06-08,13.01,13.09,12.89,13.08,42506
2017-06-09,13.13,13.16,12.99,12.99,10978
2017-06-12,12.97,13.0,12.78,12.85,79083
2017-06-13,12.84,12.9,12.75,12.89,17610
2017-06-14,12.93,13.05,12.91,13.0,6506
2017-06-15,12.96,12.96,12.79,12.93,103737
2017-06-16,12.93,12.99,12.86,12.99,220725
2017-06-19,12.92,13.05,12.86,12.97,257326
2017-06-20,12.77,12.77,12.44,12.46,185983
2017-06-21,12.42,12.42,12.25,12.3,106245
2017-06-22,12.3,12.43,12.28,12.38,16393
2017-06-23,12.43,12.48,12.38,12.48,20236
2017-06-26,12.51,12.71,12.5,12.71,175420
2017-06-27,12.63,12.68,12.54,12.56,41866
2017-06-28,12.67,12.77,12.6,12.74,27161
2017-06-29,12.71,12.71,12.59,12.65,7639
2017-06-30,12.71,12.86,12.69,12.8,136324
2017-07-03,12.91,12.94,12.9,12.92,5387
2017-07-05,12.95,13.03,12.84,13.02,24350
2017-07-06,12.99,13.0,12.97,12.98,11992
2017-07-07,13.16,13.16,13.04,13.11,8207
2017-07-10,13.28,13.34,13.2,13.31,37635
2017-07-11,13.36,13.43,13.33,13.42,39548
2017-07-12,13.61,13.87,13.59,13.87,34164
2017-07-13,13.94,13.94,13.87,13.94,142783
2017-07-14,14.04,14.15,14.04,14.11,18871
2017-07-17,14.16,14.19,14.13,14.17,18640
2017-07-18,14.22,14.35,14.17,14.3,37019
2017-07-19,14.39,14.4,14.27,14.38,45809
2017-07-20,14.47,14.5,14.36,14.5,13335
2017-07-21,14.49,14.54,14.47,14.49,33383
2017-07-24,14.53,14.53,14.45,14.52,7843
2017-07-25,14.6,14.61,14.39,14.45,23786
2017-07-26,14.34,14.41,14.3,14.36,30927
2017-07-27,14.48,14.51,14.34,14.42,21789
2017-07-28,14.44,14.63,14.44,14.63,6820
2017-07-31,14.79,14.81,14.67,14.8,29451
2017-08-01,14.73,14.84,14.73,14.76,12943
