Date,Open,High,Low,Close,Volume
2007-05-25,20.01,20.1,20.0,20.0,61200
2007-05-29,20.08,20.3,20.08,20.19,22800
2007-05-30,20.22,20.3,20.15,20.3,17100
2007-05-31,20.3,20.49,20.21,20.49,10100
2007-06-01,20.7,20.72,20.4,20.6,22000
2007-06-04,20.5,20.5,20.3,20.48,20900
2007-06-05,20.48,20.49,20.4,20.41,11800
2007-06-06,20.46,20.49,20.2,20.2,20700
2007-06-07,20.3,20.4,20.2,20.4,10800
2007-06-08,20.4,20.4,20.21,20.26,23800
2007-06-11,20.26,20.26,20.2,20.25,6200
2007-06-12,20.25,20.39,20.25,20.39,12800
2007-06-13,20.3,20.3,20.05,20.2,15300
2007-06-14,20.3,20.4,20.15,20.16,9000
2007-06-15,20.1,20.2,20.01,20.2,4400
2007-06-18,20.3,20.3,20.1,20.15,4500
2007-06-19,20.25,20.25,20.15,20.15,5400
2007-06-20,20.25,20.3,20.25,20.3,8000
2007-06-21,20.35,20.5,20.35,20.5,8100
2007-06-22,20.5,20.5,20.06,20.1,9600
2007-06-25,20.11,20.11,19.46,19.47,48900
2007-06-26,19.45,19.74,19.45,19.71,46500
2007-06-27,19.7,19.75,19.69,19.71,25500
2007-06-28,19.75,19.9,19.75,19.9,14100
2007-06-29,19.87,19.9,19.85,19.9,9300
2007-07-02,19.75,19.75,19.35,19.6,20000
2007-07-03,19.6,19.7,19.6,19.7,4200
2007-07-05,19.6,19.75,19.6,19.75,9600
2007-07-06,19.65,19.7,19.6,19.62,11000
2007-07-09,19.6,19.85,19.6,19.65,17200
2007-07-10,19.62,19.7,19.59,19.68,29100
2007-07-11,19.62,19.7,19.61,19.66,8500
2007-07-12,19.67,20.05,19.62,19.75,15500
2007-07-13,20.0,20.0,19.72,19.91,8200
2007-07-16,19.9,19.9,19.75,19.76,14400
2007-07-17,19.7,19.8,19.63,19.63,12100
2007-07-18,19.6,19.64,19.0,19.1,28600
2007-07-19,19.1,19.1,18.55,18.75,19900
2007-07-20,18.7,18.7,18.26,18.41,13600
2007-07-23,18.5,18.5,18.25,18.46,13500
2007-07-24,18.46,18.65,17.68,17.76,41200
2007-07-25,17.8,17.8,16.75,17.15,43500
2007-07-26,17.15,17.49,16.2,17.49,36500
2007-07-27,17.45,17.76,16.45,16.99,25900
2007-07-30,17.0,17.0,15.48,16.6,52900
2007-07-31,16.45,17.25,16.4,16.85,46700
2007-08-01,16.75,17.35,16.1,16.41,43700
2007-08-02,16.41,16.45,15.01,16.05,59100
2007-08-03,16.25,16.25,15.53,15.85,32500
2007-08-06,15.8,16.15,15.35,16.1,49000
2007-08-07,16.0,16.83,15.85,16.83,38600
2007-08-08,17.5,17.6,16.9,17.28,42800
2007-08-09,17.45,17.45,16.65,17.21,26900
2007-08-10,17.17,17.17,16.4,16.4,23500
2007-08-13,16.6,17.24,16.03,16.44,37700
2007-08-14,16.59,16.7,14.69,15.0,36900
2007-08-15,14.8,15.75,13.5,14.25,82800
2007-08-16,13.5,14.1,12.99,13.46,105900
2007-08-17,14.25,15.7,14.25,15.67,77900
2007-08-20,15.61,16.1,15.25,16.0,33700
2007-08-21,16.0,16.42,15.3,16.32,33600
2007-08-22,16.0,16.04,15.02,15.86,48200
2007-08-23,15.8,16.35,15.09,16.24,44100
2007-08-24,16.19,16.24,15.51,15.64,22800
2007-08-27,15.68,15.7,15.01,15.3,53300
2007-08-28,15.55,15.6,15.0,15.5,59500
2007-08-29,15.6,15.65,15.16,15.55,51300
2007-08-30,15.75,16.0,14.97,15.58,78300
2007-08-31,15.75,16.49,15.46,16.45,71800
2007-09-04,16.35,17.23,16.35,17.0,37400
2007-09-05,16.9,17.0,16.5,17.0,35000
2007-09-06,16.9,17.1,16.67,17.0,18300
2007-09-07,16.7,16.7,16.15,16.16,34600
2007-09-10,16.15,16.15,15.0,15.49,42800
2007-09-11,15.26,15.66,15.26,15.4,21900
2007-09-12,15.5,15.7,14.51,14.74,59600
2007-09-13,14.7,15.8,14.55,15.1,47200
2007-09-14,15.0,15.2,14.8,15.0,29000
2007-09-17,14.85,15.2,14.48,15.18,39100
2007-09-18,15.06,16.25,14.95,15.7,54700
2007-09-19,15.85,16.39,15.5,15.8,55400
2007-09-20,15.7,16.39,15.7,15.85,39700
2007-09-21,16.05,16.55,15.77,15.8,32900
2007-09-24,15.8,15.8,14.61,15.3,58200
2007-09-25,15.2,15.3,14.97,15.06,68400
2007-09-26,15.15,15.3,14.69,15.0,54700
2007-09-27,15.1,15.71,15.05,15.59,50200
2007-09-28,15.35,15.95,15.18,15.84,60400
2007-10-01,15.71,15.97,15.4,15.75,34600
2007-10-02,15.85,16.19,15.54,16.05,36800
2007-10-03,16.15,16.18,15.7,15.9,40000
2007-10-04,15.7,15.96,15.41,15.95,38100
2007-10-05,15.85,16.19,15.85,15.85,40800
2007-10-08,15.95,16.35,15.8,16.17,36800
2007-10-09,16.15,16.15,15.82,16.05,34200
2007-10-10,15.95,16.07,15.88,16.02,37400
2007-10-11,16.09,16.14,15.81,15.81,27200
2007-10-12,15.81,15.82,15.55,15.62,28300
2007-10-15,15.65,15.68,15.05,15.19,63200
2007-10-16,15.16,15.25,14.77,14.9,52300
2007-10-17,14.83,15.1,14.51,14.74,48900
2007-10-18,14.64,14.7,14.44,14.63,60000
2007-10-19,14.5,14.65,14.11,14.31,78200
2007-10-22,14.2,14.29,14.02,14.1,30600
2007-10-23,14.25,14.25,13.85,14.0,64700
2007-10-24,13.9,14.0,13.7,13.85,59300
2007-10-25,13.9,14.05,13.7,13.97,42600
2007-10-26,13.87,14.13,13.65,14.07,59100
2007-10-29,14.1,14.49,13.91,14.48,38900
2007-10-30,14.38,14.53,13.86,14.09,72900
2007-10-31,14.16,14.45,13.86,14.28,107300
2007-11-01,14.24,14.24,13.67,14.1,67600
2007-11-02,14.2,14.45,13.56,14.1,69200
2007-11-05,13.95,14.06,13.42,13.91,69400
2007-11-06,13.9,14.03,13.26,13.7,77400
2007-11-07,13.5,13.55,12.94,13.11,104400
2007-11-08,13.04,13.65,12.94,13.44,95000
2007-11-09,13.44,14.2,13.25,14.07,58800
2007-11-12,13.92,14.4,13.78,14.35,72700
2007-11-13,14.2,14.59,14.07,14.58,52700
2007-11-14,14.55,14.62,14.43,14.56,24900
2007-11-15,14.5,14.5,13.99,14.27,54000
2007-11-16,14.12,14.13,13.56,14.01,67200
2007-11-19,13.85,14.35,13.81,13.96,56600
2007-11-20,13.9,14.8,13.8,14.55,81500
2007-11-21,14.0,14.0,13.4,13.75,54000
2007-11-23,13.8,14.0,13.48,13.9,14500
2007-11-26,13.9,14.12,13.75,13.75,87900
2007-11-27,13.65,14.27,13.21,14.27,126600
2007-11-28,14.2,14.4,13.91,14.1,68000
2007-11-29,14.0,14.1,13.45,13.84,71900
2007-11-30,13.93,14.44,13.65,14.23,72200
2007-12-03,14.15,14.44,13.81,13.92,47300
2007-12-04,13.75,13.99,13.34,13.49,60800
2007-12-05,13.75,13.82,13.2,13.52,92400
2007-12-06,13.2,13.6,13.19,13.38,87700
2007-12-07,13.48,13.68,13.28,13.49,81400
2007-12-10,13.4,14.0,13.3,13.6,55200
2007-12-11,13.59,13.81,13.36,13.45,65600
2007-12-12,13.53,13.73,13.02,13.15,85900
2007-12-13,13.02,13.11,12.6,12.83,83300
2007-12-14,12.55,12.8,12.5,12.68,77100
2007-12-17,12.72,12.72,11.81,11.97,90700
2007-12-18,12.0,12.1,11.41,11.64,82500
2007-12-19,11.66,11.89,11.53,11.6,88900
2007-12-20,11.6,11.77,11.5,11.55,110500
2007-12-21,11.65,11.95,11.59,11.85,144300
2007-12-24,11.81,12.45,11.81,12.34,65600
2007-12-26,12.4,12.97,12.36,12.67,111600
2007-12-27,12.61,12.64,12.4,12.44,148500
2007-12-28,12.1,12.4,12.02,12.1,194000
2007-12-31,11.95,12.24,11.86,12.01,282700
2008-01-02,12.09,12.24,12.01,12.09,38300
2008-01-03,12.07,12.5,12.07,12.39,38075
2008-01-04,12.32,12.32,12.08,12.09,41600
2008-01-07,12.09,12.09,11.79,11.87,52500
2008-01-08,11.9,12.09,11.72,11.72,43400
2008-01-09,11.72,11.84,11.43,11.56,58500
2008-01-10,11.51,11.98,11.4,11.9,59500
2008-01-11,11.9,12.17,11.84,12.08,47900
2008-01-14,12.08,12.12,11.71,11.86,52300
2008-01-15,11.74,11.79,11.54,11.57,39017
2008-01-16,11.57,11.94,11.57,11.81,41500
2008-01-17,11.78,11.9,11.2,11.36,59800
2008-01-18,11.41,11.61,11.03,11.24,45700
2008-01-22,10.75,11.38,10.36,11.24,72200
2008-01-23,11.05,12.16,10.73,12.09,80600
2008-01-24,12.19,12.38,12.12,12.38,55100
2008-01-25,12.48,12.68,12.22,12.32,67300
2008-01-28,12.38,12.7,12.32,12.6,52100
2008-01-29,12.7,13.03,12.7,13.0,59800
2008-01-30,13.1,13.18,12.8,12.8,70200
2008-01-31,12.8,13.18,12.69,13.18,48800
2008-02-01,13.19,13.49,13.1,13.48,48200
2008-02-04,13.48,13.54,13.17,13.22,36500
2008-02-05,13.1,13.16,12.86,13.0,27900
2008-02-06,13.1,13.1,12.97,13.02,35800
2008-02-07,12.9,13.35,12.9,13.01,35300
2008-02-08,13.0,13.48,13.0,13.23,28896
2008-02-11,13.13,13.24,13.05,13.24,19900
2008-02-12,13.37,13.4,13.18,13.21,22300
2008-02-13,13.26,13.38,13.04,13.24,31600
2008-02-14,13.2,13.27,12.84,12.85,41000
2008-02-15,12.89,13.16,12.4,12.54,57400
2008-02-19,12.7,13.07,12.67,12.96,31300
2008-02-20,12.87,13.67,12.86,13.44,85600
2008-02-21,13.16,13.49,13.01,13.25,27300
2008-02-22,13.4,13.42,13.0,13.35,30200
2008-02-25,13.5,13.59,13.19,13.39,44600
2008-02-26,13.27,13.5,13.27,13.5,36200
2008-02-27,13.3,13.64,13.3,13.58,44800
2008-02-28,13.7,13.89,13.33,13.75,33200
2008-02-29,13.6,13.99,13.4,13.67,53000
2008-03-03,13.6,13.6,13.14,13.15,24400
2008-03-04,13.1,13.35,12.91,12.95,30400
2008-03-05,12.9,13.01,12.71,12.8,37400
2008-03-06,12.75,12.75,11.79,11.9,64600
2008-03-07,11.5,12.2,11.46,11.84,74900
2008-03-10,11.86,11.96,11.5,11.76,21500
2008-03-11,11.85,12.5,11.85,12.5,21100
2008-03-12,12.54,12.87,12.47,12.48,30800
2008-03-13,12.18,12.45,11.86,12.45,37800
2008-03-14,12.5,12.7,12.17,12.19,13900
2008-03-17,11.8,12.22,11.6,12.17,35800
2008-03-18,12.4,12.99,12.32,12.69,68500
2008-03-19,12.74,12.99,12.52,12.6,18900
2008-03-20,12.4,12.61,12.03,12.61,45400
2008-03-24,12.55,12.91,12.54,12.62,27500
2008-03-25,12.52,12.7,12.4,12.57,26600
2008-03-26,12.58,12.66,12.45,12.57,26900
2008-03-27,12.55,12.7,12.55,12.7,14100
2008-03-28,12.65,13.05,12.64,13.05,18800
2008-03-31,13.0,13.05,12.63,12.93,31100
2008-04-01,13.08,13.25,13.05,13.24,28200
2008-04-02,13.1,13.25,12.99,13.06,23400
2008-04-03,12.96,13.14,12.93,13.1,22300
2008-04-04,13.04,13.14,13.02,13.02,22300
2008-04-07,13.0,13.15,12.95,13.0,17000
2008-04-08,12.96,13.02,12.82,12.85,20500
2008-04-09,12.81,12.95,12.8,12.92,22000
2008-04-10,12.92,12.93,12.8,12.91,10700
2008-04-11,12.86,13.07,12.6,12.69,19700
2008-04-14,12.62,12.63,12.38,12.38,9700
2008-04-15,12.28,12.34,12.0,12.0,36100
2008-04-16,11.97,12.37,11.97,12.25,37500
2008-04-17,12.25,12.49,12.11,12.43,28700
2008-04-18,12.57,12.72,12.43,12.51,22250
2008-04-21,12.47,12.6,12.47,12.6,15900
2008-04-22,12.64,12.68,12.23,12.45,31700
2008-04-23,12.41,12.74,12.33,12.54,28500
2008-04-24,12.5,13.07,12.5,13.0,38448
2008-04-25,13.05,13.25,12.92,13.25,31380
2008-04-28,13.4,13.4,13.14,13.14,24767
2008-04-29,13.02,13.38,13.0,13.15,42370
2008-04-30,13.06,13.53,13.06,13.28,44131
2008-05-01,13.29,13.42,12.91,13.28,48452
2008-05-02,13.4,13.67,13.35,13.53,41921
2008-05-05,13.5,13.68,13.43,13.68,26935
2008-05-06,13.5,13.71,13.43,13.63,23200
2008-05-07,13.65,13.69,13.43,13.55,26673
2008-05-08,13.57,13.74,13.45,13.5,35947
2008-05-09,13.46,13.83,13.45,13.77,31359
2008-05-12,13.79,14.03,13.79,13.91,38054
2008-05-13,14.0,14.22,13.97,14.1,33537
2008-05-14,14.05,14.14,13.91,14.08,39770
2008-05-15,14.04,14.05,13.9,13.99,35359
2008-05-16,14.01,14.05,13.99,14.03,15501
2008-05-19,14.1,14.14,13.95,14.06,24288
2008-05-20,13.81,13.88,13.32,13.32,39210
2008-05-21,13.32,13.32,12.77,12.88,34236
2008-05-22,12.78,12.8,12.5,12.66,38692
2008-05-23,12.6,12.63,12.48,12.57,23650
2008-05-27,12.57,12.69,12.47,12.61,50288
2008-05-28,12.6,12.61,12.43,12.49,32958
2008-05-29,12.51,12.55,12.4,12.47,42574
2008-05-30,12.54,12.55,12.42,12.46,39484
2008-06-02,12.45,12.45,12.17,12.19,26533
2008-06-03,12.25,12.25,11.96,12.06,26914
2008-06-04,11.98,12.19,11.98,12.02,35898
2008-06-05,12.0,12.28,12.0,12.26,33020
2008-06-06,12.21,12.21,11.28,11.48,77843
2008-06-09,11.45,11.83,11.25,11.34,70267
2008-06-10,11.24,11.51,11.22,11.35,34892
2008-06-11,11.24,11.46,11.14,11.15,31678
2008-06-12,11.08,11.4,11.08,11.14,33757
2008-06-13,11.13,11.2,11.04,11.05,35232
2008-06-16,11.09,11.28,11.08,11.24,56097
2008-06-17,11.32,11.33,11.05,11.05,23898
2008-06-18,11.0,11.11,10.83,11.0,33240
2008-06-19,10.98,11.06,10.76,10.94,50667
2008-06-20,10.84,10.85,10.64,10.67,34440
2008-06-23,10.57,10.57,10.17,10.18,67485
2008-06-24,10.1,10.1,9.75,10.0,79999
2008-06-25,9.89,10.24,9.81,9.91,69555
2008-06-26,9.42,9.67,9.42,9.52,62576
2008-06-27,9.44,9.49,8.63,9.1,77643
2008-06-30,9.1,9.29,8.95,8.99,77085
2008-07-01,8.8,8.93,8.61,8.82,72559
2008-07-02,8.79,8.94,8.69,8.7,35245
2008-07-03,8.6,8.64,8.42,8.51,19794
2008-07-07,8.45,8.45,7.61,7.72,125209
2008-07-08,7.55,8.06,7.5,8.0,135713
2008-07-09,7.98,8.46,7.79,7.82,98429
2008-07-10,7.71,7.85,7.52,7.61,64601
2008-07-11,7.5,7.61,7.3,7.39,111785
2008-07-14,7.67,7.77,7.34,7.34,67512
2008-07-15,7.28,7.5,7.25,7.34,47593
2008-07-16,7.35,8.06,7.32,8.06,89847
2008-07-17,8.4,8.69,8.34,8.64,62070
2008-07-18,8.53,8.8,8.5,8.7,35773
2008-07-21,8.63,8.8,8.54,8.67,34263
2008-07-22,8.57,8.97,8.41,8.97,37180
2008-07-23,8.91,9.4,8.91,9.24,64545
2008-07-24,9.29,9.32,8.78,8.83,36459
2008-07-25,8.76,8.78,8.64,8.65,15383
2008-07-28,8.64,8.72,8.24,8.43,28400
2008-07-29,8.27,8.86,8.27,8.86,46817
2008-07-30,8.81,9.2,8.81,9.14,56068
2008-07-31,9.04,9.36,8.96,9.12,38861
2008-08-01,9.15,9.39,9.01,9.35,58019
2008-08-04,9.31,9.31,9.04,9.1,19631
2008-08-05,9.1,9.22,9.03,9.07,44211
2008-08-06,9.07,9.29,9.03,9.24,69312
2008-08-07,9.25,9.25,8.83,8.89,36959
2008-08-08,8.8,9.24,8.75,9.21,37171
2008-08-11,9.3,9.58,9.27,9.46,57927
2008-08-12,9.46,9.46,9.11,9.13,48714
2008-08-13,9.13,9.48,8.94,9.28,78544
2008-08-14,9.41,9.55,9.03,9.3,64405
2008-08-15,9.34,9.43,9.31,9.37,39515
2008-08-18,9.35,9.35,9.2,9.23,27421
2008-08-19,9.19,9.3,9.0,9.3,84747
2008-08-20,8.89,9.0,8.8,8.91,18795
2008-08-21,8.75,8.79,8.61,8.68,43120
2008-08-22,8.88,8.94,8.78,8.89,22672
2008-08-25,9.0,9.0,8.75,8.79,27887
2008-08-26,8.74,8.76,8.58,8.67,30850
2008-08-27,8.57,8.84,8.57,8.75,34095
2008-08-28,8.85,9.21,8.85,9.16,36377
2008-08-29,9.2,9.2,9.16,9.2,31534
2008-09-02,9.32,9.38,9.22,9.25,53769
2008-09-03,9.26,9.41,9.18,9.3,73712
2008-09-04,9.28,9.41,8.98,9.08,64860
2008-09-05,8.96,9.3,8.81,9.3,36007
2008-09-08,9.69,9.78,9.19,9.64,53570
2008-09-09,9.53,9.53,8.98,8.98,19406
2008-09-10,8.89,8.89,8.56,8.82,35004
2008-09-11,8.82,8.82,8.5,8.6,38571
2008-09-12,8.5,8.52,8.32,8.35,26940
2008-09-15,8.2,8.2,7.59,7.88,43944
2008-09-16,7.2,7.84,7.11,7.69,115733
2008-09-17,7.5,7.74,6.71,6.8,86413
2008-09-18,6.25,7.23,6.1,7.23,106584
2008-09-19,8.54,8.74,8.25,8.74,75647
2008-09-22,8.3,8.56,8.0,8.05,71570
2008-09-23,7.88,8.2,7.75,7.75,35276
2008-09-24,8.11,8.16,7.8,7.88,21899
2008-09-25,8.08,8.2,7.9,8.18,47585
2008-09-26,7.88,8.06,7.88,8.01,38794
2008-09-29,7.62,7.62,6.81,6.83,52081
2008-09-30,6.88,7.04,6.6,7.04,66680
2008-10-01,7.17,7.19,6.97,7.19,24592
2008-10-02,7.01,7.1,6.76,6.77,32235
2008-10-03,6.77,7.06,6.72,6.72,29387
2008-10-06,6.6,6.6,5.32,5.74,67578
2008-10-07,5.69,5.75,4.58,4.69,97606
2008-10-08,4.42,4.86,3.81,4.66,145283
2008-10-09,4.66,4.93,3.85,4.0,129874
2008-10-10,4.0,4.49,3.39,4.3,141862
2008-10-13,4.53,5.62,4.53,5.56,56643
2008-10-14,6.5,6.54,5.59,5.81,89035
2008-10-15,5.69,5.69,4.7,4.97,67142
2008-10-16,4.67,5.34,4.66,5.29,58597
2008-10-17,5.51,5.67,5.33,5.67,45471
2008-10-20,9.0,9.4,5.44,5.7,43427
2008-10-21,5.55,5.75,5.31,5.47,34803
2008-10-22,5.17,5.27,5.0,5.01,26450
2008-10-23,5.5,5.5,4.8,4.99,37479
2008-10-24,4.7,5.02,4.61,4.9,18745
2008-10-27,4.8,5.0,4.51,4.56,15326
2008-10-28,4.57,4.64,4.2,4.61,61835
2008-10-29,4.78,4.9,4.56,4.71,41307
2008-10-30,4.79,5.17,4.69,5.15,36219
2008-10-31,5.2,5.39,5.2,5.31,16436
2008-11-03,5.38,5.93,5.38,5.69,47053
2008-11-04,5.79,6.17,5.48,6.05,32447
2008-11-05,5.9,5.92,5.38,5.38,30548
2008-11-06,5.35,5.35,4.92,4.97,18056
2008-11-07,5.13,5.16,4.77,4.81,17765
2008-11-10,4.82,4.85,4.18,4.18,50667
2008-11-11,4.0,4.0,3.75,3.96,63041
2008-11-12,3.59,3.89,3.53,3.57,47068
2008-11-13,3.46,3.62,3.28,3.58,45043
2008-11-14,3.66,3.81,3.6,3.7,48214
2008-11-17,3.57,3.57,3.28,3.38,61288
2008-11-18,3.36,3.58,3.28,3.4,77274
2008-11-19,3.28,3.28,2.88,2.96,61633
2008-11-20,2.85,2.85,2.27,2.27,64834
2008-11-21,2.65,2.65,2.16,2.37,76567
2008-11-24,2.55,2.65,2.36,2.65,55924
2008-11-25,3.04,3.11,2.78,2.95,50958
2008-11-26,2.9,3.17,2.88,3.17,38925
2008-11-28,3.14,3.41,3.14,3.29,20784
2008-12-01,3.27,3.27,3.05,3.05,42524
2008-12-02,3.0,3.3,3.0,3.23,60803
2008-12-03,3.28,3.54,3.02,3.26,110378
2008-12-04,3.2,3.85,3.16,3.65,96617
2008-12-05,3.4,4.3,3.3,4.28,121309
2008-12-08,4.31,4.6,4.23,4.53,82558
2008-12-09,4.46,4.46,3.9,3.9,26188
2008-12-10,3.87,4.02,3.65,3.71,45049
2008-12-11,3.71,3.75,3.66,3.66,27955
2008-12-12,3.44,3.49,3.24,3.49,41568
2008-12-15,3.5,3.5,3.25,3.28,24519
2008-12-16,3.28,3.85,3.27,3.85,65258
2008-12-17,3.73,3.82,3.66,3.71,26751
2008-12-18,3.53,3.8,3.53,3.7,54522
2008-12-19,3.5,3.89,3.5,3.71,74458
2008-12-22,3.87,3.88,3.58,3.58,43854
2008-12-23,3.41,3.6,3.41,3.5,42550
2008-12-24,3.36,3.63,3.36,3.63,45768
2008-12-26,3.59,3.77,3.59,3.66,16079
2008-12-29,3.77,3.77,3.5,3.65,70857
2008-12-30,3.54,3.81,3.54,3.75,69723
2008-12-31,3.73,3.99,3.73,3.93,108898
2009-01-02,3.98,4.4,3.98,4.4,73048
2009-01-05,4.31,4.56,4.29,4.56,42341
2009-01-06,4.57,4.88,4.56,4.87,68676
2009-01-07,4.71,4.99,4.71,4.75,54985
2009-01-08,4.72,4.75,4.56,4.69,25907
2009-01-09,4.67,4.82,4.46,4.46,46040
2009-01-12,4.39,4.41,4.27,4.27,27536
2009-01-13,4.25,4.27,4.06,4.24,32973
2009-01-14,4.06,4.1,3.85,3.85,57962
2009-01-15,3.87,3.89,3.75,3.81,69291
2009-01-16,3.93,4.12,3.93,4.12,27500
2009-01-20,3.91,3.91,3.66,3.68,50579
2009-01-21,3.82,4.02,3.77,4.02,29957
2009-01-22,3.92,4.2,3.84,4.14,39165
2009-01-23,4.06,4.21,3.9,4.2,31431
2009-01-26,4.2,4.27,4.03,4.14,25074
2009-01-27,4.18,4.33,4.18,4.33,4792
2009-01-28,4.36,4.52,4.25,4.43,38311
2009-01-29,4.33,4.33,4.13,4.15,27313
2009-01-30,4.2,4.2,3.96,4.07,65106
2009-02-02,3.97,3.97,3.82,3.96,23711
2009-02-03,3.99,4.25,3.99,4.15,48361
2009-02-04,4.12,4.22,3.79,3.87,60687
2009-02-05,3.8,3.87,3.63,3.74,35326
2009-02-06,3.75,3.94,3.75,3.86,42743
2009-02-09,3.68,3.94,3.65,3.82,23755
2009-02-10,3.67,3.82,3.65,3.65,34249
2009-02-11,3.67,3.68,3.53,3.55,28316
2009-02-12,3.51,3.52,3.3,3.51,41468
2009-02-13,3.5,3.51,3.26,3.36,26102
2009-02-17,3.2,3.28,3.1,3.18,50143
2009-02-18,2.94,3.1,2.84,3.1,34733
2009-02-19,3.22,3.22,2.9,2.9,42316
2009-02-20,2.66,2.78,2.62,2.73,67764
2009-02-23,2.71,2.81,2.53,2.55,47950
2009-02-24,3.05,3.05,2.47,2.62,29184
2009-02-25,2.53,2.68,2.5,2.62,64571
2009-02-26,2.66,2.79,2.64,2.66,34683
2009-02-27,2.94,2.94,2.53,2.54,43192
2009-03-02,2.49,2.49,2.34,2.35,65002
2009-03-03,2.12,2.38,2.1,2.13,111108
2009-03-04,2.01,2.29,2.01,2.18,76653
2009-03-05,2.18,2.21,2.05,2.06,65685
2009-03-06,2.1,2.19,1.9,1.93,93676
2009-03-09,1.9,1.96,1.81,1.81,36166
2009-03-10,1.84,2.05,1.84,2.05,74297
2009-03-11,2.12,2.14,2.08,2.11,28056
2009-03-12,2.12,2.29,2.04,2.29,41933
2009-03-13,2.3,2.47,2.3,2.44,42346
2009-03-16,2.5,2.62,2.5,2.5,17974
2009-03-17,2.51,2.54,2.45,2.5,22039
2009-03-18,2.52,2.64,2.52,2.64,32919
2009-03-19,2.67,2.73,2.6,2.62,43409
2009-03-20,2.56,2.58,2.5,2.53,21336
2009-03-23,2.6,2.84,2.6,2.84,31527
2009-03-24,2.75,2.91,2.73,2.76,30420
2009-03-25,2.8,2.91,2.74,2.78,30081
2009-03-26,2.86,2.95,2.83,2.91,55675
2009-03-27,2.93,3.02,2.91,2.97,25225
2009-03-30,2.85,2.85,2.73,2.76,13673
2009-03-31,2.79,2.94,2.77,2.9,21300
2009-04-01,2.88,3.21,2.88,3.21,18610
2009-04-02,3.33,3.36,3.24,3.35,52182
2009-04-03,3.31,3.75,3.29,3.51,46199
2009-04-06,3.55,3.62,3.34,3.48,36794
2009-04-07,3.35,3.48,3.31,3.46,34588
2009-04-08,3.47,3.47,3.34,3.36,13279
2009-04-09,3.61,3.68,3.6,3.68,43998
2009-04-13,3.69,3.71,3.6,3.71,18613
2009-04-14,3.6,3.71,3.6,3.67,33480
2009-04-15,3.63,3.65,3.58,3.64,14117
2009-04-16,3.58,3.71,3.58,3.64,24270
2009-04-17,3.61,3.94,3.59,3.76,40252
2009-04-20,3.62,3.62,3.44,3.44,22619
2009-04-21,3.37,3.97,3.33,3.59,31285
2009-04-22,3.65,3.7,3.45,3.57,55636
2009-04-23,3.57,3.62,3.5,3.62,32968
2009-04-24,3.6,3.63,3.49,3.62,14884
2009-04-27,3.59,3.66,3.5,3.65,28265
2009-04-28,3.54,3.64,3.46,3.6,30295
2009-04-29,3.64,3.75,3.6,3.6,35007
2009-04-30,3.66,3.83,3.66,3.76,50366
2009-05-01,3.74,3.85,3.74,3.85,6843
2009-05-04,3.87,3.98,3.87,3.98,23260
2009-05-05,3.93,3.93,3.87,3.89,5343
2009-05-06,3.99,4.21,3.99,4.11,43405
2009-05-07,4.25,4.58,4.05,4.23,36412
2009-05-08,4.19,4.46,4.17,4.31,23896
2009-05-11,4.27,4.39,4.22,4.22,19108
2009-05-12,4.31,4.31,3.92,4.1,32963
2009-05-13,4.15,4.15,3.91,3.97,31418
2009-05-14,3.93,4.07,3.9,3.95,24264
2009-05-15,4.0,4.05,3.87,3.95,27609
2009-05-18,3.93,4.21,3.93,4.17,21119
2009-05-19,3.85,4.23,3.85,4.01,57300
2009-05-20,4.01,4.13,3.95,3.95,45453
2009-05-21,4.03,4.03,3.76,3.9,23986
2009-05-22,3.97,4.12,3.8,3.81,27080
2009-05-26,3.87,3.96,3.73,3.9,46169
2009-05-27,4.03,4.12,3.92,3.92,34654
2009-05-28,3.96,4.0,3.82,3.87,21043
2009-05-29,4.0,4.09,3.91,4.09,33693
2009-06-01,4.06,4.38,4.06,4.19,35215
2009-06-02,4.22,4.38,4.2,4.28,19622
2009-06-03,4.35,4.35,4.15,4.23,10950
2009-06-04,4.2,4.65,4.2,4.44,69277
2009-06-05,4.46,4.58,4.46,4.58,23484
2009-06-08,4.58,4.6,4.46,4.48,26989
2009-06-09,4.44,4.44,4.32,4.35,10500
2009-06-10,4.41,4.41,4.28,4.29,14252
2009-06-11,4.24,4.35,4.24,4.26,18343
2009-06-12,4.18,4.33,4.08,4.2,24176
2009-06-15,4.14,4.35,4.13,4.19,19661
2009-06-16,4.2,4.31,4.19,4.31,19044
2009-06-17,4.27,4.35,4.2,4.35,14579
2009-06-18,4.33,4.42,4.28,4.33,25827
2009-06-19,4.35,4.41,4.25,4.28,35248
2009-06-22,4.3,4.3,4.07,4.12,13897
2009-06-23,4.15,4.15,3.94,4.04,16602
2009-06-24,4.01,4.14,3.97,4.03,26115
2009-06-25,4.01,4.35,4.0,4.28,56811
2009-06-26,4.28,4.53,4.28,4.43,31196
2009-06-29,4.51,4.92,4.44,4.58,21932
2009-06-30,4.66,4.66,4.34,4.55,37679
2009-07-01,4.54,4.61,4.44,4.54,22738
2009-07-02,4.59,4.59,4.11,4.54,13640
2009-07-06,4.52,4.57,4.34,4.34,20908
2009-07-07,4.35,4.35,4.21,4.25,16011
2009-07-08,4.25,4.25,3.91,3.97,31975
2009-07-09,3.95,4.08,3.9,3.99,29411
2009-07-10,3.96,3.96,3.82,3.91,34274
2009-07-13,3.98,4.19,3.91,4.19,16373
2009-07-14,4.16,4.16,4.1,4.1,10615
2009-07-15,4.06,4.32,4.06,4.32,16295
2009-07-16,4.32,4.55,4.32,4.46,22067
2009-07-17,4.44,4.5,4.41,4.5,16032
2009-07-20,4.44,4.66,4.4,4.52,26578
2009-07-21,4.49,4.66,4.34,4.44,43350
2009-07-22,4.39,4.47,4.35,4.45,22233
2009-07-23,4.46,4.67,4.46,4.49,34894
2009-07-24,4.49,4.6,4.43,4.6,43128
2009-07-27,4.65,4.99,4.62,4.84,62595
2009-07-28,4.81,4.81,4.67,4.73,41304
2009-07-29,4.78,4.84,4.73,4.78,16350
2009-07-30,4.83,4.93,4.8,4.92,21812
2009-07-31,4.91,4.99,4.8,4.95,45862
2009-08-03,5.0,5.25,4.95,5.2,32593
2009-08-04,5.05,5.24,5.04,5.15,32558
2009-08-05,5.13,5.5,5.1,5.28,38721
2009-08-06,5.29,5.31,5.06,5.22,22465
2009-08-07,5.26,5.45,5.23,5.36,27040
2009-08-10,5.46,5.57,5.43,5.47,24875
2009-08-11,5.36,5.39,5.26,5.33,23479
2009-08-12,5.37,5.49,5.35,5.46,25685
2009-08-13,5.53,5.56,5.38,5.39,35533
2009-08-14,5.36,5.36,5.06,5.2,68199
2009-08-17,4.97,5.11,4.97,5.07,10962
2009-08-18,4.98,5.12,4.95,5.1,45262
2009-08-19,5.03,5.15,4.97,5.03,53712
2009-08-20,5.0,5.15,4.81,5.03,61666
2009-08-21,5.06,5.14,5.0,5.0,19808
2009-08-24,5.1,5.15,5.04,5.05,31552
2009-08-25,5.01,5.08,4.97,5.03,45801
2009-08-26,5.08,5.14,5.07,5.09,14771
2009-08-27,5.05,5.1,4.99,5.1,15229
2009-08-28,5.08,5.14,5.07,5.14,21207
2009-08-31,5.27,5.29,4.99,5.05,48056
2009-09-01,4.98,5.07,4.95,5.0,39677
2009-09-02,5.03,5.03,4.63,4.79,79633
2009-09-03,4.89,4.99,4.89,4.98,29544
2009-09-04,4.9,5.12,4.9,5.1,23250
2009-09-08,5.07,5.24,5.02,5.24,27315
2009-09-09,5.1,5.16,5.08,5.13,26958
2009-09-10,5.13,5.21,5.11,5.15,35223
2009-09-11,5.28,5.32,5.18,5.2,22402
2009-09-14,5.18,5.18,5.07,5.16,11703
2009-09-15,5.24,5.3,5.16,5.29,20827
2009-09-16,5.29,5.53,5.29,5.45,49226
2009-09-17,5.38,5.6,5.38,5.52,34958
2009-09-18,5.44,5.6,5.43,5.5,27585
2009-09-21,5.12,5.48,5.1,5.48,48781
2009-09-22,5.5,5.59,5.48,5.51,37398
2009-09-23,5.57,5.61,5.51,5.54,32119
2009-09-24,5.56,5.59,5.48,5.48,37039
2009-09-25,5.48,5.49,5.34,5.43,36489
2009-09-28,5.48,5.57,5.43,5.48,11461
2009-09-29,5.51,5.52,5.43,5.51,12566
2009-09-30,5.42,5.49,5.27,5.36,39971
2009-10-01,5.4,5.42,5.31,5.31,8466
2009-10-02,5.26,5.3,5.13,5.28,15184
2009-10-05,5.31,5.39,5.3,5.37,17084
2009-10-06,5.42,5.5,5.42,5.44,19985
2009-10-07,5.45,5.53,5.31,5.53,18324
2009-10-08,5.58,5.63,5.46,5.6,26181
2009-10-09,5.5,5.59,5.48,5.59,10877
2009-10-12,5.64,5.72,5.6,5.65,18389
2009-10-13,5.58,5.6,5.47,5.51,22409
2009-10-14,5.52,5.57,5.47,5.54,24247
2009-10-15,5.44,5.5,5.44,5.49,15162
2009-10-16,5.38,5.47,5.38,5.42,19697
2009-10-19,5.42,5.49,5.42,5.47,12698
2009-10-20,5.49,5.5,5.44,5.5,18173
2009-10-21,5.52,5.55,5.43,5.46,25267
2009-10-22,5.37,5.55,5.37,5.46,18303
2009-10-23,5.54,5.6,5.41,5.45,29281
2009-10-26,5.43,5.47,5.33,5.4,16065
2009-10-27,5.4,5.47,5.37,5.44,21177
2009-10-28,5.5,5.5,5.22,5.22,31050
2009-10-29,5.23,5.32,5.1,5.23,52529
2009-10-30,5.23,5.25,5.14,5.16,36434
2009-11-02,5.29,5.39,5.14,5.23,23947
2009-11-03,5.18,5.23,5.04,5.23,13066
2009-11-04,5.3,5.3,5.21,5.21,12327
2009-11-05,5.25,5.32,5.21,5.32,22038
2009-11-06,5.28,5.37,5.28,5.37,10100
2009-11-09,5.34,5.44,5.33,5.44,26651
2009-11-10,5.31,5.51,5.31,5.38,42194
2009-11-11,5.41,5.61,5.41,5.5,38123
2009-11-12,5.59,5.59,5.48,5.5,55361
2009-11-13,5.49,5.53,5.43,5.5,30045
2009-11-16,5.55,5.58,5.51,5.54,31808
2009-11-17,5.44,5.58,5.44,5.55,25635
2009-11-18,5.47,5.68,5.43,5.51,56307
2009-11-19,5.39,5.46,5.34,5.39,13215
2009-11-20,5.17,5.39,5.17,5.32,30757
2009-11-23,5.36,5.49,5.36,5.49,40387
2009-11-24,5.5,5.6,5.48,5.54,42678
2009-11-25,5.59,5.6,5.49,5.51,22006
2009-11-27,5.35,5.45,5.3,5.43,9200
2009-11-30,5.45,5.55,5.4,5.43,36677
2009-12-01,5.75,5.75,5.48,5.55,29140
2009-12-02,5.51,5.75,5.47,5.67,38317
2009-12-03,5.75,5.8,5.62,5.62,27375
2009-12-04,5.62,5.75,5.6,5.63,25204
2009-12-07,5.56,5.81,5.56,5.64,28376
2009-12-08,5.6,5.68,5.55,5.67,44045
2009-12-09,5.69,5.69,5.54,5.55,12663
2009-12-10,5.67,5.67,5.53,5.58,45473
2009-12-11,5.56,5.65,5.55,5.58,13286
2009-12-14,5.6,5.89,5.6,5.8,24474
2009-12-15,5.76,5.82,5.64,5.7,37080
2009-12-16,5.67,5.91,5.65,5.83,43256
2009-12-17,5.86,5.92,5.69,5.92,36738
2009-12-18,5.89,5.93,5.68,5.75,35718
2009-12-21,5.76,5.76,5.68,5.76,22804
2009-12-22,5.72,5.9,5.72,5.86,41327
2009-12-23,5.97,5.97,5.85,5.86,50853
2009-12-24,5.88,5.98,5.84,5.98,23453
2009-12-28,6.0,6.0,5.78,5.9,107467
2009-12-29,6.0,6.0,5.82,5.86,41569
2009-12-30,5.89,5.94,5.82,5.94,30465
2009-12-31,5.88,6.28,5.76,5.98,54723
2010-01-04,5.97,6.09,5.94,6.09,31604
2010-01-05,6.13,6.22,6.09,6.2,18162
2010-01-06,6.13,6.29,6.13,6.25,32295
2010-01-07,6.23,6.62,6.23,6.58,74983
2010-01-08,6.61,6.61,6.4,6.4,34669
2010-01-11,6.44,6.48,6.2,6.36,50978
2010-01-12,6.36,6.36,6.21,6.23,32559
2010-01-13,6.21,6.35,6.21,6.31,27612
2010-01-14,6.26,6.37,6.23,6.36,17817
2010-01-15,6.4,6.41,6.31,6.33,14636
2010-01-19,6.39,6.43,6.3,6.34,42835
2010-01-20,6.24,6.44,6.24,6.42,31708
2010-01-21,6.44,6.5,6.21,6.22,64207
2010-01-22,6.18,6.2,6.12,6.12,28077
2010-01-25,6.23,6.27,6.11,6.23,26661
2010-01-26,6.22,6.3,6.19,6.29,12027
2010-01-27,6.19,6.19,6.01,6.05,39557
2010-01-28,6.07,6.18,5.97,6.02,30445
2010-01-29,6.1,6.11,5.79,5.86,33861
2010-02-01,5.8,5.95,5.8,5.92,35826
2010-02-02,5.92,6.03,5.9,6.0,32179
2010-02-03,6.0,6.08,5.93,6.01,27430
2010-02-04,5.93,6.0,5.73,5.73,37282
2010-02-05,5.6,5.72,5.31,5.63,97784
2010-02-08,5.58,5.73,5.53,5.53,44029
2010-02-09,5.56,5.68,5.56,5.67,35503
2010-02-10,5.59,5.73,5.59,5.67,25949
2010-02-11,5.68,5.76,5.67,5.76,53349
2010-02-12,5.72,5.88,5.66,5.71,23641
2010-02-16,5.71,5.91,5.71,5.91,46484
2010-02-17,5.86,6.0,5.86,6.0,52251
2010-02-18,5.95,5.95,5.86,5.94,49438
2010-02-19,5.93,6.0,5.83,5.9,37334
2010-02-22,5.88,5.99,5.88,5.96,29821
2010-02-23,5.94,5.96,5.69,5.83,40275
2010-02-24,5.87,6.0,5.87,5.93,33521
2010-02-25,5.9,6.0,5.77,6.0,37507
2010-02-26,6.02,6.08,5.98,6.08,49392
2010-03-01,6.11,6.2,6.08,6.2,65194
2010-03-02,6.25,6.48,6.24,6.46,82252
2010-03-03,6.41,6.5,6.36,6.49,43370
2010-03-04,6.48,6.56,6.36,6.55,41408
2010-03-05,6.58,6.73,6.58,6.73,32874
2010-03-08,6.35,6.84,6.35,6.77,35361
2010-03-09,6.66,6.93,6.66,6.81,39950
2010-03-10,6.93,6.97,6.82,6.92,44921
2010-03-11,6.9,6.93,6.82,6.89,23375
2010-03-12,6.95,7.0,6.83,6.89,27750
2010-03-15,6.93,7.03,6.84,6.92,37440
2010-03-16,6.89,7.12,6.89,7.03,55815
2010-03-17,7.06,7.14,7.05,7.06,24573
2010-03-18,7.03,7.14,6.92,6.94,47980
2010-03-19,6.98,6.98,6.7,6.7,27218
2010-03-22,6.66,6.82,6.45,6.76,57806
2010-03-23,6.72,6.91,6.72,6.87,34548
2010-03-24,6.91,7.05,6.91,7.01,35308
2010-03-25,6.99,7.06,6.87,6.87,27422
2010-03-26,6.84,7.03,6.81,7.03,50539
2010-03-29,7.08,7.08,6.86,6.97,58914
2010-03-30,6.99,7.05,6.88,7.04,20959
2010-03-31,7.04,7.08,6.89,7.08,46926
2010-04-01,7.01,7.17,7.01,7.12,45018
2010-04-05,7.11,7.27,7.11,7.22,28091
2010-04-06,7.17,7.36,7.11,7.31,23699
2010-04-07,7.35,7.4,7.29,7.4,73744
2010-04-08,7.44,7.44,7.31,7.31,18065
2010-04-09,7.18,7.45,7.18,7.33,46724
2010-04-12,7.34,7.44,7.3,7.33,32658
2010-04-13,7.33,7.4,7.2,7.29,45576
2010-04-14,7.34,7.45,7.34,7.45,52205
2010-04-15,7.61,7.86,7.61,7.8,86930
2010-04-16,7.8,7.8,7.62,7.8,43777
2010-04-19,7.75,7.85,7.7,7.83,33562
2010-04-20,7.72,7.84,7.68,7.82,40316
2010-04-21,7.84,7.88,7.71,7.85,21183
2010-04-22,7.87,8.05,7.75,8.05,33060
2010-04-23,8.04,8.14,7.95,7.99,31472
2010-04-26,7.97,8.17,7.85,7.94,61538
2010-04-27,7.96,7.98,7.7,7.7,27617
2010-04-28,7.92,7.93,7.67,7.72,22397
2010-04-29,7.84,7.92,7.79,7.91,12954
2010-04-30,7.8,7.86,7.68,7.7,35161
2010-05-03,7.67,7.75,7.51,7.62,28404
2010-05-04,7.47,7.51,7.3,7.36,40572
2010-05-05,7.38,7.38,7.04,7.1,45254
2010-05-06,7.15,7.28,6.55,6.79,97189
2010-05-07,6.87,7.1,6.57,6.74,71633
2010-05-10,7.35,7.41,7.06,7.15,38229
2010-05-11,7.41,7.41,7.22,7.29,38957
2010-05-12,6.7,7.58,6.68,7.53,40463
2010-05-13,7.62,7.62,7.46,7.49,15640
2010-05-14,7.44,7.44,7.14,7.18,36921
2010-05-17,7.3,7.3,6.92,6.98,37705
2010-05-18,7.1,7.19,7.02,7.02,44551
2010-05-19,6.91,6.91,6.61,6.8,28073
2010-05-20,6.44,6.84,6.25,6.29,90204
2010-05-21,6.15,6.31,5.86,6.28,59024
2010-05-24,6.23,6.3,6.05,6.09,63084
2010-05-25,5.83,6.45,5.83,6.39,62378
2010-05-26,6.56,6.67,6.49,6.58,25071
2010-05-27,6.73,7.07,6.72,7.0,68799
2010-05-28,7.29,7.3,6.88,6.94,42200
2010-06-01,7.13,7.33,7.11,7.23,87718
2010-06-02,7.28,7.32,7.16,7.28,33244
2010-06-03,7.7,7.7,7.26,7.36,57476
2010-06-04,7.32,7.32,7.15,7.15,31816
2010-06-07,7.3,7.32,7.17,7.17,44344
2010-06-08,7.33,7.33,7.0,7.12,31460
2010-06-09,7.04,7.2,6.96,6.96,34946
2010-06-10,6.91,7.25,6.89,7.0,45496
2010-06-11,7.06,7.06,6.89,7.01,27764
2010-06-14,6.92,7.19,6.92,6.96,29125
2010-06-15,6.97,7.01,6.95,6.98,41413
2010-06-16,7.0,7.03,6.96,6.96,21619
2010-06-17,6.98,7.02,6.82,6.87,19858
2010-06-18,6.77,6.93,6.77,6.92,32545
2010-06-21,7.12,7.12,6.85,6.91,13665
2010-06-22,6.8,6.86,6.75,6.78,32208
2010-06-23,6.84,6.88,6.49,6.68,50116
2010-06-24,6.58,6.67,6.44,6.52,43561
2010-06-25,6.55,6.61,6.49,6.61,30490
2010-06-28,6.55,6.63,6.52,6.6,22700
2010-06-29,6.5,6.53,6.45,6.52,20669
2010-06-30,6.39,6.59,6.39,6.52,20840
2010-07-01,6.46,6.49,6.22,6.26,35419
2010-07-02,6.3,6.33,6.14,6.23,25145
2010-07-06,6.43,6.47,6.26,6.29,23975
2010-07-07,6.26,6.52,6.26,6.47,21371
2010-07-08,6.64,6.64,6.39,6.39,32687
2010-07-09,6.43,6.59,6.42,6.59,25294
2010-07-12,6.63,6.69,6.62,6.64,12133
2010-07-13,6.69,6.73,6.62,6.67,18285
2010-07-14,6.67,6.77,6.65,6.66,21170
2010-07-15,6.64,6.64,6.47,6.64,24185
2010-07-16,6.6,6.6,6.45,6.45,29254
2010-07-19,6.47,6.47,6.38,6.46,15565
2010-07-20,6.3,6.53,6.24,6.53,41626
2010-07-21,6.53,6.63,6.43,6.5,32110
2010-07-22,6.53,6.7,6.53,6.57,24451
2010-07-23,6.55,6.68,6.51,6.64,23200
2010-07-26,6.66,6.84,6.66,6.84,16113
2010-07-27,6.89,7.1,6.82,6.98,36103
2010-07-28,6.94,6.95,6.79,6.8,12037
2010-07-29,6.85,6.94,6.78,6.84,8950
2010-07-30,6.75,6.89,6.69,6.82,12835
2010-08-02,6.88,6.94,6.87,6.93,22602
2010-08-03,6.93,7.05,6.84,7.0,27219
2010-08-04,7.01,7.11,7.01,7.06,17090
2010-08-05,7.06,7.09,7.01,7.01,6783
2010-08-06,7.05,7.05,7.0,7.02,18906
2010-08-09,7.06,7.14,7.05,7.05,12501
2010-08-10,7.01,7.12,7.01,7.1,14822
2010-08-11,7.05,7.05,6.7,6.72,36901
2010-08-12,6.55,6.8,6.35,6.8,21118
2010-08-13,6.82,6.86,6.7,6.81,22048
2010-08-16,6.77,6.91,6.58,6.9,37014
2010-08-17,6.95,7.11,6.94,6.96,28765
2010-08-18,6.86,6.89,6.7,6.89,33195
2010-08-19,6.85,6.86,6.61,6.66,22341
2010-08-20,6.63,6.64,6.52,6.64,18198
2010-08-23,6.67,6.7,6.55,6.59,22265
2010-08-24,6.45,6.57,6.4,6.54,28238
2010-08-25,6.39,6.54,6.37,6.5,21978
2010-08-26,6.56,6.64,6.44,6.49,35003
2010-08-27,6.5,6.65,6.4,6.63,21558
2010-08-30,6.65,6.72,6.53,6.57,10792
2010-08-31,6.68,6.68,6.48,6.5,32058
2010-09-01,6.57,6.96,6.57,6.89,34908
2010-09-02,6.91,7.05,6.8,7.04,19793
2010-09-03,7.15,7.15,7.0,7.13,20433
2010-09-07,7.13,7.16,6.91,7.09,28341
2010-09-08,7.05,7.22,7.05,7.19,39016
2010-09-09,7.23,7.28,7.21,7.28,18628
2010-09-10,7.21,7.23,7.1,7.11,23232
2010-09-13,7.2,7.38,7.15,7.2,14803
2010-09-14,7.16,7.17,7.09,7.13,14437
2010-09-15,7.1,7.19,7.1,7.17,8213
2010-09-16,7.13,7.19,7.01,7.06,24785
2010-09-17,7.03,7.04,6.86,6.91,31866
2010-09-20,6.95,7.08,6.95,7.04,29783
2010-09-21,7.05,7.17,7.04,7.07,18899
2010-09-22,7.0,7.11,6.87,6.9,26645
2010-09-23,6.79,6.94,6.79,6.92,32151
2010-09-24,6.97,7.1,6.97,7.09,22822
2010-09-27,7.05,7.18,6.96,6.97,29813
2010-09-28,7.12,7.27,7.01,7.11,60618
2010-09-29,7.05,7.18,7.05,7.08,15969
2010-09-30,7.04,7.23,7.04,7.18,22029
2010-10-01,7.14,7.2,7.1,7.15,22311
2010-10-04,7.18,7.18,7.1,7.13,11979
2010-10-05,7.12,7.31,7.12,7.26,20996
2010-10-06,7.26,7.27,7.2,7.21,28046
2010-10-07,7.26,7.27,7.18,7.25,17371
2010-10-08,7.23,7.3,7.18,7.27,37936
2010-10-11,7.28,7.32,7.24,7.26,17875
2010-10-12,7.2,7.39,7.2,7.36,21153
2010-10-13,7.36,7.45,7.36,7.37,23389
2010-10-14,7.33,7.39,7.24,7.3,24905
2010-10-15,7.28,7.36,7.08,7.18,50714
2010-10-18,7.14,7.29,7.14,7.29,17798
2010-10-19,7.24,7.35,7.19,7.19,35768
2010-10-20,7.25,7.29,7.15,7.19,19932
2010-10-21,7.22,7.33,7.22,7.29,38195
2010-10-22,7.26,7.35,7.24,7.29,34138
2010-10-25,7.4,7.41,7.3,7.37,30997
2010-10-26,7.32,7.45,7.32,7.45,16727
2010-10-27,7.4,7.72,7.38,7.68,58963
2010-10-28,7.7,7.7,7.55,7.58,37143
2010-10-29,7.53,7.63,7.43,7.55,42054
2010-11-01,7.64,7.65,7.56,7.59,12119
2010-11-02,7.59,7.65,7.58,7.58,20026
2010-11-03,7.58,7.69,7.58,7.65,22283
2010-11-04,7.77,7.78,7.68,7.72,37057
2010-11-05,7.76,7.92,7.76,7.88,42980
2010-11-08,7.88,7.88,7.76,7.85,26320
2010-11-09,7.87,7.87,7.73,7.77,22180
2010-11-10,7.74,7.84,7.67,7.84,21537
2010-11-11,7.79,7.8,7.54,7.66,41859
2010-11-12,7.63,7.63,7.45,7.46,22889
2010-11-15,7.51,7.57,7.48,7.5,15540
2010-11-16,7.45,7.45,7.3,7.4,16945
2010-11-17,7.41,7.45,7.36,7.37,21436
2010-11-18,7.3,7.43,7.3,7.39,17009
2010-11-19,7.4,7.48,7.33,7.43,19736
2010-11-22,7.36,7.47,7.33,7.37,28711
2010-11-23,7.36,7.45,7.15,7.45,40172
2010-11-24,7.42,7.58,7.42,7.55,17303
2010-11-26,7.56,7.61,7.52,7.54,7445
2010-11-29,7.59,7.63,7.43,7.48,21818
2010-11-30,7.5,7.52,7.41,7.5,16434
2010-12-01,7.76,7.76,7.52,7.56,26876
2010-12-02,7.6,7.89,7.6,7.89,58598
2010-12-03,7.91,7.98,7.89,7.92,71058
2010-12-06,7.94,7.94,7.71,7.8,17912
2010-12-07,7.86,7.92,7.6,7.78,20456
2010-12-08,7.84,7.85,7.76,7.85,29920
2010-12-09,7.88,7.95,7.83,7.87,28595
2010-12-10,7.92,8.01,7.7,7.98,41102
2010-12-13,8.01,8.06,7.88,8.02,64454
2010-12-14,8.01,8.02,7.72,7.76,55333
2010-12-15,7.76,7.84,7.72,7.79,22439
2010-12-16,7.77,7.77,7.7,7.75,31622
2010-12-17,7.8,7.8,7.52,7.6,53312
2010-12-20,7.61,7.72,7.61,7.7,30638
2010-12-21,7.7,7.9,7.6,7.67,56101
2010-12-22,7.73,7.9,7.71,7.9,60728
2010-12-23,7.95,7.95,7.85,7.89,21891
2010-12-27,7.9,7.9,7.78,7.79,15648
2010-12-28,7.77,7.86,7.75,7.82,25328
2010-12-29,7.89,7.91,7.68,7.7,27082
2010-12-30,7.65,7.73,7.62,7.65,25418
2010-12-31,7.56,7.69,7.56,7.62,43215
2011-01-03,7.66,7.77,7.65,7.75,28059
2011-01-04,7.69,7.8,7.69,7.78,14788
2011-01-05,7.77,7.84,7.73,7.81,28045
2011-01-06,7.77,7.86,7.77,7.82,18182
2011-01-07,7.85,7.87,7.76,7.82,16664
2011-01-10,7.76,7.82,7.75,7.78,22903
2011-01-11,8.37,8.38,7.76,7.77,17952
2011-01-12,7.81,7.86,7.81,7.85,12248
2011-01-13,7.89,7.89,7.82,7.85,10013
2011-01-14,7.87,7.96,7.87,7.93,26018
2011-01-18,7.95,7.96,7.9,7.94,15878
2011-01-19,7.91,7.94,7.74,7.74,31466
2011-01-20,7.76,7.77,7.66,7.74,34554
2011-01-21,7.71,7.82,7.71,7.82,18491
2011-01-24,7.8,7.93,7.76,7.83,29165
2011-01-25,7.79,7.85,7.79,7.84,13087
2011-01-26,7.9,7.9,7.83,7.86,9599
2011-01-27,7.91,7.91,7.82,7.84,19047
2011-01-28,7.84,7.9,7.7,7.71,29592
2011-01-31,7.7,7.78,7.7,7.76,26608
2011-02-01,7.71,7.85,7.71,7.81,20248
2011-02-02,7.81,7.88,7.81,7.83,17600
2011-02-03,7.83,7.86,7.78,7.83,24450
2011-02-04,7.84,7.84,7.78,7.81,14426
2011-02-07,7.88,8.47,7.85,8.43,170365
2011-02-08,8.35,8.36,8.11,8.19,38860
2011-02-09,8.15,8.26,8.08,8.14,40105
2011-02-10,8.11,8.11,8.0,8.06,22510
2011-02-11,8.03,8.14,7.99,8.14,21092
2011-02-14,8.14,8.17,8.09,8.12,21585
2011-02-15,8.1,8.25,8.1,8.16,33460
2011-02-16,8.18,8.25,8.15,8.2,22508
2011-02-17,8.23,8.47,8.19,8.35,47512
2011-02-18,8.44,8.45,8.18,8.26,45865
2011-02-22,8.16,8.2,8.0,8.11,37288
2011-02-23,8.12,8.12,8.0,8.01,18084
2011-02-24,7.98,8.0,7.85,7.94,25996
2011-02-25,7.88,8.15,7.88,8.04,33555
2011-02-28,8.2,8.21,8.0,8.05,29387
2011-03-01,8.13,8.13,7.96,8.04,41571
2011-03-02,8.04,8.2,8.03,8.2,44455
2011-03-03,8.24,8.3,8.23,8.23,14220
2011-03-04,8.22,8.22,8.03,8.13,22504
2011-03-07,8.21,8.21,8.01,8.1,15695
2011-03-08,8.09,8.17,8.06,8.13,16504
2011-03-09,8.2,8.21,8.0,8.04,29423
2011-03-10,7.91,7.99,7.78,7.86,32693
2011-03-11,7.83,7.9,7.79,7.85,26906
2011-03-14,7.8,7.8,7.68,7.74,36469
2011-03-15,7.6,7.83,7.4,7.79,52446
2011-03-16,7.74,7.87,7.67,7.74,32280
2011-03-17,7.78,8.07,7.78,7.99,78218
2011-03-18,8.05,8.05,7.94,7.94,12132
2011-03-21,8.07,8.13,8.01,8.07,31101
2011-03-22,8.08,8.22,8.07,8.19,24433
2011-03-23,8.19,8.2,8.11,8.19,33841
2011-03-24,8.25,8.25,8.05,8.05,49314
2011-03-25,8.02,8.14,7.96,7.97,30818
2011-03-28,8.05,8.05,7.96,8.01,33198
2011-03-29,7.97,8.05,7.94,7.96,8486
2011-03-30,7.95,8.05,7.9,7.97,31854
2011-03-31,7.94,8.29,7.91,8.29,93681
2011-04-01,8.28,8.3,8.18,8.18,21259
2011-04-04,8.15,8.25,8.11,8.12,17966
2011-04-05,8.19,8.25,8.15,8.16,19561
2011-04-06,8.17,8.25,8.04,8.09,42789
2011-04-07,8.13,8.36,8.12,8.25,56362
2011-04-08,8.24,8.33,8.18,8.18,13120
2011-04-11,8.15,8.15,7.98,8.03,19845
2011-04-12,8.02,8.03,7.98,7.99,11207
2011-04-13,7.98,8.02,7.88,7.89,28170
2011-04-14,7.9,8.0,7.88,7.98,21235
2011-04-15,8.07,8.07,7.97,8.02,27559
2011-04-18,8.05,8.05,7.85,8.02,24762
2011-04-19,8.15,8.15,7.96,7.96,24994
2011-04-20,8.0,8.01,7.93,7.98,25411
2011-04-21,8.0,8.04,7.83,8.04,38676
2011-04-25,7.95,8.05,7.95,7.98,39820
2011-04-26,7.93,8.15,7.93,8.08,62539
2011-04-27,8.06,8.15,7.91,7.98,63843
2011-04-28,7.98,7.99,7.83,7.85,65645
2011-04-29,7.84,7.93,7.83,7.88,21889
2011-05-02,7.98,7.98,7.82,7.86,40207
2011-05-03,7.78,7.91,7.75,7.85,16077
2011-05-04,7.81,7.88,7.72,7.82,27253
2011-05-05,7.79,7.86,7.75,7.75,27071
2011-05-06,7.9,7.91,7.74,7.8,28735
2011-05-09,7.79,7.79,7.61,7.72,59214
2011-05-10,7.75,7.87,7.75,7.82,25837
2011-05-11,7.78,7.84,7.74,7.76,25355
2011-05-12,7.7,7.84,7.7,7.84,27088
2011-05-13,7.88,7.88,7.7,7.75,30945
2011-05-16,7.75,7.82,7.68,7.79,25352
2011-05-17,7.78,7.78,7.67,7.73,23668
2011-05-18,7.78,7.85,7.7,7.82,56449
2011-05-19,7.87,7.87,7.75,7.78,24304
2011-05-20,7.7,7.72,7.59,7.68,27363
2011-05-23,7.62,7.64,7.55,7.57,23998
2011-05-24,7.62,7.66,7.52,7.62,34580
2011-05-25,7.63,7.64,7.56,7.61,28349
2011-05-26,7.63,7.73,7.59,7.69,24910
2011-05-27,7.73,7.74,7.62,7.66,32147
2011-05-31,7.76,7.76,7.62,7.65,27679
2011-06-01,7.69,7.72,7.62,7.69,35182
2011-06-02,7.73,7.84,7.66,7.81,44335
2011-06-03,7.64,7.69,7.57,7.59,44445
2011-06-06,7.58,7.63,7.48,7.51,23990
2011-06-07,7.51,7.6,7.4,7.49,39595
2011-06-08,7.42,7.45,7.38,7.43,31054
2011-06-09,7.44,7.51,7.44,7.49,18282
2011-06-10,7.46,7.47,7.41,7.42,14768
2011-06-13,7.38,7.38,7.31,7.35,20314
2011-06-14,7.41,7.47,7.41,7.41,26540
2011-06-15,7.3,7.4,7.01,7.22,60522
2011-06-16,7.15,7.28,7.15,7.23,29318
2011-06-17,7.23,7.29,7.2,7.25,21260
2011-06-20,7.2,7.33,7.19,7.26,35217
2011-06-21,7.32,7.43,7.32,7.38,23885
2011-06-22,7.34,7.44,7.31,7.31,22649
2011-06-23,7.28,7.29,7.12,7.25,40841
2011-06-24,7.25,7.3,7.19,7.27,8256
2011-06-27,7.3,7.36,7.29,7.32,21044
2011-06-28,7.35,7.37,7.28,7.28,46018
2011-06-29,7.28,7.43,7.28,7.42,32063
2011-06-30,7.45,7.51,7.4,7.49,29843
2011-07-01,7.5,7.62,7.44,7.62,20816
2011-07-05,7.67,7.67,7.55,7.58,18052
2011-07-06,7.58,7.58,7.42,7.55,19934
2011-07-07,7.58,7.75,7.58,7.65,22689
2011-07-08,7.59,7.66,7.57,7.62,24203
2011-07-11,7.56,7.56,7.38,7.39,19524
2011-07-12,7.36,7.48,7.36,7.41,32309
2011-07-13,7.43,7.5,7.39,7.4,24765
2011-07-14,7.43,7.45,7.3,7.3,37567
2011-07-15,7.31,7.34,7.27,7.3,11782
2011-07-18,7.24,7.25,7.1,7.18,34915
2011-07-19,7.19,7.25,7.16,7.22,31828
2011-07-20,7.25,7.43,7.25,7.3,42005
2011-07-21,7.33,7.44,7.33,7.42,24579
2011-07-22,7.39,7.42,7.35,7.37,22237
2011-07-25,7.26,7.35,7.26,7.33,39246
2011-07-26,7.25,7.31,7.23,7.27,41982
2011-07-27,7.25,7.25,7.09,7.09,33291
2011-07-28,7.05,7.1,6.26,7.0,151654
2011-07-29,6.97,6.98,6.78,6.8,137509
2011-08-01,6.92,6.98,6.65,6.75,73142
2011-08-02,6.74,6.81,6.68,6.7,60460
2011-08-03,6.72,6.78,6.63,6.77,62591
2011-08-04,6.74,6.75,6.45,6.48,80179
2011-08-05,6.51,6.51,6.25,6.36,54790
2011-08-08,6.24,6.36,5.68,5.77,158596
2011-08-09,5.88,6.07,5.68,6.07,69187
2011-08-10,6.03,6.05,5.83,5.9,74260
2011-08-11,5.95,6.32,5.95,6.28,88367
2011-08-12,6.36,6.47,6.3,6.38,56070
2011-08-15,6.41,6.69,6.41,6.69,28229
2011-08-16,6.65,6.71,6.55,6.55,41574
2011-08-17,6.65,6.73,6.57,6.66,26915
2011-08-18,6.59,6.59,6.26,6.44,71198
2011-08-19,6.3,6.46,6.29,6.33,62729
2011-08-22,6.65,6.65,6.21,6.23,39612
2011-08-23,6.05,6.3,6.05,6.3,52256
2011-08-24,6.31,6.52,6.31,6.51,16976
2011-08-25,6.5,6.71,6.47,6.53,16758
2011-08-26,6.51,6.55,6.33,6.54,27055
2011-08-29,6.6,6.73,6.6,6.67,26489
2011-08-30,6.56,6.76,6.56,6.68,26235
2011-08-31,6.85,6.85,6.65,6.68,88897
2011-09-01,6.71,6.71,6.5,6.5,32816
2011-09-02,6.42,6.42,6.27,6.29,20690
2011-09-06,6.24,6.24,6.09,6.19,60293
2011-09-07,6.26,6.51,6.26,6.51,22970
2011-09-08,6.44,6.48,6.37,6.38,25357
2011-09-09,6.34,6.34,6.18,6.23,11478
2011-09-12,6.2,6.33,6.12,6.33,17773
2011-09-13,6.4,6.41,6.3,6.36,24605
2011-09-14,6.42,6.42,6.34,6.41,13218
2011-09-15,6.43,6.54,6.43,6.54,15006
2011-09-16,6.51,6.57,6.46,6.5,25753
2011-09-19,6.4,6.4,6.28,6.31,26521
2011-09-20,6.32,6.41,6.28,6.31,30207
2011-09-21,6.27,6.3,6.05,6.05,20451
2011-09-22,6.0,6.0,5.83,5.97,62893
2011-09-23,5.97,6.05,5.93,5.97,17210
2011-09-26,5.96,6.11,5.96,6.1,23654
2011-09-27,6.18,6.29,6.14,6.14,21599
2011-09-28,6.16,6.21,5.98,5.98,22239
2011-09-29,6.06,6.14,5.94,6.03,26299
2011-09-30,6.01,6.03,5.94,5.94,15034
2011-10-03,5.93,5.94,5.59,5.63,36761
2011-10-04,5.51,5.58,5.11,5.52,68257
2011-10-05,5.52,5.76,5.52,5.73,33389
2011-10-06,5.67,5.91,5.67,5.87,39771
2011-10-07,5.9,5.9,5.72,5.77,19295
2011-10-10,5.82,6.02,5.82,5.97,20794
2011-10-11,5.91,6.03,5.91,5.98,26226
2011-10-12,6.01,6.2,6.01,6.17,34279
2011-10-13,6.1,6.14,5.98,6.13,21891
2011-10-14,6.16,6.18,6.09,6.12,15665
2011-10-17,6.08,6.14,6.03,6.07,34315
2011-10-18,6.07,6.29,6.06,6.26,19344
2011-10-19,6.32,6.33,6.16,6.19,14225
2011-10-20,6.19,6.26,6.13,6.26,9386
2011-10-21,6.27,6.42,6.27,6.35,23049
2011-10-24,6.31,6.48,6.31,6.48,33701
2011-10-25,6.44,6.44,6.34,6.38,31650
2011-10-26,6.43,6.5,6.37,6.4,20287
2011-10-27,6.52,6.73,6.52,6.61,46262
2011-10-28,6.64,6.78,6.52,6.61,26835
2011-10-31,6.51,6.51,6.3,6.43,18748
2011-11-01,6.16,6.3,6.16,6.26,25592
2011-11-02,6.26,6.37,6.18,6.37,22456
2011-11-03,6.37,6.42,6.27,6.36,20756
2011-11-04,6.36,6.36,6.26,6.28,19217
2011-11-07,6.32,6.42,6.3,6.34,24694
2011-11-08,6.36,6.48,6.34,6.48,26746
2011-11-09,6.43,6.43,6.17,6.22,52295
2011-11-10,6.38,6.38,6.24,6.29,24623
2011-11-11,6.29,6.43,6.29,6.39,21638
2011-11-14,6.47,6.5,6.3,6.38,52312
2011-11-15,6.39,6.47,6.3,6.45,26946
2011-11-16,6.51,6.51,6.34,6.34,21937
2011-11-17,6.32,6.37,6.23,6.26,27651
2011-11-18,6.25,6.31,6.11,6.15,48523
2011-11-21,6.4,6.4,6.06,6.16,40602
2011-11-22,6.45,6.45,6.1,6.16,38400
2011-11-23,6.12,6.14,6.0,6.0,31150
2011-11-25,6.03,6.13,6.0,6.0,3800
2011-11-28,6.25,6.25,6.08,6.12,33213
2011-11-29,6.12,6.15,6.02,6.05,18877
2011-11-30,6.17,6.22,6.07,6.2,98797
2011-12-01,6.23,6.35,6.19,6.33,73852
2011-12-02,6.33,6.49,6.33,6.42,31942
2011-12-05,6.43,6.57,6.43,6.52,25476
2011-12-06,6.49,6.53,6.45,6.45,27023
2011-12-07,6.49,6.52,6.41,6.5,39785
2011-12-08,6.39,6.42,6.26,6.28,51161
2011-12-09,6.32,6.43,6.32,6.4,41889
2011-12-12,6.31,6.33,6.27,6.29,21344
2011-12-13,6.37,6.37,6.2,6.2,23883
2011-12-14,6.1,6.28,6.1,6.2,18941
2011-12-15,6.32,6.32,6.2,6.2,31392
2011-12-16,6.24,6.28,6.22,6.28,26107
2011-12-19,6.26,6.26,6.06,6.08,73809
2011-12-20,6.11,6.26,6.11,6.22,23106
2011-12-21,6.25,6.26,6.16,6.2,47271
2011-12-22,6.19,6.3,6.18,6.24,28902
2011-12-23,6.25,6.3,6.23,6.28,34813
2011-12-27,6.33,6.34,6.25,6.33,36062
2011-12-28,6.29,6.34,6.26,6.34,47027
2011-12-29,6.28,6.33,6.24,6.32,80152
2011-12-30,6.27,6.31,6.21,6.3,55741
2012-01-03,6.43,6.51,6.43,6.47,27874
2012-01-04,6.47,6.47,6.39,6.46,31255
2012-01-05,6.48,6.64,6.42,6.64,35751
2012-01-06,6.6,6.66,6.58,6.6,16784
2012-01-09,6.57,6.68,6.57,6.63,16055
2012-01-10,6.73,6.77,6.71,6.73,25092
2012-01-11,6.73,6.79,6.7,6.71,28168
2012-01-12,6.67,6.75,6.67,6.69,20585
2012-01-13,6.73,6.73,6.62,6.72,33169
2012-01-17,6.79,6.8,6.71,6.72,34519
2012-01-18,6.77,6.82,6.73,6.81,28008
2012-01-19,6.88,6.93,6.83,6.9,20485
2012-01-20,6.88,7.03,6.88,7.01,26511
2012-01-23,6.98,7.04,6.94,7.04,42922
2012-01-24,7.02,7.04,6.96,7.0,45665
2012-01-25,6.97,7.08,6.97,7.06,37983
2012-01-26,7.15,7.15,6.99,7.07,75379
2012-01-27,7.05,7.09,6.98,7.02,36220
2012-01-30,6.92,6.99,6.85,6.99,62681
2012-01-31,6.99,7.03,6.95,7.0,25825
2012-02-01,7.08,7.13,7.07,7.12,17863
2012-02-02,7.09,7.16,7.09,7.12,24871
2012-02-03,7.15,7.3,7.15,7.26,41207
2012-02-06,7.14,7.19,7.1,7.1,38444
2012-02-07,7.1,7.16,7.1,7.13,31487
2012-02-08,7.14,7.19,7.11,7.19,9313
2012-02-09,7.18,7.18,7.1,7.14,20662
2012-02-10,7.04,7.11,7.04,7.08,12554
2012-02-13,7.17,7.17,7.09,7.14,33369
2012-02-14,7.1,7.12,7.05,7.12,27093
2012-02-15,7.12,7.13,7.06,7.09,20283
2012-02-16,7.08,7.15,7.05,7.1,42908
2012-02-17,7.12,7.24,7.11,7.2,36542
2012-02-21,7.17,7.31,7.17,7.3,70193
2012-02-22,7.14,7.14,7.0,7.07,56432
2012-02-23,7.02,7.1,7.02,7.07,16012
2012-02-24,7.08,7.11,7.02,7.03,33944
2012-02-27,7.03,7.05,6.84,7.01,47654
2012-02-28,7.04,7.18,7.02,7.18,46973
2012-02-29,7.2,7.36,7.19,7.28,72364
2012-03-01,7.34,7.34,7.22,7.27,56240
2012-03-02,7.19,7.19,6.99,7.0,43468
2012-03-05,7.01,7.03,7.0,7.01,14297
2012-03-06,6.98,6.99,6.9,6.93,16458
2012-03-07,7.03,7.07,6.95,7.04,31495
2012-03-08,7.09,7.15,7.08,7.1,28668
2012-03-09,7.07,7.17,7.07,7.08,83223
2012-03-12,7.11,7.16,7.08,7.13,15412
2012-03-13,7.14,7.27,7.11,7.23,49841
2012-03-14,7.26,7.27,7.15,7.22,16718
2012-03-15,7.2,7.27,7.17,7.23,19760
2012-03-16,7.16,7.2,7.11,7.13,35599
2012-03-19,7.16,7.22,7.13,7.18,20535
2012-03-20,7.18,7.22,7.12,7.21,28832
2012-03-21,7.2,7.2,7.11,7.15,21274
2012-03-22,7.15,7.22,7.15,7.16,12433
2012-03-23,7.2,7.23,7.09,7.18,13626
2012-03-26,7.2,7.23,7.15,7.15,32299
2012-03-27,7.1,7.24,7.1,7.18,30900
2012-03-28,7.13,7.17,7.08,7.09,23631
2012-03-29,7.07,7.07,6.98,7.05,36609
2012-03-30,7.07,7.17,7.06,7.12,33314
2012-04-02,7.13,7.14,7.08,7.08,17854
2012-04-03,7.04,7.23,7.04,7.23,32584
2012-04-04,7.13,7.23,7.05,7.23,38159
2012-04-05,7.2,7.27,7.16,7.26,24114
2012-04-09,7.19,7.19,7.11,7.14,13392
2012-04-10,7.12,7.2,7.04,7.11,22574
2012-04-11,7.13,7.18,7.12,7.17,20705
2012-04-12,7.16,7.18,7.1,7.15,19543
2012-04-13,7.1,7.15,7.06,7.11,21677
2012-04-16,7.18,7.18,7.09,7.11,35910
2012-04-17,7.19,7.2,7.14,7.19,17633
2012-04-18,7.18,7.2,7.12,7.17,26640
2012-04-19,7.15,7.19,7.09,7.1,17237
2012-04-20,7.11,7.2,7.1,7.17,36824
2012-04-23,7.18,7.21,7.12,7.21,38590
2012-04-24,7.21,7.27,7.2,7.27,40139
2012-04-25,7.27,7.35,7.25,7.35,33217
2012-04-26,7.42,7.42,7.29,7.38,45057
2012-04-27,7.4,7.42,7.29,7.42,18308
2012-04-30,7.34,7.34,7.29,7.31,47348
2012-05-01,7.33,7.4,7.29,7.38,35812
2012-05-02,7.37,7.37,7.27,7.33,16233
2012-05-03,7.36,7.38,7.27,7.27,15671
2012-05-04,7.18,7.26,7.16,7.2,16904
2012-05-07,7.16,7.3,7.02,7.27,42094
2012-05-08,7.26,7.27,7.16,7.26,20527
2012-05-09,7.22,7.28,7.19,7.2,6869
2012-05-10,7.28,7.35,7.16,7.16,70658
2012-05-11,7.2,7.23,7.15,7.18,31108
2012-05-14,7.11,7.38,7.06,7.12,33656
2012-05-15,7.11,7.24,7.0,7.2,49176
2012-05-16,7.17,7.29,7.12,7.18,34326
2012-05-17,7.19,7.22,7.13,7.14,26187
2012-05-18,7.17,7.24,7.08,7.16,22786
2012-05-21,7.11,7.23,7.05,7.23,64036
2012-05-22,7.1,7.14,7.03,7.13,27675
2012-05-23,7.08,7.14,6.93,7.05,48387
2012-05-24,7.09,7.16,6.96,6.97,25068
2012-05-25,7.04,7.07,6.93,6.96,49996
2012-05-29,7.03,7.07,6.97,7.04,37081
2012-05-30,7.02,7.02,6.93,6.96,15815
2012-05-31,7.03,7.18,7.03,7.09,81517
2012-06-01,7.04,7.08,6.88,6.88,57542
2012-06-04,6.9,7.06,6.85,6.89,28062
2012-06-05,6.92,7.0,6.88,6.98,14637
2012-06-06,6.99,7.24,6.99,7.06,37316
2012-06-07,7.1,7.24,7.1,7.21,12893
2012-06-08,7.15,7.19,7.11,7.18,18409
2012-06-11,7.16,7.22,7.1,7.11,14024
2012-06-12,7.11,7.24,7.1,7.22,13820
2012-06-13,7.21,7.25,7.13,7.13,18668
2012-06-14,7.13,7.25,7.13,7.25,27696
2012-06-15,7.24,7.25,7.22,7.25,43195
2012-06-18,7.25,7.25,7.2,7.22,13674
2012-06-19,7.21,7.33,7.21,7.25,18832
2012-06-20,7.32,7.35,7.17,7.32,23548
2012-06-21,7.3,7.3,7.11,7.15,40821
2012-06-22,7.21,7.29,7.21,7.26,15342
2012-06-25,7.23,7.25,7.1,7.13,31887
2012-06-26,7.2,7.25,7.17,7.22,17091
2012-06-27,7.26,7.33,7.21,7.29,27507
2012-06-28,7.3,7.4,7.24,7.37,33484
2012-06-29,7.41,7.53,7.41,7.46,30359
2012-07-02,7.43,7.6,7.35,7.37,36812
2012-07-03,7.41,7.61,7.41,7.55,15489
2012-07-05,7.48,7.56,7.43,7.51,23175
2012-07-06,7.4,7.62,7.4,7.59,24235
2012-07-09,7.6,7.76,7.54,7.67,32218
2012-07-10,7.67,7.67,7.54,7.58,8920
2012-07-11,7.47,7.53,7.46,7.49,31290
2012-07-12,7.45,7.49,7.36,7.36,12423
2012-07-13,7.39,7.55,7.39,7.47,21760
2012-07-16,7.5,7.55,7.47,7.47,20550
2012-07-17,7.42,7.46,7.39,7.42,26082
2012-07-18,7.41,7.5,7.4,7.43,32256
2012-07-19,7.41,7.57,7.41,7.53,39333
2012-07-20,7.53,7.54,7.44,7.44,19269
2012-07-23,7.44,7.49,7.38,7.41,31595
2012-07-24,7.44,7.49,7.32,7.38,39230
2012-07-25,7.35,7.43,7.34,7.4,10282
2012-07-26,7.39,7.53,7.39,7.53,31239
2012-07-27,7.52,7.59,7.44,7.56,25026
2012-07-30,7.6,7.6,7.45,7.49,32612
2012-07-31,7.44,7.56,7.4,7.47,75696
2012-08-01,7.48,7.53,7.4,7.44,15511
2012-08-02,7.43,7.53,7.4,7.46,46076
2012-08-03,7.5,7.61,7.5,7.55,24169
2012-08-06,7.59,7.6,7.47,7.48,33308
2012-08-07,7.49,7.55,7.44,7.52,35380
2012-08-08,7.54,7.54,7.44,7.45,18848
2012-08-09,7.47,7.57,7.47,7.48,18182
2012-08-10,7.5,7.6,7.5,7.55,34953
2012-08-13,7.58,7.69,7.53,7.69,47006
2012-08-14,7.75,7.84,7.71,7.78,64099
2012-08-15,7.78,7.82,7.73,7.75,27391
2012-08-16,7.83,7.97,7.8,7.94,44111
2012-08-17,7.96,7.96,7.87,7.93,19675
2012-08-20,7.86,8.02,7.86,8.01,49694
2012-08-21,7.99,8.19,7.95,8.12,58988
2012-08-22,7.88,8.02,7.69,7.87,54541
2012-08-23,7.85,7.87,7.35,7.57,92238
2012-08-24,7.53,7.64,7.47,7.58,34494
2012-08-27,7.52,7.65,7.51,7.55,72738
2012-08-28,7.6,7.63,7.5,7.52,49360
2012-08-29,7.5,7.6,7.5,7.52,34093
2012-08-30,7.49,7.71,7.49,7.7,63705
2012-08-31,7.76,7.93,7.72,7.88,78036
2012-09-04,7.82,7.9,7.8,7.84,23652
2012-09-05,7.23,7.92,6.93,7.79,40533
2012-09-06,7.75,7.99,7.75,7.91,56708
2012-09-07,7.85,7.89,7.74,7.79,46314
2012-09-10,7.8,7.82,7.75,7.78,31943
2012-09-11,7.77,7.88,7.75,7.85,14639
2012-09-12,7.82,7.93,7.82,7.92,12649
2012-09-13,7.96,7.99,7.91,7.95,25415
2012-09-14,7.99,7.99,7.92,7.94,48757
2012-09-17,7.95,7.98,7.88,7.89,21784
2012-09-18,7.89,7.99,7.88,7.92,37649
2012-09-19,7.88,7.91,7.78,7.8,40668
2012-09-20,7.79,7.95,7.79,7.91,30772
2012-09-21,7.94,7.98,7.81,7.81,29999
2012-09-24,7.83,7.9,7.81,7.85,36002
2012-09-25,7.9,7.99,7.9,7.98,67773
2012-09-26,7.98,7.98,7.81,7.86,29861
2012-09-27,7.88,7.97,7.83,7.97,33480
2012-09-28,7.88,7.96,7.76,7.87,62808
2012-10-01,7.95,7.99,7.86,7.87,41458
2012-10-02,7.92,7.97,7.8,7.88,41483
2012-10-03,7.95,7.97,7.87,7.93,36612
2012-10-04,7.95,7.99,7.82,7.89,25051
2012-10-05,7.93,7.98,7.89,7.98,32449
2012-10-08,7.95,8.03,7.91,7.99,38741
2012-10-09,7.94,8.08,7.92,8.08,53691
2012-10-10,8.0,8.1,7.98,7.99,50387
2012-10-11,7.97,8.06,7.96,8.0,24819
2012-10-12,7.95,7.99,7.91,7.96,26485
2012-10-15,7.94,8.05,7.93,7.96,30396
2012-10-16,8.0,8.04,7.93,7.94,43827
2012-10-17,7.94,8.09,7.94,8.02,36832
2012-10-18,8.02,8.1,8.02,8.1,33733
2012-10-19,8.02,8.1,7.95,7.95,24107
2012-10-22,7.99,8.09,7.98,8.0,35935
2012-10-23,7.95,8.12,7.92,8.02,52276
2012-10-24,8.09,8.12,8.0,8.12,39699
2012-10-25,8.12,8.2,8.05,8.15,53130
2012-10-26,8.17,8.33,8.13,8.17,33642
2012-10-31,8.22,8.33,8.1,8.33,42846
2012-11-01,8.33,8.63,8.33,8.41,41127
2012-11-02,8.44,8.47,8.03,8.11,81879
2012-11-05,8.05,8.12,8.05,8.05,32586
2012-11-06,8.06,8.11,8.02,8.02,16356
2012-11-07,7.99,8.15,7.95,8.15,56334
2012-11-08,8.1,8.18,8.05,8.07,34945
2012-11-09,7.98,8.07,7.95,7.95,30946
2012-11-12,7.9,7.98,7.9,7.91,16991
2012-11-13,8.09,8.15,7.67,7.89,35665
2012-11-14,7.92,7.92,7.34,7.41,80747
2012-11-15,7.3,7.67,7.26,7.53,52472
2012-11-16,7.83,7.99,7.79,7.85,56298
2012-11-19,7.85,8.21,7.85,8.07,55822
2012-11-20,8.03,8.24,8.01,8.24,28243
2012-11-21,8.0,8.07,7.88,8.02,22403
2012-11-23,8.05,8.05,7.99,8.0,28442
2012-11-26,8.03,8.03,7.96,7.97,22239
2012-11-27,7.95,8.0,7.95,7.96,36401
2012-11-28,7.98,8.02,7.89,8.02,20531
2012-11-29,8.01,8.09,7.96,7.97,37546
2012-11-30,7.91,8.08,7.91,8.07,38626
2012-12-03,8.15,8.2,8.06,8.06,78359
2012-12-04,8.13,8.13,7.99,8.05,43047
2012-12-05,8.07,8.07,7.91,8.03,32926
2012-12-06,7.98,8.08,7.93,8.02,88855
2012-12-07,8.02,8.08,7.95,7.95,21298
2012-12-10,7.97,8.04,7.92,7.92,35731
2012-12-11,7.9,8.05,7.9,8.03,32289
2012-12-12,7.99,8.0,7.97,7.98,15255
2012-12-13,8.0,8.02,7.94,7.97,35733
2012-12-14,7.89,7.94,7.58,7.76,122040
2012-12-17,7.92,7.92,7.72,7.72,21564
2012-12-18,7.73,7.87,7.72,7.76,20803
2012-12-19,7.71,7.9,7.71,7.71,45861
2012-12-20,7.77,7.94,7.76,7.76,51076
2012-12-21,7.63,7.86,7.63,7.75,34057
2012-12-24,7.67,7.96,7.67,7.91,36401
2012-12-26,7.85,7.9,7.77,7.77,22391
2012-12-27,7.82,7.92,7.65,7.69,48595
2012-12-28,7.63,7.87,7.63,7.86,39582
2012-12-31,7.82,7.93,7.76,7.8,39336
2013-01-02,7.87,8.0,7.87,8.0,30749
2013-01-03,8.0,8.18,8.0,8.13,47426
2013-01-04,8.11,8.24,8.07,8.24,24973
2013-01-07,8.2,8.3,8.17,8.26,26971
2013-01-08,8.29,8.29,8.09,8.13,28081
2013-01-09,8.13,8.38,8.13,8.36,87431
2013-01-10,8.33,8.49,8.31,8.49,36307
2013-01-11,8.44,8.47,8.43,8.45,19379
2013-01-14,8.51,8.56,8.33,8.37,36090
2013-01-15,8.41,8.45,8.25,8.35,30101
2013-01-16,8.32,8.38,8.24,8.3,39747
2013-01-17,8.36,8.38,8.24,8.24,28284
2013-01-18,8.29,8.37,8.28,8.37,8625
2013-01-22,8.4,8.51,8.4,8.5,20543
2013-01-23,8.5,8.55,8.31,8.36,63511
2013-01-24,8.33,8.52,8.27,8.49,29670
2013-01-25,8.51,8.52,8.36,8.51,38868
2013-01-28,8.46,8.51,8.4,8.4,55337
2013-01-29,8.39,8.47,8.35,8.42,32250
2013-01-30,8.37,8.43,8.37,8.41,20676
2013-01-31,8.37,8.41,8.3,8.3,23764
2013-02-01,8.37,8.47,8.35,8.44,39698
2013-02-04,8.34,8.38,8.3,8.33,29270
2013-02-05,8.32,8.45,8.32,8.45,27847
2013-02-06,8.47,8.54,8.47,8.47,26418
2013-02-07,8.48,8.49,8.42,8.49,14903
2013-02-08,8.47,8.72,8.47,8.63,57546
2013-02-11,8.58,8.69,8.57,8.66,27892
2013-02-12,8.66,8.8,8.57,8.73,47038
2013-02-13,8.73,8.85,8.62,8.85,25841
2013-02-14,8.76,9.09,8.72,8.93,38960
2013-02-15,8.89,9.1,8.89,8.98,38137
2013-02-19,8.95,9.1,8.94,8.97,49660
2013-02-20,8.87,8.87,8.65,8.77,30168
2013-02-21,8.67,8.67,8.42,8.45,44765
2013-02-22,8.46,8.58,8.37,8.37,71217
2013-02-25,8.46,8.5,8.4,8.43,43198
2013-02-26,8.41,8.45,8.3,8.32,39080
2013-02-27,8.3,8.4,8.27,8.39,32206
2013-02-28,8.45,8.51,8.35,8.36,87582
2013-03-01,8.4,8.54,8.35,8.42,35895
2013-03-04,8.37,8.46,8.31,8.32,66752
2013-03-05,8.44,8.48,8.36,8.38,85067
2013-03-06,8.45,8.65,8.4,8.57,138680
2013-03-07,8.57,8.57,8.38,8.5,49099
2013-03-08,8.59,8.59,8.48,8.57,52353
2013-03-11,8.51,8.6,8.5,8.58,17375
2013-03-12,8.53,8.57,8.47,8.49,11701
2013-03-13,8.52,8.6,8.49,8.6,29689
2013-03-14,8.56,8.8,8.55,8.8,43852
2013-03-15,8.76,8.77,8.66,8.77,21757
2013-03-18,8.65,8.8,8.62,8.7,16460
2013-03-19,8.66,8.75,8.65,8.75,20235
2013-03-20,8.78,8.87,8.68,8.8,17645
2013-03-21,8.87,8.96,8.75,8.8,21603
2013-03-22,8.8,8.86,8.71,8.73,16605
2013-03-25,8.7,8.85,8.7,8.74,19337
2013-03-26,8.76,8.9,8.65,8.66,31283
2013-03-27,8.68,8.76,8.61,8.66,28576
2013-03-28,8.64,8.76,8.64,8.73,29048
2013-04-01,8.73,8.74,8.7,8.74,3653
2013-04-02,8.72,8.85,8.68,8.72,18814
2013-04-03,8.77,8.77,8.6,8.65,41362
2013-04-04,8.65,8.65,8.54,8.57,12650
2013-04-05,8.5,8.5,8.31,8.43,44595
2013-04-08,8.49,8.49,8.39,8.39,14082
2013-04-09,8.39,8.46,8.38,8.43,27425
2013-04-10,8.41,8.42,8.35,8.36,34423
2013-04-11,8.35,8.38,8.32,8.34,57145
2013-04-12,8.35,8.36,8.32,8.35,16670
2013-04-15,8.31,8.31,8.14,8.16,40023
2013-04-16,8.16,8.27,8.08,8.18,27723
2013-04-17,8.12,8.31,8.09,8.16,31938
2013-04-18,8.24,8.32,8.15,8.19,29723
2013-04-19,8.17,8.2,8.15,8.2,14996
2013-04-22,8.25,8.42,8.24,8.42,23559
2013-04-23,8.5,8.61,8.45,8.58,36500
2013-04-24,8.57,8.74,8.54,8.6,31441
2013-04-25,8.58,8.77,8.58,8.67,15631
2013-04-26,8.67,8.84,8.65,8.71,38216
2013-04-29,8.71,8.86,8.5,8.62,44984
2013-04-30,8.57,8.84,8.57,8.65,45070
2013-05-01,8.56,8.77,8.56,8.61,40635
2013-05-02,8.62,8.7,8.59,8.66,15275
2013-05-03,8.66,8.77,8.65,8.67,45213
2013-05-06,8.67,8.75,8.48,8.55,67114
2013-05-07,8.53,8.67,8.53,8.56,31366
2013-05-08,8.53,8.57,8.48,8.5,72306
2013-05-09,8.54,8.54,8.47,8.5,35394
2013-05-10,8.49,8.51,8.46,8.49,18756
2013-05-13,8.46,8.54,8.46,8.49,27037
2013-05-14,8.51,8.6,8.49,8.57,36175
2013-05-15,8.6,8.72,8.56,8.72,42173
2013-05-16,8.67,8.67,8.54,8.6,28389
2013-05-17,8.66,8.68,8.56,8.68,37728
2013-05-20,8.64,8.83,8.56,8.76,98298
2013-05-21,8.77,8.82,8.73,8.82,32358
2013-05-22,8.7,8.7,8.58,8.58,28540
2013-05-23,8.52,8.55,8.4,8.43,35880
2013-05-24,8.48,8.48,8.33,8.42,29111
2013-05-28,8.43,8.58,8.4,8.44,46119
2013-05-29,8.38,8.44,8.28,8.36,44614
2013-05-30,8.41,8.5,8.28,8.33,53212
2013-05-31,8.4,8.51,8.32,8.38,84969
2013-06-03,8.31,8.37,8.28,8.33,44372
2013-06-04,8.32,8.34,8.28,8.3,18841
2013-06-05,8.29,8.34,8.25,8.25,28247
2013-06-06,8.25,8.3,8.25,8.3,38206
2013-06-07,8.4,8.45,8.31,8.38,17849
2013-06-10,8.43,8.47,8.26,8.36,29967
2013-06-11,8.34,8.45,8.31,8.37,15192
2013-06-12,8.42,8.46,8.28,8.28,24878
2013-06-13,8.3,8.49,8.25,8.29,50858
2013-06-14,8.26,8.37,8.25,8.32,18913
2013-06-17,8.3,8.42,8.3,8.32,20064
2013-06-18,8.29,8.38,8.25,8.29,18882
2013-06-19,8.26,8.54,8.25,8.25,30572
2013-06-20,8.25,8.28,8.19,8.19,29312
2013-06-21,8.3,8.31,8.25,8.3,25800
2013-06-24,8.29,8.37,8.25,8.25,24499
2013-06-25,8.27,8.27,8.25,8.25,33934
2013-06-26,8.32,8.34,8.26,8.27,14761
2013-06-27,8.3,8.44,8.26,8.3,22415
2013-06-28,8.27,8.38,8.25,8.35,21126
2013-07-01,8.32,8.48,8.32,8.35,33545
2013-07-02,8.32,8.54,8.3,8.34,19434
2013-07-03,8.38,8.38,8.27,8.3,11214
2013-07-05,8.29,8.32,8.25,8.25,20801
2013-07-08,8.25,8.28,8.25,8.25,24636
2013-07-09,8.25,8.48,8.25,8.29,20944
2013-07-10,8.35,8.48,8.29,8.3,23348
2013-07-11,8.39,8.49,8.38,8.49,17535
2013-07-12,8.49,8.5,8.35,8.36,28673
2013-07-15,8.44,8.52,8.37,8.48,7905
2013-07-16,8.47,8.5,8.4,8.47,23642
2013-07-17,8.48,8.49,8.43,8.44,14223
2013-07-18,8.54,8.58,8.43,8.48,26292
2013-07-19,8.48,8.55,8.44,8.51,14723
2013-07-22,8.48,8.52,8.44,8.52,19868
2013-07-23,8.5,8.84,8.46,8.76,25247
2013-07-24,8.71,8.73,8.56,8.72,25211
2013-07-25,8.52,8.78,8.43,8.78,20007
2013-07-26,8.77,8.89,8.61,8.89,33254
2013-07-29,8.84,9.28,8.77,8.91,52145
2013-07-30,8.88,8.88,8.57,8.62,46569
2013-07-31,8.67,8.87,8.37,8.37,53121
2013-08-01,8.46,8.58,8.38,8.39,35687
2013-08-02,8.39,8.52,8.37,8.39,36000
2013-08-05,8.39,8.45,8.37,8.45,29087
2013-08-06,8.47,8.61,8.38,8.45,86044
2013-08-07,8.4,8.48,8.0,8.01,148839
2013-08-08,8.1,8.28,8.03,8.05,30734
2013-08-09,8.06,8.31,8.06,8.3,16421
2013-08-12,8.19,8.24,8.07,8.07,25473
2013-08-13,8.05,8.24,8.03,8.15,25780
2013-08-14,8.07,8.29,8.05,8.21,23429
2013-08-15,8.09,8.31,8.07,8.12,24194
2013-08-16,8.15,8.34,8.09,8.28,23246
2013-08-19,8.29,8.3,7.95,7.95,34436
2013-08-20,7.98,8.22,7.85,8.07,54011
2013-08-21,7.81,8.12,7.8,8.12,22982
2013-08-22,8.03,8.17,7.97,8.02,18991
2013-08-23,8.01,8.08,7.97,8.04,13024
2013-08-26,8.03,8.13,8.02,8.07,25048
2013-08-27,8.08,8.29,7.95,8.11,54390
2013-08-28,8.14,8.19,8.1,8.16,9566
2013-08-29,8.09,8.24,8.02,8.24,64316
2013-08-30,8.34,8.58,8.2,8.38,59625
2013-09-03,8.38,8.51,8.18,8.35,31406
2013-09-04,8.31,8.31,8.1,8.24,21859
2013-09-05,8.21,8.25,8.1,8.18,14956
2013-09-06,8.22,8.47,8.13,8.22,16097
2013-09-09,8.21,8.26,8.16,8.26,5462
2013-09-10,8.31,8.34,8.1,8.12,24755
2013-09-11,8.18,8.27,8.13,8.2,30933
2013-09-12,8.26,8.28,8.22,8.23,11544
2013-09-13,8.22,8.34,8.12,8.32,14291
2013-09-16,8.38,8.4,8.22,8.22,26089
2013-09-17,8.23,8.24,8.1,8.16,21132
2013-09-18,8.2,8.3,8.11,8.23,26834
2013-09-19,8.22,8.4,8.14,8.19,40854
2013-09-20,8.15,8.25,8.1,8.24,17933
2013-09-23,8.12,8.23,7.95,8.11,48334
2013-09-24,8.09,8.12,7.98,8.12,21631
2013-09-25,8.05,8.17,8.02,8.17,19161
2013-09-26,8.16,8.28,8.15,8.28,33969
2013-09-27,8.18,8.23,8.15,8.15,14033
2013-09-30,8.06,8.22,8.06,8.15,28870
2013-10-01,8.05,8.12,8.01,8.07,31080
2013-10-02,8.06,8.13,8.05,8.09,10553
2013-10-03,8.05,8.08,8.02,8.02,9846
2013-10-04,8.03,8.07,8.01,8.02,24079
2013-10-07,7.96,8.03,7.94,7.94,28051
2013-10-08,7.92,8.0,7.9,7.93,31233
2013-10-09,7.92,7.98,7.82,7.98,19846
2013-10-10,7.98,8.14,7.98,8.07,25146
2013-10-11,8.0,8.03,7.92,8.0,27059
2013-10-14,7.94,8.01,7.94,8.0,16380
2013-10-15,7.99,8.05,7.95,7.97,25275
2013-10-16,7.99,8.06,7.97,8.06,25906
2013-10-17,8.04,8.11,8.0,8.11,13447
2013-10-18,8.11,8.18,8.07,8.18,26224
2013-10-21,8.13,8.17,8.11,8.14,15648
2013-10-22,8.18,8.22,8.09,8.18,30972
2013-10-23,8.18,8.3,8.18,8.3,38491
2013-10-24,8.28,8.35,8.28,8.31,31197
2013-10-25,8.35,8.35,8.28,8.35,8089
2013-10-28,8.37,8.38,8.35,8.38,13668
2013-10-29,8.33,8.55,8.33,8.44,49134
2013-10-30,8.48,8.48,8.29,8.39,10403
2013-10-31,8.42,8.44,8.33,8.4,11348
2013-11-01,8.45,8.45,8.19,8.27,9029
2013-11-04,8.22,8.33,8.18,8.33,12605
2013-11-05,8.3,8.35,8.2,8.25,20057
2013-11-06,8.29,8.31,8.16,8.3,19631
2013-11-07,8.31,8.44,8.22,8.36,35316
2013-11-08,8.29,8.36,8.2,8.28,63214
2013-11-11,8.32,8.32,8.2,8.27,31192
2013-11-12,8.25,8.31,8.25,8.27,10009
2013-11-13,8.27,8.31,8.25,8.25,30279
2013-11-14,8.26,8.33,8.1,8.12,77055
2013-11-15,8.17,8.17,8.01,8.07,112672
2013-11-18,8.13,8.13,7.96,7.98,62992
2013-11-19,7.99,8.04,7.98,8.02,55882
2013-11-20,7.9,7.97,7.87,7.94,68261
2013-11-21,7.97,8.05,7.97,8.05,12654
2013-11-22,8.02,8.07,8.02,8.03,35506
2013-11-25,7.95,8.08,7.88,7.94,80306
2013-11-26,7.96,8.02,7.88,7.92,66823
2013-11-27,7.94,8.09,7.93,8.05,40733
2013-11-29,8.02,8.19,8.02,8.19,22754
2013-12-02,8.2,8.26,8.16,8.16,55765
2013-12-03,8.15,8.16,8.06,8.1,26123
2013-12-04,8.09,8.11,7.98,8.1,30487
2013-12-05,8.05,8.06,8.0,8.03,28867
2013-12-06,8.03,8.05,8.01,8.04,26925
2013-12-09,8.02,8.09,8.0,8.05,25194
2013-12-10,8.0,8.03,7.99,8.0,35155
2013-12-11,8.0,8.02,7.93,7.94,49311
2013-12-12,7.94,7.97,7.78,7.78,79266
2013-12-13,7.81,7.83,7.74,7.74,58931
2013-12-16,7.71,7.77,7.71,7.76,46291
2013-12-17,7.7,7.83,7.7,7.81,39900
2013-12-18,7.79,7.88,7.79,7.88,38819
2013-12-19,7.91,7.93,7.8,7.83,36800
2013-12-20,7.79,7.89,7.74,7.88,70079
2013-12-23,7.87,8.0,7.87,8.0,48944
2013-12-24,7.94,8.04,7.94,8.02,15281
2013-12-26,8.02,8.02,7.94,7.98,42353
2013-12-27,7.97,7.99,7.83,7.97,56352
2013-12-30,7.9,7.92,7.77,7.91,70954
2013-12-31,7.86,7.93,7.81,7.86,92034
2014-01-02,7.8,7.82,7.77,7.81,31469
2014-01-03,7.8,7.84,7.78,7.8,45486
2014-01-06,7.79,7.84,7.78,7.81,33927
2014-01-07,7.8,7.92,7.8,7.92,44723
2014-01-08,7.92,7.92,7.79,7.89,77556
2014-01-09,7.87,7.88,7.82,7.88,37438
2014-01-10,7.9,7.9,7.82,7.88,28338
2014-01-13,7.88,7.92,7.82,7.84,35617
2014-01-14,7.85,7.91,7.84,7.89,21925
2014-01-15,7.92,7.95,7.89,7.93,27928
2014-01-16,7.95,7.97,7.91,7.93,18597
2014-01-17,7.96,7.99,7.93,7.93,33187
2014-01-21,7.93,8.02,7.93,8.02,18860
2014-01-22,8.02,8.05,8.01,8.03,14733
2014-01-23,8.03,8.05,8.0,8.05,23031
2014-01-24,8.0,8.03,7.96,7.98,37776
2014-01-27,7.94,8.02,7.9,7.98,43785
2014-01-28,7.95,7.98,7.94,7.98,14000
2014-01-29,7.97,7.97,7.88,7.88,15731
2014-01-30,7.88,7.93,7.87,7.9,31811
2014-01-31,7.88,7.97,7.88,7.97,30192
2014-02-03,7.92,7.92,7.75,7.76,39201
2014-02-04,7.81,7.81,7.77,7.78,33781
2014-02-05,7.8,7.8,7.76,7.8,32659
2014-02-06,7.82,7.87,7.79,7.87,25688
2014-02-07,7.89,7.92,7.82,7.89,46288
2014-02-10,7.88,7.89,7.85,7.87,22335
2014-02-11,7.89,7.98,7.89,7.9,107217
2014-02-12,7.88,7.95,7.88,7.91,26954
2014-02-13,7.89,8.04,7.89,7.98,26738
2014-02-14,8.01,8.07,7.98,8.07,28390
2014-02-18,8.08,8.08,8.02,8.07,52283
2014-02-19,8.02,8.15,8.02,8.06,58660
2014-02-20,8.06,8.17,8.02,8.16,55874
2014-02-21,8.16,8.18,8.05,8.12,132655
2014-02-24,8.09,8.16,8.08,8.09,48588
2014-02-25,8.02,8.05,7.94,7.99,46632
2014-02-26,8.01,8.02,7.89,7.96,54697
2014-02-27,7.93,8.01,7.91,8.0,33477
2014-02-28,8.06,8.09,8.03,8.06,64687
2014-03-03,8.03,8.03,7.96,8.03,25537
2014-03-04,8.06,8.12,8.05,8.06,23554
2014-03-05,8.03,8.03,7.92,7.95,36055
2014-03-06,7.95,7.95,7.87,7.88,32990
2014-03-07,7.89,7.89,7.81,7.81,29642
2014-03-10,7.84,7.84,7.78,7.8,28987
2014-03-11,7.81,7.86,7.78,7.84,37152
2014-03-12,7.84,7.87,7.8,7.86,21412
2014-03-13,7.85,7.87,7.82,7.83,22176
2014-03-14,7.8,7.87,7.76,7.76,38293
2014-03-17,7.82,7.85,7.77,7.77,16359
2014-03-18,7.85,7.85,7.78,7.83,83003
2014-03-19,7.8,7.8,7.71,7.72,38895
2014-03-20,7.66,7.78,7.66,7.77,43862
2014-03-21,7.76,7.81,7.76,7.79,13105
2014-03-24,7.77,7.85,7.73,7.84,27498
2014-03-25,7.85,7.89,7.8,7.87,49867
2014-03-26,7.85,7.86,7.76,7.78,59494
2014-03-27,7.76,7.78,7.68,7.73,57773
2014-03-28,7.73,7.76,7.7,7.7,48067
2014-03-31,7.74,7.78,7.67,7.7,52291
2014-04-01,7.7,7.7,7.67,7.7,38887
2014-04-02,7.72,7.72,7.67,7.68,45150
2014-04-03,7.68,7.7,7.64,7.69,37976
2014-04-04,7.7,7.7,7.66,7.69,40560
2014-04-07,7.75,7.75,7.63,7.67,49758
2014-04-08,7.66,7.68,7.64,7.64,8096
2014-04-09,7.62,7.65,7.59,7.6,56276
2014-04-10,7.59,7.64,7.58,7.64,51792
2014-04-11,7.65,7.66,7.57,7.57,36836
2014-04-14,7.58,7.63,7.55,7.62,37124
2014-04-15,7.61,7.64,7.57,7.63,31128
2014-04-16,7.62,7.67,7.61,7.67,28882
2014-04-17,7.65,7.71,7.65,7.7,14761
2014-04-21,7.7,7.71,7.66,7.7,35126
2014-04-22,7.71,7.73,7.67,7.69,87082
2014-04-23,7.64,7.7,7.64,7.69,31710
2014-04-24,7.66,7.69,7.64,7.67,22046
2014-04-25,7.61,7.65,7.58,7.63,42830
2014-04-28,7.63,7.63,7.51,7.61,78277
2014-04-29,7.58,7.63,7.58,7.6,45867
2014-04-30,7.58,7.63,7.57,7.61,45648
2014-05-01,7.59,7.63,7.58,7.62,38010
2014-05-02,7.6,7.63,7.58,7.6,33002
2014-05-05,7.58,7.65,7.58,7.65,39104
2014-05-06,7.65,7.66,7.63,7.63,35069
2014-05-07,7.62,7.64,7.6,7.63,17826
2014-05-08,7.61,7.64,7.55,7.55,27578
2014-05-09,7.56,7.56,7.5,7.52,70409
2014-05-12,7.54,7.65,7.54,7.64,33195
2014-05-13,7.62,7.67,7.62,7.65,32312
2014-05-14,7.65,7.65,7.56,7.57,65570
2014-05-15,7.58,7.6,7.56,7.6,73521
2014-05-16,7.59,7.62,7.58,7.61,18015
2014-05-19,7.6,7.73,7.6,7.72,16374
2014-05-20,7.72,7.96,7.7,7.82,63796
2014-05-21,7.79,7.92,7.77,7.92,88267
2014-05-22,7.73,7.76,7.69,7.73,42673
2014-05-23,7.71,7.72,7.67,7.71,34441
2014-05-27,7.67,7.71,7.56,7.62,58247
2014-05-28,7.71,7.71,7.58,7.58,72222
2014-05-29,7.6,7.65,7.58,7.65,50619
2014-05-30,7.66,7.67,7.61,7.67,81035
2014-06-02,7.64,7.67,7.61,7.65,32293
2014-06-03,7.65,7.7,7.65,7.7,16140
2014-06-04,7.65,7.67,7.54,7.62,38661
2014-06-05,7.66,7.67,7.61,7.66,33816
2014-06-06,7.63,7.71,7.61,7.66,73540
2014-06-09,7.62,7.7,7.62,7.67,31929
2014-06-10,7.69,7.71,7.62,7.67,78318
2014-06-11,7.63,7.66,7.55,7.61,73610
2014-06-12,7.57,7.64,7.55,7.6,30074
2014-06-13,7.56,7.62,7.56,7.6,29402
2014-06-16,7.57,7.6,7.54,7.54,37139
2014-06-17,7.55,7.6,7.54,7.6,135328
2014-06-18,7.6,7.77,7.59,7.77,82683
2014-06-19,7.81,7.81,7.57,7.68,62972
2014-06-20,7.68,7.71,7.61,7.64,58744
2014-06-23,7.69,7.77,7.64,7.72,59653
2014-06-24,7.71,7.75,7.7,7.71,32217
2014-06-25,7.75,7.76,7.71,7.73,44055
2014-06-26,7.7,7.89,7.68,7.88,66847
2014-06-27,7.9,7.96,7.83,7.96,38414
2014-06-30,7.9,8.11,7.9,8.11,22635
2014-07-01,8.1,8.16,8.1,8.16,47736
2014-07-02,8.2,8.2,8.0,8.03,33771
2014-07-03,8.0,8.0,7.91,7.97,18405
2014-07-07,8.06,8.06,7.91,7.97,30425
2014-07-08,8.0,8.01,7.9,7.99,43361
2014-07-09,8.04,8.04,7.99,8.03,21215
2014-07-10,8.0,8.0,7.82,7.9,43141
2014-07-11,7.98,7.98,7.86,7.89,19752
2014-07-14,7.87,7.95,7.87,7.91,32831
2014-07-15,7.88,7.94,7.88,7.91,16516
2014-07-16,7.91,8.1,7.86,8.01,111037
2014-07-17,7.96,7.96,7.87,7.92,20663
2014-07-18,7.9,7.92,7.84,7.91,28905
2014-07-21,8.04,8.2,7.97,8.15,168480
2014-07-22,8.2,8.42,8.13,8.3,164521
2014-07-23,8.35,8.53,8.33,8.5,141258
2014-07-24,8.49,8.49,8.33,8.34,52083
2014-07-25,8.39,8.39,8.32,8.32,26049
2014-07-28,8.36,8.45,8.32,8.37,96312
2014-07-29,8.34,8.49,8.34,8.46,57192
2014-07-30,8.4,8.47,8.31,8.36,81242
2014-07-31,8.3,8.37,8.19,8.21,57416
2014-08-01,8.2,8.52,8.1,8.45,111559
2014-08-04,8.43,8.43,8.2,8.27,57699
2014-08-05,8.15,8.3,8.1,8.21,66683
2014-08-06,8.14,8.22,8.05,8.17,48333
2014-08-07,8.19,8.33,8.05,8.3,60918
2014-08-08,8.3,8.4,8.0,8.2,92284
2014-08-11,8.24,8.54,8.13,8.35,46386
2014-08-12,8.31,8.41,8.12,8.34,71633
2014-08-13,8.3,8.43,8.16,8.41,56065
2014-08-14,8.44,8.44,8.24,8.41,60327
2014-08-15,8.3,8.9,8.29,8.76,90273
2014-08-18,8.73,8.74,8.62,8.66,82567
2014-08-19,8.66,8.69,8.39,8.47,106104
2014-08-20,8.44,8.64,8.38,8.64,104717
2014-08-21,8.56,8.86,8.55,8.78,106587
2014-08-22,8.52,8.93,8.31,8.71,98018
2014-08-25,8.74,8.74,8.51,8.56,65858
2014-08-26,8.6,8.6,8.46,8.6,60882
2014-08-27,8.6,8.7,8.52,8.61,52558
2014-08-28,8.63,8.77,8.54,8.76,50344
2014-08-29,9.25,9.25,8.85,8.86,137565
2014-09-02,8.86,8.86,8.69,8.74,67697
2014-09-03,8.75,8.75,8.6,8.61,72314
2014-09-04,8.6,8.66,8.55,8.62,42092
2014-09-05,8.6,8.69,8.55,8.58,49341
2014-09-08,8.6,8.6,8.49,8.49,64067
2014-09-09,8.48,8.55,8.43,8.49,30738
2014-09-10,8.53,8.72,8.5,8.71,63381
2014-09-11,8.72,8.83,8.58,8.83,63753
2014-09-12,8.86,8.9,8.66,8.77,57019
2014-09-15,8.81,8.81,8.69,8.77,77985
2014-09-16,8.68,8.68,8.58,8.6,56180
2014-09-17,8.57,8.81,8.56,8.77,57373
2014-09-18,8.79,8.79,8.55,8.55,51307
2014-09-19,8.57,8.67,8.55,8.58,29552
2014-09-22,8.63,8.63,8.5,8.55,30420
2014-09-23,8.52,8.52,8.14,8.23,108671
2014-09-24,8.28,8.28,8.02,8.15,109558
2014-09-25,8.14,8.22,8.01,8.11,54662
2014-09-26,8.14,8.2,8.11,8.17,38005
2014-09-29,8.15,8.37,8.06,8.37,67586
2014-09-30,8.29,8.37,8.15,8.36,39759
2014-10-01,8.37,8.37,8.17,8.17,42210
2014-10-02,8.1,8.27,8.09,8.18,83825
2014-10-03,8.15,8.25,8.05,8.05,91927
2014-10-06,8.11,8.17,8.0,8.04,63411
2014-10-07,8.12,8.14,7.85,7.87,73805
2014-10-08,7.84,8.18,7.8,8.17,80855
2014-10-09,8.16,8.16,7.74,7.74,71269
2014-10-10,7.74,7.92,7.74,7.86,23742
2014-10-13,7.87,8.06,7.74,8.03,36989
2014-10-14,8.02,8.16,7.89,8.13,94705
2014-10-15,7.98,7.99,7.74,7.79,47735
2014-10-16,7.83,7.9,7.71,7.84,71162
2014-10-17,7.84,8.08,7.84,7.97,43421
2014-10-20,7.96,8.09,7.96,8.05,34426
2014-10-21,8.08,8.18,8.07,8.14,15909
2014-10-22,8.22,8.28,8.07,8.1,49814
2014-10-23,8.13,8.28,8.12,8.12,58802
2014-10-24,8.21,8.3,8.08,8.16,63398
2014-10-27,8.15,8.25,8.11,8.23,27325
2014-10-28,8.26,8.35,8.1,8.22,41851
2014-10-29,8.18,8.25,8.18,8.23,29704
2014-10-30,8.2,8.24,8.0,8.01,37580
2014-10-31,8.11,8.23,7.96,8.13,64874
2014-11-03,8.16,8.25,8.15,8.18,43671
2014-11-04,8.15,8.23,8.14,8.18,18414
2014-11-05,8.18,8.24,8.14,8.14,21593
2014-11-06,8.14,8.2,8.14,8.14,12144
2014-11-07,8.13,8.23,8.13,8.13,19040
2014-11-10,8.14,8.2,8.14,8.16,29633
2014-11-11,8.14,8.25,8.14,8.2,35459
2014-11-12,8.22,8.24,8.13,8.14,42446
2014-11-13,8.15,8.16,8.13,8.14,28362
2014-11-14,8.14,8.23,8.13,8.22,44207
2014-11-17,8.15,8.23,8.13,8.2,25511
2014-11-18,8.18,8.22,8.16,8.21,14779
2014-11-19,8.22,8.34,8.2,8.32,29520
2014-11-20,8.22,8.37,8.22,8.33,41937
2014-11-21,8.2,8.58,8.2,8.51,40642
2014-11-24,8.41,8.44,8.24,8.4,25792
2014-11-25,8.43,8.43,8.21,8.23,35075
2014-11-26,8.29,8.52,8.29,8.48,47186
2014-11-28,8.52,8.58,8.4,8.58,38679
2014-12-01,8.54,8.57,8.46,8.46,69143
2014-12-02,8.43,8.74,8.21,8.21,67312
2014-12-03,8.25,8.45,8.01,8.02,87200
2014-12-04,8.04,8.07,7.95,7.97,38949
2014-12-05,8.06,8.06,7.98,8.0,24265
2014-12-08,8.0,8.03,7.95,8.01,25765
2014-12-09,7.99,8.0,7.92,7.96,16558
2014-12-10,7.93,7.96,7.84,7.85,35675
2014-12-11,7.85,7.85,7.3,7.3,104669
2014-12-12,7.35,7.48,7.34,7.4,73686
2014-12-15,7.38,7.39,7.21,7.25,81860
2014-12-16,7.22,7.25,7.05,7.16,65574
2014-12-17,7.17,7.36,7.06,7.27,110138
2014-12-18,7.39,7.58,7.15,7.58,93167
2014-12-19,7.58,7.8,7.58,7.8,41388
2014-12-22,7.73,7.79,7.55,7.75,43261
2014-12-23,7.75,7.79,7.5,7.58,55572
2014-12-24,7.59,7.62,7.52,7.57,25069
2014-12-26,7.72,7.73,7.44,7.62,31432
2014-12-29,7.63,7.63,7.47,7.62,52946
2014-12-30,7.6,8.75,7.51,8.42,111777
2014-12-31,8.1,8.1,7.6,7.86,71769
2015-01-02,7.65,7.77,7.65,7.75,16943
2015-01-05,7.62,7.78,7.51,7.61,26155
2015-01-06,7.55,7.66,7.54,7.62,10737
2015-01-07,7.6,7.91,7.6,7.73,52251
2015-01-08,7.78,7.94,7.62,7.94,44962
2015-01-09,8.04,8.09,7.63,7.8,42528
2015-01-12,7.81,7.82,7.26,7.37,40351
2015-01-13,7.33,7.75,7.33,7.49,58421
2015-01-14,7.42,7.58,7.26,7.27,78472
2015-01-15,7.26,7.44,7.2,7.24,62424
2015-01-16,7.21,7.45,7.21,7.45,27867
2015-01-20,7.48,7.48,7.24,7.3,39332
2015-01-21,7.3,7.37,7.24,7.33,47981
2015-01-22,7.33,7.41,7.25,7.37,52923
2015-01-23,7.34,7.42,7.33,7.37,12701
2015-01-26,7.33,7.47,7.32,7.4,67476
2015-01-27,7.37,7.45,7.3,7.4,18291
2015-01-28,7.42,7.42,7.35,7.35,26334
2015-01-29,7.38,7.66,7.38,7.57,95910
2015-01-30,7.55,7.55,7.41,7.47,18534
2015-02-02,7.46,7.48,7.33,7.37,13397
2015-02-03,7.4,7.52,7.35,7.46,32419
2015-02-04,7.42,7.63,7.42,7.6,14468
2015-02-05,7.6,7.69,7.53,7.56,19907
2015-02-06,7.56,7.68,7.56,7.64,38197
2015-02-09,7.54,7.67,7.46,7.51,31600
2015-02-10,7.6,7.64,7.33,7.46,54124
2015-02-11,7.46,7.59,7.46,7.58,18778
2015-02-12,7.61,7.61,7.4,7.49,30093
2015-02-13,7.56,7.67,7.44,7.56,56198
2015-02-17,7.51,7.63,7.51,7.59,79741
2015-02-18,7.59,7.67,7.4,7.61,32746
2015-02-19,7.63,7.67,7.35,7.41,125838
2015-02-20,7.26,7.48,7.26,7.48,45466
2015-02-23,7.48,7.5,7.4,7.48,34810
2015-02-24,7.49,7.53,7.45,7.52,49218
2015-02-25,7.54,7.58,7.5,7.57,45640
2015-02-26,7.59,7.65,7.51,7.65,87775
2015-02-27,7.72,7.8,7.62,7.76,74700
2015-03-02,7.8,7.8,7.57,7.63,57607
2015-03-03,7.59,7.64,7.58,7.62,24048
2015-03-04,7.57,7.64,7.52,7.59,26963
2015-03-05,7.56,7.72,7.52,7.7,25340
2015-03-06,7.7,7.72,7.64,7.69,30962
2015-03-09,7.65,7.67,7.55,7.59,31623
2015-03-10,7.59,7.61,7.49,7.5,40931
2015-03-11,7.51,7.62,7.51,7.62,10353
2015-03-12,7.6,7.61,7.49,7.49,42769
2015-03-13,7.5,7.53,7.48,7.49,15465
2015-03-16,7.48,7.53,7.44,7.51,22943
2015-03-17,7.49,7.53,7.37,7.53,23817
2015-03-18,7.48,7.56,7.41,7.53,26640
2015-03-19,7.49,7.59,7.45,7.48,18604
2015-03-20,7.51,7.55,7.42,7.55,32700
2015-03-23,7.57,7.66,7.51,7.62,32014
2015-03-24,7.61,7.62,7.54,7.58,20351
2015-03-25,7.55,7.56,7.48,7.52,13975
2015-03-26,7.52,7.58,7.5,7.52,11976
2015-03-27,7.55,7.57,7.49,7.54,17953
2015-03-30,7.61,7.62,7.47,7.62,16769
2015-03-31,7.59,7.6,7.52,7.53,32293
2015-04-01,7.54,7.62,7.46,7.56,42819
2015-04-02,7.52,7.55,7.35,7.46,105996
2015-04-06,7.43,7.51,7.38,7.49,32716
2015-04-07,7.42,7.5,7.42,7.47,25854
2015-04-08,7.53,7.53,7.48,7.51,19955
2015-04-09,7.49,7.53,7.47,7.48,26772
2015-04-10,7.5,7.52,7.48,7.5,29908
2015-04-13,7.5,7.5,7.44,7.44,35361
2015-04-14,7.46,7.6,7.45,7.46,20022
2015-04-15,7.49,7.54,7.45,7.48,24752
2015-04-16,7.52,7.52,7.46,7.51,27290
2015-04-17,7.49,7.53,7.46,7.5,22344
2015-04-20,7.52,7.53,7.49,7.5,18659
2015-04-21,7.51,7.52,7.49,7.5,14650
2015-04-22,7.49,7.5,7.42,7.43,32255
2015-04-23,7.45,7.55,7.45,7.5,28927
2015-04-24,7.49,7.59,7.49,7.56,39766
2015-04-27,7.54,7.54,7.46,7.49,23445
2015-04-28,7.46,7.55,7.45,7.5,43071
2015-04-29,7.44,7.54,7.44,7.51,32053
2015-04-30,7.51,7.68,7.48,7.5,51823
2015-05-01,7.5,7.54,7.49,7.54,19139
2015-05-04,7.52,7.54,7.49,7.5,19572
2015-05-05,7.5,7.52,7.41,7.46,24762
2015-05-06,7.42,7.42,7.25,7.33,52791
2015-05-07,7.28,7.34,7.22,7.31,48897
2015-05-08,7.28,7.35,7.08,7.21,69122
2015-05-11,7.2,7.22,7.13,7.16,51664
2015-05-12,7.16,7.16,7.08,7.12,56887
2015-05-13,7.11,7.2,7.08,7.13,66040
2015-05-14,7.15,7.22,7.11,7.22,51629
2015-05-15,7.2,7.21,7.13,7.21,34966
2015-05-18,7.19,7.24,7.14,7.19,38163
2015-05-19,7.17,7.27,7.17,7.26,24538
2015-05-20,7.22,7.3,7.22,7.3,44410
2015-05-21,7.16,7.19,7.11,7.19,65231
2015-05-22,7.17,7.2,7.16,7.17,25655
2015-05-26,7.14,7.15,7.12,7.13,35031
2015-05-27,7.14,7.21,7.14,7.16,56068
2015-05-28,7.17,7.17,7.11,7.13,20873
2015-05-29,7.18,7.22,7.17,7.2,61806
2015-06-01,7.22,7.22,7.17,7.18,29707
2015-06-02,7.15,7.21,7.14,7.14,49811
2015-06-03,7.13,7.19,7.13,7.15,40025
2015-06-04,7.16,7.19,7.15,7.15,24116
2015-06-05,7.13,7.16,7.1,7.14,22267
2015-06-08,7.09,7.13,7.07,7.1,28488
2015-06-09,7.06,7.08,7.03,7.06,35964
2015-06-10,7.08,7.11,7.0,7.05,29083
2015-06-11,7.05,7.08,6.95,6.98,55499
2015-06-12,6.99,7.0,6.95,7.0,27232
2015-06-15,6.95,6.97,6.9,6.95,30699
2015-06-16,6.99,6.99,6.9,6.91,24565
2015-06-17,6.9,6.99,6.9,6.99,32441
2015-06-18,7.03,7.08,7.02,7.07,27869
2015-06-19,7.09,7.1,7.04,7.06,24089
2015-06-22,7.09,7.1,7.01,7.02,20707
2015-06-23,7.01,7.11,7.01,7.11,27130
2015-06-24,7.1,7.13,7.0,7.02,31873
2015-06-25,7.05,7.05,6.9,6.9,52104
2015-06-26,6.86,6.9,6.6,6.74,72405
2015-06-29,6.65,6.84,6.43,6.43,93811
2015-06-30,6.52,6.53,6.36,6.47,89450
2015-07-01,6.5,6.55,6.45,6.52,81681
2015-07-02,6.49,6.55,6.48,6.5,33183
2015-07-06,6.32,6.52,6.21,6.46,85810
2015-07-07,6.48,6.53,6.39,6.5,75221
2015-07-08,6.44,6.51,6.4,6.46,46521
2015-07-09,6.49,6.53,6.44,6.52,31167
2015-07-10,6.5,6.52,6.48,6.51,18676
2015-07-13,6.5,6.52,6.45,6.47,48768
2015-07-14,6.46,6.54,6.43,6.51,43559
2015-07-15,6.5,6.53,6.49,6.5,36972
2015-07-16,6.51,6.55,6.49,6.54,47670
2015-07-17,6.52,6.62,6.49,6.57,58674
2015-07-20,6.6,6.62,6.52,6.59,32065
2015-07-21,6.58,6.58,6.5,6.52,39612
2015-07-22,6.51,6.52,6.45,6.47,29082
2015-07-23,6.45,6.45,6.28,6.29,73365
2015-07-24,6.23,6.27,6.13,6.13,26479
2015-07-27,6.11,6.16,5.79,5.86,153474
2015-07-28,5.91,6.0,5.8,5.9,145185
2015-07-29,5.93,6.11,5.9,6.08,47921
2015-07-30,6.07,6.13,6.05,6.13,84187
2015-07-31,6.1,6.22,6.1,6.17,79282
2015-08-03,6.14,6.14,6.1,6.12,14552
2015-08-04,6.1,6.16,6.06,6.12,76679
2015-08-05,6.1,6.14,6.05,6.09,18886
2015-08-06,6.06,6.13,6.05,6.06,30014
2015-08-07,6.0,6.06,6.0,6.0,33017
2015-08-10,6.01,6.14,6.01,6.14,43002
2015-08-11,6.13,6.16,6.0,6.08,62218
2015-08-12,6.08,6.14,6.05,6.12,27491
2015-08-13,6.09,6.2,6.09,6.17,47035
2015-08-14,6.13,6.2,6.13,6.18,34782
2015-08-17,6.17,6.26,6.17,6.19,158084
2015-08-18,6.15,6.2,6.15,6.16,26554
2015-08-19,6.15,6.16,6.09,6.14,46057
2015-08-20,6.06,6.17,6.01,6.03,65173
2015-08-21,5.84,5.88,5.78,5.87,76427
2015-08-24,5.63,5.69,5.25,5.5,115872
2015-08-25,5.59,5.68,5.51,5.53,85826
2015-08-26,5.72,5.85,5.54,5.81,180377
2015-08-27,5.81,6.09,5.73,6.03,151423
2015-08-28,5.98,6.14,5.94,6.14,49294
2015-08-31,6.16,6.31,6.08,6.3,132854
2015-09-01,6.24,6.27,6.21,6.23,28641
2015-09-02,6.25,6.25,6.04,6.25,80963
2015-09-03,6.22,6.26,6.12,6.26,35984
2015-09-04,6.29,6.35,6.22,6.35,45734
2015-09-08,6.55,6.55,6.38,6.4,29568
2015-09-09,6.4,6.41,6.19,6.2,51595
2015-09-10,6.14,6.16,6.05,6.14,57205
2015-09-11,6.13,6.13,5.96,6.04,38052
2015-09-14,6.06,6.07,5.89,6.04,22070
2015-09-15,6.04,6.1,6.03,6.09,33933
2015-09-16,6.09,6.17,6.04,6.16,27835
2015-09-17,6.16,6.19,6.1,6.19,17699
2015-09-18,6.15,6.18,6.1,6.16,22545
2015-09-21,6.12,6.17,6.12,6.13,9433
2015-09-22,6.09,6.17,6.09,6.15,27715
2015-09-23,6.15,6.15,6.07,6.11,23773
2015-09-24,6.03,6.12,6.01,6.1,25869
2015-09-25,6.11,6.2,6.11,6.16,30667
2015-09-28,6.12,6.16,6.03,6.08,31772
2015-09-29,6.03,6.03,5.85,5.87,40533
2015-09-30,5.89,6.04,5.85,5.87,51627
2015-10-01,5.9,5.98,5.9,5.92,2307
2015-10-02,5.91,6.24,5.87,6.06,63698
2015-10-05,6.04,6.15,6.01,6.13,18092
2015-10-06,6.08,6.41,6.08,6.31,15795
2015-10-07,6.31,6.39,6.2,6.26,19966
2015-10-08,6.23,6.27,6.23,6.26,4303
2015-10-09,6.27,6.35,6.22,6.24,34172
2015-10-12,6.19,6.3,6.19,6.22,22024
2015-10-13,6.22,6.25,6.21,6.23,6834
2015-10-14,6.23,6.26,6.21,6.26,9704
2015-10-15,6.22,6.32,6.21,6.29,27982
2015-10-16,6.29,6.31,6.29,6.31,14441
2015-10-19,6.28,6.46,6.27,6.45,26933
2015-10-20,6.41,6.64,6.41,6.55,20834
2015-10-21,6.5,6.55,6.29,6.31,32428
2015-10-22,6.3,6.49,6.24,6.39,47580
2015-10-23,6.4,6.4,6.34,6.37,24641
2015-10-26,6.36,6.37,6.15,6.17,22784
2015-10-27,6.12,6.37,6.12,6.31,49830
2015-10-28,6.26,6.32,6.16,6.23,33865
2015-10-29,6.23,6.23,6.01,6.02,61693
2015-10-30,6.04,6.07,5.87,5.92,64203
2015-11-02,5.98,6.04,5.91,5.99,38219
2015-11-03,5.95,6.08,5.95,5.99,36411
2015-11-04,6.03,6.16,5.99,6.12,31480
2015-11-05,6.16,6.16,6.0,6.04,42360
2015-11-06,6.07,6.4,6.06,6.4,71624
2015-11-09,6.4,6.56,6.28,6.46,44290
2015-11-10,6.36,6.41,6.24,6.41,19273
2015-11-11,6.37,6.42,6.36,6.36,21894
2015-11-12,6.34,6.39,6.33,6.35,19831
2015-11-13,6.39,6.44,6.3,6.32,38081
2015-11-16,6.3,6.42,6.3,6.41,48008
2015-11-17,6.47,6.54,6.3,6.33,59673
2015-11-18,6.45,6.45,6.36,6.44,47877
2015-11-19,6.38,6.4,6.24,6.35,50136
2015-11-20,6.2,6.24,6.14,6.14,40420
2015-11-23,6.2,6.2,6.08,6.1,160269
2015-11-24,6.12,6.17,6.08,6.1,29439
2015-11-25,6.15,6.32,6.1,6.2,87110
2015-11-27,6.22,6.33,6.17,6.23,31143
2015-11-30,6.22,6.25,6.14,6.17,43486
2015-12-01,6.23,6.38,6.21,6.26,78358
2015-12-02,6.29,6.32,6.18,6.23,33266
2015-12-03,6.17,6.26,6.02,6.05,30463
2015-12-04,6.04,6.19,6.03,6.19,54938
2015-12-07,6.12,6.12,6.06,6.09,33514
2015-12-08,6.05,6.15,5.95,6.09,57194
2015-12-09,6.04,6.15,6.0,6.06,74788
2015-12-10,6.02,6.07,6.02,6.02,20593
2015-12-11,5.98,6.06,5.92,5.97,55386
2015-12-14,5.92,5.95,5.55,5.64,66778
2015-12-15,5.64,5.75,5.56,5.63,37355
2015-12-16,5.67,5.83,5.66,5.7,44890
2015-12-17,5.73,5.85,5.73,5.8,35834
2015-12-18,5.77,5.79,5.59,5.61,44613
2015-12-21,5.63,5.69,5.53,5.59,75874
2015-12-22,5.62,5.77,5.62,5.73,53676
2015-12-23,5.74,5.85,5.68,5.83,56657
2015-12-24,5.76,5.82,5.72,5.81,21792
2015-12-28,5.8,5.85,5.65,5.66,95178
2015-12-29,5.68,5.75,5.6,5.68,57946
2015-12-30,5.63,5.68,5.53,5.57,53654
2015-12-31,5.53,5.69,5.53,5.57,87910
2016-01-04,5.53,5.63,5.53,5.62,19482
2016-01-05,5.63,5.81,5.63,5.77,52225
2016-01-06,5.75,5.79,5.68,5.71,15247
2016-01-07,5.67,5.73,5.62,5.65,50205
2016-01-08,5.7,5.75,5.64,5.65,55377
2016-01-11,5.64,5.64,5.53,5.54,52050
2016-01-12,5.58,5.58,5.4,5.43,49101
2016-01-13,5.44,5.45,5.26,5.29,38002
2016-01-14,5.25,5.25,5.16,5.18,43421
2016-01-15,5.13,5.13,4.92,5.0,60739
2016-01-19,5.0,5.05,4.8,4.83,36046
2016-01-20,4.75,4.75,4.44,4.69,62097
2016-01-21,4.68,4.85,4.63,4.76,63268
2016-01-22,4.89,5.11,4.88,5.02,49545
2016-01-25,5.01,5.21,4.98,5.0,34541
2016-01-26,5.0,5.19,5.0,5.19,35420
2016-01-27,5.08,5.26,5.08,5.2,18369
2016-01-28,5.21,5.31,5.16,5.24,25025
2016-01-29,5.31,5.45,5.31,5.43,22814
2016-02-01,5.39,5.49,5.28,5.33,45743
2016-02-02,5.35,5.35,5.11,5.12,184021
2016-02-03,5.2,5.2,5.09,5.15,16022
2016-02-04,5.1,5.18,5.1,5.16,40064
2016-02-05,5.18,5.18,5.11,5.15,77059
2016-02-08,5.04,5.06,4.96,5.02,46153
2016-02-09,4.91,5.04,4.91,4.93,42026
2016-02-10,4.92,4.98,4.91,4.92,33650
2016-02-11,4.88,4.93,4.72,4.78,53947
2016-02-12,4.82,5.0,4.77,5.0,61659
2016-02-16,5.06,5.11,5.03,5.06,26329
2016-02-17,5.0,5.17,5.0,5.16,37670
2016-02-18,5.11,5.18,5.11,5.17,32910
2016-02-19,5.19,5.2,5.15,5.19,20777
2016-02-22,5.08,5.1,5.01,5.08,14468
2016-02-23,5.02,5.1,4.97,5.01,41970
2016-02-24,5.0,5.09,4.97,5.05,47937
2016-02-25,5.06,5.12,4.98,5.06,51450
2016-02-26,5.12,5.15,5.11,5.15,52376
2016-02-29,5.2,5.48,5.19,5.31,87250
2016-03-01,5.38,5.84,5.33,5.7,95554
2016-03-02,5.63,5.66,5.53,5.54,33026
2016-03-03,5.58,5.67,5.58,5.66,15126
2016-03-04,5.62,5.71,5.62,5.65,28155
2016-03-07,5.63,5.7,5.56,5.57,42118
2016-03-08,5.51,5.66,5.51,5.57,61458
2016-03-09,5.56,5.68,5.53,5.59,25085
2016-03-10,5.58,5.59,5.44,5.48,38470
2016-03-11,5.56,5.7,5.56,5.61,42304
2016-03-14,5.61,5.69,5.55,5.69,24499
2016-03-15,5.63,5.68,5.6,5.65,18560
2016-03-16,5.67,5.7,5.62,5.69,40698
2016-03-17,5.69,5.8,5.68,5.71,25837
2016-03-18,5.78,6.09,5.78,6.0,42301
2016-03-21,5.92,6.0,5.92,5.97,8675
2016-03-22,6.02,6.06,5.94,5.98,15689
2016-03-23,6.03,6.03,5.94,5.97,9506
2016-03-24,5.91,5.97,5.91,5.92,32172
2016-03-28,5.83,6.04,5.83,5.94,17786
2016-03-29,5.89,6.15,5.86,5.97,21564
2016-03-30,6.04,6.13,6.04,6.11,19103
2016-03-31,6.15,6.2,6.12,6.17,22423
2016-04-01,6.2,6.26,6.08,6.16,28339
2016-04-04,6.2,6.26,6.07,6.11,30683
2016-04-05,6.02,6.07,5.93,5.94,19909
2016-04-06,5.99,6.07,5.95,6.0,16119
2016-04-07,6.05,6.07,5.89,5.96,18962
2016-04-08,5.99,6.0,5.89,5.93,28474
2016-04-11,5.96,6.01,5.95,5.97,29961
2016-04-12,5.95,6.12,5.95,6.01,30656
2016-04-13,6.1,6.18,6.06,6.09,28972
2016-04-14,6.08,6.1,6.0,6.04,28300
2016-04-15,6.0,6.07,6.0,6.0,24673
2016-04-18,5.97,6.04,5.94,6.02,39655
2016-04-19,6.0,6.05,5.99,6.02,39688
2016-04-20,6.01,6.06,6.0,6.05,25716
2016-04-21,6.07,6.07,5.97,6.0,31714
2016-04-22,6.03,6.06,5.99,6.04,16323
2016-04-25,6.06,6.07,6.0,6.07,19468
2016-04-26,6.08,6.25,6.08,6.19,36279
2016-04-27,6.14,6.22,5.99,6.09,42354
2016-04-28,6.08,6.15,6.05,6.08,28231
2016-04-29,6.09,6.18,6.04,6.14,38686
2016-05-02,6.12,6.21,6.12,6.2,23313
2016-05-03,6.1,6.11,6.03,6.06,12381
2016-05-04,6.09,6.09,6.05,6.06,12338
2016-05-05,6.07,6.39,6.07,6.27,32399
2016-05-06,6.28,6.41,6.18,6.19,76720
2016-05-09,6.23,6.23,6.16,6.16,14839
2016-05-10,6.19,6.2,6.15,6.18,26198
2016-05-11,6.22,6.22,6.15,6.18,41013
2016-05-12,6.12,6.22,6.12,6.19,27593
2016-05-13,6.15,6.3,6.15,6.25,50502
2016-05-16,6.3,6.47,6.3,6.4,56247
2016-05-17,6.43,6.55,6.43,6.55,42926
2016-05-18,6.5,6.5,6.32,6.4,61399
2016-05-19,6.4,6.49,6.03,6.2,74227
2016-05-20,5.99,6.09,5.99,6.02,34059
2016-05-23,6.0,6.03,6.0,6.03,3286
2016-05-24,6.03,6.15,5.98,6.04,69036
2016-05-25,6.05,6.19,6.05,6.17,37632
2016-05-26,6.17,6.21,6.13,6.17,19502
2016-05-27,6.17,6.29,6.16,6.28,29261
2016-05-31,6.34,6.45,6.26,6.31,83449
2016-06-01,6.34,6.34,6.15,6.17,28841
2016-06-02,6.15,6.35,6.14,6.22,28922
2016-06-03,6.2,6.2,6.14,6.18,6852
2016-06-06,6.16,6.3,6.15,6.15,35609
2016-06-07,6.16,6.18,6.01,6.03,67639
2016-06-08,6.07,6.19,6.03,6.12,52078
2016-06-09,6.07,6.13,6.05,6.08,28259
2016-06-10,6.04,6.12,6.0,6.08,26925
2016-06-13,6.07,6.12,6.0,6.03,13063
2016-06-14,6.05,6.07,5.89,5.94,24360
2016-06-15,5.97,6.0,5.91,5.94,15021
2016-06-16,5.92,5.98,5.87,5.97,24669
2016-06-17,6.02,6.05,5.98,5.99,25310
2016-06-20,6.05,6.1,6.01,6.03,43017
2016-06-21,6.08,6.15,6.06,6.14,29331
2016-06-22,6.03,6.19,6.02,6.09,22141
2016-06-23,6.1,6.18,6.1,6.17,4129
2016-06-24,5.98,6.07,5.9,6.05,25864
2016-06-27,6.04,6.05,5.9,5.95,28982
2016-06-28,6.03,6.12,5.85,6.02,81283
2016-06-29,5.99,6.1,5.89,6.03,55248
2016-06-30,6.07,6.13,6.07,6.13,34784
2016-07-01,6.11,6.19,6.11,6.18,38752
2016-07-05,6.15,6.17,6.12,6.16,27466
2016-07-06,6.14,6.18,6.09,6.17,26916
2016-07-07,6.15,6.19,6.12,6.19,32200
2016-07-08,6.24,6.39,6.08,6.28,76386
2016-07-11,6.25,6.31,6.25,6.29,34305
2016-07-12,6.3,6.34,6.3,6.31,33978
2016-07-13,6.3,6.31,6.23,6.27,21387
2016-07-14,6.28,6.43,6.28,6.32,38004
2016-07-15,6.31,6.35,6.24,6.33,72461
2016-07-18,6.34,6.4,6.33,6.35,30113
2016-07-19,6.35,6.42,6.3,6.38,27878
2016-07-20,6.42,6.49,6.38,6.47,18696
2016-07-21,6.46,6.58,6.45,6.48,29414
2016-07-22,6.47,6.67,6.47,6.54,45424
2016-07-25,6.53,6.67,6.5,6.67,44510
2016-07-26,6.69,6.75,6.57,6.71,43771
2016-07-27,6.68,6.78,6.67,6.77,24619
2016-07-28,6.73,6.85,6.73,6.75,66731
2016-07-29,6.79,6.9,6.75,6.85,38794
2016-08-01,6.8,6.89,6.77,6.86,38847
2016-08-02,6.89,6.89,6.82,6.87,24528
2016-08-03,6.85,6.9,6.84,6.89,56229
2016-08-04,6.9,6.96,6.86,6.86,15594
2016-08-05,6.88,6.89,6.87,6.88,20142
2016-08-08,6.89,6.91,6.88,6.89,36034
2016-08-09,6.91,6.94,6.89,6.94,21867
2016-08-10,6.98,6.98,6.91,6.93,7333
2016-08-11,6.96,6.98,6.91,6.97,36583
2016-08-12,6.99,7.13,6.97,7.11,30568
2016-08-15,7.08,7.22,7.07,7.16,73442
2016-08-16,7.09,7.34,7.06,7.29,159290
2016-08-17,7.21,7.27,7.02,7.1,168584
2016-08-18,7.06,7.2,7.01,7.2,58679
2016-08-19,7.21,7.38,7.18,7.33,31805
2016-08-22,7.19,7.21,7.11,7.13,38351
2016-08-23,7.09,7.1,6.92,7.0,98731
2016-08-24,6.96,7.04,6.81,6.88,50698
2016-08-25,6.87,6.95,6.8,6.81,37560
2016-08-26,6.88,7.0,6.88,6.95,89545
2016-08-29,7.02,7.03,6.92,6.92,23115
2016-08-30,6.96,7.1,6.96,7.1,92949
2016-08-31,7.15,7.25,7.07,7.23,114885
2016-09-01,7.25,7.25,7.12,7.18,38820
2016-09-02,7.16,7.22,7.13,7.13,13042
2016-09-06,7.11,7.14,6.99,7.05,68731
2016-09-07,7.02,7.05,7.01,7.05,22126
2016-09-08,7.01,7.06,7.01,7.06,54357
2016-09-09,6.99,6.99,6.9,6.94,23699
2016-09-12,6.98,6.99,6.93,6.97,30246
2016-09-13,6.94,6.97,6.75,6.8,38501
2016-09-14,6.8,6.87,6.62,6.63,52893
2016-09-15,6.68,6.71,6.64,6.65,38889
2016-09-16,6.66,6.83,6.65,6.79,78289
2016-09-19,6.8,6.89,6.76,6.83,33855
2016-09-20,6.83,6.91,6.82,6.88,27953
2016-09-21,6.9,6.92,6.81,6.88,37290
2016-09-22,6.88,6.94,6.88,6.92,15754
2016-09-23,6.95,7.02,6.95,6.98,27091
2016-09-26,6.95,6.99,6.9,6.95,43862
2016-09-27,6.98,6.98,6.88,6.92,46683
2016-09-28,6.93,6.98,6.89,6.95,21512
2016-09-29,6.9,6.93,6.77,6.8,55214
2016-09-30,6.88,6.98,6.82,6.95,39865
2016-10-03,6.9,6.92,6.82,6.85,16471
2016-10-04,6.87,6.97,6.87,6.94,25586
2016-10-05,6.98,6.98,6.91,6.94,21630
2016-10-06,6.9,6.9,6.85,6.87,19265
2016-10-07,6.86,6.99,6.85,6.87,26103
2016-10-10,6.9,7.08,6.9,6.98,16282
2016-10-11,6.97,7.15,6.93,6.97,19137
2016-10-12,7.01,7.17,6.96,7.1,27686
2016-10-13,7.07,7.07,6.98,7.01,19702
2016-10-14,7.03,7.03,6.85,6.85,23480
2016-10-17,6.88,6.88,6.73,6.73,21248
2016-10-18,6.74,6.76,6.68,6.69,21120
2016-10-19,6.67,6.81,6.67,6.78,15807
2016-10-20,6.73,6.8,6.7,6.77,21543
2016-10-21,6.79,6.81,6.78,6.78,5239
2016-10-24,6.86,6.91,6.81,6.87,24557
2016-10-25,6.83,7.06,6.8,7.02,47195
2016-10-26,6.99,7.22,6.85,7.02,30024
2016-10-27,7.0,7.14,7.0,7.05,24002
2016-10-28,6.99,7.0,6.87,6.98,20751
2016-10-31,6.95,6.99,6.87,6.87,21732
2016-11-01,6.87,6.93,6.8,6.9,25229
2016-11-02,6.86,6.86,6.62,6.62,36815
2016-11-03,6.68,6.68,6.42,6.44,20406
2016-11-04,6.41,6.57,6.41,6.52,17360
2016-11-07,6.62,6.68,6.5,6.58,24321
2016-11-08,6.63,6.77,6.43,6.61,16773
2016-11-09,6.41,6.85,6.41,6.72,47357
2016-11-10,6.75,6.96,6.69,6.94,52984
2016-11-11,6.97,7.0,6.95,6.99,28300
2016-11-14,7.03,7.09,6.96,7.03,62708
2016-11-15,7.03,7.07,6.96,7.01,41217
2016-11-16,6.89,7.25,6.89,6.92,55490
2016-11-17,6.96,6.99,6.88,6.95,16320
2016-11-18,6.98,7.05,6.94,7.03,15124
2016-11-21,6.88,6.94,6.82,6.9,28041
2016-11-22,6.96,6.99,6.77,6.8,44764
2016-11-23,6.8,6.85,6.79,6.8,14511
2016-11-25,6.8,6.91,6.71,6.91,38618
2016-11-28,6.94,7.11,6.86,7.1,63817
2016-11-29,7.06,7.16,6.94,6.95,64343
2016-11-30,6.94,7.05,6.91,7.0,39557
2016-12-01,7.06,7.26,7.01,7.01,124125
2016-12-02,7.07,7.09,7.01,7.01,23621
2016-12-05,7.02,7.1,6.98,6.99,33846
2016-12-06,7.06,7.24,7.01,7.19,91294
2016-12-07,7.2,7.26,7.07,7.14,34595
2016-12-08,7.08,7.26,7.08,7.25,38373
2016-12-09,7.3,7.4,7.17,7.21,62400
2016-12-12,7.35,7.35,7.11,7.13,22452
2016-12-13,7.15,7.3,7.12,7.18,65900
2016-12-14,7.15,7.37,7.13,7.18,43417
2016-12-15,7.11,7.38,7.03,7.26,59845
2016-12-16,7.2,7.4,7.18,7.27,27208
2016-12-19,7.29,7.43,7.19,7.29,37942
2016-12-20,7.3,7.5,7.04,7.41,62168
2016-12-21,7.45,7.65,7.39,7.4,113208
2016-12-22,7.39,7.62,7.36,7.47,41097
2016-12-23,7.43,7.57,7.29,7.42,51357
2016-12-27,7.42,7.52,7.24,7.31,98410
2016-12-28,7.33,7.4,7.32,7.35,38677
2016-12-29,7.34,7.38,7.12,7.18,82829
2016-12-30,7.22,7.23,6.97,7.06,94388
2017-01-03,7.11,7.25,7.11,7.18,30813
2017-01-04,7.16,7.33,7.16,7.3,36235
2017-01-05,7.32,7.39,7.29,7.31,37909
2017-01-06,7.3,7.47,7.3,7.47,21024
2017-01-09,7.5,7.5,7.3,7.32,40179
2017-01-10,7.29,7.38,7.28,7.36,26369
2017-01-11,7.34,7.46,7.29,7.45,22717
2017-01-12,7.39,7.64,7.39,7.54,99112
2017-01-13,7.51,7.57,7.47,7.5,45207
2017-01-17,7.45,7.5,7.4,7.47,36175
2017-01-18,7.5,7.6,7.44,7.58,23922
2017-01-19,7.6,7.71,7.5,7.6,54750
2017-01-20,7.63,7.64,7.51,7.64,24020
2017-01-23,7.66,7.7,7.53,7.58,51839
2017-01-24,7.54,7.93,7.54,7.83,59417
2017-01-25,7.8,7.94,7.75,7.9,68327
2017-01-26,7.83,7.92,7.67,7.78,61975
2017-01-27,7.74,7.99,7.71,7.92,48191
2017-01-30,7.93,7.93,7.6,7.62,122010
2017-01-31,7.62,7.74,7.62,7.66,63542
2017-02-01,7.67,7.67,7.62,7.66,36852
2017-02-02,7.72,7.72,7.65,7.68,27343
2017-02-03,7.61,7.7,7.6,7.61,64067
2017-02-06,7.61,7.66,7.53,7.65,38586
2017-02-07,7.71,7.77,7.64,7.68,38373
2017-02-08,7.65,7.69,7.62,7.62,31488
2017-02-09,7.62,7.75,7.6,7.72,31364
2017-02-10,7.76,7.89,7.68,7.89,65446
2017-02-13,7.84,8.05,7.84,8.03,60945
2017-02-14,7.99,8.04,7.95,8.03,43564
2017-02-15,7.98,8.02,7.9,7.9,61141
2017-02-16,7.91,8.03,7.91,7.95,67905
2017-02-17,7.9,8.18,7.9,8.16,69810
2017-02-21,8.16,8.43,8.15,8.32,93024
2017-02-22,8.06,8.15,7.9,7.92,70262
2017-02-23,7.88,8.01,7.73,7.78,71075
2017-02-24,7.84,7.86,7.67,7.71,43523
2017-02-27,7.75,8.25,7.73,8.17,113915
2017-02-28,8.24,8.24,7.31,7.41,299667
2017-03-01,7.45,7.54,7.18,7.21,429526
2017-03-02,7.16,7.22,7.06,7.12,139261
2017-03-03,7.12,7.37,7.12,7.32,186069
2017-03-06,7.31,7.38,7.23,7.32,89310
2017-03-07,7.27,7.32,7.16,7.18,78535
2017-03-08,7.21,7.31,7.06,7.07,134011
2017-03-09,7.1,7.1,6.88,6.88,98497
2017-03-10,6.89,7.08,6.89,7.07,62510
2017-03-13,7.06,7.09,7.03,7.05,63704
2017-03-14,6.98,7.02,6.87,7.01,73535
2017-03-15,7.05,7.11,7.05,7.07,70650
2017-03-16,7.11,7.24,7.11,7.19,76622
2017-03-17,7.22,7.27,7.19,7.22,36582
2017-03-20,7.28,7.39,7.23,7.38,52131
2017-03-21,7.38,7.48,7.32,7.43,54730
2017-03-22,7.35,7.39,7.32,7.32,53429
2017-03-23,7.34,7.45,7.34,7.38,37003
2017-03-24,7.36,7.43,7.36,7.36,16011
2017-03-27,7.29,7.33,7.27,7.27,45984
2017-03-28,7.27,7.39,7.27,7.31,24056
2017-03-29,7.32,7.44,7.32,7.37,48144
2017-03-30,7.39,7.62,7.39,7.58,42156
2017-03-31,7.5,7.59,7.39,7.44,67480
2017-04-03,7.41,7.51,7.41,7.42,69717
2017-04-04,7.42,7.47,7.41,7.43,28167
2017-04-05,7.49,7.49,7.38,7.4,33592
2017-04-06,7.36,7.49,7.36,7.45,20880
2017-04-07,7.45,7.53,7.45,7.47,18405
2017-04-10,7.51,7.55,7.48,7.52,19710
2017-04-11,7.5,7.54,7.48,7.53,20284
2017-04-12,7.49,7.53,7.48,7.48,20067
2017-04-13,7.5,7.5,7.46,7.46,7152
2017-04-17,7.47,7.54,7.45,7.51,40378
2017-04-18,7.44,7.61,7.44,7.58,16774
2017-04-19,7.61,7.66,7.53,7.53,61953
2017-04-20,7.53,7.76,7.52,7.72,43352
2017-04-21,7.59,7.73,7.55,7.55,28151
2017-04-24,7.62,7.65,7.57,7.6,22616
2017-04-25,7.65,7.73,7.65,7.66,28784
2017-04-26,7.7,7.79,7.67,7.68,41806
2017-04-27,7.64,7.68,7.52,7.58,68187
2017-04-28,7.56,7.62,7.44,7.51,76496
2017-05-01,7.56,7.61,7.48,7.52,51926
2017-05-02,7.5,7.59,7.49,7.59,36010
2017-05-03,7.6,7.6,7.4,7.48,45945
2017-05-04,7.46,7.46,7.29,7.29,36834
2017-05-05,7.26,7.36,7.24,7.29,42903
2017-05-08,7.26,7.34,7.25,7.31,38787
2017-05-09,7.38,7.51,7.25,7.41,88808
2017-05-10,7.34,7.39,7.32,7.33,24490
2017-05-11,7.32,7.45,7.32,7.38,28851
2017-05-12,7.41,7.64,7.41,7.58,32136
2017-05-15,7.53,7.55,7.44,7.46,28717
2017-05-16,7.48,7.53,7.4,7.4,16459
2017-05-17,7.34,7.46,7.34,7.35,21568
2017-05-18,7.45,7.5,7.33,7.33,41612
2017-05-19,7.34,7.46,7.34,7.45,29232
2017-05-22,7.24,7.38,7.24,7.28,29689
2017-05-23,7.28,7.35,7.26,7.35,17834
2017-05-24,7.31,7.45,7.31,7.43,25983
2017-05-25,7.37,7.45,7.37,7.44,29181
2017-05-26,7.43,7.43,7.2,7.28,35759
2017-05-30,7.31,7.32,7.23,7.32,27237
2017-05-31,7.45,7.45,7.27,7.32,48781
2017-06-01,7.43,7.43,7.21,7.22,42147
2017-06-02,7.21,7.34,7.2,7.26,33928
2017-06-05,7.29,7.34,7.24,7.31,26328
2017-06-06,7.25,7.29,7.2,7.22,26217
2017-06-07,7.2,7.22,7.11,7.13,48678
2017-06-08,7.12,7.23,7.12,7.16,31026
2017-06-09,7.25,7.25,7.19,7.22,13264
2017-06-12,7.25,7.25,7.18,7.22,17383
2017-06-13,7.29,7.34,7.22,7.3,26020
2017-06-14,7.3,7.3,7.21,7.28,28739
2017-06-15,7.24,7.3,7.21,7.22,16938
2017-06-16,7.25,7.25,7.19,7.22,20508
2017-06-19,7.22,7.52,7.22,7.39,55930
2017-06-20,7.39,7.48,7.33,7.37,33615
2017-06-21,7.4,7.4,7.26,7.28,19787
2017-06-22,7.33,7.33,7.15,7.16,73866
2017-06-23,7.14,7.23,7.13,7.15,40029
2017-06-26,7.2,7.3,7.19,7.3,66646
2017-06-27,7.35,7.37,7.28,7.34,49154
2017-06-28,7.31,7.34,7.27,7.31,35987
2017-06-29,7.3,7.3,7.21,7.23,40671
2017-06-30,7.24,7.3,7.22,7.24,31498
2017-07-03,7.29,7.31,7.28,7.29,9544
2017-07-05,7.26,7.33,7.26,7.32,19689
2017-07-06,7.3,7.33,7.26,7.31,10000
2017-07-07,7.35,7.35,7.22,7.24,21696
2017-07-10,7.19,7.28,7.16,7.18,56026
2017-07-11,7.22,7.23,7.16,7.17,21615
2017-07-12,7.3,7.3,7.15,7.2,111717
2017-07-13,7.24,7.24,7.17,7.2,13689
2017-07-14,7.22,7.23,7.15,7.16,45979
2017-07-17,7.2,7.21,7.15,7.15,62229
2017-07-18,7.19,7.19,7.15,7.15,20913
2017-07-19,7.19,7.2,7.16,7.16,31328
2017-07-20,7.2,7.23,7.16,7.23,49029
2017-07-21,7.23,7.23,7.17,7.22,21431
2017-07-24,7.23,7.23,7.15,7.16,58390
2017-07-25,7.17,7.22,7.16,7.19,53448
2017-07-26,7.19,7.21,7.18,7.21,25149
2017-07-27,7.19,7.22,7.19,7.22,21499
2017-07-28,7.24,7.24,7.19,7.22,34519
2017-07-31,,,7.18,7.21,31332
2017-08-01,7.23,7.23,7.2,7.22,23208
