Date,Open,High,Low,Close,Volume
2014-02-18,24.7,24.72,24.7,24.72,5660
2014-02-19,,,,24.72,0
2014-02-20,24.63,24.64,24.63,24.64,3300
2014-02-21,24.75,24.75,24.75,24.75,350
2014-02-24,,,,24.75,0
2014-02-25,,,,24.75,0
2014-02-26,,,,24.75,0
2014-02-27,,,,24.75,0
2014-02-28,,,,24.75,0
2014-03-03,,,,24.75,0
2014-03-04,,,,24.75,0
2014-03-05,,,,24.75,0
2014-03-06,,,,24.75,0
2014-03-07,,,,24.75,0
2014-03-10,,,,24.75,0
2014-03-11,,,,24.75,0
2014-03-12,,,,24.75,0
2014-03-13,,,,24.75,0
2014-03-14,23.12,23.19,23.12,23.19,1900
2014-03-17,23.43,23.52,23.43,23.52,4000
2014-03-18,,,,23.52,0
2014-03-19,,,,23.52,0
2014-03-20,,,,23.52,0
2014-03-21,23.84,23.84,23.7,23.71,3688
2014-03-24,23.63,23.63,23.63,23.63,1500
2014-03-25,,,,23.63,0
2014-03-26,,,,23.63,0
2014-03-27,,,,23.63,0
2014-03-28,24.45,24.5,24.43,24.44,2845
2014-03-31,24.59,24.59,24.41,24.41,900
2014-04-01,24.6,24.6,24.6,24.6,700
2014-04-02,,,,24.6,0
2014-04-03,,,,24.6,0
2014-04-04,,,,24.6,0
2014-04-07,,,,24.6,0
2014-04-08,,,,24.6,0
2014-04-09,,,,24.6,0
2014-04-10,,,,24.6,0
2014-04-11,23.71,23.71,23.71,23.71,400
2014-04-14,,,,23.71,0
2014-04-15,,,,23.71,0
2014-04-16,,,,23.71,0
2014-04-17,,,,23.71,0
2014-04-21,24.19,24.19,24.19,24.19,185
2014-04-22,24.52,24.54,24.52,24.54,2000
2014-04-23,,,,24.54,0
2014-04-24,,,,24.54,0
2014-04-25,24.0,24.01,24.0,24.01,1800
2014-04-28,,,,24.01,0
2014-04-29,,,,24.01,0
2014-04-30,,,,24.01,0
2014-05-01,,,,24.01,0
2014-05-02,,,,24.01,0
2014-05-05,,,,24.01,0
2014-05-06,,,,24.01,0
2014-05-07,,,,24.01,0
2014-05-08,24.48,24.48,24.48,24.48,100
2014-05-09,,,,24.48,0
2014-05-12,,,,24.48,0
2014-05-13,,,,24.48,0
2014-05-14,,,,24.48,0
2014-05-15,,,,24.48,0
2014-05-16,,,,24.48,0
2014-05-19,,,,24.48,0
2014-05-20,,,,24.48,0
2014-05-21,,,,24.48,0
2014-05-22,24.75,24.81,24.75,24.78,1883119
2014-05-23,24.87,24.95,24.86,24.94,44360
2014-05-27,25.37,25.37,25.31,25.31,40262
2014-05-28,25.3,25.32,25.29,25.29,2059
2014-05-29,25.28,25.39,25.28,25.37,2282
2014-05-30,25.27,25.34,25.27,25.34,1881
2014-06-02,25.3,25.47,25.3,25.34,1051
2014-06-03,25.28,25.28,25.21,25.21,7778
2014-06-04,25.22,25.26,25.19,25.26,2261
2014-06-05,25.38,25.39,25.34,25.39,3858
2014-06-06,25.47,25.47,25.45,25.46,945
2014-06-09,25.4,25.52,25.35,25.52,7889
2014-06-10,25.51,25.55,25.51,25.52,1290
2014-06-11,25.36,25.37,25.36,25.37,354
2014-06-12,25.31,25.36,25.23,25.23,2646
2014-06-13,25.19,25.3,25.19,25.19,41386
2014-06-16,25.26,25.26,25.23,25.25,1144
2014-06-17,25.19,25.3,25.19,25.3,909
2014-06-18,25.3,25.47,25.3,25.47,354
2014-06-19,25.47,25.49,25.46,25.46,988
2014-06-20,25.44,25.44,25.41,25.42,4520
2014-06-23,25.31,25.31,25.28,25.29,959
2014-06-24,25.29,25.35,25.28,25.28,1300
2014-06-25,25.16,25.16,25.1,25.16,1534
2014-06-26,24.95,25.06,24.95,25.06,2871
2014-06-27,,,,25.06,0
2014-06-30,25.09,25.09,25.04,25.05,1467
2014-07-01,25.19,25.27,25.19,25.22,908
2014-07-02,24.76,24.76,24.73,24.74,1027
2014-07-03,24.98,25.04,24.98,25.03,1928
2014-07-07,24.85,24.85,24.62,24.62,1399
2014-07-08,24.57,24.57,24.38,24.4,4281
2014-07-09,24.38,24.46,24.38,24.46,1636
2014-07-10,24.0,24.17,24.0,24.09,3422
2014-07-11,24.08,24.1,24.08,24.09,1307
2014-07-14,24.35,24.4,24.35,24.4,5253
2014-07-15,24.34,24.34,24.24,24.24,1670
2014-07-16,24.59,24.59,24.55,24.55,11585
2014-07-17,24.46,24.46,24.26,24.27,5894
2014-07-18,24.28,24.29,24.28,24.29,1202
2014-07-21,24.0,24.06,24.0,24.06,1975
2014-07-22,24.28,24.3,24.26,24.27,1320
2014-07-23,24.35,24.35,24.34,24.34,2750
2014-07-24,24.33,24.43,24.33,24.38,2928
2014-07-25,24.08,24.08,24.08,24.08,1287
2014-07-28,23.92,23.94,23.89,23.94,2372
2014-07-29,24.09,24.13,24.06,24.06,1397
2014-07-30,23.98,24.02,23.88,24.02,1634
2014-07-31,23.58,23.58,23.4,23.44,11585
2014-08-01,23.19,23.19,22.95,23.01,6618
2014-08-04,23.0,23.0,22.84,23.0,3518
2014-08-05,22.92,22.98,22.73,22.77,1543
2014-08-06,22.7,22.8,22.7,22.74,2286
2014-08-07,22.79,22.79,22.47,22.47,3238
2014-08-08,22.68,22.69,22.66,22.66,6062
2014-08-11,22.95,22.99,22.92,22.95,2636
2014-08-12,22.71,22.76,22.69,22.72,2217
2014-08-13,23.0,23.01,22.96,22.96,1844
2014-08-14,23.11,23.12,23.11,23.12,785
2014-08-15,23.08,23.08,22.73,22.85,2195
2014-08-18,23.11,23.18,23.11,23.17,2702
2014-08-19,23.33,23.4,23.33,23.38,2587
2014-08-20,23.2,23.38,23.18,23.37,35437
2014-08-21,23.44,23.51,23.44,23.48,7180
2014-08-22,23.38,23.41,23.38,23.39,1519
2014-08-25,23.61,23.79,23.61,23.75,80634
2014-08-26,23.87,23.94,23.87,23.91,3999
2014-08-27,23.89,23.89,23.87,23.87,2114
2014-08-28,23.65,23.71,23.62,23.67,2662
2014-08-29,23.72,23.72,23.53,23.63,2755
2014-09-02,23.75,23.78,23.66,23.73,11369
2014-09-03,24.09,24.09,23.97,23.98,46224
2014-09-04,24.24,24.3,24.19,24.21,113104
2014-09-05,24.33,24.38,24.3,24.34,2143
2014-09-08,24.31,24.34,24.24,24.28,12388
2014-09-09,24.22,24.22,24.16,24.16,2607
2014-09-10,24.16,24.28,24.16,24.26,31052
2014-09-11,24.13,24.18,24.02,24.15,297462
2014-09-12,24.07,24.07,23.99,24.04,155707
2014-09-15,24.06,24.11,24.05,24.1,27851
2014-09-16,23.96,24.12,23.94,24.12,17417
2014-09-17,24.14,24.2,24.08,24.14,387780
2014-09-18,24.34,24.39,24.3,24.37,25680
2014-09-19,24.48,24.48,24.36,24.38,5668
2014-09-22,24.42,24.42,24.21,24.27,10096
2014-09-23,23.99,24.02,23.86,23.91,8364
2014-09-24,23.87,24.14,23.87,24.09,68665
2014-09-25,24.05,24.05,23.6,23.66,112444
2014-09-26,23.64,23.78,23.64,23.75,20664
2014-09-29,23.45,23.54,23.39,23.52,38322
2014-09-30,23.52,23.63,23.5,23.59,11366
2014-10-01,23.37,23.39,23.31,23.34,6003
2014-10-02,23.2,23.2,22.89,23.04,10034
2014-10-03,23.23,23.34,23.0,23.24,54701
2014-10-06,23.11,23.11,22.86,22.96,9723
2014-10-07,22.79,22.82,22.56,22.56,34867
2014-10-08,22.53,22.67,22.41,22.67,3795
2014-10-09,22.7,22.7,22.2,22.27,74137
2014-10-10,22.09,22.09,21.89,21.91,13902
2014-10-13,22.13,22.13,21.83,21.83,5196
2014-10-14,22.07,22.11,21.94,21.98,133494
2014-10-15,21.5,21.64,21.19,21.49,23073
2014-10-16,21.35,21.46,21.29,21.35,17060
2014-10-17,21.97,22.1,21.86,22.05,8431
2014-10-20,21.83,21.9,21.74,21.9,30033
2014-10-21,22.14,22.34,22.14,22.34,97516
2014-10-22,22.3,22.38,22.14,22.16,51873
2014-10-23,22.41,22.64,22.41,22.57,9863
2014-10-24,22.52,22.53,22.42,22.53,37162
2014-10-27,22.13,22.31,22.13,22.26,9312
2014-10-28,22.57,22.76,22.57,22.75,25570
2014-10-29,22.77,22.79,22.67,22.67,3047
2014-10-30,22.62,22.98,22.5,22.86,24489
2014-10-31,23.24,23.34,23.24,23.34,26018
2014-11-03,23.27,23.27,23.13,23.15,12555
2014-11-04,23.12,23.12,22.97,22.99,6206
2014-11-05,23.25,23.31,23.25,23.28,15059
2014-11-06,26.75,26.75,23.39,23.44,8233
2014-11-07,23.33,23.33,23.11,23.16,13474
2014-11-10,23.25,23.37,23.19,23.35,98885
2014-11-11,23.36,23.4,23.31,23.37,43222
2014-11-12,23.11,23.14,22.98,23.14,47117
2014-11-13,23.21,23.21,23.06,23.18,26585
2014-11-14,23.09,23.16,23.09,23.09,34233
2014-11-17,23.29,23.33,23.25,23.33,2339
2014-11-18,23.64,23.75,23.6,23.71,10792
2014-11-19,23.69,23.72,23.6,23.72,16711
2014-11-20,23.57,23.77,23.57,23.72,738173
2014-11-21,24.22,24.33,24.2,24.26,103906
2014-11-24,24.53,24.53,24.41,24.51,32187
2014-11-25,24.63,24.72,24.6,24.66,49400
2014-11-26,24.72,24.87,24.7,24.84,1239124
2014-11-28,24.81,24.93,24.78,24.89,34806
2014-12-01,24.92,24.92,24.79,24.86,48709
2014-12-02,24.88,24.88,24.73,24.85,98971
2014-12-03,24.96,24.96,24.84,24.95,57707
2014-12-04,24.73,24.83,24.57,24.71,43583
2014-12-05,24.96,25.17,24.96,25.15,135416
2014-12-08,25.08,25.15,24.86,24.93,162599
2014-12-09,24.6,24.65,24.44,24.64,29383
2014-12-10,24.67,24.67,24.3,24.3,32770
2014-12-11,24.54,24.71,24.47,24.47,26315
2014-12-12,24.32,24.34,23.85,23.85,30490
2014-12-15,24.01,24.01,23.27,23.39,13710
2014-12-16,23.4,23.84,23.4,23.58,29625
2014-12-17,24.06,24.16,23.78,24.07,17282
2014-12-18,24.46,24.61,24.32,24.61,36277
2014-12-19,24.32,24.57,24.32,24.47,30366
2014-12-22,24.73,24.75,24.59,24.75,17123
2014-12-23,24.77,24.82,24.7,24.75,145507
2014-12-24,24.69,24.9,24.69,24.89,52801
2014-12-26,23.97,24.17,23.97,24.07,63733
2014-12-29,23.86,23.98,23.86,23.95,17659
2014-12-30,23.66,23.72,23.57,23.64,12021
2014-12-31,23.79,23.79,23.5,23.53,26696
2015-01-02,23.7,23.71,23.5,23.61,129680
2015-01-05,23.31,23.31,22.83,22.94,26120
2015-01-06,23.17,23.25,22.78,22.88,63598
2015-01-07,23.19,23.2,22.92,23.16,274922
2015-01-08,23.47,23.76,23.42,23.71,29349
2015-01-09,23.86,23.86,23.3,23.44,93482
2015-01-12,23.47,23.65,23.44,23.53,87964
2015-01-13,24.04,24.09,23.67,23.82,593217
2015-01-14,23.74,23.9,23.69,23.85,329275
2015-01-15,24.17,24.34,24.08,24.16,82918
2015-01-16,24.26,24.86,24.26,24.81,184132
2015-01-20,24.79,24.83,24.64,24.79,63001
2015-01-21,24.56,24.9,24.54,24.88,231588
2015-01-22,24.97,25.39,24.8,25.3,257932
2015-01-23,25.61,25.64,25.52,25.57,478049
2015-01-26,25.86,26.04,25.72,26.03,603893
2015-01-27,25.69,25.71,25.5,25.63,452350
2015-01-28,25.74,25.84,25.44,25.44,96213
2015-01-29,25.75,26.0,25.62,25.95,236137
2015-01-30,25.78,25.82,25.57,25.57,170791
2015-02-02,25.86,26.12,25.65,26.07,211310
2015-02-03,26.19,26.28,26.07,26.25,521957
2015-02-04,26.13,26.21,26.01,26.04,383199
2015-02-05,26.15,26.21,26.02,26.21,276203
2015-02-06,26.09,26.1,25.82,25.89,390855
2015-02-09,25.58,25.66,25.48,25.61,288036
2015-02-10,25.92,25.98,25.67,25.91,402919
2015-02-11,25.9,25.93,25.73,25.86,261017
2015-02-12,26.32,26.4,26.21,26.4,36716058
2015-02-13,27.65,31.18,26.31,26.41,380122
2015-02-17,26.25,26.32,26.03,26.25,644680
2015-02-18,26.36,26.43,26.28,26.34,340794
2015-02-19,26.42,26.46,26.3,26.41,488898
2015-02-20,26.43,26.85,26.35,26.76,564152
2015-02-23,26.78,26.78,26.66,26.76,245818
2015-02-24,26.78,27.01,26.74,26.98,316130
2015-02-25,26.96,26.97,26.85,26.93,559761
2015-02-26,27.07,27.24,27.04,27.22,374479
2015-02-27,27.23,27.39,27.15,27.36,507642
2015-03-02,27.38,27.48,27.31,27.48,432023
2015-03-03,27.4,27.4,27.04,27.2,476735
2015-03-04,27.18,27.4,26.99,27.39,449623
2015-03-05,27.61,27.64,27.49,27.58,815708
2015-03-06,27.68,27.78,27.55,27.57,1052010
2015-03-09,27.69,27.81,27.64,27.79,1083890
2015-03-10,27.55,27.68,27.41,27.61,2293401
2015-03-11,28.02,28.35,27.98,28.32,1847256
2015-03-12,28.18,28.35,28.16,28.34,2116809
2015-03-13,28.19,28.62,28.13,28.61,1553798
2015-03-16,28.88,29.15,28.83,29.06,2787842
2015-03-17,28.69,28.77,28.5,28.72,1602830
2015-03-18,28.5,28.69,28.38,28.44,1435683
2015-03-19,28.37,28.53,28.23,28.47,1084268
2015-03-20,28.85,28.91,28.7,28.8,1516785
2015-03-23,28.48,28.52,28.35,28.38,981572
2015-03-24,28.58,28.78,28.52,28.63,987630
2015-03-25,28.66,28.66,28.33,28.33,837121
2015-03-26,28.02,28.43,27.9,28.38,1355596
2015-03-27,28.43,28.5,28.3,28.43,582267
2015-03-30,28.78,28.94,28.73,28.89,1268181
2015-03-31,28.62,28.73,28.51,28.54,1944329
2015-04-01,28.85,28.87,28.61,28.78,4885833
2015-04-02,28.64,28.73,28.55,28.66,2658047
2015-04-06,28.5,28.86,28.45,28.77,654889
2015-04-07,28.95,29.03,28.87,28.89,1071333
2015-04-08,28.9,28.91,28.73,28.85,899685
2015-04-09,28.96,29.24,28.96,29.19,851000
2015-04-10,29.58,29.61,29.48,29.61,1336611
2015-04-13,29.56,29.59,29.34,29.38,1152206
2015-04-14,29.3,29.33,29.14,29.32,817330
2015-04-15,29.37,29.4,29.17,29.22,1046627
2015-04-16,28.88,28.88,28.62,28.69,2210924
2015-04-17,28.25,28.25,27.86,27.93,2403758
2015-04-20,28.42,28.48,28.34,28.38,770071
2015-04-21,28.73,28.79,28.52,28.62,902389
2015-04-22,28.51,28.51,28.25,28.49,938436
2015-04-23,28.15,28.22,27.95,28.16,1052015
2015-04-24,28.1,28.27,28.03,28.19,1196498
2015-04-27,28.67,28.75,28.59,28.6,1188986
2015-04-28,28.36,28.38,28.02,28.22,1018152
2015-04-29,27.73,27.79,27.09,27.37,2467957
2015-04-30,27.49,27.58,27.01,27.08,1533507
2015-05-01,27.15,27.48,27.12,27.48,520491
2015-05-04,27.55,27.71,27.55,27.6,1530967
2015-05-05,27.39,27.42,26.9,26.96,1543760
2015-05-06,27.02,27.08,26.71,26.92,1517799
2015-05-07,27.0,27.17,26.96,27.05,716019
2015-05-08,27.48,27.87,27.46,27.83,1056495
2015-05-11,27.69,27.76,27.57,27.62,1683394
2015-05-12,27.34,27.39,27.09,27.31,973004
2015-05-13,27.21,27.35,26.86,26.94,1086231
2015-05-14,27.29,27.52,27.22,27.5,669103
2015-05-15,27.4,27.44,27.08,27.28,576561
2015-05-18,27.41,27.68,27.35,27.65,901965
2015-05-19,28.08,28.27,27.98,28.11,1062215
2015-05-20,28.16,28.23,28.04,28.2,1004168
2015-05-21,28.1,28.27,28.1,28.25,1088917
2015-05-22,28.15,28.17,28.06,28.16,2848732
2015-05-26,27.9,27.9,27.56,27.72,1193971
2015-05-27,27.72,28.03,27.68,28.0,1016522
2015-05-28,27.85,27.93,27.61,27.81,890493
2015-05-29,27.51,27.53,27.15,27.24,868496
2015-06-01,27.27,27.33,27.08,27.28,1262577
2015-06-02,26.96,27.05,26.83,26.95,1064180
2015-06-03,27.23,27.28,26.98,27.07,785617
2015-06-04,26.87,27.2,26.62,26.76,849398
2015-06-05,26.76,26.82,26.54,26.59,983785
2015-06-08,26.36,26.42,26.08,26.12,772134
2015-06-09,26.01,26.16,25.91,26.01,1637239
2015-06-10,26.4,26.84,26.38,26.75,1306222
2015-06-11,27.15,27.23,26.79,26.89,2497084
2015-06-12,26.53,26.65,26.29,26.6,1009047
2015-06-15,26.09,26.2,26.01,26.16,956973
2015-06-16,26.08,26.29,26.04,26.27,752226
2015-06-17,26.15,26.28,25.79,25.88,1147182
2015-06-18,25.91,26.73,25.86,26.38,1506360
2015-06-19,26.3,26.32,26.09,26.14,749565
2015-06-22,27.0,27.2,26.9,27.1,978538
2015-06-23,27.58,27.61,27.37,27.49,4077547
2015-06-24,27.25,27.32,27.05,27.11,5644783
2015-06-25,27.21,27.26,26.97,27.14,2869322
2015-06-26,27.31,27.45,27.23,27.4,716696
2015-06-29,26.65,26.82,26.02,26.07,3011053
2015-06-30,26.42,26.42,25.96,26.09,1168998
2015-07-01,26.66,26.79,26.41,26.54,1053764
2015-07-02,26.07,26.07,25.82,25.92,1300833
2015-07-06,25.44,25.63,25.21,25.34,2115604
2015-07-07,25.26,25.52,24.92,25.5,1749169
2015-07-08,25.16,25.23,24.95,25.01,1185186
2015-07-09,25.51,25.78,25.51,25.61,1026515
2015-07-10,26.4,26.62,26.28,26.58,2855183
2015-07-13,26.84,26.86,26.66,26.82,1030355
2015-07-14,26.67,26.93,26.64,26.89,532250
2015-07-15,26.93,26.97,26.78,26.9,544803
2015-07-16,27.4,27.4,27.27,27.3,884139
2015-07-17,27.26,27.27,27.16,27.26,579042
2015-07-20,27.46,27.46,27.31,27.41,407475
2015-07-21,27.21,27.22,26.99,27.05,638902
2015-07-22,26.85,26.97,26.8,26.93,823318
2015-07-23,26.9,26.94,26.69,26.73,486687
2015-07-24,26.77,26.78,26.34,26.36,1280556
2015-07-27,25.99,26.01,25.75,25.81,796875
2015-07-28,26.1,26.24,25.93,26.19,629423
2015-07-29,26.19,26.38,26.15,26.34,1565856
2015-07-30,26.23,26.34,26.04,26.32,474971
2015-07-31,26.25,26.48,26.17,26.45,455472
2015-08-03,26.74,26.78,26.58,26.68,622577
2015-08-04,26.77,26.85,26.72,26.85,460371
2015-08-05,27.09,27.24,27.09,27.11,588215
2015-08-06,27.22,27.22,26.96,27.07,469156
2015-08-07,26.93,27.0,26.81,26.9,438083
2015-08-10,26.97,27.14,26.97,27.13,740428
2015-08-11,26.44,26.54,26.33,26.42,2681965
2015-08-12,25.77,25.85,25.45,25.84,2285591
2015-08-13,25.81,25.91,25.71,25.75,791906
2015-08-14,25.74,25.91,25.67,25.88,376564
2015-08-17,25.45,25.72,25.38,25.71,447507
2015-08-18,25.66,25.66,25.5,25.54,299583
2015-08-19,25.19,25.25,25.0,25.04,824393
2015-08-20,24.75,24.79,24.11,24.12,3940321
2015-08-21,24.0,24.24,23.3,23.36,2997518
2015-08-24,22.13,23.14,15.46,22.43,2170063
2015-08-25,23.66,23.82,22.78,22.86,1202482
2015-08-26,23.73,23.87,23.16,23.87,1447129
2015-08-27,24.16,24.31,23.92,24.22,1378608
2015-08-28,24.0,24.19,23.92,24.14,2578749
2015-08-31,23.92,24.14,23.88,24.0,1620582
2015-09-01,23.46,23.53,23.18,23.25,815240
2015-09-02,23.71,23.76,23.48,23.76,443409
2015-09-03,24.12,24.33,23.97,24.01,690683
2015-09-04,23.56,23.7,23.36,23.5,559538
2015-09-08,24.22,24.26,24.02,24.21,1464374
2015-09-09,24.47,24.5,23.82,23.84,762834
2015-09-10,23.96,24.11,23.89,24.01,2265103
2015-09-11,23.79,23.91,23.73,23.89,649371
2015-09-14,23.81,23.94,23.7,23.8,487705
2015-09-15,23.82,24.06,23.77,24.04,462050
2015-09-16,24.02,24.1,23.87,24.08,559442
2015-09-17,24.03,24.2,23.82,23.92,905900
2015-09-18,23.3,23.44,23.18,23.34,663884
2015-09-21,23.34,23.49,23.22,23.38,1133728
2015-09-22,22.71,22.75,22.46,22.63,1099874
2015-09-23,22.7,22.75,22.46,22.53,957289
2015-09-24,22.13,22.46,21.97,22.38,1918619
2015-09-25,22.71,22.83,22.47,22.57,1031776
2015-09-28,22.45,22.45,22.14,22.17,902813
2015-09-29,22.25,22.32,22.01,22.22,1149711
2015-09-30,22.73,22.8,22.48,22.69,967352
2015-10-01,22.49,22.61,22.19,22.43,8047764
2015-10-02,22.13,22.69,22.05,22.69,2841407
2015-10-05,22.99,23.18,22.95,23.16,423029
2015-10-06,23.18,23.34,23.11,23.15,1848353
2015-10-07,23.5,23.63,23.3,23.51,1081972
2015-10-08,23.42,23.68,23.38,23.66,1226573
2015-10-09,23.68,23.72,23.57,23.7,610456
2015-10-12,23.63,23.74,23.61,23.67,265163
2015-10-13,23.32,23.58,23.27,23.4,344372
2015-10-14,23.38,23.52,23.21,23.24,502150
2015-10-15,23.53,23.76,23.47,23.74,549145
2015-10-16,23.62,23.69,23.53,23.67,312031
2015-10-19,23.72,23.8,23.7,23.76,355543
2015-10-20,23.69,23.81,23.67,23.71,344202
2015-10-21,23.96,24.01,23.8,23.81,529858
2015-10-22,24.25,24.7,24.25,24.63,718134
2015-10-23,25.09,25.3,25.08,25.23,1534161
2015-10-26,25.25,25.29,25.08,25.14,431426
2015-10-27,24.99,25.08,24.89,24.91,601963
2015-10-28,25.04,25.39,25.03,25.36,832225
2015-10-29,25.18,25.21,25.04,25.18,780354
2015-10-30,25.12,25.31,25.08,25.18,1132460
2015-11-02,25.46,25.56,25.44,25.54,1197812
2015-11-03,25.36,25.56,25.36,25.46,1558306
2015-11-04,25.38,25.42,25.16,25.24,1151859
2015-11-05,25.37,25.42,25.21,25.29,580947
2015-11-06,25.57,25.66,25.4,25.61,1539132
2015-11-09,25.44,25.46,25.05,25.15,580354
2015-11-10,25.15,25.24,25.06,25.21,4362713
2015-11-11,25.35,25.38,25.19,25.22,2479156
2015-11-12,25.04,25.2,24.88,24.89,871974
2015-11-13,24.85,24.95,24.66,24.77,551252
2015-11-16,24.85,25.14,24.82,25.14,691352
2015-11-17,25.33,25.5,25.25,25.31,806557
2015-11-18,25.48,25.65,25.39,25.61,885749
2015-11-19,25.69,25.79,25.65,25.67,1114760
2015-11-20,25.81,25.9,25.75,25.78,631945
2015-11-23,25.76,25.82,25.6,25.69,1073555
2015-11-24,25.38,25.51,25.29,25.49,1215861
2015-11-25,25.83,25.96,25.81,25.89,915375
2015-11-27,26.14,26.23,26.14,26.2,455791
2015-11-30,26.35,26.43,26.28,26.34,1145559
2015-12-01,26.3,26.33,26.07,26.17,2644248
2015-12-02,25.81,25.9,25.5,25.58,1356299
2015-12-03,25.24,25.24,24.5,24.6,2035001
2015-12-04,24.57,25.09,24.57,25.06,1489812
2015-12-07,25.2,25.3,25.02,25.15,457434
2015-12-08,24.62,24.75,24.44,24.61,796393
2015-12-09,24.4,24.64,24.05,24.18,1347525
2015-12-10,24.42,24.55,24.34,24.38,683546
2015-12-11,23.89,23.94,23.63,23.67,926151
2015-12-14,23.72,23.78,23.28,23.66,1218593
2015-12-15,23.99,24.15,23.98,24.05,1006655
2015-12-16,24.31,24.57,24.11,24.53,1730975
2015-12-17,24.92,24.92,24.65,24.68,1814849
2015-12-18,24.52,24.53,24.24,24.24,936892
2015-12-21,24.71,24.71,24.13,24.31,1391394
2015-12-22,24.23,24.36,24.09,24.35,825592
2015-12-23,24.61,24.8,24.56,24.8,620485
2015-12-24,24.61,24.82,24.61,24.73,521426
2015-12-28,24.59,24.67,24.49,24.61,575304
2015-12-29,24.92,25.05,24.88,25.01,548088
2015-12-30,24.79,24.79,24.62,24.62,1324117
2015-12-31,24.62,24.68,24.37,24.37,898273
2016-01-04,23.92,23.92,23.66,23.9,1240803
2016-01-05,23.83,23.9,23.66,23.83,1374150
2016-01-06,23.38,23.61,23.31,23.5,830162
2016-01-07,22.88,23.14,22.64,22.65,1456403
2016-01-08,23.07,23.16,22.46,22.52,2626337
2016-01-11,22.94,23.01,22.55,22.83,2538734
2016-01-12,23.22,23.27,22.94,23.18,2069848
2016-01-13,23.22,23.23,22.48,22.55,1261404
2016-01-14,22.54,22.95,22.35,22.82,1628481
2016-01-15,21.91,22.09,21.71,21.87,948704
2016-01-19,22.32,22.38,21.97,22.18,1684719
2016-01-20,21.83,21.94,21.33,21.84,2080321
2016-01-21,21.97,22.28,21.75,22.05,1805147
2016-01-22,22.59,22.72,22.51,22.71,791570
2016-01-25,22.5,22.6,22.36,22.36,1271464
2016-01-26,22.53,22.79,22.53,22.78,869786
2016-01-27,22.64,22.91,22.43,22.53,1330018
2016-01-28,22.57,22.6,22.15,22.33,674141
2016-01-29,22.43,22.76,22.42,22.74,871767
2016-02-01,22.44,22.65,22.33,22.58,911701
2016-02-02,22.28,22.28,21.94,22.0,2691572
2016-02-03,22.16,22.16,21.65,22.04,1166483
2016-02-04,21.58,21.94,21.5,21.73,10314598
2016-02-05,21.77,21.83,21.36,21.42,978729
2016-02-08,20.92,20.93,20.62,20.8,1483555
2016-02-09,20.25,20.67,20.25,20.52,4454802
2016-02-10,20.93,21.1,20.59,20.6,893610
2016-02-11,20.37,20.48,20.16,20.39,2402156
2016-02-12,20.61,20.77,20.45,20.76,1148524
2016-02-16,21.18,21.3,21.02,21.3,462357
2016-02-17,21.6,21.83,21.56,21.8,2210890
2016-02-18,22.04,22.06,21.85,21.89,978806
2016-02-19,21.73,21.8,21.6,21.75,719932
2016-02-22,22.1,22.23,22.1,22.21,786236
2016-02-23,22.04,22.1,21.79,21.79,1168381
2016-02-24,21.33,21.56,21.15,21.54,721005
2016-02-25,21.69,21.75,21.5,21.74,870362
2016-02-26,22.0,22.09,21.91,21.93,902212
2016-02-29,21.91,22.03,21.76,21.8,696976
2016-03-01,22.3,22.64,22.3,22.6,1542101
2016-03-02,22.5,22.64,22.45,22.62,1019574
2016-03-03,22.57,22.64,22.46,22.62,522944
2016-03-04,22.7,22.8,22.54,22.65,1108813
2016-03-07,22.48,22.68,22.46,22.57,711389
2016-03-08,22.5,22.51,22.3,22.35,1630933
2016-03-09,22.61,22.64,22.38,22.44,1448082
2016-03-10,22.67,22.85,21.73,22.02,1940688
2016-03-11,22.68,22.89,22.59,22.89,835100
2016-03-14,23.01,23.17,22.99,23.11,512180
2016-03-15,22.92,22.99,22.86,22.97,562593
2016-03-16,22.98,23.15,22.98,23.09,1450775
2016-03-17,22.73,22.94,22.68,22.89,1323098
2016-03-18,22.94,23.07,22.89,23.01,1557049
2016-03-21,23.0,23.11,22.93,23.06,798775
2016-03-22,22.91,23.17,22.88,23.11,1862816
2016-03-23,23.28,23.28,23.08,23.13,692794
2016-03-24,22.84,22.96,22.78,22.88,657973
2016-03-28,22.93,22.95,22.84,22.9,183338
2016-03-29,22.74,23.01,22.73,23.01,690457
2016-03-30,23.33,23.42,23.26,23.28,664636
2016-03-31,23.17,23.2,23.01,23.01,528860
2016-04-01,22.53,22.81,22.5,22.78,2152806
2016-04-04,22.78,22.85,22.65,22.68,660276
2016-04-05,22.25,22.35,22.12,22.14,521001
2016-04-06,22.1,22.45,22.1,22.44,861976
2016-04-07,22.29,22.3,21.92,22.01,668763
2016-04-08,22.41,22.44,22.26,22.32,1016246
2016-04-11,22.56,22.6,22.4,22.41,524647
2016-04-12,22.52,22.74,22.43,22.72,679527
2016-04-13,23.09,23.28,23.07,23.22,413802
2016-04-14,23.36,23.41,23.31,23.37,406878
2016-04-15,23.31,23.32,23.23,23.25,752447
2016-04-18,23.21,23.5,23.21,23.48,1227986
2016-04-19,23.87,23.98,23.84,23.97,896807
2016-04-20,23.99,24.2,23.97,24.12,663831
2016-04-21,23.99,24.16,23.96,24.03,813745
2016-04-22,23.98,24.07,23.94,24.04,544223
2016-04-25,23.82,23.87,23.72,23.86,474487
2016-04-26,23.75,23.83,23.66,23.81,479437
2016-04-27,23.8,23.96,23.8,23.9,643269
2016-04-28,23.63,23.9,23.61,23.64,618286
2016-04-29,23.45,23.47,23.24,23.32,1219638
2016-05-02,23.47,23.49,23.33,23.45,779651
2016-05-03,23.07,23.1,22.98,23.02,700318
2016-05-04,22.85,22.96,22.72,22.77,549454
2016-05-05,22.76,22.86,22.72,22.81,795030
2016-05-06,22.73,23.0,22.73,22.98,737370
2016-05-09,23.17,23.25,23.06,23.1,460065
2016-05-10,23.2,23.38,23.18,23.38,805896
2016-05-11,23.1,23.2,23.02,23.04,719927
2016-05-12,23.17,23.18,22.83,22.93,624997
2016-05-13,22.97,23.13,22.88,22.92,840525
2016-05-16,22.93,23.1,22.84,23.06,413391
2016-05-17,22.97,23.03,22.78,22.82,1112274
2016-05-18,22.84,23.11,22.84,23.03,700788
2016-05-19,22.8,22.86,22.73,22.82,1410730
2016-05-20,22.93,23.03,22.93,23.01,576253
2016-05-23,22.88,22.96,22.84,22.87,733411
2016-05-24,23.17,23.47,23.17,23.42,1101547
2016-05-25,23.57,23.69,23.57,23.62,776652
2016-05-26,23.75,23.81,23.73,23.75,468239
2016-05-27,23.79,23.85,23.76,23.83,625192
2016-05-31,23.88,23.91,23.68,23.77,640418
2016-06-01,23.57,23.66,23.53,23.64,358434
2016-06-02,23.56,23.75,23.56,23.74,460416
2016-06-03,23.49,23.49,23.26,23.41,1032197
2016-06-06,23.45,23.52,23.4,23.46,466495
2016-06-07,23.79,23.86,23.75,23.75,307397
2016-06-08,23.69,23.73,23.6,23.7,314057
2016-06-09,23.4,23.46,23.35,23.4,623471
2016-06-10,22.83,22.91,22.69,22.76,617019
2016-06-13,22.46,22.59,22.27,22.3,444466
2016-06-14,22.23,22.33,22.09,22.23,465688
2016-06-15,22.33,22.42,22.2,22.22,1139258
2016-06-16,22.04,22.41,21.92,22.39,493980
2016-06-17,22.39,22.56,22.27,22.54,267508
2016-06-20,23.1,23.14,23.02,23.03,459165
2016-06-21,23.22,23.47,23.15,23.33,513776
2016-06-22,23.42,23.51,23.28,23.31,678459
2016-06-23,23.61,23.93,23.48,23.89,1069389
2016-06-24,22.29,22.62,21.99,22.07,1865548
2016-06-27,21.85,21.87,21.47,21.74,1211995
2016-06-28,22.12,22.18,21.93,22.1,608815
2016-06-29,22.32,22.37,22.23,22.33,430102
2016-06-30,22.35,22.75,22.28,22.67,1013852
2016-07-01,22.7,22.81,22.67,22.67,483741
2016-07-05,22.2,22.24,22.02,22.08,470023
2016-07-06,21.28,21.42,21.13,21.41,714306
2016-07-07,21.39,21.5,21.24,21.31,838926
2016-07-08,21.77,21.87,21.75,21.85,1219141
2016-07-11,22.18,22.32,22.15,22.18,455543
2016-07-12,22.6,22.63,22.53,22.53,2123622
2016-07-13,22.6,22.62,22.44,22.5,275465
2016-07-14,22.81,22.89,22.76,22.79,498704
2016-07-15,22.79,22.82,22.74,22.8,278724
2016-07-18,22.76,22.89,22.7,22.79,212844
2016-07-19,22.62,22.68,22.6,22.65,315104
2016-07-20,22.95,23.0,22.91,22.96,326406
2016-07-21,22.97,23.07,22.92,22.96,214813
2016-07-22,23.0,23.06,22.99,23.03,202061
2016-07-25,23.19,23.2,23.06,23.11,577756
2016-07-26,23.19,23.32,23.18,23.29,10967423
2016-07-27,23.44,23.48,23.33,23.35,1806481
2016-07-28,23.38,23.46,23.3,23.44,1612991
2016-07-29,23.38,23.48,23.35,23.45,424865
2016-08-01,23.39,23.49,23.34,23.37,129465
2016-08-02,23.16,23.16,22.96,23.04,660166
2016-08-03,23.0,23.18,23.0,23.18,268987
2016-08-04,23.19,23.24,23.1,23.21,352592
2016-08-05,23.4,23.54,23.4,23.51,143935
2016-08-08,23.66,23.7,23.63,23.66,246316
2016-08-09,23.88,24.24,23.88,24.17,187228
2016-08-10,24.15,24.2,24.12,24.15,141495
2016-08-11,24.3,24.38,24.25,24.33,488819
2016-08-12,24.28,24.33,24.25,24.29,465825
2016-08-15,24.36,24.39,24.33,24.33,358164
2016-08-16,24.22,24.29,24.17,24.18,242398
2016-08-17,23.97,24.08,23.87,24.06,12634832
2016-08-18,24.01,24.08,23.99,24.06,2012046
2016-08-19,23.9,23.98,23.81,23.97,427276
2016-08-22,23.78,23.92,23.74,23.88,163209
2016-08-23,24.06,24.13,24.03,24.04,234970
2016-08-24,24.11,24.15,24.02,24.03,163692
2016-08-25,23.86,23.94,23.84,23.85,180426
2016-08-26,23.9,24.1,23.74,23.89,663321
2016-08-29,23.92,24.02,23.91,24.01,222187
2016-08-30,24.17,24.26,24.15,24.18,153674
2016-08-31,24.13,24.17,23.96,24.03,267959
2016-09-01,24.11,24.14,23.85,24.02,340515
2016-09-02,24.16,24.37,24.14,24.33,273089
2016-09-06,24.35,24.38,24.2,24.28,244177
2016-09-07,24.37,24.45,24.33,24.39,126779
2016-09-08,24.1,24.27,24.1,24.21,246059
2016-09-09,24.08,24.09,23.75,23.75,230609
2016-09-12,23.55,23.93,23.53,23.91,290011
2016-09-13,23.75,23.77,23.5,23.64,336994
2016-09-14,23.6,23.68,23.5,23.53,213747
2016-09-15,23.51,23.77,23.48,23.74,215127
2016-09-16,23.42,23.45,23.34,23.42,193739
2016-09-19,23.56,23.61,23.49,23.52,74848
2016-09-20,23.73,23.77,23.63,23.66,218770
2016-09-21,23.77,23.93,23.66,23.9,146558
2016-09-22,24.25,24.33,24.23,24.25,189013
2016-09-23,24.14,24.18,24.1,24.11,366196
2016-09-26,23.72,23.74,23.62,23.63,261983
2016-09-27,23.39,23.68,23.38,23.66,227913
2016-09-28,23.87,23.95,23.72,23.93,183957
2016-09-29,23.87,23.92,23.37,23.44,575606
2016-09-30,23.65,24.02,23.65,23.96,576725
2016-10-03,23.84,23.88,23.72,23.87,232782
2016-10-04,24.09,24.23,23.95,24.04,505470
2016-10-05,24.1,24.16,24.07,24.12,227853
2016-10-06,24.06,24.16,24.06,24.12,185210
2016-10-07,23.95,23.97,23.78,23.87,308869
2016-10-10,24.1,24.2,24.1,24.15,220023
2016-10-11,24.23,24.24,23.98,24.04,226669
2016-10-12,23.95,23.99,23.9,23.96,163908
2016-10-13,23.62,23.81,23.56,23.76,676566
2016-10-14,24.05,24.13,24.01,24.06,143099
2016-10-17,23.93,23.98,23.85,23.88,258858
2016-10-18,24.19,24.2,24.1,24.14,301475
2016-10-19,24.17,24.25,24.17,24.2,109979
2016-10-20,24.16,24.35,24.16,24.29,377246
2016-10-21,24.22,24.3,24.21,24.3,175166
2016-10-24,24.46,24.5,24.36,24.39,162951
2016-10-25,24.41,24.45,24.32,24.38,117280
2016-10-26,24.13,24.27,24.12,24.21,532456
2016-10-27,24.25,24.34,24.19,24.25,215452
2016-10-28,24.18,24.27,24.1,24.13,252059
2016-10-31,24.16,24.24,24.12,24.19,191894
2016-11-01,24.12,24.12,23.7,23.82,282345
2016-11-02,23.65,23.68,23.45,23.53,326436
2016-11-03,23.54,23.56,23.35,23.37,990905
2016-11-04,23.29,23.31,23.13,23.13,217413
2016-11-07,23.65,23.72,23.61,23.72,163022
2016-11-08,23.64,23.9,23.61,23.86,162974
2016-11-09,23.65,24.14,23.65,24.1,406938
2016-11-10,24.1,24.22,23.87,24.06,429920
2016-11-11,24.06,24.11,24.01,24.09,172350
2016-11-14,24.08,24.2,24.03,24.11,415481
2016-11-15,24.1,24.24,24.08,24.24,862974
2016-11-16,23.96,24.11,23.96,24.04,1042372
2016-11-17,23.96,24.21,23.8,24.2,651488
2016-11-18,24.16,24.16,24.03,24.05,129674
2016-11-21,24.1,24.18,24.06,24.16,309236
2016-11-22,24.23,24.26,24.14,24.22,115833
2016-11-23,24.01,24.13,23.95,24.1,470728
2016-11-25,24.12,24.19,24.12,24.18,120731
2016-11-28,24.02,24.04,23.89,23.89,324178
2016-11-29,23.91,24.08,23.88,24.01,230531
2016-11-30,24.08,24.15,24.02,24.04,150809
2016-12-01,23.9,23.91,23.72,23.73,178757
2016-12-02,23.66,23.86,23.66,23.82,186830
2016-12-05,24.05,24.2,24.05,24.19,268061
2016-12-06,24.2,24.49,24.2,24.48,413967
2016-12-07,24.66,25.06,24.5,24.96,1255227
2016-12-08,25.14,25.29,25.12,25.22,413898
2016-12-09,25.31,25.4,25.27,25.37,1130935
2016-12-12,25.23,25.31,25.19,25.21,157667
2016-12-13,25.41,25.53,25.41,25.46,671153
2016-12-14,25.44,25.56,25.35,25.37,1742481
2016-12-15,25.43,25.67,25.43,25.61,403333
2016-12-16,25.66,25.75,25.64,25.68,475080
2016-12-19,25.71,25.77,25.7,25.7,167726
2016-12-20,25.8,25.86,25.8,25.83,533591
2016-12-21,25.84,25.89,25.84,25.87,255587
2016-12-22,25.86,25.87,25.82,25.85,123015
2016-12-23,25.81,25.86,25.81,25.86,131354
2016-12-27,25.87,25.92,25.87,25.89,133366
2016-12-28,25.9,25.9,25.79,25.81,94738
2016-12-29,25.83,25.85,25.79,25.8,140806
2016-12-30,25.88,25.92,25.82,25.84,127078
2017-01-03,26.15,26.25,26.1,26.16,200299
2017-01-04,26.1,26.16,26.05,26.15,331456
2017-01-05,26.12,26.19,26.09,26.13,148444
2017-01-06,26.15,26.23,26.1,26.2,277099
2017-01-09,26.05,26.13,26.05,26.1,146142
2017-01-10,26.12,26.19,26.11,26.11,151960
2017-01-11,26.22,26.41,26.22,26.33,408269
2017-01-12,26.15,26.19,25.99,26.16,186966
2017-01-13,26.23,26.29,26.2,26.24,83288
2017-01-17,26.11,26.16,26.04,26.13,102510
2017-01-18,26.16,26.29,26.14,26.28,200253
2017-01-19,26.29,26.32,26.15,26.17,685636
2017-01-20,26.24,26.3,26.23,26.28,113931
2017-01-23,26.23,26.23,26.06,26.18,144439
2017-01-24,26.21,26.35,26.18,26.32,307856
2017-01-25,26.67,26.76,26.67,26.75,162420
2017-01-26,26.78,26.81,26.74,26.77,245072
2017-01-27,26.73,26.76,26.71,26.73,210618
2017-01-30,26.55,26.55,26.4,26.5,165960
2017-01-31,26.42,26.44,26.13,26.24,182166
2017-02-01,26.49,26.52,26.34,26.39,716332
2017-02-02,26.28,26.39,26.28,26.39,149413
2017-02-03,26.42,26.42,26.33,26.39,270085
2017-02-06,26.12,26.16,25.99,26.05,343651
2017-02-07,26.23,26.26,26.1,26.18,972356
2017-02-08,26.08,26.19,26.03,26.18,200852
2017-02-09,26.24,26.4,26.24,26.35,964765
2017-02-10,26.42,26.48,26.38,26.43,88057
2017-02-13,26.71,26.75,26.66,26.67,137885
2017-02-14,26.66,26.74,26.63,26.73,267821
2017-02-15,26.59,26.74,26.59,26.71,600101
2017-02-16,26.63,26.69,26.58,26.68,269057
2017-02-17,26.53,26.74,26.53,26.73,118986
2017-02-21,26.94,27.16,26.94,27.13,367699
2017-02-22,27.09,27.19,27.09,27.15,127750
2017-02-23,27.15,27.15,27.0,27.05,127438
2017-02-24,26.61,26.81,26.61,26.79,225543
2017-02-27,26.67,26.84,26.67,26.82,107131
2017-02-28,26.76,26.82,26.75,26.76,134268
2017-03-01,27.19,27.34,27.16,27.28,276786
2017-03-02,27.29,27.29,27.22,27.22,182275
2017-03-03,27.18,27.24,27.12,27.17,187586
2017-03-06,27.06,27.12,26.97,27.11,314384
2017-03-07,27.03,27.08,26.99,27.03,224855
2017-03-08,27.08,27.13,26.97,26.97,465534
2017-03-09,27.04,27.15,26.99,27.08,1208093
2017-03-10,27.12,27.14,26.98,27.04,332915
2017-03-13,27.08,27.18,27.08,27.18,177687
2017-03-14,27.11,27.14,27.06,27.12,209873
2017-03-15,27.1,27.27,27.1,27.21,254697
2017-03-16,27.28,27.34,27.24,27.29,433459
2017-03-17,27.33,27.37,27.28,27.28,112657
2017-03-20,27.29,27.31,27.21,27.23,132834
2017-03-21,27.35,27.37,26.89,26.91,457208
2017-03-22,26.87,27.0,26.85,26.96,186098
2017-03-23,26.96,27.21,26.93,27.16,429117
2017-03-24,27.2,27.35,27.19,27.3,359884
2017-03-27,26.95,27.19,26.94,27.17,354703
2017-03-28,27.25,27.52,27.25,27.51,214931
2017-03-29,27.6,27.6,27.54,27.55,126101
2017-03-30,27.55,27.68,27.55,27.68,131617
2017-03-31,27.67,27.88,27.67,27.83,160253
2017-04-03,27.88,27.88,27.6,27.74,268207
2017-04-04,27.69,27.82,27.69,27.82,460530
2017-04-05,27.71,27.8,27.56,27.58,8945236
2017-04-06,27.65,27.72,27.6,27.67,152852
2017-04-07,27.58,27.74,27.57,27.7,148515
2017-04-10,27.64,27.67,27.57,27.62,260218
2017-04-11,27.61,27.65,27.31,27.59,941052
2017-04-12,27.55,27.57,27.48,27.5,739073
2017-04-13,27.44,27.5,27.36,27.39,513286
2017-04-17,27.39,27.47,27.39,27.46,319227
2017-04-18,27.22,27.31,27.11,27.19,196821
2017-04-19,27.24,27.28,27.14,27.15,128741
2017-04-20,27.22,27.36,27.22,27.3,203057
2017-04-21,27.34,27.38,27.29,27.36,514961
2017-04-24,28.08,28.25,28.07,28.21,125290
2017-04-25,28.23,28.28,28.2,28.28,410212
2017-04-26,28.24,28.27,28.15,28.17,235658
2017-04-27,28.23,28.26,28.16,28.19,208209
2017-04-28,28.17,28.22,28.15,28.16,69855
2017-05-01,28.25,28.36,28.18,28.33,120347
2017-05-02,28.23,28.38,28.23,28.37,689376
2017-05-03,28.33,28.41,28.32,28.4,2080089
2017-05-04,28.6,28.67,28.57,28.66,263095
2017-05-05,28.66,29.07,28.66,29.04,216850
2017-05-08,28.75,28.8,28.73,28.76,482437
2017-05-09,28.92,28.92,28.81,28.86,826164
2017-05-10,28.88,28.91,28.82,28.88,133102
2017-05-11,28.81,28.82,28.63,28.81,443250
2017-05-12,28.77,28.92,28.77,28.92,120950
2017-05-15,28.82,28.98,28.8,28.98,202286
2017-05-16,29.02,29.04,28.91,28.98,218204
2017-05-17,28.71,28.76,28.36,28.37,417462
2017-05-18,28.36,28.55,28.33,28.5,337023
2017-05-19,28.56,28.66,28.55,28.61,206090
2017-05-22,28.55,28.62,28.55,28.57,252544
2017-05-23,28.68,28.69,28.58,28.68,282376
2017-05-24,28.59,28.63,28.57,28.61,282345
2017-05-25,28.57,28.66,28.52,28.58,428357
2017-05-26,28.48,28.54,28.48,28.54,234357
2017-05-30,28.58,28.62,28.51,28.52,119037
2017-05-31,28.74,28.77,28.56,28.6,217797
2017-06-01,28.69,28.78,28.66,28.78,326880
2017-06-02,29.07,29.15,28.98,29.09,453199
2017-06-05,29.04,29.04,28.92,29.02,215266
2017-06-06,28.76,28.83,28.69,28.72,169280
2017-06-07,28.83,28.84,28.64,28.76,120741
2017-06-08,28.76,28.84,28.74,28.82,193123
2017-06-09,28.96,29.03,28.85,28.93,642407
2017-06-12,28.75,28.81,28.71,28.79,335232
2017-06-13,28.94,29.0,28.89,28.99,164602
2017-06-14,29.17,29.17,28.97,29.04,222733
2017-06-15,28.61,28.75,28.57,28.75,466305
2017-06-16,28.82,28.9,28.8,28.89,344100
2017-06-19,29.2,29.25,29.16,29.24,337959
2017-06-20,29.2,29.21,28.96,29.03,450744
2017-06-21,28.96,29.0,28.88,28.91,100599
2017-06-22,28.96,29.0,28.88,28.94,266379
2017-06-23,28.77,28.86,28.71,28.82,200269
2017-06-26,29.01,29.03,28.87,28.91,265427
2017-06-27,28.69,28.75,28.49,28.5,493019
2017-06-28,28.61,28.68,28.53,28.66,251546
2017-06-29,28.42,28.42,27.93,28.03,709605
2017-06-30,28.07,28.09,27.86,27.99,310677
2017-07-03,28.13,28.23,28.13,28.19,100133
2017-07-05,28.16,28.26,28.13,28.23,620006
2017-07-06,27.38,27.49,27.33,27.37,445954
2017-07-07,27.37,27.54,27.37,27.52,242967
2017-07-10,27.56,27.64,27.54,27.6,56331
2017-07-11,27.63,27.68,27.53,27.67,122384
2017-07-12,27.93,28.04,27.93,28.01,290449
2017-07-13,28.01,28.07,27.97,28.05,431628
2017-07-14,27.94,28.09,27.91,28.06,140308
2017-07-17,27.96,27.96,27.89,27.92,90128
2017-07-18,27.53,27.63,27.5,27.62,256203
2017-07-19,27.61,27.74,27.61,27.73,172943
2017-07-20,27.81,27.82,27.52,27.64,150555
2017-07-21,27.25,27.26,27.08,27.23,219849
2017-07-24,27.11,27.22,27.06,27.2,518686
2017-07-25,27.29,27.29,27.21,27.25,86618
2017-07-26,27.32,27.37,27.22,27.24,306757
2017-07-27,27.21,27.21,27.03,27.11,275149
2017-07-28,27.01,27.08,26.95,27.05,228452
2017-07-31,,,26.85,26.87,120957
2017-08-01,27.19,27.33,27.16,27.21,691991
