Date,Open,High,Low,Close,Volume
2014-06-12,100.08,100.17,100.08,100.17,12147
2014-06-13,100.05,100.05,100.05,100.05,6000
2014-06-16,100.17,100.17,100.09,100.13,2198
2014-06-17,100.05,100.05,100.05,100.05,500
2014-06-18,100.04,100.12,100.02,100.12,16963
2014-06-19,100.15,100.17,100.01,100.01,4260
2014-06-20,100.19,100.19,100.13,100.13,479
2014-06-23,100.33,100.33,100.12,100.12,437
2014-06-24,100.16,100.24,100.16,100.24,2900
2014-06-25,100.35,100.35,100.34,100.35,2376
2014-06-26,100.41,100.42,100.41,100.42,1892
2014-06-27,100.47,100.47,100.47,100.47,2016
2014-06-30,100.52,100.52,100.52,100.52,2000
2014-07-02,100.29,100.29,100.29,100.29,532
2014-07-03,99.95,100.0,99.95,100.0,448
2014-07-07,,,,100.0,0
2014-07-09,100.35,100.42,100.35,100.42,8000
2014-07-10,100.5,100.52,100.45,100.45,6010
2014-07-11,100.61,100.61,100.56,100.56,650
2014-07-14,100.51,100.51,100.39,100.4,4210
2014-07-15,100.4,100.45,100.38,100.38,11600
2014-07-16,100.4,100.4,100.4,100.4,1030
2014-07-17,100.56,100.63,100.5,100.63,15311
2014-07-18,100.81,100.81,100.5,100.5,1100
2014-07-21,100.55,100.55,100.55,100.55,3000
2014-07-22,100.59,100.59,100.59,100.59,713
2014-07-23,100.68,100.7,100.68,100.7,1190
2014-07-25,100.63,100.63,100.63,100.63,357
2014-07-29,100.61,100.61,100.56,100.56,482
2014-07-30,100.45,100.45,100.45,100.45,300
2014-07-31,100.1,100.16,100.1,100.16,569
2014-08-01,99.88,100.12,99.88,100.08,1674
2014-08-06,100.22,100.22,100.22,100.22,1015
2014-08-07,100.43,100.43,100.43,100.43,671
2014-08-08,100.48,100.54,100.48,100.54,2298
2014-08-11,,,,100.54,0
2014-08-13,100.46,100.46,100.46,100.46,174
2014-08-14,,,,100.46,0
2014-08-15,101.01,101.01,101.01,101.01,100
2014-08-18,,,,101.01,0
2014-08-20,100.71,100.71,100.62,100.62,1430
2014-08-21,,,,100.62,0
2014-08-22,100.72,100.76,100.65,100.76,2352
2014-08-26,100.89,100.89,100.89,100.89,1074
2014-08-27,101.01,101.01,101.01,101.01,108
2014-08-28,,,,101.01,0
2014-09-02,100.77,100.77,100.52,100.52,4492
2014-09-04,100.82,100.82,100.77,100.77,524
2014-09-05,,,,100.77,0
2014-09-08,100.65,100.65,100.59,100.59,521
2014-09-09,100.57,100.62,100.39,100.49,1211
2014-09-11,100.34,100.34,100.34,100.34,155
2014-09-15,100.15,100.15,100.15,100.15,500
2014-09-17,100.09,100.09,100.09,100.09,1300
2014-09-18,100.0,100.0,100.0,100.0,1500
2014-09-19,100.11,100.22,100.11,100.22,308
2014-09-22,100.32,100.32,100.32,100.32,140
2014-09-23,100.34,100.34,100.34,100.34,1070
2014-09-25,100.41,100.41,100.41,100.41,208
2014-09-26,100.26,100.3,100.26,100.3,250
2014-09-29,100.39,102.3,100.32,100.39,38537
2014-09-30,100.38,100.38,100.18,100.18,14330
2014-10-01,100.5,100.63,100.5,100.63,314
2014-10-06,,,,100.63,0
2014-10-07,100.96,100.96,100.94,100.94,436
2014-10-08,100.98,100.98,100.98,100.98,575
2014-10-09,,,,100.98,0
2014-10-13,101.29,101.29,101.27,101.27,2027
2014-10-14,103.0,103.0,101.34,101.34,1574
2014-10-15,,,,101.34,0
2014-10-16,,,,101.34,0
2014-10-17,101.4,101.4,101.4,101.4,394
2014-10-20,101.4,101.59,101.4,101.59,1039
2014-10-21,101.58,101.58,101.4,101.4,441
2014-10-22,101.5,101.5,101.5,101.5,394
2014-10-23,101.38,101.38,101.26,101.34,2137
2014-10-24,101.36,101.38,101.2,101.2,588
2014-10-27,101.43,101.43,101.28,101.29,4027
2014-10-29,101.26,101.26,101.24,101.24,1251
2014-10-30,101.27,101.27,101.27,101.27,440
2014-10-31,101.24,101.26,101.09,101.21,2598
2014-11-03,100.87,100.99,100.82,100.99,1167
2014-11-04,101.05,101.05,100.82,101.01,1001
2014-11-05,100.8,100.8,100.77,100.79,1236
2014-11-06,100.87,100.9,100.84,100.84,508
2014-11-07,100.93,100.93,100.93,100.93,194
2014-11-10,100.86,100.86,100.86,100.86,207
2014-11-11,,,,100.86,0
2014-11-12,100.88,100.88,100.85,100.85,515
2014-11-13,,,,100.85,0
2014-11-14,100.91,100.99,100.91,100.99,1029
2014-11-17,100.71,100.71,100.71,100.71,315
2014-11-18,100.81,100.81,100.81,100.81,155
2014-11-19,100.72,100.72,100.7,100.7,700
2014-11-24,101.01,101.17,101.01,101.15,1047
2014-11-25,101.24,101.24,101.24,101.24,160
2014-11-26,101.5,101.5,101.49,101.49,200
2014-12-02,100.64,100.64,100.64,100.64,153
2014-12-03,100.66,100.66,100.61,100.61,368
2014-12-04,100.72,100.74,100.67,100.74,900
2014-12-05,100.52,100.56,100.47,100.52,3958
2014-12-08,100.51,100.67,100.5,100.67,1445
2014-12-09,100.81,101.87,100.59,100.59,6744
2014-12-10,100.68,100.68,100.68,100.68,210
2014-12-11,100.74,100.74,100.74,100.74,198
2014-12-12,100.66,100.9,100.66,100.9,3841
2014-12-15,100.71,100.71,100.56,100.56,1455
2014-12-16,100.65,100.68,100.65,100.68,459
2014-12-17,100.75,100.79,100.6,100.68,1374
2014-12-18,100.57,100.57,100.54,100.54,400
2014-12-19,,,,100.54,0
2014-12-22,,,,100.54,0
2014-12-23,,,,100.54,0
2014-12-24,100.3,100.3,100.28,100.28,755
2014-12-26,100.46,100.46,100.46,100.46,278
2014-12-31,100.78,100.83,100.67,100.67,1413
2015-01-02,101.08,101.08,100.98,101.04,854
2015-01-05,101.04,101.15,100.99,101.15,2050
2015-01-06,101.24,101.27,101.24,101.27,791
2015-01-07,,,,101.27,0
2015-01-08,101.32,101.36,101.32,101.36,787
2015-01-09,101.59,101.59,101.55,101.55,437
2015-01-12,,,,101.55,0
2015-01-13,101.71,101.71,101.71,101.71,3261
2015-01-14,101.95,102.05,101.84,101.84,2180
2015-01-15,101.99,101.99,101.99,101.99,407
2015-01-16,101.97,102.07,101.95,101.95,1071
2015-01-20,,,,101.95,0
2015-01-21,102.12,102.12,102.06,102.06,734
2015-01-22,102.07,102.07,101.85,101.87,730
2015-01-26,102.07,102.23,102.07,102.21,1045
2015-01-27,102.36,102.36,102.2,102.2,933
2015-01-28,102.29,102.29,102.29,102.29,286
2015-01-29,102.35,102.41,102.2,102.41,877
2015-01-30,102.78,102.87,102.78,102.87,3430456
2015-02-02,102.41,102.5,101.69,102.2,104665
2015-02-03,101.81,102.5,101.77,101.89,39238
2015-02-04,101.89,102.72,101.77,101.97,214696
2015-02-05,101.9,102.06,101.75,101.84,168084
2015-02-06,101.3,101.81,101.3,101.52,19426
2015-02-09,101.64,101.64,101.29,101.42,4865
2015-02-10,101.33,101.4,101.13,101.26,143165
2015-02-11,101.18,101.4,101.09,101.17,319806
2015-02-12,101.33,101.46,101.2,101.35,288727
2015-02-13,101.26,101.36,101.11,101.13,169959
2015-02-17,101.05,101.1,100.84,100.97,57070
2015-02-18,100.9,101.27,100.9,101.18,16768
2015-02-19,101.2,101.88,101.02,101.41,16384
2015-02-20,101.7,101.7,101.31,101.42,6362
2015-02-23,101.58,101.71,101.46,101.48,20863
2015-02-24,101.61,102.04,101.55,101.82,9254
2015-02-25,102.0,102.13,101.84,102.03,2515
2015-02-26,102.08,103.93,101.62,101.81,12016
2015-02-27,101.85,103.82,101.75,102.01,5317
2015-03-02,103.97,103.97,101.39,101.71,43817
2015-03-03,103.0,103.0,101.56,101.61,34781
2015-03-04,101.89,101.89,101.38,101.64,48129
2015-03-05,101.64,101.99,101.34,101.65,41166
2015-03-06,102.19,103.0,100.85,100.87,9338
2015-03-09,101.91,101.91,101.02,101.04,29257
2015-03-10,101.45,101.45,101.13,101.39,18291
2015-03-11,101.49,101.82,101.32,101.61,53551
2015-03-12,101.55,101.78,100.85,101.49,47531
2015-03-13,101.6,101.67,101.31,101.46,54942
2015-03-16,101.67,101.69,101.41,101.41,1797
2015-03-17,101.7,101.7,101.39,101.44,21124
2015-03-18,101.77,102.42,101.58,102.35,48321
2015-03-19,102.28,103.66,101.91,102.2,73391
2015-03-20,102.2,102.8,102.1,102.53,30588
2015-03-23,102.56,102.77,102.28,102.51,23525
2015-03-24,102.6,102.82,102.33,102.82,6632
2015-03-25,102.5,102.83,102.5,102.64,33999
2015-03-26,102.38,102.54,102.16,102.3,28756
2015-03-27,102.44,102.6,102.44,102.6,3181
2015-03-30,102.62,104.75,102.38,102.56,11620
2015-03-31,102.39,102.88,102.29,102.75,81810
2015-04-01,102.39,102.75,102.25,102.54,47765
2015-04-02,102.41,102.47,102.18,102.3,102780
2015-04-06,102.4,102.6,102.36,102.45,39628
2015-04-07,102.45,102.68,102.31,102.53,16952
2015-04-08,102.44,102.61,102.41,102.59,94718
2015-04-09,102.48,102.54,102.21,102.39,263533
2015-04-10,102.56,102.56,102.34,102.47,14136
2015-04-13,102.46,102.71,102.39,102.63,27218
2015-04-14,102.87,103.06,102.71,102.72,20700
2015-04-15,102.8,103.05,102.7,102.8,12081
2015-04-16,102.8,102.8,102.65,102.76,1262
2015-04-17,102.67,102.86,102.43,102.49,44489
2015-04-20,102.58,102.76,102.56,102.67,17333
2015-04-21,102.67,102.93,102.49,102.6,9400
2015-04-22,102.46,102.58,102.35,102.35,6503
2015-04-23,102.4,102.66,102.29,102.41,2484
2015-04-24,102.45,102.87,102.38,102.87,18754
2015-04-27,102.67,102.92,102.59,102.67,2203
2015-04-28,102.54,102.62,102.32,102.32,3921
2015-04-29,102.15,102.3,101.76,102.07,11352
2015-04-30,101.86,102.14,101.86,102.09,7918
2015-05-01,101.6,101.63,101.58,101.63,1515
2015-05-04,101.49,101.66,101.49,101.53,5032
2015-05-05,101.38,101.42,101.23,101.36,3637
2015-05-06,101.32,101.33,101.0,101.1,7091
2015-05-07,101.21,101.35,101.1,101.33,14117
2015-05-08,101.62,101.84,101.6,101.72,2395
2015-05-11,101.45,101.45,101.18,101.19,6531
2015-05-12,101.07,101.21,101.07,101.15,2210
2015-05-13,101.25,101.29,101.02,101.06,8313
2015-05-14,101.09,101.29,100.97,101.29,3757
2015-05-15,101.32,101.66,101.32,101.63,3136
2015-05-18,101.45,101.52,101.09,101.09,14749
2015-05-19,100.97,101.17,100.95,100.96,5237
2015-05-20,101.0,101.11,100.84,100.84,6322
2015-05-21,101.23,101.37,101.23,101.36,4731
2015-05-22,101.3,101.51,101.24,101.26,6065
2015-05-26,101.28,101.62,101.28,101.55,12683
2015-05-27,101.42,101.6,101.42,101.6,5969
2015-05-28,101.5,101.78,101.49,101.53,4881
2015-05-29,101.63,101.78,101.47,101.77,4827
2015-06-01,101.53,101.53,101.25,101.29,1300
2015-06-02,101.14,101.14,100.95,100.95,3003
2015-06-03,100.75,100.78,100.75,100.78,689
2015-06-04,100.73,100.76,100.66,100.7,3753
2015-06-05,100.64,100.64,100.27,100.5,9270
2015-06-08,100.23,100.59,100.23,100.52,1735
2015-06-09,100.4,100.4,100.03,100.28,7042
2015-06-10,100.02,100.02,99.86,99.86,1288
2015-06-11,99.87,100.5,99.87,100.5,1889
2015-06-12,100.41,100.55,100.35,100.37,1387
2015-06-15,100.63,100.63,100.08,100.08,3781
2015-06-16,100.45,100.5,100.26,100.26,1609
2015-06-17,100.39,100.76,100.01,100.31,1688
2015-06-18,100.5,100.79,100.21,100.6,4442
2015-06-19,100.97,100.97,100.66,100.97,6474
2015-06-22,100.66,100.73,100.45,100.45,3253
2015-06-23,100.43,100.43,100.02,100.08,15733
2015-06-24,100.28,100.28,100.11,100.28,3521
2015-06-25,100.16,100.23,100.1,100.18,11195
2015-06-26,100.02,100.02,100.01,100.02,2654
2015-06-29,99.82,100.66,99.82,100.39,5219
2015-06-30,100.53,100.53,100.38,100.52,967
2015-07-01,99.95,100.77,99.83,99.87,54335
2015-07-02,100.46,100.5,99.66,99.72,37159
2015-07-06,99.88,100.47,99.55,100.01,6701
2015-07-07,100.47,100.75,100.47,100.7,2261
2015-07-08,100.63,100.95,100.63,100.91,1132
2015-07-09,100.47,100.51,100.45,100.5,4212
2015-07-10,100.0,100.38,100.0,100.11,4478
2015-07-13,99.75,100.17,99.75,100.06,3874
2015-07-14,100.13,100.27,100.11,100.27,13718
2015-07-15,100.33,100.47,100.27,100.47,3285
2015-07-16,100.17,100.46,100.1,100.11,10729
2015-07-17,100.14,100.14,99.86,100.06,2216
2015-07-20,100.06,100.39,100.06,100.39,786
2015-07-21,100.04,100.47,99.99,100.47,2669
2015-07-22,100.57,100.57,100.07,100.46,2594
2015-07-23,100.45,100.66,100.45,100.66,1704
2015-07-24,100.65,100.65,100.32,100.65,2462
2015-07-27,100.79,100.8,100.79,100.79,822
2015-07-28,100.64,100.69,100.51,100.51,1526
2015-07-29,100.51,100.61,99.93,100.61,12970
2015-07-30,100.58,100.59,100.33,100.46,1655
2015-07-31,,,,100.46,0
2015-08-03,100.82,100.82,100.8,100.82,889
2015-08-04,100.63,100.63,100.41,100.63,4383
2015-08-05,100.0,100.55,100.0,100.39,2640
2015-08-06,100.66,100.67,100.35,100.52,6400
2015-08-07,100.35,100.4,99.81,100.16,3358
2015-08-10,99.94,100.09,99.94,100.09,3900
2015-08-11,100.4,100.55,100.25,100.55,1154
2015-08-12,100.77,100.77,100.39,100.39,3084
2015-08-13,100.3,100.8,100.17,100.72,37595
2015-08-14,100.17,100.6,100.1,100.4,3039
2015-08-17,100.54,100.78,100.5,100.53,6264
2015-08-18,100.41,100.7,100.41,100.53,8307
2015-08-19,100.55,100.84,100.17,100.83,4271
2015-08-20,100.76,101.0,100.76,101.0,21972
2015-08-21,100.85,101.08,100.42,100.48,17395
2015-08-24,100.56,101.2,100.56,100.13,14396
2015-08-25,100.68,100.68,100.11,100.31,1426
2015-08-26,100.27,100.87,100.1,100.41,27431
2015-08-27,100.53,101.64,100.28,100.48,7779
2015-08-28,100.68,100.68,100.35,100.49,7295
2015-08-31,100.64,100.64,100.27,100.39,2535
2015-09-01,100.17,100.4,99.99,100.11,3986
2015-09-02,100.16,100.29,100.11,100.28,2623
2015-09-03,100.4,100.59,100.32,100.4,11354
2015-09-04,100.48,100.73,100.48,100.73,877
2015-09-08,100.43,100.6,100.32,100.35,9577
2015-09-09,100.15,100.66,100.15,100.5,10435
2015-09-10,100.33,100.34,100.23,100.28,5825
2015-09-11,100.47,100.57,100.33,100.4,4000
2015-09-14,100.35,100.54,100.35,100.5,4309
2015-09-15,100.37,100.37,100.02,100.06,5773
2015-09-16,99.99,100.3,99.98,100.0,6350
2015-09-17,100.1,100.76,100.04,100.76,6959
2015-09-18,100.74,100.92,100.55,100.9,5201
2015-09-21,100.6,100.6,100.42,100.54,3029
2015-09-22,100.53,100.57,100.19,100.23,9398
2015-09-23,100.44,100.47,100.44,100.44,1044
2015-09-24,100.66,100.66,100.13,100.52,13443
2015-09-25,100.21,100.25,100.15,100.16,2398
2015-09-28,100.3,100.41,99.95,100.06,3719
2015-09-29,100.35,100.7,100.04,100.7,2203
2015-09-30,100.06,100.24,100.06,100.24,1363
2015-10-01,100.44,100.44,100.01,100.31,11043
2015-10-02,100.45,100.73,100.45,100.65,4850
2015-10-05,100.43,100.72,100.38,100.42,9577
2015-10-06,102.63,102.73,100.11,100.48,6209
2015-10-07,100.36,100.58,100.36,100.52,3459
2015-10-08,100.59,100.6,100.59,100.59,1008
2015-10-09,100.48,100.71,100.47,100.47,1596
2015-10-12,100.67,100.79,100.59,100.76,2804
2015-10-13,100.72,100.72,100.61,100.69,2125
2015-10-14,100.91,101.29,100.87,100.93,8070
2015-10-15,100.92,100.95,100.67,100.87,3030
2015-10-16,100.96,100.97,100.77,100.77,1889
2015-10-19,100.91,101.29,100.7,100.87,2892
2015-10-20,100.53,100.76,100.5,100.75,2395
2015-10-21,100.88,100.96,100.71,100.96,3301
2015-10-22,100.96,101.01,100.85,100.86,16136
2015-10-23,100.92,101.35,100.77,100.89,5502
2015-10-26,100.8,100.99,100.8,100.94,1085
2015-10-27,101.09,101.33,101.05,101.06,5862
2015-10-28,101.02,101.02,100.72,100.85,3056
2015-10-29,100.52,100.57,100.32,100.45,6773
2015-10-30,100.51,101.29,100.0,100.4,23281
2015-11-02,100.42,100.86,100.19,100.4,3443
2015-11-03,100.36,100.37,100.21,100.29,4802
2015-11-04,100.32,100.8,100.18,100.23,9115
2015-11-05,100.25,100.7,100.07,100.19,6150
2015-11-06,99.79,100.02,99.61,99.75,5179
2015-11-09,99.54,100.11,99.4,99.55,9591
2015-11-10,99.67,99.78,99.67,99.67,2385
2015-11-11,99.76,99.76,99.7,99.74,8090
2015-11-12,99.75,100.46,99.7,99.98,9880
2015-11-13,100.04,100.93,99.92,100.07,4821
2015-11-16,100.13,100.18,100.04,100.1,5750
2015-11-17,99.94,100.16,99.88,100.06,7184
2015-11-18,100.14,100.14,99.98,100.04,9120
2015-11-19,100.19,100.19,100.04,100.05,66886
2015-11-20,100.17,100.2,100.01,100.04,6563
2015-11-23,100.01,100.12,99.85,99.99,8455
2015-11-24,100.08,100.27,99.97,100.27,26416
2015-11-25,100.12,100.19,100.1,100.14,19366
2015-11-27,100.24,100.35,100.16,100.19,9728
2015-11-30,100.17,100.57,100.04,100.2,12725
2015-12-01,99.91,100.89,99.91,100.35,17775
2015-12-02,100.34,100.45,100.33,100.44,8157
2015-12-03,100.07,100.08,99.69,99.77,7176
2015-12-04,99.87,99.96,99.57,99.87,16736
2015-12-07,99.98,100.8,99.98,100.1,64065
2015-12-08,100.18,100.24,100.01,100.05,16238
2015-12-09,99.94,100.05,99.93,100.05,5605
2015-12-10,100.15,100.15,99.71,100.1,24911
2015-12-11,100.17,100.21,99.99,100.12,9322
2015-12-14,99.84,100.1,99.54,99.82,11237
2015-12-15,99.51,99.66,99.01,99.51,18761
2015-12-16,99.59,99.72,99.32,99.58,21233
2015-12-17,99.75,99.76,99.57,99.68,4000
2015-12-18,99.9,100.05,99.63,100.05,5073
2015-12-21,99.83,99.94,99.48,99.57,12883
2015-12-22,99.5,99.68,99.25,99.3,13479
2015-12-23,99.23,99.42,99.18,99.28,4887
2015-12-24,99.5,99.67,99.45,99.52,13312
2015-12-28,99.54,99.77,99.35,99.54,17941
2015-12-29,99.54,99.62,99.3,99.33,10227
2015-12-30,99.26,99.51,98.98,99.4,9889
2015-12-31,99.46,99.55,99.15,99.18,7318
2016-01-04,99.59,99.84,99.32,99.34,39907
2016-01-05,99.2,99.56,99.18,99.19,18627
2016-01-06,99.61,99.76,99.46,99.68,3621
2016-01-07,99.51,99.65,99.44,99.58,3135
2016-01-08,99.65,99.88,99.64,99.75,9899
2016-01-11,99.88,99.88,98.91,99.33,8284
2016-01-12,99.62,99.86,99.4,99.58,4001
2016-01-13,99.66,99.78,99.58,99.72,6253
2016-01-14,99.71,99.72,99.33,99.56,5184
2016-01-15,99.74,99.75,98.0,99.55,17384
2016-01-19,99.33,99.59,99.09,99.4,3812
2016-01-20,99.48,100.05,99.06,99.41,7508
2016-01-21,99.2,99.4,98.89,99.0,3054
2016-01-22,99.27,99.56,98.97,99.23,9934
2016-01-25,99.68,99.68,99.04,99.04,12649
2016-01-26,99.58,99.85,99.44,99.73,1219
2016-01-27,99.5,99.7,99.5,99.51,3069
2016-01-28,99.45,99.83,99.42,99.64,10238
2016-01-29,99.69,100.0,99.62,99.91,12382
2016-02-01,99.77,99.77,99.24,99.62,40571
2016-02-02,99.8,99.97,99.8,99.83,8171
2016-02-03,99.99,100.21,99.71,99.72,4144
2016-02-04,99.82,100.13,99.8,99.8,5619
2016-02-05,100.07,100.09,99.78,99.78,5943
2016-02-08,100.21,100.21,99.95,100.12,9066
2016-02-09,100.22,100.42,100.22,100.25,2757
2016-02-10,100.04,100.51,99.86,100.12,7837
2016-02-11,100.53,100.54,100.08,100.12,11118
2016-02-12,100.14,100.16,99.79,100.16,3496
2016-02-16,99.89,99.89,99.76,99.83,3825
2016-02-17,99.68,100.24,99.63,99.85,6199
2016-02-18,100.6,100.6,99.93,100.25,7421
2016-02-19,100.52,100.63,100.25,100.3,4631
2016-02-22,100.52,100.52,100.0,100.21,8914
2016-02-23,100.35,100.42,99.91,100.25,6650
2016-02-24,100.51,100.75,100.32,100.44,13010
2016-02-25,100.38,100.72,100.38,100.61,9948
2016-02-26,100.39,100.73,100.2,100.63,6457
2016-02-29,100.54,100.78,100.29,100.72,2502
2016-03-01,100.56,100.79,100.24,100.34,8812
2016-03-02,100.41,100.41,100.2,100.34,1815
2016-03-03,100.43,100.74,100.05,100.63,5221
2016-03-04,100.15,100.72,100.15,100.6,4652
2016-03-07,100.5,100.74,100.31,100.44,3836
2016-03-08,100.8,100.92,100.8,100.82,2820
2016-03-09,100.5,100.86,100.49,100.5,5868
2016-03-10,100.83,100.83,100.33,100.47,2980
2016-03-11,100.79,100.89,100.37,100.63,5678
2016-03-14,100.84,100.84,100.34,100.61,11998
2016-03-15,100.81,100.81,100.77,100.77,763
2016-03-16,100.69,101.03,100.42,101.03,4409
2016-03-17,101.39,101.39,100.7,101.31,5712
2016-03-18,101.35,101.39,101.26,101.26,1008
2016-03-21,101.07,101.38,101.07,101.27,1542
2016-03-22,101.46,101.46,101.05,101.2,8921
2016-03-23,101.27,101.4,101.07,101.07,7941
2016-03-24,101.38,101.38,101.22,101.22,5619
2016-03-28,101.19,101.43,101.07,101.37,9735
2016-03-29,101.3,101.71,101.3,101.63,3522
2016-03-30,101.68,101.75,101.61,101.74,12951
2016-03-31,101.89,101.92,101.82,101.86,4960
2016-04-01,101.74,101.76,101.41,101.47,22779
2016-04-04,101.65,101.75,101.61,101.72,3394
2016-04-05,101.65,102.13,101.65,101.9,2517
2016-04-06,101.83,102.01,101.74,101.9,16222
2016-04-07,101.77,102.29,101.77,102.06,2618
2016-04-08,102.02,102.27,101.9,101.97,4622
2016-04-11,101.94,102.09,101.89,102.09,1624
2016-04-12,101.92,102.16,101.76,101.88,7112
2016-04-13,101.93,102.22,101.92,102.12,5303
2016-04-14,102.0,102.06,101.99,102.0,16678
2016-04-15,102.1,102.23,102.04,102.1,4470
2016-04-18,102.16,102.2,101.9,102.08,6336
2016-04-19,102.12,102.29,101.99,102.22,13515
2016-04-20,102.21,102.31,101.88,102.08,17564
2016-04-21,101.92,102.09,101.72,102.08,13768
2016-04-22,101.99,102.16,101.65,102.04,13787
2016-04-25,101.96,102.04,101.66,101.94,24471
2016-04-26,101.9,101.98,101.81,101.83,3692
2016-04-27,101.93,102.21,101.91,102.21,11100
2016-04-28,102.14,102.31,101.98,102.11,14809
2016-04-29,102.39,102.4,102.13,102.28,16321
2016-05-02,102.32,102.32,101.88,102.04,32516
2016-05-03,102.33,102.36,102.12,102.21,8727
2016-05-04,102.32,102.37,101.92,102.28,9009
2016-05-05,102.29,102.55,102.16,102.37,7328
2016-05-06,102.41,102.5,102.39,102.41,3843
2016-05-09,102.38,102.56,102.17,102.37,11991
2016-05-10,102.36,102.56,102.22,102.37,15295
2016-05-11,102.4,102.86,102.3,102.55,36219
2016-05-12,102.55,102.63,102.4,102.52,24730
2016-05-13,102.6,102.71,102.32,102.5,20495
2016-05-16,102.61,102.68,102.34,102.34,18939
2016-05-17,102.49,102.55,102.29,102.4,28811
2016-05-18,102.18,102.44,101.9,102.08,11764
2016-05-19,101.82,102.05,101.82,101.95,40385
2016-05-20,101.82,102.28,101.19,102.03,11162
2016-05-23,102.02,102.05,101.8,101.9,8768
2016-05-24,102.02,102.02,101.82,101.86,9738
2016-05-25,101.98,102.03,101.87,101.98,38738
2016-05-26,102.03,102.37,101.96,102.14,20342
2016-05-27,102.16,102.28,101.83,102.1,4933
2016-05-31,102.23,102.25,102.15,102.15,4966
2016-06-01,102.13,102.13,101.88,101.88,21582
2016-06-02,102.22,102.35,102.03,102.15,47244
2016-06-03,102.59,102.79,102.51,102.79,12636
2016-06-06,102.6,102.65,102.4,102.58,6780
2016-06-07,102.79,102.92,102.62,102.77,29318
2016-06-08,102.78,102.88,102.68,102.86,4019
2016-06-09,102.89,103.07,102.89,102.99,5673
2016-06-10,103.03,103.24,102.9,103.02,5178
2016-06-13,103.08,103.19,102.92,102.92,8050
2016-06-14,103.11,103.11,102.76,102.76,8708
2016-06-15,103.09,103.4,103.02,103.16,2598
2016-06-16,103.21,103.4,103.09,103.2,7647
2016-06-17,103.05,103.08,102.92,103.01,3051
2016-06-20,102.9,102.96,102.89,102.92,7245
2016-06-21,102.92,102.92,102.76,102.81,15955
2016-06-22,102.79,102.97,102.77,102.97,4488
2016-06-23,102.92,102.92,102.72,102.72,4448
2016-06-24,103.21,103.46,103.09,103.38,10639
2016-06-27,103.46,105.9,103.45,103.58,21372
2016-06-28,103.7,103.78,103.64,103.69,14449
2016-06-29,103.86,103.94,103.71,103.71,9539
2016-06-30,103.83,104.02,103.83,104.02,7115
2016-07-01,103.93,104.08,103.86,103.95,14638
2016-07-05,103.96,104.37,103.96,104.24,5883
2016-07-06,104.05,104.39,104.05,104.38,8602
2016-07-07,104.27,104.42,104.23,104.38,10431
2016-07-08,104.42,104.59,104.35,104.58,6793
2016-07-11,104.56,104.62,104.35,104.5,10111
2016-07-12,104.3,104.33,103.98,104.2,10499
2016-07-13,104.38,104.39,104.18,104.39,4450
2016-07-14,103.96,104.12,103.96,104.1,2782
2016-07-15,104.01,104.05,103.79,103.79,1765
2016-07-18,104.05,104.05,103.64,103.95,5325
2016-07-19,104.02,104.09,103.82,104.08,19593
2016-07-20,103.99,104.03,103.83,104.03,5713
2016-07-21,103.89,104.23,103.65,104.23,11349
2016-07-22,104.12,104.28,103.95,104.21,12446
2016-07-25,52.11,52.17,52.07,52.11,39591
2016-07-26,52.12,52.13,52.03,52.1,37520
2016-07-27,52.11,52.27,52.01,52.23,74689
2016-07-28,52.16,52.27,52.15,52.26,6122
2016-07-29,52.24,52.4,52.16,52.4,37077
2016-08-01,52.15,52.2,52.01,52.14,15175
2016-08-02,51.99,52.08,51.95,52.02,15188
2016-08-03,51.99,52.05,51.94,52.03,11558
2016-08-04,52.06,52.17,51.98,52.13,29801
2016-08-05,52.12,52.12,51.91,51.92,40073
2016-08-08,51.9,52.02,51.9,51.97,40114
2016-08-09,52.0,52.18,51.94,52.16,37183
2016-08-10,52.19,52.29,52.12,52.12,65957
2016-08-11,51.92,52.26,51.92,52.12,23985
2016-08-12,52.24,52.29,52.1,52.19,73473
2016-08-15,52.24,52.27,52.07,52.17,39326
2016-08-16,52.17,52.21,52.13,52.18,39139
2016-08-17,52.15,52.24,52.04,52.15,31087
2016-08-18,52.16,52.31,52.15,52.27,59972
2016-08-19,52.24,52.25,52.15,52.19,37671
2016-08-22,52.21,52.33,52.19,52.29,16536
2016-08-23,52.24,52.34,52.22,52.32,31048
2016-08-24,52.29,52.34,52.22,52.26,27584
2016-08-25,52.27,52.31,52.22,52.26,20359
2016-08-26,52.26,52.37,52.14,52.14,19350
2016-08-29,52.19,52.31,52.15,52.31,14433
2016-08-30,52.32,52.33,52.18,52.28,24745
2016-08-31,52.25,53.76,52.1,52.26,81467
2016-09-01,51.96,52.19,51.96,52.13,22796
2016-09-02,52.09,52.15,52.0,52.07,23193
2016-09-06,52.14,52.2,52.02,52.16,35971
2016-09-07,52.2,52.33,52.2,52.29,29778
2016-09-08,52.18,52.25,51.99,52.0,35306
2016-09-09,51.89,51.89,51.73,51.74,29618
2016-09-12,51.7,51.85,51.7,51.8,25687
2016-09-13,51.83,51.85,51.55,51.7,15973
2016-09-14,51.7,51.77,51.7,51.73,38102
2016-09-15,51.72,51.76,51.64,51.73,13020
2016-09-16,51.75,51.76,51.69,51.72,8726
2016-09-19,51.74,51.79,51.74,51.76,23760
2016-09-20,51.78,51.82,51.66,51.79,16136
2016-09-21,51.8,51.86,51.69,51.86,64649
2016-09-22,51.94,52.38,51.88,52.01,29928
2016-09-23,52.02,52.04,51.93,52.02,9267
2016-09-26,52.03,52.09,52.02,52.07,13627
2016-09-27,52.06,52.14,52.05,52.11,165462
2016-09-28,52.14,52.14,52.1,52.13,6028
2016-09-29,52.08,52.21,52.07,52.1,41649
2016-09-30,52.07,52.15,52.01,52.09,32465
2016-10-03,51.97,51.98,51.91,51.93,15769
2016-10-04,51.89,51.9,51.78,51.8,11601
2016-10-05,51.8,51.8,51.66,51.75,14541
2016-10-06,51.71,51.77,51.65,51.7,23633
2016-10-07,51.72,51.76,51.6,51.74,62739
2016-10-10,51.67,51.96,51.62,51.7,14308
2016-10-11,51.67,51.72,51.64,51.67,25777
2016-10-12,51.6,51.68,51.58,51.66,22315
2016-10-13,51.71,51.77,51.66,51.75,14902
2016-10-14,51.74,51.76,51.69,51.69,37393
2016-10-17,51.7,51.76,51.68,51.74,35691
2016-10-18,51.74,51.83,51.7,51.78,24374
2016-10-19,51.82,51.86,51.75,51.84,47518
2016-10-20,51.86,51.93,51.81,51.82,26986
2016-10-21,51.86,51.89,51.84,51.88,26415
2016-10-24,51.83,51.88,51.81,51.84,57616
2016-10-25,51.8,51.88,51.77,51.83,20228
2016-10-26,51.71,51.79,51.7,51.75,30741
2016-10-27,51.64,51.67,51.53,51.6,23087
2016-10-28,51.58,51.6,51.55,51.59,19559
2016-10-31,51.62,51.64,51.58,51.63,466144
2016-11-01,51.43,51.49,51.36,51.44,15602
2016-11-02,51.51,51.55,51.44,51.51,19730
2016-11-03,51.4,51.54,51.4,51.48,29048
2016-11-04,51.44,51.57,51.44,51.53,38376
2016-11-07,51.53,51.55,51.47,51.52,15719
2016-11-08,51.53,51.54,51.39,51.46,32684
2016-11-09,51.17,51.28,50.98,50.98,53729
2016-11-10,50.84,50.96,50.7,50.74,60818
2016-11-11,50.76,50.76,50.6,50.61,24645
2016-11-14,50.49,50.63,50.37,50.38,20169
2016-11-15,50.47,50.59,50.47,50.58,29058
2016-11-16,50.49,50.62,50.49,50.62,99903
2016-11-17,50.5,50.59,50.4,50.5,48605
2016-11-18,50.48,50.48,50.29,50.3,23575
2016-11-21,50.38,50.4,50.25,50.3,95382
2016-11-22,50.43,50.47,50.3,50.39,48764
2016-11-23,50.18,50.34,50.09,50.3,52252
2016-11-25,50.32,50.34,50.21,50.27,7481
2016-11-28,50.28,50.42,50.28,50.4,28995
2016-11-29,50.38,50.47,50.3,50.47,38031
2016-11-30,50.27,50.42,50.17,50.31,37486
2016-12-01,50.01,50.09,49.91,50.0,24471
2016-12-02,50.12,50.24,50.08,50.08,47439
2016-12-05,50.12,50.28,50.06,50.18,55026
2016-12-06,50.2,50.24,50.12,50.19,71124
2016-12-07,50.28,50.37,50.21,50.36,34672
2016-12-08,50.33,50.34,50.14,50.27,57355
2016-12-09,50.14,50.28,50.02,50.06,30855
2016-12-12,50.1,50.14,50.04,50.11,36106
2016-12-13,50.15,50.15,50.02,50.06,49274
2016-12-14,50.16,50.28,49.98,49.98,89318
2016-12-15,49.93,49.95,49.82,49.85,55878
2016-12-16,49.81,49.94,49.81,49.85,40076
2016-12-19,49.92,50.02,49.83,50.02,154521
2016-12-20,49.83,50.0,49.83,49.85,210352
2016-12-21,50.01,50.08,49.91,49.96,146648
2016-12-22,49.96,49.98,49.87,49.97,464548
2016-12-23,49.95,50.02,49.93,49.93,41898
2016-12-27,49.92,49.94,49.86,49.94,116239
2016-12-28,49.98,50.09,49.96,50.01,61806
2016-12-29,50.11,50.23,50.08,50.17,134377
2016-12-30,50.19,50.28,50.13,50.27,36299
2017-01-03,50.15,50.27,50.08,50.22,114479
2017-01-04,50.29,50.29,50.08,50.25,60448
2017-01-05,50.38,50.47,50.2,50.35,181884
2017-01-06,50.32,50.37,50.16,50.27,65783
2017-01-09,50.44,50.44,50.29,50.31,37356
2017-01-10,50.43,50.45,50.28,50.3,61845
2017-01-11,50.46,50.5,50.3,50.42,9479
2017-01-12,50.45,50.6,50.38,50.45,66457
2017-01-13,50.42,50.42,50.2,50.32,27852
2017-01-17,50.46,50.57,50.35,50.42,92118
2017-01-18,50.42,50.42,50.18,50.18,59713
2017-01-19,50.21,50.21,50.05,50.18,48854
2017-01-20,50.15,50.21,50.0,50.19,57190
2017-01-23,50.22,50.38,50.13,50.26,102791
2017-01-24,50.29,50.32,50.15,50.26,40261
2017-01-25,50.13,50.2,50.06,50.06,37753
2017-01-26,50.06,50.14,50.06,50.13,26877
2017-01-27,50.19,50.21,50.1,50.2,46767
2017-01-30,50.2,50.23,50.1,50.1,47826
2017-01-31,50.18,50.28,50.18,50.23,77751
2017-02-01,50.04,50.13,49.95,50.01,73593
2017-02-02,50.21,50.23,50.05,50.11,40668
2017-02-03,50.24,50.29,50.03,50.07,34729
2017-02-06,50.28,50.32,50.17,50.29,24320
2017-02-07,50.29,50.38,50.18,50.37,51248
2017-02-08,50.41,50.48,50.35,50.48,28173
2017-02-09,50.41,50.41,50.25,50.32,48056
2017-02-10,50.28,50.38,50.25,50.32,383315
2017-02-13,50.36,50.36,50.28,50.29,71123
2017-02-14,50.36,50.36,50.14,50.25,62166
2017-02-15,50.18,50.24,50.09,50.2,76129
2017-02-16,50.24,50.33,50.19,50.3,24539
2017-02-17,50.42,50.42,50.28,50.3,81874
2017-02-21,50.34,50.4,50.29,50.29,25511
2017-02-22,50.4,50.46,50.29,50.4,77429
2017-02-23,50.4,50.51,50.4,50.42,62846
2017-02-24,50.62,50.69,50.55,50.66,36759
2017-02-27,50.65,50.66,50.53,50.56,78982
2017-02-28,50.6,50.64,50.53,50.55,30140
2017-03-01,50.26,50.27,50.21,50.24,29612
2017-03-02,50.21,50.23,50.12,50.18,44298
2017-03-03,50.25,50.25,50.14,50.2,52855
2017-03-06,50.23,50.23,50.14,50.22,593005
2017-03-07,50.19,50.19,50.08,50.11,49881
2017-03-08,49.98,50.03,49.91,49.98,48770
2017-03-09,49.92,49.93,49.82,49.86,45444
2017-03-10,49.89,49.94,49.85,49.9,30643
2017-03-13,49.84,49.91,49.82,49.83,32115
2017-03-14,49.84,49.94,49.82,49.84,1379461
2017-03-15,49.96,50.19,49.87,50.01,129867
2017-03-16,50.16,50.17,50.05,50.06,68541
2017-03-17,50.19,50.22,50.09,50.2,45427
2017-03-20,50.21,50.26,50.15,50.22,58820
2017-03-21,50.28,50.4,50.25,50.39,42396
2017-03-22,50.45,50.5,50.39,50.46,24982
2017-03-23,50.5,50.5,50.31,50.36,108324
2017-03-24,50.43,50.48,50.34,50.36,36469
2017-03-27,50.56,50.57,50.42,50.44,46749
2017-03-28,50.56,50.57,50.36,50.36,226450
2017-03-29,50.5,50.56,50.43,50.55,32946
2017-03-30,50.53,50.54,50.44,50.46,42242
2017-03-31,50.51,50.53,50.42,50.52,69044
2017-04-03,50.5,50.58,50.4,50.53,66797
2017-04-04,50.55,50.56,50.46,50.54,68890
2017-04-05,50.54,50.63,50.49,50.6,37288
2017-04-06,50.61,50.62,50.44,50.61,51181
2017-04-07,50.66,50.71,50.44,50.52,80588
2017-04-10,50.55,50.6,50.52,50.57,50067
2017-04-11,50.65,50.74,50.59,50.73,76964
2017-04-12,50.73,50.84,50.69,50.84,62424
2017-04-13,50.85,50.91,50.78,50.86,75250
2017-04-17,50.88,50.91,50.83,50.84,74259
2017-04-18,50.94,51.03,50.91,50.94,71963
2017-04-19,50.87,50.94,50.81,50.93,68561
2017-04-20,50.85,50.92,50.82,50.9,62410
2017-04-21,50.93,50.96,50.85,50.89,56509
2017-04-24,50.81,50.88,50.76,50.87,74714
2017-04-25,50.78,50.82,50.7,50.74,53808
2017-04-26,50.73,50.8,50.69,50.8,62809
2017-04-27,50.78,50.86,50.76,50.84,72114
2017-04-28,50.78,50.87,50.76,50.87,29685
2017-05-01,50.7,50.74,50.61,50.67,68199
2017-05-02,50.66,50.76,50.66,50.76,96442
2017-05-03,50.77,50.78,50.66,50.7,52197
2017-05-04,50.62,50.64,50.57,50.62,44658
2017-05-05,50.64,50.66,50.57,50.66,51410
2017-05-08,50.63,50.63,50.56,50.59,38693
2017-05-09,50.55,50.58,50.44,50.44,78688
2017-05-10,50.63,50.64,50.5,50.62,64048
2017-05-11,50.53,50.6,50.5,50.58,40590
2017-05-12,50.71,50.76,50.64,50.76,45863
2017-05-15,50.74,50.76,50.7,50.74,38196
2017-05-16,50.68,50.84,50.68,50.8,48520
2017-05-17,50.94,51.01,50.86,50.98,47742
2017-05-18,50.98,51.03,50.92,50.92,49521
2017-05-19,50.99,51.0,50.9,50.9,69571
2017-05-22,50.99,51.01,50.9,51.0,55373
2017-05-23,51.03,51.04,50.77,50.87,78109
2017-05-24,50.94,51.0,50.81,51.0,52942
2017-05-25,51.01,51.01,50.9,50.98,42185
2017-05-26,51.04,51.04,50.94,50.94,32905
2017-05-30,51.07,51.07,51.0,51.03,44891
2017-05-31,51.1,51.13,51.02,51.07,49238
2017-06-01,50.95,51.01,50.89,50.94,59455
2017-06-02,51.11,51.14,51.0,51.11,66226
2017-06-05,51.09,51.12,51.05,51.08,66001
2017-06-06,51.17,51.21,51.14,51.19,64136
2017-06-07,51.14,51.16,51.05,51.09,46041
2017-06-08,51.09,51.09,51.0,51.09,75153
2017-06-09,51.01,51.06,50.96,51.04,70151
2017-06-12,51.02,51.08,50.99,51.02,69295
2017-06-13,51.02,51.06,50.99,51.04,72555
2017-06-14,51.23,51.3,51.14,51.2,79419
2017-06-15,51.13,51.16,51.08,51.12,468830
2017-06-16,51.14,51.18,51.13,51.16,47317
2017-06-19,51.14,51.15,51.01,51.02,123609
2017-06-20,51.12,51.18,51.06,51.16,91049
2017-06-21,51.15,51.19,51.05,51.16,71659
2017-06-22,51.19,51.2,51.1,51.19,48342
2017-06-23,51.18,51.22,51.14,51.2,43257
2017-06-26,51.26,51.29,51.17,51.21,75565
2017-06-27,51.16,51.18,51.05,51.1,94428
2017-06-28,51.11,51.14,51.05,51.12,57113
2017-06-29,50.98,51.04,50.95,51.02,46720
2017-06-30,51.02,51.03,50.95,50.95,48761
2017-07-03,50.86,50.88,50.67,50.67,57098
2017-07-05,50.76,50.81,50.71,50.81,82007
2017-07-06,50.72,50.73,50.63,50.68,72180
2017-07-07,50.68,50.69,50.57,50.64,57338
2017-07-10,50.64,50.73,50.62,50.7,95180
2017-07-11,50.73,50.76,50.68,50.74,121257
2017-07-12,50.9,50.9,50.8,50.89,146573
2017-07-13,50.86,50.88,50.77,50.84,79302
2017-07-14,50.96,51.0,50.86,50.92,113671
2017-07-17,50.94,50.97,50.89,50.96,54095
2017-07-18,51.05,51.07,51.01,51.06,65723
2017-07-19,51.1,51.11,51.05,51.1,70401
2017-07-20,51.15,51.16,51.09,51.1,58046
2017-07-21,51.16,51.21,51.15,51.18,79830
2017-07-24,51.14,51.16,51.09,51.13,98680
2017-07-25,51.04,51.04,50.94,50.95,77996
2017-07-26,50.97,51.11,50.94,51.09,100776
2017-07-27,51.01,51.03,50.96,51.0,100736
2017-07-28,50.99,51.06,50.98,51.06,128381
2017-07-31,,51.09,,51.09,129439
2017-08-01,50.93,51.07,50.9,51.05,85741
