Date,Open,High,Low,Close,Volume
2014-10-20,27.9,33.0,27.32,28.25,1333559
2014-10-21,28.49,29.49,28.3,28.31,697668
2014-10-22,28.47,28.91,28.0,28.75,768836
2014-10-23,28.75,29.89,28.6,29.25,1270749
2014-10-24,29.11,30.09,29.11,29.75,1540721
2014-10-27,29.85,30.29,29.37,30.1,766723
2014-10-28,30.3,31.29,29.94,30.65,536173
2014-10-29,30.65,31.0,29.94,30.0,596335
2014-10-30,30.15,30.69,29.75,30.25,415576
2014-10-31,30.25,31.98,30.25,31.5,29854340
2014-11-03,30.61,31.89,30.38,31.15,9243881
2014-11-04,30.75,30.83,30.08,30.16,6483846
2014-11-05,30.67,31.0,30.0,30.18,3958253
2014-11-06,30.2,30.46,29.88,30.05,2991591
2014-11-07,29.49,30.39,29.01,29.76,9563298
2014-11-10,29.03,30.23,28.56,29.78,5114209
2014-11-11,29.42,30.73,29.06,30.04,4535899
2014-11-12,30.4,31.23,30.0,30.83,4852125
2014-11-13,30.74,31.3,30.03,30.41,2432710
2014-11-14,30.29,30.91,30.22,30.7,1481271
2014-11-17,30.7,31.42,30.55,31.05,2389024
2014-11-18,30.59,31.14,30.21,31.0,3007685
2014-11-19,30.72,31.14,30.59,30.97,3013016
2014-11-20,30.77,31.5,30.65,31.41,2157563
2014-11-21,31.65,32.5,31.45,32.3,4703593
2014-11-24,32.88,33.04,32.34,33.0,2402554
2014-11-25,32.97,33.11,32.58,32.85,1798681
2014-11-26,33.0,34.98,33.0,34.2,1583374
2014-11-28,33.94,35.38,33.88,35.2,425327
2014-12-01,35.01,35.18,34.76,34.9,1484316
2014-12-02,34.73,34.94,34.3,34.78,1788961
2014-12-03,34.51,34.65,34.25,34.31,1150905
2014-12-04,33.89,34.3,33.71,34.14,1352422
2014-12-05,34.24,34.48,34.0,34.1,762054
2014-12-08,34.1,34.34,34.0,34.19,956916
2014-12-09,33.2,34.24,33.2,33.75,988773
2014-12-10,33.87,33.98,33.4,33.47,1442594
2014-12-11,33.5,33.89,33.45,33.49,598964
2014-12-12,33.48,33.6,32.58,32.86,1175374
2014-12-15,32.91,33.37,32.74,32.88,969223
2014-12-16,32.52,33.33,32.5,32.89,1882724
2014-12-17,32.82,34.21,32.39,33.83,1027747
2014-12-18,34.0,34.47,33.42,34.11,880624
2014-12-19,34.11,34.57,33.58,33.98,1859998
2014-12-22,33.9,34.19,33.82,33.94,741316
2014-12-23,33.93,34.2,33.54,33.63,734840
2014-12-24,33.65,34.38,33.51,33.8,1505693
2014-12-26,33.94,34.0,33.55,33.73,460349
2014-12-29,33.57,34.05,32.74,33.91,474322
2014-12-30,33.8,34.29,33.68,33.88,383917
2014-12-31,33.87,34.17,33.64,33.77,329859
2015-01-02,33.81,34.09,33.13,33.42,813127
2015-01-05,33.05,33.6,33.05,33.54,732165
2015-01-06,33.65,33.86,33.5,33.61,1495968
2015-01-07,33.67,34.43,33.67,33.88,2022059
2015-01-08,34.0,34.39,33.82,34.12,1429574
2015-01-09,34.04,34.24,33.77,33.96,712792
2015-01-12,33.9,34.58,33.9,34.46,901800
2015-01-13,34.44,34.9,34.11,34.69,816987
2015-01-14,34.29,34.94,34.17,34.93,500019
2015-01-15,34.92,34.99,34.2,34.47,954349
2015-01-16,34.26,35.0,34.22,34.96,1271472
2015-01-20,34.68,35.2,34.45,34.92,1031214
2015-01-21,34.66,35.9,34.52,35.74,1616285
2015-01-22,35.67,36.33,35.38,35.78,1527423
2015-01-23,35.73,35.78,34.58,34.87,1305736
2015-01-26,34.76,34.91,34.02,34.33,1292406
2015-01-27,34.08,34.23,33.65,33.73,781644
2015-01-28,33.76,34.0,33.25,33.34,969360
2015-01-29,33.48,33.73,33.25,33.68,800872
2015-01-30,33.4,33.59,33.12,33.39,765978
2015-02-02,33.44,34.38,33.37,34.33,619245
2015-02-03,34.32,34.74,33.95,34.05,694745
2015-02-04,34.05,34.29,33.72,34.21,712260
2015-02-05,34.19,34.78,33.95,34.61,286118
2015-02-06,34.57,35.08,34.36,35.08,768276
2015-02-09,35.0,35.5,34.81,34.97,1708759
2015-02-10,35.07,35.8,34.92,35.76,744889
2015-02-11,35.75,35.79,35.34,35.57,738807
2015-02-12,35.8,36.3,35.57,36.22,679638
2015-02-13,36.15,36.61,36.14,36.49,437434
2015-02-17,36.5,36.76,36.33,36.52,974749
2015-02-18,36.36,36.59,35.92,36.5,861942
2015-02-19,36.38,37.41,35.85,37.31,716519
2015-02-20,37.09,37.6,35.78,37.3,1032411
2015-02-23,37.16,37.16,36.4,36.69,1614154
2015-02-24,36.67,37.93,36.64,37.59,485674
2015-02-25,37.64,37.65,37.08,37.3,279165
2015-02-26,37.26,37.69,37.05,37.44,245494
2015-02-27,37.33,37.69,37.06,37.54,549243
2015-03-02,37.08,38.1,36.89,37.88,470069
2015-03-03,37.75,37.96,37.41,37.53,465257
2015-03-04,37.38,37.76,37.0,37.68,617572
2015-03-05,37.59,37.69,37.27,37.34,420106
2015-03-06,37.19,37.77,36.98,37.13,447523
2015-03-09,37.17,37.58,37.04,37.39,443799
2015-03-10,37.09,37.42,36.75,36.77,787996
2015-03-11,36.73,37.33,36.57,37.24,563986
2015-03-12,37.22,37.44,37.02,37.33,360782
2015-03-13,37.18,37.44,36.78,37.25,235420
2015-03-16,37.33,37.98,37.21,37.94,446995
2015-03-17,37.77,38.27,37.62,38.19,509059
2015-03-18,38.03,38.98,38.0,38.72,493121
2015-03-19,38.43,38.8,38.26,38.72,281803
2015-03-20,38.75,38.99,38.37,38.74,1337741
2015-03-23,38.67,38.99,38.5,38.89,470808
2015-03-24,38.94,38.99,38.3,38.68,569447
2015-03-25,38.63,38.78,37.21,37.26,441840
2015-03-26,37.09,37.25,36.6,36.72,479507
2015-03-27,36.73,36.73,36.22,36.27,413528
2015-03-30,36.36,36.7,36.05,36.12,630743
2015-03-31,36.09,37.32,35.94,37.15,809102
2015-04-01,37.18,37.48,36.43,36.61,593701
2015-04-02,36.73,37.47,36.62,36.79,395303
2015-04-06,36.7,36.89,36.45,36.73,933511
2015-04-07,36.68,36.88,36.29,36.38,556471
2015-04-08,36.52,36.72,36.34,36.49,497850
2015-04-09,36.4,37.24,36.4,37.18,336832
2015-04-10,37.17,37.39,36.75,37.05,505049
2015-04-13,36.98,37.45,36.58,36.59,228258
2015-04-14,36.46,36.76,36.05,36.15,351237
2015-04-15,36.25,36.54,36.11,36.19,370633
2015-04-16,36.31,36.31,36.0,36.07,389873
2015-04-17,35.93,36.12,35.28,35.36,616442
2015-04-20,35.47,36.31,35.47,36.13,594623
2015-04-21,36.18,36.36,35.79,36.21,494362
2015-04-22,36.2,36.23,35.89,36.01,486749
2015-04-23,35.75,35.75,35.36,35.44,512901
2015-04-24,35.45,35.45,34.97,34.99,444091
2015-04-27,35.02,35.23,34.15,34.34,1144725
2015-04-28,34.22,34.42,33.91,33.94,1625489
2015-04-29,33.9,33.95,33.58,33.78,1244676
2015-04-30,33.61,33.98,33.37,33.46,790119
2015-05-01,33.59,33.87,33.43,33.61,882321
2015-05-04,34.44,35.36,34.44,34.48,1342099
2015-05-05,34.48,34.81,33.98,34.0,880128
2015-05-06,34.11,34.11,33.6,33.65,587188
2015-05-07,33.71,34.09,33.7,33.91,726347
2015-05-08,34.24,34.7,34.11,34.58,597879
2015-05-11,34.59,35.11,34.52,35.02,586612
2015-05-12,34.85,34.92,34.26,34.76,670139
2015-05-13,34.9,35.63,34.8,35.25,697799
2015-05-14,35.41,35.49,35.1,35.19,584748
2015-05-15,35.31,35.45,35.15,35.33,418228
2015-05-18,35.36,36.31,35.35,36.22,905438
2015-05-19,36.2,36.28,34.61,34.99,1747414
2015-05-20,33.04,33.07,32.25,32.38,5979425
2015-05-21,32.34,33.11,32.17,33.03,2218580
2015-05-22,33.0,33.12,32.74,33.08,2249485
2015-05-26,33.01,33.15,32.34,32.61,1020681
2015-05-27,32.6,33.0,32.55,32.97,619065
2015-05-28,32.98,32.99,32.7,32.9,695987
2015-05-29,32.84,33.13,32.78,32.86,699257
2015-06-01,32.87,32.98,32.69,32.84,1046705
2015-06-02,32.69,33.1,32.63,32.97,535414
2015-06-03,33.15,33.41,32.94,33.22,837736
2015-06-04,33.06,33.3,32.77,32.88,498229
2015-06-05,32.93,33.07,32.5,32.89,514843
2015-06-08,32.92,32.98,32.65,32.77,384661
2015-06-09,32.82,33.0,32.66,32.86,721346
2015-06-10,32.89,33.2,32.79,33.11,1087170
2015-06-11,33.12,33.22,32.94,33.15,1596128
2015-06-12,33.11,33.16,32.92,33.03,454243
2015-06-15,32.79,32.92,32.35,32.62,634872
2015-06-16,32.53,32.74,32.28,32.62,472467
2015-06-17,32.68,33.11,32.66,33.01,768042
2015-06-18,32.99,33.4,32.95,33.4,701208
2015-06-19,33.49,33.49,33.16,33.29,844788
2015-06-22,33.4,33.71,33.19,33.5,898955
2015-06-23,33.55,33.55,32.76,32.89,903113
2015-06-24,32.94,33.0,32.44,32.46,622076
2015-06-25,32.53,32.73,31.96,32.16,693845
2015-06-26,32.25,32.38,31.73,32.25,3082893
2015-06-29,31.85,32.07,31.38,31.4,988176
2015-06-30,31.65,31.8,31.02,31.19,1050594
2015-07-01,31.35,31.39,30.84,31.25,1025434
2015-07-02,31.37,31.59,31.33,31.47,449653
2015-07-06,31.09,31.45,31.01,31.25,1126768
2015-07-07,31.22,31.48,30.82,31.23,1156753
2015-07-08,30.93,31.22,30.25,30.38,936235
2015-07-09,30.62,30.62,30.25,30.32,1021752
2015-07-10,30.59,30.65,30.29,30.35,707724
2015-07-13,30.53,30.84,30.42,30.74,574172
2015-07-14,30.75,30.94,30.68,30.93,463988
2015-07-15,30.9,31.16,30.5,30.51,733508
2015-07-16,30.73,31.01,30.69,30.79,2007322
2015-07-17,30.87,30.97,30.5,30.56,988452
2015-07-20,30.64,30.89,30.55,30.76,499099
2015-07-21,30.7,30.86,30.39,30.42,709907
2015-07-22,30.18,30.78,30.13,30.74,582881
2015-07-23,30.73,30.86,30.2,30.3,599445
2015-07-24,30.25,30.44,30.05,30.06,703438
2015-07-27,30.0,30.0,29.65,29.68,441984
2015-07-28,29.74,30.2,29.52,30.06,773221
2015-07-29,30.07,30.53,29.9,30.49,487508
2015-07-30,30.35,30.66,30.18,30.64,572853
2015-07-31,30.7,31.0,30.51,30.54,616121
2015-08-03,30.71,30.89,30.39,30.49,633658
2015-08-04,30.35,30.71,30.17,30.41,428593
2015-08-05,30.47,30.9,30.32,30.35,656723
2015-08-06,30.31,30.38,29.58,29.72,750055
2015-08-07,29.6,29.86,29.42,29.86,459840
2015-08-10,30.05,30.81,30.04,30.64,463550
2015-08-11,30.17,30.49,29.97,30.08,584697
2015-08-12,29.69,29.99,29.28,29.88,636685
2015-08-13,29.91,30.14,29.8,29.91,457191
2015-08-14,29.91,30.39,29.85,30.37,448229
2015-08-17,30.29,30.49,30.15,30.38,601530
2015-08-18,30.38,30.66,29.98,30.0,531508
2015-08-19,29.97,30.0,29.42,29.54,806143
2015-08-20,32.55,33.24,32.44,32.77,2893744
2015-08-21,32.32,33.29,32.31,32.35,1271474
2015-08-24,30.63,31.84,30.1,30.59,1000761
2015-08-25,31.25,31.26,30.29,30.35,925434
2015-08-26,30.98,31.16,30.19,31.06,725398
2015-08-27,31.32,31.82,31.0,31.67,665377
2015-08-28,31.57,31.95,31.31,31.92,486428
2015-08-31,31.74,32.22,31.68,32.04,685288
2015-09-01,31.37,31.68,31.17,31.25,984572
2015-09-02,31.63,31.84,31.44,31.84,541895
2015-09-03,31.93,32.73,31.93,32.61,790883
2015-09-04,32.25,32.5,31.99,32.24,500104
2015-09-08,32.56,33.14,32.31,33.09,993386
2015-09-09,33.25,33.39,32.64,32.72,758818
2015-09-10,32.68,33.06,32.47,32.97,649579
2015-09-11,32.78,32.97,32.72,32.84,273638
2015-09-14,32.84,32.84,32.39,32.83,355536
2015-09-15,32.85,33.01,32.57,32.95,361470
2015-09-16,32.92,33.61,32.81,33.55,417028
2015-09-17,33.61,34.13,33.54,33.71,508203
2015-09-18,33.34,33.68,32.72,32.83,1109175
2015-09-21,33.02,33.26,32.83,32.9,535800
2015-09-22,32.47,32.47,31.92,32.05,661080
2015-09-23,32.17,32.22,31.63,31.78,312019
2015-09-24,31.48,31.57,31.02,31.21,448484
2015-09-25,31.38,31.38,30.86,31.01,347190
2015-09-28,30.83,30.91,30.16,30.23,405918
2015-09-29,30.26,30.4,29.94,30.17,492092
2015-09-30,30.5,30.97,30.5,30.84,486896
2015-10-01,30.85,30.88,30.34,30.43,520049
2015-10-02,30.02,31.31,30.0,31.3,642890
2015-10-05,31.56,32.18,31.38,32.1,491962
2015-10-06,32.14,32.31,31.81,32.15,518597
2015-10-07,32.31,32.86,32.2,32.7,629410
2015-10-08,32.65,33.35,32.54,33.12,394234
2015-10-09,33.17,33.39,32.65,32.68,313308
2015-10-12,32.68,32.68,32.26,32.3,222480
2015-10-13,32.18,32.53,31.97,32.0,430634
2015-10-14,32.03,32.61,31.98,32.44,424233
2015-10-15,32.5,32.78,32.37,32.76,367989
2015-10-16,32.73,32.79,32.31,32.59,365251
2015-10-19,32.36,32.62,31.96,32.03,533605
2015-10-20,31.86,32.43,31.61,32.0,282294
2015-10-21,32.11,32.33,31.48,31.53,290874
2015-10-22,31.7,32.09,31.55,32.01,305438
2015-10-23,32.26,32.33,32.04,32.3,259169
2015-10-26,32.18,32.39,31.81,32.01,345587
2015-10-27,31.72,32.12,31.65,31.8,390479
2015-10-28,31.92,33.0,31.88,32.99,439008
2015-10-29,32.78,33.33,32.68,33.06,324836
2015-10-30,33.3,33.35,32.7,33.08,415139
2015-11-02,33.0,33.48,32.71,33.37,373367
2015-11-03,33.09,33.43,32.89,33.08,453118
2015-11-04,33.12,33.39,32.61,32.7,378033
2015-11-05,32.84,32.84,32.26,32.27,463173
2015-11-06,31.95,32.4,31.89,31.99,577969
2015-11-09,31.89,32.12,31.45,31.66,397847
2015-11-10,31.5,31.61,30.7,30.84,988825
2015-11-11,30.98,31.14,30.82,31.05,602953
2015-11-12,30.79,31.02,30.3,30.32,365366
2015-11-13,30.25,30.73,30.02,30.38,586466
2015-11-16,30.38,31.06,30.29,30.99,768997
2015-11-17,30.99,31.24,30.71,30.81,364939
2015-11-18,30.95,31.24,30.75,31.23,818345
2015-11-19,31.13,31.52,30.99,31.13,472658
2015-11-20,29.89,30.24,28.55,29.47,2555359
2015-11-23,29.42,30.08,29.11,30.08,971461
2015-11-24,29.94,30.58,29.85,30.57,930188
2015-11-25,30.51,30.65,30.08,30.6,624608
2015-11-27,30.59,30.88,30.59,30.8,283648
2015-11-30,30.79,30.93,30.7,30.81,639339
2015-12-01,30.7,30.79,29.9,29.99,702001
2015-12-02,29.81,30.02,29.72,29.8,805744
2015-12-03,29.96,29.99,28.84,29.05,857269
2015-12-04,28.98,29.62,28.96,29.58,817579
2015-12-07,29.41,29.63,29.03,29.18,674282
2015-12-08,28.93,29.22,28.79,29.21,887912
2015-12-09,29.18,29.32,28.81,28.94,692977
2015-12-10,28.91,29.17,28.87,29.0,655002
2015-12-11,28.68,29.16,28.53,28.64,828338
2015-12-14,28.6,28.7,27.75,27.86,781930
2015-12-15,28.08,28.38,28.0,28.36,854823
2015-12-16,28.47,28.64,28.03,28.37,572887
2015-12-17,28.38,28.62,28.3,28.46,731767
2015-12-18,28.44,28.52,28.01,28.01,2670965
2015-12-21,28.25,28.42,27.98,28.11,595271
2015-12-22,28.19,28.57,28.01,28.56,723408
2015-12-23,28.67,29.05,28.56,29.0,634116
2015-12-24,28.92,29.15,28.8,28.95,456713
2015-12-28,28.83,28.99,28.36,28.78,388191
2015-12-29,28.73,28.98,28.36,28.62,458750
2015-12-30,28.51,28.75,28.48,28.58,434457
2015-12-31,28.48,28.7,28.3,28.33,588215
2016-01-04,27.93,28.15,27.75,27.81,951913
2016-01-05,27.91,28.35,27.61,27.75,796358
2016-01-06,27.37,27.66,27.21,27.3,756742
2016-01-07,26.79,26.92,26.2,26.22,872455
2016-01-08,25.84,26.08,25.32,25.45,1485017
2016-01-11,25.45,25.58,24.8,24.93,930330
2016-01-12,25.15,25.41,24.65,25.25,1124755
2016-01-13,25.31,25.54,24.4,24.43,1021553
2016-01-14,24.48,24.88,24.09,24.65,900001
2016-01-15,24.04,24.28,23.31,23.53,858409
2016-01-19,23.73,23.93,23.08,23.21,708274
2016-01-20,22.92,23.02,22.15,22.91,1625599
2016-01-21,23.02,23.8,22.8,23.33,924535
2016-01-22,23.73,24.04,23.66,24.0,1013208
2016-01-25,23.9,24.07,23.84,23.96,922121
2016-01-26,24.13,24.37,23.82,23.99,696973
2016-01-27,23.83,23.96,23.38,23.47,457309
2016-01-28,23.7,23.7,23.08,23.14,420507
2016-01-29,23.24,23.67,23.2,23.4,1915026
2016-02-01,23.14,23.22,22.88,23.0,1368170
2016-02-02,22.82,22.98,22.31,22.44,1090709
2016-02-03,22.48,22.49,21.98,22.39,655587
2016-02-04,22.4,22.99,22.4,22.94,833217
2016-02-05,22.85,22.94,22.17,22.24,549204
2016-02-08,22.0,22.06,21.2,21.38,843359
2016-02-09,21.18,21.7,21.17,21.18,808927
2016-02-10,21.4,21.97,21.36,21.76,724951
2016-02-11,21.38,21.81,21.07,21.55,822336
2016-02-12,21.74,22.24,21.55,22.21,552666
2016-02-16,22.46,22.76,22.21,22.6,623230
2016-02-17,22.72,23.13,22.66,23.05,745820
2016-02-18,23.15,23.29,22.95,23.22,663384
2016-02-19,22.17,24.07,22.16,23.9,1656800
2016-02-22,24.06,24.72,23.98,24.67,1112154
2016-02-23,24.5,25.24,24.45,25.18,1150891
2016-02-24,25.0,25.78,24.72,25.73,1179639
2016-02-25,25.74,25.86,25.2,25.74,950160
2016-02-26,25.9,25.98,25.52,25.94,897737
2016-02-29,25.93,26.19,25.78,26.09,843076
2016-03-01,26.27,26.76,26.17,26.34,982153
2016-03-02,26.28,26.89,26.21,26.88,588596
2016-03-03,26.82,27.12,26.75,27.09,555578
2016-03-04,27.13,27.33,26.8,27.22,811595
2016-03-07,27.07,27.4,26.94,27.15,668700
2016-03-08,27.01,27.07,26.68,26.74,708500
2016-03-09,25.65,25.98,25.29,25.8,818371
2016-03-10,25.96,26.14,25.74,26.05,578367
2016-03-11,26.25,26.91,26.25,26.56,521991
2016-03-14,26.56,26.86,26.44,26.57,433662
2016-03-15,26.4,26.7,26.07,26.21,443716
2016-03-16,26.06,26.59,26.06,26.52,369021
2016-03-17,26.52,27.34,26.52,27.25,339047
2016-03-18,27.22,27.76,27.19,27.74,1598639
2016-03-21,27.69,28.1,27.62,27.94,510453
2016-03-22,27.94,28.39,27.8,28.22,581697
2016-03-23,28.07,28.07,26.99,27.0,635755
2016-03-24,26.82,27.11,26.52,27.0,763435
2016-03-28,27.07,27.33,26.86,27.24,415543
2016-03-29,27.12,27.76,26.9,27.74,626695
2016-03-30,27.95,28.02,27.28,27.42,359285
2016-03-31,27.37,27.77,26.99,27.74,692242
2016-04-01,27.18,28.05,27.18,27.81,715478
2016-04-04,27.77,27.92,27.17,27.35,627029
2016-04-05,26.94,27.04,26.8,26.9,755478
2016-04-06,26.9,26.98,26.64,26.77,491657
2016-04-07,26.68,26.78,26.27,26.43,585502
2016-04-08,26.63,27.05,26.47,26.72,477274
2016-04-11,26.84,27.13,26.58,26.94,897447
2016-04-12,26.88,26.99,26.57,26.72,1019091
2016-04-13,26.89,27.97,26.89,27.8,578582
2016-04-14,27.73,27.78,27.22,27.32,766573
2016-04-15,27.25,27.49,27.09,27.14,1003490
2016-04-18,27.07,27.34,26.92,27.1,372839
2016-04-19,27.24,27.3,27.06,27.26,383153
2016-04-20,27.28,27.57,27.14,27.16,495767
2016-04-21,27.04,27.25,26.92,27.07,346904
2016-04-22,27.09,27.45,27.09,27.43,575905
2016-04-25,27.36,27.36,26.7,26.92,408916
2016-04-26,27.03,27.37,26.89,27.29,283935
2016-04-27,27.21,27.38,26.82,27.12,425095
2016-04-28,27.01,27.14,26.41,26.45,531612
2016-04-29,26.33,26.43,25.75,26.08,722225
2016-05-02,26.08,26.21,25.76,26.0,1226792
2016-05-03,25.87,26.12,25.68,26.0,522764
2016-05-04,25.87,26.13,25.72,25.91,366317
2016-05-05,25.98,26.14,25.8,25.83,387633
2016-05-06,25.7,26.04,25.49,25.98,446765
2016-05-09,25.87,26.1,25.66,25.72,360520
2016-05-10,25.75,26.24,25.51,26.21,251175
2016-05-11,26.16,26.24,25.81,25.84,322570
2016-05-12,25.92,26.6,25.68,26.27,2312025
2016-05-13,26.26,26.41,25.88,25.98,514317
2016-05-16,25.93,26.36,25.93,26.27,1967595
2016-05-17,26.12,26.4,26.01,26.21,699826
2016-05-18,26.11,26.62,26.08,26.21,493794
2016-05-19,25.94,26.31,25.91,25.99,1147304
2016-05-20,27.25,30.32,27.25,29.94,3513173
2016-05-23,29.94,30.48,29.74,30.13,967221
2016-05-24,30.17,30.56,30.07,30.42,713853
2016-05-25,30.48,30.71,30.33,30.49,546498
2016-05-26,30.51,30.56,30.24,30.48,561023
2016-05-27,30.5,30.9,30.48,30.72,416157
2016-05-31,30.73,30.84,30.41,30.63,625854
2016-06-01,30.43,30.89,30.37,30.84,533024
2016-06-02,30.81,31.5,30.8,31.39,947453
2016-06-03,31.25,31.45,31.05,31.42,517691
2016-06-06,31.36,31.73,31.32,31.57,526052
2016-06-07,31.57,31.57,31.14,31.33,381676
2016-06-08,31.33,31.7,31.21,31.7,534846
2016-06-09,31.43,31.87,31.24,31.26,520228
2016-06-10,31.0,31.06,30.55,30.64,405139
2016-06-13,30.46,30.58,29.88,29.91,616184
2016-06-14,29.83,29.97,29.45,29.63,1101155
2016-06-15,29.81,30.13,29.63,29.84,924671
2016-06-16,29.62,29.62,29.3,29.49,583980
2016-06-17,29.4,29.82,29.28,29.66,1077347
2016-06-20,30.1,30.49,30.08,30.45,577169
2016-06-21,30.51,30.51,29.79,30.06,546975
2016-06-22,30.09,30.55,30.0,30.4,595733
2016-06-23,30.63,31.03,30.6,31.03,739400
2016-06-24,29.71,30.22,29.46,29.66,2720091
2016-06-27,29.37,29.39,28.46,28.49,717545
2016-06-28,28.8,29.12,28.5,28.93,543366
2016-06-29,29.38,29.51,28.83,29.08,1068591
2016-06-30,29.07,29.14,28.86,29.09,1212908
2016-07-01,29.04,29.31,28.86,28.93,643933
2016-07-05,28.71,28.84,28.11,28.39,639591
2016-07-06,28.22,28.31,27.91,28.25,760555
2016-07-07,28.34,28.59,27.9,28.18,704377
2016-07-08,28.4,29.1,28.13,29.02,1836773
2016-07-11,29.16,29.2,28.53,28.53,562001
2016-07-12,28.8,29.03,28.79,28.9,599235
2016-07-13,29.02,29.09,28.38,28.72,852879
2016-07-14,29.01,29.04,28.77,28.88,490912
2016-07-15,28.98,29.22,28.79,29.1,491370
2016-07-18,29.18,29.44,29.04,29.32,673372
2016-07-19,29.31,29.37,29.07,29.26,546892
2016-07-20,29.38,29.75,29.25,29.72,749870
2016-07-21,29.64,29.81,29.4,29.52,517695
2016-07-22,29.47,30.0,29.22,29.86,538661
2016-07-25,29.75,29.75,29.31,29.48,491606
2016-07-26,29.54,29.83,29.41,29.67,488471
2016-07-27,29.73,29.82,29.54,29.76,449030
2016-07-28,29.71,29.84,29.5,29.57,481368
2016-07-29,29.59,29.59,28.92,29.24,925632
2016-08-01,29.2,29.46,29.1,29.19,343161
2016-08-02,29.22,29.3,28.18,28.2,572603
2016-08-03,28.24,28.63,28.22,28.61,463621
2016-08-04,28.67,28.72,28.47,28.49,354652
2016-08-05,28.67,28.93,28.58,28.93,479892
2016-08-08,28.88,29.1,28.87,28.93,284235
2016-08-09,28.9,29.07,28.78,28.79,374770
2016-08-10,28.86,29.1,28.75,29.03,394743
2016-08-11,29.08,29.25,28.96,29.21,339583
2016-08-12,29.15,29.36,29.03,29.32,262657
2016-08-15,29.1,29.77,29.1,29.67,428389
2016-08-16,29.65,29.75,29.37,29.6,519247
2016-08-17,29.54,29.75,29.28,29.68,948739
2016-08-18,26.95,29.73,26.87,29.41,2780481
2016-08-19,29.2,30.35,29.17,30.19,1221562
2016-08-22,30.19,30.3,30.03,30.3,632809
2016-08-23,30.38,30.62,30.27,30.29,652414
2016-08-24,30.21,30.36,29.65,29.77,569302
2016-08-25,29.78,30.22,29.71,29.98,374832
2016-08-26,30.04,30.26,29.91,30.04,357488
2016-08-29,30.08,30.5,30.0,30.26,483394
2016-08-30,30.27,30.54,30.22,30.46,367299
2016-08-31,30.4,30.52,30.31,30.43,796848
2016-09-01,30.4,30.68,30.3,30.59,508843
2016-09-02,30.76,30.9,30.4,30.44,727670
2016-09-06,30.4,30.49,30.21,30.4,512217
2016-09-07,30.35,30.72,30.32,30.4,610347
2016-09-08,30.26,30.47,30.21,30.37,391057
2016-09-09,30.22,30.31,29.52,29.53,722489
2016-09-12,29.45,30.29,29.31,30.29,532286
2016-09-13,29.95,30.0,29.46,29.78,769807
2016-09-14,29.85,29.87,29.33,29.39,314038
2016-09-15,29.34,30.08,29.29,29.98,359262
2016-09-16,29.93,29.93,29.25,29.25,668904
2016-09-19,29.84,30.94,29.84,30.65,1078308
2016-09-20,30.88,31.13,30.44,30.66,578449
2016-09-21,30.76,31.09,30.65,31.07,417108
2016-09-22,31.1,31.76,31.08,31.64,567508
2016-09-23,31.38,31.62,31.35,31.47,307565
2016-09-26,31.18,31.26,30.87,30.97,332721
2016-09-27,30.84,31.16,30.8,31.15,466540
2016-09-28,31.26,31.76,31.12,31.75,378970
2016-09-29,31.56,31.67,30.88,31.1,381243
2016-09-30,31.14,31.8,31.1,31.69,404766
2016-10-03,31.35,31.65,31.22,31.35,362874
2016-10-04,31.42,31.88,31.08,31.28,298899
2016-10-05,31.5,31.98,31.5,31.56,334446
2016-10-06,31.44,31.55,31.11,31.54,327901
2016-10-07,31.5,31.58,31.11,31.28,345819
2016-10-10,31.52,31.92,31.35,31.41,193374
2016-10-11,31.18,31.41,30.99,31.16,465761
2016-10-12,31.26,31.27,31.01,31.25,404550
2016-10-13,31.11,31.35,30.93,31.32,569400
2016-10-14,31.47,31.72,31.32,31.6,568581
2016-10-17,31.64,31.7,31.51,31.65,530823
2016-10-18,31.94,31.99,31.76,31.94,507230
2016-10-19,31.99,32.55,31.92,32.51,453657
2016-10-20,32.5,32.74,32.43,32.66,1101038
2016-10-21,32.4,32.57,32.27,32.49,1044189
2016-10-24,32.78,33.12,32.51,33.05,365769
2016-10-25,32.98,33.03,32.72,32.88,686024
2016-10-26,32.74,33.05,32.52,32.75,494532
2016-10-27,32.95,33.05,32.75,32.89,602011
2016-10-28,32.91,33.14,32.7,32.81,335973
2016-10-31,32.93,33.1,32.76,32.8,609918
2016-11-01,32.94,33.0,32.37,32.66,487477
2016-11-02,32.6,32.82,31.94,31.98,477013
2016-11-03,32.0,32.06,31.81,31.98,425694
2016-11-04,32.02,32.36,31.82,31.82,406691
2016-11-07,32.2,33.26,32.09,33.26,731814
2016-11-08,33.08,33.5,32.83,33.21,560826
2016-11-09,32.67,33.78,32.63,33.78,624441
2016-11-10,33.99,34.25,33.78,33.93,557594
2016-11-11,33.78,34.59,33.78,34.57,435247
2016-11-14,34.68,34.95,34.58,34.8,439779
2016-11-15,34.75,35.32,34.61,35.13,548066
2016-11-16,35.0,35.37,34.74,35.11,476766
2016-11-17,35.0,35.58,35.0,35.22,737277
2016-11-18,35.3,36.52,34.79,35.89,1035224
2016-11-21,35.9,36.09,35.8,35.9,659417
2016-11-22,35.9,36.6,35.84,36.6,754594
2016-11-23,36.59,37.68,36.59,37.65,733530
2016-11-25,37.65,38.28,37.61,38.26,345738
2016-11-28,38.0,38.08,37.61,37.98,879764
2016-11-29,37.9,37.98,37.25,37.26,634192
2016-11-30,37.36,37.48,36.83,36.83,801246
2016-12-01,36.9,36.9,35.35,35.49,1103396
2016-12-02,35.54,35.83,35.23,35.35,1106601
2016-12-05,35.56,36.09,35.56,35.84,695915
2016-12-06,36.0,36.38,35.76,36.37,530655
2016-12-07,36.33,36.7,35.96,36.63,528586
2016-12-08,36.72,37.07,36.61,36.95,1205504
2016-12-09,37.0,37.3,36.81,37.12,459447
2016-12-12,36.9,37.22,36.71,37.12,446277
2016-12-13,37.34,37.54,37.08,37.15,401455
2016-12-14,37.01,37.22,36.31,36.35,763810
2016-12-15,36.52,36.69,36.42,36.51,645916
2016-12-16,36.57,36.74,36.28,36.3,2149884
2016-12-19,36.2,36.48,35.78,35.89,741410
2016-12-20,36.15,36.3,35.69,35.99,589481
2016-12-21,36.09,36.41,36.01,36.15,381698
2016-12-22,36.18,36.39,35.81,36.21,512692
2016-12-23,36.33,36.89,36.33,36.87,299907
2016-12-27,36.75,37.19,36.75,37.0,323070
2016-12-28,37.06,37.08,36.25,36.46,544769
2016-12-29,36.58,36.86,36.29,36.63,309366
2016-12-30,36.88,36.95,36.32,36.57,476198
2017-01-03,36.6,37.16,36.03,36.28,630944
2017-01-04,36.25,37.18,36.25,36.88,693670
2017-01-05,36.98,37.18,36.31,36.45,1206081
2017-01-06,36.55,36.6,36.12,36.2,652922
2017-01-09,36.13,36.37,35.9,36.1,916603
2017-01-10,36.26,36.36,36.02,36.31,749150
2017-01-11,36.26,36.62,36.13,36.5,574183
2017-01-12,36.4,36.4,35.69,36.35,304493
2017-01-13,36.52,36.99,36.51,36.93,349216
2017-01-17,36.61,36.83,35.81,35.88,520433
2017-01-18,35.95,36.39,35.73,35.9,471441
2017-01-19,35.97,36.39,35.6,35.73,390867
2017-01-20,35.88,36.17,35.76,36.16,439423
2017-01-23,35.96,36.38,35.79,36.3,453923
2017-01-24,36.35,37.0,36.19,36.95,423549
2017-01-25,36.99,37.86,36.75,37.71,686742
2017-01-26,37.66,37.68,37.15,37.24,544710
2017-01-27,37.19,37.43,36.86,37.01,409372
2017-01-30,37.56,37.56,36.5,36.99,1142147
2017-01-31,36.78,37.17,36.31,37.07,777977
2017-02-01,37.14,37.48,36.41,36.72,1514431
2017-02-02,36.85,37.0,36.1,36.13,1459218
2017-02-03,36.49,37.52,36.33,37.35,1704293
2017-02-06,37.0,37.08,36.55,36.68,712079
2017-02-07,36.82,37.19,36.43,36.57,865912
2017-02-08,36.54,37.4,36.3,37.2,735844
2017-02-09,37.22,37.48,36.97,36.99,627163
2017-02-10,37.09,37.64,36.75,37.63,1516106
2017-02-13,37.72,37.84,37.42,37.42,404338
2017-02-14,37.23,37.6,37.05,37.45,512556
2017-02-15,37.3,38.34,37.27,38.1,960939
2017-02-16,38.15,38.47,37.84,38.22,831977
2017-02-17,38.41,38.48,36.69,37.92,1050447
2017-02-21,37.83,38.18,37.73,38.04,582640
2017-02-22,37.94,38.15,37.84,38.12,480120
2017-02-23,38.17,38.2,37.17,37.76,463694
2017-02-24,37.35,37.76,37.3,37.55,626374
2017-02-27,37.52,37.74,37.37,37.61,462136
2017-02-28,37.47,37.7,37.16,37.6,905819
2017-03-01,37.97,38.09,37.54,38.03,1136656
2017-03-02,37.95,38.17,37.72,37.92,647537
2017-03-03,37.86,38.37,37.78,38.28,623517
2017-03-06,37.91,38.16,37.84,37.93,829637
2017-03-07,37.86,38.27,37.72,37.9,519727
2017-03-08,37.97,38.14,37.85,37.9,360888
2017-03-09,37.82,38.07,37.78,38.02,361998
2017-03-10,38.28,38.94,38.16,38.86,781090
2017-03-13,38.79,38.91,38.35,38.44,505673
2017-03-14,38.24,38.39,38.05,38.3,411687
2017-03-15,38.46,39.15,38.3,39.06,642659
2017-03-16,39.09,39.36,38.98,39.12,404502
2017-03-17,39.19,39.24,38.8,39.02,1244888
2017-03-20,39.11,39.11,38.7,38.75,682164
2017-03-21,38.7,38.88,36.55,36.61,1103701
2017-03-22,36.45,36.56,35.9,36.17,964504
2017-03-23,35.51,37.51,35.5,37.2,9991570
2017-03-24,37.2,37.35,36.66,36.81,1016072
2017-03-27,36.19,36.59,36.02,36.52,989697
2017-03-28,36.44,36.97,36.31,36.72,647428
2017-03-29,36.68,36.68,36.34,36.37,777123
2017-03-30,36.5,36.94,36.5,36.59,587751
2017-03-31,36.6,36.62,36.12,36.14,1044724
2017-04-03,36.24,36.49,35.91,36.2,836035
2017-04-04,36.13,36.68,36.05,36.24,1113211
2017-04-05,36.96,37.3,36.11,36.26,1506844
2017-04-06,36.52,36.75,36.15,36.44,617545
2017-04-07,36.23,36.46,35.76,35.94,736024
2017-04-10,35.98,36.15,35.66,35.69,717578
2017-04-11,35.6,35.81,35.25,35.79,794763
2017-04-12,35.98,35.98,35.34,35.38,850073
2017-04-13,35.37,35.79,35.05,35.3,778263
2017-04-17,35.57,35.99,35.33,35.95,639154
2017-04-18,35.85,35.99,35.52,35.77,742171
2017-04-19,36.35,36.63,35.98,36.62,931828
2017-04-20,36.81,36.87,36.24,36.7,832142
2017-04-21,36.62,36.66,35.87,35.88,627543
2017-04-24,36.43,37.03,36.21,37.01,1303388
2017-04-25,37.3,37.87,37.14,37.75,693682
2017-04-26,37.72,38.14,37.66,37.85,624020
2017-04-27,37.93,38.16,37.75,37.98,609317
2017-04-28,38.04,38.1,37.36,37.43,988281
2017-05-01,37.55,37.85,37.45,37.77,415839
2017-05-02,37.84,38.09,37.61,37.88,643360
2017-05-03,37.69,38.29,37.43,38.14,985820
2017-05-04,38.28,38.58,38.23,38.45,634909
2017-05-05,38.5,38.92,38.34,38.92,731444
2017-05-08,38.95,39.29,38.64,39.04,638425
2017-05-09,39.02,39.3,38.91,39.13,523628
2017-05-10,38.98,39.3,38.91,39.21,501224
2017-05-11,38.96,39.08,38.59,39.08,399674
2017-05-12,39.0,39.01,38.72,38.98,440215
2017-05-15,38.98,39.49,38.96,39.23,478931
2017-05-16,39.3,39.3,38.87,39.08,523190
2017-05-17,38.53,38.93,37.76,37.84,1068461
2017-05-18,37.65,37.65,37.1,37.45,830525
2017-05-19,37.49,37.93,37.46,37.49,764216
2017-05-22,37.6,37.74,37.23,37.64,813547
2017-05-23,37.76,37.84,37.41,37.56,362541
2017-05-24,37.61,38.11,37.55,38.07,732174
2017-05-25,38.2,38.4,38.01,38.24,424273
2017-05-26,38.17,38.56,37.99,38.36,491626
2017-05-30,38.55,39.29,38.5,39.1,789606
2017-05-31,39.09,39.14,38.29,38.64,781924
2017-06-01,39.0,39.22,38.77,39.08,1284778
2017-06-02,39.33,39.95,39.21,39.76,1473354
2017-06-05,39.7,40.12,39.65,39.92,727445
2017-06-06,39.93,40.75,39.66,40.25,1963525
2017-06-07,41.85,41.99,38.13,38.62,3193176
2017-06-08,38.43,38.97,37.82,38.3,1446520
2017-06-09,38.29,38.55,37.08,37.64,1509095
2017-06-12,37.59,37.6,36.26,37.0,1294451
2017-06-13,37.26,37.26,36.37,36.6,1096773
2017-06-14,36.86,36.95,35.98,36.34,865541
2017-06-15,36.09,36.68,35.62,36.53,1401605
2017-06-16,37.9,38.46,37.31,37.98,3014568
2017-06-19,38.1,38.4,37.71,37.99,1133151
2017-06-20,37.91,38.03,37.62,37.95,1334151
2017-06-21,37.96,38.1,37.73,37.85,1183179
2017-06-22,37.81,38.21,37.52,38.1,1545583
2017-06-23,38.1,38.68,38.06,38.28,2239920
2017-06-26,38.33,38.59,38.02,38.17,904686
2017-06-27,38.15,38.63,37.96,38.33,1697796
2017-06-28,38.6,39.08,38.51,38.96,2516787
2017-06-29,39.05,39.06,37.9,38.6,2745920
2017-06-30,38.56,39.1,38.49,38.93,1799322
2017-07-03,39.1,39.3,38.69,38.71,669942
2017-07-05,38.69,39.29,38.6,39.15,1188517
2017-07-06,39.02,39.18,38.51,38.69,1678076
2017-07-07,38.88,40.09,38.76,40.07,1653500
2017-07-10,39.94,40.62,39.67,40.49,1543757
2017-07-11,40.46,40.48,39.94,40.34,1477211
2017-07-12,40.64,40.96,40.64,40.95,921487
2017-07-13,40.93,41.46,40.74,41.32,961686
2017-07-14,41.23,41.72,41.15,41.61,779398
2017-07-17,41.66,42.08,41.4,41.95,1480911
2017-07-18,41.72,42.02,41.52,41.7,970715
2017-07-19,41.75,42.19,41.73,41.94,1064156
2017-07-20,41.9,41.99,41.66,41.8,569978
2017-07-21,41.59,42.15,41.23,41.97,549404
2017-07-24,42.06,42.57,41.83,42.5,890069
2017-07-25,42.63,42.93,42.47,42.83,1054565
2017-07-26,42.81,42.98,42.25,42.53,348086
2017-07-27,42.64,42.89,41.54,42.22,551151
2017-07-28,42.05,42.32,41.83,41.92,395643
2017-07-31,,,,41.59,466052
2017-08-01,41.91,42.05,41.74,41.99,595375
