Date,Open,High,Low,Close,Volume
2016-07-28,18.0,18.79,18.0,18.35,4916459
2016-07-29,18.46,19.0,18.25,18.27,531007
2016-08-01,18.26,18.47,18.0,18.41,333583
2016-08-02,18.23,18.72,18.23,18.6,87868
2016-08-03,18.36,18.7,18.23,18.25,125811
2016-08-04,18.25,18.38,18.17,18.34,81366
2016-08-05,18.3,18.83,18.28,18.81,50967
2016-08-08,18.96,19.45,18.43,19.39,101021
2016-08-09,19.35,19.7,19.28,19.61,169553
2016-08-10,19.7,20.0,19.37,19.59,246642
2016-08-11,19.58,19.73,19.26,19.65,131111
2016-08-12,19.51,19.93,19.28,19.41,33764
2016-08-15,19.87,20.89,19.64,19.82,116254
2016-08-16,19.99,19.99,19.02,19.45,41708
2016-08-17,19.56,19.97,19.26,19.61,36235
2016-08-18,19.81,19.86,19.6,19.72,23054
2016-08-19,19.61,19.95,19.34,19.94,26641
2016-08-22,20.0,21.3,19.3,20.71,166791
2016-08-23,20.84,20.86,20.2,20.44,30409
2016-08-24,20.7,20.7,19.6,20.0,78167
2016-08-25,20.09,20.64,19.75,20.0,41768
2016-08-26,20.0,20.55,19.92,20.46,72196
2016-08-29,20.11,20.67,19.02,20.43,53587
2016-08-30,20.45,20.82,20.35,20.52,85537
2016-08-31,20.48,21.0,20.01,20.8,50612
2016-09-01,20.45,20.74,20.45,20.53,10814
2016-09-02,20.72,20.72,20.29,20.39,51655
2016-09-06,20.65,20.9,19.7,20.81,71692
2016-09-07,20.65,21.17,20.48,21.15,68506
2016-09-08,21.2,21.79,21.2,21.32,91012
2016-09-09,21.16,21.5,20.27,21.0,72705
2016-09-12,21.12,21.19,20.3,20.67,56685
2016-09-13,20.78,20.9,20.01,20.12,41019
2016-09-14,20.1,20.6,19.86,20.22,105393
2016-09-15,20.4,20.72,20.03,20.47,28848
2016-09-16,20.3,20.3,19.8,19.81,441423
2016-09-19,20.01,20.57,19.9,20.26,107067
2016-09-20,20.07,20.77,19.84,20.64,175912
2016-09-21,20.51,20.97,20.05,20.75,68257
2016-09-22,20.77,21.02,19.94,20.8,130230
2016-09-23,20.62,21.94,20.53,21.52,72425
2016-09-26,20.43,21.9,20.43,21.65,161099
2016-09-27,21.66,22.23,20.95,22.09,76894
2016-09-28,22.21,22.41,21.7,22.33,52746
2016-09-29,22.33,22.37,20.76,21.33,142790
2016-09-30,20.86,22.65,20.86,22.0,644428
2016-10-03,22.12,22.73,21.65,22.64,92578
2016-10-04,22.54,22.93,22.03,22.24,103880
2016-10-05,21.78,22.21,21.12,21.58,125168
2016-10-06,21.36,21.71,21.06,21.21,71673
2016-10-07,21.28,21.59,20.94,20.96,121352
2016-10-10,21.1,21.4,20.81,21.16,111839
2016-10-11,20.93,21.56,20.84,21.44,81995
2016-10-12,21.41,21.85,21.01,21.72,41233
2016-10-13,21.58,21.95,21.51,21.91,67220
2016-10-14,22.06,22.08,21.46,21.84,71234
2016-10-17,21.77,22.28,21.55,22.22,51552
2016-10-18,22.28,23.07,22.11,22.81,51791
2016-10-19,22.83,23.05,22.63,22.74,66398
2016-10-20,22.87,22.93,22.67,22.76,21218
2016-10-21,22.66,22.87,22.34,22.48,79189
2016-10-24,22.61,22.92,22.22,22.5,162139
2016-10-25,22.37,22.83,22.37,22.65,76192
2016-10-26,22.25,22.83,22.1,22.75,81269
2016-10-27,22.82,23.28,22.63,22.72,68419
2016-10-28,22.59,23.0,22.59,22.82,12701
2016-10-31,22.9,24.17,22.9,24.05,104891
2016-11-01,23.94,23.96,23.15,23.24,70816
2016-11-02,23.36,23.42,21.01,23.31,62615
2016-11-03,23.19,23.39,22.7,23.0,117139
2016-11-04,23.05,24.26,22.99,24.04,39945
2016-11-07,24.08,24.63,22.89,23.43,88511
2016-11-08,23.16,24.0,21.32,23.97,38623
2016-11-09,23.86,24.3,23.41,24.11,83719
2016-11-10,24.28,26.3,23.94,25.32,90495
2016-11-11,25.6,27.01,25.6,26.85,126967
2016-11-14,26.99,27.92,26.87,27.48,136247
2016-11-15,27.19,27.51,27.0,27.33,61665
2016-11-16,24.52,26.3,23.96,26.05,194702
2016-11-17,26.2,27.02,25.58,26.69,126200
2016-11-18,26.78,27.31,26.75,27.24,69832
2016-11-21,27.22,28.18,27.2,27.99,74166
2016-11-22,27.92,28.72,27.88,28.42,54045
2016-11-23,28.4,29.2,28.0,28.69,60715
2016-11-25,28.71,29.3,27.8,28.78,55849
2016-11-28,28.66,29.0,28.19,28.26,48771
2016-11-29,27.5,28.05,26.23,27.95,194813
2016-11-30,28.42,29.3,27.61,28.51,212476
2016-12-01,28.25,28.53,27.08,27.17,1604052
2016-12-02,27.5,27.64,27.0,27.22,316834
2016-12-05,27.37,28.68,27.04,28.18,222096
2016-12-06,28.11,29.71,27.85,29.53,115386
2016-12-07,29.61,30.38,29.61,29.89,79974
2016-12-08,30.02,30.26,29.84,30.08,116897
2016-12-09,30.1,31.31,29.53,30.43,279850
2016-12-12,30.45,30.83,29.52,30.59,100288
2016-12-13,30.6,31.75,29.64,30.0,63765
2016-12-14,29.86,30.03,29.62,29.81,51495
2016-12-15,29.97,30.99,29.8,30.34,56680
2016-12-16,30.4,31.59,29.87,31.03,228442
2016-12-19,31.0,31.94,30.55,31.54,59792
2016-12-20,31.73,32.17,31.6,31.9,52159
2016-12-21,31.55,32.58,31.55,32.27,41803
2016-12-22,32.47,33.71,31.79,32.71,46399
2016-12-23,32.46,33.59,32.46,33.27,18006
2016-12-27,33.53,33.79,31.0,33.53,31928
2016-12-28,33.91,34.7,33.74,34.67,97640
2016-12-29,34.91,34.91,34.16,34.47,59147
2016-12-30,34.6,34.72,33.88,34.01,31148
2017-01-03,34.33,35.08,33.9,34.09,54973
2017-01-04,34.5,34.5,33.73,33.97,130168
2017-01-05,34.0,34.14,32.73,32.83,53794
2017-01-06,32.62,33.31,31.64,31.74,117292
2017-01-09,31.64,31.88,31.05,31.38,82193
2017-01-10,31.5,32.24,31.15,31.85,76449
2017-01-11,31.69,32.06,31.36,31.65,64559
2017-01-12,31.09,31.48,30.29,31.1,91633
2017-01-13,31.34,31.91,31.16,31.57,91778
2017-01-17,31.89,32.14,30.89,31.31,35305
2017-01-18,31.5,31.6,30.92,31.44,30081
2017-01-19,31.38,31.71,31.18,31.36,53534
2017-01-20,31.46,32.06,31.13,31.72,25240
2017-01-23,31.65,31.84,31.31,31.72,22167
2017-01-24,31.75,31.75,31.04,31.1,56700
2017-01-25,31.1,31.63,30.78,31.07,38851
2017-01-26,30.88,30.88,30.41,30.6,47762
2017-01-27,30.51,30.64,30.18,30.42,26605
2017-01-30,30.37,30.37,29.55,29.95,64797
2017-01-31,29.63,29.88,28.88,29.35,51309
2017-02-01,29.32,29.94,28.69,28.86,42368
2017-02-02,29.17,29.33,28.36,28.37,129806
2017-02-03,28.51,29.07,27.19,28.16,278860
2017-02-06,28.01,29.74,27.84,29.65,108885
2017-02-07,30.02,31.39,30.02,31.14,73188
2017-02-08,31.78,32.15,29.6,29.93,143853
2017-02-09,29.98,30.05,29.6,29.95,118447
2017-02-10,29.99,30.0,29.68,29.75,118336
2017-02-13,29.68,29.94,29.47,29.5,59729
2017-02-14,29.37,29.85,28.94,29.25,147642
2017-02-15,29.19,29.54,29.19,29.34,56577
2017-02-16,29.08,29.5,28.67,29.48,188394
2017-02-17,29.32,29.83,29.32,29.71,98057
2017-02-21,29.66,29.95,29.45,29.75,102612
2017-02-22,29.84,30.08,29.5,30.0,72834
2017-02-23,30.09,30.09,29.59,29.91,41204
2017-02-24,30.66,30.66,29.75,29.88,39825
2017-02-27,29.94,30.04,29.4,29.53,84864
2017-02-28,29.57,29.88,29.13,29.35,161721
2017-03-01,30.0,30.38,29.2,30.21,107782
2017-03-02,30.26,31.44,29.79,30.91,98221
2017-03-03,30.75,31.65,30.67,31.51,82803
2017-03-06,31.27,32.61,30.38,30.8,77967
2017-03-07,31.36,31.36,30.6,30.78,59060
2017-03-08,30.91,31.18,30.9,30.95,51569
2017-03-09,30.82,31.4,30.82,31.02,33580
2017-03-10,31.02,31.58,30.8,31.38,41449
2017-03-13,31.35,32.52,31.35,32.15,55709
2017-03-14,32.53,32.53,31.06,31.79,30187
2017-03-15,31.92,32.44,31.88,32.38,24148
2017-03-16,32.6,33.2,32.08,32.38,36065
2017-03-17,32.2,32.79,30.36,32.61,166201
2017-03-20,33.17,33.33,31.26,32.47,32200
2017-03-21,32.72,32.72,31.67,32.36,50318
2017-03-22,32.2,32.2,31.44,31.74,43822
2017-03-23,31.91,32.89,31.49,32.51,54682
2017-03-24,32.13,33.16,31.99,32.6,45335
2017-03-27,32.46,32.96,32.29,32.7,42914
2017-03-28,31.43,32.83,31.43,32.73,41120
2017-03-29,32.82,32.82,31.89,31.95,18008
2017-03-30,32.03,32.43,31.69,32.19,28137
2017-03-31,32.25,32.25,31.88,32.04,45138
2017-04-03,31.84,32.19,31.57,31.9,29733
2017-04-04,31.61,32.24,31.61,32.09,48301
2017-04-05,32.02,32.25,31.1,31.38,43658
2017-04-06,31.31,31.99,30.78,31.96,53399
2017-04-07,31.79,32.27,31.03,32.18,21513
2017-04-10,32.32,32.66,31.86,32.11,39027
2017-04-11,32.17,32.47,31.75,32.38,21577
2017-04-12,32.23,32.52,31.98,32.41,30548
2017-04-13,32.58,32.72,32.1,32.39,25835
2017-04-17,32.54,32.99,32.24,32.87,20260
2017-04-18,32.75,32.89,32.38,32.83,19967
2017-04-19,32.87,33.08,32.44,32.96,56303
2017-04-20,33.08,33.76,33.03,33.69,32717
2017-04-21,33.42,33.99,33.42,33.92,31316
2017-04-24,34.0,35.09,31.56,34.91,48803
2017-04-25,35.22,36.02,34.9,35.02,84740
2017-04-26,35.01,36.95,35.01,35.82,106112
2017-04-27,36.02,36.44,35.48,36.19,99802
2017-04-28,36.11,36.82,35.7,36.16,101345
2017-05-01,36.25,36.74,35.64,36.1,107066
2017-05-02,36.11,36.34,35.78,36.13,63657
2017-05-03,35.93,36.96,35.93,36.11,92333
2017-05-04,36.62,36.83,36.01,36.57,38484
2017-05-05,36.0,36.04,34.41,35.1,166125
2017-05-08,35.18,35.79,34.52,34.84,98650
2017-05-09,34.8,35.84,34.75,35.02,98685
2017-05-10,34.91,35.7,34.76,35.19,86093
2017-05-11,34.52,35.32,34.52,34.73,113187
2017-05-12,32.62,34.0,32.0,33.8,2372407
2017-05-15,33.99,34.31,33.55,33.8,174939
2017-05-16,34.02,34.1,33.35,33.97,187063
2017-05-17,33.56,34.35,33.39,33.56,224125
2017-05-18,33.68,34.38,33.03,34.31,122469
2017-05-19,34.37,34.59,34.23,34.4,121717
2017-05-22,34.41,35.32,34.41,35.13,110012
2017-05-23,35.31,35.66,34.84,35.37,129439
2017-05-24,35.28,37.0,35.28,36.76,208317
2017-05-25,36.83,37.3,36.55,37.18,182960
2017-05-26,37.03,37.63,35.84,35.84,276688
2017-05-30,35.99,36.56,35.38,36.23,117029
2017-05-31,36.37,36.83,35.71,36.24,181066
2017-06-01,36.8,37.0,36.02,36.99,83233
2017-06-02,36.91,38.04,36.56,36.93,126593
2017-06-05,37.16,37.16,36.14,36.17,59384
2017-06-06,36.0,36.1,35.15,35.22,90517
2017-06-07,35.28,35.65,35.0,35.42,51085
2017-06-08,35.46,36.54,35.44,36.44,67459
2017-06-09,36.61,36.76,35.62,35.76,80230
2017-06-12,35.77,36.08,35.0,35.17,96958
2017-06-13,35.25,36.23,35.25,35.88,53050
2017-06-14,35.93,36.76,35.63,36.58,82422
2017-06-15,36.37,36.9,36.2,36.69,58346
2017-06-16,36.45,37.25,36.45,37.22,98656
2017-06-19,37.43,37.55,36.83,37.06,90667
2017-06-20,36.99,37.31,36.45,36.7,59584
2017-06-21,36.88,36.9,36.22,36.62,55256
2017-06-22,36.73,36.73,35.45,35.99,97486
2017-06-23,36.65,36.82,35.48,36.72,1146945
2017-06-26,36.53,38.32,36.14,37.52,121122
2017-06-27,37.97,37.97,36.97,37.15,69228
2017-06-28,37.46,38.03,36.96,37.88,73598
2017-06-29,38.14,38.14,36.76,37.25,67336
2017-06-30,37.13,37.7,36.94,37.31,70344
2017-07-03,37.4,37.85,37.32,37.45,30312
2017-07-05,37.7,37.7,36.61,37.22,39019
2017-07-06,36.99,37.2,36.07,36.26,47710
2017-07-07,36.13,37.07,35.04,36.97,50000
2017-07-10,36.78,37.01,36.23,36.67,58503
2017-07-11,36.65,37.3,36.16,36.62,42935
2017-07-12,36.8,37.22,36.68,37.03,55007
2017-07-13,36.98,36.98,36.55,36.95,44058
2017-07-14,36.8,37.36,36.33,36.91,54097
2017-07-17,36.89,37.3,36.62,36.95,64010
2017-07-18,36.93,37.12,36.73,37.01,72924
2017-07-19,36.9,37.25,36.79,37.1,58457
2017-07-20,37.22,37.8,36.3,37.78,102934
2017-07-21,37.96,38.52,37.68,38.31,100330
2017-07-24,38.46,42.09,38.33,38.98,83622
2017-07-25,40.3,40.3,39.05,39.97,66139
2017-07-26,39.9,40.07,39.3,39.3,121082
2017-07-27,39.32,39.32,37.67,38.36,70567
2017-07-28,39.66,39.66,38.18,38.69,42236
2017-07-31,39.1,39.3,38.14,38.92,53729
2017-08-01,39.11,39.49,38.54,39.0,51706
