Date,Open,High,Low,Close,Volume
2011-01-03,6.66,7.03,6.65,7.0,71738
2011-01-04,6.95,7.05,6.75,7.05,8857
2011-01-05,6.93,7.0,6.88,7.0,1728
2011-01-06,6.9,7.0,6.86,6.96,28258
2011-01-07,6.9,7.0,6.53,7.0,11459
2011-01-10,6.9,7.0,6.61,6.81,12789
2011-01-11,7.0,7.17,7.0,7.17,10383
2011-01-12,6.99,7.08,6.84,7.03,9068
2011-01-13,7.0,7.05,6.8,6.8,21664
2011-01-14,,,,6.88,0
2011-01-18,6.79,6.79,6.56,6.7,17537
2011-01-19,6.75,6.76,6.67,6.67,7160
2011-01-20,6.91,6.91,6.65,6.7,12963
2011-01-21,6.69,6.7,6.69,6.7,300
2011-01-24,,,,6.69,0
2011-01-25,6.74,6.74,6.69,6.69,4395
2011-01-26,6.76,6.81,6.69,6.69,11228
2011-01-27,6.28,6.28,6.28,6.28,200
2011-01-28,6.93,6.95,6.39,6.5,8181
2011-01-31,6.81,6.89,6.71,6.89,5816
2011-02-01,6.92,7.0,6.65,6.72,48347
2011-02-02,6.8,6.9,6.78,6.8,6962
2011-02-03,6.6,6.88,6.0,6.68,14232
2011-02-04,6.41,6.76,6.41,6.76,4900
2011-02-07,6.64,6.78,6.64,6.7,4985
2011-02-08,6.84,6.84,6.5,6.71,5099
2011-02-09,6.74,7.0,6.64,7.0,10852
2011-02-10,6.9,6.91,6.71,6.71,3600
2011-02-11,6.97,6.97,6.68,6.69,1715
2011-02-14,6.82,6.92,6.7,6.92,6340
2011-02-15,6.91,6.97,6.76,6.97,25941
2011-02-16,6.83,7.08,6.8,6.9,63123
2011-02-17,6.91,6.92,6.5,6.82,7152
2011-02-18,,,,6.7,0
2011-02-22,6.7,6.74,6.59,6.59,17350
2011-02-23,6.6,6.6,6.5,6.58,17700
2011-02-24,6.54,6.54,6.44,6.46,14171
2011-02-25,6.46,6.63,6.4,6.63,39608
2011-02-28,6.56,6.85,6.55,6.8,10644
2011-03-01,6.76,6.9,6.73,6.73,8801
2011-03-02,6.77,7.07,6.77,6.99,2000
2011-03-03,6.99,6.99,6.86,6.86,6645
2011-03-04,6.92,6.98,6.92,6.96,1990
2011-03-07,,,,6.98,0
2011-03-08,6.99,6.99,6.98,6.98,1600
2011-03-09,6.99,7.0,6.99,7.0,900
2011-03-10,6.99,6.99,6.95,6.99,1700
2011-03-11,6.99,6.99,6.95,6.95,6400
2011-03-14,6.75,6.95,6.75,6.95,25291
2011-03-15,6.97,7.11,6.92,6.92,10115
2011-03-16,6.93,6.94,6.85,6.85,6412
2011-03-17,6.85,6.86,6.8,6.82,3125
2011-03-18,,,,7.73,0
2011-03-21,7.47,7.5,7.2,7.2,17666
2011-03-22,7.2,7.34,6.94,7.28,21442
2011-03-23,7.26,7.4,7.26,7.4,19990
2011-03-24,7.37,7.4,7.2,7.3,23220
2011-03-25,7.28,7.46,7.0,7.46,21410
2011-03-28,7.46,7.46,7.19,7.36,1645
2011-03-29,7.31,7.35,7.25,7.35,1600
2011-03-30,7.4,7.49,7.4,7.4,2100
2011-03-31,7.42,7.55,7.26,7.42,17328
2011-04-01,7.5,7.5,7.33,7.4,33905
2011-04-04,7.36,7.42,7.35,7.39,13694
2011-04-05,7.37,7.48,7.37,7.47,2100
2011-04-06,7.41,7.41,7.26,7.26,8029
2011-04-07,7.41,7.41,7.26,7.37,4092
2011-04-08,7.32,7.35,7.0,7.02,15696
2011-04-11,7.0,7.18,7.0,7.05,9712
2011-04-12,7.03,7.11,7.03,7.09,3120
2011-04-13,7.06,7.13,7.0,7.0,10603
2011-04-14,7.0,7.09,7.0,7.09,1300
2011-04-15,6.98,7.1,6.98,7.0,8251
2011-04-18,6.95,6.98,6.91,6.98,3488
2011-04-19,6.97,6.97,6.92,6.96,1000
2011-04-20,,,,6.95,0
2011-04-21,,,,6.99,0
2011-04-25,,,,6.97,0
2011-04-26,6.96,6.96,6.9,6.9,1890
2011-04-27,6.86,6.95,6.85,6.89,16098
2011-04-28,6.9,7.0,6.9,6.94,16300
2011-04-29,6.97,6.97,6.89,6.89,2331
2011-05-02,6.93,6.93,6.89,6.89,6102
2011-05-03,6.86,6.89,6.85,6.87,600
2011-05-04,,,,6.81,0
2011-05-06,6.88,6.9,6.81,6.88,7300
2011-05-09,6.82,6.82,6.77,6.77,10275
2011-05-10,6.75,6.77,6.53,6.6,2722
2011-05-11,6.6,6.64,6.6,6.6,2011
2011-05-12,6.54,6.65,6.5,6.5,9690
2011-05-13,6.48,6.52,6.33,6.36,27419
2011-05-16,6.35,6.43,6.35,6.4,2900
2011-05-17,6.27,6.29,6.15,6.2,13941
2011-05-18,6.19,6.25,6.1,6.2,28306
2011-05-19,6.18,6.25,6.18,6.25,127095
2011-05-20,6.28,6.28,6.22,6.27,3184
2011-05-23,6.25,6.25,6.2,6.2,6535
2011-05-24,,,,6.2,0
2011-05-25,6.25,6.25,6.25,6.25,7667
2011-05-26,6.29,6.37,6.25,6.37,10330
2011-05-27,,,,6.35,0
2011-05-31,,,,6.48,0
2011-06-01,2.5,2.5,2.5,2.5,200
2011-06-02,7.48,7.48,6.08,6.99,11518
2011-06-03,6.89,6.89,6.24,6.29,9017
2011-06-06,6.13,6.22,5.98,6.15,25428
2011-06-07,6.2,6.25,6.15,6.25,3168
2011-06-08,6.03,6.2,6.03,6.1,2604
2011-06-09,6.1,6.15,6.05,6.15,5978
2011-06-10,6.1,6.1,5.96,5.96,16450
2011-06-13,5.9,6.01,5.77,5.89,8979
2011-06-14,5.88,5.88,5.55,5.73,19893
2011-06-15,5.75,5.79,5.69,5.7,15062
2011-06-16,5.6,5.7,5.6,5.69,5093
2011-06-17,5.7,5.7,5.55,5.55,13592
2011-06-20,5.71,5.71,5.27,5.51,15556
2011-06-21,5.51,5.66,5.51,5.66,15367
2011-06-22,5.63,5.7,5.63,5.66,5849
2011-06-23,5.68,5.74,5.62,5.64,9600
2011-06-24,5.65,5.9,5.65,5.89,45831
2011-06-27,5.73,5.83,5.73,5.74,488
2011-06-28,5.77,5.99,5.6,5.73,14379
2011-06-29,5.68,5.75,5.67,5.73,4322
2011-06-30,5.69,5.7,5.6,5.6,4833
2011-07-01,5.7,5.75,5.7,5.75,23860
2011-07-05,5.78,5.8,5.78,5.8,200
2011-07-06,5.87,6.0,5.87,5.99,1000
2011-07-07,5.99,6.09,5.99,6.09,11788
2011-07-08,6.06,6.06,6.06,6.06,300
2011-07-11,6.04,6.04,5.9,5.96,9084
2011-07-12,5.77,6.05,5.77,6.05,4200
2011-07-13,6.05,6.2,6.05,6.11,10999
2011-07-14,5.95,6.0,5.95,6.0,6700
2011-07-15,6.11,6.19,6.11,6.11,2682
2011-07-18,6.18,6.19,6.15,6.15,1000
2011-07-19,6.11,6.2,6.11,6.12,3600
2011-07-20,6.19,6.28,6.19,6.28,4000
2011-07-21,6.25,6.36,6.25,6.34,10687
2011-07-22,6.27,6.5,6.23,6.35,5635
2011-07-25,,,,6.33,0
2011-07-26,6.48,6.89,6.11,6.85,15392
2011-07-27,6.9,7.25,6.71,7.15,9041
2011-07-28,7.1,8.14,7.1,7.5,21721
2011-07-29,7.3,7.5,7.25,7.33,5900
2011-08-01,7.25,7.28,7.07,7.25,18050
2011-08-02,7.15,7.05,6.8,6.8,17176
2011-08-03,7.0,7.23,6.8,7.19,14507
2011-08-04,7.04,7.18,6.85,6.85,12995
2011-08-05,6.56,6.87,6.37,6.87,6344
2011-08-08,6.2,6.44,6.2,6.42,3568
2011-08-09,6.07,6.35,5.6,5.91,19775
2011-08-10,5.85,5.9,5.45,5.5,25876
2011-08-11,5.6,5.61,5.31,5.31,51054
2011-08-12,5.34,5.62,5.31,5.5,12660
2011-08-15,5.4,5.48,5.4,5.48,532
2011-08-16,5.5,5.5,5.39,5.44,25022
2011-08-17,5.5,5.52,5.32,5.33,6371
2011-08-18,5.43,6.87,5.26,5.53,22830
2011-08-19,5.47,5.65,5.47,5.62,3794
2011-08-22,5.6,5.6,5.28,5.28,2420
2011-08-23,5.49,5.6,5.25,5.35,9790
2011-08-24,5.46,5.6,5.4,5.6,5077
2011-08-25,5.6,5.6,5.37,5.5,3966
2011-08-26,5.4,5.5,5.35,5.4,16425
2011-08-29,5.29,5.53,5.29,5.47,7393
2011-08-30,5.44,5.5,5.44,5.5,1799
2011-08-31,5.28,5.57,5.26,5.35,9910
2011-09-01,5.45,5.5,5.31,5.33,8246
2011-09-02,5.32,5.45,5.08,5.11,13407
2011-09-07,5.25,5.3,5.25,5.3,6758
2011-09-08,5.3,5.3,5.17,5.17,1400
2011-09-09,5.29,5.35,5.19,5.19,3275
2011-09-12,5.16,5.19,4.95,4.95,9395
2011-09-13,5.0,5.25,5.0,5.0,10900
2011-09-14,5.18,5.18,4.91,4.98,1400
2011-09-15,5.12,5.12,4.8,4.8,9300
2011-09-16,4.78,4.8,4.28,4.3,9920
2011-09-19,4.21,4.32,3.99,4.28,27949
2011-09-20,4.37,4.43,4.35,4.43,1010
2011-09-21,4.64,5.05,4.47,5.05,65772
2011-09-22,4.92,4.92,4.38,4.48,6148
2011-09-23,4.38,4.48,4.38,4.48,200
2011-09-26,4.52,4.54,4.5,4.5,2698
2011-09-27,4.52,4.58,4.52,4.55,4710
2011-09-28,4.57,4.57,4.56,4.56,1024
2011-09-29,4.55,4.67,4.31,4.31,7297
2011-09-30,4.08,4.31,4.07,4.07,2304
2011-10-03,4.17,4.21,4.14,4.15,8055
2011-10-04,4.17,4.17,4.08,4.08,3060
2011-10-06,4.29,4.67,4.29,4.67,12850
2011-10-07,4.59,4.6,4.5,4.51,4512
2011-10-10,4.56,4.56,4.56,4.56,400
2011-10-11,4.6,4.6,4.57,4.57,825
2011-10-12,4.51,4.51,4.36,4.5,4900
2011-10-13,4.5,4.52,4.5,4.52,1000
2011-10-17,4.34,4.94,4.3,4.84,1396
2011-10-18,4.63,4.91,4.21,4.79,1812
2011-10-20,4.73,4.73,4.73,4.73,239
2011-10-25,4.7,4.8,4.69,4.75,4772
2011-10-26,4.74,4.77,4.74,4.74,21906
2011-10-27,4.77,4.77,4.6,4.7,15463
2011-10-28,4.52,4.8,4.52,4.8,1600
2011-10-31,4.8,4.8,4.8,4.8,100
2011-11-01,4.8,5.13,4.8,5.0,5749
2011-11-02,5.0,5.09,5.0,5.09,2600
2011-11-03,5.09,5.09,5.0,5.0,3199
2011-11-04,5.09,5.17,5.09,5.09,3799
2011-11-07,5.1,5.1,4.8,4.8,922
2011-11-08,4.98,5.0,4.8,4.84,5285
2011-11-09,4.81,4.85,4.8,4.85,2275
2011-11-10,4.98,4.99,4.3,4.88,49557
2011-11-11,4.47,4.97,4.45,4.96,21734
2011-11-15,4.83,4.99,4.75,4.88,2900
2011-11-16,4.87,4.87,4.87,4.87,200
2011-11-17,4.93,4.93,4.7,4.75,2246
2011-11-18,4.77,4.8,4.77,4.8,1312
2011-11-21,4.62,4.65,4.6,4.6,2380
2011-11-22,4.65,4.77,4.65,4.77,1109
2011-11-23,4.7,4.7,4.47,4.6,5824
2011-11-25,4.6,4.6,4.6,4.6,100
2011-11-28,4.73,4.76,4.64,4.7,12562
2011-11-29,4.6,4.62,4.57,4.57,5250
2011-11-30,4.7,4.97,4.6,4.87,4402
2011-12-01,4.7,4.7,4.51,4.51,3322
2011-12-02,4.53,4.53,4.53,4.53,300
2011-12-05,,,,4.37,0
2011-12-06,4.58,4.89,4.58,4.7,7782
2011-12-07,4.58,4.7,4.58,4.7,2335
2011-12-08,4.7,4.7,4.4,4.4,3631
2011-12-09,4.49,4.75,4.49,4.67,3075
2011-12-12,4.84,4.84,4.84,4.84,100
2011-12-13,4.85,4.9,4.68,4.9,4103
2011-12-14,4.91,4.91,4.43,4.75,6822
2011-12-15,4.72,4.74,4.64,4.65,734
2011-12-16,4.71,4.78,4.71,4.78,2947
2011-12-19,4.79,4.79,4.79,4.79,380
2011-12-20,4.96,5.0,4.7,4.89,9707
2011-12-22,4.91,4.91,4.91,4.91,100
2011-12-23,4.58,4.91,4.58,4.78,2500
2011-12-27,4.5,4.72,4.5,4.64,11684
2011-12-28,4.61,4.61,4.3,4.35,45600
2011-12-29,4.33,4.43,4.33,4.4,11737
2011-12-30,4.4,4.98,4.4,4.65,34338
2012-01-03,4.58,4.95,4.58,4.95,26960
2012-01-04,4.98,5.0,4.9,4.92,14246
2012-01-05,5.0,5.0,4.9,4.95,2756
2012-01-06,4.9,4.99,4.9,4.99,337
2012-01-09,4.9,4.99,4.9,4.99,7106
2012-01-10,5.09,5.6,5.08,5.22,48545
2012-01-11,5.39,6.31,5.2,5.2,20417
2012-01-12,5.27,5.6,5.27,5.6,10710
2012-01-13,5.67,5.85,5.6,5.74,3900
2012-01-17,5.66,6.0,5.6,5.92,2535
2012-01-18,6.02,6.02,5.61,6.0,798
2012-01-19,5.93,5.93,5.6,5.68,28405
2012-01-20,6.19,6.32,5.61,5.91,3900
2012-01-23,5.95,5.99,5.95,5.97,2400
2012-01-24,5.86,5.97,5.86,5.88,4092
2012-01-25,5.83,5.83,5.79,5.8,1300
2012-01-26,5.77,5.84,5.75,5.84,2218
2012-01-27,5.98,5.98,5.98,5.98,100
2012-01-30,5.92,5.92,5.48,5.65,900
2012-01-31,5.7,5.86,5.7,5.8,8633
2012-02-01,5.61,5.95,5.61,5.95,3190
2012-02-02,5.5,5.94,5.5,5.94,800
2012-02-03,5.91,5.94,5.9,5.9,1700
2012-02-06,5.88,5.88,5.88,5.88,100
2012-02-07,5.9,5.91,5.88,5.91,3260
2012-02-08,5.88,5.95,5.88,5.93,6488
2012-02-09,5.85,5.99,5.85,5.99,5897
2012-02-10,5.75,6.0,5.75,5.91,580
2012-02-13,6.0,6.47,5.81,6.4,21925
2012-02-14,6.29,6.48,6.2,6.3,3303
2012-02-15,6.39,6.5,6.12,6.4,10600
2012-02-16,6.4,6.4,6.36,6.36,5502
2012-02-17,6.18,6.39,6.0,6.2,17546
2012-02-21,6.03,6.09,5.6,5.6,26363
2012-02-22,5.68,5.75,5.68,5.75,7537
2012-02-23,5.74,5.75,5.7,5.75,7300
2012-02-24,5.79,5.95,5.75,5.9,15131
2012-02-27,5.85,5.85,5.7,5.79,21769
2012-02-28,5.8,5.8,5.6,5.79,14355
2012-02-29,5.69,5.75,5.6,5.74,8514
2012-03-01,5.81,5.84,5.6,5.75,2266
2012-03-02,5.75,5.8,5.75,5.8,1000
2012-03-05,5.61,5.62,5.6,5.6,8800
2012-03-06,5.54,5.8,5.4,5.79,5257
2012-03-07,5.79,5.8,5.5,5.8,120124
2012-03-08,5.8,5.8,5.75,5.79,2087
2012-03-09,5.75,5.81,5.6,5.8,26421
2012-03-12,5.41,5.79,5.4,5.79,6911
2012-03-13,5.8,5.8,5.65,5.79,7521
2012-03-14,5.62,5.8,5.6,5.8,7750
2012-03-15,5.75,5.93,5.72,5.91,5895
2012-03-16,5.7,6.53,5.7,6.25,432303
2012-03-19,6.25,6.5,6.11,6.5,16366
2012-03-20,6.01,7.65,6.01,7.22,200963
2012-03-21,7.29,8.1,7.11,8.01,228974
2012-03-22,7.92,8.03,7.71,8.0,72995
2012-03-23,8.0,8.07,7.93,8.07,22661
2012-03-26,8.1,8.15,8.0,8.02,14982
2012-03-27,8.09,8.2,8.0,8.2,12622
2012-03-28,8.22,8.22,7.88,7.88,25016
2012-03-29,7.88,8.75,7.85,8.51,60611
2012-03-30,8.56,8.75,7.88,8.5,9171
2012-04-02,8.34,8.75,8.28,8.59,80625
2012-04-03,8.58,8.62,7.93,8.17,48101
2012-04-04,8.02,8.56,7.85,8.44,57877
2012-04-05,8.24,8.5,8.23,8.5,54575
2012-04-09,8.19,8.78,8.19,8.6,30502
2012-04-10,7.76,8.52,7.76,8.48,24864
2012-04-11,8.49,8.5,8.39,8.48,8747
2012-04-12,8.39,9.4,8.39,9.15,58216
2012-04-13,9.15,9.15,8.82,8.97,41650
2012-04-16,8.99,9.15,8.23,9.06,13776
2012-04-17,9.0,9.2,8.91,9.0,54163
2012-04-18,9.09,9.09,9.0,9.01,4500
2012-04-19,8.97,9.38,8.97,9.12,24868
2012-04-20,9.24,9.24,8.37,9.07,28835
2012-04-23,8.94,9.21,8.34,9.1,62220
2012-04-24,9.11,9.2,9.08,9.12,18049
2012-04-25,9.25,9.3,8.99,9.3,18887
2012-04-26,9.37,9.43,8.86,8.99,25686
2012-04-27,9.16,9.39,9.05,9.34,15695
2012-04-30,9.29,9.46,9.17,9.46,30970
2012-05-01,9.34,9.44,8.87,9.42,21339
2012-05-02,9.35,9.5,9.28,9.49,16947
2012-05-03,9.3,9.48,8.77,8.93,32471
2012-05-04,9.03,9.03,8.25,8.55,20015
2012-05-07,8.34,8.94,8.34,8.48,17527
2012-05-08,8.2,8.7,7.95,8.48,18193
2012-05-09,8.32,8.75,8.3,8.3,11015
2012-05-10,8.36,8.92,8.36,8.75,34102
2012-05-11,8.2,8.26,7.79,8.0,163879
2012-05-14,8.05,8.16,7.95,8.0,28654
2012-05-15,8.2,8.54,7.85,7.85,33880
2012-05-16,7.89,8.25,7.89,8.0,24397
2012-05-17,8.0,8.01,7.8,7.99,41551
2012-05-18,7.91,8.06,7.58,7.7,11079
2012-05-21,7.26,7.26,6.39,6.97,57839
2012-05-22,6.89,7.54,6.7,7.45,30585
2012-05-23,7.25,7.45,7.19,7.43,5062
2012-05-24,7.3,7.45,7.04,7.12,14700
2012-05-25,7.01,7.09,6.97,7.09,19226
2012-05-29,7.1,7.15,6.9,6.99,21575
2012-05-30,6.83,7.15,6.8,6.93,13715
2012-05-31,6.84,7.22,6.8,7.01,8006
2012-06-01,6.93,7.21,6.8,6.93,5304
2012-06-04,6.93,7.16,6.8,6.81,32528
2012-06-05,6.9,7.19,6.85,7.01,17132
2012-06-06,6.88,7.31,6.88,7.01,24145
2012-06-07,7.01,7.3,7.0,7.22,36690
2012-06-08,7.17,7.58,7.05,7.29,23684
2012-06-11,7.29,7.43,7.0,7.0,16862
2012-06-12,7.22,7.4,7.0,7.03,28947
2012-06-13,7.06,7.3,7.01,7.1,10900
2012-06-14,7.14,7.32,7.0,7.1,30261
2012-06-15,7.15,7.41,7.09,7.3,27217
2012-06-18,7.33,8.3,7.06,8.1,81851
2012-06-19,8.17,8.17,7.8,7.87,27814
2012-06-20,7.82,7.99,7.8,7.88,24246
2012-06-21,8.17,8.17,7.83,7.9,61976
2012-06-22,7.96,8.25,7.65,7.75,1242853
2012-06-25,7.69,7.76,7.38,7.61,22839
2012-06-26,7.62,7.75,7.35,7.75,14260
2012-06-27,7.72,8.06,7.72,7.95,13468
2012-06-28,7.84,7.84,7.51,7.69,16220
2012-06-29,7.78,8.11,7.43,7.98,37473
2012-07-02,7.88,8.11,7.55,8.07,33462
2012-07-03,8.07,8.22,8.07,8.22,10908
2012-07-05,8.17,8.29,8.14,8.2,4934
2012-07-06,8.17,8.17,7.86,8.08,7258
2012-07-09,8.1,8.17,7.97,7.98,13538
2012-07-10,8.02,8.09,7.85,7.86,12248
2012-07-11,7.91,8.02,7.87,7.88,9947
2012-07-12,7.58,7.92,7.48,7.76,29936
2012-07-13,7.82,7.99,7.62,7.79,18863
2012-07-16,7.75,7.76,7.59,7.73,6256
2012-07-17,7.73,7.98,7.73,7.92,7504
2012-07-18,7.88,8.09,7.65,7.98,14873
2012-07-19,8.04,8.04,7.74,7.75,7099
2012-07-20,7.68,8.11,7.68,7.78,12171
2012-07-23,7.69,7.7,7.56,7.6,14566
2012-07-24,7.56,7.6,7.47,7.58,21396
2012-07-25,7.58,7.84,7.57,7.62,13416
2012-07-26,7.69,7.78,7.6,7.69,3362
2012-07-27,7.68,8.04,7.49,7.9,19887
2012-07-30,7.89,8.0,7.68,7.87,7192
2012-07-31,7.82,8.0,7.71,7.77,8964
2012-08-01,7.77,7.77,7.56,7.56,27380
2012-08-02,7.45,7.89,7.3,7.58,13855
2012-08-03,7.5,7.9,7.5,7.87,13306
2012-08-06,7.84,7.85,7.41,7.65,8721
2012-08-07,7.65,7.72,7.6,7.68,20555
2012-08-08,7.62,7.9,7.6,7.71,14905
2012-08-09,6.54,6.66,6.1,6.37,57043
2012-08-10,6.34,6.34,5.78,5.84,22370
2012-08-13,5.79,5.81,5.65,5.81,11053
2012-08-14,5.82,5.93,5.57,5.67,34653
2012-08-15,5.63,5.7,4.91,5.18,66876
2012-08-16,5.23,5.36,5.18,5.36,9824
2012-08-17,5.4,5.4,4.72,4.86,51307
2012-08-20,4.86,5.26,4.86,5.09,11612
2012-08-21,5.08,5.19,5.0,5.0,14235
2012-08-22,4.73,5.14,4.73,5.07,105988
2012-08-23,5.04,5.18,4.96,5.09,21792
2012-08-24,5.08,5.45,5.08,5.16,14973
2012-08-27,5.14,5.16,5.06,5.15,62142
2012-08-28,5.16,5.65,5.01,5.18,23166
2012-08-29,5.16,5.39,5.1,5.23,17716
2012-08-30,5.18,5.71,5.16,5.59,44818
2012-08-31,5.62,5.75,5.3,5.55,27085
2012-09-04,5.51,5.7,5.33,5.65,277238
2012-09-05,5.56,6.0,5.5,5.89,42727
2012-09-06,5.99,6.25,5.86,6.08,46399
2012-09-07,6.06,6.25,5.93,6.09,32235
2012-09-10,6.05,6.08,5.91,5.99,17225
2012-09-11,5.95,5.99,5.9,5.94,14554
2012-09-12,6.04,6.04,5.58,5.91,31484
2012-09-13,5.86,6.12,5.75,6.04,67306
2012-09-14,6.01,6.37,6.01,6.28,27611
2012-09-17,6.24,6.24,5.87,6.01,15717
2012-09-18,5.98,5.98,5.59,5.72,27764
2012-09-19,5.76,5.94,5.74,5.86,13537
2012-09-20,5.81,5.83,5.66,5.79,5514
2012-09-21,5.98,6.26,5.9,6.05,47662
2012-09-24,6.08,6.08,5.85,6.03,8788
2012-09-25,6.02,6.14,5.99,6.0,27613
2012-09-26,5.99,5.99,5.84,5.93,11468
2012-09-27,5.83,6.01,5.82,5.99,11764
2012-09-28,5.89,6.0,5.84,5.92,15710
2012-10-01,5.92,5.97,5.67,5.75,29221
2012-10-02,5.77,5.77,5.62,5.75,11392
2012-10-03,5.8,5.82,5.69,5.79,12428
2012-10-04,5.9,5.9,5.5,5.63,17093
2012-10-05,5.63,5.71,5.5,5.53,7438
2012-10-08,5.54,5.76,5.35,5.39,10201
2012-10-09,5.39,5.54,5.35,5.37,17947
2012-10-10,5.41,5.49,5.35,5.47,4582
2012-10-11,5.5,5.5,5.4,5.45,6286
2012-10-12,5.44,5.49,5.35,5.37,5239
2012-10-15,5.37,5.49,5.36,5.47,12989
2012-10-16,5.5,5.5,5.35,5.43,5746
2012-10-17,5.43,5.65,5.35,5.53,19818
2012-10-18,5.5,5.53,5.42,5.45,4280
2012-10-19,5.42,5.52,5.35,5.35,11944
2012-10-22,5.3,5.39,5.3,5.37,7822
2012-10-23,5.37,5.47,5.37,5.41,3911
2012-10-24,5.44,5.51,5.4,5.4,3333
2012-10-25,5.5,5.5,5.35,5.44,5081
2012-10-26,5.46,5.46,5.31,5.33,14678
2012-10-31,5.31,5.55,5.31,5.53,11519
2012-11-01,5.47,5.78,5.47,5.73,42622
2012-11-02,5.72,5.72,5.34,5.39,11754
2012-11-05,5.3,5.48,5.25,5.37,31380
2012-11-06,5.4,5.59,5.27,5.51,13169
2012-11-07,5.47,5.49,5.25,5.26,32768
2012-11-08,5.26,5.32,5.0,5.04,23890
2012-11-09,5.0,5.16,4.75,4.87,24848
2012-11-12,4.87,4.88,4.75,4.88,6634
2012-11-13,4.87,4.97,4.75,4.85,13374
2012-11-14,4.85,4.96,4.75,4.75,21359
2012-11-15,4.77,4.98,4.75,4.89,24911
2012-11-16,4.88,4.9,4.8,4.87,23243
2012-11-19,4.91,4.95,4.85,4.94,6274
2012-11-20,4.92,4.94,4.92,4.93,3886
2012-11-21,4.89,5.07,4.89,4.98,5217
2012-11-23,5.0,5.0,4.9,4.99,4493
2012-11-26,4.88,5.08,4.88,4.89,17434
2012-11-27,4.94,5.05,4.88,4.93,9127
2012-11-28,4.94,4.98,4.89,4.98,4567
2012-11-29,4.98,5.13,4.89,5.08,9662
2012-11-30,5.11,5.12,5.01,5.11,7254
2012-12-03,5.13,5.41,5.0,5.14,21090
2012-12-04,5.15,5.15,5.11,5.12,11364
2012-12-05,5.12,5.24,5.1,5.15,23440
2012-12-06,5.14,5.25,5.1,5.2,47613
2012-12-07,5.23,5.25,5.15,5.25,5062
2012-12-10,5.13,5.21,5.13,5.21,19823
2012-12-11,5.25,5.25,5.1,5.2,12291
2012-12-12,5.19,5.19,5.12,5.13,12366
2012-12-13,5.13,5.13,4.77,4.78,15763
2012-12-14,4.75,4.96,4.73,4.96,16907
2012-12-17,4.96,5.02,4.8,4.8,14187
2012-12-18,4.79,5.25,4.79,5.25,7822
2012-12-19,5.16,5.18,5.06,5.14,14668
2012-12-20,5.15,5.15,4.89,4.96,52359
2012-12-21,5.0,5.0,4.61,4.95,75650
2012-12-24,4.94,4.99,4.94,4.99,2449
2012-12-26,5.01,5.07,4.92,4.98,10874
2012-12-27,5.0,5.02,4.58,4.74,47997
2012-12-28,4.74,4.96,4.7,4.74,15623
2012-12-31,4.75,5.0,4.75,4.97,49498
2013-01-02,5.1,5.1,4.75,5.01,58843
2013-01-03,5.03,5.09,4.89,4.97,19961
2013-01-04,5.02,5.07,4.83,5.0,34337
2013-01-07,4.96,5.05,4.85,4.92,19030
2013-01-08,4.9,5.03,4.82,4.99,10272
2013-01-09,5.03,5.07,4.92,5.04,3869
2013-01-10,5.04,5.06,4.87,5.04,25631
2013-01-11,5.09,5.19,5.02,5.12,26450
2013-01-14,5.1,5.14,5.0,5.1,19203
2013-01-15,5.06,5.1,5.01,5.04,22388
2013-01-16,5.0,5.0,4.87,4.93,5155
2013-01-17,4.91,5.1,4.91,5.06,6283
2013-01-18,5.05,5.12,4.9,4.98,45794
2013-01-22,4.95,5.05,4.76,4.99,30400
2013-01-23,4.98,4.98,4.57,4.59,20062
2013-01-24,4.58,4.85,4.43,4.45,4944
2013-01-25,4.47,4.54,4.25,4.34,6519
2013-01-28,4.33,4.49,3.71,3.91,29511
2013-01-29,3.9,4.29,3.77,4.22,33047
2013-01-30,4.26,4.39,4.12,4.35,23072
2013-01-31,4.36,4.49,4.35,4.42,17003
2013-02-01,4.45,4.55,4.35,4.52,14150
2013-02-04,4.44,4.7,4.25,4.39,11362
2013-02-05,4.38,4.41,4.32,4.41,3102
2013-02-06,4.38,4.42,4.26,4.34,21483
2013-02-07,4.33,4.41,4.31,4.34,17829
2013-02-08,4.33,4.41,4.1,4.38,124060
2013-02-11,4.4,4.41,4.19,4.32,19731
2013-02-12,4.31,4.49,4.3,4.49,11187
2013-02-13,4.35,4.5,4.24,4.48,10135
2013-02-14,4.16,4.19,3.8,3.93,27421
2013-02-15,4.19,4.19,3.83,3.84,31288
2013-02-19,3.86,4.44,3.86,3.98,35407
2013-02-20,4.05,4.34,4.05,4.25,39676
2013-02-21,4.24,4.42,4.0,4.25,43886
2013-02-22,4.26,4.42,4.25,4.42,18226
2013-02-25,4.42,4.42,4.15,4.24,52464
2013-02-26,4.35,4.56,4.35,4.44,72154
2013-02-27,4.6,4.88,4.34,4.55,41802
2013-02-28,4.57,4.91,4.45,4.56,12226
2013-03-01,4.45,4.7,4.45,4.66,19623
2013-03-04,4.51,4.64,4.5,4.64,11352
2013-03-05,4.64,4.68,4.5,4.59,33434
2013-03-06,4.59,4.78,4.52,4.76,25882
2013-03-07,4.8,5.1,4.5,5.07,62652
2013-03-08,5.13,5.13,4.73,5.06,25137
2013-03-11,4.96,5.07,4.95,5.02,7601
2013-03-12,4.99,4.99,4.66,4.91,28530
2013-03-13,4.9,4.95,4.61,4.7,13010
2013-03-14,4.72,4.81,4.62,4.81,7774
2013-03-15,4.83,4.83,4.63,4.69,27824
2013-03-18,4.62,5.03,4.53,5.0,9275
2013-03-19,4.86,5.08,4.83,4.89,9561
2013-03-20,4.91,4.96,4.51,4.7,13429
2013-03-21,4.65,4.73,4.62,4.69,6002
2013-03-22,4.72,4.72,4.54,4.68,3516
2013-03-25,4.67,4.7,4.62,4.68,4085
2013-03-26,4.72,4.74,4.25,4.42,23028
2013-03-27,4.37,4.66,4.22,4.59,16724
2013-03-28,4.62,4.62,4.23,4.29,22264
2013-04-01,4.27,4.5,4.23,4.39,82021
2013-04-02,4.41,4.45,4.1,4.36,33301
2013-04-03,4.37,4.47,4.22,4.23,22250
2013-04-04,4.25,4.36,4.08,4.32,15543
2013-04-05,4.11,4.45,4.09,4.26,10044
2013-04-08,4.22,4.33,4.18,4.31,8858
2013-04-09,4.33,4.36,4.07,4.25,11344
2013-04-10,4.22,4.41,4.18,4.37,8670
2013-04-11,4.38,4.43,4.22,4.36,5330
2013-04-12,4.33,4.5,4.22,4.45,5868
2013-04-15,4.43,4.47,4.05,4.07,19352
2013-04-16,4.18,5.2,4.11,5.03,160103
2013-04-17,5.22,5.25,4.82,4.93,156745
2013-04-18,4.86,5.11,4.7,4.95,24986
2013-04-19,4.94,5.19,4.66,4.91,29002
2013-04-22,4.82,4.9,4.76,4.9,20826
2013-04-23,4.92,5.0,4.78,5.0,26003
2013-04-24,4.9,4.99,4.84,4.86,27062
2013-04-25,4.86,4.98,4.85,4.92,4839
2013-04-26,4.94,4.96,4.83,4.88,9232
2013-04-29,4.84,4.94,4.81,4.84,14263
2013-04-30,4.8,4.82,4.6,4.68,14343
2013-05-01,4.63,4.73,4.34,4.34,51160
2013-05-02,4.37,4.56,4.37,4.5,24530
2013-05-03,4.58,4.62,4.44,4.54,13258
2013-05-06,4.25,4.45,4.25,4.45,7495
2013-05-07,4.47,4.47,4.21,4.36,12747
2013-05-08,4.44,4.45,4.3,4.36,19846
2013-05-09,4.21,4.38,4.1,4.1,13683
2013-05-10,4.12,4.16,4.05,4.1,8120
2013-05-13,4.19,4.19,4.09,4.15,38725
2013-05-14,4.24,4.25,4.02,4.04,60070
2013-05-15,4.0,4.11,3.89,3.95,33126
2013-05-16,3.83,3.84,3.64,3.77,70663
2013-05-17,3.78,3.85,3.71,3.8,43494
2013-05-20,3.78,3.82,3.71,3.81,34150
2013-05-21,3.82,3.88,3.75,3.84,20575
2013-05-22,3.83,3.83,3.64,3.65,110493
2013-05-23,3.45,3.55,3.29,3.39,51363
2013-05-24,3.31,3.44,3.2,3.4,40977
2013-05-28,3.52,3.52,3.29,3.37,25453
2013-05-29,3.4,3.6,3.3,3.35,23369
2013-05-30,3.3,3.32,3.18,3.26,23492
2013-05-31,3.23,3.23,3.05,3.12,66388
2013-06-03,3.12,3.16,3.09,3.14,61809
2013-06-04,3.14,3.26,3.13,3.2,21721
2013-06-05,3.19,3.19,3.15,3.16,13893
2013-06-06,3.1,3.15,3.1,3.14,40393
2013-06-07,3.15,3.2,3.1,3.13,15300
2013-06-10,3.15,3.23,3.03,3.08,31110
2013-06-11,3.05,3.1,2.91,2.95,29018
2013-06-12,3.04,3.05,2.91,2.91,21749
2013-06-13,2.92,2.94,2.81,2.83,84122
2013-06-14,2.84,2.92,2.78,2.85,41454
2013-06-17,2.89,2.92,2.76,2.78,15549
2013-06-18,2.8,3.25,2.77,3.06,134660
2013-06-19,3.22,3.4,3.15,3.17,126994
2013-06-20,3.16,3.2,3.0,3.03,38070
2013-06-21,3.05,3.23,3.02,3.03,82908
2013-06-24,3.02,3.03,2.93,2.93,68991
2013-06-25,2.95,3.04,2.78,2.95,66382
2013-06-26,2.98,3.1,2.93,2.94,28089
2013-06-27,3.02,3.11,2.93,3.06,97866
2013-06-28,2.99,3.06,2.79,2.8,1647476
2013-07-01,2.85,3.03,2.82,2.88,151555
2013-07-02,2.88,3.02,2.88,2.95,68534
2013-07-03,2.89,3.0,2.89,2.93,59536
2013-07-05,2.94,3.03,2.87,2.98,56069
2013-07-08,3.02,3.1,2.94,3.07,47719
2013-07-09,3.03,3.13,3.01,3.11,10053
2013-07-10,3.03,3.15,3.0,3.03,23659
2013-07-11,3.04,3.11,2.94,2.96,38497
2013-07-12,3.02,3.02,2.85,2.85,30997
2013-07-15,2.82,2.93,2.81,2.81,17043
2013-07-16,2.87,2.89,2.77,2.78,48266
2013-07-17,2.68,2.95,2.68,2.8,89797
2013-07-18,2.77,2.93,2.76,2.78,7955
2013-07-19,2.79,2.8,2.65,2.73,87963
2013-07-22,2.77,2.77,2.75,2.75,61295
2013-07-23,2.81,2.85,2.76,2.78,19744
2013-07-24,2.82,2.95,2.82,2.92,49425
2013-07-25,2.94,2.94,2.79,2.79,40308
2013-07-26,2.77,2.9,2.77,2.83,36424
2013-07-29,2.85,2.93,2.85,2.86,16813
2013-07-30,2.87,2.9,2.77,2.77,39396
2013-07-31,2.75,2.81,2.7,2.8,68687
2013-08-01,2.8,2.99,2.8,2.96,28169
2013-08-02,2.85,2.94,2.85,2.9,25281
2013-08-05,2.86,3.1,2.86,3.01,47817
2013-08-06,3.01,3.01,2.91,3.0,21301
2013-08-07,2.92,3.0,2.92,3.0,25421
2013-08-08,3.0,3.99,3.0,3.94,278467
2013-08-09,3.82,3.94,3.74,3.75,51321
2013-08-12,3.77,3.8,3.53,3.65,32873
2013-08-13,3.65,3.65,3.54,3.6,18103
2013-08-14,3.56,3.67,3.41,3.42,31148
2013-08-15,3.45,3.59,3.4,3.49,119484
2013-08-16,3.53,4.18,3.53,4.08,49221
2013-08-19,4.02,4.02,3.86,3.87,10992
2013-08-20,3.87,3.88,3.61,3.73,11012
2013-08-21,3.9,3.9,3.67,3.67,4718
2013-08-22,3.63,3.76,3.63,3.76,2952
2013-08-23,3.81,3.83,3.72,3.72,7278
2013-08-26,3.75,3.75,3.7,3.71,15865
2013-08-27,3.7,3.71,3.53,3.56,71963
2013-08-28,3.55,3.74,3.55,3.74,33654
2013-08-29,3.74,3.82,3.66,3.78,7281
2013-08-30,3.82,3.82,3.75,3.75,15212
2013-09-03,3.82,3.86,3.75,3.84,17428
2013-09-04,3.82,4.5,3.82,4.25,132277
2013-09-05,4.11,4.24,4.0,4.08,42353
2013-09-06,4.06,4.12,3.82,3.91,41320
2013-09-09,4.02,4.18,4.02,4.11,2725
2013-09-10,4.0,4.2,4.0,4.03,23040
2013-09-11,4.01,4.19,4.01,4.06,13225
2013-09-12,4.1,4.2,4.1,4.16,51658
2013-09-13,4.22,4.49,4.16,4.41,14131
2013-09-16,4.45,4.6,4.23,4.47,87735
2013-09-17,4.45,4.5,4.25,4.27,40855
2013-09-18,4.25,4.34,4.08,4.34,12082
2013-09-19,4.2,4.34,4.2,4.21,1999
2013-09-20,4.3,4.3,4.2,4.2,13019
2013-09-23,4.22,4.22,3.96,3.97,7227
2013-09-24,4.08,4.08,3.91,3.91,5388
2013-09-25,3.9,3.95,3.67,3.73,27795
2013-09-26,3.72,3.76,3.7,3.75,14276
2013-09-27,3.77,3.78,3.37,3.64,37042
2013-09-30,3.94,3.94,3.51,3.79,61555
2013-10-01,3.74,4.27,3.74,4.17,15126
2013-10-02,4.11,4.28,4.1,4.23,18979
2013-10-03,4.19,4.29,4.12,4.25,26196
2013-10-04,4.3,4.3,4.1,4.1,19318
2013-10-07,4.09,4.09,3.99,3.99,11863
2013-10-08,3.96,3.97,3.86,3.86,21766
2013-10-09,4.09,4.09,3.8,3.82,17788
2013-10-10,3.85,3.89,3.85,3.86,3930
2013-10-11,3.88,4.25,3.88,4.13,11071
2013-10-14,4.05,4.16,4.0,4.09,3071
2013-10-15,4.11,4.24,4.1,4.17,7438
2013-10-16,4.17,4.25,4.12,4.22,4267
2013-10-17,4.12,4.28,4.1,4.14,7403
2013-10-18,4.15,4.25,4.12,4.12,2128
2013-10-21,4.05,4.18,4.03,4.18,622
2013-10-22,4.18,4.18,4.05,4.06,8126
2013-10-23,4.05,4.05,4.0,4.03,3995
2013-10-24,4.05,4.05,4.0,4.01,2466
2013-10-25,4.25,4.25,4.11,4.11,731
2013-10-28,4.12,4.25,4.05,4.13,7844
2013-10-29,4.18,4.2,4.11,4.16,7805
2013-10-30,4.0,4.27,4.0,4.22,787
2013-10-31,4.29,4.32,4.0,4.23,27417
2013-11-01,4.16,4.26,4.01,4.09,5970
2013-11-04,4.16,4.34,4.11,4.18,23331
2013-11-05,4.2,4.22,4.03,4.04,17208
2013-11-06,4.12,4.24,4.02,4.1,14735
2013-11-07,4.3,5.01,4.25,4.52,220327
2013-11-08,4.43,5.05,4.43,5.05,157753
2013-11-11,5.0,5.15,4.79,5.09,66352
2013-11-12,5.18,5.21,4.93,5.0,129691
2013-11-13,4.83,4.99,4.75,4.94,18712
2013-11-14,4.94,4.98,4.72,4.98,4083
2013-11-15,4.88,4.95,4.8,4.92,12794
2013-11-18,4.87,4.99,4.59,4.62,21056
2013-11-19,4.65,4.85,4.65,4.82,26528
2013-11-20,4.75,4.79,4.6,4.75,48536
2013-11-21,4.83,4.83,4.65,4.8,15190
2013-11-22,4.8,4.8,4.51,4.63,20127
2013-11-25,4.58,4.78,4.4,4.66,6176
2013-11-26,4.7,4.75,4.66,4.74,6109
2013-11-27,4.57,4.78,4.35,4.69,146285
2013-11-29,4.72,4.8,4.72,4.8,5346
2013-12-02,4.77,4.95,4.53,4.9,80562
2013-12-03,4.9,4.9,4.6,4.81,69758
2013-12-04,4.74,4.75,4.65,4.74,32434
2013-12-05,4.73,4.75,4.67,4.75,13652
2013-12-06,4.75,4.79,4.7,4.78,12624
2013-12-09,4.84,4.84,4.5,4.56,49523
2013-12-10,4.59,4.72,4.5,4.65,17579
2013-12-11,4.63,4.69,4.51,4.55,6520
2013-12-12,4.5,4.75,4.5,4.66,47470
2013-12-13,4.73,4.99,4.58,4.82,43552
2013-12-16,4.9,5.1,4.85,4.95,93207
2013-12-17,5.0,5.09,4.92,5.06,34644
2013-12-18,5.05,5.1,4.99,5.1,34642
2013-12-19,5.1,5.1,5.04,5.1,26871
2013-12-20,5.1,5.14,5.0,5.02,41425
2013-12-23,5.0,5.02,4.68,4.86,63799
2013-12-24,4.91,4.91,4.77,4.8,6350
2013-12-26,4.86,4.94,4.75,4.86,31549
2013-12-27,4.81,4.98,4.8,4.98,22534
2013-12-30,4.85,4.89,4.78,4.82,48411
2013-12-31,4.83,4.88,4.77,4.79,30601
2014-01-02,4.77,4.9,4.75,4.85,32694
2014-01-03,4.9,5.5,4.83,5.39,59942
2014-01-06,5.43,5.5,5.31,5.34,48540
2014-01-07,5.14,5.44,4.98,5.36,28123
2014-01-08,5.47,5.81,5.4,5.74,265629
2014-01-09,5.3,5.96,5.18,5.71,325748
2014-01-10,5.7,5.89,5.62,5.72,82573
2014-01-13,5.75,5.8,5.48,5.73,125184
2014-01-14,5.68,6.31,5.68,6.03,77129
2014-01-15,6.08,6.08,5.63,5.85,52571
2014-01-16,5.77,5.93,5.77,5.9,13717
2014-01-17,5.88,5.9,5.72,5.72,41709
2014-01-21,5.72,5.84,5.72,5.8,24975
2014-01-22,5.74,6.41,5.74,6.17,85771
2014-01-23,6.12,6.25,5.7,5.85,63702
2014-01-24,5.93,5.93,5.67,5.77,15462
2014-01-27,5.7,5.77,5.5,5.68,31690
2014-01-28,5.76,6.12,5.66,5.66,10123
2014-01-29,5.62,5.8,5.62,5.7,25065
2014-01-30,6.1,6.1,5.82,5.85,24636
2014-01-31,5.89,5.89,5.69,5.76,4124
2014-02-03,5.75,5.82,5.46,5.59,29266
2014-02-04,5.6,5.8,5.25,5.48,35229
2014-02-05,5.49,6.14,5.35,5.99,118455
2014-02-06,5.87,6.14,5.81,5.89,16947
2014-02-07,5.97,6.01,5.74,5.84,13713
2014-02-10,5.79,5.97,5.79,5.86,9886
2014-02-11,5.85,5.95,5.79,5.8,29338
2014-02-12,5.72,5.89,5.72,5.81,27366
2014-02-13,5.7,6.2,5.7,6.1,196149
2014-02-14,6.13,6.27,5.96,6.11,65177
2014-02-18,6.16,6.3,6.13,6.15,122678
2014-02-19,6.07,6.11,5.82,6.0,42150
2014-02-20,6.19,6.19,5.9,6.0,34889
2014-02-21,6.03,6.15,5.9,5.99,45736
2014-02-24,6.04,6.04,5.76,5.99,33287
2014-02-25,5.42,6.0,5.42,5.96,18504
2014-02-26,5.9,5.98,5.72,5.72,62294
2014-02-27,5.94,5.98,5.69,5.89,12441
2014-02-28,5.91,5.92,5.64,5.64,62163
2014-03-03,5.69,5.92,5.65,5.76,48818
2014-03-04,5.74,5.93,5.62,5.68,36246
2014-03-05,5.67,5.86,5.65,5.78,35926
2014-03-06,5.73,5.96,5.71,5.96,86405
2014-03-07,5.97,6.1,5.9,6.05,106185
2014-03-10,7.75,7.85,7.15,7.31,2531838
2014-03-11,7.23,7.5,7.2,7.44,310238
2014-03-12,7.37,7.48,7.26,7.4,106676
2014-03-13,7.4,7.5,7.23,7.24,109638
2014-03-14,7.21,7.44,7.21,7.21,109535
2014-03-17,7.2,7.43,7.2,7.23,69360
2014-03-18,7.16,7.29,7.15,7.24,72338
2014-03-19,7.16,7.27,7.16,7.21,44405
2014-03-20,7.25,7.49,7.23,7.48,101425
2014-03-21,7.48,7.48,7.18,7.46,132864
2014-03-24,7.45,7.48,7.0,7.28,110717
2014-03-25,7.26,7.35,7.21,7.25,69777
2014-03-26,7.25,7.3,6.96,7.08,72093
2014-03-27,6.98,7.06,6.68,6.92,98943
2014-03-28,6.97,7.19,6.95,7.09,57192
2014-03-31,7.1,7.23,6.9,6.93,60305
2014-04-01,6.85,7.0,6.85,6.91,35746
2014-04-02,6.9,7.21,6.89,7.08,59040
2014-04-03,7.15,7.17,6.92,6.96,42459
2014-04-04,7.0,7.15,6.83,7.05,109589
2014-04-07,6.99,6.99,6.63,6.8,79381
2014-04-08,6.85,6.94,6.61,6.73,37050
2014-04-09,6.7,6.82,6.5,6.8,47779
2014-04-10,6.84,6.89,6.58,6.68,56800
2014-04-11,6.61,6.88,6.5,6.7,82742
2014-04-14,6.7,6.8,6.09,6.2,135581
2014-04-15,6.2,6.54,6.11,6.51,111111
2014-04-16,6.53,6.53,6.2,6.3,25649
2014-04-17,6.26,6.79,6.22,6.42,100810
2014-04-21,6.47,6.47,6.26,6.38,20858
2014-04-22,6.31,6.43,6.28,6.38,16334
2014-04-23,6.3,6.53,6.18,6.27,40111
2014-04-24,6.32,6.32,6.17,6.22,40352
2014-04-25,6.21,6.25,6.11,6.15,30717
2014-04-28,6.11,6.26,6.03,6.07,84348
2014-04-29,6.07,6.34,6.05,6.22,41391
2014-04-30,6.23,6.5,6.23,6.31,38245
2014-05-01,6.35,6.48,6.2,6.44,24747
2014-05-02,6.4,6.42,6.18,6.29,19503
2014-05-05,6.19,6.22,6.05,6.14,46130
2014-05-06,6.1,6.16,5.91,5.97,150694
2014-05-07,5.95,5.96,5.1,5.18,251536
2014-05-08,5.25,5.49,5.04,5.09,207734
2014-05-09,5.06,5.08,4.94,4.95,148799
2014-05-12,4.92,5.12,4.92,4.99,111743
2014-05-13,4.96,5.09,4.89,5.0,93179
2014-05-14,4.98,5.04,4.8,4.8,83058
2014-05-15,4.8,4.91,4.66,4.9,102340
2014-05-16,4.93,5.0,4.86,4.99,48265
2014-05-19,5.04,5.32,5.0,5.1,35461
2014-05-20,5.05,5.09,4.88,4.96,43177
2014-05-21,4.99,5.0,4.72,4.78,97728
2014-05-22,4.81,5.05,4.75,5.02,75307
2014-05-23,5.1,5.12,4.97,5.02,62518
2014-05-27,5.01,5.12,5.01,5.12,31012
2014-05-28,5.09,5.1,5.03,5.07,84609
2014-05-29,5.05,5.2,5.05,5.15,27534
2014-05-30,5.17,5.2,5.02,5.07,29191
2014-06-02,5.09,5.1,5.01,5.03,17202
2014-06-03,5.04,5.04,4.8,4.89,69205
2014-06-04,4.85,4.96,4.85,4.94,28051
2014-06-05,4.99,5.07,4.9,4.94,38823
2014-06-06,4.98,4.98,4.81,4.87,34862
2014-06-09,4.91,5.02,4.81,5.0,48547
2014-06-10,4.93,5.09,4.93,5.07,22919
2014-06-11,5.07,5.2,4.94,5.12,59171
2014-06-12,5.1,5.17,5.02,5.11,17104
2014-06-13,5.09,5.12,5.03,5.07,33835
2014-06-16,5.04,5.07,4.98,5.0,33405
2014-06-17,5.04,5.18,4.98,5.07,36804
2014-06-18,5.11,5.11,4.83,5.05,58836
2014-06-19,5.06,5.08,5.0,5.05,29644
2014-06-20,5.02,5.02,4.92,4.99,20779
2014-06-23,5.01,5.17,5.0,5.08,40055
2014-06-24,5.12,5.12,5.0,5.01,28282
2014-06-25,5.09,5.17,5.0,5.01,35873
2014-06-26,5.01,5.14,5.0,5.02,22073
2014-06-27,5.02,5.42,5.02,5.39,73963
2014-06-30,5.42,5.42,5.25,5.31,59080
2014-07-01,5.35,5.4,5.25,5.36,43181
2014-07-02,5.33,5.42,5.28,5.34,44343
2014-07-03,5.35,5.37,5.26,5.34,19457
2014-07-07,5.36,5.4,5.27,5.32,34488
2014-07-08,5.26,5.28,4.96,5.06,60590
2014-07-09,5.07,5.25,5.02,5.21,23664
2014-07-10,5.02,5.19,5.02,5.07,34731
2014-07-11,5.11,5.15,5.05,5.08,20268
2014-07-14,5.08,5.17,4.99,5.09,31163
2014-07-15,5.05,5.12,4.95,4.99,55978
2014-07-16,4.93,5.09,4.85,4.99,86672
2014-07-17,5.0,5.0,4.94,4.96,16527
2014-07-18,4.98,5.1,4.95,5.0,44559
2014-07-21,5.02,5.08,5.0,5.06,51428
2014-07-22,5.04,5.06,5.0,5.06,17551
2014-07-23,5.1,5.1,5.0,5.08,35669
2014-07-24,4.95,5.16,4.41,5.01,330944
2014-07-25,5.05,5.16,4.85,5.1,81743
2014-07-28,5.12,5.17,4.84,4.99,32533
2014-07-29,4.87,5.03,4.85,5.0,21812
2014-07-30,5.03,5.05,4.97,4.97,40050
2014-07-31,4.96,5.0,4.57,4.78,67396
2014-08-01,4.73,4.78,4.59,4.65,58142
2014-08-04,4.62,4.64,4.52,4.52,36858
2014-08-05,4.51,4.7,4.5,4.59,36797
2014-08-06,4.6,4.64,4.51,4.54,60022
2014-08-07,4.5,5.03,4.49,4.97,154144
2014-08-08,4.93,5.0,4.65,4.9,47397
2014-08-11,4.92,4.97,4.9,4.94,46605
2014-08-12,4.94,4.95,4.83,4.9,33044
2014-08-13,4.85,4.94,4.8,4.93,34041
2014-08-14,4.93,4.93,4.87,4.88,24430
2014-08-15,4.87,4.9,4.85,4.86,34620
2014-08-18,4.88,4.92,4.85,4.85,18819
2014-08-19,4.85,4.89,4.85,4.85,26411
2014-08-20,4.85,4.88,4.77,4.77,27459
2014-08-21,4.77,4.79,4.66,4.77,83484
2014-08-22,4.78,4.79,4.69,4.79,13355
2014-08-25,4.79,4.93,4.79,4.93,30723
2014-08-26,4.97,5.0,4.88,4.94,48704
2014-08-27,4.94,4.94,4.79,4.89,34173
2014-08-28,4.85,4.9,4.84,4.86,9887
2014-08-29,4.82,4.9,4.82,4.88,11096
2014-09-02,4.9,5.25,4.89,5.17,97582
2014-09-03,5.4,5.79,5.28,5.52,456536
2014-09-04,5.5,5.95,5.5,5.87,271707
2014-09-05,5.9,6.0,5.81,6.0,204638
2014-09-08,6.15,6.25,5.75,5.84,383970
2014-09-09,5.93,6.02,5.62,5.76,326523
2014-09-10,5.84,5.85,5.68,5.79,110287
2014-09-11,5.84,6.01,5.8,5.92,155345
2014-09-12,5.94,5.99,5.68,5.81,85683
2014-09-15,5.87,5.87,5.52,5.57,82219
2014-09-16,5.58,5.6,5.34,5.43,74528
2014-09-17,5.38,5.5,5.29,5.43,52341
2014-09-18,5.48,5.55,5.36,5.49,51139
2014-09-19,5.53,5.6,5.37,5.57,110319
2014-09-22,5.59,5.6,5.38,5.43,44256
2014-09-23,5.52,5.6,5.35,5.42,58237
2014-09-24,5.42,5.52,5.36,5.49,25973
2014-09-25,5.45,5.46,5.26,5.29,36842
2014-09-26,5.34,5.51,5.17,5.22,60910
2014-09-29,5.19,5.37,5.19,5.32,20119
2014-09-30,5.36,5.49,5.34,5.41,42173
2014-10-01,5.36,5.38,5.01,5.15,275203
2014-10-02,5.12,5.47,5.05,5.29,73379
2014-10-03,5.32,5.75,5.32,5.74,89502
2014-10-06,5.7,5.92,5.6,5.89,134391
2014-10-07,5.89,6.17,5.46,6.12,179518
2014-10-08,6.04,6.1,5.46,5.72,78947
2014-10-09,5.69,5.69,5.33,5.57,33246
2014-10-10,5.51,5.53,5.11,5.35,134967
2014-10-13,5.29,5.59,5.18,5.48,80288
2014-10-14,5.49,5.84,5.43,5.76,71808
2014-10-15,5.72,5.87,5.45,5.83,241646
2014-10-16,5.73,5.93,5.73,5.86,64976
2014-10-17,5.9,6.1,5.9,6.08,95434
2014-10-20,6.0,6.1,5.91,6.02,115094
2014-10-21,6.03,6.03,5.91,5.97,25664
2014-10-22,5.91,5.91,5.65,5.67,26533
2014-10-23,5.78,5.86,5.72,5.86,58110
2014-10-24,5.86,5.9,5.8,5.89,30100
2014-10-27,5.85,5.87,5.75,5.86,36783
2014-10-28,5.85,5.85,5.67,5.67,43376
2014-10-29,5.7,5.72,5.57,5.6,30769
2014-10-30,5.7,5.75,5.33,5.45,49659
2014-10-31,5.54,5.6,5.29,5.42,120976
2014-11-03,5.42,5.86,5.42,5.74,43066
2014-11-04,5.68,5.8,5.51,5.78,36632
2014-11-05,5.79,5.79,5.31,5.45,95771
2014-11-06,5.1,5.78,5.1,5.7,68686
2014-11-07,5.75,5.85,5.5,5.64,59922
2014-11-10,5.61,5.81,5.5,5.58,79042
2014-11-11,5.59,5.64,5.37,5.45,63659
2014-11-12,5.53,5.53,5.3,5.44,77725
2014-11-13,5.42,5.85,5.42,5.77,170101
2014-11-14,5.73,6.05,5.7,5.89,94335
2014-11-17,5.94,6.15,5.77,6.15,248017
2014-11-18,6.18,6.46,6.16,6.19,244775
2014-11-19,6.22,6.27,6.05,6.12,46222
2014-11-20,6.06,6.41,6.05,6.26,123027
2014-11-21,6.34,6.62,6.24,6.41,188595
2014-11-24,6.41,6.56,6.2,6.26,62521
2014-11-25,6.25,6.25,6.04,6.16,54972
2014-11-26,6.09,6.24,6.04,6.07,30411
2014-11-28,6.13,6.14,5.92,5.93,13417
2014-12-01,5.83,6.13,5.71,5.93,45498
2014-12-02,5.96,6.09,5.81,5.95,36907
2014-12-03,5.9,6.17,5.84,6.11,53600
2014-12-04,6.12,6.26,6.06,6.1,24424
2014-12-05,6.09,6.19,5.95,6.18,24662
2014-12-08,6.13,6.13,5.92,6.08,39282
2014-12-09,6.0,6.14,5.81,5.84,39993
2014-12-10,5.86,6.09,5.76,6.0,62684
2014-12-11,5.98,6.13,5.93,6.1,46326
2014-12-12,6.06,6.1,6.0,6.07,33980
2014-12-15,6.03,6.16,5.93,6.05,22023
2014-12-16,6.01,6.06,5.88,5.97,36182
2014-12-17,5.57,6.0,5.57,5.8,75695
2014-12-18,5.83,5.96,5.72,5.79,22277
2014-12-19,5.83,6.02,5.71,5.71,45518
2014-12-22,5.75,6.16,5.7,6.04,29403
2014-12-23,6.01,6.15,6.0,6.06,11854
2014-12-24,5.8,6.25,5.75,6.09,35808
2014-12-26,6.11,6.32,6.06,6.22,17647
2014-12-29,6.22,6.28,6.06,6.26,29894
2014-12-30,6.27,6.3,6.14,6.3,21642
2014-12-31,6.21,6.29,6.08,6.25,24319
2015-01-02,6.24,6.26,6.03,6.25,29889
2015-01-05,6.2,6.25,6.12,6.2,24807
2015-01-06,6.12,6.16,5.9,6.04,14242
2015-01-07,6.01,6.07,5.92,6.07,18958
2015-01-08,6.19,6.2,6.08,6.08,11547
2015-01-09,6.02,6.1,5.82,5.86,34547
2015-01-12,5.73,5.98,5.73,5.88,9798
2015-01-13,5.95,5.96,5.84,5.87,13170
2015-01-14,5.83,5.83,5.36,5.49,125374
2015-01-15,5.47,5.54,4.75,5.27,137868
2015-01-16,5.18,5.51,5.06,5.41,78347
2015-01-20,5.39,5.46,5.32,5.42,23213
2015-01-21,5.4,5.44,5.04,5.33,42234
2015-01-22,5.36,5.43,5.18,5.38,45807
2015-01-23,5.34,5.51,5.31,5.5,9772
2015-01-26,5.42,5.64,5.41,5.64,10526
2015-01-27,5.56,5.59,5.4,5.49,7879
2015-01-28,5.46,5.63,5.4,5.41,23208
2015-01-29,5.38,5.6,5.34,5.45,17700
2015-01-30,5.49,5.79,5.46,5.55,15353
2015-02-02,5.59,5.7,5.43,5.55,17454
2015-02-03,5.54,5.6,5.38,5.47,14456
2015-02-04,5.37,5.66,5.37,5.55,25704
2015-02-05,5.69,5.93,5.6,5.87,46225
2015-02-06,5.85,6.14,5.6,6.05,48938
2015-02-09,6.0,7.19,6.0,7.15,246289
2015-02-10,7.07,7.13,6.61,6.88,181013
2015-02-11,6.8,7.02,6.78,6.9,93655
2015-02-12,6.5,7.5,6.5,7.19,379093
2015-02-13,7.25,7.35,7.01,7.07,118801
2015-02-17,7.1,7.3,7.01,7.3,79734
2015-02-18,7.25,7.29,7.17,7.25,51651
2015-02-19,7.2,7.39,7.2,7.24,83051
2015-02-20,7.34,7.4,7.0,7.35,38234
2015-02-23,7.35,7.35,7.21,7.29,28023
2015-02-24,7.29,7.35,7.28,7.3,53351
2015-02-25,7.32,7.38,7.1,7.24,55498
2015-02-26,7.2,7.37,7.19,7.22,36379
2015-02-27,7.27,7.3,7.15,7.15,47489
2015-03-02,7.12,7.2,7.05,7.09,42596
2015-03-03,7.0,7.06,6.81,6.95,47717
2015-03-04,6.94,6.98,6.81,6.85,22056
2015-03-05,6.81,6.83,6.58,6.77,84843
2015-03-06,6.71,6.88,6.65,6.75,23685
2015-03-09,6.71,6.77,6.61,6.72,16297
2015-03-10,6.61,6.64,6.4,6.54,53288
2015-03-11,6.5,6.63,6.5,6.53,19615
2015-03-12,6.5,6.58,6.5,6.5,20392
2015-03-13,6.52,6.59,6.48,6.57,17966
2015-03-16,6.51,6.75,6.5,6.56,19531
2015-03-17,6.52,6.62,6.45,6.62,53960
2015-03-18,6.58,6.63,6.5,6.51,43105
2015-03-19,6.5,6.53,6.32,6.32,34027
2015-03-20,6.32,6.54,5.93,6.26,133354
2015-03-23,6.36,6.59,6.33,6.37,85968
2015-03-24,6.37,6.8,6.37,6.79,56004
2015-03-25,6.85,6.85,6.41,6.45,24381
2015-03-26,6.37,6.54,6.36,6.44,33500
2015-03-27,6.41,6.46,6.35,6.35,37127
2015-03-30,6.35,6.65,6.27,6.27,28682
2015-03-31,6.27,6.27,6.2,6.2,48750
2015-04-01,6.13,6.21,6.05,6.07,56804
2015-04-02,6.18,6.34,6.07,6.25,15650
2015-04-06,6.25,6.39,6.25,6.27,21385
2015-04-07,6.24,6.28,6.14,6.17,18440
2015-04-08,6.19,6.31,6.19,6.3,32761
2015-04-09,6.33,6.35,6.3,6.32,15131
2015-04-10,6.32,6.44,6.32,6.43,22567
2015-04-13,6.39,6.56,6.35,6.41,20403
2015-04-14,6.45,6.49,6.36,6.42,61964
2015-04-15,6.49,6.59,6.43,6.54,83734
2015-04-16,6.57,6.8,6.57,6.8,18748
2015-04-17,6.75,6.8,6.69,6.69,17964
2015-04-20,6.75,6.76,6.6,6.65,17916
2015-04-21,6.65,6.76,6.65,6.65,45513
2015-04-22,6.65,6.68,6.43,6.57,24596
2015-04-23,6.57,6.68,6.55,6.66,10147
2015-04-24,6.69,6.8,6.56,6.8,38942
2015-04-27,6.8,6.9,6.79,6.82,48225
2015-04-28,6.86,6.96,6.86,6.9,22190
2015-04-29,6.91,7.17,6.91,7.0,37405
2015-04-30,6.97,6.97,6.76,6.84,38141
2015-05-01,6.89,6.99,6.78,6.99,30809
2015-05-04,7.02,7.25,7.0,7.2,69038
2015-05-05,7.2,7.38,7.17,7.25,54086
2015-05-06,7.29,7.37,7.0,7.25,55131
2015-05-07,7.49,7.49,7.0,7.11,138807
2015-05-08,7.13,7.13,6.93,6.95,75679
2015-05-11,7.25,7.25,6.9,6.92,112643
2015-05-12,6.93,6.95,6.59,6.67,88715
2015-05-13,6.7,6.82,6.25,6.26,205334
2015-05-14,6.26,6.41,6.11,6.11,99198
2015-05-15,6.13,6.62,6.08,6.13,53515
2015-05-18,6.12,6.24,6.11,6.22,45568
2015-05-19,6.22,6.45,6.22,6.24,88064
2015-05-20,6.3,6.48,6.23,6.25,90699
2015-05-21,6.28,6.34,6.15,6.19,44754
2015-05-22,6.21,6.21,6.11,6.13,48743
2015-05-26,6.12,6.25,6.0,6.0,66073
2015-05-27,6.0,6.05,5.9,5.9,33899
2015-05-28,5.93,6.02,5.84,6.01,30086
2015-05-29,6.04,6.04,5.91,5.96,17945
2015-06-01,6.0,6.12,5.83,6.01,75001
2015-06-02,6.02,6.13,5.8,6.1,77344
2015-06-03,6.14,6.14,5.86,5.86,92481
2015-06-04,5.87,5.95,5.87,5.91,33531
2015-06-05,5.91,5.97,5.62,5.73,38212
2015-06-08,5.72,5.85,5.56,5.78,56627
2015-06-09,5.75,5.97,5.71,5.94,24910
2015-06-10,5.93,5.98,5.85,5.91,15989
2015-06-11,5.87,6.0,5.87,6.0,17983
2015-06-12,6.01,6.15,6.01,6.11,31031
2015-06-15,6.08,6.27,6.07,6.24,26308
2015-06-16,6.21,6.29,6.17,6.22,54692
2015-06-17,6.2,6.23,6.11,6.15,44840
2015-06-18,6.15,6.29,6.04,6.16,35497
2015-06-19,6.2,6.2,5.99,5.99,70470
2015-06-22,6.09,6.09,5.93,5.97,26101
2015-06-23,6.02,6.02,5.94,5.97,19584
2015-06-24,5.92,6.04,5.85,5.88,30951
2015-06-25,5.91,5.92,5.64,5.67,48706
2015-06-26,5.7,6.0,5.7,6.0,20010
2015-06-29,5.95,5.95,5.57,5.67,49967
2015-06-30,5.66,5.94,5.61,5.9,28704
2015-07-01,5.88,5.88,5.6,5.6,22736
2015-07-02,5.62,5.65,5.6,5.63,24222
2015-07-06,5.63,5.84,5.59,5.73,25183
2015-07-07,5.78,6.15,5.78,6.07,83560
2015-07-08,6.05,6.49,6.05,6.4,149184
2015-07-09,6.49,6.69,6.46,6.5,67293
2015-07-10,6.68,6.68,6.47,6.47,33647
2015-07-13,6.52,6.75,6.52,6.64,53563
2015-07-14,6.69,6.73,6.58,6.62,24227
2015-07-15,6.62,6.62,6.37,6.37,32383
2015-07-16,6.33,6.74,6.15,6.22,23822
2015-07-17,6.17,6.29,6.09,6.24,22484
2015-07-20,6.27,6.34,6.11,6.29,45738
2015-07-21,6.35,6.35,6.15,6.2,19233
2015-07-22,6.3,6.3,6.08,6.12,14839
2015-07-23,6.11,6.8,6.06,6.68,172357
2015-07-24,6.71,6.72,6.44,6.52,58454
2015-07-27,6.46,6.7,6.4,6.41,54612
2015-07-28,6.38,6.64,6.35,6.44,45604
2015-07-29,6.48,6.7,6.37,6.63,39781
2015-07-30,6.6,6.73,6.57,6.68,26473
2015-07-31,6.68,6.7,6.55,6.55,38380
2015-08-03,6.58,6.58,6.42,6.46,13465
2015-08-04,6.5,6.61,6.35,6.44,26729
2015-08-05,6.43,6.66,6.43,6.65,52529
2015-08-06,6.62,6.62,6.1,6.53,121409
2015-08-07,6.52,6.7,6.39,6.49,33966
2015-08-10,6.5,6.56,6.39,6.44,22235
2015-08-11,6.33,6.44,6.26,6.3,50051
2015-08-12,6.29,6.29,6.18,6.2,18161
2015-08-13,6.25,6.59,6.2,6.46,95416
2015-08-14,6.43,6.53,6.31,6.35,16190
2015-08-17,6.41,6.55,6.37,6.55,55379
2015-08-18,6.55,6.9,6.55,6.75,42512
2015-08-19,6.8,6.84,6.68,6.83,22569
2015-08-20,6.8,7.06,6.64,6.66,96506
2015-08-21,6.6,6.6,6.32,6.44,42714
2015-08-24,6.28,6.28,5.72,5.94,175304
2015-08-25,6.17,6.21,5.66,5.7,122473
2015-08-26,5.9,6.02,5.63,5.99,35818
2015-08-27,6.06,6.21,5.99,6.21,93956
2015-08-28,6.21,6.37,6.2,6.36,21605
2015-08-31,6.36,6.61,6.29,6.5,126993
2015-09-01,6.42,6.56,6.4,6.49,36643
2015-09-02,6.55,6.55,6.43,6.5,26759
2015-09-03,6.49,6.6,6.45,6.54,83882
2015-09-04,6.5,6.58,6.47,6.55,57512
2015-09-08,6.58,6.92,6.55,6.78,152472
2015-09-09,6.8,6.9,6.68,6.72,26630
2015-09-10,6.74,6.74,6.58,6.65,24219
2015-09-11,6.56,6.68,6.56,6.64,49894
2015-09-14,6.7,6.85,6.59,6.82,30556
2015-09-15,6.83,6.94,6.71,6.87,83574
2015-09-16,6.87,7.06,6.82,7.04,70494
2015-09-17,7.0,7.34,6.95,7.24,104186
2015-09-18,7.2,7.58,7.07,7.44,200502
2015-09-21,7.45,7.89,7.44,7.73,249476
2015-09-22,7.9,7.96,7.11,7.89,105765
2015-09-23,7.96,7.96,7.65,7.9,83792
2015-09-24,7.87,7.99,7.73,7.97,56456
2015-09-25,8.0,8.0,7.68,7.88,126220
2015-09-28,7.81,7.88,7.64,7.84,149296
2015-09-29,7.82,7.82,7.44,7.52,127491
2015-09-30,7.52,7.72,7.5,7.71,81286
2015-10-01,7.67,7.67,7.5,7.51,58423
2015-10-02,7.38,7.5,7.33,7.4,74684
2015-10-05,7.4,7.65,7.34,7.56,47786
2015-10-06,7.56,7.7,7.55,7.68,43347
2015-10-07,7.7,7.73,7.59,7.68,35253
2015-10-08,7.71,7.95,7.57,7.9,70778
2015-10-09,7.91,7.99,7.79,7.85,56378
2015-10-12,7.89,8.1,7.78,8.07,106105
2015-10-13,8.02,8.07,7.94,8.05,122888
2015-10-14,8.06,8.06,7.9,7.91,44123
2015-10-15,7.91,7.91,7.7,7.82,20035
2015-10-16,7.78,7.87,7.7,7.82,61133
2015-10-19,7.75,7.79,7.61,7.69,25085
2015-10-20,7.69,7.7,7.3,7.38,27939
2015-10-21,7.37,7.49,7.2,7.23,31011
2015-10-22,7.25,7.33,7.16,7.18,32949
2015-10-23,7.16,7.5,6.8,7.34,77359
2015-10-26,7.34,7.36,7.08,7.29,45341
2015-10-27,7.28,7.37,7.14,7.33,48977
2015-10-28,7.36,7.46,7.14,7.23,21470
2015-10-29,7.26,7.39,6.98,7.05,62403
2015-10-30,7.06,7.39,7.06,7.21,75591
2015-11-02,7.25,7.73,7.18,7.61,43414
2015-11-03,7.69,7.9,7.47,7.47,41014
2015-11-04,7.6,7.97,7.6,7.91,130742
2015-11-05,7.6,8.1,7.53,7.74,186578
2015-11-06,7.62,7.76,7.42,7.72,83900
2015-11-09,7.75,7.75,7.22,7.34,42071
2015-11-10,7.3,7.3,6.86,7.09,68788
2015-11-11,7.28,7.28,6.95,7.1,23526
2015-11-12,7.59,7.59,6.91,7.09,60295
2015-11-13,7.11,7.42,7.1,7.37,152289
2015-11-16,7.28,7.28,7.1,7.17,24036
2015-11-17,6.78,7.14,6.78,7.0,31260
2015-11-18,7.0,7.0,6.86,6.88,25317
2015-11-19,6.86,6.97,6.84,6.96,37745
2015-11-20,7.0,7.28,6.96,7.18,14962
2015-11-23,7.01,7.17,6.98,7.17,15957
2015-11-24,7.1,7.14,7.05,7.1,13116
2015-11-25,7.0,7.17,7.0,7.13,21577
2015-11-27,7.12,7.16,7.08,7.16,18553
2015-11-30,7.16,7.16,7.02,7.09,63184
2015-12-01,7.0,7.11,6.95,7.1,47131
2015-12-02,7.06,7.17,6.98,7.06,23025
2015-12-03,7.04,7.08,6.92,6.95,37522
2015-12-04,6.95,7.02,6.78,6.82,21159
2015-12-07,6.78,6.89,6.65,6.84,43123
2015-12-08,6.79,6.92,6.7,6.87,28751
2015-12-09,6.82,6.82,6.61,6.66,51089
2015-12-10,6.69,6.88,6.57,6.72,58720
2015-12-11,6.63,6.75,6.54,6.68,26396
2015-12-14,6.65,6.86,6.64,6.7,47031
2015-12-15,6.85,7.14,6.84,6.86,78570
2015-12-16,6.89,7.0,6.78,6.9,32027
2015-12-17,6.6,7.0,6.59,6.89,38897
2015-12-18,6.76,6.85,6.63,6.65,69636
2015-12-21,6.71,6.71,6.25,6.32,73440
2015-12-22,6.38,6.77,6.38,6.49,29423
2015-12-23,6.56,6.68,6.49,6.6,38567
2015-12-24,6.61,6.65,6.57,6.65,9797
2015-12-28,6.65,6.65,6.5,6.56,32883
2015-12-29,6.51,6.7,6.51,6.68,28883
2015-12-30,6.69,6.7,6.45,6.63,19558
2015-12-31,6.63,6.7,6.51,6.56,24707
2016-01-04,6.5,6.58,6.24,6.55,42636
2016-01-05,6.5,6.69,6.26,6.66,40827
2016-01-06,6.53,6.7,6.47,6.48,35437
2016-01-07,6.4,6.4,5.93,5.99,116931
2016-01-08,5.99,6.25,5.89,6.18,52446
2016-01-11,5.98,6.1,5.71,5.78,108309
2016-01-12,5.73,5.85,5.18,5.39,161210
2016-01-13,5.4,5.65,5.01,5.15,240147
2016-01-14,5.25,5.42,5.15,5.28,92774
2016-01-15,5.17,5.36,5.1,5.3,67659
2016-01-19,5.35,5.43,5.24,5.37,46723
2016-01-20,5.3,5.52,5.22,5.5,24873
2016-01-21,5.55,5.57,5.38,5.48,97679
2016-01-22,5.5,5.59,5.48,5.54,63992
2016-01-25,5.48,5.58,5.37,5.52,57987
2016-01-26,5.49,5.78,5.36,5.65,83367
2016-01-27,5.68,5.73,5.47,5.48,18947
2016-01-28,5.54,5.65,5.26,5.42,45518
2016-01-29,5.4,5.54,5.34,5.46,49697
2016-02-01,5.39,5.57,5.01,5.5,23613
2016-02-02,5.5,5.5,5.27,5.29,10254
2016-02-03,5.33,5.35,5.0,5.27,31495
2016-02-04,5.3,5.3,5.15,5.19,13689
2016-02-05,5.22,5.22,5.0,5.04,100388
2016-02-08,4.99,4.99,4.55,4.62,90432
2016-02-09,4.59,4.77,4.4,4.47,59678
2016-02-10,4.48,4.54,4.3,4.33,79740
2016-02-11,4.15,4.25,3.85,3.98,184438
2016-02-12,4.0,4.08,3.97,3.97,53215
2016-02-16,4.0,4.45,3.99,4.4,224635
2016-02-17,4.42,4.48,4.2,4.4,53067
2016-02-18,4.43,4.5,4.08,4.23,47199
2016-02-19,4.2,4.55,4.18,4.19,78825
2016-02-22,4.24,4.24,4.05,4.13,50104
2016-02-23,4.13,4.13,3.93,4.0,45467
2016-02-24,3.95,4.24,3.91,4.24,154800
2016-02-25,4.3,4.45,4.14,4.24,82466
2016-02-26,4.27,4.81,4.22,4.77,188025
2016-02-29,4.77,5.09,4.74,5.06,84020
2016-03-01,5.11,5.24,4.81,4.91,159325
2016-03-02,4.86,5.12,4.85,5.05,67039
2016-03-03,5.07,5.31,4.91,4.98,52510
2016-03-04,4.75,5.01,4.75,4.86,42614
2016-03-07,4.74,4.88,4.66,4.68,20313
2016-03-08,4.57,4.65,4.12,4.45,87843
2016-03-09,4.49,4.49,4.35,4.43,12709
2016-03-10,4.48,4.68,4.27,4.39,66449
2016-03-11,4.41,4.41,4.3,4.32,55594
2016-03-14,4.33,4.38,4.21,4.28,39792
2016-03-15,4.2,4.45,4.02,4.19,52037
2016-03-16,4.07,4.23,4.07,4.18,15177
2016-03-17,4.21,4.21,4.09,4.13,75736
2016-03-18,4.15,4.44,4.15,4.25,82335
2016-03-21,4.23,4.32,4.15,4.19,25113
2016-03-22,4.17,4.2,4.07,4.07,29061
2016-03-23,4.11,4.17,3.97,4.03,133543
2016-03-24,4.01,4.2,3.94,4.1,21444
2016-03-28,3.94,4.2,3.94,4.15,67070
2016-03-29,4.17,4.22,3.99,4.09,76596
2016-03-30,4.14,4.17,4.0,4.01,23610
2016-03-31,4.02,4.09,3.96,4.01,56926
2016-04-01,4.01,4.16,3.9,3.91,37528
2016-04-04,3.86,3.95,3.82,3.85,34725
2016-04-05,3.85,3.88,3.69,3.75,83340
2016-04-06,3.73,3.9,3.69,3.73,44208
2016-04-07,3.71,3.76,3.71,3.73,49872
2016-04-08,3.73,3.8,3.7,3.7,33700
2016-04-11,3.77,3.91,3.76,3.82,85763
2016-04-12,3.8,4.06,3.79,3.92,80900
2016-04-13,3.9,4.11,3.9,4.03,87030
2016-04-14,4.08,4.13,4.05,4.13,35266
2016-04-15,4.14,4.15,4.1,4.12,18926
2016-04-18,4.14,4.16,4.09,4.15,18322
2016-04-19,4.16,4.16,4.1,4.11,11251
2016-04-20,4.09,4.38,4.09,4.24,77242
2016-04-21,4.21,4.25,4.05,4.06,19836
2016-04-22,4.09,4.15,4.02,4.11,11853
2016-04-25,4.07,4.16,4.05,4.14,43998
2016-04-26,4.11,4.16,4.08,4.11,18686
2016-04-27,4.18,4.18,4.06,4.12,59359
2016-04-28,4.07,4.2,4.07,4.08,19866
2016-04-29,4.11,4.11,3.88,3.95,56499
2016-05-02,4.0,4.0,3.86,3.92,106028
2016-05-03,3.9,3.91,3.82,3.88,44132
2016-05-04,3.87,3.88,3.75,3.8,171692
2016-05-05,3.78,3.78,3.33,3.34,489135
2016-05-06,3.36,3.49,3.23,3.37,242894
2016-05-09,3.38,3.53,3.25,3.35,404390
2016-05-10,3.4,3.84,3.3,3.72,269549
2016-05-11,3.8,3.8,3.56,3.72,52259
2016-05-12,3.62,3.78,3.61,3.61,33173
2016-05-13,3.65,3.68,3.5,3.57,154019
2016-05-16,3.55,3.67,3.53,3.63,77487
2016-05-17,3.61,3.84,3.59,3.61,72032
2016-05-18,3.61,3.72,3.6,3.62,49965
2016-05-19,3.66,3.74,3.56,3.62,55598
2016-05-20,3.6,3.66,3.6,3.64,51880
2016-05-23,3.62,3.79,3.62,3.77,37417
2016-05-24,3.84,3.92,3.78,3.84,41006
2016-05-25,3.87,3.92,3.77,3.91,43038
2016-05-26,3.92,4.07,3.89,3.91,58281
2016-05-27,3.94,3.98,3.91,3.92,15573
2016-05-31,3.96,3.96,3.85,3.95,23654
2016-06-01,3.97,4.1,3.81,4.08,141179
2016-06-02,4.07,4.14,4.05,4.07,30446
2016-06-03,4.07,4.1,3.95,3.96,147373
2016-06-06,4.0,4.0,3.9,3.95,79826
2016-06-07,4.05,4.05,3.93,3.98,53399
2016-06-08,4.01,4.09,4.01,4.01,17586
2016-06-09,3.99,3.99,3.8,3.81,63872
2016-06-10,3.75,3.88,3.68,3.68,112601
2016-06-13,3.7,3.89,3.59,3.85,60149
2016-06-14,3.83,4.03,3.65,3.68,136582
2016-06-15,3.72,3.82,3.61,3.76,85609
2016-06-16,3.72,3.88,3.55,3.7,132749
2016-06-17,3.58,3.91,3.58,3.78,70128
2016-06-20,3.79,4.03,3.79,3.82,55414
2016-06-21,3.81,3.85,3.75,3.83,120173
2016-06-22,3.8,3.84,3.75,3.76,29735
2016-06-23,3.8,3.93,3.72,3.81,68872
2016-06-24,3.69,3.84,3.69,3.73,33984
2016-06-27,3.66,3.7,3.62,3.7,48187
2016-06-28,3.7,3.8,3.7,3.77,28019
2016-06-29,3.82,3.95,3.78,3.78,13975
2016-06-30,3.82,3.92,3.79,3.87,26007
2016-07-01,3.9,3.95,3.73,3.84,16666
2016-07-05,3.79,3.8,3.66,3.7,25372
2016-07-06,3.64,3.77,3.64,3.66,23411
2016-07-07,3.63,3.8,3.6,3.67,19556
2016-07-08,3.7,3.79,3.67,3.71,218026
2016-07-11,3.74,3.88,3.74,3.85,25074
2016-07-12,3.9,3.91,3.81,3.85,29017
2016-07-13,3.9,3.9,3.75,3.75,50426
2016-07-14,3.81,3.82,3.72,3.73,12135
2016-07-15,3.74,3.79,3.74,3.76,16330
2016-07-18,3.76,3.76,3.66,3.69,61673
2016-07-19,3.69,3.71,3.62,3.69,45443
2016-07-20,3.75,3.76,3.66,3.67,7997
2016-07-21,3.73,3.76,3.68,3.69,8017
2016-07-22,3.71,3.73,3.65,3.7,12943
2016-07-25,3.66,3.74,3.66,3.73,16464
2016-07-26,3.66,4.08,3.66,4.02,150138
2016-07-27,4.02,4.05,3.85,3.87,65990
2016-07-28,3.88,4.04,3.75,4.01,1050330
2016-07-29,4.05,4.45,4.01,4.33,277965
2016-08-01,4.33,4.65,4.32,4.38,138399
2016-08-02,4.38,4.59,4.38,4.55,169731
2016-08-03,4.57,4.57,4.25,4.43,86757
2016-08-04,4.44,4.62,4.4,4.61,65030
2016-08-05,4.55,4.55,4.17,4.3,199746
2016-08-08,4.3,4.34,3.9,4.05,272884
2016-08-09,4.04,4.04,3.5,3.7,818194
2016-08-10,3.68,4.12,3.62,3.9,804511
2016-08-11,3.9,3.95,3.71,3.83,121668
2016-08-12,3.82,3.85,3.75,3.82,62266
2016-08-15,3.85,3.95,3.75,3.81,128404
2016-08-16,3.83,3.83,3.7,3.73,113770
2016-08-17,3.7,3.75,3.7,3.71,41645
2016-08-18,3.69,3.79,3.69,3.7,35403
2016-08-19,3.67,3.75,3.67,3.7,26471
2016-08-22,3.7,3.72,3.68,3.71,58964
2016-08-23,3.7,3.81,3.67,3.73,34268
2016-08-24,3.7,3.83,3.67,3.69,61153
2016-08-25,3.67,3.76,3.67,3.69,56078
2016-08-26,3.71,3.81,3.67,3.72,109509
2016-08-29,3.74,3.88,3.72,3.84,59731
2016-08-30,3.83,4.01,3.8,3.84,60972
2016-08-31,3.74,3.92,3.74,3.89,38021
2016-09-01,3.92,3.94,3.86,3.94,12934
2016-09-02,3.9,3.93,3.82,3.82,55754
2016-09-06,3.8,4.01,3.73,4.01,140813
2016-09-07,4.02,4.02,3.92,3.94,30197
2016-09-08,3.95,4.01,3.9,3.95,14733
2016-09-09,3.9,3.95,3.85,3.94,47859
2016-09-12,3.93,4.16,3.89,4.15,62640
2016-09-13,4.1,4.1,3.9,3.95,17740
2016-09-14,3.93,3.99,3.76,3.91,14533
2016-09-15,3.93,4.1,3.9,3.99,58151
2016-09-16,4.06,4.08,3.99,4.07,48915
2016-09-19,4.03,4.1,3.93,4.03,19920
2016-09-20,4.01,4.08,4.01,4.04,19589
2016-09-21,4.02,4.08,3.81,4.04,27050
2016-09-22,4.04,4.17,4.04,4.12,55458
2016-09-23,4.07,4.25,4.0,4.25,36197
2016-09-26,4.24,4.24,4.16,4.2,12713
2016-09-27,4.16,4.16,4.06,4.09,28062
2016-09-28,4.23,4.23,4.05,4.12,5884
2016-09-29,4.08,4.15,3.97,4.03,26750
2016-09-30,4.01,4.23,3.97,4.2,29453
2016-10-03,4.17,4.27,4.11,4.22,60752
2016-10-04,4.25,4.25,4.15,4.21,13287
2016-10-05,4.19,4.25,4.16,4.18,12146
2016-10-06,4.15,4.24,4.07,4.15,27020
2016-10-07,4.17,4.17,4.0,4.01,16318
2016-10-10,4.05,4.05,3.92,3.95,19876
2016-10-11,3.97,4.11,3.95,4.1,11420
2016-10-12,4.1,4.23,4.05,4.06,21685
2016-10-13,4.02,4.04,3.94,3.94,34730
2016-10-14,3.96,4.02,3.91,4.02,22640
2016-10-17,4.1,4.1,3.95,4.0,10157
2016-10-18,4.1,4.1,3.95,4.1,20534
2016-10-19,4.15,4.15,3.95,4.0,9246
2016-10-20,4.05,4.05,3.85,3.95,18209
2016-10-21,3.95,4.15,3.9,4.0,31907
2016-10-24,4.05,4.05,3.95,3.95,32610
2016-10-25,4.0,4.0,3.86,3.95,13436
2016-10-26,4.0,4.36,3.94,4.25,86698
2016-10-27,4.35,4.4,4.1,4.25,33208
2016-10-28,4.3,4.35,4.1,4.1,18838
2016-10-31,4.05,4.3,4.05,4.1,29992
2016-11-01,4.1,4.15,3.95,4.08,10740
2016-11-02,4.15,4.15,3.9,3.95,49276
2016-11-03,3.8,3.8,3.0,3.2,396423
2016-11-04,3.45,3.63,3.15,3.4,81489
2016-11-07,3.45,3.55,3.3,3.3,37039
2016-11-08,3.3,3.4,3.25,3.25,47909
2016-11-09,3.25,3.4,3.1,3.3,33785
2016-11-10,3.35,3.4,3.25,3.25,31756
2016-11-11,3.25,3.4,3.25,3.35,38205
2016-11-14,3.35,3.45,3.35,3.35,37390
2016-11-15,3.45,3.45,3.3,3.35,47145
2016-11-16,3.35,3.45,3.25,3.4,948140
2016-11-17,3.45,3.6,3.4,3.45,141923
2016-11-18,3.45,3.6,3.3,3.6,230107
2016-11-21,3.6,3.6,3.38,3.5,75779
2016-11-22,3.45,3.6,3.35,3.5,79026
2016-11-23,3.5,3.55,3.35,3.5,116729
2016-11-25,3.5,3.5,3.5,3.5,3045
2016-11-28,3.5,3.6,3.45,3.5,29129
2016-11-29,3.5,3.8,3.5,3.75,169516
2016-11-30,3.8,3.8,3.65,3.8,58877
2016-12-01,3.75,3.8,3.55,3.6,34639
2016-12-02,3.55,3.65,3.5,3.65,56566
2016-12-05,3.65,3.8,3.6,3.7,54076
2016-12-06,3.75,3.79,3.65,3.7,57737
2016-12-07,3.7,3.85,3.7,3.85,52410
2016-12-08,3.85,3.85,3.7,3.7,60226
2016-12-09,3.7,3.75,3.65,3.75,35036
2016-12-12,3.65,3.75,3.55,3.55,35733
2016-12-13,3.55,3.6,3.3,3.3,71180
2016-12-14,3.35,3.5,3.3,3.35,41402
2016-12-15,3.4,3.45,3.38,3.45,117315
2016-12-16,3.45,3.45,3.35,3.35,27862
2016-12-19,3.35,3.5,3.3,3.45,42533
2016-12-20,3.4,3.58,3.3,3.55,215915
2016-12-21,3.6,3.6,3.45,3.5,45907
2016-12-22,3.45,3.7,3.41,3.65,223082
2016-12-23,3.7,3.7,3.43,3.65,15408
2016-12-27,3.7,3.7,3.6,3.7,11672
2016-12-28,3.5,3.75,3.5,3.7,22455
2016-12-29,3.7,3.7,3.55,3.55,91431
2016-12-30,3.6,3.7,3.55,3.7,41766
2017-01-03,3.55,3.65,3.55,3.55,39802
2017-01-04,3.6,3.65,3.55,3.6,73157
2017-01-05,3.65,3.65,3.6,3.65,60702
2017-01-06,3.7,3.85,3.7,3.75,101944
2017-01-09,3.75,3.85,3.65,3.75,57992
2017-01-10,3.7,3.8,3.6,3.7,53733
2017-01-11,3.7,3.8,3.65,3.75,177609
2017-01-12,3.75,3.85,3.75,3.75,158826
2017-01-13,3.8,3.9,3.8,3.85,72150
2017-01-17,3.8,3.8,3.6,3.75,46542
2017-01-18,3.75,3.85,3.75,3.75,48364
2017-01-19,3.8,3.85,3.5,3.6,271191
2017-01-20,3.7,3.72,3.55,3.6,58085
2017-01-23,3.6,3.7,3.6,3.65,35711
2017-01-24,3.6,3.75,3.6,3.75,26605
2017-01-25,3.75,3.75,3.6,3.7,82074
2017-01-26,3.75,3.75,3.55,3.7,69810
2017-01-27,3.75,3.8,3.6,3.65,80784
2017-01-30,3.65,3.65,3.5,3.5,136871
2017-01-31,3.5,3.6,3.5,3.6,21987
2017-02-01,3.6,3.6,3.5,3.6,15709
2017-02-02,3.6,3.6,3.55,3.6,9022
2017-02-03,3.65,3.65,3.5,3.55,54118
2017-02-06,3.6,3.6,3.5,3.52,31463
2017-02-07,3.55,3.6,3.5,3.55,55641
2017-02-08,3.6,3.6,3.45,3.5,51590
2017-02-09,3.65,4.0,3.45,3.95,431236
2017-02-10,3.95,4.05,3.95,4.0,125599
2017-02-13,4.0,4.0,3.85,3.95,52833
2017-02-14,3.9,4.05,3.9,4.0,67525
2017-02-15,3.95,4.0,3.85,3.9,100515
2017-02-16,3.85,3.9,3.8,3.9,67533
2017-02-17,3.85,3.9,3.7,3.75,71387
2017-02-21,3.8,3.8,3.7,3.7,35084
2017-02-22,3.65,3.7,3.6,3.6,61565
2017-02-23,3.6,3.65,3.4,3.45,85390
2017-02-24,3.4,3.55,3.3,3.55,343084
2017-02-27,3.5,3.78,3.5,3.75,66157
2017-02-28,3.7,3.7,3.5,3.55,36022
2017-03-01,3.8,3.8,3.6,3.65,39268
2017-03-02,3.7,3.7,3.48,3.55,38432
2017-03-03,3.65,3.7,3.5,3.5,90472
2017-03-06,3.6,3.75,3.55,3.75,74495
2017-03-07,3.7,3.75,3.55,3.55,52439
2017-03-08,3.6,3.65,3.55,3.55,32013
2017-03-09,3.55,3.65,3.5,3.65,29596
2017-03-10,3.64,3.8,3.64,3.65,78101
2017-03-13,3.55,3.7,3.55,3.55,24711
2017-03-14,3.6,3.7,3.55,3.65,25560
2017-03-15,3.56,3.65,3.55,3.6,26780
2017-03-16,3.65,3.7,3.55,3.55,33771
2017-03-17,3.55,3.75,3.55,3.75,20309
2017-03-20,3.7,3.7,3.6,3.65,16082
2017-03-21,3.7,3.7,3.5,3.55,89108
2017-03-22,3.45,3.65,3.45,3.55,60350
2017-03-23,3.55,3.7,3.5,3.55,39453
2017-03-24,3.5,3.6,3.45,3.5,60771
2017-03-27,3.45,3.7,3.45,3.52,50379
2017-03-28,3.55,3.65,3.45,3.55,88443
2017-03-29,3.5,3.6,3.5,3.5,29630
2017-03-30,3.5,3.55,3.45,3.45,50882
2017-03-31,3.45,3.55,3.35,3.5,87924
2017-04-03,3.55,3.6,3.45,3.5,49610
2017-04-04,3.45,3.6,3.45,3.5,157204
2017-04-05,3.55,3.55,3.45,3.45,127875
2017-04-06,3.5,3.5,3.4,3.45,26909
2017-04-07,3.45,3.55,3.35,3.5,60307
2017-04-10,3.47,3.7,3.45,3.7,27538
2017-04-11,3.6,3.65,3.5,3.5,26442
2017-04-12,3.5,3.65,3.45,3.55,29144
2017-04-13,3.5,3.65,3.5,3.55,12816
2017-04-17,3.5,3.55,3.5,3.55,6715
2017-04-18,3.5,3.55,3.4,3.4,18588
2017-04-19,3.45,3.5,3.35,3.35,49223
2017-04-20,3.45,3.45,3.3,3.3,48224
2017-04-21,3.35,3.4,3.25,3.3,136860
2017-04-24,3.3,3.4,3.2,3.25,48852
2017-04-25,3.25,3.35,3.25,3.25,114795
2017-04-26,3.3,3.3,3.24,3.28,46304
2017-04-27,3.26,3.35,3.04,3.3,103118
2017-04-28,3.3,3.4,3.15,3.4,170583
2017-05-01,3.4,3.4,3.25,3.25,100447
2017-05-02,3.35,3.35,3.1,3.12,81288
2017-05-03,3.1,3.25,3.05,3.1,26197
2017-05-04,3.1,3.15,3.05,3.15,33428
2017-05-05,3.15,3.3,3.14,3.3,38151
2017-05-08,3.25,3.3,3.2,3.2,55049
2017-05-09,3.2,3.2,3.15,3.15,52251
2017-05-10,2.95,3.0,2.65,2.75,720512
2017-05-11,2.85,2.85,2.7,2.72,69036
2017-05-12,2.8,2.85,2.65,2.8,195367
2017-05-15,2.75,2.8,2.6,2.65,712092
2017-05-16,2.66,2.75,2.5,2.55,233074
2017-05-17,2.55,2.58,2.5,2.55,106520
2017-05-18,2.6,2.6,2.5,2.6,60675
2017-05-19,2.6,2.6,2.5,2.55,143602
2017-05-22,2.6,2.7,2.59,2.65,138089
2017-05-23,2.65,2.7,2.55,2.7,57528
2017-05-24,2.7,2.8,2.62,2.7,495518
2017-05-25,2.7,2.75,2.65,2.7,39846
2017-05-26,2.65,2.7,2.65,2.7,9561
2017-05-30,2.65,2.7,2.6,2.7,14097
2017-05-31,2.75,2.75,2.65,2.65,108706
2017-06-01,2.6,2.7,2.6,2.65,59503
2017-06-02,2.6,2.7,2.6,2.6,117480
2017-06-05,2.65,2.72,2.55,2.55,95825
2017-06-06,2.55,2.6,2.5,2.5,54966
2017-06-07,2.5,2.55,2.35,2.45,320041
2017-06-08,2.5,2.55,2.4,2.4,100858
2017-06-09,2.44,2.55,2.35,2.35,130551
2017-06-12,2.4,2.6,2.35,2.55,146778
2017-06-13,2.55,2.6,2.55,2.55,71945
2017-06-14,2.6,2.6,2.55,2.55,20992
2017-06-15,2.55,2.65,2.55,2.65,134412
2017-06-16,2.6,2.7,2.55,2.6,143977
2017-06-19,2.65,2.7,2.6,2.7,54708
2017-06-20,2.65,2.7,2.65,2.7,5623
2017-06-21,2.7,2.7,2.65,2.7,39650
2017-06-22,2.7,2.7,2.56,2.65,53269
2017-06-23,2.65,2.65,2.53,2.65,201152
2017-06-26,2.65,2.65,2.55,2.6,22561
2017-06-27,2.55,2.6,2.5,2.5,70299
2017-06-28,2.55,2.65,2.55,2.6,55716
2017-06-29,2.65,2.65,2.55,2.55,18956
2017-06-30,2.6,2.6,2.55,2.55,29230
2017-07-03,2.55,2.65,2.5,2.65,54637
2017-07-05,2.6,2.65,2.55,2.55,36550
2017-07-06,2.55,2.6,2.5,2.5,109281
2017-07-07,2.5,2.6,2.5,2.5,125714
2017-07-10,2.45,2.55,2.35,2.4,74553
2017-07-11,2.4,2.55,2.35,2.4,821052
2017-07-12,2.54,2.55,2.45,2.5,97317
2017-07-13,2.55,2.55,2.5,2.55,37695
2017-07-14,2.5,2.6,2.45,2.55,96051
2017-07-17,2.55,2.6,2.5,2.6,22082
2017-07-18,2.55,2.6,2.55,2.6,17503
2017-07-19,2.6,2.6,2.55,2.55,27801
2017-07-20,2.6,2.85,2.55,2.75,98950
2017-07-21,2.7,2.9,2.7,2.9,256924
2017-07-24,2.85,2.9,2.8,2.85,15903
2017-07-25,2.8,2.9,2.8,2.85,28649
2017-07-26,2.9,2.9,2.85,2.9,18303
2017-07-27,2.85,2.9,2.65,2.9,35989
2017-07-28,2.85,2.9,2.85,2.9,28949
2017-07-31,2.9,2.9,2.8,2.9,34105
2017-08-01,2.9,2.9,2.85,2.88,9475
