Date,Open,High,Low,Close,Volume
2011-12-15,17.75,18.05,17.25,18.05,678871
2011-12-16,18.0,18.04,17.8,17.92,171350
2011-12-19,17.98,18.2,17.95,18.0,100072
2011-12-20,18.1,18.87,18.03,18.2,103009
2011-12-21,18.45,18.45,18.1,18.27,60405
2011-12-22,18.54,18.54,18.25,18.34,64582
2011-12-23,18.36,18.6,18.25,18.6,61353
2011-12-27,18.6,18.6,18.25,18.3,49054
2011-12-28,18.5,18.69,18.28,18.42,41281
2011-12-29,18.55,18.6,18.27,18.35,54207
2011-12-30,18.35,18.5,18.25,18.35,39627
2012-01-03,18.6,18.7,18.25,18.65,62493
2012-01-04,18.65,18.99,18.54,18.84,178185
2012-01-05,18.78,18.95,18.58,18.88,60910
2012-01-06,19.0,19.3,18.9,19.05,48625
2012-01-09,19.05,19.29,18.95,19.29,76691
2012-01-10,19.4,19.66,19.08,19.29,141625
2012-01-11,19.22,19.5,19.1,19.45,43985
2012-01-12,19.27,19.6,19.26,19.4,63508
2012-01-13,19.36,19.48,19.1,19.31,79373
2012-01-17,19.5,19.5,19.1,19.23,121136
2012-01-18,19.19,19.3,19.16,19.3,85255
2012-01-19,19.2,19.4,19.05,19.4,120550
2012-01-20,19.0,19.65,18.99,19.64,121293
2012-01-23,19.7,20.2,19.31,20.2,91140
2012-01-24,20.67,21.0,19.86,20.45,174065
2012-01-25,20.89,21.4,20.13,20.88,306799
2012-01-26,20.91,21.3,20.62,20.86,130305
2012-01-27,20.85,21.02,20.8,21.02,69997
2012-01-30,21.0,21.24,20.72,21.0,66477
2012-01-31,21.02,21.05,19.9,20.9,120311
2012-02-01,20.97,21.01,20.67,21.0,81835
2012-02-02,20.85,21.0,20.4,20.8,71732
2012-02-03,21.0,22.48,20.8,22.48,140847
2012-02-06,22.29,22.79,21.81,22.61,167522
2012-02-07,22.5,22.53,21.69,21.97,130134
2012-02-08,22.46,22.49,21.55,21.61,78242
2012-02-09,21.82,22.4,21.16,21.85,136163
2012-02-10,22.2,23.29,22.04,23.25,204274
2012-02-13,22.75,23.4,22.27,22.9,235212
2012-02-14,22.5,23.0,22.09,22.99,167479
2012-02-15,22.39,23.79,22.39,23.28,160775
2012-02-16,23.16,23.16,22.34,22.64,177201
2012-02-17,22.8,23.5,22.62,23.42,73353
2012-02-21,23.67,23.92,22.82,23.36,120928
2012-02-22,23.5,23.58,22.64,23.2,88530
2012-02-23,23.38,23.5,22.81,23.48,90937
2012-02-24,23.46,23.65,22.86,23.3,72917
2012-02-27,23.29,24.03,23.02,23.8,125000
2012-02-28,23.81,23.92,23.2,23.91,74954
2012-02-29,23.63,24.3,22.94,24.3,150095
2012-03-01,24.3,24.37,23.87,24.3,119520
2012-03-02,24.3,24.92,24.1,24.61,212541
2012-03-05,24.6,25.18,24.22,24.69,103189
2012-03-06,24.41,24.55,23.02,23.32,124969
2012-03-07,23.54,24.0,22.41,23.7,181856
2012-03-08,23.75,24.99,23.75,23.96,164019
2012-03-09,23.99,24.82,23.91,24.41,62021
2012-03-12,24.63,25.17,24.45,24.79,105639
2012-03-13,24.77,24.98,24.4,24.51,150726
2012-03-14,24.42,24.7,24.0,24.43,64415
2012-03-15,24.29,24.42,23.43,23.71,86119
2012-03-16,23.16,23.7,22.75,23.47,148220
2012-03-19,23.56,24.0,23.2,23.99,77847
2012-03-20,23.95,23.98,23.2,23.5,63340
2012-03-21,23.4,23.57,22.86,22.98,46998
2012-03-22,22.91,22.91,21.8,22.25,88909
2012-03-23,21.91,23.15,21.61,22.95,84092
2012-03-26,23.03,23.7,23.01,23.64,16070
2012-03-27,23.76,23.79,23.36,23.74,50463
2012-03-28,23.71,23.8,23.11,23.59,34220
2012-03-29,23.37,23.75,22.9,23.47,36005
2012-03-30,23.79,23.79,23.28,23.55,65757
2012-04-02,23.27,24.15,23.23,24.0,55371
2012-04-03,24.02,24.66,23.9,24.2,39294
2012-04-04,24.15,24.6,23.93,24.25,38245
2012-04-05,24.03,24.62,24.03,24.39,44740
2012-04-09,24.26,24.35,23.9,24.15,33275
2012-04-10,24.24,24.24,23.48,23.68,36665
2012-04-11,23.73,23.86,23.02,23.1,27119
2012-04-12,23.02,23.36,22.84,23.35,35247
2012-04-13,23.27,23.27,22.83,23.23,14157
2012-04-16,23.19,23.29,22.81,23.0,16900
2012-04-17,21.9,22.0,20.51,21.54,368199
2012-04-18,21.86,22.38,21.31,21.56,137900
2012-04-19,21.6,22.06,21.11,21.88,73963
2012-04-20,22.09,22.95,22.04,22.36,61997
2012-04-23,22.4,22.84,22.21,22.83,39823
2012-04-24,23.03,23.25,22.67,22.9,45688
2012-04-25,23.03,23.3,22.63,23.11,49340
2012-04-26,23.09,23.1,22.68,23.05,24911
2012-04-27,23.17,23.4,22.83,22.96,11182
2012-04-30,23.0,23.59,23.0,23.54,39488
2012-05-01,23.78,24.0,23.33,23.65,41527
2012-05-02,23.6,23.91,23.25,23.26,20802
2012-05-03,22.93,22.93,22.02,22.23,24859
2012-05-04,22.13,22.13,21.11,21.11,38686
2012-05-07,21.11,21.45,21.1,21.35,20971
2012-05-08,21.35,21.35,20.08,20.28,80463
2012-05-09,20.24,22.44,20.08,21.44,60025
2012-05-10,21.16,22.25,20.46,21.7,99607
2012-05-11,21.51,22.18,21.41,21.67,20041
2012-05-14,21.5,21.5,20.35,20.82,36463
2012-05-15,20.82,20.91,20.26,20.31,30386
2012-05-16,20.48,21.03,19.52,20.0,64154
2012-05-17,20.1,20.1,18.3,18.58,172974
2012-05-18,18.73,18.97,18.06,18.52,57380
2012-05-21,19.78,20.95,19.07,20.46,77136
2012-05-22,20.81,21.2,20.29,21.03,48681
2012-05-23,21.03,22.35,20.8,21.51,75547
2012-05-24,21.51,21.95,20.31,21.67,83768
2012-05-25,21.72,22.19,21.02,21.15,38856
2012-05-29,21.16,22.32,21.16,22.0,39531
2012-05-30,21.8,21.8,20.08,20.4,50838
2012-05-31,20.33,20.65,19.7,20.15,32070
2012-06-01,19.67,19.84,17.87,18.35,181500
2012-06-04,18.4,19.86,18.4,19.28,49242
2012-06-05,19.25,21.13,19.24,20.03,74397
2012-06-06,20.37,20.74,19.88,20.18,39760
2012-06-07,20.49,20.5,19.66,19.66,13069
2012-06-08,19.53,20.0,19.53,19.94,15734
2012-06-11,20.16,20.22,19.59,19.74,28814
2012-06-12,19.99,20.09,19.5,19.72,25945
2012-06-13,19.84,20.33,19.39,20.0,21259
2012-06-14,20.49,20.49,19.26,19.9,27203
2012-06-15,19.69,19.99,19.14,19.3,23875
2012-06-18,19.45,19.58,18.62,18.67,42680
2012-06-19,18.82,19.52,18.58,18.83,35206
2012-06-20,18.78,19.23,18.7,18.77,18268
2012-06-21,18.77,19.09,18.7,18.9,15120
2012-06-22,18.9,19.33,18.7,19.1,15412
2012-06-25,19.1,19.41,18.7,19.0,33580
2012-06-26,19.74,20.4,19.44,20.4,17115
2012-06-27,20.0,20.3,20.0,20.18,16660
2012-06-28,20.16,20.8,19.98,20.51,34116
2012-06-29,20.98,21.0,19.76,20.28,36037
2012-07-02,20.8,21.8,20.4,21.75,100986
2012-07-03,22.0,22.0,21.65,21.8,16159
2012-07-05,21.8,22.23,21.6,21.9,46328
2012-07-06,21.9,21.97,21.4,21.88,43720
2012-07-09,21.83,22.0,21.18,21.23,27257
2012-07-10,21.75,21.75,21.0,21.0,14685
2012-07-11,21.05,21.26,20.31,20.8,24630
2012-07-12,21.72,21.72,20.56,21.16,12278
2012-07-13,21.48,21.5,21.1,21.38,24734
2012-07-16,21.5,21.51,20.66,21.24,42615
2012-07-17,21.2,21.53,20.8,21.53,30940
2012-07-18,21.47,22.25,21.31,21.5,26402
2012-07-19,21.51,22.0,21.51,21.99,25382
2012-07-20,22.16,22.16,21.15,21.5,83549
2012-07-23,21.11,21.92,21.11,21.43,32538
2012-07-24,21.74,22.3,20.5,20.51,41779
2012-07-25,20.88,21.55,20.88,21.5,24434
2012-07-26,22.15,22.15,21.36,21.5,41230
2012-07-27,21.5,22.0,21.48,21.89,21997
2012-07-30,22.0,22.82,21.89,22.21,60263
2012-07-31,22.49,22.5,22.15,22.4,31765
2012-08-01,22.5,23.0,22.3,22.75,22322
2012-08-02,22.59,22.98,22.5,22.5,22660
2012-08-03,22.41,22.42,21.6,21.98,26949
2012-08-06,23.75,23.75,21.85,22.25,14755
2012-08-07,22.24,22.79,22.23,22.26,33460
2012-08-08,22.44,22.86,22.15,22.38,19402
2012-08-09,21.74,21.92,20.44,20.89,83369
2012-08-10,20.59,21.11,20.51,20.86,34175
2012-08-13,21.0,21.41,20.88,21.01,24913
2012-08-14,21.62,21.98,21.15,21.78,42897
2012-08-15,22.11,23.0,22.03,22.53,42989
2012-08-16,22.78,23.01,22.25,22.58,21810
2012-08-17,22.96,22.96,22.5,22.63,21947
2012-08-20,22.63,23.0,22.39,22.76,26498
2012-08-21,23.13,23.13,22.57,23.02,46707
2012-08-22,22.74,23.05,22.58,22.88,24157
2012-08-23,23.2,23.2,22.73,22.85,25319
2012-08-24,23.03,23.32,22.71,22.8,25838
2012-08-27,23.09,23.39,22.7,22.72,29620
2012-08-28,23.15,23.26,22.7,22.75,11336
2012-08-29,22.86,22.87,22.02,22.87,29706
2012-08-30,22.65,22.65,22.01,22.08,17251
2012-08-31,22.21,22.65,22.06,22.48,22482
2012-09-04,22.5,22.5,22.02,22.38,17827
2012-09-05,22.65,22.65,21.91,22.19,18535
2012-09-06,22.4,22.4,21.81,21.81,20308
2012-09-07,22.0,22.65,21.99,22.1,15144
2012-09-10,22.01,22.58,21.59,22.41,26996
2012-09-11,22.25,23.25,22.25,23.25,57808
2012-09-12,22.12,23.24,22.12,23.15,31835
2012-09-13,22.87,23.16,22.72,22.96,8777
2012-09-14,22.41,23.22,22.41,23.2,41733
2012-09-17,23.4,23.95,23.35,23.5,85892
2012-09-18,23.81,24.12,23.5,23.7,51337
2012-09-19,23.9,24.06,22.92,22.92,43525
2012-09-20,22.92,22.95,22.51,22.66,25317
2012-09-21,22.9,23.58,22.6,22.95,35006
2012-09-24,23.57,23.75,22.75,22.92,43754
2012-09-25,23.57,23.57,22.71,22.84,19899
2012-09-26,22.85,22.98,22.46,22.63,34367
2012-09-27,22.15,22.42,21.6,21.89,92765
2012-09-28,21.89,22.12,21.01,21.43,99513
2012-10-01,21.22,21.92,21.22,21.67,43493
2012-10-02,21.84,21.98,21.6,21.78,29990
2012-10-03,21.57,21.88,21.57,21.78,38400
2012-10-04,21.55,22.08,21.55,21.95,26015
2012-10-05,21.9,22.42,21.9,22.25,39190
2012-10-08,22.4,22.5,22.03,22.19,18804
2012-10-09,22.27,22.37,22.05,22.1,30823
2012-10-10,22.21,22.85,22.14,22.42,30816
2012-10-11,22.7,22.92,22.32,22.61,25267
2012-10-12,22.7,23.0,22.53,22.84,32071
2012-10-15,22.76,22.76,22.29,22.3,34956
2012-10-16,21.64,21.64,21.15,21.2,239228
2012-10-17,21.3,21.73,21.25,21.4,2204519
2012-10-18,21.48,21.58,21.31,21.45,338693
2012-10-19,21.57,21.74,21.45,21.62,207821
2012-10-22,21.77,21.8,21.4,21.6,106348
2012-10-23,21.63,21.65,21.0,21.6,181948
2012-10-24,21.6,21.73,21.46,21.52,135950
2012-10-25,21.44,22.03,21.44,21.87,151468
2012-10-26,21.77,22.0,21.67,21.95,91326
2012-10-31,22.08,22.09,21.77,21.77,128869
2012-11-01,22.1,22.19,21.8,22.13,93549
2012-11-02,22.08,22.15,21.61,21.69,102852
2012-11-05,21.0,21.19,20.85,21.09,100399
2012-11-06,21.23,21.43,20.89,21.33,87966
2012-11-07,21.25,21.44,21.01,21.18,98998
2012-11-08,21.65,21.72,21.33,21.43,142370
2012-11-09,21.39,21.39,20.13,20.22,206803
2012-11-12,20.36,20.48,19.56,19.61,108802
2012-11-13,19.59,19.67,18.7,19.46,164967
2012-11-14,19.87,19.87,18.75,18.78,116136
2012-11-15,18.7,19.44,17.45,17.87,247139
2012-11-16,17.56,19.52,17.4,19.46,99952
2012-11-19,19.87,20.69,19.64,20.32,126851
2012-11-20,20.29,20.35,19.82,20.03,78759
2012-11-21,20.22,20.5,19.78,20.47,58942
2012-11-23,20.53,20.59,20.31,20.46,12553
2012-11-26,20.55,20.55,20.04,20.29,39298
2012-11-27,20.34,20.75,20.2,20.27,64572
2012-11-28,20.3,20.57,20.1,20.22,65452
2012-11-29,20.9,20.97,20.53,20.83,88611
2012-11-30,20.74,20.85,20.35,20.69,33644
2012-12-03,20.72,20.89,20.65,20.85,60655
2012-12-04,20.59,20.8,20.35,20.38,39218
2012-12-05,20.28,20.55,19.85,20.05,40202
2012-12-06,19.91,20.1,19.12,19.46,79068
2012-12-07,19.68,19.75,19.12,19.53,59055
2012-12-10,19.6,19.9,19.46,19.54,65816
2012-12-11,19.47,19.48,19.0,19.29,97206
2012-12-12,19.13,19.8,19.13,19.48,51614
2012-12-13,19.48,19.48,19.0,19.25,63514
2012-12-14,19.19,19.59,19.17,19.2,36942
2012-12-17,19.0,19.1,18.69,18.8,108845
2012-12-18,18.96,19.04,18.25,18.88,193098
2012-12-19,18.96,19.33,18.47,19.31,100341
2012-12-20,19.4,19.6,19.11,19.5,125505
2012-12-21,19.13,19.5,18.82,19.32,75288
2012-12-24,19.33,19.33,19.02,19.28,67007
2012-12-26,19.23,19.25,19.01,19.07,80865
2012-12-27,19.08,19.08,18.56,18.86,106114
2012-12-28,18.84,19.0,18.56,18.87,106136
2012-12-31,18.89,18.94,18.56,18.7,125820
2013-01-02,18.94,19.8,18.94,19.74,134135
2013-01-03,19.72,20.42,19.57,20.16,55083
2013-01-04,20.37,20.73,20.04,20.47,103579
2013-01-07,20.47,20.9,20.26,20.71,111524
2013-01-08,20.84,20.9,20.47,20.77,86979
2013-01-09,20.73,21.0,20.7,20.78,89907
2013-01-10,21.0,21.15,20.74,20.84,96844
2013-01-11,20.98,20.98,20.73,20.78,32655
2013-01-14,20.8,20.92,20.8,20.85,56759
2013-01-15,20.76,20.86,20.37,20.73,97784
2013-01-16,20.59,20.91,20.58,20.81,51065
2013-01-17,20.74,20.99,20.72,20.91,63636
2013-01-18,20.88,21.27,20.86,21.06,92045
2013-01-22,20.97,21.39,20.96,21.26,87730
2013-01-23,21.42,21.63,21.11,21.12,85244
2013-01-24,21.17,21.27,21.12,21.12,57150
2013-01-25,21.17,21.85,21.16,21.78,96213
2013-01-28,21.91,22.25,21.8,22.09,161761
2013-01-29,22.0,22.28,21.83,22.04,116369
2013-01-30,22.12,22.3,21.91,22.23,104300
2013-01-31,22.25,22.44,22.24,22.41,108233
2013-02-01,22.5,22.76,22.39,22.4,211454
2013-02-04,22.41,22.59,22.25,22.54,147368
2013-02-05,22.09,22.35,21.88,22.25,115519
2013-02-06,22.25,22.3,21.93,22.01,136296
2013-02-07,21.97,22.3,21.97,22.2,91923
2013-02-08,22.13,22.43,22.0,22.34,45795
2013-02-11,22.37,22.46,22.17,22.37,49327
2013-02-12,22.2,22.52,22.2,22.5,46285
2013-02-13,22.55,22.76,22.5,22.73,67245
2013-02-14,22.79,22.79,22.6,22.75,84790
2013-02-15,22.79,22.79,22.3,22.4,52853
2013-02-19,22.4,22.68,22.32,22.58,33501
2013-02-20,22.72,22.72,22.22,22.35,45923
2013-02-21,22.05,22.12,21.51,21.98,81461
2013-02-22,22.1,22.38,22.01,22.19,28285
2013-02-25,22.2,22.26,21.78,21.82,33237
2013-02-26,21.8,22.1,21.78,21.86,36653
2013-02-27,21.88,22.16,21.83,21.83,29346
2013-02-28,21.91,22.2,21.7,21.99,26856
2013-03-01,21.99,22.37,21.93,22.0,46454
2013-03-04,22.0,22.4,21.92,22.36,44808
2013-03-05,22.54,22.66,22.21,22.31,85934
2013-03-06,22.42,23.0,22.01,22.86,94322
2013-03-07,23.0,23.78,22.75,23.55,168876
2013-03-08,23.5,23.95,23.0,23.76,134550
2013-03-11,23.59,23.75,23.32,23.44,59300
2013-03-12,23.32,23.34,22.7,22.82,170371
2013-03-13,22.82,23.02,22.65,22.82,118113
2013-03-14,22.71,23.24,22.68,23.13,90751
2013-03-15,22.92,23.55,22.7,23.43,188462
2013-03-18,23.1,23.52,22.84,23.29,36862
2013-03-19,23.36,23.78,23.08,23.75,96810
2013-03-20,23.75,23.8,23.25,23.53,105699
2013-03-21,23.23,23.8,23.18,23.37,49886
2013-03-22,23.57,23.67,23.25,23.52,34808
2013-03-25,23.65,23.68,23.21,23.47,49156
2013-03-26,23.51,23.69,23.32,23.67,61795
2013-03-27,23.37,23.68,23.26,23.26,76864
2013-03-28,23.35,23.36,22.86,22.95,138061
2013-04-01,22.88,23.25,22.86,23.22,29692
2013-04-02,23.11,23.67,22.97,23.3,45431
2013-04-03,23.41,23.67,23.19,23.67,45281
2013-04-04,23.65,23.65,23.0,23.36,32526
2013-04-05,23.31,23.64,23.05,23.36,30038
2013-04-08,23.5,23.69,23.1,23.68,46214
2013-04-09,23.68,23.8,23.51,23.8,47589
2013-04-10,23.65,23.8,23.36,23.57,36822
2013-04-11,23.46,23.59,23.22,23.46,39611
2013-04-12,23.27,23.58,23.03,23.45,25032
2013-04-15,23.5,23.52,22.66,22.88,110443
2013-04-16,22.91,23.36,22.15,23.36,96059
2013-04-17,23.06,23.24,22.3,22.52,72034
2013-04-18,22.39,22.82,22.16,22.73,23648
2013-04-19,22.87,23.21,22.62,22.87,92721
2013-04-22,23.02,24.25,22.86,23.95,120659
2013-04-23,24.14,24.14,23.5,23.7,44236
2013-04-24,23.87,23.98,23.32,23.37,73514
2013-04-25,23.54,23.94,23.35,23.7,39879
2013-04-26,23.7,23.98,23.36,23.98,57648
2013-04-29,24.25,25.1,24.11,24.68,166389
2013-04-30,24.44,24.98,24.07,24.98,76463
2013-05-01,24.8,24.8,23.68,24.2,87228
2013-05-02,24.38,24.38,23.42,23.6,83438
2013-05-03,23.22,23.45,22.72,22.96,77606
2013-05-06,23.0,23.33,22.95,23.14,23141
2013-05-07,23.04,23.5,23.02,23.45,35120
2013-05-08,22.7,24.08,22.7,23.86,63100
2013-05-09,23.86,24.69,23.86,24.43,62607
2013-05-10,24.55,24.72,24.2,24.55,32788
2013-05-13,24.57,25.0,24.55,24.94,68844
2013-05-14,25.08,25.2,24.66,25.17,63631
2013-05-15,25.2,25.2,24.64,25.01,74293
2013-05-16,25.09,25.24,24.83,25.15,51568
2013-05-17,25.24,25.35,24.99,25.34,99729
2013-05-20,25.46,26.5,25.46,25.78,100845
2013-05-21,25.83,25.83,25.13,25.61,86584
2013-05-22,25.55,25.81,25.26,25.27,71084
2013-05-23,25.1,25.1,24.57,24.93,35377
2013-05-24,24.93,24.93,24.47,24.68,37254
2013-05-28,24.93,25.0,24.26,24.39,77596
2013-05-29,24.37,24.67,24.14,24.5,67223
2013-05-30,24.74,24.74,23.8,23.97,66300
2013-05-31,23.75,23.88,23.15,23.32,102202
2013-06-03,23.08,23.49,22.81,23.16,62246
2013-06-04,23.38,23.48,22.89,23.27,41346
2013-06-05,23.14,23.19,22.7,23.06,59051
2013-06-06,23.18,23.65,22.97,23.59,54288
2013-06-07,23.59,23.63,23.17,23.17,53178
2013-06-10,23.25,23.43,22.6,22.63,52841
2013-06-11,22.5,23.61,22.34,23.15,175064
2013-06-12,23.16,23.5,22.61,22.74,78670
2013-06-13,22.74,23.2,22.5,23.02,29960
2013-06-14,23.13,23.5,22.7,22.71,53898
2013-06-17,22.8,23.42,22.8,22.85,33605
2013-06-18,23.07,23.4,22.5,22.93,84282
2013-06-19,23.08,23.56,23.0,23.18,49178
2013-06-20,22.96,23.31,22.42,22.58,46904
2013-06-21,22.72,23.13,22.04,22.26,55034
2013-06-24,22.17,22.17,21.04,21.34,102660
2013-06-25,21.49,22.19,21.07,21.81,34422
2013-06-26,22.07,22.22,21.8,21.83,50481
2013-06-27,21.87,22.15,21.5,22.04,34915
2013-06-28,21.95,22.55,21.91,22.55,29082
2013-07-01,22.76,22.91,22.34,22.75,45196
2013-07-02,22.82,22.88,22.15,22.32,43845
2013-07-03,22.3,22.31,21.95,22.1,35348
2013-07-05,22.18,22.18,21.78,22.09,76308
2013-07-08,21.99,22.13,21.82,21.87,102639
2013-07-09,21.91,21.95,21.34,21.45,110472
2013-07-10,21.46,21.98,21.35,21.87,193769
2013-07-11,22.0,23.03,21.77,22.49,263776
2013-07-12,22.59,22.88,22.2,22.88,118670
2013-07-15,22.89,23.19,22.75,22.92,60214
2013-07-16,22.94,23.23,22.87,23.19,39846
2013-07-17,23.08,24.0,23.08,23.9,140845
2013-07-18,24.11,24.48,23.79,24.0,70643
2013-07-19,23.99,24.5,23.99,24.45,35543
2013-07-22,24.5,24.5,23.99,24.26,59286
2013-07-23,24.28,24.93,24.15,24.58,135930
2013-07-24,24.54,24.73,24.39,24.69,24385
2013-07-25,24.5,24.73,23.9,24.12,63677
2013-07-26,24.33,24.96,24.23,24.33,77197
2013-07-29,24.43,24.9,24.34,24.64,74550
2013-07-30,24.86,25.0,24.63,24.89,64906
2013-07-31,24.84,24.91,24.75,24.89,22952
2013-08-01,24.98,25.28,24.1,24.68,122003
2013-08-02,24.58,24.99,24.2,24.58,67900
2013-08-05,24.24,24.5,23.86,24.07,62720
2013-08-06,24.28,24.68,23.9,24.1,104878
2013-08-07,24.17,24.17,23.09,23.8,34434
2013-08-08,23.76,24.0,22.95,23.84,124977
2013-08-09,23.84,23.99,23.38,23.57,41671
2013-08-12,23.53,23.59,23.05,23.45,58808
2013-08-13,23.29,23.4,22.32,22.4,132039
2013-08-14,22.74,22.86,21.67,22.0,127706
2013-08-15,21.99,22.5,21.86,22.0,61655
2013-08-16,22.14,22.26,21.56,22.04,63065
2013-08-19,22.47,22.94,22.25,22.7,93588
2013-08-20,23.0,23.36,22.76,22.91,66626
2013-08-21,23.04,23.24,22.79,23.16,27988
2013-08-22,23.25,23.33,22.6,23.29,19197
2013-08-23,23.13,23.39,23.01,23.15,26961
2013-08-26,23.38,23.67,23.13,23.5,43901
2013-08-27,23.59,23.97,23.11,23.45,31733
2013-08-28,23.45,23.93,23.18,23.67,77362
2013-08-29,23.78,23.95,23.42,23.9,29887
2013-08-30,23.87,23.89,23.6,23.83,14070
2013-09-03,23.74,23.93,23.21,23.33,43411
2013-09-04,23.54,23.83,22.76,23.44,67685
2013-09-05,23.25,23.7,23.08,23.7,31683
2013-09-06,23.51,23.51,23.08,23.08,54784
2013-09-09,23.62,23.83,23.03,23.15,79370
2013-09-10,23.5,23.74,23.06,23.35,59514
2013-09-11,23.51,23.73,23.26,23.59,45708
2013-09-12,23.77,24.19,23.5,24.19,78170
2013-09-13,24.1,24.2,23.81,24.08,67256
2013-09-16,24.2,24.29,24.05,24.06,49329
2013-09-17,24.06,24.19,23.72,23.72,29931
2013-09-18,23.8,24.26,23.3,23.4,43241
2013-09-19,23.32,23.9,23.01,23.4,63676
2013-09-20,23.43,23.89,23.43,23.71,24744
2013-09-23,23.7,23.89,23.45,23.45,30087
2013-09-24,23.28,23.76,23.28,23.53,19062
2013-09-25,23.5,23.8,23.41,23.74,24798
2013-09-26,23.8,23.8,23.3,23.6,14463
2013-09-27,23.78,23.86,23.52,23.76,29912
2013-09-30,23.73,23.82,23.33,23.38,23752
2013-10-01,23.53,23.86,23.39,23.5,39369
2013-10-02,23.32,23.55,23.32,23.5,20764
2013-10-03,23.67,23.77,23.38,23.6,19141
2013-10-04,23.6,23.89,23.41,23.5,57258
2013-10-07,23.61,23.73,23.36,23.49,14694
2013-10-08,23.58,23.75,23.11,23.25,27594
2013-10-09,23.25,23.5,22.94,23.5,44460
2013-10-10,23.7,23.75,23.6,23.71,23231
2013-10-11,23.78,24.5,23.7,24.07,47279
2013-10-14,24.25,24.5,24.03,24.29,31337
2013-10-15,24.54,25.2,24.46,24.88,147192
2013-10-16,24.9,25.78,24.89,25.64,137404
2013-10-17,25.77,26.13,25.5,25.85,129899
2013-10-18,26.05,26.83,25.84,26.56,181194
2013-10-21,26.33,27.05,26.33,26.92,91311
2013-10-22,26.92,26.92,26.55,26.85,85851
2013-10-23,26.89,26.9,26.3,26.63,64242
2013-10-24,26.75,26.84,26.4,26.52,39398
2013-10-25,26.54,26.63,26.04,26.2,41847
2013-10-28,26.2,26.55,25.13,25.42,71346
2013-10-29,25.65,25.65,25.16,25.16,43367
2013-10-30,25.3,25.75,24.88,25.03,47175
2013-10-31,25.07,25.5,24.85,24.85,30817
2013-11-01,25.09,25.96,25.04,25.28,62591
2013-11-04,25.4,25.79,25.17,25.19,44040
2013-11-05,24.8,25.0,24.25,24.52,71355
2013-11-06,23.1,23.78,22.5,23.63,353910
2013-11-07,23.42,23.71,22.91,23.61,73919
2013-11-08,23.41,24.16,23.01,23.99,96604
2013-11-11,24.25,24.68,24.1,24.23,55298
2013-11-12,24.32,24.69,23.17,23.4,178059
2013-11-13,22.79,22.99,22.5,22.8,193782
2013-11-14,23.09,23.11,22.41,22.58,95559
2013-11-15,22.44,22.78,22.28,22.56,75315
2013-11-18,22.4,22.57,22.06,22.17,136631
2013-11-19,22.2,22.37,22.01,22.27,63915
2013-11-20,22.11,22.55,22.02,22.11,46403
2013-11-21,22.33,22.67,22.1,22.22,113051
2013-11-22,22.3,22.74,22.12,22.72,65322
2013-11-25,22.75,22.75,22.32,22.52,56344
2013-11-26,22.5,22.75,22.42,22.72,48855
2013-11-27,22.59,22.73,22.55,22.61,38053
2013-11-29,22.61,22.75,22.5,22.65,40836
2013-12-02,22.64,23.18,22.63,23.0,76464
2013-12-03,23.12,23.3,22.86,22.98,58731
2013-12-04,22.97,23.2,22.66,22.73,28270
2013-12-05,22.71,22.92,22.51,22.52,37843
2013-12-06,22.71,22.74,22.5,22.6,37385
2013-12-09,22.71,22.71,22.07,22.17,140709
2013-12-10,22.27,22.43,22.0,22.02,65419
2013-12-11,22.02,22.25,21.75,21.8,72484
2013-12-12,21.89,21.89,21.5,21.5,78965
2013-12-13,21.5,21.96,21.5,21.7,51550
2013-12-16,21.79,21.99,21.51,21.51,99761
2013-12-17,21.69,21.86,21.52,21.55,121940
2013-12-18,21.63,22.07,21.62,22.0,81544
2013-12-19,22.13,22.67,22.13,22.37,63314
2013-12-20,22.53,22.8,22.18,22.47,99080
2013-12-23,22.57,23.39,22.57,23.24,163244
2013-12-24,23.31,23.4,22.95,23.25,46311
2013-12-26,23.35,23.35,22.95,23.06,60495
2013-12-27,23.18,23.23,22.86,22.9,48594
2013-12-30,22.85,23.18,22.56,22.78,68529
2013-12-31,22.89,23.28,22.63,22.85,66510
2014-01-02,22.85,23.0,22.55,22.88,65246
2014-01-03,22.72,23.15,22.61,22.71,69675
2014-01-06,22.8,23.32,22.56,22.99,67281
2014-01-07,23.19,23.63,22.79,23.0,64306
2014-01-08,22.9,22.93,22.5,22.55,61062
2014-01-09,22.57,22.65,22.41,22.46,35240
2014-01-10,22.32,22.71,22.06,22.62,55288
2014-01-13,22.62,22.8,22.0,22.03,81929
2014-01-14,22.02,22.33,22.02,22.25,64173
2014-01-15,22.28,22.32,22.14,22.25,54037
2014-01-16,22.12,22.65,22.12,22.55,68652
2014-01-17,22.64,22.87,22.44,22.73,34098
2014-01-21,22.7,23.26,22.7,23.23,91816
2014-01-22,23.21,23.36,23.16,23.25,87722
2014-01-23,23.18,23.39,23.11,23.11,92331
2014-01-24,23.17,23.31,23.01,23.11,34664
2014-01-27,23.2,23.4,22.62,22.71,46135
2014-01-28,22.88,23.4,22.81,23.38,84592
2014-01-29,23.31,23.39,22.95,23.09,75416
2014-01-30,23.08,23.34,23.02,23.19,57316
2014-01-31,23.39,23.4,23.05,23.36,60544
2014-02-03,23.36,23.45,23.18,23.32,82052
2014-02-04,23.32,23.4,23.05,23.13,44066
2014-02-05,22.76,22.9,22.2,22.21,87924
2014-02-06,22.2,22.59,22.2,22.43,40927
2014-02-07,22.5,23.2,22.49,23.16,72175
2014-02-10,23.03,23.15,22.55,22.89,41776
2014-02-11,22.9,23.25,22.8,23.19,38868
2014-02-12,23.21,23.3,22.92,23.15,55568
2014-02-13,22.94,23.58,22.9,23.53,158642
2014-02-14,23.37,24.02,22.98,23.74,106546
2014-02-18,23.78,24.15,23.67,24.13,47166
2014-02-19,24.08,24.1,23.42,23.52,23763
2014-02-20,23.34,23.52,23.04,23.12,39467
2014-02-21,23.28,23.47,23.0,23.19,44469
2014-02-24,23.45,23.81,23.3,23.7,54772
2014-02-25,23.71,24.0,23.34,24.0,24051
2014-02-26,23.82,23.83,23.38,23.38,26059
2014-02-27,23.59,23.67,23.31,23.31,16622
2014-02-28,23.45,23.68,23.09,23.57,27417
2014-03-03,23.96,24.0,23.57,23.77,36020
2014-03-04,24.0,24.1,23.64,23.82,33219
2014-03-05,23.52,23.68,22.96,23.25,69775
2014-03-06,23.23,23.39,23.0,23.29,31641
2014-03-07,23.32,23.42,23.01,23.33,18778
2014-03-10,23.33,23.33,22.99,23.04,46987
2014-03-11,22.9,23.03,22.25,23.03,146577
2014-03-12,22.97,23.0,22.2,22.27,73739
2014-03-13,22.32,22.58,21.86,22.0,119023
2014-03-14,21.9,22.21,21.84,22.12,98430
2014-03-17,22.04,22.6,22.02,22.6,103625
2014-03-18,22.61,22.8,22.22,22.71,70062
2014-03-19,22.74,22.99,22.34,22.41,40231
2014-03-20,22.42,22.66,22.36,22.66,21874
2014-03-21,22.73,22.73,22.36,22.5,52380
2014-03-24,22.52,22.74,22.18,22.25,70829
2014-03-25,22.3,22.48,22.15,22.44,58063
2014-03-26,22.55,22.65,22.1,22.43,68759
2014-03-27,22.51,22.51,22.16,22.21,45258
2014-03-28,22.23,22.45,21.8,21.85,105826
2014-03-31,22.12,22.12,21.55,21.63,96652
2014-04-01,21.82,22.04,21.51,21.52,131361
2014-04-02,21.55,21.79,21.49,21.58,45184
2014-04-03,21.58,22.22,21.58,21.88,53076
2014-04-04,21.93,22.08,21.67,21.81,81130
2014-04-07,21.85,22.06,21.77,22.0,66468
2014-04-08,22.07,22.26,21.9,22.24,51590
2014-04-09,22.25,22.37,22.12,22.24,20367
2014-04-10,22.34,22.41,22.09,22.23,102291
2014-04-11,22.09,22.26,22.09,22.17,53405
2014-04-14,22.14,22.25,21.92,22.1,55806
2014-04-15,22.21,22.24,21.92,22.15,45342
2014-04-16,22.15,22.4,21.91,22.39,49513
2014-04-17,22.25,22.6,22.19,22.48,69931
2014-04-21,22.6,22.89,22.41,22.68,86822
2014-04-22,22.68,23.11,22.48,23.0,75112
2014-04-23,22.8,23.09,22.65,23.09,119957
2014-04-24,23.22,23.22,22.77,23.02,58414
2014-04-25,22.9,22.94,22.62,22.94,36869
2014-04-28,23.1,23.36,23.0,23.05,50630
2014-04-29,22.88,23.31,22.88,23.04,75769
2014-04-30,23.05,23.22,23.01,23.11,37138
2014-05-01,22.96,23.2,22.96,23.1,81631
2014-05-02,23.22,23.23,23.04,23.11,77777
2014-05-05,23.18,23.34,23.01,23.23,120886
2014-05-06,22.4,22.95,22.1,22.21,184430
2014-05-07,22.22,22.27,21.37,21.63,95906
2014-05-08,21.46,21.68,21.23,21.32,114382
2014-05-09,21.23,21.58,21.23,21.43,45180
2014-05-12,21.54,22.1,21.23,22.1,77004
2014-05-13,22.17,22.19,21.65,21.74,90391
2014-05-14,21.85,21.94,21.58,21.69,34219
2014-05-15,21.79,21.95,21.6,21.81,65050
2014-05-16,21.91,21.97,21.7,21.78,26693
2014-05-19,21.9,21.93,21.65,21.87,35353
2014-05-20,21.95,22.32,21.71,22.19,44755
2014-05-21,22.22,22.65,22.05,22.58,95622
2014-05-22,22.71,22.73,22.28,22.51,50858
2014-05-23,22.58,22.63,22.36,22.39,46625
2014-05-27,22.5,22.5,22.08,22.12,61324
2014-05-28,22.26,22.34,22.14,22.3,29535
2014-05-29,22.22,22.31,22.02,22.31,39843
2014-05-30,22.35,22.35,22.21,22.34,20284
2014-06-02,22.37,22.41,22.12,22.34,36965
2014-06-03,22.01,22.3,21.51,21.69,141006
2014-06-04,21.77,21.8,21.07,21.14,130559
2014-06-05,21.11,21.43,20.75,21.15,168312
2014-06-06,21.25,21.39,21.09,21.21,84114
2014-06-09,21.26,21.68,21.15,21.56,120685
2014-06-10,21.57,21.66,21.22,21.52,78045
2014-06-11,21.41,21.52,21.3,21.43,46640
2014-06-12,21.5,21.9,21.5,21.9,56355
2014-06-13,22.0,22.0,21.64,21.92,49011
2014-06-16,21.84,22.3,21.82,22.29,115990
2014-06-17,22.38,22.56,22.02,22.24,114141
2014-06-18,22.37,22.37,21.76,21.8,78225
2014-06-19,21.85,22.38,21.79,22.35,73273
2014-06-20,22.35,22.4,22.01,22.34,82934
2014-06-23,22.14,22.44,22.0,22.26,92435
2014-06-24,22.35,22.4,22.08,22.3,160130
2014-06-25,22.16,22.57,22.1,22.4,80987
2014-06-26,22.6,22.69,22.21,22.42,63287
2014-06-27,22.32,22.94,22.27,22.82,43300
2014-06-30,22.95,23.25,22.61,23.21,111225
2014-07-01,23.34,23.34,23.01,23.16,87372
2014-07-02,23.26,23.26,22.83,23.12,43215
2014-07-03,23.22,23.22,23.0,23.1,16708
2014-07-07,23.08,23.3,22.95,23.27,60821
2014-07-08,23.46,23.53,23.14,23.49,121869
2014-07-09,23.56,23.6,23.36,23.57,73620
2014-07-10,23.59,23.59,22.95,23.15,89873
2014-07-11,23.04,23.21,23.0,23.06,24008
2014-07-14,23.12,23.32,23.02,23.23,23981
2014-07-15,23.3,23.34,22.92,23.23,129896
2014-07-16,23.38,23.69,23.16,23.5,112627
2014-07-17,23.58,23.84,23.22,23.25,135220
2014-07-18,23.51,23.64,23.42,23.64,52468
2014-07-21,23.64,23.82,23.54,23.75,51927
2014-07-22,23.76,24.04,23.7,24.02,90167
2014-07-23,24.04,24.13,24.02,24.13,55023
2014-07-24,24.13,24.39,23.76,24.16,108492
2014-07-25,24.17,24.39,23.85,24.25,56721
2014-07-28,24.29,24.39,23.8,24.02,83009
2014-07-29,24.0,24.2,23.85,23.94,72394
2014-07-30,24.05,24.08,23.39,23.67,112561
2014-07-31,23.23,23.26,22.82,22.94,89653
2014-08-01,23.04,23.04,22.51,22.7,76765
2014-08-04,22.41,23.1,22.41,23.09,84520
2014-08-05,22.74,22.97,22.38,22.57,82770
2014-08-06,22.5,22.76,22.4,22.6,56470
2014-08-07,22.48,22.7,22.45,22.68,58515
2014-08-08,22.7,22.71,22.3,22.32,69763
2014-08-11,22.64,22.84,22.41,22.6,104785
2014-08-12,23.1,23.1,22.6,22.62,92051
2014-08-13,22.33,22.55,22.15,22.3,139910
2014-08-14,22.0,22.38,21.95,22.0,126018
2014-08-15,22.13,22.25,21.9,22.05,86005
2014-08-18,22.19,22.2,21.88,22.09,150464
2014-08-19,22.18,22.19,21.95,22.13,67604
2014-08-20,22.2,22.2,21.95,22.04,58488
2014-08-21,22.06,22.2,22.0,22.17,51623
2014-08-22,22.31,22.31,22.05,22.16,56367
2014-08-25,22.09,22.37,22.09,22.3,77638
2014-08-26,22.2,22.5,22.2,22.4,111977
2014-08-27,22.45,22.5,22.3,22.45,66179
2014-08-28,22.45,22.57,22.4,22.45,68162
2014-08-29,22.53,22.53,22.28,22.38,96111
2014-09-02,22.46,22.96,22.14,22.52,126776
2014-09-03,22.53,22.53,22.34,22.43,32269
2014-09-04,22.5,22.5,21.95,21.95,102764
2014-09-05,22.07,22.19,21.9,22.03,28542
2014-09-08,22.13,22.23,21.76,21.96,46031
2014-09-09,21.99,22.14,21.76,22.09,41352
2014-09-10,22.15,22.15,21.85,22.03,46429
2014-09-11,21.89,21.9,21.61,21.74,72379
2014-09-12,21.8,21.85,21.6,21.64,62066
2014-09-15,21.74,21.74,21.53,21.58,33715
2014-09-16,21.75,21.85,21.64,21.82,99384
2014-09-17,21.85,22.12,21.76,21.98,50853
2014-09-18,21.98,22.0,21.5,21.96,114451
2014-09-19,21.97,22.03,21.88,21.94,44853
2014-09-22,21.83,21.83,21.57,21.71,33494
2014-09-23,21.57,22.0,21.57,21.99,55474
2014-09-24,21.95,21.95,21.5,21.83,120509
2014-09-25,21.85,21.85,21.51,21.69,47319
2014-09-26,21.7,21.89,21.45,21.85,74383
2014-09-29,21.87,22.01,21.45,22.0,46130
2014-09-30,22.0,22.14,21.86,21.95,34370
2014-10-01,22.0,22.25,21.51,21.93,135185
2014-10-02,21.93,21.93,21.2,21.8,110473
2014-10-03,21.98,21.98,21.51,21.7,28016
2014-10-06,21.69,21.7,21.1,21.38,63215
2014-10-07,21.43,21.53,21.03,21.3,81825
2014-10-08,21.31,21.31,19.48,20.19,309522
2014-10-09,20.01,21.0,19.03,19.31,134580
2014-10-10,19.14,19.14,17.05,17.74,286486
2014-10-13,17.74,18.31,15.98,16.2,227689
2014-10-14,15.95,16.2,14.88,15.17,310851
2014-10-15,15.03,15.62,14.5,15.08,345628
2014-10-16,15.09,16.9,14.76,16.63,283210
2014-10-17,16.7,18.22,16.7,17.63,332742
2014-10-20,17.63,18.49,17.32,18.4,136910
2014-10-21,18.71,19.72,18.71,19.66,182145
2014-10-22,19.82,20.0,18.75,18.98,266433
2014-10-23,19.25,19.64,19.02,19.29,132297
2014-10-24,19.12,19.34,18.15,18.38,169464
2014-10-27,18.37,18.5,17.6,17.71,95283
2014-10-28,19.16,19.16,17.52,18.07,65008
2014-10-29,18.26,19.3,18.1,18.9,89870
2014-10-30,18.23,18.78,17.87,18.4,128991
2014-10-31,18.5,19.55,18.23,19.47,78424
2014-11-03,19.46,20.27,19.02,19.21,163477
2014-11-04,19.2,19.4,17.61,17.83,195821
2014-11-05,18.01,18.39,16.99,17.13,282403
2014-11-06,17.11,18.21,17.11,17.5,117377
2014-11-07,17.7,18.38,17.53,18.16,191089
2014-11-10,18.24,18.9,17.5,17.99,176190
2014-11-11,16.8,16.92,16.33,16.45,1857232
2014-11-12,16.5,16.69,16.16,16.53,648987
2014-11-13,16.7,17.05,16.52,16.81,641683
2014-11-14,16.77,16.9,14.92,16.17,434690
2014-11-17,16.15,16.15,15.21,15.4,326460
2014-11-18,15.42,15.8,14.84,15.28,312388
2014-11-19,15.0,15.26,14.83,14.86,332172
2014-11-20,14.85,15.99,14.82,15.91,222833
2014-11-21,15.75,16.32,15.5,15.54,238929
2014-11-24,14.8,15.44,14.4,14.97,558869
2014-11-25,14.71,14.89,14.3,14.57,288709
2014-11-26,14.53,14.54,14.05,14.2,284174
2014-11-28,13.04,13.11,11.74,11.74,405797
2014-12-01,11.74,12.18,10.0,10.25,661955
2014-12-02,10.25,11.15,10.1,10.32,476685
2014-12-03,10.42,11.03,10.41,10.47,372741
2014-12-04,10.3,10.4,9.3,9.39,579795
2014-12-05,9.3,9.5,8.36,8.55,691012
2014-12-08,8.2,8.5,6.55,6.72,980544
2014-12-09,6.59,7.66,6.36,7.66,698065
2014-12-10,7.49,7.8,6.7,7.03,548875
2014-12-11,7.4,7.5,6.5,6.57,539888
2014-12-12,6.5,6.78,6.26,6.5,555100
2014-12-15,6.55,6.82,5.5,5.5,801883
2014-12-16,5.02,6.39,5.02,6.16,1015245
2014-12-17,6.36,7.43,6.24,7.4,794281
2014-12-18,7.57,7.59,5.83,6.07,1083612
2014-12-19,6.22,6.58,6.07,6.51,612656
2014-12-22,6.43,6.43,5.91,6.13,547844
2014-12-23,5.98,6.26,5.95,6.19,331244
2014-12-24,6.16,6.19,6.0,6.07,220432
2014-12-26,6.07,6.25,6.02,6.07,280858
2014-12-29,6.19,6.33,5.75,5.84,614340
2014-12-30,5.77,5.95,5.6,5.78,614036
2014-12-31,5.62,6.47,5.5,6.31,839786
2015-01-02,6.36,6.75,6.13,6.54,391133
2015-01-05,6.39,6.39,5.92,5.97,366276
2015-01-06,5.97,6.12,5.66,5.86,278157
2015-01-07,5.94,6.11,5.5,5.59,235902
2015-01-08,5.65,5.89,5.48,5.8,244878
2015-01-09,5.8,6.02,5.56,5.95,157823
2015-01-12,5.9,6.02,5.32,5.37,273196
2015-01-13,5.48,5.54,5.01,5.1,301255
2015-01-14,5.03,5.17,4.5,4.57,553795
2015-01-15,4.65,5.01,4.25,4.31,384617
2015-01-16,4.38,4.68,4.29,4.38,622880
2015-01-20,4.49,4.67,4.3,4.64,629863
2015-01-21,4.7,5.84,4.69,5.7,808014
2015-01-22,5.75,6.1,5.45,5.5,572047
2015-01-23,5.44,5.58,4.86,4.89,641013
2015-01-26,4.87,5.75,4.61,5.37,1086609
2015-01-27,5.36,5.72,5.05,5.58,291282
2015-01-28,5.54,5.54,5.01,5.06,258610
2015-01-29,5.06,5.38,4.75,5.11,456723
2015-01-30,5.07,5.52,5.0,5.42,310964
2015-02-02,5.55,6.08,5.55,6.02,443290
2015-02-03,6.15,7.21,6.15,6.66,862211
2015-02-04,6.45,6.5,6.04,6.22,366688
2015-02-05,6.35,6.94,6.35,6.7,331512
2015-02-06,6.71,6.88,6.48,6.5,287118
2015-02-09,6.6,7.0,6.51,6.9,460675
2015-02-10,6.88,6.88,6.1,6.22,393541
2015-02-11,6.25,6.44,5.88,6.12,292097
2015-02-12,6.25,6.59,6.16,6.17,191981
2015-02-13,6.48,6.55,6.2,6.29,266431
2015-02-17,6.29,6.59,6.23,6.49,219317
2015-02-18,6.4,6.44,6.0,6.0,283612
2015-02-19,5.78,6.37,5.7,6.32,274641
2015-02-20,6.32,6.44,6.05,6.07,148903
2015-02-23,5.96,6.14,5.81,6.13,166051
2015-02-24,6.09,6.2,5.95,6.03,116541
2015-02-25,6.07,6.18,5.95,6.16,106133
2015-02-26,6.1,6.2,5.95,6.09,154768
2015-02-27,6.17,6.26,6.11,6.14,100593
2015-03-02,6.06,6.29,6.06,6.18,117232
2015-03-03,6.0,6.49,6.0,6.3,163719
2015-03-04,6.37,6.44,6.21,6.36,126897
2015-03-05,6.19,6.37,6.18,6.26,98067
2015-03-06,6.21,6.32,5.99,6.09,274472
2015-03-09,6.15,6.15,5.95,6.01,130420
2015-03-10,5.89,6.01,5.68,5.7,200863
2015-03-11,5.75,5.88,5.57,5.65,156864
2015-03-12,5.74,5.79,5.55,5.63,79540
2015-03-13,5.52,5.66,5.5,5.62,117319
2015-03-16,5.62,5.62,5.05,5.18,231533
2015-03-17,5.19,5.42,5.06,5.12,123207
2015-03-18,5.03,5.59,5.02,5.57,174964
2015-03-19,5.42,5.45,5.27,5.29,113409
2015-03-20,5.4,5.5,5.3,5.43,78854
2015-03-23,5.4,5.74,5.36,5.54,101706
2015-03-24,5.72,5.87,5.61,5.82,136576
2015-03-25,5.88,6.0,5.79,5.8,123114
2015-03-26,5.95,6.06,5.84,5.86,135519
2015-03-27,5.82,5.82,5.46,5.53,117934
2015-03-30,5.63,5.63,5.32,5.45,100696
2015-03-31,5.34,5.6,5.31,5.56,117275
2015-04-01,5.66,5.89,5.51,5.6,79547
2015-04-02,5.63,5.7,5.51,5.63,60418
2015-04-06,5.67,5.87,5.67,5.82,119622
2015-04-07,5.81,5.95,5.7,5.87,132252
2015-04-08,5.93,5.93,5.76,5.8,98963
2015-04-09,5.8,5.92,5.76,5.82,38890
2015-04-10,5.79,5.98,5.75,5.81,77270
2015-04-13,5.85,5.92,5.75,5.77,72313
2015-04-14,5.82,6.03,5.7,5.86,126801
2015-04-15,5.95,6.38,5.76,5.83,300123
2015-04-16,5.85,6.03,5.8,6.0,228645
2015-04-17,6.01,6.08,5.79,5.91,128132
2015-04-20,5.95,6.05,5.86,5.9,116368
2015-04-21,5.98,6.11,5.9,6.02,190975
2015-04-22,6.0,6.14,5.97,6.13,129626
2015-04-23,6.25,6.29,6.15,6.26,202656
2015-04-24,6.29,6.48,6.25,6.38,217443
2015-04-27,6.35,6.44,6.23,6.34,136477
2015-04-28,6.38,6.47,6.34,6.45,71438
2015-04-29,6.45,6.67,6.3,6.63,244370
2015-04-30,6.76,6.76,6.5,6.57,132121
2015-05-01,6.56,6.7,6.56,6.61,145695
2015-05-04,6.65,6.97,6.65,6.88,289028
2015-05-05,6.62,6.79,6.51,6.64,335188
2015-05-06,6.66,6.7,6.35,6.62,192610
2015-05-07,6.62,6.62,6.35,6.46,90975
2015-05-08,6.46,6.49,6.27,6.34,115102
2015-05-11,6.36,6.6,6.16,6.21,240886
2015-05-12,6.21,6.51,6.16,6.33,167021
2015-05-13,6.34,6.43,6.16,6.21,147115
2015-05-14,6.32,6.42,6.06,6.15,159141
2015-05-15,6.1,6.34,5.98,6.3,568360
2015-05-18,6.3,6.3,6.11,6.17,63701
2015-05-19,6.14,6.23,6.02,6.08,112426
2015-05-20,6.08,6.09,5.75,5.83,193729
2015-05-21,5.8,6.08,5.8,5.99,170683
2015-05-22,5.93,6.18,5.9,6.01,159692
2015-05-26,5.92,6.16,5.9,6.11,144526
2015-05-27,6.05,6.05,5.94,6.0,99960
2015-05-28,5.93,5.99,5.84,5.86,83514
2015-05-29,5.85,5.86,5.71,5.75,128145
2015-06-01,5.79,5.8,5.72,5.75,65283
2015-06-02,5.88,5.93,5.76,5.77,100228
2015-06-03,5.75,5.85,5.73,5.81,51197
2015-06-04,5.84,5.84,5.66,5.7,106610
2015-06-05,5.66,5.79,5.61,5.65,83745
2015-06-08,5.6,5.68,5.38,5.42,148383
2015-06-09,5.5,5.58,5.5,5.58,93576
2015-06-10,5.43,5.8,5.43,5.61,175314
2015-06-11,5.59,5.59,5.49,5.55,51123
2015-06-12,5.5,5.54,5.47,5.48,39125
2015-06-15,5.48,5.48,5.37,5.38,59452
2015-06-16,5.37,5.54,5.33,5.45,56473
2015-06-17,5.45,5.55,5.36,5.43,86104
2015-06-18,5.37,5.44,5.35,5.36,51278
2015-06-19,5.33,5.4,5.31,5.32,54934
2015-06-22,5.25,5.31,5.25,5.25,125153
2015-06-23,5.25,5.37,5.25,5.35,65586
2015-06-24,5.35,5.41,5.3,5.41,91034
2015-06-25,5.37,5.42,5.25,5.31,104745
2015-06-26,5.28,5.36,5.25,5.29,59984
2015-06-29,5.25,5.3,5.01,5.02,148148
2015-06-30,5.0,5.05,4.9,5.0,224218
2015-07-01,4.95,4.99,4.86,4.93,75711
2015-07-02,4.95,4.98,4.76,4.8,87655
2015-07-06,4.72,4.82,4.6,4.67,127187
2015-07-07,4.67,4.67,4.42,4.42,204854
2015-07-08,4.47,4.5,4.35,4.41,178952
2015-07-09,4.48,4.65,4.47,4.54,202693
2015-07-10,4.6,4.73,4.46,4.48,191295
2015-07-13,4.45,4.51,4.3,4.35,128699
2015-07-14,4.35,4.38,4.29,4.35,167766
2015-07-15,4.33,4.38,4.14,4.2,150268
2015-07-16,4.2,4.2,3.99,4.0,240487
2015-07-17,3.88,3.99,3.73,3.79,268277
2015-07-20,3.75,3.77,3.21,3.34,460650
2015-07-21,3.29,3.52,3.24,3.47,289918
2015-07-22,3.44,3.45,3.24,3.27,185733
2015-07-23,3.23,3.32,3.01,3.03,346600
2015-07-24,3.03,3.22,3.01,3.21,274918
2015-07-27,3.16,3.25,3.06,3.23,222624
2015-07-28,3.26,3.55,3.19,3.52,158029
2015-07-29,3.5,3.79,3.45,3.69,181917
2015-07-30,3.68,3.87,3.44,3.47,118565
2015-07-31,3.43,3.44,3.11,3.12,210435
2015-08-03,3.1,3.11,2.75,2.92,504437
2015-08-04,3.01,3.29,3.01,3.18,379905
2015-08-05,2.93,3.24,2.9,2.95,559400
2015-08-06,2.91,3.0,2.83,2.95,419965
2015-08-07,3.02,3.22,2.99,3.03,346869
2015-08-10,3.12,3.4,3.07,3.27,251450
2015-08-11,3.19,3.19,3.1,3.13,152485
2015-08-12,3.15,3.32,3.12,3.25,103520
2015-08-13,3.36,3.38,3.06,3.1,129604
2015-08-14,3.14,3.27,2.95,2.99,161911
2015-08-17,2.99,2.99,2.79,2.81,187448
2015-08-18,2.84,2.84,2.68,2.7,133595
2015-08-19,2.71,2.71,2.43,2.52,284468
2015-08-20,2.55,2.75,2.35,2.35,425426
2015-08-21,2.35,2.5,2.33,2.37,382472
2015-08-24,2.3,2.31,1.99,2.11,483530
2015-08-25,2.28,2.28,2.01,2.07,568002
2015-08-26,2.11,2.19,2.01,2.07,806997
2015-08-27,2.13,2.37,2.1,2.24,817240
2015-08-28,2.3,2.69,2.24,2.56,775181
2015-08-31,2.57,2.89,2.36,2.85,545979
2015-09-01,2.75,2.95,2.66,2.77,200717
2015-09-02,2.8,2.89,2.63,2.7,167568
2015-09-03,2.72,2.95,2.72,2.81,137251
2015-09-04,2.8,2.82,2.71,2.79,76328
2015-09-08,2.79,3.06,2.71,2.93,168184
2015-09-09,2.95,3.02,2.72,2.79,96831
2015-09-10,2.78,2.8,2.62,2.72,166751
2015-09-11,2.67,2.67,2.51,2.52,75801
2015-09-14,2.48,2.5,2.31,2.33,126716
2015-09-15,2.3,2.49,2.3,2.46,167964
2015-09-16,2.53,2.81,2.49,2.72,119131
2015-09-17,2.71,2.93,2.65,2.87,121449
2015-09-18,2.79,2.92,2.79,2.81,170122
2015-09-21,2.77,2.8,2.66,2.67,116408
2015-09-22,2.57,2.69,2.44,2.48,159562
2015-09-23,2.5,2.56,2.34,2.37,101259
2015-09-24,2.42,2.49,2.37,2.48,81311
2015-09-25,2.49,2.53,2.31,2.31,85263
2015-09-28,2.3,2.31,2.11,2.11,203725
2015-09-29,2.19,2.29,2.08,2.1,157919
2015-09-30,2.1,2.2,2.02,2.15,566516
2015-10-01,2.18,2.24,2.1,2.1,130417
2015-10-02,2.2,2.5,2.15,2.42,185128
2015-10-05,2.49,2.98,2.49,2.91,387129
2015-10-06,2.91,3.32,2.82,3.06,333224
2015-10-07,3.12,3.42,3.03,3.22,278413
2015-10-08,3.18,3.41,3.11,3.41,160142
2015-10-09,3.51,3.52,3.23,3.34,185694
2015-10-12,3.19,3.34,2.91,3.25,199442
2015-10-13,3.17,3.34,3.16,3.21,152195
2015-10-14,3.21,3.33,3.14,3.32,158868
2015-10-15,3.25,3.3,3.01,3.14,151098
2015-10-16,3.15,3.25,3.06,3.23,150111
2015-10-19,3.2,3.23,2.99,3.01,180277
2015-10-20,3.04,3.24,3.0,3.1,137154
2015-10-21,3.09,3.17,3.0,3.01,70789
2015-10-22,3.02,3.12,2.92,2.99,132367
2015-10-23,2.05,2.24,2.01,2.2,1246686
2015-10-26,2.18,2.18,1.93,1.97,563232
2015-10-27,1.92,1.95,1.71,1.8,523080
2015-10-28,1.8,2.05,1.76,1.98,260260
2015-10-29,1.97,2.09,1.9,1.97,250652
2015-10-30,1.95,2.08,1.95,2.02,105726
2015-11-02,2.0,2.14,2.0,2.1,193359
2015-11-03,2.14,2.93,2.14,2.84,732838
2015-11-04,2.8,2.91,2.6,2.74,245845
2015-11-05,2.68,2.88,2.65,2.78,143158
2015-11-06,2.78,2.82,2.62,2.66,91612
2015-11-09,2.64,2.69,2.55,2.55,171768
2015-11-10,2.55,2.64,2.34,2.37,204973
2015-11-11,2.37,2.38,2.25,2.31,165662
2015-11-12,2.25,2.39,2.23,2.26,113888
2015-11-13,2.27,2.32,2.16,2.23,124167
2015-11-16,2.21,2.41,2.21,2.36,91929
2015-11-17,2.32,2.41,2.2,2.2,192485
2015-11-18,2.31,2.45,2.2,2.4,189731
2015-11-19,2.33,2.37,2.23,2.23,80806
2015-11-20,2.2,2.23,2.07,2.21,215252
2015-11-23,2.2,2.23,2.07,2.1,130759
2015-11-24,2.09,2.2,2.09,2.14,134345
2015-11-25,2.14,2.33,2.1,2.28,166667
2015-11-27,2.22,2.31,2.22,2.26,65315
2015-11-30,2.27,2.44,2.27,2.33,182512
2015-12-01,2.27,2.35,2.09,2.15,247625
2015-12-02,2.1,2.14,1.99,2.07,304481
2015-12-03,2.08,2.1,1.9,1.96,224890
2015-12-04,1.95,1.95,1.71,1.74,431968
2015-12-07,1.71,1.79,1.31,1.39,775593
2015-12-08,1.36,1.53,1.27,1.47,354563
2015-12-09,1.5,1.68,1.34,1.39,352326
2015-12-10,1.45,1.51,1.31,1.31,397250
2015-12-11,1.31,1.32,1.23,1.28,240985
2015-12-14,1.3,1.3,1.09,1.1,495192
2015-12-15,1.09,1.3,1.05,1.28,621596
2015-12-16,1.26,1.33,1.16,1.2,267912
2015-12-17,1.19,1.23,1.1,1.14,487049
2015-12-18,1.14,1.19,1.12,1.13,183661
2015-12-21,1.12,1.18,1.1,1.12,240601
2015-12-22,1.14,1.38,1.11,1.3,401124
2015-12-23,1.38,1.49,1.3,1.49,540186
2015-12-24,1.51,1.57,1.36,1.4,175426
2015-12-28,1.31,1.35,1.16,1.2,576075
2015-12-29,1.25,1.32,1.21,1.26,361972
2015-12-30,1.22,1.24,1.12,1.15,323486
2015-12-31,1.15,1.25,1.13,1.14,755742
2016-01-04,1.16,1.3,1.16,1.3,238434
2016-01-05,1.27,1.27,1.19,1.23,140349
2016-01-06,1.18,1.19,1.12,1.17,325774
2016-01-07,1.12,1.14,1.1,1.1,210674
2016-01-08,1.13,1.16,1.11,1.13,110772
2016-01-11,1.11,1.12,1.05,1.06,254920
2016-01-12,1.12,1.16,0.91,0.91,451557
2016-01-13,0.94,1.07,0.87,0.87,342586
2016-01-14,0.88,0.94,0.79,0.92,394148
2016-01-15,0.84,0.9,0.79,0.9,161179
2016-01-19,0.9,0.94,0.8,0.8,228068
2016-01-20,0.74,0.86,0.72,0.79,191429
2016-01-21,0.79,0.89,0.79,0.88,97994
2016-01-22,0.96,1.11,0.96,1.06,284982
2016-01-25,1.03,1.14,0.92,0.94,214046
2016-01-26,0.98,1.08,0.94,1.08,83235
2016-01-27,1.1,1.19,0.91,0.95,314052
2016-01-28,1.03,1.23,1.02,1.17,308363
2016-01-29,1.17,1.23,1.16,1.16,221502
2016-02-01,1.21,1.21,1.05,1.1,130902
2016-02-02,1.05,1.1,0.99,1.03,142881
2016-02-03,1.05,1.11,0.97,1.07,165079
2016-02-04,1.08,1.15,1.08,1.15,172124
2016-02-05,1.11,1.15,1.05,1.08,118756
2016-02-08,1.03,1.04,0.93,0.99,136582
2016-02-09,0.96,0.96,0.81,0.83,253603
2016-02-10,0.86,0.88,0.82,0.82,130982
2016-02-11,0.81,0.88,0.76,0.81,185206
2016-02-12,0.82,0.92,0.82,0.89,75499
2016-02-16,0.91,1.0,0.88,0.89,137907
2016-02-17,0.89,0.98,0.89,0.9,134608
2016-02-18,0.92,0.95,0.8,0.81,180558
2016-02-19,0.8,0.8,0.76,0.79,213445
2016-02-22,0.86,0.89,0.85,0.85,111816
2016-02-23,0.85,0.88,0.8,0.8,82730
2016-02-24,0.79,0.82,0.73,0.78,161807
2016-02-25,0.76,0.8,0.75,0.8,129604
2016-02-26,0.78,0.92,0.76,0.87,148582
2016-02-29,0.9,1.14,0.9,1.14,480329
2016-03-01,1.05,1.14,0.96,1.04,230787
2016-03-02,1.02,1.05,0.98,1.02,101643
2016-03-03,1.05,1.39,1.05,1.33,693270
2016-03-04,1.35,1.91,1.35,1.66,742851
2016-03-07,1.93,1.93,1.72,1.83,757044
2016-03-08,1.85,1.87,1.55,1.55,218305
2016-03-09,1.61,1.83,1.59,1.62,224923
2016-03-10,1.65,1.7,1.37,1.48,206412
2016-03-11,1.53,1.63,1.53,1.59,169799
2016-03-14,1.59,1.6,1.43,1.51,194951
2016-03-15,1.43,1.48,1.39,1.48,78884
2016-03-16,1.48,1.68,1.48,1.68,91057
2016-03-17,1.7,1.79,1.61,1.67,286344
2016-03-18,1.7,1.78,1.64,1.67,179149
2016-03-21,1.67,1.78,1.51,1.68,288319
2016-03-22,1.5,1.72,1.5,1.65,143059
2016-03-23,1.62,1.65,1.43,1.46,117863
2016-03-24,1.48,1.58,1.42,1.55,131543
2016-03-28,1.5,1.52,1.41,1.48,178591
2016-03-29,1.41,1.55,1.41,1.55,56541
2016-03-30,1.55,1.57,1.32,1.38,98181
2016-03-31,1.38,1.84,1.35,1.77,806664
2016-04-01,1.8,2.14,1.78,2.13,1281620
2016-04-04,2.35,2.61,2.23,2.29,1238166
2016-04-05,2.15,2.29,2.08,2.19,363805
2016-04-06,2.25,2.34,2.15,2.29,198561
2016-04-07,2.39,2.49,2.37,2.42,261821
2016-04-08,2.5,2.83,2.5,2.72,519427
2016-04-11,2.72,3.64,2.72,3.07,1261374
2016-04-12,3.16,3.5,3.12,3.4,844085
2016-04-13,3.43,3.45,2.84,3.19,779659
2016-04-14,3.25,3.25,2.82,2.82,499093
2016-04-15,2.89,3.34,2.89,3.1,489114
2016-04-18,2.85,3.44,2.85,3.35,553925
2016-04-19,3.39,3.57,3.26,3.29,367939
2016-04-20,3.27,3.44,3.26,3.38,285221
2016-04-21,3.48,3.69,3.41,3.53,336597
2016-04-22,3.6,3.75,3.07,3.67,897587
2016-04-25,3.59,3.6,3.11,3.31,937876
2016-04-26,3.31,3.74,3.1,3.63,650458
2016-04-27,3.73,3.99,3.54,3.95,589395
2016-04-28,3.98,4.05,3.61,3.72,479757
2016-04-29,3.79,4.01,3.54,3.73,474428
2016-05-02,3.89,3.9,3.33,3.64,484860
2016-05-03,3.48,3.54,3.15,3.37,586569
2016-05-04,3.37,3.47,3.1,3.3,324068
2016-05-05,3.45,3.59,3.3,3.42,181992
2016-05-06,3.35,3.55,3.27,3.41,249313
2016-05-09,3.33,3.42,3.05,3.22,358168
2016-05-10,3.21,3.31,3.15,3.16,99319
2016-05-11,3.11,3.27,2.77,3.1,398433
2016-05-12,3.12,3.19,2.85,2.87,321286
2016-05-13,2.85,2.95,2.55,2.6,593237
2016-05-16,2.65,2.81,2.62,2.69,443521
2016-05-17,2.7,2.94,2.7,2.92,191146
2016-05-18,2.92,2.99,2.82,2.84,131043
2016-05-19,2.75,2.94,2.66,2.91,155158
2016-05-20,2.94,3.06,2.85,3.02,113345
2016-05-23,3.0,3.05,2.89,2.94,129781
2016-05-24,2.94,3.2,2.91,3.11,175017
2016-05-25,3.15,3.25,3.12,3.18,108929
2016-05-26,3.24,3.26,3.07,3.12,142205
2016-05-27,3.23,3.23,3.0,3.12,139162
2016-05-31,3.1,3.1,3.0,3.02,120081
2016-06-01,2.93,2.99,2.83,2.9,134289
2016-06-02,2.86,2.86,2.21,2.39,750434
2016-06-03,2.3,2.42,2.05,2.15,559494
2016-06-06,2.11,2.29,2.09,2.2,319704
2016-06-07,2.2,2.29,2.05,2.14,308160
2016-06-08,2.18,2.34,2.18,2.25,190726
2016-06-09,2.23,2.33,2.21,2.31,145404
2016-06-10,2.26,2.29,2.01,2.11,194561
2016-06-13,2.0,2.2,1.94,2.16,128253
2016-06-14,2.13,2.24,2.0,2.04,149456
2016-06-15,2.03,2.19,1.96,2.05,160236
2016-06-16,1.98,2.03,1.85,1.97,189178
2016-06-17,2.0,2.14,1.98,2.01,143070
2016-06-20,2.03,2.18,2.03,2.05,65791
2016-06-21,2.05,2.1,1.91,2.01,216559
2016-06-22,2.01,2.04,1.86,2.0,195505
2016-06-23,2.02,2.08,1.99,2.0,68200
2016-06-24,1.86,1.94,1.85,1.87,136787
2016-06-27,1.85,1.85,1.7,1.73,141114
2016-06-28,1.82,1.92,1.82,1.89,116174
2016-06-29,1.93,2.02,1.89,1.99,126438
2016-06-30,1.95,2.01,1.91,1.93,44045
2016-07-01,1.93,2.03,1.93,1.95,28794
2016-07-05,1.89,1.89,1.81,1.82,77962
2016-07-06,1.77,1.91,1.75,1.78,51486
2016-07-07,1.82,1.93,1.71,1.8,118578
2016-07-08,1.8,1.8,1.71,1.72,98048
2016-07-11,1.72,1.77,1.71,1.71,81953
2016-07-12,1.75,1.97,1.72,1.82,187508
2016-07-13,1.82,1.84,1.78,1.84,68882
2016-07-14,1.82,1.85,1.75,1.75,95078
2016-07-15,1.79,1.94,1.76,1.84,139359
2016-07-18,1.83,1.94,1.77,1.9,159675
2016-07-19,1.91,1.99,1.81,1.86,155061
2016-07-20,1.82,2.0,1.82,1.84,266338
2016-07-21,1.85,1.9,1.76,1.79,116399
2016-07-22,1.8,1.85,1.75,1.8,156754
2016-07-25,1.74,1.83,1.69,1.69,122607
2016-07-26,1.69,1.83,1.61,1.61,228829
2016-07-27,1.6,1.7,1.51,1.53,371278
2016-07-28,1.54,1.55,1.41,1.47,202565
2016-07-29,1.44,1.53,1.4,1.5,133230
2016-08-01,1.6,1.88,1.52,1.75,523174
2016-08-02,1.74,1.88,1.61,1.7,309564
2016-08-03,1.72,1.93,1.7,1.92,199446
2016-08-04,1.93,1.99,1.87,1.92,119203
2016-08-05,1.93,2.64,1.88,2.58,1278230
2016-08-08,2.88,3.08,2.72,2.91,1127807
2016-08-09,2.98,3.0,2.41,2.52,400475
2016-08-10,2.58,2.58,2.34,2.39,246378
2016-08-11,2.41,2.74,2.38,2.67,244136
2016-08-12,2.73,2.75,2.53,2.55,192774
2016-08-15,2.4,2.65,2.4,2.45,362654
2016-08-16,2.44,2.55,2.37,2.52,131285
2016-08-17,2.49,2.7,2.38,2.55,198550
2016-08-18,2.6,2.66,2.58,2.61,142003
2016-08-19,2.68,2.7,2.63,2.64,151042
2016-08-22,2.6,2.62,2.45,2.46,82350
2016-08-23,2.45,2.59,2.45,2.56,62892
2016-08-24,2.5,2.61,2.4,2.41,112306
2016-08-25,2.43,2.47,2.39,2.47,45563
2016-08-26,2.5,2.53,2.33,2.33,170017
2016-08-29,2.3,2.56,2.26,2.42,195430
2016-08-30,2.47,2.56,2.44,2.5,81468
2016-08-31,2.5,2.54,2.4,2.4,74905
2016-09-01,2.38,2.46,2.38,2.4,50009
2016-09-02,2.41,2.49,2.41,2.49,56661
2016-09-06,2.5,2.55,2.45,2.45,80367
2016-09-07,2.48,2.6,2.48,2.6,182190
2016-09-08,2.63,2.98,2.62,2.95,497471
2016-09-09,2.9,2.93,2.71,2.75,127801
2016-09-12,2.75,2.87,2.61,2.8,75855
2016-09-13,2.76,2.79,2.52,2.65,185087
2016-09-14,2.63,2.73,2.52,2.55,141718
2016-09-15,2.57,2.61,2.47,2.56,99100
2016-09-16,2.52,2.53,2.45,2.53,36917
2016-09-19,2.6,2.7,2.56,2.69,81928
2016-09-20,2.67,2.67,2.52,2.52,79742
2016-09-21,2.61,2.68,2.51,2.61,75951
2016-09-22,2.65,2.67,2.52,2.56,56538
2016-09-23,2.53,2.59,2.46,2.49,75080
2016-09-26,2.51,2.57,2.46,2.56,129198
2016-09-27,2.47,2.56,2.45,2.46,247917
2016-09-28,2.47,2.79,2.45,2.65,195188
2016-09-29,2.68,3.01,2.67,2.85,372689
2016-09-30,2.9,3.08,2.85,2.88,247955
2016-10-03,2.88,2.99,2.78,2.79,96394
2016-10-04,2.84,2.92,2.84,2.87,95331
2016-10-05,2.92,3.13,2.92,3.01,273339
2016-10-06,3.04,3.14,3.04,3.1,61347
2016-10-07,3.13,3.13,2.91,3.01,202326
2016-10-10,3.09,3.26,3.02,3.14,177280
2016-10-11,3.08,3.25,3.08,3.15,187819
2016-10-12,3.1,3.25,3.1,3.24,225903
2016-10-13,3.18,3.3,3.12,3.21,314882
2016-10-14,3.17,3.26,3.17,3.22,170111
2016-10-17,3.19,3.19,3.0,3.04,147832
2016-10-18,3.11,3.17,3.06,3.16,98563
2016-10-19,3.18,3.3,3.16,3.24,127822
2016-10-20,3.2,3.26,3.15,3.21,82335
2016-10-21,3.22,3.23,3.15,3.23,90732
2016-10-24,3.19,3.19,3.02,3.03,67324
2016-10-25,3.01,3.15,3.0,3.12,97143
2016-10-26,3.05,3.12,2.91,2.93,96241
2016-10-27,2.99,3.0,2.75,2.76,77401
2016-10-28,2.76,2.97,2.75,2.75,108886
2016-10-31,2.75,2.76,2.41,2.41,260191
2016-11-01,2.41,2.62,2.35,2.35,102851
2016-11-02,2.32,2.35,2.11,2.16,340554
2016-11-03,2.17,2.33,2.06,2.09,287489
2016-11-04,2.02,2.12,2.01,2.07,152665
2016-11-07,2.07,2.28,2.07,2.21,236838
2016-11-08,2.16,2.25,1.97,2.02,162383
2016-11-09,1.93,2.23,1.93,2.15,156137
2016-11-10,2.14,2.3,2.11,2.2,204577
2016-11-11,2.18,2.22,2.11,2.18,51312
2016-11-14,2.15,2.33,2.14,2.19,192058
2016-11-15,2.22,2.44,2.22,2.38,210788
2016-11-16,2.39,2.43,2.31,2.4,119632
2016-11-17,2.4,2.44,2.21,2.23,183831
2016-11-18,2.23,2.39,2.23,2.3,70547
2016-11-21,2.36,2.44,2.3,2.36,110071
2016-11-22,2.36,2.49,2.36,2.39,90388
2016-11-23,2.4,2.4,2.35,2.36,96710
2016-11-25,2.34,2.37,2.25,2.28,33984
2016-11-28,2.3,2.37,2.03,2.1,428293
2016-11-29,2.1,2.16,2.06,2.11,81555
2016-11-30,2.28,2.54,2.26,2.49,449472
2016-12-01,2.58,2.86,2.56,2.61,399691
2016-12-02,2.6,2.63,2.51,2.57,117586
2016-12-05,2.59,2.79,2.52,2.65,260363
2016-12-06,2.56,2.64,2.53,2.6,113747
2016-12-07,2.6,2.61,2.52,2.53,94957
2016-12-08,2.56,2.64,2.56,2.6,87268
2016-12-09,2.64,2.76,2.51,2.73,219438
2016-12-12,2.88,2.99,2.86,2.94,434185
2016-12-13,2.92,2.94,2.85,2.9,120378
2016-12-14,2.84,2.95,2.71,2.72,157531
2016-12-15,2.67,2.77,2.65,2.74,49392
2016-12-16,2.85,2.88,2.78,2.88,141015
2016-12-19,2.9,2.9,2.71,2.86,126627
2016-12-20,2.86,2.92,2.7,2.82,119307
2016-12-21,2.85,2.88,2.72,2.74,71923
2016-12-22,2.73,2.8,2.7,2.7,76771
2016-12-23,2.68,2.72,2.61,2.62,93102
2016-12-27,2.63,2.64,2.56,2.61,199966
2016-12-28,2.59,2.71,2.51,2.54,89846
2016-12-29,2.57,2.64,2.55,2.55,68697
2016-12-30,2.55,2.64,2.51,2.6,125721
2017-01-03,2.65,2.79,2.65,2.76,221001
2017-01-04,2.76,2.79,2.71,2.76,51617
2017-01-05,2.8,2.88,2.76,2.84,161018
2017-01-06,2.84,3.16,2.84,2.96,232472
2017-01-09,2.95,2.98,2.85,2.87,82326
2017-01-10,2.85,2.98,2.85,2.91,78811
2017-01-11,2.94,3.17,2.88,3.15,225395
2017-01-12,3.2,3.37,3.06,3.1,177943
2017-01-13,3.13,3.25,3.13,3.22,94525
2017-01-17,3.24,3.25,3.05,3.05,130165
2017-01-18,3.05,3.13,3.02,3.1,138255
2017-01-19,3.11,3.11,3.01,3.1,103081
2017-01-20,3.14,3.14,3.0,3.0,78422
2017-01-23,3.0,3.05,2.87,3.0,89388
2017-01-24,2.99,3.05,2.92,2.99,82201
2017-01-25,2.99,3.06,2.96,2.97,50685
2017-01-26,2.95,3.19,2.95,3.19,142771
2017-01-27,3.1,3.19,3.05,3.11,113062
2017-01-30,3.1,3.12,2.87,2.97,186862
2017-01-31,2.97,3.02,2.95,2.97,91848
2017-02-01,3.03,3.03,2.87,2.9,89822
2017-02-02,2.87,2.98,2.86,2.87,103116
2017-02-03,2.9,3.08,2.87,3.02,81336
2017-02-06,2.98,3.05,2.9,2.9,66726
2017-02-07,2.87,2.94,2.87,2.87,75165
2017-02-08,2.87,2.88,2.83,2.86,41937
2017-02-09,2.87,2.89,2.8,2.84,50450
2017-02-10,2.83,2.96,2.83,2.92,32197
2017-02-13,2.92,2.98,2.8,2.98,74204
2017-02-14,2.95,3.0,2.8,2.86,62896
2017-02-15,2.8,2.85,2.8,2.8,44137
2017-02-16,2.8,2.8,2.74,2.78,45999
2017-02-17,2.76,2.87,2.76,2.76,38028
2017-02-21,2.78,2.84,2.74,2.75,75715
2017-02-22,2.74,2.75,2.58,2.65,153405
2017-02-23,2.68,2.76,2.62,2.73,110441
2017-02-24,2.73,2.73,2.52,2.68,75325
2017-02-27,2.65,2.71,2.6,2.68,43341
2017-02-28,2.68,2.79,2.68,2.77,36225
2017-03-01,2.55,2.74,2.32,2.72,472040
2017-03-02,2.52,2.73,2.52,2.72,145237
2017-03-03,2.63,2.77,2.6,2.75,107312
2017-03-06,2.68,2.74,2.61,2.68,117225
2017-03-07,2.65,2.94,2.65,2.79,180550
2017-03-08,2.79,2.85,2.62,2.65,96333
2017-03-09,2.61,2.7,2.43,2.55,154065
2017-03-10,2.51,2.58,2.4,2.48,119947
2017-03-13,2.45,2.55,2.37,2.52,137410
2017-03-14,2.47,2.5,2.4,2.48,57573
2017-03-15,2.52,2.66,2.47,2.61,76079
2017-03-16,2.58,2.74,2.46,2.49,257236
2017-03-17,2.46,2.59,2.32,2.34,326781
2017-03-20,2.31,2.48,2.31,2.43,157949
2017-03-21,2.48,2.48,2.32,2.35,43560
2017-03-22,2.33,2.34,2.11,2.19,343087
2017-03-23,2.15,2.32,2.15,2.24,113663
2017-03-24,2.25,2.34,2.25,2.29,94786
2017-03-27,2.27,2.3,2.16,2.25,116242
2017-03-28,2.22,2.3,2.21,2.21,114370
2017-03-29,2.24,2.33,2.2,2.32,135434
2017-03-30,2.34,2.38,2.29,2.32,65513
2017-03-31,2.32,2.37,2.3,2.37,65501
2017-04-03,2.37,2.42,2.32,2.4,81898
2017-04-04,2.37,2.44,2.36,2.39,18909
2017-04-05,2.38,2.53,2.33,2.34,117125
2017-04-06,2.33,2.37,2.31,2.31,13012
2017-04-07,2.32,2.4,2.32,2.35,28873
2017-04-10,2.4,2.48,2.4,2.46,74542
2017-04-11,2.44,2.47,2.37,2.44,39713
2017-04-12,2.42,2.47,2.35,2.35,37593
2017-04-13,2.35,2.49,2.32,2.49,80703
2017-04-17,2.41,2.48,2.3,2.47,120569
2017-04-18,2.39,2.44,2.3,2.31,52342
2017-04-19,2.3,2.39,2.3,2.39,81966
2017-04-20,2.39,2.42,2.27,2.34,76873
2017-04-21,2.32,2.36,2.29,2.3,68308
2017-04-24,2.31,2.33,2.26,2.26,23675
2017-04-25,2.25,2.35,2.21,2.28,61526
2017-04-26,2.26,2.33,2.16,2.27,87604
2017-04-27,2.23,2.27,2.11,2.23,82712
2017-04-28,2.21,2.21,2.15,2.17,52522
2017-05-01,2.17,2.29,2.13,2.27,83873
2017-05-02,2.34,2.34,2.17,2.19,73318
2017-05-03,2.2,2.26,2.18,2.25,67119
2017-05-04,2.25,2.25,2.05,2.05,114850
2017-05-05,2.08,2.16,2.05,2.15,72859
2017-05-08,2.18,2.18,2.06,2.13,59813
2017-05-09,2.12,2.13,2.06,2.08,41140
2017-05-10,2.1,2.27,2.05,2.2,105573
2017-05-11,2.24,2.26,2.15,2.2,12268
2017-05-12,2.18,2.27,2.12,2.12,35785
2017-05-15,2.23,2.3,2.1,2.24,148147
2017-05-16,2.22,2.25,2.06,2.11,131172
2017-05-17,2.13,2.13,1.96,2.05,155297
2017-05-18,2.0,2.11,2.0,2.03,66372
2017-05-19,2.03,2.19,2.03,2.14,86062
2017-05-22,2.2,2.21,2.11,2.15,42379
2017-05-23,2.13,2.14,2.05,2.06,42916
2017-05-24,2.06,2.18,2.03,2.03,69766
2017-05-25,2.08,2.1,2.0,2.01,36095
2017-05-26,2.0,2.05,1.98,2.05,62198
2017-05-30,1.98,2.04,1.8,1.85,89234
2017-05-31,1.85,1.9,1.85,1.85,26660
2017-06-01,1.88,2.0,1.83,1.93,108943
2017-06-02,1.9,1.97,1.82,1.94,51958
2017-06-05,1.89,1.91,1.8,1.85,89328
2017-06-06,1.82,1.88,1.78,1.82,72919
2017-06-07,1.78,1.82,1.71,1.73,108237
2017-06-08,1.65,1.8,1.61,1.68,135877
2017-06-09,1.68,1.7,1.59,1.64,161921
2017-06-12,1.61,1.65,1.58,1.62,66539
2017-06-13,1.6,1.64,1.55,1.64,46675
2017-06-14,1.64,1.64,1.51,1.52,58614
2017-06-15,1.5,1.52,1.28,1.32,260073
2017-06-16,1.32,1.42,1.28,1.37,99174
2017-06-19,1.38,1.41,1.3,1.33,64852
2017-06-20,1.32,1.37,1.21,1.28,203172
2017-06-21,1.23,1.35,1.22,1.22,162866
2017-06-22,1.25,1.39,1.22,1.34,167109
2017-06-23,1.36,1.4,1.31,1.34,65792
2017-06-26,1.34,1.4,1.31,1.36,92469
2017-06-27,1.35,1.43,1.32,1.34,228360
2017-06-28,1.34,1.44,1.33,1.33,188990
2017-06-29,1.33,1.38,1.33,1.36,58863
2017-06-30,1.36,1.4,1.32,1.36,72762
2017-07-03,1.38,1.39,1.33,1.35,64800
2017-07-05,1.33,1.33,1.27,1.27,51681
2017-07-06,1.3,1.32,1.22,1.25,108660
2017-07-07,1.22,1.27,1.17,1.19,141174
2017-07-10,1.19,1.39,1.17,1.28,57094
2017-07-11,1.3,1.43,1.27,1.35,40598
2017-07-12,1.36,1.36,1.29,1.34,20091
2017-07-13,1.37,1.37,1.32,1.36,13098
2017-07-14,1.35,1.35,1.31,1.33,64543
2017-07-17,1.31,1.36,1.27,1.3,30874
2017-07-18,1.3,1.33,1.23,1.23,29839
2017-07-19,1.24,1.35,1.23,1.31,73881
2017-07-20,1.3,1.37,1.26,1.28,48403
2017-07-21,1.27,1.31,1.21,1.3,54392
2017-07-24,1.3,1.3,1.2,1.22,220514
2017-07-25,1.23,1.38,1.22,1.34,178214
2017-07-26,1.37,1.37,1.3,1.31,53302
2017-07-27,1.31,1.34,1.31,1.31,41029
2017-07-28,1.31,1.35,1.31,1.32,75240
2017-07-31,1.3,1.33,1.25,1.25,71039
2017-08-01,1.3,1.3,1.21,1.25,90021
