Date,Open,High,Low,Close,Volume
2012-11-19,16.31,16.42,16.05,16.27,16176
2012-11-20,16.26,16.35,16.21,16.21,8570
2012-11-21,16.22,16.38,16.2,16.23,13369
2012-11-23,16.22,16.55,16.09,16.28,21522
2012-11-26,16.16,16.38,16.16,16.38,3668
2012-11-27,16.27,16.65,16.24,16.55,17976
2012-11-28,16.53,16.75,16.42,16.7,14488
2012-11-29,16.83,16.83,16.68,16.7,1800
2012-11-30,16.71,16.78,16.42,16.44,9246
2012-12-03,16.46,16.68,16.45,16.53,4171
2012-12-04,16.58,16.74,16.54,16.54,7346
2012-12-05,16.5,16.91,16.5,16.75,10762
2012-12-06,16.75,16.75,16.56,16.71,4944
2012-12-07,16.64,16.68,16.36,16.5,19700
2012-12-10,16.38,16.54,16.21,16.25,14234
2012-12-11,16.25,16.44,16.05,16.21,12965
2012-12-12,16.21,16.21,16.0,16.06,8310
2012-12-13,16.02,16.1,15.81,15.94,14801
2012-12-14,16.02,16.1,15.63,15.85,14187
2012-12-17,15.99,16.12,15.75,15.86,38241
2012-12-18,15.79,16.03,15.7,15.91,25625
2012-12-19,15.81,16.0,15.66,15.86,23984
2012-12-20,15.79,15.9,15.75,15.8,9517
2012-12-21,15.79,15.95,15.75,15.95,17728
2012-12-24,15.87,15.98,15.6,15.7,12306
2012-12-26,15.66,15.89,15.66,15.75,19820
2012-12-27,15.5,15.67,15.48,15.49,13152
2012-12-28,15.36,15.49,15.11,15.12,27445
2012-12-31,15.22,15.38,15.17,15.28,27316
2013-01-02,15.5,15.68,15.22,15.67,22224
2013-01-03,15.78,16.08,15.78,16.08,17334
2013-01-04,16.08,16.22,15.9,16.2,12303
2013-01-07,16.09,16.27,16.0,16.09,15449
2013-01-08,16.09,16.58,16.09,16.57,21038
2013-01-09,16.6,16.74,16.5,16.67,9889
2013-01-10,16.6,16.91,16.41,16.73,27157
2013-01-11,16.45,17.04,16.45,16.77,36497
2013-01-14,16.83,17.05,16.39,16.63,58724
2013-01-15,16.7,16.7,16.37,16.37,12514
2013-01-16,16.36,17.1,16.36,16.96,50808
2013-01-17,17.11,17.11,16.87,16.98,24636
2013-01-18,16.9,17.06,16.74,16.98,16972
2013-01-22,16.98,17.15,16.86,17.14,14881
2013-01-23,17.0,17.13,16.51,16.91,15571
2013-01-24,17.05,17.13,16.97,17.13,50985
2013-01-25,17.12,17.3,17.1,17.3,14568
2013-01-28,17.3,17.44,17.21,17.26,11611
2013-01-29,17.38,17.38,17.13,17.17,11162
2013-01-30,17.29,17.29,17.0,17.06,12197
2013-01-31,17.1,17.17,17.01,17.01,8200
2013-02-01,17.14,17.33,17.05,17.1,20660
2013-02-04,17.19,17.19,16.91,17.16,14143
2013-02-05,17.17,17.26,17.1,17.1,4519
2013-02-06,17.14,17.23,17.1,17.22,5637
2013-02-07,17.21,17.38,17.08,17.33,13200
2013-02-08,17.3,17.3,17.08,17.12,13381
2013-02-11,17.23,17.28,17.0,17.04,7470
2013-02-12,17.09,17.09,16.86,16.9,15182
2013-02-13,16.93,16.93,16.61,16.64,10774
2013-02-14,16.63,16.79,16.5,16.62,30785
2013-02-15,16.62,16.85,16.59,16.82,11335
2013-02-19,16.77,16.8,16.58,16.65,17970
2013-02-20,16.62,16.76,16.5,16.5,22559
2013-02-21,16.5,16.68,16.35,16.37,16293
2013-02-22,16.35,16.47,16.01,16.12,20826
2013-02-25,16.17,16.29,16.11,16.29,7354
2013-02-26,16.25,16.31,16.19,16.2,4078
2013-02-27,16.25,16.38,16.25,16.35,3227
2013-02-28,16.42,16.42,16.27,16.3,4338
2013-03-01,16.3,16.33,16.26,16.33,4583
2013-03-04,16.36,16.36,16.17,16.17,12350
2013-03-05,16.14,16.33,16.1,16.25,12491
2013-03-06,16.16,16.4,16.16,16.38,5488
2013-03-07,16.28,16.35,16.15,16.15,11664
2013-03-08,16.4,16.56,16.08,16.19,12016
2013-03-11,16.26,16.38,16.1,16.1,16484
2013-03-12,16.18,16.3,16.15,16.24,16836
2013-03-13,16.25,16.35,16.17,16.32,17207
2013-03-14,16.21,16.37,16.21,16.33,20640
2013-03-15,16.18,16.32,16.16,16.26,28659
2013-03-18,16.26,16.36,16.15,16.25,9618
2013-03-19,16.22,16.48,16.21,16.21,8411
2013-03-20,16.42,16.44,16.16,16.3,7525
2013-03-21,16.18,16.3,16.16,16.3,2538
2013-03-22,16.22,16.31,16.22,16.25,5600
2013-03-25,16.25,16.41,16.21,16.4,9561
2013-03-26,16.39,16.45,16.23,16.23,6802
2013-03-27,16.24,16.28,16.15,16.25,4818
2013-03-28,16.31,16.43,16.22,16.34,8396
2013-04-01,16.29,16.4,16.16,16.16,7898
2013-04-02,16.24,16.33,16.16,16.3,25909
2013-04-03,16.26,16.26,16.0,16.01,32874
2013-04-04,16.11,16.11,15.8,15.9,10755
2013-04-05,15.94,16.21,15.81,16.11,22658
2013-04-08,16.08,16.14,15.94,16.14,7093
2013-04-09,16.05,16.11,16.0,16.01,11955
2013-04-10,16.05,16.32,16.05,16.14,11717
2013-04-11,16.13,16.29,16.05,16.05,18021
2013-04-12,16.08,16.23,16.08,16.1,8391
2013-04-15,16.08,16.22,16.07,16.07,12949
2013-04-16,16.2,16.25,16.06,16.11,4159
2013-04-17,16.07,16.39,16.06,16.15,24220
2013-04-18,16.24,16.44,16.1,16.25,25042
2013-04-19,16.33,16.47,16.17,16.44,3961
2013-04-22,16.47,16.47,16.27,16.27,9607
2013-04-23,16.36,16.45,16.27,16.34,10974
2013-04-24,16.49,16.5,16.35,16.5,8080
2013-04-25,16.25,16.51,16.25,16.35,10043
2013-04-26,16.56,16.56,16.31,16.35,3441
2013-04-29,16.31,16.6,16.31,16.5,11903
2013-04-30,16.37,16.52,16.32,16.41,4908
2013-05-01,16.52,16.6,16.36,16.44,11928
2013-05-02,16.43,16.56,16.43,16.46,7770
2013-05-03,16.54,16.6,16.44,16.56,12453
2013-05-06,16.53,16.75,16.51,16.75,10107
2013-05-07,16.69,16.87,16.6,16.7,15865
2013-05-08,16.75,16.87,16.74,16.81,9185
2013-05-09,16.65,16.98,16.61,16.98,16637
2013-05-10,16.91,17.2,16.83,17.0,33533
2013-05-13,17.09,17.33,16.75,17.1,31814
2013-05-14,17.1,17.23,16.96,17.04,11644
2013-05-15,17.1,17.15,16.81,17.02,28009
2013-05-16,16.85,17.25,16.85,17.16,10189
2013-05-17,17.08,17.6,16.93,17.4,34084
2013-05-20,17.35,17.5,17.22,17.37,14354
2013-05-21,17.36,17.5,17.35,17.5,15810
2013-05-22,17.5,17.95,17.48,17.89,19474
2013-05-23,17.78,17.79,17.19,17.19,24864
2013-05-24,17.11,17.3,16.83,17.3,25258
2013-05-28,17.22,17.44,17.22,17.36,7187
2013-05-29,17.18,17.33,16.82,17.0,9895
2013-05-30,16.88,17.02,16.82,16.86,6389
2013-05-31,16.95,16.95,16.71,16.74,11218
2013-06-03,16.7,16.75,16.55,16.57,5766
2013-06-04,16.69,16.96,16.65,16.9,1879
2013-06-05,16.62,16.79,16.3,16.4,23707
2013-06-06,16.44,16.44,16.3,16.37,9388
2013-06-07,16.43,16.53,16.3,16.35,3290
2013-06-10,16.38,16.56,16.3,16.35,4650
2013-06-11,16.3,16.5,16.3,16.47,12998
2013-06-12,16.43,16.44,16.15,16.18,13737
2013-06-13,16.18,16.32,16.11,16.2,8502
2013-06-14,16.2,16.5,16.2,16.21,17161
2013-06-17,16.35,16.36,16.21,16.21,3166
2013-06-18,16.2,16.45,16.15,16.22,11122
2013-06-19,16.31,16.4,16.0,16.13,20436
2013-06-20,16.06,16.39,16.05,16.29,13206
2013-06-21,16.4,16.4,16.0,16.0,10870
2013-06-24,16.0,16.02,15.67,15.8,46550
2013-06-25,15.72,16.16,15.72,15.8,15268
2013-06-26,15.76,16.25,15.71,16.25,14326
2013-06-27,16.32,16.32,16.1,16.1,8649
2013-06-28,16.11,16.11,15.75,15.85,13828
2013-07-01,15.79,16.1,15.79,15.96,4468
2013-07-02,16.2,16.2,15.8,15.89,39877
2013-07-03,15.91,16.06,15.9,15.98,4647
2013-07-05,15.92,16.24,15.92,16.24,8712
2013-07-08,16.1,16.19,15.26,15.59,50616
2013-07-09,15.6,15.89,15.32,15.32,23497
2013-07-10,15.4,15.81,15.39,15.73,20129
2013-07-11,16.0,16.19,15.77,16.18,17224
2013-07-12,15.84,16.13,15.84,16.08,16283
2013-07-15,16.0,16.09,15.92,15.92,9649
2013-07-16,16.02,16.14,15.93,16.11,9383
2013-07-17,16.24,16.24,15.98,16.15,8997
2013-07-18,16.17,16.36,16.05,16.26,15950
2013-07-19,16.15,16.17,16.05,16.17,2684
2013-07-22,16.25,16.29,16.11,16.25,7638
2013-07-23,16.11,16.49,16.11,16.2,4419
2013-07-24,16.22,16.28,16.1,16.1,4270
2013-07-25,16.22,16.4,16.1,16.23,15310
2013-07-26,16.3,16.37,16.2,16.27,2876
2013-07-29,16.34,16.34,16.15,16.15,5309
2013-07-30,16.2,16.2,15.57,15.61,35221
2013-07-31,15.55,15.95,15.52,15.95,14375
2013-08-01,15.58,15.85,15.51,15.52,12078
2013-08-02,15.42,15.71,15.42,15.57,13460
2013-08-05,15.64,15.77,15.5,15.65,10255
2013-08-06,15.61,15.61,15.37,15.42,16376
2013-08-07,15.48,15.55,15.3,15.34,11079
2013-08-08,15.37,15.5,15.31,15.36,8731
2013-08-09,15.47,15.6,15.36,15.59,13676
2013-08-12,15.57,15.68,15.47,15.48,6574
2013-08-13,15.73,15.9,15.25,15.25,35688
2013-08-14,15.46,15.48,15.25,15.35,18877
2013-08-15,15.4,15.5,15.31,15.49,24890
2013-08-16,15.52,15.73,15.51,15.67,29228
2013-08-19,15.73,15.92,15.53,15.87,30366
2013-08-20,15.87,15.91,15.71,15.9,18293
2013-08-21,15.9,15.9,15.56,15.57,12271
2013-08-22,15.5,16.0,15.45,15.93,17251
2013-08-23,16.07,16.14,15.81,16.04,6024
2013-08-26,16.14,16.15,15.72,15.72,12765
2013-08-27,15.67,15.95,15.38,15.43,13322
2013-08-28,15.38,15.81,15.38,15.52,7278
2013-08-29,15.4,16.09,15.36,16.08,22172
2013-08-30,16.07,16.09,15.91,16.07,11820
2013-09-03,16.0,16.07,16.0,16.01,4167
2013-09-04,16.08,16.15,16.05,16.13,8241
2013-09-05,16.14,16.14,16.0,16.03,11100
2013-09-06,16.12,16.14,16.05,16.1,4055
2013-09-09,16.15,16.15,15.91,15.91,22476
2013-09-10,16.03,16.05,15.91,15.95,14937
2013-09-11,15.92,16.14,15.92,15.95,6259
2013-09-12,16.13,16.15,15.97,16.11,25769
2013-09-13,16.05,16.13,16.0,16.02,7620
2013-09-16,16.02,16.18,15.9,15.95,28161
2013-09-17,15.92,15.92,15.73,15.74,24867
2013-09-18,15.98,15.98,15.72,15.93,8330
2013-09-19,15.78,15.99,15.58,15.78,38195
2013-09-20,15.71,15.92,15.67,15.67,17206
2013-09-23,15.59,15.73,15.55,15.73,9572
2013-09-24,15.61,15.85,15.61,15.85,8486
2013-09-25,15.76,15.79,15.5,15.51,22312
2013-09-26,15.52,15.58,15.15,15.16,25097
2013-09-27,15.28,15.32,15.18,15.25,19645
2013-09-30,15.21,15.48,15.21,15.32,17972
2013-10-01,15.32,15.48,15.27,15.4,6300
2013-10-02,15.41,15.48,15.11,15.33,22407
2013-10-03,15.33,15.44,15.2,15.25,5579
2013-10-04,15.34,15.38,15.27,15.38,2500
2013-10-07,15.29,15.29,15.21,15.24,10400
2013-10-08,15.17,15.33,15.08,15.29,12258
2013-10-09,15.23,15.26,15.09,15.2,12576
2013-10-10,15.2,15.35,15.11,15.25,9444
2013-10-11,15.25,15.3,15.18,15.23,8292
2013-10-14,15.17,15.28,15.02,15.04,16185
2013-10-15,15.04,15.08,15.0,15.0,11256
2013-10-16,15.02,15.07,14.96,14.98,24280
2013-10-17,14.96,15.18,14.95,15.14,8856
2013-10-18,15.18,15.22,14.9,14.93,27579
2013-10-21,14.92,15.0,14.85,14.86,25142
2013-10-22,14.86,14.94,14.75,14.82,30799
2013-10-23,14.86,15.16,14.85,15.16,20132
2013-10-24,15.03,15.04,14.78,14.93,18606
2013-10-25,15.01,15.01,14.8,14.89,19950
2013-10-28,14.82,14.92,14.75,14.8,20459
2013-10-29,14.93,14.97,14.7,14.88,20364
2013-10-30,14.96,14.96,14.63,14.73,13935
2013-10-31,14.74,14.79,14.71,14.75,5102
2013-11-01,14.82,14.84,14.69,14.78,7692
2013-11-04,14.73,14.86,14.62,14.78,21453
2013-11-05,14.78,14.8,14.59,14.7,19020
2013-11-06,14.72,14.8,14.61,14.65,9676
2013-11-07,14.65,14.71,14.11,14.39,55911
2013-11-08,14.39,14.77,14.39,14.77,37039
2013-11-11,14.77,15.08,14.77,15.0,67200
2013-11-12,14.92,14.93,14.75,14.85,13698
2013-11-13,14.71,14.74,14.65,14.69,11150
2013-11-14,14.62,14.88,14.62,14.81,16166
2013-11-15,14.75,15.01,14.63,14.87,19089
2013-11-18,14.77,14.8,14.59,14.6,15662
2013-11-19,14.66,14.72,14.5,14.5,16912
2013-11-20,14.61,14.61,14.3,14.3,17547
2013-11-21,14.19,14.39,14.17,14.26,26590
2013-11-22,14.48,14.55,14.32,14.5,23162
2013-11-25,14.59,14.59,14.4,14.44,11896
2013-11-26,14.29,14.6,14.27,14.38,17880
2013-11-27,14.51,14.59,14.3,14.54,11537
2013-11-29,14.6,14.73,14.56,14.73,8040
2013-12-02,14.74,14.74,14.5,14.71,21681
2013-12-03,14.6,14.67,14.54,14.59,5972
2013-12-04,14.59,14.65,14.42,14.6,20957
2013-12-05,14.6,14.79,14.31,14.31,32609
2013-12-06,14.53,14.7,14.53,14.6,11009
2013-12-09,14.31,14.69,14.3,14.56,19098
2013-12-10,14.64,14.79,14.55,14.65,17750
2013-12-11,14.55,14.86,14.51,14.7,22602
2013-12-12,14.57,14.87,14.56,14.76,16691
2013-12-13,14.78,15.06,14.78,14.89,15056
2013-12-16,15.0,15.0,14.72,14.73,16625
2013-12-17,14.83,14.96,14.58,14.59,15654
2013-12-18,14.78,14.8,14.54,14.77,29257
2013-12-19,14.73,14.95,14.67,14.77,8970
2013-12-20,14.83,14.99,14.75,14.91,19519
2013-12-23,14.9,14.95,14.77,14.94,40132
2013-12-24,15.0,15.1,14.82,15.1,2384
2013-12-26,14.96,15.2,14.92,15.18,7068
2013-12-27,15.09,15.22,14.84,15.02,18942
2013-12-30,15.11,15.15,14.99,15.13,8765
2013-12-31,15.22,15.22,14.9,14.93,50982
2014-01-02,14.87,14.99,14.82,14.96,9001
2014-01-03,14.85,14.95,14.85,14.92,1846
2014-01-06,14.95,15.03,14.85,15.02,34371
2014-01-07,14.97,15.0,14.86,15.0,9619
2014-01-08,14.95,14.98,14.86,14.91,16989
2014-01-09,14.87,14.89,14.79,14.79,27142
2014-01-10,14.83,15.09,14.71,14.89,31413
2014-01-13,15.1,15.1,14.95,15.02,19593
2014-01-14,15.13,15.4,15.05,15.21,26260
2014-01-15,15.25,15.4,15.16,15.2,22782
2014-01-16,15.11,15.39,15.11,15.38,31688
2014-01-17,15.95,15.95,15.29,15.59,30846
2014-01-21,15.74,15.81,15.55,15.68,30589
2014-01-22,15.69,15.82,15.2,15.34,27202
2014-01-23,15.21,15.58,15.21,15.25,15227
2014-01-24,15.2,15.53,15.03,15.35,8783
2014-01-27,15.43,15.5,15.15,15.25,24723
2014-01-28,15.35,15.5,15.26,15.49,6692
2014-01-29,15.15,15.28,15.1,15.17,23906
2014-01-30,15.25,15.25,15.13,15.24,8587
2014-01-31,15.13,15.2,15.12,15.15,18639
2014-02-03,15.2,15.26,15.08,15.1,23166
2014-02-04,15.06,15.28,15.06,15.24,11151
2014-02-05,15.14,15.27,15.09,15.2,6102
2014-02-06,15.28,15.54,15.2,15.32,17719
2014-02-07,15.41,15.69,15.36,15.41,23718
2014-02-10,15.55,15.95,15.45,15.65,25754
2014-02-11,15.7,15.88,15.67,15.8,6785
2014-02-12,15.8,15.8,15.73,15.8,1780
2014-02-13,15.84,15.85,15.73,15.75,12182
2014-02-14,15.83,15.94,15.64,15.93,4736
2014-02-18,15.82,16.0,15.82,15.96,27232
2014-02-19,15.76,15.85,15.71,15.8,8089
2014-02-20,15.72,15.92,15.72,15.92,6675
2014-02-21,15.91,16.0,15.9,15.9,22581
2014-02-24,15.84,16.0,15.84,15.99,5295
2014-02-25,16.0,16.15,15.92,15.99,13936
2014-02-26,15.86,16.18,15.86,16.15,3793
2014-02-27,16.2,16.22,16.01,16.22,6002
2014-02-28,16.2,16.25,16.06,16.08,11415
2014-03-03,16.05,16.21,15.96,15.96,4617
2014-03-04,15.92,16.3,15.82,16.3,33991
2014-03-05,16.34,16.34,16.03,16.31,10109
2014-03-06,16.31,16.35,15.82,15.9,21922
2014-03-07,15.86,15.99,15.8,15.8,12341
2014-03-10,15.72,15.9,15.6,15.77,18658
2014-03-11,15.88,15.97,15.75,15.76,15140
2014-03-12,15.71,15.82,15.59,15.59,10079
2014-03-13,15.52,15.57,15.36,15.42,39854
2014-03-14,15.5,15.76,15.22,15.39,14372
2014-03-17,15.43,15.47,15.21,15.28,11908
2014-03-18,15.21,15.38,15.21,15.36,10206
2014-03-19,15.39,15.45,15.24,15.39,12573
2014-03-20,15.3,15.37,15.2,15.32,8785
2014-03-21,15.31,15.36,15.21,15.25,12194
2014-03-24,15.21,15.53,15.2,15.31,29989
2014-03-25,15.43,15.55,15.31,15.49,15924
2014-03-26,15.45,15.83,15.45,15.58,20100
2014-03-27,15.51,15.56,15.35,15.49,11585
2014-03-28,15.44,15.44,15.3,15.3,12845
2014-03-31,15.3,15.3,15.16,15.17,21685
2014-04-01,15.12,15.42,15.12,15.4,60900
2014-04-02,15.41,15.46,15.3,15.46,6299
2014-04-03,15.48,15.48,15.13,15.16,20760
2014-04-04,15.22,15.37,15.18,15.3,39707
2014-04-07,15.25,15.38,15.16,15.16,41246
2014-04-08,15.24,15.25,15.15,15.22,12223
2014-04-09,15.24,15.27,15.2,15.22,7248
2014-04-10,15.27,15.3,15.15,15.15,11634
2014-04-11,15.16,15.24,15.12,15.17,6811
2014-04-14,15.15,15.17,15.1,15.1,7046
2014-04-15,15.1,15.1,15.01,15.04,14415
2014-04-16,15.13,15.13,15.02,15.05,6276
2014-04-17,15.02,15.1,15.02,15.1,6665
2014-04-21,15.04,15.1,15.02,15.05,9024
2014-04-22,15.02,15.13,15.02,15.08,25569
2014-04-23,15.12,15.15,15.08,15.15,26884
2014-04-24,15.01,15.1,15.0,15.02,7271
2014-04-25,15.07,15.07,15.04,15.06,5027
2014-04-28,15.09,15.14,15.09,15.13,5733
2014-04-29,15.21,15.25,15.15,15.2,8922
2014-04-30,15.27,15.27,15.1,15.24,16983
2014-05-01,15.22,15.28,15.2,15.28,8198
2014-05-02,15.26,15.26,15.25,15.26,12741
2014-05-05,15.25,15.34,15.1,15.15,11509
2014-05-06,15.21,15.5,15.17,15.3,11214
2014-05-07,15.31,15.31,15.15,15.2,12479
2014-05-08,15.27,15.52,15.26,15.51,18832
2014-05-09,15.72,15.86,15.53,15.69,42939
2014-05-12,15.74,15.92,15.61,15.86,25890
2014-05-13,15.94,15.98,15.82,15.85,9537
2014-05-14,15.85,15.98,15.47,15.49,23670
2014-05-15,15.56,15.56,15.36,15.44,22518
2014-05-16,15.27,15.39,15.14,15.2,21815
2014-05-19,15.29,15.42,15.21,15.25,14507
2014-05-20,15.26,15.31,15.18,15.21,8883
2014-05-21,15.23,15.38,15.23,15.32,9827
2014-05-22,15.39,15.39,15.3,15.32,11006
2014-05-23,15.39,15.39,15.27,15.27,14318
2014-05-27,15.36,15.36,15.21,15.26,16996
2014-05-28,15.4,15.42,15.26,15.36,25115
2014-05-29,15.38,15.38,15.27,15.27,7298
2014-05-30,15.33,15.33,15.11,15.11,11815
2014-06-02,15.16,15.19,15.12,15.15,7877
2014-06-03,15.11,15.22,15.11,15.14,7938
2014-06-04,15.21,15.27,15.09,15.17,19446
2014-06-05,15.15,15.2,15.15,15.2,8585
2014-06-06,15.27,15.27,15.18,15.24,10174
2014-06-09,15.32,15.32,15.13,15.23,14804
2014-06-10,15.29,15.35,15.26,15.33,15061
2014-06-11,15.32,15.32,15.15,15.29,21457
2014-06-12,15.35,15.35,15.25,15.27,8584
2014-06-13,15.23,15.3,15.2,15.2,10568
2014-06-16,15.27,15.27,15.16,15.2,17625
2014-06-17,15.21,15.25,15.14,15.18,12724
2014-06-18,15.19,15.24,15.15,15.2,6662
2014-06-19,15.17,15.2,15.14,15.18,15886
2014-06-20,15.14,15.28,15.14,15.26,17114
2014-06-23,15.23,15.25,15.2,15.2,4202
2014-06-24,15.24,15.4,15.23,15.29,11336
2014-06-25,15.25,15.28,15.2,15.2,24394
2014-06-26,15.21,15.25,15.2,15.24,6871
2014-06-27,15.21,15.25,15.16,15.17,23527
2014-06-30,15.25,15.45,15.18,15.27,6924
2014-07-01,15.39,15.39,15.29,15.29,8362
2014-07-02,15.3,15.3,15.2,15.23,11511
2014-07-03,15.25,15.27,15.23,15.23,2077
2014-07-07,15.2,15.3,15.2,15.21,20769
2014-07-08,15.26,15.27,15.19,15.2,17518
2014-07-09,15.17,15.21,15.17,15.17,3237
2014-07-10,15.01,15.22,15.01,15.13,24312
2014-07-11,15.13,15.17,15.1,15.15,6907
2014-07-14,15.15,15.24,15.13,15.13,6507
2014-07-15,15.19,15.19,15.11,15.18,8397
2014-07-16,15.23,15.35,15.17,15.24,16527
2014-07-17,15.26,15.39,15.2,15.26,7048
2014-07-18,15.33,15.39,15.25,15.26,3472
2014-07-21,15.24,15.34,15.21,15.3,3865
2014-07-22,15.3,15.45,15.28,15.4,9459
2014-07-23,15.32,15.45,15.13,15.16,14607
2014-07-24,15.17,15.49,15.16,15.49,9286
2014-07-25,15.57,15.57,15.36,15.4,25908
2014-07-28,15.39,15.8,15.39,15.68,23379
2014-07-29,15.59,15.59,15.44,15.47,9707
2014-07-30,15.24,15.3,15.16,15.22,3899
2014-07-31,15.26,15.86,15.16,15.7,30552
2014-08-01,15.6,15.75,15.33,15.33,20783
2014-08-04,15.66,15.66,15.26,15.26,9962
2014-08-05,15.27,15.3,15.2,15.2,11046
2014-08-06,15.33,15.33,15.16,15.16,14799
2014-08-07,15.11,15.3,15.11,15.17,7703
2014-08-08,15.17,15.17,15.15,15.15,6275
2014-08-11,15.16,15.32,15.16,15.29,3792
2014-08-12,15.33,15.36,15.22,15.34,21741
2014-08-13,15.33,15.34,15.16,15.24,9597
2014-08-14,15.22,15.5,15.22,15.5,23523
2014-08-15,15.55,15.63,15.47,15.5,42496
2014-08-18,15.59,15.91,15.54,15.61,31613
2014-08-19,15.7,15.73,15.51,15.62,28008
2014-08-20,15.62,15.65,15.51,15.6,10124
2014-08-21,15.6,15.7,15.52,15.7,6251
2014-08-22,15.62,15.67,15.55,15.55,9078
2014-08-25,15.7,15.7,15.43,15.5,12071
2014-08-26,15.5,15.61,15.35,15.36,6907
2014-08-27,15.33,15.51,15.33,15.44,10283
2014-08-28,15.42,15.52,15.39,15.52,11232
2014-08-29,15.42,15.42,15.26,15.32,22034
2014-09-02,15.28,15.64,15.28,15.54,12432
2014-09-03,15.31,15.49,15.2,15.49,9950
2014-09-04,15.26,15.41,15.26,15.26,26553
2014-09-05,15.28,15.36,15.18,15.18,19770
2014-09-08,15.15,15.19,15.08,15.15,19316
2014-09-09,15.25,15.33,15.12,15.22,17071
2014-09-10,15.3,15.37,15.22,15.34,13379
2014-09-11,15.32,15.32,15.21,15.25,6256
2014-09-12,15.24,15.4,15.2,15.27,27576
2014-09-15,15.27,15.27,15.0,15.02,24349
2014-09-16,15.05,15.19,15.05,15.17,19434
2014-09-17,15.3,15.45,15.25,15.44,19182
2014-09-18,15.35,15.37,15.25,15.28,20301
2014-09-19,15.35,15.42,15.15,15.22,23787
2014-09-22,15.34,15.53,15.29,15.38,29386
2014-09-23,15.39,15.43,15.36,15.37,7921
2014-09-24,15.35,15.58,15.35,15.38,16597
2014-09-25,15.49,15.5,15.41,15.49,12005
2014-09-26,15.5,15.51,15.46,15.5,3745
2014-09-29,15.49,15.5,15.38,15.4,14791
2014-09-30,15.36,15.36,15.29,15.35,10376
2014-10-01,15.44,15.48,15.35,15.41,8039
2014-10-02,15.41,15.5,15.36,15.48,7351
2014-10-03,15.4,15.5,15.4,15.49,7399
2014-10-06,15.32,15.5,15.32,15.49,13758
2014-10-07,15.37,15.5,15.36,15.49,6272
2014-10-08,15.39,15.5,15.37,15.5,31249
2014-10-09,15.45,15.49,15.31,15.35,26466
2014-10-10,15.3,15.38,15.15,15.21,18515
2014-10-13,15.32,15.32,15.2,15.22,7888
2014-10-14,15.3,15.43,15.3,15.31,20364
2014-10-15,15.31,15.4,15.3,15.35,25550
2014-10-16,15.34,15.48,15.32,15.43,10945
2014-10-17,15.37,15.45,15.37,15.44,2832
2014-10-20,15.49,15.5,15.41,15.5,23156
2014-10-21,15.56,15.63,15.46,15.58,13623
2014-10-22,15.5,15.5,15.44,15.49,15863
2014-10-23,15.41,15.64,15.41,15.49,4775
2014-10-24,15.49,15.5,15.4,15.43,11748
2014-10-27,15.49,15.5,15.45,15.49,8114
2014-10-28,15.48,15.5,15.41,15.5,13986
2014-10-29,15.42,15.5,15.41,15.46,17267
2014-10-30,15.35,15.55,15.26,15.5,12476
2014-10-31,15.61,15.61,15.42,15.49,7810
2014-11-03,15.58,15.58,15.45,15.46,6261
2014-11-04,15.4,15.4,15.25,15.4,11819
2014-11-05,15.33,15.5,15.33,15.5,22462
2014-11-06,15.4,15.5,15.4,15.49,12918
2014-11-07,15.58,15.7,15.5,15.69,14407
2014-11-10,15.64,15.69,15.61,15.67,10901
2014-11-11,15.64,15.94,15.64,15.91,25500
2014-11-12,15.92,15.92,15.7,15.75,4048
2014-11-13,15.74,15.95,15.66,15.86,21068
2014-11-14,15.99,15.99,15.67,15.9,38892
2014-11-17,15.98,16.13,15.88,16.08,35213
2014-11-18,16.04,16.1,15.77,16.01,16113
2014-11-19,15.94,16.12,15.86,16.04,9026
2014-11-20,16.02,16.02,15.81,15.84,7122
2014-11-21,15.92,15.92,15.63,15.7,7962
2014-11-24,15.79,15.84,15.62,15.75,11364
2014-11-25,15.85,15.85,15.8,15.83,4558
2014-11-26,15.72,15.95,15.61,15.84,11829
2014-11-28,15.59,15.7,15.55,15.6,21905
2014-12-01,15.6,15.64,15.52,15.64,16590
2014-12-02,15.67,15.81,15.64,15.67,17089
2014-12-03,15.83,15.95,15.81,15.95,13569
2014-12-04,15.91,15.94,15.75,15.94,4090
2014-12-05,15.84,15.84,15.59,15.69,8587
2014-12-08,15.77,15.8,15.67,15.79,8502
2014-12-09,15.8,15.89,15.61,15.66,12141
2014-12-10,15.57,15.81,15.5,15.57,20864
2014-12-11,15.51,15.74,15.51,15.74,19632
2014-12-12,15.61,15.78,15.58,15.65,6809
2014-12-15,15.63,15.78,15.6,15.73,18636
2014-12-16,15.72,15.75,15.57,15.65,12173
2014-12-17,15.6,15.84,15.6,15.83,10899
2014-12-18,15.81,15.88,15.72,15.88,20054
2014-12-19,15.75,15.9,15.75,15.78,15556
2014-12-22,15.81,15.93,15.72,15.72,18114
2014-12-23,15.65,15.93,15.64,15.72,28932
2014-12-24,15.72,15.74,15.64,15.64,4515
2014-12-26,15.65,15.92,15.65,15.65,7834
2014-12-29,15.66,15.83,15.5,15.58,6345
2014-12-30,15.68,15.92,15.54,15.79,14140
2014-12-31,15.78,15.89,15.65,15.89,8439
2015-01-02,15.76,15.98,15.53,15.53,11261
2015-01-05,15.51,15.81,15.5,15.62,16619
2015-01-06,15.73,15.97,15.7,15.71,40040
2015-01-07,15.67,16.1,15.66,15.98,33109
2015-01-08,16.07,16.24,15.87,15.94,29506
2015-01-09,15.9,15.98,15.62,15.64,10738
2015-01-12,15.88,15.91,15.63,15.69,7945
2015-01-13,15.72,16.16,15.64,15.7,18507
2015-01-14,15.7,15.9,15.65,15.83,7065
2015-01-15,15.76,16.1,15.76,16.05,14654
2015-01-16,16.2,16.34,15.88,16.15,27375
2015-01-20,16.34,16.58,16.19,16.39,38587
2015-01-21,16.3,16.31,15.81,16.08,16392
2015-01-22,16.15,16.15,15.99,16.03,6951
2015-01-23,15.97,16.1,15.87,16.09,8912
2015-01-26,15.92,16.4,15.9,15.95,34675
2015-01-27,15.89,16.05,15.81,15.83,13875
2015-01-28,15.93,16.0,15.82,15.97,15255
2015-01-29,15.82,15.96,15.82,15.9,5162
2015-01-30,15.9,16.0,15.81,15.9,18380
2015-02-02,15.85,15.9,15.81,15.81,13635
2015-02-03,15.8,15.9,15.8,15.82,16545
2015-02-04,15.9,15.9,15.85,15.85,7364
2015-02-05,15.89,15.9,15.82,15.89,23722
2015-02-06,15.87,15.89,15.85,15.87,2966
2015-02-09,15.9,15.9,15.85,15.89,7723
2015-02-10,15.9,15.98,15.86,15.86,7242
2015-02-11,15.86,15.88,15.82,15.85,13691
2015-02-12,15.85,15.9,15.85,15.89,13750
2015-02-13,15.9,15.94,15.88,15.94,11377
2015-02-17,15.86,15.9,15.75,15.75,18039
2015-02-18,15.76,15.82,15.75,15.76,14390
2015-02-19,15.83,15.85,15.65,15.85,11820
2015-02-20,15.76,15.9,15.72,15.86,9119
2015-02-23,15.95,15.99,15.79,15.9,19292
2015-02-24,15.99,16.09,15.92,16.01,16409
2015-02-25,16.02,16.18,16.02,16.16,24119
2015-02-26,16.15,16.17,16.05,16.15,10669
2015-02-27,16.19,16.19,16.04,16.19,11271
2015-03-02,16.08,16.19,16.08,16.11,12465
2015-03-03,16.06,16.14,16.02,16.02,8720
2015-03-04,16.08,16.1,15.96,16.08,15299
2015-03-05,15.97,16.1,15.9,15.92,11928
2015-03-06,15.82,15.97,15.81,15.85,25488
2015-03-09,15.91,16.09,15.82,15.9,10862
2015-03-10,15.99,15.99,15.83,15.83,10951
2015-03-11,15.97,15.97,15.75,15.83,11865
2015-03-12,15.77,15.9,15.77,15.8,8962
2015-03-13,15.8,15.9,15.72,15.84,18951
2015-03-16,15.8,16.2,15.77,15.93,20459
2015-03-17,15.92,15.92,15.78,15.86,26139
2015-03-18,15.92,15.92,15.76,15.85,11467
2015-03-19,15.81,15.98,15.8,15.92,20633
2015-03-20,16.07,16.15,15.97,16.01,12541
2015-03-23,16.03,16.03,15.8,16.02,14035
2015-03-24,15.97,15.97,15.85,15.89,5565
2015-03-25,15.87,15.96,15.77,15.82,10503
2015-03-26,15.77,15.83,15.62,15.63,42253
2015-03-27,15.61,15.73,15.53,15.62,17591
2015-03-30,15.56,15.7,15.39,15.46,35989
2015-03-31,15.51,15.61,15.41,15.54,18571
2015-04-01,15.54,15.68,15.53,15.6,9189
2015-04-02,15.63,15.67,15.5,15.57,14996
2015-04-06,15.75,15.75,15.57,15.64,25819
2015-04-07,15.72,15.82,15.69,15.75,12109
2015-04-08,15.82,15.82,15.7,15.75,8699
2015-04-09,15.75,15.88,15.73,15.74,9509
2015-04-10,15.7,15.78,15.53,15.61,29297
2015-04-13,15.61,15.77,15.57,15.57,12743
2015-04-14,15.69,15.83,15.69,15.7,19679
2015-04-15,15.64,15.87,15.64,15.7,35863
2015-04-16,15.73,15.75,15.67,15.69,9239
2015-04-17,15.65,15.65,15.51,15.58,8642
2015-04-20,15.66,15.85,15.66,15.78,17360
2015-04-21,15.74,15.97,15.74,15.84,19043
2015-04-22,15.85,16.17,15.75,16.05,26308
2015-04-23,15.97,16.0,15.84,16.0,24264
2015-04-24,15.94,16.0,15.9,15.98,5991
2015-04-27,15.9,15.97,15.72,15.86,20556
2015-04-28,15.9,16.02,15.78,16.0,12102
2015-04-29,15.46,15.94,15.46,15.94,13563
2015-04-30,15.75,16.02,15.66,15.99,13982
2015-05-01,15.98,15.98,15.8,15.8,8939
2015-05-04,15.84,15.94,15.79,15.87,19632
2015-05-05,15.88,15.89,15.77,15.87,13265
2015-05-06,15.88,15.9,15.71,15.76,12431
2015-05-07,15.7,15.87,15.7,15.74,9611
2015-05-08,15.69,15.9,15.69,15.88,3881
2015-05-11,15.88,15.88,15.62,15.75,15508
2015-05-12,15.84,15.84,15.57,15.83,15723
2015-05-13,15.62,15.76,15.61,15.76,5575
2015-05-14,15.79,16.04,15.78,16.04,21161
2015-05-15,16.13,16.18,15.87,16.09,38497
2015-05-18,16.09,16.19,15.86,16.12,35934
2015-05-19,16.09,16.24,15.86,16.03,17755
2015-05-20,16.05,16.24,16.0,16.0,18027
2015-05-21,15.9,16.07,15.82,15.92,12025
2015-05-22,15.88,16.11,15.88,16.01,2917
2015-05-26,15.99,16.11,15.85,16.11,8668
2015-05-27,16.11,16.26,15.84,16.11,35205
2015-05-28,16.02,16.14,15.95,16.05,9492
2015-05-29,16.01,16.09,15.82,15.88,20236
2015-06-01,15.87,16.06,15.86,15.93,3715
2015-06-02,16.04,16.04,15.86,15.94,7211
2015-06-03,15.99,16.07,15.81,15.95,12120
2015-06-04,15.98,15.98,15.88,15.93,4986
2015-06-05,15.98,16.03,15.86,15.9,7785
2015-06-08,15.85,15.9,15.85,15.86,10153
2015-06-09,15.85,15.98,15.85,15.97,11355
2015-06-10,15.96,16.25,15.96,16.18,17677
2015-06-11,16.15,16.16,15.97,16.05,22927
2015-06-12,16.09,16.09,15.93,15.94,10876
2015-06-15,15.95,15.99,15.85,15.88,17154
2015-06-16,15.85,16.01,15.82,15.82,14859
2015-06-17,15.87,15.9,15.75,15.81,25955
2015-06-18,15.9,16.02,15.85,15.86,11758
2015-06-19,15.89,16.01,15.81,15.82,12002
2015-06-22,15.86,15.89,15.84,15.86,7911
2015-06-23,15.82,15.92,15.8,15.92,18487
2015-06-24,15.93,15.96,15.83,15.84,9185
2015-06-25,15.82,15.88,15.75,15.76,5783
2015-06-26,15.9,15.98,15.76,15.9,12740
2015-06-29,15.89,16.03,15.88,15.97,10888
2015-06-30,15.97,16.17,15.88,16.07,27754
2015-07-01,16.11,16.16,16.05,16.07,13980
2015-07-02,16.07,16.16,16.02,16.09,17513
2015-07-06,16.16,16.22,16.02,16.16,15723
2015-07-07,16.22,16.64,16.1,16.13,17564
2015-07-08,16.1,16.25,15.87,16.2,20362
2015-07-09,16.25,16.57,16.02,16.14,29417
2015-07-10,16.1,16.41,16.03,16.08,9014
2015-07-13,16.46,16.74,16.11,16.33,6726
2015-07-14,16.44,16.44,16.13,16.19,11687
2015-07-15,16.16,16.2,16.15,16.17,11715
2015-07-16,16.23,16.23,16.1,16.14,5748
2015-07-17,16.1,16.1,15.89,16.04,6762
2015-07-20,16.07,16.3,15.97,16.24,7966
2015-07-21,16.17,16.23,16.05,16.1,31125
2015-07-22,16.05,16.21,16.05,16.11,12289
2015-07-23,16.27,16.53,16.14,16.48,21422
2015-07-24,16.42,16.53,16.31,16.42,19373
2015-07-27,16.4,16.57,16.4,16.54,16156
2015-07-28,16.52,16.75,16.5,16.6,15036
2015-07-29,16.55,16.65,16.31,16.36,22601
2015-07-30,16.07,16.4,16.07,16.21,14364
2015-07-31,16.39,16.62,16.21,16.39,4470
2015-08-03,16.3,16.3,16.12,16.13,12045
2015-08-04,16.1,16.18,16.03,16.1,9740
2015-08-05,16.17,16.2,15.91,15.98,9621
2015-08-06,15.97,16.3,15.95,16.0,8834
2015-08-07,16.0,16.15,15.9,16.15,27230
2015-08-10,16.12,16.14,15.93,16.06,6594
2015-08-11,16.15,16.32,16.03,16.23,23394
2015-08-12,16.28,16.3,15.96,16.11,46610
2015-08-13,16.13,16.31,15.99,16.1,23118
2015-08-14,16.22,16.46,16.08,16.09,54971
2015-08-17,16.26,16.46,16.06,16.17,45640
2015-08-18,16.12,16.25,16.03,16.06,16351
2015-08-19,16.06,16.1,16.06,16.06,2373
2015-08-20,16.08,16.1,15.86,15.98,14983
2015-08-21,15.9,16.06,15.53,15.86,22170
2015-08-24,15.46,15.95,15.46,15.75,27635
2015-08-25,15.67,15.85,15.67,15.74,11039
2015-08-26,15.54,15.73,15.54,15.65,16459
2015-08-27,15.82,16.0,15.8,15.83,30614
2015-08-28,15.92,16.1,15.86,15.94,16855
2015-08-31,16.0,16.13,15.81,16.04,4364
2015-09-01,16.19,16.19,16.0,16.01,16674
2015-09-02,16.14,16.24,16.0,16.19,27045
2015-09-03,16.28,16.44,16.28,16.38,12789
2015-09-04,16.44,16.44,16.11,16.37,10161
2015-09-08,16.3,16.3,16.06,16.13,10009
2015-09-09,16.1,16.35,16.1,16.16,27549
2015-09-10,16.23,16.32,16.23,16.31,2758
2015-09-11,16.33,16.48,16.24,16.33,5274
2015-09-14,16.29,16.29,16.19,16.23,13004
2015-09-15,16.18,16.29,16.09,16.29,11877
2015-09-16,16.09,16.35,16.08,16.16,8092
2015-09-17,16.2,16.31,16.14,16.26,9126
2015-09-18,16.11,16.28,16.06,16.1,13111
2015-09-21,15.97,16.2,15.9,15.9,18961
2015-09-22,15.99,16.18,15.95,16.17,17167
2015-09-23,16.2,16.2,16.03,16.11,8650
2015-09-24,16.17,16.42,16.03,16.29,19812
2015-09-25,16.57,16.57,16.29,16.38,3876
2015-09-28,16.35,16.36,16.07,16.19,10799
2015-09-29,16.16,16.31,16.12,16.29,17559
2015-09-30,16.34,16.35,16.2,16.29,17707
2015-10-01,16.33,16.35,16.23,16.33,16727
2015-10-02,16.2,16.34,16.17,16.22,12160
2015-10-05,16.36,16.37,16.2,16.36,24636
2015-10-06,16.33,16.35,16.22,16.24,21044
2015-10-07,16.33,16.35,16.16,16.33,17212
2015-10-08,16.38,16.59,16.38,16.54,24031
2015-10-09,16.54,16.6,16.48,16.6,18100
2015-10-12,16.59,16.64,16.36,16.62,16542
2015-10-13,16.62,16.7,16.61,16.7,13980
2015-10-14,16.74,16.8,16.66,16.78,14729
2015-10-15,16.83,17.0,16.78,16.97,37404
2015-10-16,16.95,17.06,16.91,17.06,14209
2015-10-19,17.0,17.09,16.93,17.0,18223
2015-10-20,17.06,17.09,16.96,16.96,15233
2015-10-21,17.04,17.2,17.0,17.06,23860
2015-10-22,17.26,17.51,17.04,17.28,48535
2015-10-23,17.24,17.29,17.01,17.19,19640
2015-10-26,17.14,17.22,16.91,16.92,17891
2015-10-27,16.86,16.95,16.8,16.85,12555
2015-10-28,16.81,17.17,16.81,17.02,11264
2015-10-29,17.17,17.28,16.95,17.09,40271
2015-10-30,17.1,17.15,17.05,17.1,11481
2015-11-02,16.94,16.94,16.7,16.86,10127
2015-11-03,16.8,17.0,16.76,16.76,13697
2015-11-04,16.76,16.81,16.62,16.63,20502
2015-11-05,16.7,16.74,16.62,16.67,11936
2015-11-06,16.76,16.99,16.53,16.84,32095
2015-11-09,16.87,16.96,16.73,16.85,20334
2015-11-10,16.8,17.29,16.8,17.02,32147
2015-11-11,17.03,17.11,17.01,17.1,4137
2015-11-12,17.14,17.4,17.1,17.35,35130
2015-11-13,17.44,17.6,17.18,17.18,38426
2015-11-16,17.36,17.63,17.18,17.43,31057
2015-11-17,17.45,17.6,17.19,17.49,37936
2015-11-18,17.54,17.89,17.52,17.72,42675
2015-11-19,17.71,17.71,17.27,17.65,28570
2015-11-20,17.5,17.5,17.33,17.36,22396
2015-11-23,17.35,17.41,17.21,17.22,21531
2015-11-24,17.2,17.25,16.88,17.05,22181
2015-11-25,17.07,17.13,16.96,17.12,22311
2015-11-27,17.01,17.21,16.95,16.99,12087
2015-11-30,16.89,17.01,16.86,16.95,8129
2015-12-01,16.95,17.45,16.95,17.29,18341
2015-12-02,17.18,17.34,17.09,17.11,26398
2015-12-03,17.16,17.16,16.85,16.96,80462
2015-12-04,17.08,17.19,16.9,16.99,10984
2015-12-07,16.98,17.09,16.85,17.06,24302
2015-12-08,17.03,17.19,16.86,17.03,25386
2015-12-09,17.14,17.14,17.03,17.06,23921
2015-12-10,17.05,17.05,16.95,16.96,17532
2015-12-11,16.95,16.96,16.56,16.61,59421
2015-12-14,16.76,16.76,16.21,16.3,41737
2015-12-15,16.31,16.58,16.25,16.25,25806
2015-12-16,16.69,16.9,16.26,16.85,20864
2015-12-17,16.97,17.19,16.66,17.19,33565
2015-12-18,17.36,17.36,17.05,17.18,24796
2015-12-21,17.22,17.42,17.21,17.42,22551
2015-12-22,17.46,17.66,17.43,17.61,13399
2015-12-23,17.54,17.54,17.27,17.43,19145
2015-12-24,17.34,17.54,17.05,17.54,15039
2015-12-28,17.54,17.6,17.51,17.54,7905
2015-12-29,17.45,17.6,17.07,17.32,18567
2015-12-30,17.37,17.85,17.32,17.57,16293
2015-12-31,17.48,17.55,17.25,17.25,3150
2016-01-04,17.16,17.47,17.07,17.29,11112
2016-01-05,17.35,17.46,17.14,17.36,11173
2016-01-06,17.28,17.59,17.28,17.4,9406
2016-01-07,17.43,17.43,17.3,17.39,3481
2016-01-08,17.28,17.39,17.19,17.19,14257
2016-01-11,16.93,17.21,16.93,17.09,14510
2016-01-12,17.3,17.4,16.88,17.27,27136
2016-01-13,17.25,17.25,17.0,17.13,8439
2016-01-14,17.09,17.43,17.0,17.41,33246
2016-01-15,17.12,17.3,17.03,17.16,52821
2016-01-19,17.45,17.45,17.08,17.45,41995
2016-01-20,17.4,17.4,17.08,17.38,43382
2016-01-21,17.28,17.36,16.8,16.82,53121
2016-01-22,16.6,16.69,16.1,16.62,59815
2016-01-25,16.43,16.72,16.26,16.58,33767
2016-01-26,16.67,17.0,16.51,16.73,29781
2016-01-27,16.64,16.69,16.46,16.53,8225
2016-01-28,16.7,16.72,16.48,16.69,11505
2016-01-29,16.68,16.76,16.44,16.44,20648
2016-02-01,16.55,16.55,16.27,16.42,50417
2016-02-02,16.4,16.61,16.11,16.6,37191
2016-02-03,16.32,16.49,16.16,16.35,13758
2016-02-04,16.59,16.62,16.29,16.39,15587
2016-02-05,16.38,16.4,16.18,16.25,15069
2016-02-08,16.43,16.69,16.25,16.34,12392
2016-02-09,16.51,16.64,16.35,16.48,14670
2016-02-10,16.49,16.67,16.49,16.6,8987
2016-02-11,16.54,16.54,16.23,16.32,19882
2016-02-12,16.3,16.46,16.24,16.39,21353
2016-02-16,16.4,16.4,16.25,16.27,17869
2016-02-17,16.6,16.8,16.11,16.12,19769
2016-02-18,16.34,16.5,16.1,16.29,16321
2016-02-19,16.31,16.49,16.15,16.4,9740
2016-02-22,16.33,16.38,16.26,16.26,12426
2016-02-23,16.38,16.38,16.06,16.29,16193
2016-02-24,16.18,16.64,16.09,16.39,42397
2016-02-25,16.39,16.81,16.12,16.48,28037
2016-02-26,16.62,16.8,16.25,16.78,8680
2016-02-29,16.77,16.85,16.28,16.63,15524
2016-03-01,16.63,16.71,16.43,16.57,5794
2016-03-02,16.47,16.93,16.44,16.62,7423
2016-03-03,16.66,17.27,16.66,17.14,24578
2016-03-04,17.14,17.14,16.94,17.0,4297
2016-03-07,17.17,17.17,16.81,16.91,10245
2016-03-08,17.17,17.3,16.98,17.3,13469
2016-03-09,17.3,17.3,17.2,17.3,14766
2016-03-10,17.0,17.28,16.99,17.25,3300
2016-03-11,17.29,17.47,17.22,17.29,15040
2016-03-14,17.26,17.42,17.26,17.41,10961
2016-03-15,17.54,17.54,17.25,17.26,11304
2016-03-16,17.43,17.43,17.26,17.39,5436
2016-03-17,17.28,17.4,17.15,17.24,10514
2016-03-18,17.45,17.47,17.15,17.16,10013
2016-03-21,17.31,17.45,17.3,17.45,5582
2016-03-22,17.27,17.4,17.21,17.38,14315
2016-03-23,17.1,17.37,17.0,17.14,17938
2016-03-24,17.16,17.17,17.1,17.1,8183
2016-03-28,17.02,17.4,17.0,17.28,13646
2016-03-29,17.27,17.4,17.0,17.07,13090
2016-03-30,17.01,17.33,17.0,17.01,28520
2016-03-31,17.01,17.2,17.0,17.01,21336
2016-04-01,17.15,17.18,17.08,17.11,6878
2016-04-04,17.01,17.12,16.88,17.0,17865
2016-04-05,17.06,17.06,16.85,16.87,8834
2016-04-06,17.07,17.07,16.94,16.97,12261
2016-04-07,16.97,17.14,16.97,17.14,7535
2016-04-08,17.04,17.16,17.04,17.16,2425
2016-04-11,17.05,17.23,17.02,17.21,8367
2016-04-12,17.28,17.35,17.1,17.35,13381
2016-04-13,17.24,17.42,17.24,17.42,11871
2016-04-14,17.42,17.42,17.31,17.39,10705
2016-04-15,17.28,17.4,17.2,17.37,4586
2016-04-18,17.4,17.4,17.19,17.23,12742
2016-04-19,17.03,17.39,17.03,17.27,8800
2016-04-20,17.36,17.36,17.06,17.25,4496
2016-04-21,17.42,17.42,16.97,17.01,12584
2016-04-22,17.16,17.16,16.87,16.97,7391
2016-04-25,17.22,17.7,17.22,17.7,20013
2016-04-26,17.7,17.72,17.31,17.7,21889
2016-04-27,17.71,17.71,17.27,17.44,9913
2016-04-28,17.14,17.35,17.13,17.23,4412
2016-04-29,17.37,17.39,17.05,17.12,13812
2016-05-02,17.12,17.4,17.1,17.3,5682
2016-05-03,17.19,17.38,17.16,17.38,4592
2016-05-04,17.32,17.51,16.8,16.87,30971
2016-05-05,17.0,17.12,16.85,16.9,12565
2016-05-06,16.8,17.1,16.8,17.08,8602
2016-05-09,16.84,17.13,16.84,17.13,7322
2016-05-10,17.06,17.71,16.94,17.6,27590
2016-05-11,17.75,17.75,17.21,17.39,6516
2016-05-12,17.71,17.89,17.21,17.82,20504
2016-05-13,18.05,18.48,17.7,18.02,37228
2016-05-16,18.09,18.3,17.59,17.66,58543
2016-05-17,17.63,17.64,17.2,17.38,18115
2016-05-18,17.12,17.33,17.12,17.18,3790
2016-05-19,17.4,17.41,17.12,17.24,10232
2016-05-20,17.24,17.24,17.14,17.24,16081
2016-05-23,17.24,17.96,17.18,17.57,14622
2016-05-24,17.37,17.7,17.37,17.46,9484
2016-05-25,17.62,17.62,17.22,17.33,17825
2016-05-26,17.35,17.55,17.34,17.55,7749
2016-05-27,17.55,17.55,17.36,17.36,13379
2016-05-31,17.98,17.98,17.53,17.69,22972
2016-06-01,17.93,17.93,17.52,17.74,16661
2016-06-02,17.57,17.75,17.24,17.29,13255
2016-06-03,17.3,17.96,17.3,17.52,10086
2016-06-06,18.0,18.3,17.37,17.64,31843
2016-06-07,17.93,17.99,17.62,17.65,21864
2016-06-08,17.7,17.92,17.63,17.89,7232
2016-06-09,17.8,17.84,17.64,17.78,6675
2016-06-10,17.76,17.89,17.7,17.89,5356
2016-06-13,17.67,17.99,17.63,17.79,12946
2016-06-14,17.79,17.9,17.63,17.63,9281
2016-06-15,17.65,17.9,17.3,17.3,17650
2016-06-16,17.31,17.35,17.02,17.1,34803
2016-06-17,17.12,17.26,17.05,17.13,12683
2016-06-20,17.27,17.36,17.03,17.1,10022
2016-06-21,17.19,18.0,17.02,17.72,41199
2016-06-22,17.77,17.9,17.33,17.53,8342
2016-06-23,17.4,17.68,17.34,17.63,14389
2016-06-24,17.33,18.0,17.11,17.79,10431
2016-06-27,17.33,17.35,17.22,17.35,6187
2016-06-28,17.39,18.1,17.39,17.78,12343
2016-06-29,17.95,18.1,17.77,18.1,14507
2016-06-30,18.4,18.4,17.96,17.97,5405
2016-07-01,18.2,18.38,17.89,18.37,7100
2016-07-05,18.31,18.31,17.77,17.94,6830
2016-07-06,18.3,18.4,17.9,18.14,23074
2016-07-07,18.2,18.2,17.92,18.15,8228
2016-07-08,17.93,18.0,17.47,17.78,27705
2016-07-11,17.63,17.71,17.55,17.57,23420
2016-07-12,17.81,17.81,17.43,17.77,38716
2016-07-13,18.2,18.32,17.77,18.02,7970
2016-07-14,18.35,18.35,17.87,17.89,10451
2016-07-15,18.29,18.4,17.84,18.25,8608
2016-07-18,18.29,18.29,17.88,18.2,9271
2016-07-19,18.07,18.39,18.07,18.39,5687
2016-07-20,18.38,18.41,18.18,18.39,16351
2016-07-21,18.31,18.31,18.09,18.09,2253
2016-07-22,18.35,18.38,18.0,18.28,7472
2016-07-25,18.1,18.19,17.98,18.19,16582
2016-07-26,18.06,18.19,17.98,18.19,11326
2016-07-27,18.07,18.19,17.97,18.0,8706
2016-07-28,17.99,18.01,17.81,17.87,6438
2016-07-29,17.8,18.09,17.79,18.09,25621
2016-08-01,18.1,18.1,17.97,18.09,7112
2016-08-02,17.98,18.1,17.91,17.91,5203
2016-08-03,18.03,18.1,17.93,17.93,6497
2016-08-04,18.09,18.1,18.06,18.1,5858
2016-08-05,18.1,18.27,17.99,18.23,6108
2016-08-08,18.26,18.4,18.26,18.38,11177
2016-08-09,18.39,18.94,18.18,18.63,18784
2016-08-10,18.74,19.16,18.66,18.88,17060
2016-08-11,19.0,19.58,18.85,19.47,20903
2016-08-12,19.73,19.76,19.1,19.39,66015
2016-08-15,19.42,19.62,18.95,19.48,23034
2016-08-16,19.02,19.5,19.01,19.15,28226
2016-08-17,19.05,19.69,19.0,19.39,20546
2016-08-18,19.32,19.5,19.09,19.22,12327
2016-08-19,19.2,19.53,19.2,19.26,2896
2016-08-22,19.39,19.5,19.14,19.19,11865
2016-08-23,19.32,19.37,19.09,19.09,13267
2016-08-24,19.09,19.1,18.78,18.93,12927
2016-08-25,18.94,19.2,18.88,18.99,16518
2016-08-26,19.02,19.23,18.68,19.1,12006
2016-08-29,19.07,19.19,18.81,19.0,14379
2016-08-30,18.99,19.09,18.68,18.7,14142
2016-08-31,18.75,19.25,18.75,18.83,29377
2016-09-01,18.9,19.29,18.71,19.29,21611
2016-09-02,18.9,19.25,18.9,19.15,17524
2016-09-06,19.31,19.31,18.81,18.99,10397
2016-09-07,19.07,19.08,18.95,19.01,7774
2016-09-08,19.0,19.08,18.94,18.98,18748
2016-09-09,18.91,19.07,18.91,18.98,21158
2016-09-12,18.85,19.08,18.68,18.68,26129
2016-09-13,18.58,18.96,18.1,18.13,27198
2016-09-14,18.2,18.36,17.5,17.56,17479
2016-09-15,17.6,18.09,17.6,17.62,13572
2016-09-16,17.6,17.75,17.2,17.2,20964
2016-09-19,17.05,17.34,16.88,16.98,45609
2016-09-20,17.36,17.49,17.1,17.1,18472
2016-09-21,17.37,17.5,17.23,17.32,11766
2016-09-22,17.41,17.45,16.9,17.04,24187
2016-09-23,16.99,17.0,16.73,17.0,20861
2016-09-26,17.02,17.02,16.78,16.91,11915
2016-09-27,16.8,16.95,16.8,16.9,22571
2016-09-28,16.8,17.05,16.8,16.92,17240
2016-09-29,17.05,17.37,16.82,17.27,20162
2016-09-30,17.26,17.5,17.07,17.19,10368
2016-10-03,17.18,17.38,17.18,17.24,8515
2016-10-04,17.23,17.4,17.22,17.24,7567
2016-10-05,17.13,17.26,17.13,17.21,1914
2016-10-06,17.28,17.29,17.2,17.24,7118
2016-10-07,17.34,17.49,17.16,17.46,4932
2016-10-10,17.46,17.49,17.3,17.49,12665
2016-10-11,17.45,17.86,17.25,17.82,13844
2016-10-12,17.9,18.04,17.88,17.94,3377
2016-10-13,17.88,17.88,17.51,17.54,7619
2016-10-14,17.58,17.64,17.3,17.64,8651
2016-10-17,17.72,17.88,17.44,17.56,8189
2016-10-18,17.62,17.93,17.45,17.46,5913
2016-10-19,17.89,17.89,17.46,17.71,5587
2016-10-20,18.0,18.04,17.46,17.47,7787
2016-10-21,17.53,17.55,17.45,17.52,5706
2016-10-24,17.72,17.72,17.41,17.45,3984
2016-10-25,17.54,17.54,17.3,17.34,19293
2016-10-26,17.45,17.5,17.1,17.17,8682
2016-10-27,17.2,17.3,17.1,17.18,9083
2016-10-28,17.65,17.67,17.0,17.15,15153
2016-10-31,17.28,17.5,16.91,17.0,7206
2016-11-01,17.01,17.39,17.01,17.08,6197
2016-11-02,17.0,17.38,16.6,16.66,21674
2016-11-03,16.31,16.47,16.23,16.3,9930
2016-11-04,16.57,16.57,16.38,16.45,3885
2016-11-07,16.46,16.72,16.44,16.54,17209
2016-11-08,16.51,16.64,16.3,16.55,10439
2016-11-09,16.32,16.65,16.25,16.62,15034
2016-11-10,16.6,16.62,16.33,16.53,8033
2016-11-11,16.65,16.65,16.57,16.57,1396
2016-11-14,16.6,16.62,16.5,16.51,9334
2016-11-15,16.5,16.65,16.25,16.63,26308
2016-11-16,16.45,16.54,16.21,16.21,17350
2016-11-17,16.22,16.64,16.2,16.34,20286
2016-11-18,16.5,17.24,16.25,17.02,31297
2016-11-21,17.24,17.89,16.35,17.02,44126
2016-11-22,17.11,17.15,16.85,16.85,9182
2016-11-23,16.27,16.72,16.27,16.4,10521
2016-11-25,16.32,16.81,16.23,16.26,10264
2016-11-28,16.31,16.48,16.25,16.25,21219
2016-11-29,16.29,16.5,16.04,16.12,18916
2016-11-30,16.15,16.62,16.07,16.13,21309
2016-12-01,16.13,16.38,16.07,16.08,18796
2016-12-02,16.2,16.34,16.0,16.16,13086
2016-12-05,16.09,16.15,15.9,15.94,33439
2016-12-06,15.99,16.33,15.92,16.33,26982
2016-12-07,16.06,16.46,16.04,16.14,10164
2016-12-08,16.23,16.27,15.85,16.01,29781
2016-12-09,16.01,16.11,15.91,16.01,15476
2016-12-12,16.01,16.01,15.91,15.99,11181
2016-12-13,15.91,15.96,15.61,15.7,30164
2016-12-14,15.62,15.9,15.5,15.52,31114
2016-12-15,15.53,15.99,15.53,15.62,18960
2016-12-16,15.91,15.91,15.26,15.34,48544
2016-12-19,15.37,15.71,14.69,14.91,80123
2016-12-20,15.02,15.32,14.52,14.52,141677
2016-12-21,14.55,15.29,14.55,15.11,74523
2016-12-22,15.25,15.4,15.1,15.13,52649
2016-12-23,15.2,15.22,14.92,14.95,73129
2016-12-27,14.95,15.17,14.87,15.13,54620
2016-12-28,14.97,15.19,14.97,15.07,19700
2016-12-29,15.0,15.62,15.0,15.62,24927
2016-12-30,15.31,15.75,15.3,15.48,23770
2017-01-03,15.44,15.69,15.4,15.41,12889
2017-01-04,15.44,15.76,15.4,15.65,23374
2017-01-05,15.54,15.56,15.1,15.21,49238
2017-01-06,15.27,15.3,15.16,15.17,26486
2017-01-09,15.2,15.32,15.2,15.3,13558
2017-01-10,15.39,15.7,15.37,15.63,23956
2017-01-11,15.6,16.01,15.58,15.92,12397
2017-01-12,15.75,15.86,15.55,15.69,15591
2017-01-13,15.79,15.93,15.53,15.65,32589
2017-01-17,15.66,15.66,15.26,15.49,59599
2017-01-18,15.39,15.91,15.39,15.63,24020
2017-01-19,15.56,15.63,15.18,15.46,31976
2017-01-20,15.4,15.64,15.3,15.3,30271
2017-01-23,15.39,15.4,15.22,15.23,24778
2017-01-24,15.24,15.41,15.19,15.36,22355
2017-01-25,15.28,15.32,14.82,14.82,79265
2017-01-26,14.98,15.09,14.96,15.06,22530
2017-01-27,14.96,15.22,14.56,14.76,110856
2017-01-30,14.7,14.93,14.7,14.79,24325
2017-01-31,14.73,14.82,14.71,14.76,20749
2017-02-01,14.75,14.97,14.75,14.79,39666
2017-02-02,14.81,15.0,14.77,14.78,56701
2017-02-03,14.82,14.93,14.64,14.72,35050
2017-02-06,14.73,14.95,14.7,14.93,35653
2017-02-07,15.0,15.02,14.8,14.92,20263
2017-02-08,14.9,15.09,14.68,14.83,68610
2017-02-09,14.76,14.9,14.69,14.72,40899
2017-02-10,14.75,14.84,14.55,14.65,69690
2017-02-13,14.66,14.84,14.61,14.64,58546
2017-02-14,14.66,14.72,14.6,14.66,38298
2017-02-15,14.69,15.02,14.69,14.9,34651
2017-02-16,14.96,15.2,14.95,14.98,26545
2017-02-17,14.95,15.64,14.95,15.43,48531
2017-02-21,15.55,15.7,15.3,15.3,21571
2017-02-22,15.22,15.43,15.22,15.23,27251
2017-02-23,15.25,15.42,15.25,15.33,18358
2017-02-24,15.25,15.25,14.78,14.82,49413
2017-02-27,14.9,15.14,14.88,15.14,24953
2017-02-28,15.26,15.29,15.02,15.17,22192
2017-03-01,15.09,15.23,14.79,15.0,53796
2017-03-02,14.93,15.1,14.81,15.1,33376
2017-03-03,15.01,15.12,14.9,15.1,37094
2017-03-06,15.16,15.16,14.92,14.99,26811
2017-03-07,15.0,15.08,14.94,15.01,15843
2017-03-08,14.96,15.11,14.96,15.03,19409
2017-03-09,15.01,15.06,14.9,15.06,27415
2017-03-10,14.95,15.08,14.94,15.04,28957
2017-03-13,15.1,15.1,15.04,15.08,13748
2017-03-14,15.0,15.05,14.93,15.04,31023
2017-03-15,15.2,15.2,14.91,15.04,22457
2017-03-16,14.95,15.13,14.93,15.1,10416
2017-03-17,15.0,15.2,15.0,15.15,17422
2017-03-20,15.15,15.17,15.06,15.15,7409
2017-03-21,15.08,15.23,15.08,15.19,21967
2017-03-22,15.23,15.23,15.18,15.2,4354
2017-03-23,15.2,15.39,15.19,15.39,28613
2017-03-24,15.24,15.61,15.24,15.61,28304
2017-03-27,15.43,15.58,15.43,15.44,6775
2017-03-28,15.38,15.55,15.27,15.36,14663
2017-03-29,15.28,15.5,15.28,15.3,4831
2017-03-30,15.45,15.45,15.12,15.37,18815
2017-03-31,15.32,15.32,15.24,15.27,9677
2017-04-03,15.25,15.34,15.24,15.34,8009
2017-04-04,15.25,15.35,15.2,15.26,9239
2017-04-05,15.22,15.24,15.19,15.24,14894
2017-04-06,15.2,15.31,15.18,15.31,7411
2017-04-07,15.22,15.3,15.19,15.3,12182
2017-04-10,15.33,15.57,15.31,15.56,25315
2017-04-11,15.5,15.64,15.39,15.45,23616
2017-04-12,15.34,15.34,15.26,15.27,23623
2017-04-13,15.27,15.5,15.23,15.4,12226
2017-04-17,15.3,15.4,15.3,15.33,23921
2017-04-18,15.27,15.47,15.19,15.22,30245
2017-04-19,15.22,15.27,15.22,15.23,10059
2017-04-20,15.22,15.57,15.22,15.45,22519
2017-04-21,15.43,15.52,15.35,15.43,15351
2017-04-24,15.43,15.55,15.43,15.55,20275
2017-04-25,15.44,15.6,15.42,15.58,23090
2017-04-26,15.63,15.63,15.38,15.56,12920
2017-04-27,15.46,15.6,15.29,15.45,24210
2017-04-28,15.47,15.57,15.44,15.45,11870
2017-05-01,15.4,15.69,15.4,15.68,20262
2017-05-02,15.34,15.44,15.22,15.22,32654
2017-05-03,15.28,15.28,15.2,15.22,19625
2017-05-04,15.23,15.32,15.02,15.16,36868
2017-05-05,15.22,15.22,15.05,15.11,23659
2017-05-08,15.11,15.25,15.05,15.06,28316
2017-05-09,15.15,15.46,15.11,15.42,33314
2017-05-10,15.29,15.38,15.13,15.18,13422
2017-05-11,15.3,15.32,15.15,15.32,9711
2017-05-12,15.4,15.48,15.31,15.46,42947
2017-05-15,15.48,15.48,15.26,15.44,37815
2017-05-16,15.42,15.48,15.33,15.46,22222
2017-05-17,15.0,15.47,15.0,15.18,55135
2017-05-18,15.26,15.3,15.2,15.3,6362
2017-05-19,15.44,15.44,15.18,15.24,10538
2017-05-22,15.25,15.37,15.06,15.07,23875
2017-05-23,15.21,15.39,15.21,15.3,5511
2017-05-24,15.19,15.44,15.19,15.26,13024
2017-05-25,15.23,15.39,15.2,15.23,21502
2017-05-26,15.32,15.32,15.18,15.18,15345
2017-05-30,15.12,15.21,15.12,15.15,18707
2017-05-31,15.2,15.22,15.11,15.17,8565
2017-06-01,15.12,15.23,15.12,15.15,13793
2017-06-02,15.12,15.19,15.12,15.13,11039
2017-06-05,15.15,15.29,15.15,15.18,24702
2017-06-06,15.13,15.2,15.13,15.17,10646
2017-06-07,15.15,15.2,15.12,15.15,17592
2017-06-08,15.11,15.15,15.05,15.08,18863
2017-06-09,15.09,15.13,14.93,15.04,39455
2017-06-12,15.02,15.11,14.9,14.95,30295
2017-06-13,14.98,15.1,14.98,15.02,27101
2017-06-14,15.12,15.23,15.09,15.12,23464
2017-06-15,15.11,15.19,15.11,15.12,16632
2017-06-16,15.17,15.22,15.16,15.2,6065
2017-06-19,15.22,15.22,15.11,15.18,10696
2017-06-20,15.12,15.22,15.1,15.22,25026
2017-06-21,15.23,15.32,15.12,15.12,20880
2017-06-22,15.12,15.21,15.02,15.15,14278
2017-06-23,15.13,15.22,15.03,15.03,18420
2017-06-26,15.05,15.09,14.92,14.98,24091
2017-06-27,14.8,15.2,14.8,15.06,18628
2017-06-28,15.17,15.25,15.02,15.18,21113
2017-06-29,15.07,15.19,15.07,15.15,15544
2017-06-30,15.07,15.2,15.07,15.09,12096
2017-07-03,15.16,15.19,15.16,15.17,2378
2017-07-05,15.09,15.17,15.02,15.06,18552
2017-07-06,15.19,15.19,14.78,14.96,23047
2017-07-07,14.99,15.14,14.82,14.87,15961
2017-07-10,14.96,15.31,14.96,15.04,34018
2017-07-11,15.1,15.16,15.0,15.0,10559
2017-07-12,15.02,15.43,15.02,15.12,17355
2017-07-13,15.04,15.39,15.04,15.39,24804
2017-07-14,15.26,15.34,15.16,15.25,6492
2017-07-17,15.24,15.29,15.16,15.19,12003
2017-07-18,15.29,15.33,15.1,15.13,19539
2017-07-19,15.13,15.28,15.06,15.15,13449
2017-07-20,15.17,15.36,15.17,15.36,18642
2017-07-21,15.29,15.42,15.29,15.42,17813
2017-07-24,15.29,15.55,15.29,15.5,28244
2017-07-25,15.5,15.56,15.45,15.5,24460
2017-07-26,15.49,15.7,15.43,15.65,39786
2017-07-27,15.63,15.63,15.48,15.57,14662
2017-07-28,15.27,15.63,15.23,15.36,17289
2017-07-31,,,,15.29,37059
2017-08-01,15.2,15.32,15.2,15.25,28219
