Date,Open,High,Low,Close,Volume
2016-05-06,14.84,14.9,14.75,14.89,2909
2016-05-09,14.92,15.04,14.92,15.0,19171
2016-05-10,15.07,15.17,15.01,15.16,51225
2016-05-11,15.12,15.12,14.85,14.87,32107
2016-05-12,14.95,14.95,14.72,14.83,13124
2016-05-13,14.83,14.85,14.73,14.76,8720
2016-05-16,14.78,14.83,14.71,14.83,6318
2016-05-17,14.77,14.79,14.7,14.7,5140
2016-05-18,14.6,14.7,14.54,14.58,3382
2016-05-19,14.45,14.51,14.45,14.5,2797
2016-05-20,14.5,14.71,14.5,14.67,2939
2016-05-23,14.75,14.77,14.72,14.74,4940
2016-05-24,14.76,14.91,14.76,14.9,3252
2016-05-25,14.94,14.94,14.88,14.94,3189
2016-05-26,14.97,14.98,14.97,14.98,942
2016-05-27,15.03,15.06,15.0,15.0,1593
2016-05-31,15.08,15.1,15.02,15.07,3164
2016-06-01,15.0,15.07,15.0,15.06,4755
2016-06-02,15.08,15.13,15.02,15.12,23495
2016-06-03,15.0,15.05,14.95,15.05,4070
2016-06-06,15.12,15.12,15.01,15.03,10764
2016-06-07,15.13,15.18,15.08,15.18,903
2016-06-08,15.14,15.14,15.05,15.07,625
2016-06-09,15.08,15.11,15.04,15.11,4829
2016-06-10,15.0,15.0,14.88,14.93,754
2016-06-13,15.16,15.16,15.04,15.04,2257
2016-06-14,14.95,14.96,14.95,14.96,504
2016-06-15,15.1,15.16,15.08,15.1,3371
2016-06-16,14.94,14.98,14.94,14.98,1269
2016-06-17,15.04,15.04,15.01,15.01,684
2016-06-20,15.14,15.14,15.14,15.14,153
2016-06-21,15.16,15.16,15.16,15.16,730
2016-06-22,15.14,15.19,15.14,15.16,1666
2016-06-23,15.28,15.29,15.19,15.29,2326
2016-06-24,14.96,14.97,14.79,14.85,4731
2016-06-27,14.74,14.74,14.4,14.48,6594
2016-06-28,14.75,14.75,14.75,14.75,525
2016-06-29,15.03,15.03,15.03,15.03,290
2016-06-30,15.15,15.18,15.12,15.18,3021
2016-07-05,15.16,15.2,15.16,15.19,1015
2016-07-06,15.25,15.31,15.25,15.31,385
2016-07-07,15.37,15.37,15.37,15.37,167
2016-07-08,15.57,15.72,15.57,15.72,6832
2016-07-11,15.8,15.83,15.75,15.83,4204
2016-07-12,15.94,15.94,15.87,15.92,13600
2016-07-13,15.91,15.91,15.91,15.91,204
2016-07-14,16.06,16.06,15.94,15.98,1111
2016-07-15,15.9,15.91,15.89,15.89,2965
2016-07-18,15.94,15.97,15.86,15.96,4475
2016-07-19,15.86,15.9,15.86,15.9,3545
2016-07-20,15.92,15.99,15.92,15.99,1495
2016-07-21,16.0,16.05,15.92,15.92,3577
2016-07-22,15.9,16.02,15.9,16.02,1224
2016-07-25,16.02,16.07,16.02,16.07,2268
2016-07-26,16.16,16.16,16.04,16.06,1455
2016-07-27,15.99,16.03,15.91,15.96,2182
2016-07-28,15.96,16.01,15.93,16.01,1714
2016-07-29,16.0,16.05,16.0,16.05,516
2016-08-01,16.1,16.15,16.04,16.06,2053
2016-08-02,16.12,16.12,15.85,15.86,3188
2016-08-03,15.75,15.9,15.71,15.9,2107
2016-08-04,15.94,15.94,15.89,15.89,587
2016-08-05,16.03,16.09,16.02,16.07,1293
2016-08-08,16.1,16.1,16.01,16.07,3455
2016-08-09,16.12,16.12,16.02,16.04,1715
2016-08-10,16.06,16.06,16.03,16.03,675
2016-08-11,16.16,16.16,16.11,16.13,8481
2016-08-12,16.13,16.15,16.1,16.13,2041
2016-08-15,16.17,16.22,16.17,16.22,2155
2016-08-16,16.16,16.16,16.13,16.15,3355
2016-08-17,16.17,16.17,16.0,16.02,2649
2016-08-18,16.05,16.08,16.05,16.06,2321
2016-08-19,16.07,16.09,16.07,16.09,964
2016-08-22,15.99,16.11,15.99,16.08,2988
2016-08-23,16.18,16.18,16.07,16.15,1775
2016-08-24,16.2,16.2,16.0,16.0,2067
2016-08-25,16.05,16.08,16.04,16.08,2403
2016-08-26,16.11,16.11,15.96,16.01,2266
2016-08-29,16.06,16.09,16.01,16.07,2568
2016-08-30,16.1,16.1,15.97,15.97,1863
2016-08-31,15.98,15.98,15.93,15.97,994
2016-09-01,15.97,15.97,15.88,15.91,1269
2016-09-02,16.06,16.06,15.95,15.98,1610
2016-09-06,16.04,16.04,15.95,16.02,2002
2016-09-07,16.06,16.1,16.0,16.07,2363
2016-09-08,16.07,16.07,15.93,15.93,4083
2016-09-09,15.77,15.8,15.59,15.64,6788
2016-09-12,15.54,15.75,15.5,15.74,2687
2016-09-13,15.72,15.72,15.51,15.58,4046
2016-09-14,15.59,15.65,15.57,15.57,3535
2016-09-15,15.62,15.7,15.6,15.7,2115
2016-09-16,15.63,15.69,15.63,15.69,939
2016-09-19,15.81,15.81,15.68,15.68,2194
2016-09-20,15.77,15.77,15.6,15.65,7386
2016-09-21,15.65,15.79,15.62,15.79,3853
2016-09-22,15.91,15.93,15.86,15.92,5950
2016-09-23,16.0,16.06,15.98,16.01,2488
2016-09-26,15.96,15.96,15.84,15.9,1800
2016-09-27,15.93,16.0,15.88,15.99,4730
2016-09-28,16.0,16.0,15.87,15.95,1622
2016-09-29,15.89,16.01,15.85,15.85,6363
2016-09-30,15.82,15.98,15.82,15.98,2508
2016-10-03,15.85,15.91,15.85,15.9,1754
2016-10-04,15.97,15.97,15.91,15.91,521
2016-10-05,15.94,15.99,15.92,15.95,2622
2016-10-06,15.84,15.84,15.73,15.82,2036
2016-10-07,15.8,15.8,15.68,15.74,819
2016-10-10,15.76,15.76,15.71,15.73,838
2016-10-11,15.7,15.7,15.5,15.5,2633
2016-10-12,15.59,15.62,15.59,15.62,2297
2016-10-13,15.57,15.57,15.42,15.52,1985
2016-10-14,15.54,15.66,15.49,15.54,3314
2016-10-17,15.48,15.48,15.46,15.48,695
2016-10-18,15.66,15.66,15.6,15.63,980
2016-10-19,15.68,15.77,15.68,15.75,5638
2016-10-20,15.7,15.7,15.63,15.65,1406
2016-10-21,15.57,15.78,15.57,15.78,1163
2016-10-24,15.85,15.9,15.82,15.83,8370
2016-10-25,15.74,15.76,15.66,15.66,1082
2016-10-26,15.68,15.68,15.56,15.6,1026
2016-10-27,15.69,15.69,15.45,15.46,2080
2016-10-28,15.39,15.58,15.39,15.58,1371
2016-10-31,15.52,15.55,15.47,15.47,1675
2016-11-01,15.23,15.31,15.23,15.31,1074
2016-11-02,15.37,15.37,15.24,15.28,1122
2016-11-03,15.3,15.3,15.15,15.15,3622
2016-11-04,15.2,15.25,15.15,15.15,1542
2016-11-07,15.41,15.45,15.33,15.43,1562
2016-11-08,15.47,15.55,15.39,15.51,1312
2016-11-09,15.16,15.52,15.16,15.52,3509
2016-11-10,15.64,15.64,15.38,15.43,1312
2016-11-11,15.38,15.5,15.38,15.5,3049
2016-11-14,15.47,15.5,15.47,15.48,1295
2016-11-15,15.47,15.56,15.47,15.48,1612
2016-11-16,15.45,15.53,15.45,15.51,15364
2016-11-17,15.43,15.64,15.43,15.64,1053
2016-11-18,15.7,15.7,15.57,15.57,11172
2016-11-21,15.65,15.72,15.62,15.67,1307
2016-11-22,15.78,15.84,15.77,15.8,929
2016-11-23,15.79,15.81,15.77,15.79,1162
2016-11-25,15.9,15.9,15.8,15.84,1399
2016-11-28,15.87,15.87,15.75,15.79,7459
2016-11-29,15.82,15.82,15.78,15.78,821
2016-11-30,15.73,15.73,15.6,15.64,16143
2016-12-01,15.62,15.62,15.5,15.5,1407
2016-12-02,15.56,15.57,15.51,15.54,882
2016-12-05,15.7,15.7,15.64,15.66,1702
2016-12-06,15.62,15.7,15.62,15.7,1349
2016-12-07,15.64,16.02,15.64,15.96,1319
2016-12-08,16.12,16.14,16.07,16.13,6423
2016-12-09,16.21,16.21,16.12,16.16,2558
2016-12-12,16.17,16.17,16.01,16.05,5055
2016-12-13,16.16,16.16,16.09,16.09,2639
2016-12-14,16.15,16.15,15.94,15.96,4153
2016-12-15,16.02,16.02,15.95,15.97,3971
2016-12-16,15.9,16.02,15.89,15.94,1224
2016-12-19,16.02,16.02,15.94,15.94,3058
2016-12-20,15.94,16.07,15.94,16.03,2838
2016-12-21,16.04,16.04,16.0,16.01,1809
2016-12-22,15.93,15.93,15.78,15.78,964
2016-12-23,15.83,15.83,15.72,15.72,1796
2016-12-27,15.9,15.9,15.83,15.83,2985
2016-12-28,15.71,15.71,15.64,15.64,2040
2016-12-29,15.7,15.7,15.64,15.68,952
2016-12-30,15.64,15.64,15.59,15.61,997
2017-01-03,15.78,15.78,15.63,15.67,10275
2017-01-04,15.79,15.94,15.78,15.87,1706
2017-01-05,15.87,15.96,15.82,15.96,1967
2017-01-06,15.96,16.09,15.89,16.03,2109
2017-01-09,16.17,16.17,16.0,16.07,1617
2017-01-10,16.06,16.1,16.06,16.1,1175
2017-01-11,16.09,16.09,16.0,16.08,1161
2017-01-12,16.02,16.07,16.0,16.01,1291
2017-01-13,16.14,16.15,16.08,16.08,2527
2017-01-17,16.2,16.2,16.13,16.14,1838
2017-01-18,16.22,16.22,16.03,16.14,2473
2017-01-19,16.13,16.18,16.05,16.08,2648
2017-01-20,16.23,16.23,16.11,16.11,1269
2017-01-23,16.17,16.17,16.04,16.15,1880
2017-01-24,16.23,16.26,16.11,16.26,3328
2017-01-25,16.33,16.33,16.27,16.3,1150
2017-01-26,16.38,16.38,16.31,16.31,4708
2017-01-27,16.2,16.2,16.15,16.19,2529
2017-01-30,16.05,16.15,16.05,16.1,1896
2017-01-31,16.0,16.11,16.0,16.05,3581
2017-02-01,16.16,16.16,15.99,16.06,4771
2017-02-02,16.08,16.1,16.02,16.1,1188
2017-02-03,16.05,16.1,16.05,16.1,1364
2017-02-06,16.16,16.16,16.07,16.13,3270
2017-02-07,16.16,16.16,16.08,16.08,1428
2017-02-08,16.17,16.29,16.1,16.25,1641
2017-02-09,16.3,16.35,16.27,16.32,2255
2017-02-10,16.38,16.4,16.32,16.34,2061
2017-02-13,16.5,16.5,16.35,16.35,2711
2017-02-14,16.43,16.45,16.41,16.45,3523
2017-02-15,16.51,16.58,16.45,16.51,3873
2017-02-16,16.5,16.53,16.42,16.42,5353
2017-02-17,16.35,16.5,16.35,16.45,1783
2017-02-21,16.45,16.62,16.45,16.56,3145
2017-02-22,16.61,16.62,16.53,16.6,2235
2017-02-23,16.6,16.6,16.48,16.48,1595
2017-02-24,16.44,16.54,16.38,16.54,1955
2017-02-27,16.52,16.59,16.5,16.53,2160
2017-02-28,16.55,16.55,16.41,16.41,3415
2017-03-01,16.52,16.63,16.52,16.63,4652
2017-03-02,16.59,16.63,16.51,16.53,3521
2017-03-03,16.53,16.53,16.46,16.5,2404
2017-03-06,16.47,16.47,16.41,16.44,4920
2017-03-07,16.49,16.49,16.35,16.37,3118
2017-03-08,16.38,16.46,16.38,16.43,3367
2017-03-09,16.49,16.49,16.34,16.39,3382
2017-03-10,16.39,16.44,16.37,16.4,1383
2017-03-13,16.43,16.44,16.37,16.41,1764
2017-03-14,16.4,16.41,16.32,16.39,1259
2017-03-15,16.44,16.56,16.4,16.55,2025
2017-03-16,16.6,16.6,16.54,16.58,3301
2017-03-17,16.58,16.62,16.54,16.57,1283
2017-03-20,16.6,16.6,16.53,16.53,5128
2017-03-21,16.57,16.63,16.34,16.34,1741
2017-03-22,16.34,16.4,16.29,16.35,1375
2017-03-23,16.38,16.43,16.36,16.39,1107
2017-03-24,16.48,16.48,16.4,16.4,2009
2017-03-27,16.22,16.42,16.21,16.4,3974
2017-03-28,16.34,16.52,16.34,16.52,3008
2017-03-29,16.51,16.63,16.47,16.63,1695
2017-03-30,16.56,16.56,16.48,16.5,1877
2017-03-31,16.52,16.58,16.49,16.51,2708
2017-04-03,16.5,16.53,16.44,16.44,2344
2017-04-04,16.47,16.47,16.37,16.37,1346
2017-04-05,16.47,16.53,16.36,16.36,2401
2017-04-06,16.49,16.49,16.4,16.45,1309
2017-04-07,16.42,16.49,16.42,16.44,1783
2017-04-10,16.55,16.59,16.51,16.55,5531
2017-04-11,16.52,16.54,16.46,16.52,1439
2017-04-12,16.56,16.58,16.52,16.54,1875
2017-04-13,16.54,16.54,16.45,16.47,3522
2017-04-17,16.51,16.63,16.44,16.58,3245
2017-04-18,16.6,16.62,16.55,16.55,1765
2017-04-19,16.66,16.7,16.6,16.6,2630
2017-04-20,16.75,16.8,16.68,16.78,2850
2017-04-21,16.77,16.77,16.7,16.77,3533
2017-04-24,16.91,16.91,16.83,16.89,6054
2017-04-25,16.98,17.02,16.91,17.01,2850
2017-04-26,17.06,17.12,17.03,17.08,5833
2017-04-27,17.2,17.29,17.2,17.29,4750
2017-04-28,17.37,17.37,17.15,17.21,4360
2017-05-01,17.31,17.33,17.13,17.33,4017
2017-05-02,17.39,17.44,17.25,17.37,4524
2017-05-03,17.47,17.47,17.32,17.33,10088
2017-05-04,17.38,17.38,17.28,17.34,3145
2017-05-05,17.34,17.48,17.34,17.43,5343
2017-05-08,17.59,17.59,17.45,17.49,5451
2017-05-09,17.59,17.6,17.51,17.58,4218
2017-05-10,17.5,17.57,17.49,17.57,5822
2017-05-11,17.65,17.65,17.3,17.48,10301
2017-05-12,17.43,17.43,17.38,17.41,2851
2017-05-15,17.45,17.53,17.41,17.43,7156
2017-05-16,17.45,17.48,17.41,17.41,3115
2017-05-17,17.33,17.33,17.13,17.13,4765
2017-05-18,17.16,17.23,17.09,17.17,2937
2017-05-19,17.21,17.34,17.21,17.3,3252
2017-05-22,17.27,17.4,17.27,17.35,6656
2017-05-23,17.36,17.36,17.31,17.31,4207
2017-05-24,17.43,17.44,17.31,17.44,3124
2017-05-25,17.51,17.57,17.47,17.55,9754
2017-05-26,17.55,17.55,17.48,17.55,4847
2017-05-30,17.54,17.6,17.5,17.57,9874
2017-05-31,17.61,17.61,17.49,17.55,5940
2017-06-01,17.53,17.67,17.53,17.67,5590
2017-06-02,17.76,17.8,17.67,17.8,6970
2017-06-05,17.86,17.86,17.71,17.82,8168
2017-06-06,17.75,17.78,17.66,17.69,7775
2017-06-07,17.73,17.73,17.66,17.66,6405
2017-06-08,17.66,17.76,17.66,17.73,9028
2017-06-09,17.8,17.8,17.5,17.57,14528
2017-06-12,17.43,17.52,17.37,17.49,6092
2017-06-13,17.53,17.62,17.51,17.62,4176
2017-06-14,17.64,17.67,17.56,17.61,2989
2017-06-15,17.35,17.51,17.35,17.46,5919
2017-06-16,17.61,17.61,17.44,17.45,2879
2017-06-19,17.6,17.71,17.56,17.71,7916
2017-06-20,17.64,17.66,17.49,17.49,4888
2017-06-21,17.6,17.61,17.54,17.54,2678
2017-06-22,17.63,17.65,17.55,17.62,3694
2017-06-23,17.57,17.74,17.57,17.66,2735
2017-06-26,17.87,17.87,17.71,17.74,5937
2017-06-27,17.72,17.75,17.55,17.55,5577
2017-06-28,17.57,17.72,17.57,17.72,5238
2017-06-29,17.7,17.7,17.38,17.56,6134
2017-06-30,17.69,17.71,17.63,17.69,11471
2017-07-03,17.68,17.74,17.56,17.56,3500
2017-07-05,17.58,17.65,17.53,17.61,12594
2017-07-06,17.4,17.48,17.32,17.32,2427
2017-07-07,17.47,17.52,17.42,17.49,4193
2017-07-10,17.49,17.53,17.41,17.46,12345
2017-07-11,17.43,17.5,17.43,17.5,2451
2017-07-12,17.65,17.68,17.59,17.65,2890
2017-07-13,17.74,17.76,17.71,17.72,4821
2017-07-14,17.75,17.85,17.75,17.84,4210
2017-07-17,17.81,17.89,17.8,17.8,7232
2017-07-18,17.85,17.97,17.84,17.97,4127
2017-07-19,18.0,18.11,17.97,18.09,4866
2017-07-20,18.08,18.12,18.01,18.01,5620
2017-07-21,18.01,18.06,17.95,18.06,13215
2017-07-24,18.01,18.02,17.94,18.02,5765
2017-07-25,18.08,18.1,17.93,18.06,12347
2017-07-26,18.16,18.16,18.05,18.13,4783
2017-07-27,18.24,18.24,17.95,18.1,7614
2017-07-28,18.01,18.08,18.01,18.05,4228
2017-07-31,18.1,18.1,17.95,18.01,8346
2017-08-01,18.03,18.05,17.97,18.03,3966
