Date,Open,High,Low,Close,Volume
2016-04-22,48.46,48.46,48.4,48.4,321
2016-04-25,48.5,48.52,48.5,48.52,1216
2016-04-26,48.63,48.63,48.62,48.62,210
2016-04-27,48.86,48.86,48.86,48.86,115
2016-04-29,48.83,48.83,47.98,47.98,235
2016-05-02,48.17,48.95,48.14,48.95,1851
2016-05-03,48.06,48.06,47.93,48.04,3804
2016-05-04,47.35,47.35,47.35,47.35,215
2016-05-10,47.76,47.76,47.76,47.76,1201
2016-05-11,47.78,47.78,47.78,47.78,224
2016-05-12,47.84,47.84,47.84,47.84,210
2016-05-13,47.48,47.48,47.47,47.47,313
2016-05-16,47.3,47.3,47.23,47.23,420
2016-05-18,47.22,47.23,47.22,47.23,400
2016-05-19,46.75,46.75,46.43,46.63,1034
2016-05-20,46.96,46.96,46.96,46.96,214
2016-05-23,47.0,47.0,47.0,47.0,160
2016-05-24,47.57,47.57,47.56,47.56,426
2016-05-26,48.17,48.23,48.13,48.23,916
2016-05-27,48.1,48.14,48.06,48.14,2182
2016-05-31,48.11,48.43,48.07,48.07,2997
2016-06-02,48.34,48.48,48.34,48.48,250
2016-06-06,49.02,49.26,49.02,49.26,203
2016-06-08,49.43,49.43,49.43,49.43,160
2016-06-10,48.29,48.29,48.29,48.29,243
2016-06-13,47.71,47.71,47.56,47.56,747
2016-06-14,47.25,47.25,46.93,46.94,1795
2016-06-15,47.75,47.94,47.24,47.24,1800
2016-06-16,47.32,47.32,47.32,47.32,100
2016-06-21,48.4,48.4,48.4,48.4,147
2016-06-22,48.33,48.35,48.31,48.35,696
2016-06-23,48.74,48.88,48.74,48.88,1255
2016-06-24,46.79,46.79,46.4,46.4,658
2016-06-27,45.35,45.35,45.35,45.35,100
2016-06-28,46.08,46.45,46.08,46.44,1202
2016-06-30,47.9,47.92,47.44,47.72,23400
2016-07-06,47.33,47.33,47.33,47.33,300
2016-07-07,47.47,47.47,47.47,47.47,201
2016-07-08,48.08,48.08,48.08,48.08,102
2016-07-11,48.65,48.65,48.63,48.63,469
2016-07-12,48.99,48.99,48.99,48.99,480
2016-07-13,49.03,49.08,48.95,49.0,880
2016-07-14,49.2,49.2,49.2,49.2,400
2016-07-15,49.05,49.06,49.01,49.06,862
2016-07-18,49.02,49.02,49.02,49.02,326
2016-07-21,49.25,49.25,49.25,49.25,100
2016-07-22,49.31,49.41,49.31,49.41,1337
2016-07-26,49.54,49.54,49.42,49.42,310
2016-07-29,49.63,49.63,49.63,49.63,440
2016-08-03,49.22,49.22,49.19,49.19,200
2016-08-04,49.51,49.56,49.51,49.56,420
2016-08-05,49.6,49.6,49.6,49.6,275
2016-08-10,49.92,49.92,49.92,49.92,408
2016-08-11,50.13,50.13,50.13,50.13,374
2016-08-12,50.25,50.25,50.25,50.25,105
2016-08-15,50.36,50.36,50.36,50.36,243
2016-08-16,50.2,50.2,50.2,50.2,802
2016-08-17,49.97,50.15,49.97,50.15,250
2016-08-18,50.44,50.53,50.23,50.53,2498
2016-08-19,50.25,50.29,50.18,50.29,10306
2016-08-22,50.44,50.67,50.44,50.64,735
2016-08-23,50.72,50.72,50.72,50.72,210
2016-08-24,50.59,50.59,50.59,50.59,550
2016-08-26,50.56,50.56,49.99,50.39,58251
2016-08-29,50.13,50.16,49.99,50.07,5151
2016-08-30,50.01,50.62,50.01,50.62,4737
2016-08-31,49.97,49.97,49.54,49.71,8140
2016-09-01,49.47,49.64,49.47,49.64,29201
2016-09-02,50.13,50.18,50.0,50.18,2849
2016-09-06,50.48,50.8,50.35,50.8,20995
2016-09-07,50.6,50.6,50.6,50.6,5495
2016-09-08,50.6,50.6,50.25,50.26,37474
2016-09-09,49.84,49.84,49.27,49.32,103517
2016-09-12,48.96,49.62,48.96,49.62,17258
2016-09-13,49.27,49.27,48.94,48.98,738
2016-09-14,49.1,49.1,49.08,49.08,1617
2016-09-15,49.02,49.49,48.94,49.49,6592
2016-09-16,49.13,49.13,49.07,49.07,50700
2016-09-22,50.65,50.65,50.65,50.65,10400
2016-09-23,50.42,50.42,50.42,50.42,120
2016-09-26,50.27,50.27,49.9,49.97,3280
2016-09-27,49.94,49.94,49.91,49.91,361
2016-09-28,50.1,50.1,50.1,50.1,152
2016-09-30,50.02,50.02,50.02,50.02,403
2016-10-06,49.49,49.49,49.49,49.49,200
2016-10-07,49.0,49.0,49.0,49.0,365
2016-10-11,49.06,49.06,48.47,48.63,605
2016-10-17,48.44,48.44,48.44,48.44,100
2016-10-18,48.69,48.69,48.69,48.69,486
2016-10-20,48.93,48.98,48.93,48.93,1170
2016-10-21,48.57,48.57,48.57,48.57,1249
2016-10-25,48.55,48.55,48.55,48.55,492
2016-10-27,48.45,48.45,48.29,48.29,1490
2016-10-28,48.05,48.06,48.05,48.06,1129
2016-10-31,48.03,48.03,47.97,48.0,1171
2016-11-01,47.82,47.82,47.82,47.82,233
2016-11-04,46.98,46.98,46.98,46.98,15592
2016-11-07,47.82,47.9,47.78,47.9,43876
2016-11-08,47.95,47.95,47.95,47.95,460
2016-11-09,47.93,47.93,47.93,47.93,145
2016-11-10,48.0,48.0,47.7,47.7,7634
2016-11-14,46.99,46.99,46.71,46.71,25917
2016-11-15,47.11,47.4,47.01,47.38,28693
2016-11-16,47.07,47.07,46.96,47.0,3100
2016-11-17,47.23,47.37,47.23,47.37,2010
2016-11-18,47.21,47.21,47.02,47.02,380
2016-11-21,47.19,47.39,47.14,47.39,29226
2016-11-22,47.25,47.25,47.04,47.04,328
2016-11-23,47.05,47.05,47.05,47.05,315
2016-11-25,47.36,47.36,47.36,47.36,511
2016-11-28,47.5,47.5,47.5,47.5,690
2016-11-29,47.35,47.68,47.35,47.68,1125
2016-11-30,47.51,47.51,47.51,47.51,800
2016-12-01,47.22,47.22,47.22,47.22,224
2016-12-05,47.09,47.09,47.09,47.09,132
2016-12-06,47.17,47.33,47.17,47.33,1391
2016-12-07,47.25,47.25,47.25,47.25,360
2016-12-12,47.36,47.47,47.36,47.47,840
2016-12-13,48.04,48.09,48.04,48.09,480
2016-12-14,48.0,48.0,47.65,47.67,12052
2016-12-16,47.56,47.56,47.5,47.5,434
2016-12-19,47.65,47.65,47.59,47.63,1026
2016-12-20,47.71,47.71,47.71,47.71,414
2016-12-21,47.48,47.52,47.25,47.52,5294
2016-12-22,47.34,47.35,47.32,47.32,3228
2016-12-23,47.35,47.35,47.32,47.32,910
2016-12-28,47.46,47.46,47.46,47.46,251
2016-12-29,47.52,47.55,47.52,47.53,1152
2016-12-30,47.85,47.96,47.71,47.72,4041
2017-01-03,47.68,47.86,47.68,47.8,2348
2017-01-05,48.81,48.81,48.81,48.81,451
2017-01-06,48.89,48.94,48.89,48.89,1644
2017-01-09,48.9,48.9,48.9,48.9,341
2017-01-10,48.87,48.91,48.83,48.86,3465
2017-01-11,48.83,48.83,48.83,48.83,1035
2017-01-13,48.99,49.19,48.99,49.16,3475
2017-01-17,49.12,49.14,49.12,49.14,1145
2017-01-18,48.52,48.72,48.5,48.5,12274
2017-01-19,48.47,48.47,48.38,48.39,991
2017-01-20,48.46,48.47,48.46,48.47,629
2017-01-23,48.56,48.56,48.56,48.56,177
2017-01-24,,,,48.56,0
2017-01-25,49.17,49.17,49.17,49.17,294
2017-01-26,,,,49.17,0
2017-01-27,,,,49.17,0
2017-01-30,49.0,49.0,49.0,49.0,554
2017-01-31,49.11,49.11,49.05,49.09,467
2017-02-01,49.45,49.45,49.45,49.45,173
2017-02-02,49.62,49.62,49.62,49.62,252
2017-02-03,49.87,49.87,49.75,49.75,671
2017-02-06,49.45,49.5,49.45,49.5,206
2017-02-07,,,,49.5,0
2017-02-08,50.07,50.07,49.63,49.63,400
2017-02-09,49.95,49.95,49.95,49.95,437
2017-02-10,,,,49.95,0
2017-02-13,,,,49.95,0
2017-02-14,50.01,50.01,49.83,49.83,575
2017-02-15,49.78,50.42,49.78,50.42,10201
2017-02-16,,,,50.42,0
2017-02-17,,,,50.42,0
2017-02-21,50.12,50.35,50.12,50.35,978
2017-02-22,50.29,50.29,50.21,50.21,210
2017-02-23,50.14,50.14,50.14,50.14,530
2017-02-24,49.78,49.99,49.78,49.99,974
2017-02-27,49.91,49.91,49.91,49.91,704
2017-02-28,50.0,50.0,50.0,50.0,317
2017-03-01,,,,50.0,0
2017-03-02,50.03,50.03,50.03,50.03,424
2017-03-03,50.07,50.07,50.07,50.07,333
2017-03-06,49.89,49.89,49.89,49.89,785
2017-03-07,49.87,49.87,49.87,49.87,207
2017-03-08,,,,49.87,0
2017-03-09,,,,49.87,0
2017-03-10,,,,49.87,0
2017-03-13,50.47,50.48,50.44,50.44,3005
2017-03-14,,,,50.44,0
2017-03-15,50.49,50.97,50.48,50.89,3053
2017-03-16,51.12,51.12,51.07,51.07,751
2017-03-17,51.32,51.32,51.32,51.32,4032
2017-03-20,51.24,51.3,51.24,51.3,1377
2017-03-21,,,,51.3,0
2017-03-22,50.96,50.96,50.96,50.96,769
2017-03-23,50.95,51.4,50.95,51.4,241
2017-03-24,51.26,51.58,51.26,51.58,2865
2017-03-27,,,,51.58,0
2017-03-28,51.72,51.72,51.72,51.72,206
2017-03-29,51.48,51.59,51.37,51.59,1567
2017-03-30,,,,51.59,0
2017-03-31,,,,51.59,0
2017-04-03,51.27,51.56,51.27,51.56,881
2017-04-04,51.67,51.67,51.67,51.67,1361
2017-04-05,,,,51.67,0
2017-04-06,,,,51.67,0
2017-04-07,51.41,51.45,51.41,51.45,499
2017-04-10,51.42,51.42,51.34,51.34,1217
2017-04-11,51.63,51.63,51.46,51.46,1497
2017-04-12,51.53,51.53,51.53,51.53,2229
2017-04-13,51.38,51.38,51.37,51.37,6700
2017-04-17,51.6,51.68,51.6,51.68,786
2017-04-18,51.62,51.62,51.62,51.62,140
2017-04-19,,,,51.62,0
2017-04-20,51.8,51.85,51.8,51.85,2044
2017-04-21,51.6,51.6,51.6,51.6,238
2017-04-24,52.45,56.17,52.45,56.17,712
2017-04-25,52.81,53.83,52.78,53.83,4758
2017-04-26,52.77,52.83,52.68,52.72,1056
2017-04-27,52.75,53.48,52.75,53.48,1734
2017-04-28,52.74,52.74,52.66,52.66,623
2017-05-01,52.98,53.04,52.98,53.04,1016
2017-05-02,52.91,53.1,52.91,53.1,1977
2017-05-03,52.83,52.83,52.83,52.83,268
2017-05-04,53.13,53.13,53.13,53.13,861
2017-05-05,53.9,54.03,53.9,54.03,1056
2017-05-08,53.84,53.84,53.56,53.64,591
2017-05-09,54.54,54.54,54.54,54.54,313
2017-05-10,53.87,53.89,53.87,53.89,391
2017-05-11,53.81,53.81,53.81,53.81,539
2017-05-12,53.86,53.86,53.81,53.81,1856
2017-05-15,54.02,54.16,54.02,54.15,1637
2017-05-16,54.27,54.27,54.21,54.21,406
2017-05-17,53.87,53.87,53.71,53.71,721
2017-05-18,53.7,53.85,53.6,53.85,2573
2017-05-19,,,,53.85,0
2017-05-22,54.58,54.58,54.45,54.45,3491
2017-05-23,54.39,54.39,54.13,54.13,1452
2017-05-24,54.3,54.43,54.29,54.3,1892
2017-05-25,54.61,54.61,54.61,54.61,310
2017-05-26,54.49,54.56,54.49,54.56,1780
2017-05-30,,,,54.56,0
2017-05-31,54.68,54.82,54.68,54.8,7295
2017-06-01,55.0,55.77,55.0,55.77,4416
2017-06-02,55.56,55.73,55.46,55.65,12065
2017-06-05,55.37,55.43,55.37,55.43,854
2017-06-06,55.58,55.67,55.58,55.58,1001
2017-06-07,55.59,55.6,55.56,55.6,1965
2017-06-08,55.62,55.62,55.58,55.58,8551
2017-06-09,55.28,55.55,55.23,55.34,2943
2017-06-12,55.29,55.4,54.93,55.06,3576
2017-06-13,55.35,55.73,55.35,55.73,1283
2017-06-14,56.21,56.21,55.93,56.08,1452
2017-06-15,55.38,55.43,55.33,55.43,1868
2017-06-16,55.78,55.78,55.58,55.61,5818
2017-06-19,56.02,56.18,55.9,56.18,8462
2017-06-20,55.22,55.22,54.94,54.94,958
2017-06-21,55.16,55.41,55.16,55.4,5782
2017-06-22,55.52,55.8,55.52,55.74,3950
2017-06-23,55.71,56.0,55.71,55.96,2151
2017-06-26,56.09,56.2,55.92,56.11,4696
2017-06-27,55.78,55.78,55.6,55.6,1375
2017-06-28,56.04,56.04,55.49,55.64,19070
2017-06-29,55.65,55.65,55.65,55.65,20381
2017-06-30,55.24,55.5,55.22,55.5,1111
2017-07-03,55.53,55.53,55.27,55.36,3045
2017-07-05,55.6,55.6,54.73,54.74,4064
2017-07-06,54.75,54.75,54.05,54.56,14789
2017-07-07,54.36,54.36,54.36,54.36,238
2017-07-10,54.36,54.42,54.36,54.37,1024
2017-07-11,54.01,54.48,54.01,54.48,2197
2017-07-12,54.6,54.64,54.6,54.61,1078
2017-07-13,54.91,54.91,54.69,54.82,6276
2017-07-14,,,,54.82,0
2017-07-17,55.31,55.34,54.95,54.95,1694
2017-07-18,55.35,55.35,55.35,55.35,304
2017-07-19,55.65,55.65,55.65,55.65,349
2017-07-20,55.65,55.74,55.52,55.71,1674
2017-07-21,55.47,55.47,55.36,55.36,1168
2017-07-24,55.45,55.45,55.38,55.45,1950
2017-07-25,55.21,55.36,55.21,55.36,651
2017-07-26,55.31,55.6,55.21,55.21,4902
2017-07-27,55.52,55.6,55.52,55.6,518
2017-07-28,55.33,55.48,55.33,55.46,2631
2017-07-31,55.49,55.49,55.16,55.43,5950
2017-08-01,55.45,55.53,55.45,55.53,15841
