Date,Open,High,Low,Close,Volume
2014-07-23,5.0,5.0,4.15,4.28,1896261
2014-07-24,4.28,4.38,4.02,4.15,179958
2014-07-25,4.23,4.23,3.8,4.09,131339
2014-07-28,4.09,4.34,3.64,3.89,106548
2014-07-29,3.83,3.84,3.7,3.78,62864
2014-07-30,3.67,4.0,3.67,3.87,112048
2014-07-31,3.8,4.0,3.7,3.78,41741
2014-08-01,3.84,3.89,3.69,3.75,24975
2014-08-04,3.8,3.9,3.64,3.69,55399
2014-08-05,3.61,3.64,3.43,3.5,57545
2014-08-06,3.6,3.6,3.39,3.5,29652
2014-08-07,3.27,3.44,3.27,3.44,62151
2014-08-08,3.35,3.56,3.19,3.31,70951
2014-08-11,3.5,3.58,3.21,3.31,57598
2014-08-12,3.29,3.39,3.23,3.31,14738
2014-08-13,3.43,3.53,3.31,3.35,25742
2014-08-14,3.39,3.42,3.34,3.4,11910
2014-08-15,3.37,3.6,3.37,3.45,42972
2014-08-18,3.42,3.45,3.3,3.32,19752
2014-08-19,3.5,3.5,3.2,3.21,25646
2014-08-20,3.38,3.38,3.01,3.07,35397
2014-08-21,3.06,3.11,3.0,3.09,92632
2014-08-22,3.06,3.09,3.05,3.09,9140
2014-08-25,3.1,3.5,3.05,3.45,142061
2014-08-26,3.49,3.55,3.38,3.47,81444
2014-08-27,3.5,3.5,3.11,3.13,95749
2014-08-28,3.45,3.45,3.14,3.19,26478
2014-08-29,3.2,3.44,3.2,3.38,65828
2014-09-02,3.4,3.55,3.36,3.39,64820
2014-09-03,3.45,4.09,3.45,3.92,421989
2014-09-04,3.86,3.92,3.62,3.77,84079
2014-09-05,3.68,3.85,3.68,3.79,41569
2014-09-08,3.87,4.18,3.79,3.97,95382
2014-09-09,4.08,4.08,3.87,3.91,67291
2014-09-10,3.98,3.98,3.84,3.88,27038
2014-09-11,3.8,3.84,3.69,3.83,25403
2014-09-12,3.83,3.88,3.7,3.76,13333
2014-09-15,3.67,3.91,3.66,3.83,36601
2014-09-16,3.76,3.9,3.7,3.74,19527
2014-09-17,3.75,3.83,3.61,3.61,24175
2014-09-18,3.66,3.75,3.55,3.64,52642
2014-09-19,3.68,3.8,3.49,3.49,55448
2014-09-22,3.5,3.52,3.14,3.4,41190
2014-09-23,3.5,3.62,3.31,3.62,16607
2014-09-24,3.63,3.74,3.35,3.61,15171
2014-09-25,3.71,3.8,3.51,3.73,12828
2014-09-26,3.7,3.74,3.62,3.72,14204
2014-09-29,3.75,3.76,3.56,3.69,3817
2014-09-30,3.71,3.74,3.36,3.56,24038
2014-10-01,3.6,3.61,3.59,3.59,17695
2014-10-02,3.49,3.52,3.49,3.51,4560
2014-10-03,3.58,3.58,3.32,3.46,33670
2014-10-06,3.37,3.48,3.26,3.28,9433
2014-10-07,3.4,3.41,3.28,3.29,17259
2014-10-08,3.26,3.35,3.25,3.35,11535
2014-10-09,3.37,3.37,3.21,3.3,10737
2014-10-10,3.21,3.31,3.2,3.23,13059
2014-10-13,3.23,3.49,3.21,3.22,19310
2014-10-14,3.2,3.35,3.2,3.31,14249
2014-10-15,3.16,3.37,3.16,3.34,11104
2014-10-16,3.21,3.34,3.2,3.33,8528
2014-10-17,3.35,3.42,3.24,3.27,3620
2014-10-20,3.45,3.54,3.29,3.29,11435
2014-10-21,3.42,3.44,3.19,3.25,19191
2014-10-22,3.27,3.45,3.27,3.31,11001
2014-10-23,3.22,3.45,3.21,3.36,2198
2014-10-24,3.25,3.31,3.22,3.22,1874
2014-10-27,3.23,3.35,3.21,3.3,7205
2014-10-28,3.25,3.26,3.16,3.17,8913
2014-10-29,3.2,3.45,3.2,3.27,6758
2014-10-30,3.2,3.27,3.2,3.2,9210
2014-10-31,3.26,3.44,3.25,3.44,7900
2014-11-03,3.49,3.49,3.29,3.38,4575
2014-11-04,3.41,3.42,3.4,3.4,1957
2014-11-05,3.26,3.45,3.2,3.31,31873
2014-11-06,3.5,3.64,3.35,3.45,27110
2014-11-07,3.41,3.41,3.34,3.35,3300
2014-11-10,3.38,3.43,3.26,3.31,15805
2014-11-11,3.34,3.43,3.26,3.42,12915
2014-11-12,3.25,3.4,3.25,3.25,18172
2014-11-13,3.3,3.4,3.25,3.34,15316
2014-11-14,3.3,3.48,3.29,3.35,17609
2014-11-17,3.4,3.42,3.2,3.37,22720
2014-11-18,3.37,3.38,3.22,3.31,10463
2014-11-19,3.35,3.37,3.24,3.25,15353
2014-11-20,3.25,3.25,3.21,3.21,12775
2014-11-21,3.22,3.29,3.22,3.22,785
2014-11-24,3.22,3.26,3.1,3.1,19686
2014-11-25,3.1,3.25,3.0,3.0,6050
2014-11-26,3.02,3.15,3.02,3.04,2972
2014-11-28,3.09,3.24,3.04,3.06,12208
2014-12-01,3.07,3.13,2.91,2.91,8900
2014-12-02,2.87,3.26,2.58,2.95,23567
2014-12-03,2.88,2.91,2.69,2.91,18089
2014-12-04,2.83,2.92,2.8,2.82,5795
2014-12-05,2.88,2.88,2.69,2.73,5810
2014-12-08,2.75,2.75,2.65,2.65,705
2014-12-09,2.84,2.84,2.67,2.67,1404
2014-12-10,2.6,2.81,2.6,2.65,9958
2014-12-11,2.65,2.65,2.58,2.59,1803
2014-12-12,2.57,2.7,2.32,2.33,12992
2014-12-15,2.27,2.32,2.02,2.03,21940
2014-12-16,2.07,2.25,2.07,2.21,962
2014-12-17,2.28,2.48,2.28,2.33,10344
2014-12-18,2.35,2.49,2.3,2.31,9500
2014-12-19,2.45,2.45,2.28,2.3,4425
2014-12-22,2.41,2.58,2.23,2.49,33643
2014-12-23,2.4,2.65,2.34,2.49,35005
2014-12-24,2.64,2.65,2.39,2.4,18566
2014-12-26,2.4,2.45,2.37,2.37,5886
2014-12-29,2.39,2.42,2.21,2.21,11780
2014-12-30,2.25,2.37,2.22,2.32,12150
2014-12-31,2.35,2.37,2.2,2.34,46436
2015-01-02,2.4,2.88,2.4,2.74,3581
2015-01-05,2.71,2.71,2.51,2.58,3843
2015-01-06,2.6,3.06,2.6,2.73,21923
2015-01-07,2.76,3.07,2.72,2.88,6660
2015-01-08,3.05,3.05,2.62,2.96,6557
2015-01-09,2.83,2.92,2.63,2.89,3264
2015-01-12,2.72,2.9,2.7,2.73,5306
2015-01-13,2.69,3.0,2.69,2.76,6697
2015-01-14,3.0,3.0,2.7,2.82,24733
2015-01-15,2.73,2.86,2.62,2.64,6979
2015-01-16,2.6,2.6,2.21,2.55,14213
2015-01-20,2.5,2.53,2.47,2.52,2788
2015-01-21,2.25,2.65,2.25,2.64,10637
2015-01-22,2.68,2.68,2.68,2.68,506
2015-01-23,2.42,2.75,2.19,2.65,11554
2015-01-26,2.71,2.71,2.59,2.64,3615
2015-01-27,2.7,2.7,2.5,2.5,1844
2015-01-28,2.42,2.6,2.3,2.38,5839
2015-01-29,2.27,2.38,2.21,2.37,3105
2015-01-30,2.42,2.48,2.3,2.42,4011
2015-02-02,2.45,2.45,2.22,2.38,5548
2015-02-03,2.39,2.39,2.27,2.35,3839
2015-02-04,2.34,2.39,2.18,2.19,5881
2015-02-05,2.2,2.39,2.2,2.39,8795
2015-02-06,2.38,2.38,2.36,2.36,624
2015-02-09,2.39,2.39,2.36,2.36,517
2015-02-10,2.32,2.36,2.32,2.33,1304
2015-02-11,2.35,2.38,2.3,2.33,14154
2015-02-12,2.35,2.39,2.35,2.39,14113
2015-02-13,2.37,2.39,2.36,2.39,10232
2015-02-17,2.31,2.39,2.3,2.31,3342
2015-02-18,2.39,2.39,2.33,2.33,50586
2015-02-19,2.33,2.54,2.33,2.47,9988
2015-02-20,2.51,2.7,2.51,2.7,4155
2015-02-23,2.7,2.99,2.7,2.88,69074
2015-02-24,2.85,2.99,2.83,2.98,4561
2015-02-25,2.94,3.22,2.88,2.91,174434
2015-02-26,2.92,3.01,2.8,2.92,12775
2015-02-27,2.76,2.81,2.61,2.64,42888
2015-03-02,2.7,2.99,2.54,2.54,23887
2015-03-04,2.59,2.67,2.4,2.67,6313
2015-03-05,2.61,2.76,2.5,2.57,7181
2015-03-06,2.67,2.91,2.61,2.73,2169
2015-03-09,2.75,2.75,2.65,2.73,6115
2015-03-10,2.93,2.93,2.62,2.74,3717
2015-03-11,2.8,2.8,2.64,2.64,2365
2015-03-12,2.69,2.79,2.5,2.54,9072
2015-03-13,2.55,2.55,2.42,2.5,1325
2015-03-16,2.44,2.59,2.44,2.55,8782
2015-03-17,2.58,2.62,2.45,2.45,5598
2015-03-18,2.46,2.63,2.45,2.47,3458
2015-03-19,2.47,2.53,2.22,2.4,8891
2015-03-20,2.34,2.5,2.25,2.39,18616
2015-03-23,2.39,2.43,1.96,2.28,52534
2015-03-24,2.32,2.6,2.07,2.52,69632
2015-03-25,2.61,2.75,2.41,2.5,91972
2015-03-26,2.44,2.73,2.4,2.41,85845
2015-03-27,2.59,2.59,2.21,2.21,15373
2015-03-30,2.39,2.39,2.19,2.19,6002
2015-03-31,2.18,2.31,2.04,2.14,20501
2015-04-01,2.2,2.2,2.03,2.03,7513
2015-04-02,2.12,2.26,2.1,2.11,12639
2015-04-06,2.11,2.17,2.11,2.12,2075
2015-04-07,2.13,2.21,2.1,2.2,23513
2015-04-08,2.05,2.23,2.05,2.06,7720
2015-04-09,2.06,2.08,2.05,2.05,1902
2015-04-10,2.06,2.1,2.05,2.05,2026
2015-04-13,2.05,2.05,1.96,2.05,24156
2015-04-14,1.99,2.09,1.66,1.89,85586
2015-04-15,1.9,1.96,1.75,1.89,39436
2015-04-16,1.85,1.98,1.85,1.95,14580
2015-04-17,1.99,2.01,1.84,1.99,6573
2015-04-20,1.96,2.01,1.96,2.01,1734
2015-04-21,1.96,1.96,1.94,1.94,820
2015-04-22,1.76,1.92,1.76,1.83,17616
2015-04-23,1.83,1.9,1.83,1.9,10541
2015-04-24,1.9,1.9,1.88,1.88,7262
2015-04-27,1.9,1.96,1.88,1.91,12984
2015-04-28,1.94,1.97,1.89,1.9,12151
2015-04-29,1.93,2.03,1.93,2.03,9339
2015-04-30,2.03,2.1,1.99,2.1,7129
2015-05-01,2.07,2.2,2.03,2.15,13421
2015-05-04,2.2,2.31,2.2,2.26,21327
2015-05-05,2.09,2.3,2.09,2.17,3583
2015-05-06,2.06,2.19,2.04,2.16,4068
2015-05-07,2.08,2.13,2.02,2.11,2955
2015-05-08,2.11,2.23,2.11,2.17,24006
2015-05-11,2.12,2.14,2.12,2.14,260
2015-05-12,2.08,2.14,2.04,2.04,637
2015-05-13,2.03,2.15,2.03,2.15,12874
2015-05-14,2.15,2.18,2.13,2.13,3970
2015-05-15,2.07,2.09,2.07,2.09,500
2015-05-18,2.03,2.12,2.01,2.09,2789
2015-05-19,2.06,2.07,1.93,2.0,6812
2015-05-20,1.97,2.17,1.97,2.03,2743
2015-05-21,2.03,2.06,2.03,2.04,380
2015-05-22,2.0,2.04,1.93,1.94,20725
2015-05-26,1.93,1.95,1.93,1.93,3625
2015-05-27,2.01,2.01,1.94,1.96,10515
2015-05-28,1.93,1.99,1.79,1.9,11625
2015-05-29,2.0,2.05,1.81,2.03,24166
2015-06-01,2.09,2.09,2.04,2.08,1613
2015-06-02,1.87,2.09,1.87,2.08,2253
2015-06-03,2.04,2.04,2.04,2.04,105
2015-06-04,1.99,1.99,1.99,1.99,834
2015-06-05,1.96,2.07,1.96,2.07,1301
2015-06-08,1.87,2.07,1.87,2.07,933
2015-06-09,1.98,2.06,1.98,2.06,6334
2015-06-10,2.06,2.15,2.05,2.05,11947
2015-06-11,1.96,2.06,1.84,2.0,11301
2015-06-12,1.94,2.02,1.87,1.92,13521
2015-06-15,2.24,2.24,1.92,1.92,4897
2015-06-16,2.01,2.01,2.01,2.01,518
2015-06-17,1.97,2.25,1.96,2.25,3117
2015-06-18,2.1,2.12,1.87,2.09,6807
2015-06-19,1.92,1.98,1.92,1.98,278
2015-06-22,1.89,1.98,1.85,1.98,2449
2015-06-23,1.91,1.95,1.91,1.93,5314
2015-06-24,1.9,1.97,1.9,1.96,2756
2015-06-25,1.96,1.96,1.96,1.96,1446
2015-06-26,1.8,1.8,1.8,1.8,1825
2015-06-29,1.92,1.92,1.75,1.75,14908
2015-06-30,1.73,1.9,1.73,1.88,35419
2015-07-06,1.82,1.93,1.82,1.9,9761
2015-07-07,1.69,1.87,1.57,1.84,4550
2015-07-08,1.72,1.84,1.72,1.73,1965
2015-07-09,1.8,1.85,1.78,1.78,1908
2015-07-10,1.83,1.83,1.83,1.83,127
2015-07-13,1.75,1.75,1.75,1.75,175
2015-07-15,1.85,1.85,1.81,1.81,1759
2015-07-16,1.85,1.99,1.68,1.99,48273
2015-07-17,1.99,1.99,1.71,1.86,40319
2015-07-20,1.74,1.84,1.74,1.84,200
2015-07-21,1.76,1.84,1.76,1.84,400
2015-07-22,1.81,1.83,1.67,1.8,10646
2015-07-23,1.8,1.8,1.79,1.79,2008
2015-07-24,1.77,2.0,1.76,1.95,26552
2015-07-27,1.82,1.82,1.82,1.82,2100
2015-07-28,1.9,2.48,1.9,2.37,44232
2015-07-29,2.37,2.4,2.24,2.37,22391
2015-07-30,1.97,2.43,1.97,2.25,1689
2015-07-31,2.09,2.28,2.08,2.08,1278
2015-08-03,2.05,2.29,2.05,2.13,5666
2015-08-04,2.2,2.26,1.92,2.1,15846
2015-08-05,2.08,2.22,2.05,2.22,8689
2015-08-06,2.1,2.35,2.09,2.35,15285
2015-08-07,2.34,2.34,2.14,2.16,15248
2015-08-10,2.3,2.3,2.08,2.14,14988
2015-08-11,2.01,2.45,2.01,2.45,11527
2015-08-12,2.45,2.45,2.22,2.23,22964
2015-08-13,2.5,2.5,2.39,2.44,1973
2015-08-14,2.16,2.26,2.1,2.1,2057
2015-08-17,2.2,2.2,2.01,2.01,6882
2015-08-20,2.06,2.08,2.05,2.08,9445
2015-08-21,2.07,2.14,2.05,2.05,10928
2015-08-24,2.05,2.06,2.0,1.75,48497
2015-08-25,1.89,1.89,1.6,1.81,7098
2015-08-26,1.77,1.77,1.62,1.75,1222
2015-08-27,1.9,2.35,1.79,2.16,5371
2015-08-28,2.13,2.15,1.97,2.09,2447
2015-08-31,2.24,2.24,2.11,2.11,928
2015-09-01,2.23,2.23,1.99,1.99,1564
2015-09-02,1.98,2.19,1.84,1.84,1012
2015-09-03,2.23,2.23,1.88,1.88,6753
2015-09-04,1.8,1.95,1.8,1.95,4066
2015-09-08,1.95,1.96,1.93,1.95,5208
2015-09-09,1.94,1.94,1.8,1.85,1357
2015-09-10,1.9,1.95,1.84,1.95,2619
2015-09-11,2.0,2.0,1.9,1.9,1068
2015-09-14,2.0,2.03,1.95,1.98,24299
2015-09-15,2.1,2.12,2.09,2.12,653
2015-09-16,2.02,2.02,1.93,2.0,8779
2015-09-17,2.0,2.0,1.77,1.92,21484
2015-09-18,1.8,2.0,1.61,1.86,19112
2015-09-21,1.95,1.95,1.84,1.91,33659
2015-09-22,1.83,1.86,1.83,1.86,1699
2015-09-23,1.87,1.89,1.87,1.89,1258
2015-09-25,1.68,1.93,1.68,1.93,6385
2015-09-28,1.85,1.95,1.85,1.94,4415
2015-09-29,1.75,1.85,1.71,1.71,5502
2015-09-30,1.66,1.88,1.42,1.81,14138
2015-10-01,1.89,1.89,1.22,1.24,13955
2015-10-02,1.31,2.35,1.31,1.99,240193
2015-10-05,2.14,2.15,1.99,1.99,41311
2015-10-06,1.97,2.1,1.84,1.92,5593
2015-10-07,1.84,2.09,1.77,2.02,16847
2015-10-08,1.9,2.13,1.81,2.09,16273
2015-10-09,1.94,1.99,1.94,1.99,1032
2015-10-12,1.92,2.0,1.92,1.94,2212
2015-10-13,1.94,1.94,1.85,1.89,4526
2015-10-14,1.9,1.9,1.8,1.86,5905
2015-10-15,1.8,1.8,1.75,1.8,13356
2015-10-16,1.78,1.9,1.72,1.89,12883
2015-10-19,1.84,1.85,1.79,1.85,1600
2015-10-20,1.76,1.84,1.66,1.66,11634
2015-10-21,1.7,1.76,1.5,1.53,10366
2015-10-22,1.6,1.6,1.51,1.52,7672
2015-10-23,1.65,1.65,1.65,1.65,162
2015-10-26,1.63,1.67,1.54,1.54,655
2015-10-27,1.51,1.6,1.51,1.52,2065
2015-10-28,1.62,1.65,1.53,1.53,15281
2015-10-29,1.53,1.57,1.53,1.56,1746
2015-10-30,1.57,1.57,1.52,1.54,1827
2015-11-02,1.54,1.57,1.54,1.55,819
2015-11-03,1.55,1.55,1.54,1.55,4867
2015-11-04,1.56,1.65,1.56,1.62,30864
2015-11-05,1.59,1.69,1.59,1.69,3529
2015-11-06,1.69,1.69,1.56,1.64,7834
2015-11-09,1.66,1.66,1.58,1.64,1078
2015-11-10,1.59,1.59,1.55,1.55,659
2015-11-11,1.55,1.55,1.55,1.55,312
2015-11-12,1.65,1.78,1.6,1.6,28368
2015-11-13,1.75,1.75,1.63,1.63,3709
2015-11-16,1.6,1.6,1.53,1.53,6300
2015-11-17,1.51,1.51,1.44,1.44,1299
2015-11-18,1.42,1.6,1.42,1.6,491
2015-11-19,1.55,1.55,1.47,1.47,2798
2015-11-20,1.47,1.57,1.43,1.43,3953
2015-11-23,1.5,1.5,1.43,1.43,1770
2015-11-24,1.43,1.46,1.42,1.42,4435
2015-11-25,1.36,1.36,1.32,1.34,41700
2015-11-27,1.4,1.44,1.33,1.35,11114
2015-11-30,1.35,1.35,1.19,1.28,24696
2015-12-01,1.18,1.5,1.18,1.42,26813
2015-12-02,1.44,1.44,1.33,1.33,9452
2015-12-03,1.34,1.36,1.34,1.35,6103
2015-12-04,1.37,1.37,1.3,1.3,10483
2015-12-07,1.24,1.24,1.17,1.18,64387
2015-12-08,1.24,1.24,1.17,1.21,6202
2015-12-09,1.21,1.21,1.16,1.2,6242
2015-12-10,1.22,1.27,1.21,1.22,2538
2015-12-11,1.2,1.2,1.17,1.18,1741
2015-12-14,1.22,1.38,1.1,1.1,23036
2015-12-15,1.13,1.3,1.13,1.27,20321
2015-12-16,1.25,1.25,1.18,1.23,37030
2015-12-17,1.18,1.35,1.18,1.23,281675
2015-12-18,1.29,1.29,1.18,1.18,12010
2015-12-21,1.23,1.23,1.17,1.2,8020
2015-12-28,1.17,1.22,1.17,1.19,95462
2015-12-29,1.18,1.22,1.16,1.16,9877
2015-12-30,1.18,1.18,1.08,1.12,10172
2015-12-31,1.14,1.2,1.09,1.2,22410
2016-01-04,1.12,1.12,1.1,1.1,4514
2016-01-05,1.04,1.07,1.02,1.07,9912
2016-01-06,1.13,1.25,1.13,1.24,25756
2016-01-07,1.26,1.26,1.11,1.16,18408
2016-01-08,1.2,1.2,1.2,1.2,4254
2016-01-11,1.1,1.15,0.88,1.11,8937
2016-01-12,1.14,1.14,1.1,1.12,6736
2016-01-13,1.1,1.13,0.99,1.01,29266
2016-01-14,1.01,1.09,1.01,1.03,3335
2016-01-15,1.04,1.05,1.04,1.04,3741
2016-01-19,1.05,1.05,0.92,1.01,15100
2016-01-20,0.91,1.0,0.91,1.0,1950
2016-01-21,0.95,0.97,0.95,0.97,2699
2016-01-22,1.0,1.0,0.99,1.0,1502
2016-01-25,0.95,1.0,0.91,0.94,4191
2016-01-26,0.92,0.92,0.88,0.91,8613
2016-01-27,0.89,0.94,0.89,0.91,1021
2016-01-28,0.92,0.92,0.91,0.92,1826
2016-01-29,0.92,0.96,0.88,0.9,11662
2016-02-01,0.94,0.94,0.88,0.88,2901
2016-02-02,0.9,0.93,0.86,0.93,8071
2016-02-03,0.91,1.24,0.9,1.21,86602
2016-02-04,1.22,1.22,0.87,1.0,37367
2016-02-05,1.08,1.08,1.08,1.08,501
2016-02-08,0.96,1.01,0.96,0.98,1817
2016-02-09,0.98,1.06,0.98,1.01,4306
2016-02-10,0.99,0.99,0.96,0.96,856
2016-02-16,0.93,0.94,0.9,0.93,10973
2016-02-17,0.9,0.9,0.72,0.88,29734
2016-02-18,0.88,0.95,0.88,0.89,31032
2016-02-19,0.89,0.98,0.89,0.89,5355
2016-02-22,0.86,0.86,0.81,0.81,19938
2016-02-23,0.82,0.82,0.78,0.78,25424
2016-02-24,0.79,0.85,0.7,0.75,435868
2016-02-25,0.85,0.85,0.77,0.77,2216
2016-02-26,0.78,0.84,0.77,0.77,3800
2016-02-29,0.77,0.85,0.77,0.77,38378
2016-03-01,0.8,0.89,0.68,0.89,114072
2016-03-02,0.9,0.9,0.71,0.72,55369
2016-03-03,0.79,0.86,0.74,0.79,12217
2016-03-04,0.84,0.9,0.81,0.81,13164
2016-03-07,0.89,0.89,0.76,0.76,26386
2016-03-08,0.89,0.89,0.68,0.69,47293
2016-03-09,0.7,0.88,0.7,0.79,39563
2016-03-10,0.83,0.87,0.7,0.72,34498
2016-03-11,0.69,0.82,0.69,0.7,37585
2016-03-14,0.75,0.83,0.73,0.75,30650
2016-03-15,0.7,0.82,0.68,0.78,55036
2016-03-16,0.78,0.93,0.78,0.93,76575
2016-03-17,0.93,0.98,0.82,0.89,45453
2016-03-18,0.9,0.95,0.83,0.89,53853
2016-03-21,0.85,0.88,0.84,0.88,7193
2016-03-22,0.89,1.08,0.88,1.02,66129
2016-03-23,0.99,1.05,0.96,1.05,2074
2016-03-24,1.08,1.23,1.0,1.12,67280
2016-03-28,1.17,1.17,1.06,1.14,7566
2016-03-29,1.17,1.17,1.07,1.11,14969
2016-03-30,1.08,1.09,1.06,1.09,7783
2016-03-31,1.1,1.1,1.0,1.02,25995
2016-04-01,1.05,1.06,0.96,0.96,15927
2016-04-04,0.98,1.17,0.98,1.02,10420
2016-04-05,1.05,1.06,0.97,1.0,15936
2016-04-06,0.99,1.01,0.92,1.0,1588
2016-04-07,1.0,1.03,0.9,0.9,39036
2016-04-08,0.95,0.95,0.88,0.91,2755
2016-04-11,0.97,0.97,0.92,0.92,2400
2016-04-12,0.9,0.93,0.88,0.93,19060
2016-04-13,0.92,0.92,0.89,0.89,1461
2016-04-14,0.92,0.95,0.88,0.94,117225
2016-04-15,0.96,0.96,0.95,0.95,3163
2016-04-18,0.97,0.97,0.9,0.91,1867
2016-04-19,0.93,1.05,0.92,0.96,35809
2016-04-20,0.97,1.02,0.97,0.97,14101
2016-04-21,1.03,1.03,0.97,0.97,452
2016-04-22,0.99,1.05,0.92,0.93,31949
2016-04-25,0.93,0.96,0.92,0.96,2002
2016-04-26,1.0,1.04,0.99,1.02,11292
2016-04-27,1.02,1.03,1.0,1.0,7045
2016-04-28,0.99,1.0,0.97,1.0,10085
2016-04-29,0.98,1.02,0.98,0.99,1673
2016-05-02,1.02,1.02,0.98,0.98,7643
2016-05-03,1.03,1.03,0.95,0.96,23096
2016-05-04,0.96,0.96,0.96,0.96,4226
2016-05-05,1.03,1.03,0.98,1.02,3913
2016-05-06,1.02,1.03,1.0,1.0,3204
2016-05-09,1.0,1.0,0.97,0.97,12601
2016-05-10,1.03,1.04,0.88,0.91,39772
2016-05-11,0.93,1.02,0.93,0.98,8952
2016-05-12,1.02,1.02,0.95,0.98,18062
2016-05-13,0.98,1.02,0.94,0.94,6870
2016-05-16,0.94,1.01,0.94,1.01,8604
2016-05-17,1.01,1.01,0.95,1.0,2680
2016-05-18,0.95,0.96,0.9,0.91,14701
2016-05-19,0.9,0.98,0.9,0.98,5356
2016-05-20,0.93,1.0,0.9,1.0,12159
2016-05-23,0.97,0.98,0.89,0.92,4753
2016-05-24,0.93,1.0,0.9,0.91,15194
2016-05-25,0.93,0.93,0.93,0.93,2000
2016-05-26,0.93,0.93,0.89,0.9,6517
2016-05-27,0.93,0.99,0.91,0.92,9012
2016-05-31,0.93,0.98,0.93,0.96,12506
2016-06-01,0.98,1.03,0.95,1.03,21116
2016-06-02,0.99,1.01,0.98,1.0,4054
2016-06-03,0.95,0.95,0.92,0.92,11406
2016-06-06,0.91,0.96,0.89,0.91,23807
2016-06-07,0.91,0.96,0.91,0.91,1524
2016-06-08,0.96,0.96,0.91,0.92,8478
2016-06-09,0.94,0.98,0.92,0.98,5563
2016-06-10,0.92,0.95,0.92,0.93,1259
2016-06-13,0.98,0.98,0.91,0.92,14151
2016-06-14,0.97,0.97,0.92,0.92,5313
2016-06-15,0.91,0.91,0.89,0.91,31777
2016-06-16,0.89,0.96,0.89,0.9,7833
2016-06-17,0.9,0.94,0.9,0.94,1805
2016-06-20,0.93,0.93,0.9,0.9,19514
2016-06-21,0.94,0.94,0.92,0.92,919
2016-06-22,0.95,0.95,0.9,0.94,2104
2016-06-23,0.95,0.95,0.85,0.88,24380
2016-06-24,0.94,0.95,0.87,0.87,2971
2016-06-27,0.85,0.86,0.82,0.86,5343
2016-06-28,0.88,0.88,0.85,0.85,300
2016-06-29,0.88,0.88,0.88,0.88,10112
2016-06-30,0.86,0.94,0.86,0.88,660
2016-07-01,0.86,0.86,0.86,0.86,405
2016-07-05,0.89,0.89,0.89,0.89,105
2016-07-06,0.88,0.88,0.88,0.88,215
2016-07-07,0.87,0.87,0.87,0.87,214
2016-07-11,0.89,0.89,0.86,0.86,14131
2016-07-12,0.88,0.88,0.88,0.88,4866
2016-07-13,0.86,0.86,0.86,0.86,131
2016-07-14,0.95,0.95,0.94,0.94,618
2016-07-18,0.93,1.16,0.9,1.01,648075
2016-07-19,1.03,1.03,0.89,1.0,64031
2016-07-20,0.9,1.08,0.9,1.0,20629
2016-07-21,0.96,1.33,0.94,1.12,424477
2016-07-22,1.04,1.2,1.0,1.04,416156
2016-07-25,1.07,1.26,0.99,1.08,144225
2016-07-26,1.01,1.12,1.01,1.04,93994
2016-07-27,1.08,1.09,1.01,1.04,21192
2016-07-28,1.04,1.1,0.98,1.0,18606
2016-07-29,1.0,1.05,0.95,1.05,154965
2016-08-01,1.02,1.14,1.0,1.01,54450
2016-08-02,1.0,1.27,0.99,1.02,168680
2016-08-03,1.03,1.07,0.98,1.01,54987
2016-08-04,1.0,1.04,0.95,1.03,95896
2016-08-05,1.02,1.08,0.92,0.95,131130
2016-08-08,1.0,1.0,0.83,0.91,122454
2016-08-09,0.89,0.9,0.89,0.9,2026
2016-08-10,0.89,0.95,0.89,0.91,14913
2016-08-11,0.94,0.99,0.88,0.89,24195
2016-08-12,0.9,0.9,0.8,0.89,11918
2016-08-15,0.85,0.89,0.82,0.82,18633
2016-08-16,0.78,0.89,0.78,0.85,20558
2016-08-17,0.8,0.89,0.72,0.82,107466
2016-08-18,0.8,0.86,0.77,0.81,53566
2016-08-19,0.83,0.88,0.81,0.83,17264
2016-08-22,0.82,0.84,0.82,0.83,4157
2016-08-23,0.89,0.92,0.84,0.84,5048
2016-08-24,0.89,0.95,0.88,0.92,9353
2016-08-25,0.92,0.94,0.88,0.92,8906
2016-08-26,0.93,1.11,0.92,0.93,16442
2016-08-29,1.11,1.15,0.89,0.98,19605
2016-08-30,0.95,1.01,0.92,0.97,5048
2016-08-31,0.96,1.06,0.91,0.97,8404
2016-09-01,0.95,0.99,0.92,0.96,4250
2016-09-02,0.95,0.97,0.92,0.97,4893
2016-09-06,0.95,1.05,0.95,1.0,10709
2016-09-07,0.95,1.01,0.91,0.91,13589
2016-09-08,0.92,0.99,0.91,0.92,14980
2016-09-09,1.01,1.01,0.91,0.92,4410
2016-09-12,0.92,0.92,0.9,0.9,2956
2016-09-13,0.91,0.91,0.87,0.91,4117
2016-09-14,0.88,0.96,0.86,0.88,4458
2016-09-15,0.92,0.92,0.86,0.86,428
2016-09-16,0.96,0.96,0.85,0.85,10510
2016-09-19,0.85,0.94,0.85,0.85,7299
2016-09-20,0.9,0.9,0.85,0.85,2669
2016-09-21,0.85,1.07,0.85,0.85,35766
2016-09-22,0.88,0.9,0.86,0.86,10465
2016-09-23,0.86,0.88,0.86,0.87,3056
2016-09-26,0.87,0.87,0.84,0.84,7551
2016-09-27,0.84,1.0,0.84,0.87,70033
2016-09-28,0.9,0.9,0.84,0.89,1203
2016-09-29,0.87,0.87,0.84,0.84,841
2016-09-30,1.0,1.0,0.84,0.94,4479
2016-10-03,0.95,1.0,0.86,0.98,40760
2016-10-04,0.95,0.99,0.86,0.99,11044
2016-10-05,0.95,1.07,0.86,0.9,70403
2016-10-06,0.89,0.98,0.89,0.96,3923
2016-10-07,0.91,0.92,0.9,0.91,805
2016-10-10,0.9,0.94,0.86,0.87,20775
2016-10-11,0.87,0.89,0.85,0.86,6193
2016-10-12,0.86,0.91,0.86,0.86,4317
2016-10-13,0.91,0.91,0.82,0.82,13959
2016-10-14,0.93,0.95,0.86,0.88,15899
2016-10-17,0.87,0.87,0.84,0.84,380
2016-10-18,0.86,0.86,0.83,0.83,9975
2016-10-19,0.85,0.85,0.78,0.81,43747
2016-10-20,0.83,0.85,0.83,0.85,7084
2016-10-21,0.85,0.85,0.84,0.84,3106
2016-10-24,0.82,0.85,0.78,0.85,4192
2016-10-25,0.83,0.83,0.83,0.83,6837
2016-10-26,0.83,0.83,0.83,0.83,1293
2016-10-27,0.88,0.93,0.82,0.84,18182
2016-10-28,0.85,0.87,0.85,0.87,4771
2016-10-31,0.88,0.9,0.88,0.9,5007
2016-11-01,0.84,0.88,0.83,0.83,12000
2016-11-02,0.84,0.86,0.84,0.84,3376
2016-11-03,0.83,0.92,0.83,0.85,4975
2016-11-04,0.84,0.84,0.84,0.84,3140
2016-11-07,0.84,0.88,0.84,0.84,4256
2016-11-08,0.86,0.86,0.85,0.85,3672
2016-11-09,0.82,0.82,0.82,0.82,172
2016-11-10,0.83,0.9,0.83,0.84,3656
2016-11-11,0.84,0.9,0.78,0.88,57589
2016-11-14,0.84,0.92,0.76,0.87,15319
2016-11-15,0.91,1.0,0.85,0.85,125058
2016-11-16,0.87,0.9,0.87,0.89,22798
2016-11-17,0.89,0.94,0.88,0.94,6084
2016-11-18,0.92,0.96,0.88,0.89,10018
2016-11-21,0.88,0.95,0.88,0.91,14114
2016-11-22,0.96,0.96,0.89,0.9,7162
2016-11-23,0.87,0.93,0.87,0.93,2200
2016-11-25,0.92,0.92,0.86,0.91,2721
2016-11-28,0.88,0.96,0.85,0.96,11336
2016-11-29,0.85,0.93,0.85,0.93,5053
2016-11-30,0.86,0.9,0.86,0.88,1700
2016-12-01,0.9,0.96,0.85,0.86,4149
2016-12-02,0.91,0.91,0.88,0.89,2851
2016-12-05,0.86,0.89,0.76,0.86,29138
2016-12-06,0.82,0.84,0.81,0.82,5570
2016-12-07,0.83,0.9,0.82,0.86,6903
2016-12-08,0.82,0.92,0.82,0.85,8287
2016-12-09,0.86,0.87,0.81,0.85,7955
2016-12-12,0.82,0.86,0.82,0.84,6716
2016-12-13,0.8,0.83,0.8,0.83,5415
2016-12-14,0.82,0.82,0.81,0.82,5796
2016-12-15,0.82,0.84,0.77,0.84,13769
2016-12-16,0.8,0.8,0.8,0.8,212
2016-12-19,0.84,0.85,0.8,0.83,1515
2016-12-20,0.83,0.83,0.83,0.83,1000
2016-12-21,0.81,0.87,0.76,0.8,32510
2016-12-22,0.8,0.84,0.8,0.84,234
2016-12-23,0.83,0.83,0.81,0.83,2392
2016-12-27,0.87,0.87,0.82,0.87,5660
2016-12-28,0.8,0.8,0.79,0.79,18435
2016-12-29,0.79,0.79,0.78,0.78,22292
2016-12-30,0.76,0.76,0.72,0.72,69398
2017-01-03,0.72,0.75,0.66,0.66,35309
2017-01-04,0.67,0.76,0.65,0.76,2901
2017-01-05,0.72,0.72,0.64,0.66,38905
2017-01-06,0.67,0.76,0.67,0.75,33287
2017-01-09,0.75,0.77,0.69,0.75,23122
2017-01-10,0.75,0.75,0.7,0.72,2837
2017-01-11,0.7,0.77,0.7,0.77,2239
2017-01-12,0.71,0.77,0.71,0.77,544
2017-01-13,0.71,0.75,0.7,0.72,5311
2017-01-17,0.7,0.72,0.67,0.72,1302
2017-01-18,0.72,0.77,0.72,0.74,8143
2017-01-19,0.8,0.87,0.72,0.86,24695
2017-01-20,0.75,0.93,0.74,0.75,64764
2017-01-23,0.84,0.84,0.8,0.82,9482
2017-01-24,0.85,0.85,0.77,0.8,13065
2017-01-25,0.8,0.82,0.8,0.8,5656
2017-01-26,0.81,0.81,0.8,0.81,2752
2017-01-27,0.77,0.81,0.77,0.81,5763
2017-01-30,0.8,0.81,0.8,0.81,551
2017-01-31,0.77,0.77,0.74,0.75,7169
2017-02-01,0.74,0.8,0.71,0.76,6324
2017-02-02,0.8,0.8,0.69,0.72,4150
2017-02-03,0.69,0.74,0.69,0.74,14151
2017-02-06,0.72,0.73,0.72,0.73,1007
2017-02-07,0.75,0.78,0.72,0.72,11993
2017-02-08,0.7,0.72,0.7,0.7,23516
2017-02-09,0.76,0.76,0.74,0.75,1396
2017-02-10,0.71,0.81,0.71,0.81,3654
2017-02-13,0.78,0.78,0.7,0.74,10994
2017-02-14,0.8,0.8,0.78,0.78,3783
2017-02-15,0.78,0.78,0.78,0.78,5037
2017-02-16,,,,0.78,0
2017-02-17,,,,0.78,0
2017-02-21,0.74,0.77,0.74,0.77,995
2017-02-22,0.8,0.8,0.74,0.79,1070
2017-02-23,0.79,0.79,0.74,0.74,2276
2017-02-24,0.77,0.77,0.67,0.67,24082
2017-02-27,0.7,0.7,0.68,0.7,4816
2017-02-28,0.69,0.69,0.66,0.68,8600
2017-03-01,0.69,0.73,0.69,0.73,17090
2017-03-02,0.73,0.73,0.72,0.72,1459
2017-03-03,0.75,0.75,0.75,0.75,176
2017-03-06,0.72,0.76,0.71,0.74,29037
2017-03-07,0.72,0.76,0.71,0.76,15483
2017-03-08,0.74,0.74,0.74,0.74,5900
2017-03-09,,,,0.74,0
2017-03-10,0.71,0.76,0.65,0.65,29772
2017-03-13,0.65,0.74,0.65,0.67,26057
2017-03-14,0.75,0.75,0.69,0.69,3006
2017-03-15,0.77,0.77,0.67,0.67,2517
2017-03-16,0.67,0.67,0.6,0.64,22836
2017-03-17,0.63,0.65,0.63,0.63,1139
2017-03-20,0.63,0.63,0.63,0.63,641
2017-03-21,0.63,0.63,0.63,0.63,1601
2017-03-22,0.66,0.68,0.66,0.66,1901
2017-03-23,0.63,0.69,0.63,0.68,4876
2017-03-24,0.66,0.66,0.66,0.66,2481
2017-03-27,0.66,0.7,0.65,0.7,11206
2017-03-28,0.7,0.7,0.65,0.65,11162
2017-03-29,0.65,0.65,0.65,0.65,4215
2017-03-30,0.66,0.7,0.58,0.65,15958
2017-03-31,0.75,0.75,0.68,0.68,21976
2017-04-03,0.65,0.67,0.65,0.65,6155
2017-04-04,0.7,0.7,0.68,0.68,22686
2017-04-05,0.65,0.65,0.65,0.65,1109
2017-04-06,0.65,0.66,0.57,0.62,6692
2017-04-07,0.58,0.6,0.55,0.56,61708
2017-04-10,0.55,0.55,0.54,0.54,49877
2017-04-11,0.55,0.55,0.54,0.54,59267
2017-04-12,0.54,0.55,0.42,0.44,45518
2017-04-13,0.4,0.5,0.35,0.39,137485
2017-04-17,0.49,0.55,0.4,0.51,124003
2017-04-18,0.55,0.62,0.48,0.54,264202
2017-04-19,0.54,0.63,0.51,0.53,50741
2017-04-20,0.52,0.54,0.45,0.48,49074
2017-04-21,0.48,0.48,0.36,0.45,60564
2017-04-24,0.46,0.5,0.29,0.42,61535
2017-04-25,0.39,0.46,0.31,0.44,28263
2017-04-26,0.44,1.5,0.44,1.22,7394629
2017-04-27,1.1,2.18,0.89,1.55,27414407
2017-04-28,1.59,1.93,1.34,1.36,6731869
2017-05-01,1.63,2.87,1.43,2.4,19629629
2017-05-02,2.2,2.36,1.82,2.0,8775913
2017-05-03,2.14,2.55,2.02,2.1,6466551
2017-05-04,2.3,2.34,1.84,1.93,2729594
2017-05-05,1.88,1.99,1.66,1.77,1068047
2017-05-08,1.75,1.93,1.7,1.78,1033600
2017-05-09,1.9,2.14,1.83,1.96,2639535
2017-05-10,2.6,3.84,2.38,2.41,19701336
2017-05-11,2.32,2.64,2.06,2.18,4587851
2017-05-12,2.27,2.28,2.02,2.06,849984
2017-05-15,2.13,2.24,1.9,1.97,1055427
2017-05-16,2.09,2.14,1.93,2.04,650789
2017-05-17,2.07,2.1,1.9,1.92,1123979
2017-05-18,1.88,1.9,1.7,1.88,627580
2017-05-19,1.83,1.95,1.81,1.9,454954
2017-05-22,2.1,2.48,2.0,2.07,6465284
2017-05-23,2.05,2.1,1.92,2.09,756078
2017-05-24,2.07,2.09,1.94,2.02,361331
2017-05-25,2.0,2.0,1.86,1.91,634606
2017-05-26,1.92,1.95,1.87,1.92,249514
2017-05-30,1.89,2.13,1.89,2.07,1044036
2017-05-31,2.05,2.05,1.93,1.99,325609
2017-06-01,1.98,2.05,1.9,1.93,241201
2017-06-02,1.94,1.97,1.87,1.89,273775
2017-06-05,1.81,1.86,1.8,1.83,333335
2017-06-06,1.91,1.91,1.72,1.76,348678
2017-06-07,1.8,1.8,1.65,1.67,308882
2017-06-08,1.65,1.67,1.44,1.61,596900
2017-06-09,1.71,1.71,1.53,1.63,269158
2017-06-12,1.62,1.62,1.5,1.56,190475
2017-06-13,1.56,1.57,1.51,1.54,140891
2017-06-14,1.89,2.13,1.76,1.8,10791207
2017-06-15,1.83,1.9,1.68,1.76,1009064
2017-06-16,1.74,1.79,1.59,1.66,432687
2017-06-19,1.67,1.68,1.58,1.59,320573
2017-06-20,1.58,1.59,1.52,1.52,374376
2017-06-21,1.57,1.57,1.41,1.48,436537
2017-06-22,1.48,1.55,1.42,1.53,218635
2017-06-23,1.52,1.57,1.48,1.54,162588
2017-06-26,1.53,1.6,1.49,1.52,123010
2017-06-27,1.51,1.54,1.45,1.49,204284
2017-06-28,1.49,1.55,1.44,1.53,346214
2017-06-29,1.51,1.52,1.44,1.45,189995
2017-06-30,1.44,1.47,1.36,1.42,317671
2017-07-03,1.37,1.4,1.22,1.31,199733
2017-07-05,1.58,1.58,1.39,1.43,892509
2017-07-06,1.52,1.54,1.32,1.41,581567
2017-07-07,1.43,1.43,1.35,1.38,229488
2017-07-10,1.42,1.42,1.29,1.33,258101
2017-07-11,1.31,1.31,1.24,1.24,282565
2017-07-12,1.23,1.26,1.18,1.25,159532
2017-07-13,1.24,1.34,1.23,1.31,149608
2017-07-14,1.36,1.36,1.23,1.23,173825
2017-07-17,1.3,1.32,1.24,1.26,135675
2017-07-18,1.3,1.35,1.22,1.24,137726
2017-07-19,1.22,1.25,1.08,1.18,236281
2017-07-20,1.17,1.27,1.1,1.21,234383
2017-07-21,1.26,1.26,1.16,1.2,85973
2017-07-24,1.2,1.25,1.16,1.17,94795
2017-07-25,1.17,1.22,1.17,1.22,165794
2017-07-26,1.28,1.3,1.16,1.23,401046
2017-07-27,1.28,1.32,1.2,1.28,377097
2017-07-28,1.26,1.3,1.22,1.29,166544
2017-07-31,1.26,1.3,1.24,1.29,118762
2017-08-01,1.3,1.62,1.27,1.6,1079526
